
SNPARM = PRES;TMPC;TMWC;DWPC;THTE;DRCT;SKNT;OMEG;CFRL;HGHT 
STNPRM = SHOW;LIFT;SWET;KINX;LCLP;PWAT;TOTL;CAPE;LCLT;CINS;EQLV;LFCT;BRCH 

STID = KDAL STNM = 722583 TIME = 191021/0000 
SLAT = 32.84 SLON = -96.85 SELV = 138.0
STIM = 0

SHOW = -3.15 LIFT = -7.57 SWET = 439.42 KINX = 34.66
LCLP = 877.75 PWAT = 35.07 TOTL = 52.59 CAPE = 2307.21
LCLT = 291.86 CINS = -51.91 EQLV = 207.97 LFCT = 765.47
BRCH = 24.62

PRES TMPC TMWC DWPC THTE DRCT SKNT OMEG
CFRL HGHT
985.70 28.54 22.88 20.58 349.81 144.87 6.41 0.00
0.00 148.85
982.70 28.44 22.83 20.55 350.06 148.47 10.02 0.00
0.00 176.01
977.30 28.04 22.68 20.50 350.27 150.14 12.10 0.10
0.00 225.08
967.90 27.34 22.41 20.40 350.59 153.76 15.38 0.10
0.00 311.00
954.10 26.54 22.01 20.15 351.05 159.72 19.06 0.10
0.00 438.33
936.30 25.24 21.24 19.57 350.60 164.74 22.14 0.10
0.00 604.73
915.10 23.34 20.08 18.66 349.06 171.38 25.93 0.10
0.00 805.96
892.00 21.44 19.01 17.91 348.39 177.35 29.37 0.10
0.00 1029.10
867.00 19.04 17.86 17.29 347.88 184.29 31.16 0.10
58.00 1275.37
839.20 18.54 12.86 9.31 333.70 199.57 27.84 -0.10
0.00 1555.82
808.60 17.64 8.23 -0.36 323.67 212.11 23.39 -0.20
0.00 1873.77
775.20 14.84 5.86 -3.44 322.06 215.54 25.06 -0.30
0.00 2232.01
739.00 11.44 4.64 -2.09 324.51 222.71 27.49 -0.30
0.00 2633.78
699.80 7.34 3.57 0.15 328.18 231.28 30.13 -0.30
0.00 3085.91
657.70 3.64 0.36 -3.07 326.92 230.47 36.01 -0.30
0.00 3593.53
612.80 0.14 -4.64 -11.97 322.70 228.66 40.87 -0.30
0.00 4164.04
565.60 -3.96 -9.02 -19.98 321.64 232.84 46.31 -0.20
0.00 4801.17
519.70 -8.66 -13.06 -25.37 322.26 234.56 52.93 -0.10
0.00 5462.70
478.30 -13.06 -16.91 -31.09 323.33 231.70 57.67 -0.10
0.00 6100.35
441.30 -17.36 -20.66 -36.84 324.56 231.17 60.10 -0.10
0.00 6708.42
407.90 -21.96 -24.50 -39.99 325.68 231.23 62.04 -0.10
0.00 7292.52
377.60 -26.26 -28.21 -42.92 327.02 232.53 67.06 -0.20
0.00 7855.28
350.30 -30.06 -31.46 -43.22 329.00 234.63 75.50 -0.20
0.00 8393.52
325.70 -32.96 -34.19 -47.04 331.64 232.72 85.94 -0.20
0.00 8908.60
303.40 -34.96 -36.29 -58.01 335.13 229.07 98.74 -0.20
0.00 9405.21
283.40 -37.36 -38.53 -62.52 338.19 228.81 107.38 -0.20
0.00 9878.27
265.40 -39.76 -40.74 -63.02 341.08 230.83 113.50 -0.10
0.00 10328.89
248.60 -42.16 -42.98 -63.51 343.94 232.60 118.34 -0.10
0.00 10773.34
233.50 -44.66 -45.35 -66.97 346.32 233.79 121.33 -0.10
0.00 11194.75
219.50 -47.26 -47.81 -67.42 348.48 234.61 123.43 -0.10
0.00 11605.93
205.60 -50.46 -50.89 -72.72 349.98 235.47 124.73 -0.10
0.00 12035.43
191.70 -53.76 -54.07 -73.19 351.76 237.04 123.17 -0.10
0.00 12488.35
177.70 -56.66 -56.89 -73.70 354.71 238.95 113.36 0.00
0.00 12972.14
163.80 -59.56 -59.73 -74.24 358.20 241.24 102.16 0.00
0.00 13484.83
149.80 -62.66 -9999.00 -9999.00 -9999.00 244.02 94.00 0.00
0.00 14039.37
135.90 -65.56 -9999.00 -9999.00 -9999.00 244.46 82.89 -0.10
0.00 14635.24
121.90 -68.36 -9999.00 -9999.00 -9999.00 240.45 71.68 0.00
0.00 15291.41
107.90 -70.96 -9999.00 -9999.00 -9999.00 236.08 65.77 0.00
0.00 16018.07
94.00 -70.86 -9999.00 -9999.00 -9999.00 241.85 59.71 0.00
0.00 16834.48
81.00 -67.46 -9999.00 -9999.00 -9999.00 250.97 47.67 0.00
0.00 17723.25
70.60 -64.86 -9999.00 -9999.00 -9999.00 236.90 31.29 0.00
0.00 18555.85
62.20 -64.66 -9999.00 -9999.00 -9999.00 227.34 23.50 0.00
0.00 19328.55
54.30 -63.06 -9999.00 -9999.00 -9999.00 219.17 13.54 0.00
0.00 20160.68
46.90 -59.16 -9999.00 -9999.00 -9999.00 198.43 11.05 0.00
0.00 21070.01
40.10 -56.56 -9999.00 -9999.00 -9999.00 178.09 5.83 0.00
0.00 22057.13
33.80 -55.36 -9999.00 -9999.00 -9999.00 104.04 7.21 0.00
0.00 23143.72
27.80 -52.86 -9999.00 -9999.00 -9999.00 94.09 10.90 0.00
0.00 24396.71
22.30 -49.56 -9999.00 -9999.00 -9999.00 95.19 8.59 0.00
0.00 25828.86
17.10 -47.26 -9999.00 -9999.00 -9999.00 70.71 4.12 0.00
0.00 27575.49
12.30 -46.56 -9999.00 -9999.00 -9999.00 192.53 1.79 0.00
0.00 29757.42

STID = KDAL STNM = 722583 TIME = 191021/0100 
SLAT = 32.84 SLON = -96.85 SELV = 138.0
STIM = 1

SHOW = -2.85 LIFT = -8.03 SWET = 451.54 KINX = 36.70
LCLP = 899.16 PWAT = 38.85 TOTL = 53.30 CAPE = 2252.23
LCLT = 292.60 CINS = -86.89 EQLV = 227.39 LFCT = 761.94
BRCH = 21.25

PRES TMPC TMWC DWPC THTE DRCT SKNT OMEG
CFRL HGHT
985.80 27.24 22.76 20.94 349.29 143.97 7.93 0.00
0.00 148.80
982.80 27.34 22.73 20.85 349.61 146.51 15.13 0.00
0.00 175.86
977.40 27.14 22.59 20.73 349.84 147.86 17.89 0.00
0.00 224.77
968.00 27.24 22.36 20.36 350.33 152.41 24.32 0.00
0.00 310.54
954.20 26.84 21.84 19.77 350.28 157.90 27.87 -0.10
0.00 437.89
936.40 25.44 20.97 19.06 349.34 164.00 30.30 -0.10
0.00 604.36
915.30 23.84 19.83 18.05 347.92 172.47 34.09 -0.20
0.00 804.78
892.20 22.14 18.56 16.91 346.48 180.28 39.24 -0.30
0.00 1028.23
867.30 20.34 16.68 14.86 343.10 185.84 41.98 -0.50
0.00 1274.06
839.50 19.04 12.39 8.03 332.04 194.26 36.29 -0.60
0.00 1555.04
808.90 17.74 8.42 0.06 324.18 200.22 27.53 -0.80
0.00 1873.14
775.50 14.84 7.11 0.21 325.63 207.49 26.94 -0.90
0.00 2231.46
739.20 11.44 6.78 3.10 330.67 217.18 28.28 -1.00
0.00 2634.59
700.00 7.74 4.95 2.70 332.02 226.66 33.12 -1.10
0.00 3087.35
657.90 4.04 1.95 0.06 331.07 235.92 39.16 -1.30
0.00 3595.90
612.90 -0.36 -2.14 -4.10 328.68 237.74 41.12 -1.30
0.00 4168.02
565.60 -5.06 -7.37 -10.86 325.35 236.31 42.02 -1.10
0.00 4805.27
519.60 -9.66 -12.55 -18.90 323.44 235.24 46.35 -0.70
0.00 5466.16
478.30 -13.76 -16.67 -25.38 323.90 234.49 52.51 -0.20
1.00 6100.48
441.20 -18.46 -20.23 -26.06 325.52 234.78 56.59 0.20
9.00 6708.35
407.80 -22.86 -23.81 -27.34 327.04 235.70 60.66 0.40
48.00 7290.52
377.50 -26.86 -28.00 -34.07 327.49 238.61 67.13 0.60
42.00 7851.90
350.20 -30.66 -31.80 -40.51 328.52 239.74 72.86 0.70
25.00 8389.05
325.60 -33.36 -34.58 -48.16 331.04 236.35 81.68 0.70
26.00 8903.22
303.40 -34.96 -36.29 -58.01 335.13 231.90 92.56 0.60
18.00 9397.26
283.40 -36.56 -37.82 -62.52 339.34 232.25 103.44 0.50
4.00 9871.13
265.40 -38.46 -39.60 -66.04 342.94 234.14 112.41 0.50
0.00 10323.76
248.60 -40.96 -41.91 -66.52 345.68 234.97 117.42 0.30
0.00 10770.60
233.50 -43.66 -44.43 -66.97 347.84 235.08 120.12 0.20
0.00 11194.02
219.50 -46.56 -47.18 -72.27 349.51 234.99 121.89 0.10
0.00 11606.74
205.60 -49.76 -50.22 -72.72 351.08 235.44 121.23 0.00
0.00 12037.59
191.70 -52.96 -53.30 -73.19 353.04 236.98 115.13 -0.10
0.00 12492.04
177.70 -56.06 -56.31 -73.70 355.69 239.25 106.00 -0.10
0.00 12977.38
163.80 -59.36 -59.53 -74.24 358.54 241.84 99.59 -0.20
0.00 13491.03
149.80 -62.46 -9999.00 -9999.00 -9999.00 244.25 92.09 -0.30
0.00 14046.09
135.90 -65.26 -9999.00 -9999.00 -9999.00 244.67 80.38 -0.30
0.00 14642.67
121.90 -67.96 -9999.00 -9999.00 -9999.00 240.84 68.96 -0.30
0.00 15299.95
108.00 -70.76 -9999.00 -9999.00 -9999.00 237.00 62.76 -0.20
0.00 16022.16
94.00 -71.66 -9999.00 -9999.00 -9999.00 243.35 56.72 -0.10
0.00 16842.83
81.00 -69.56 -9999.00 -9999.00 -9999.00 252.25 46.50 0.00
0.00 17725.28
70.60 -65.36 -9999.00 -9999.00 -9999.00 239.36 35.45 0.00
0.00 18552.66
62.20 -65.16 -9999.00 -9999.00 -9999.00 222.68 23.78 0.00
0.00 19323.51
54.30 -62.06 -9999.00 -9999.00 -9999.00 221.26 14.72 0.00
0.00 20156.63
46.90 -58.56 -9999.00 -9999.00 -9999.00 183.24 10.31 0.00
0.00 21069.38
40.10 -55.96 -9999.00 -9999.00 -9999.00 139.40 3.57 0.00
0.00 22059.26
33.80 -54.86 -9999.00 -9999.00 -9999.00 78.69 5.94 0.00
0.00 23148.60
27.80 -53.36 -9999.00 -9999.00 -9999.00 82.57 9.01 0.00
0.00 24401.59
22.30 -50.26 -9999.00 -9999.00 -9999.00 88.90 10.10 0.00
0.00 25829.87
17.10 -47.96 -9999.00 -9999.00 -9999.00 86.91 7.21 0.00
0.00 27571.06
12.30 -46.66 -9999.00 -9999.00 -9999.00 188.75 2.56 0.00
0.00 29749.13

STID = KDAL STNM = 722583 TIME = 191021/0200 
SLAT = 32.84 SLON = -96.85 SELV = 138.0
STIM = 2

SHOW = -4.88 LIFT = -7.28 SWET = 543.86 KINX = 40.51
LCLP = 901.08 PWAT = 39.00 TOTL = 55.14 CAPE = 2133.39
LCLT = 292.48 CINS = -87.44 EQLV = 235.04 LFCT = 765.14
BRCH = 19.85

PRES TMPC TMWC DWPC THTE DRCT SKNT OMEG
CFRL HGHT
985.80 26.94 22.58 20.79 348.48 147.03 8.57 0.00
0.00 148.79
982.80 27.14 22.58 20.70 348.92 149.28 15.60 0.00
0.00 175.82
977.30 27.04 22.45 20.56 349.23 150.18 18.36 0.00
0.00 225.61
968.00 27.34 22.22 20.11 349.71 154.96 26.17 0.00
0.00 310.46
954.20 27.04 21.63 19.35 349.31 158.40 30.09 0.00
0.00 437.85
936.40 25.84 20.76 18.56 348.42 164.15 32.71 -0.10
0.00 604.45
915.30 24.34 19.68 17.59 347.28 173.69 35.37 -0.30
0.00 805.12
892.20 22.74 18.58 16.66 346.55 183.12 39.30 -0.60
0.00 1028.94
867.30 20.84 17.33 15.65 345.67 187.48 43.30 -0.80
0.00 1275.26
839.50 18.64 14.55 12.31 339.65 189.95 44.97 -0.80
0.00 1556.57
808.80 16.94 10.69 6.32 331.32 197.57 36.67 -0.80
0.00 1875.59
775.30 14.44 8.90 4.81 331.11 211.90 32.71 -1.00
0.00 2234.80
739.00 11.14 7.69 5.19 333.47 220.97 33.18 -1.00
0.00 2637.92
699.70 7.54 5.52 3.97 333.74 227.35 30.11 -0.70
0.00 3091.81
657.60 3.24 2.15 1.18 331.66 235.35 29.04 -0.40
6.00 3599.85
612.60 -0.86 -3.76 -7.49 324.86 241.93 36.32 -0.30
13.00 4170.79
565.30 -4.76 -9.44 -19.58 320.89 237.69 42.52 -0.40
0.00 4807.64
519.50 -8.96 -14.30 -36.98 319.74 236.56 48.64 -0.30
0.00 5466.56
478.20 -13.46 -18.17 -54.30 320.84 238.57 53.26 -0.10
0.00 6101.78
441.20 -18.26 -21.80 -47.45 322.51 239.24 56.97 0.20
0.00 6708.30
407.80 -22.66 -25.35 -46.77 324.23 237.63 60.96 0.40
0.00 7290.62
377.50 -26.76 -28.78 -46.84 326.08 238.10 67.27 0.60
0.00 7852.13
350.20 -30.66 -32.10 -45.87 327.99 240.31 73.35 0.80
0.00 8389.29
325.60 -33.46 -34.65 -47.59 330.94 238.84 79.22 0.80
0.00 8903.34
303.40 -35.06 -36.31 -54.17 335.11 235.09 88.60 0.80
0.00 9397.18
283.40 -36.66 -37.91 -62.52 339.19 235.04 99.32 0.70
0.00 9870.85
265.40 -38.66 -39.78 -66.04 342.65 236.20 108.24 0.60
0.00 10323.19
248.60 -41.06 -42.00 -66.52 345.53 235.96 114.16 0.50
0.00 10769.75
233.50 -43.66 -44.43 -66.97 347.84 235.27 118.65 0.30
0.00 11193.07
219.50 -46.56 -47.18 -72.27 349.51 235.31 120.47 0.20
0.00 11605.80
205.60 -49.76 -50.22 -72.72 351.08 236.10 117.72 0.00
0.00 12036.64
191.70 -52.86 -53.20 -73.19 353.20 237.36 109.11 -0.10
0.00 12491.20
177.70 -56.16 -56.41 -73.70 355.53 239.07 100.54 -0.20
0.00 12976.53
163.80 -59.66 -59.83 -74.24 358.03 241.47 96.41 -0.30
0.00 13489.71
149.80 -62.96 -9999.00 -9999.00 -9999.00 244.59 90.54 -0.40
0.00 14043.72
135.90 -65.76 -9999.00 -9999.00 -9999.00 245.12 79.88 -0.40
0.00 14638.88
121.90 -68.06 -9999.00 -9999.00 -9999.00 239.91 67.79 -0.30
0.00 15295.21
108.00 -70.76 -9999.00 -9999.00 -9999.00 235.26 61.69 -0.20
0.00 16017.24
94.00 -71.96 -9999.00 -9999.00 -9999.00 242.91 57.17 0.00
0.00 16837.30
81.00 -69.86 -9999.00 -9999.00 -9999.00 256.55 45.94 0.10
0.00 17718.44
70.60 -66.76 -9999.00 -9999.00 -9999.00 246.60 36.19 0.10
0.00 18542.40
62.20 -64.16 -9999.00 -9999.00 -9999.00 224.72 28.17 0.10
0.00 19312.50
54.30 -60.86 -9999.00 -9999.00 -9999.00 202.09 14.47 0.00
0.00 20150.00
46.90 -57.86 -9999.00 -9999.00 -9999.00 177.23 12.06 0.00
0.00 21066.83
40.10 -55.06 -9999.00 -9999.00 -9999.00 303.69 0.70 0.00
0.00 22060.38
33.80 -55.46 -9999.00 -9999.00 -9999.00 45.00 7.42 0.00
0.00 23150.47
27.80 -54.56 -9999.00 -9999.00 -9999.00 77.47 10.74 0.00
0.00 24398.30
22.30 -51.36 -9999.00 -9999.00 -9999.00 99.31 12.00 0.00
0.00 25819.16
17.10 -47.66 -9999.00 -9999.00 -9999.00 91.85 6.02 0.00
0.00 27557.24
12.30 -46.26 -9999.00 -9999.00 -9999.00 332.59 5.91 0.00
0.00 29738.69

STID = KDAL STNM = 722583 TIME = 191021/0300 
SLAT = 32.84 SLON = -96.85 SELV = 138.0
STIM = 3

SHOW = -6.96 LIFT = -7.63 SWET = 604.26 KINX = 40.36
LCLP = 904.31 PWAT = 40.56 TOTL = 56.58 CAPE = 2195.27
LCLT = 292.54 CINS = -75.31 EQLV = 228.28 LFCT = 759.71
BRCH = 16.97

PRES TMPC TMWC DWPC THTE DRCT SKNT OMEG
CFRL HGHT
985.20 26.64 22.49 20.78 348.18 149.66 9.23 0.00
0.00 149.68
982.20 26.64 22.44 20.71 348.43 150.75 16.71 0.00
0.00 176.70
976.80 26.44 22.31 20.60 348.70 151.39 19.46 -0.10
0.00 225.52
967.40 26.54 22.16 20.35 349.54 155.75 27.91 -0.20
0.00 311.14
953.60 26.54 21.87 19.94 350.51 161.17 35.51 -0.40
0.00 438.36
935.90 25.84 21.33 19.44 351.01 168.97 39.59 -0.60
0.00 604.05
914.80 24.34 20.44 18.77 350.65 177.58 41.41 -0.80
0.00 804.94
891.70 22.44 19.44 18.12 350.27 182.89 42.40 -0.90
0.00 1028.94
866.80 20.34 18.35 17.44 349.94 185.36 41.55 -0.90
0.00 1275.28
838.80 17.74 16.49 15.87 347.20 190.45 40.70 -0.80
2.00 1558.51
808.10 16.74 12.17 9.37 336.40 206.02 36.75 -0.70
0.00 1877.63
774.70 14.84 9.87 6.48 334.28 221.55 31.92 -0.40
0.00 2236.47
738.40 11.54 7.45 4.40 332.81 234.73 29.27 0.00
0.00 2640.53
699.20 7.44 4.43 1.90 330.66 245.79 27.47 0.40
0.00 3093.66
657.20 2.84 0.92 -0.93 328.49 251.09 29.37 0.70
0.00 3600.09
612.30 -0.86 -4.26 -8.91 323.75 251.82 41.10 0.50
0.00 4169.44
565.10 -3.76 -9.83 -26.50 319.92 242.91 47.79 -0.10
0.00 4806.18
519.30 -8.26 -14.32 -60.99 319.52 237.88 51.15 -0.30
0.00 5467.26
478.10 -13.46 -18.11 -50.31 320.97 237.44 54.86 -0.20
0.00 6101.92
441.10 -18.26 -21.57 -41.06 322.98 237.13 60.14 0.10
0.00 6708.61
407.70 -22.36 -24.95 -42.62 324.95 235.62 67.07 0.30
0.00 7291.45
377.50 -26.36 -28.35 -44.22 326.80 236.10 72.79 0.40
0.00 7851.98
350.20 -30.46 -31.82 -43.62 328.45 237.12 75.85 0.40
0.00 8389.82
325.60 -33.06 -34.28 -47.04 331.53 236.08 80.05 0.40
0.00 8904.52
303.40 -34.66 -36.01 -56.54 335.59 235.49 86.75 0.30
0.00 9399.18
283.40 -37.06 -38.26 -62.52 338.62 236.28 94.11 0.30
0.00 9872.85
265.40 -39.16 -40.20 -63.02 341.96 237.65 103.48 0.20
0.00 10324.33
248.60 -40.96 -41.91 -66.52 345.68 236.83 111.85 0.20
0.00 10770.50
233.50 -43.46 -44.27 -71.85 348.09 234.59 118.69 0.10
0.00 11194.10
219.50 -46.66 -47.27 -72.27 349.36 234.38 121.39 0.10
0.00 11606.91
205.60 -49.96 -50.41 -72.72 350.77 235.18 117.37 0.10
0.00 12037.47
191.70 -53.06 -53.40 -73.19 352.88 236.20 107.54 0.00
0.00 12491.62
177.70 -56.16 -56.41 -73.70 355.53 236.97 98.70 0.00
0.00 12976.73
163.80 -59.46 -59.63 -74.24 358.37 239.74 94.44 -0.10
0.00 13490.14
149.80 -62.66 -9999.00 -9999.00 -9999.00 244.01 87.32 -0.20
0.00 14044.81
135.90 -65.56 -9999.00 -9999.00 -9999.00 246.35 76.98 -0.30
0.00 14640.68
121.90 -67.96 -9999.00 -9999.00 -9999.00 243.51 67.06 -0.30
0.00 15297.49
108.00 -70.76 -9999.00 -9999.00 -9999.00 240.26 62.65 -0.10
0.00 16019.69
94.00 -71.76 -9999.00 -9999.00 -9999.00 248.41 59.13 0.00
0.00 16840.16
81.00 -69.36 -9999.00 -9999.00 -9999.00 261.54 47.53 0.10
0.00 17722.83
70.60 -66.36 -9999.00 -9999.00 -9999.00 238.98 31.27 0.10
0.00 18548.60
62.20 -63.96 -9999.00 -9999.00 -9999.00 213.79 29.68 0.00
0.00 19319.82
54.30 -60.36 -9999.00 -9999.00 -9999.00 191.98 13.11 0.00
0.00 20158.70
46.90 -56.96 -9999.00 -9999.00 -9999.00 189.21 7.28 0.00
0.00 21078.53
40.10 -55.86 -9999.00 -9999.00 -9999.00 46.85 4.25 0.00
0.00 22072.31
33.80 -56.86 -9999.00 -9999.00 -9999.00 70.28 10.94 0.00
0.00 23156.90
27.80 -53.66 -9999.00 -9999.00 -9999.00 90.99 11.27 0.00
0.00 24403.30
22.30 -50.96 -9999.00 -9999.00 -9999.00 108.70 13.33 0.00
0.00 25828.35
17.10 -47.46 -9999.00 -9999.00 -9999.00 92.54 8.74 0.00
0.00 27568.77
12.30 -45.76 -9999.00 -9999.00 -9999.00 330.59 12.26 0.00
0.00 29753.59

STID = KDAL STNM = 722583 TIME = 191021/0400 
SLAT = 32.84 SLON = -96.85 SELV = 138.0
STIM = 4

SHOW = -2.85 LIFT = -7.54 SWET = 439.01 KINX = 38.22
LCLP = 903.50 PWAT = 40.96 TOTL = 52.14 CAPE = 2437.01
LCLT = 293.01 CINS = -98.51 EQLV = 202.18 LFCT = 760.29
BRCH = 20.62

PRES TMPC TMWC DWPC THTE DRCT SKNT OMEG
CFRL HGHT
984.50 27.14 22.95 21.26 350.34 174.52 14.24 0.00
0.00 148.81
981.50 27.14 22.91 21.21 350.66 174.85 23.80 0.00
0.00 175.90
976.10 26.84 22.77 21.13 350.90 175.27 28.26 -0.10
0.00 224.85
966.70 26.24 22.52 21.01 351.29 176.31 36.21 -0.20
0.00 310.57
952.90 25.34 22.14 20.84 351.88 177.68 43.16 -0.40
0.00 437.63
935.20 24.14 21.65 20.63 352.65 179.30 47.98 -0.60
0.00 602.75
914.10 23.04 21.00 20.14 353.29 181.78 49.94 -0.70
0.00 802.93
891.00 21.84 19.95 19.13 352.63 187.21 46.41 -0.70
0.00 1026.54
865.90 20.44 17.52 16.14 346.67 197.58 45.03 -0.90
11.00 1274.86
838.20 19.94 13.37 9.34 335.54 207.17 41.26 -1.00
0.00 1555.91
807.70 18.34 11.39 6.71 333.73 215.94 35.74 -0.80
0.00 1874.62
774.30 15.34 9.69 5.73 333.72 224.51 31.88 -0.50
0.00 2234.73
738.00 11.74 7.72 4.77 333.68 236.82 30.17 -0.20
0.00 2639.47
698.90 7.54 5.31 3.56 333.24 248.13 30.77 0.10
0.00 3092.04
656.90 2.24 1.95 1.66 331.24 256.21 32.60 0.40
2.00 3598.53
612.00 -1.86 -3.36 -5.13 325.94 256.39 44.56 0.60
0.00 4166.87
564.80 -3.36 -9.21 -23.42 321.29 245.45 54.23 0.20
0.00 4803.49
519.10 -7.46 -13.46 -40.33 321.29 230.94 55.79 -0.40
0.00 5465.00
477.90 -12.76 -17.44 -43.01 322.26 232.65 60.84 -0.50
0.00 6101.79
441.00 -17.66 -21.07 -39.93 323.88 237.28 66.49 -0.30
0.00 6708.59
407.70 -21.96 -24.51 -40.00 325.73 237.44 70.75 -0.10
0.00 7290.91
377.40 -26.06 -27.99 -41.77 327.45 235.94 74.57 0.00
0.00 7854.19
350.20 -29.56 -31.00 -42.48 329.78 236.23 77.58 0.00
0.00 8391.46
325.60 -32.16 -33.53 -47.59 332.74 240.57 79.86 -0.10
0.00 8908.08
303.40 -34.56 -35.90 -55.28 335.77 241.54 81.53 -0.10
0.00 9403.78
283.40 -37.46 -38.57 -58.55 338.13 237.65 82.77 0.10
0.00 9877.15
265.40 -40.36 -41.26 -60.82 340.25 236.74 93.86 0.30
0.00 10327.10
248.60 -41.86 -42.73 -66.52 344.34 236.95 106.14 0.50
0.00 10771.26
233.50 -43.76 -44.54 -71.85 347.64 234.76 115.81 0.60
0.00 11193.76
219.50 -46.96 -47.55 -72.27 348.90 234.53 121.17 0.60
0.00 11606.03
205.60 -50.26 -50.70 -72.72 350.29 235.95 118.63 0.60
0.00 12036.01
191.70 -53.16 -53.49 -73.19 352.72 237.01 109.54 0.60
0.00 12489.75
177.70 -56.06 -56.31 -73.70 355.69 237.36 100.12 0.50
0.00 12974.87
163.80 -59.26 -59.44 -74.24 358.70 240.14 93.63 0.30
0.00 13488.64
149.80 -62.36 -62.48 -74.84 362.64 244.55 84.54 0.20
0.00 14043.96
135.80 -65.16 -65.25 -75.48 368.00 248.17 73.66 0.00
0.00 14645.34
121.90 -67.86 -9999.00 -9999.00 -9999.00 247.35 63.56 -0.10
0.00 15298.49
107.90 -70.96 -9999.00 -9999.00 -9999.00 245.65 58.43 -0.10
0.00 16026.05
94.00 -72.96 -9999.00 -9999.00 -9999.00 252.82 55.91 0.00
0.00 16838.22
81.00 -70.26 -9999.00 -9999.00 -9999.00 258.51 47.77 0.00
0.00 17716.31
70.60 -64.66 -9999.00 -9999.00 -9999.00 217.26 28.55 0.00
0.00 18543.69
62.20 -64.46 -9999.00 -9999.00 -9999.00 213.58 29.14 0.00
0.00 19317.13
54.30 -58.36 -9999.00 -9999.00 -9999.00 199.59 12.16 0.00
0.00 20159.00
46.90 -57.66 -9999.00 -9999.00 -9999.00 203.96 3.83 -0.10
0.00 21081.62
40.10 -58.36 -9999.00 -9999.00 -9999.00 29.98 5.83 -0.10
0.00 22068.06
33.80 -56.76 -9999.00 -9999.00 -9999.00 96.79 8.22 0.00
0.00 23146.64
27.80 -52.66 -9999.00 -9999.00 -9999.00 108.21 15.54 0.00
0.00 24396.20
22.30 -51.66 -9999.00 -9999.00 -9999.00 97.35 12.14 0.00
0.00 25822.21
17.10 -48.96 -9999.00 -9999.00 -9999.00 72.76 5.91 0.00
0.00 27554.08
12.30 -47.06 -9999.00 -9999.00 -9999.00 325.01 9.48 0.00
0.00 29725.40

STID = KDAL STNM = 722583 TIME = 191021/0500 
SLAT = 32.84 SLON = -96.85 SELV = 138.0
STIM = 5

SHOW = -6.06 LIFT = -8.13 SWET = 547.61 KINX = 41.67
LCLP = 930.11 PWAT = 44.14 TOTL = 55.57 CAPE = 2514.73
LCLT = 294.39 CINS = -60.35 EQLV = 194.10 LFCT = 771.75
BRCH = 27.11

PRES TMPC TMWC DWPC THTE DRCT SKNT OMEG
CFRL HGHT
985.40 26.14 23.31 22.19 351.90 186.77 11.54 0.00
0.00 149.67
982.40 26.14 23.26 22.11 352.12 187.98 20.98 0.00
0.00 176.66
977.00 25.74 23.08 22.02 352.21 187.51 25.27 -0.10
0.00 225.42
967.60 25.04 22.80 21.89 352.45 187.00 31.90 -0.40
0.00 310.78
953.80 23.84 22.33 21.69 352.57 186.73 38.15 -0.70
0.00 437.21
936.00 22.54 21.82 21.48 353.25 187.82 45.69 -1.10
0.00 602.33
914.80 21.94 21.25 20.93 354.33 191.70 50.78 -1.50
3.00 802.49
891.70 21.54 20.19 19.59 353.55 195.88 49.69 -1.80
1.00 1025.48
866.80 20.34 18.85 18.18 352.09 205.15 49.36 -1.80
2.00 1271.61
838.80 19.04 15.77 14.12 344.36 215.51 49.16 -1.60
0.00 1555.40
808.20 17.54 11.97 8.46 335.67 221.84 44.85 -1.50
0.00 1874.42
774.80 15.04 9.35 5.27 332.58 226.57 40.13 -1.20
0.00 2233.71
738.50 11.64 7.42 4.26 332.70 235.99 38.19 -0.60
0.00 2637.84
699.30 7.44 5.35 3.73 333.31 246.25 37.14 0.20
0.00 3091.10
657.20 2.24 1.40 0.62 329.74 252.90 36.99 0.70
100.00 3598.38
612.30 -2.36 -3.72 -5.37 325.05 253.20 43.01 0.80
100.00 4165.83
565.10 -3.76 -8.60 -18.35 322.65 246.65 49.51 0.90
0.00 4801.16
519.30 -8.06 -12.03 -21.30 324.44 234.80 53.24 0.80
0.00 5462.92
478.10 -12.56 -16.83 -34.07 323.46 231.40 62.88 0.60
0.00 6099.24
441.10 -17.46 -20.76 -37.12 324.44 231.00 65.73 0.40
0.00 6708.03
407.70 -21.86 -24.39 -39.35 325.93 230.58 70.67 0.40
0.00 7292.40
377.50 -25.36 -27.49 -42.92 328.24 232.24 77.39 0.30
0.00 7854.64
350.20 -27.96 -30.06 -52.97 331.24 238.63 79.86 0.20
0.00 8396.30
325.60 -30.46 -32.35 -59.22 334.59 243.31 80.01 0.00
0.00 8916.40
303.40 -33.56 -35.08 -58.01 337.10 241.06 77.47 -0.10
0.00 9414.87
283.40 -37.06 -38.22 -58.55 338.71 236.46 80.87 -0.20
0.00 9889.63
265.40 -39.96 -40.92 -63.02 340.79 235.64 92.25 -0.20
0.00 10340.35
248.60 -41.56 -42.46 -66.52 344.79 236.93 104.31 -0.20
0.00 10785.18
233.50 -43.76 -44.54 -71.85 347.64 236.06 112.39 -0.20
0.00 11207.96
219.60 -47.06 -47.65 -72.27 348.70 236.12 116.74 -0.20
0.00 11617.10
205.60 -50.46 -50.89 -72.72 349.98 237.85 114.26 -0.10
0.00 12049.78
191.70 -53.36 -53.68 -73.19 352.40 239.43 105.81 -0.10
0.00 12503.11
177.70 -56.06 -56.31 -73.70 355.69 240.28 96.41 -0.10
0.00 12988.00
163.80 -59.06 -59.24 -74.24 359.04 242.81 88.01 0.00
0.00 13502.01
149.80 -62.16 -62.29 -74.84 362.99 248.12 77.66 0.00
0.00 14057.86
135.90 -65.16 -65.25 -75.48 367.92 253.49 67.68 -0.10
0.00 14655.01
121.90 -68.36 -9999.00 -9999.00 -9999.00 253.69 59.50 -0.10
0.00 15311.82
108.00 -71.36 -9999.00 -9999.00 -9999.00 247.70 53.75 -0.20
0.00 16032.25
94.00 -74.06 -9999.00 -9999.00 -9999.00 247.60 51.48 -0.10
0.00 16846.83
81.00 -71.26 -9999.00 -9999.00 -9999.00 251.34 46.76 0.00
0.00 17720.35
70.60 -64.26 -9999.00 -9999.00 -9999.00 230.34 29.53 0.00
0.00 18546.52
62.20 -64.86 -9999.00 -9999.00 -9999.00 225.00 26.11 0.00
0.00 19319.96
54.30 -58.46 -9999.00 -9999.00 -9999.00 222.06 10.72 0.00
0.00 20160.84
46.90 -59.86 -9999.00 -9999.00 -9999.00 194.74 3.81 0.00
0.00 21078.53
40.10 -59.06 -9999.00 -9999.00 -9999.00 101.31 3.96 0.00
0.00 22058.32
33.80 -54.96 -9999.00 -9999.00 -9999.00 135.00 12.65 0.00
0.00 23139.65
27.80 -51.46 -9999.00 -9999.00 -9999.00 107.35 13.03 0.00
0.00 24397.79
22.30 -50.46 -9999.00 -9999.00 -9999.00 66.22 12.53 0.00
0.00 25831.55
17.10 -49.96 -9999.00 -9999.00 -9999.00 15.64 10.08 0.00
0.00 27564.19
12.30 -48.36 -9999.00 -9999.00 -9999.00 331.86 9.48 0.00
0.00 29724.42

STID = KDAL STNM = 722583 TIME = 191021/0600 
SLAT = 32.84 SLON = -96.85 SELV = 138.0
STIM = 6

SHOW = -5.68 LIFT = -5.56 SWET = 521.48 KINX = 42.25
LCLP = 975.81 PWAT = 50.17 TOTL = 52.49 CAPE = 2253.74
LCLT = 296.03 CINS = -9.62 EQLV = 196.72 LFCT = 822.29
BRCH = 47.88

PRES TMPC TMWC DWPC THTE DRCT SKNT OMEG
CFRL HGHT
986.90 23.84 23.33 23.07 351.71 227.29 10.31 0.00
0.00 148.68
983.90 23.64 23.19 22.95 351.54 226.44 16.36 0.10
0.00 175.43
978.50 23.34 22.97 22.77 351.45 223.83 20.20 0.10
0.00 223.73
969.00 22.74 22.59 22.47 351.26 220.70 25.62 0.10
0.00 309.23
955.00 22.04 21.92 21.81 350.52 218.16 31.12 0.00
0.00 436.47
937.20 21.44 21.34 21.23 350.86 216.44 35.98 -0.20
99.00 600.56
916.00 20.84 20.70 20.58 351.61 214.45 40.52 -0.60
100.00 799.68
892.90 19.94 19.79 19.67 351.58 212.55 43.32 -1.00
100.00 1021.33
867.80 18.84 18.71 18.60 351.30 208.94 46.17 -1.30
100.00 1267.85
839.90 17.74 17.61 17.50 351.58 208.72 48.50 -1.30
100.00 1549.21
809.00 15.84 15.73 15.63 349.43 217.83 48.45 -0.90
59.00 1870.12
775.80 11.64 11.58 11.50 339.85 231.63 47.57 -0.30
33.00 2224.67
739.10 9.24 7.29 5.87 332.27 241.94 46.66 0.20
29.00 2629.26
699.80 5.94 4.83 3.93 331.72 244.92 43.53 0.20
50.00 3080.32
657.70 1.34 1.10 0.85 328.87 240.97 40.42 0.00
98.00 3585.07
612.80 -2.46 -3.54 -4.84 325.37 233.94 44.21 -0.20
76.00 4151.09
565.50 -4.36 -8.42 -15.92 323.03 231.91 54.80 -0.50
56.00 4786.55
519.60 -6.46 -11.63 -25.14 325.03 231.12 64.37 -0.90
46.00 5450.56
478.30 -10.26 -15.00 -30.92 326.85 232.23 71.99 -1.40
45.00 6092.80
441.30 -14.96 -17.99 -27.51 329.54 236.22 71.97 -1.90
66.00 6707.10
407.90 -18.96 -20.79 -26.60 332.37 244.73 69.17 -2.10
76.00 7297.65
377.60 -22.26 -23.46 -27.54 335.34 247.77 57.50 -1.90
85.00 7868.60
350.30 -25.96 -26.90 -30.83 336.77 242.47 51.69 -1.50
88.00 8415.98
325.70 -30.36 -31.14 -35.56 336.75 239.42 54.60 -1.10
87.00 8938.36
303.50 -34.26 -35.08 -41.87 337.15 239.78 61.36 -0.70
87.00 9436.17
283.50 -38.56 -39.05 -44.09 337.40 235.81 62.24 -0.40
74.00 9908.65
265.40 -41.56 -42.07 -49.39 338.99 235.69 69.62 -0.20
0.00 10358.84
248.70 -44.46 -44.95 -54.84 340.73 236.42 86.03 -0.10
0.00 10796.69
233.50 -45.76 -46.37 -66.97 344.65 236.55 102.19 0.00
0.00 11217.67
219.60 -47.86 -48.40 -72.27 347.46 235.62 111.09 0.00
0.00 11624.29
205.60 -51.16 -51.55 -72.72 348.88 235.59 115.13 0.10
0.00 12055.53
191.70 -54.06 -54.36 -73.19 351.28 236.99 109.11 0.00
0.00 12507.43
177.70 -56.36 -56.60 -73.70 355.20 238.34 98.81 0.00
0.00 12991.21
163.80 -58.96 -59.14 -74.24 359.21 240.92 89.12 -0.10
0.00 13504.98
149.80 -61.96 -9999.00 -9999.00 -9999.00 247.21 77.74 -0.20
0.00 14061.22
135.90 -65.76 -9999.00 -9999.00 -9999.00 253.96 67.50 -0.20
0.00 14657.80
121.90 -69.26 -9999.00 -9999.00 -9999.00 251.44 57.98 -0.20
0.00 15312.22
108.00 -72.06 -9999.00 -9999.00 -9999.00 241.89 51.53 -0.10
0.00 16029.82
94.00 -74.46 -9999.00 -9999.00 -9999.00 238.59 51.44 0.00
0.00 16842.16
81.00 -71.36 -9999.00 -9999.00 -9999.00 244.57 48.39 0.10
0.00 17714.59
70.60 -62.96 -9999.00 -9999.00 -9999.00 238.77 35.22 0.00
0.00 18543.17
62.20 -62.26 -9999.00 -9999.00 -9999.00 221.95 23.25 0.00
0.00 19323.85
54.30 -57.76 -9999.00 -9999.00 -9999.00 249.59 8.92 0.00
0.00 20171.28
46.90 -60.26 -9999.00 -9999.00 -9999.00 187.13 3.13 0.00
0.00 21089.61
40.10 -58.36 -9999.00 -9999.00 -9999.00 135.00 4.66 0.00
0.00 22070.09
33.80 -54.86 -9999.00 -9999.00 -9999.00 133.39 14.70 0.00
0.00 23153.43
27.80 -53.46 -9999.00 -9999.00 -9999.00 94.24 10.51 0.00
0.00 24406.13
22.30 -52.16 -9999.00 -9999.00 -9999.00 61.80 15.21 0.00
0.00 25827.95
17.10 -49.56 -9999.00 -9999.00 -9999.00 42.88 11.13 0.00
0.00 27555.54
12.30 -47.36 -9999.00 -9999.00 -9999.00 349.99 10.06 0.00
0.00 29722.53

STID = KDAL STNM = 722583 TIME = 191021/0700 
SLAT = 32.84 SLON = -96.85 SELV = 138.0
STIM = 7

SHOW = -2.37 LIFT = -3.15 SWET = 346.26 KINX = 39.59
LCLP = 978.65 PWAT = 50.12 TOTL = 48.18 CAPE = 1171.34
LCLT = 294.97 CINS = -0.00 EQLV = 229.94 LFCT = 930.90
BRCH = 21.98

PRES TMPC TMWC DWPC THTE DRCT SKNT OMEG
CFRL HGHT
988.20 22.64 22.21 21.98 346.48 265.31 11.89 0.00
0.00 150.38
985.40 22.34 21.97 21.75 345.84 265.19 20.86 0.10
0.00 175.19
979.80 21.94 21.70 21.54 345.57 264.43 24.01 0.20
0.00 224.95
970.50 21.44 21.25 21.11 345.10 262.28 30.38 0.40
100.00 308.07
956.60 20.74 20.57 20.43 344.39 257.97 36.34 0.60
100.00 433.54
938.80 19.94 19.75 19.61 343.82 252.80 40.05 0.70
100.00 596.42
917.50 19.04 18.88 18.74 343.63 247.72 43.03 0.50
100.00 794.81
894.40 17.94 17.85 17.75 343.25 244.22 44.66 0.10
100.00 1014.42
869.30 16.74 16.61 16.49 342.50 241.93 46.23 -0.80
100.00 1258.51
841.30 15.34 15.23 15.12 341.88 242.48 47.09 -2.10
100.00 1537.88
810.60 13.54 13.46 13.37 340.55 243.12 47.69 -3.40
100.00 1853.17
776.80 11.44 11.35 11.25 338.89 239.83 48.31 -4.60
100.00 2211.73
740.20 9.34 9.28 9.19 338.28 230.34 48.70 -5.80
100.00 2614.81
700.80 6.54 6.47 6.38 336.38 222.43 48.95 -6.50
100.00 3067.38
658.60 3.34 3.31 3.25 334.70 228.97 45.57 -6.10
100.00 3575.38
613.50 -2.26 -2.30 -2.37 328.20 238.39 38.54 -4.90
97.00 4145.85
566.10 -5.16 -8.16 -13.20 323.53 234.39 53.05 -3.90
74.00 4781.51
520.10 -6.76 -10.92 -19.76 326.53 235.19 66.01 -3.60
60.00 5445.15
478.70 -10.26 -12.95 -18.40 331.11 237.24 66.06 -3.30
63.00 6088.35
441.60 -14.16 -16.65 -22.98 332.08 239.67 66.16 -2.90
77.00 6705.12
408.20 -18.06 -19.90 -25.24 333.97 239.81 61.81 -2.20
89.00 7297.32
377.70 -21.96 -22.96 -26.10 336.25 235.91 53.71 -1.60
90.00 7873.17
350.40 -25.86 -26.51 -28.98 337.46 230.62 50.52 -1.20
90.00 8420.88
325.80 -30.06 -30.56 -33.04 337.72 229.51 52.35 -0.80
88.00 8943.59
303.50 -33.96 -34.60 -39.27 337.96 225.40 59.21 -0.30
84.00 9444.23
283.50 -37.56 -38.21 -44.80 338.76 222.07 61.75 0.20
82.00 9918.02
265.50 -41.16 -41.59 -46.98 339.74 225.36 66.06 0.50
78.00 10366.98
248.70 -44.46 -44.86 -51.75 340.90 231.93 83.16 0.30
98.00 10807.76
233.50 -46.86 -47.33 -60.07 343.12 233.43 96.50 -0.20
62.00 11227.73
219.50 -48.76 -49.24 -72.27 346.12 233.19 105.05 -0.50
0.00 11635.57
205.60 -51.86 -52.22 -72.72 347.78 233.91 111.79 -0.60
0.00 12062.30
191.70 -55.16 -55.42 -73.19 349.51 235.45 111.32 -0.50
0.00 12512.35
177.70 -57.86 -58.06 -73.70 352.75 236.79 102.86 -0.40
0.00 12993.25
163.70 -60.46 -60.61 -74.25 356.75 238.16 93.53 -0.20
0.00 13507.26
149.80 -63.16 -63.27 -74.84 361.27 241.54 83.95 -0.10
0.00 14056.20
135.80 -66.46 -9999.00 -9999.00 -9999.00 248.03 71.64 0.10
0.00 14654.56
121.90 -70.06 -9999.00 -9999.00 -9999.00 249.26 62.53 0.20
0.00 15302.18
107.90 -72.26 -9999.00 -9999.00 -9999.00 245.17 57.36 0.20
0.00 16023.48
94.00 -72.86 -9999.00 -9999.00 -9999.00 245.93 53.83 0.20
0.00 16833.23
81.00 -69.86 -9999.00 -9999.00 -9999.00 248.06 46.27 0.10
0.00 17712.41
70.60 -61.86 -9999.00 -9999.00 -9999.00 236.13 34.15 0.00
0.00 18546.22
62.20 -61.66 -9999.00 -9999.00 -9999.00 214.63 22.90 0.00
0.00 19330.05
54.30 -59.66 -9999.00 -9999.00 -9999.00 228.09 10.18 0.00
0.00 20174.90
46.90 -58.96 -9999.00 -9999.00 -9999.00 183.47 6.43 0.00
0.00 21091.95
40.10 -57.46 -9999.00 -9999.00 -9999.00 146.31 7.01 0.00
0.00 22077.47
33.80 -56.96 -9999.00 -9999.00 -9999.00 127.06 11.93 0.00
0.00 23157.80
27.80 -53.86 -9999.00 -9999.00 -9999.00 90.00 9.91 0.00
0.00 24403.35
22.30 -50.66 -9999.00 -9999.00 -9999.00 73.30 16.22 0.00
0.00 25828.73
17.10 -48.46 -9999.00 -9999.00 -9999.00 35.45 14.06 0.00
0.00 27566.42
12.30 -48.56 -9999.00 -9999.00 -9999.00 357.14 7.77 0.00
0.00 29732.92

STID = KDAL STNM = 722583 TIME = 191021/0800 
SLAT = 32.84 SLON = -96.85 SELV = 138.0
STIM = 8

SHOW = 4.97 LIFT = -0.89 SWET = 166.00 KINX = 28.06
LCLP = 932.23 PWAT = 34.57 TOTL = 41.17 CAPE = 259.61
LCLT = 291.64 CINS = -2.58 EQLV = 430.84 LFCT = 899.43
BRCH = 5.57

PRES TMPC TMWC DWPC THTE DRCT SKNT OMEG
CFRL HGHT
987.60 23.34 20.65 19.42 340.01 261.74 12.16 0.00
0.00 150.40
984.70 23.24 20.38 19.05 339.33 263.52 17.21 0.00
0.00 176.14
979.20 22.94 20.02 18.64 338.70 264.96 19.89 -0.20
0.00 225.12
969.80 22.14 19.36 18.02 337.53 268.98 21.76 -0.30
0.00 309.30
956.00 21.04 18.50 17.23 336.25 275.06 22.03 -0.60
32.00 433.94
938.30 19.54 17.44 16.35 334.92 283.15 21.35 -0.70
47.00 595.70
917.20 17.84 16.00 14.99 332.85 292.70 20.63 -0.70
56.00 791.42
894.20 15.84 15.01 14.51 332.77 299.27 20.26 -0.50
59.00 1008.52
869.20 16.14 12.47 10.10 327.98 294.11 22.34 -0.20
63.00 1250.01
841.20 16.64 8.95 2.33 321.18 283.60 24.79 -0.20
48.00 1528.72
810.60 14.84 7.77 1.55 322.30 276.19 25.21 -0.40
53.00 1843.08
777.10 12.14 7.21 3.18 325.88 261.76 29.84 -0.20
59.00 2198.44
740.60 9.34 5.76 2.80 327.56 246.27 38.62 0.00
66.00 2599.73
701.30 6.14 4.39 2.94 330.22 234.16 43.12 -0.10
69.00 3049.81
659.00 1.94 0.91 -0.09 328.14 231.14 43.65 -0.40
20.00 3556.51
613.90 -1.96 -4.01 -6.62 324.08 238.50 46.48 -0.60
9.00 4124.95
566.40 -5.26 -8.07 -12.70 323.68 237.85 50.02 -0.50
10.00 4761.56
520.30 -8.36 -11.77 -19.10 324.82 233.79 57.54 -0.40
0.00 5424.25
478.90 -11.66 -14.95 -23.56 327.02 229.44 63.93 -0.50
0.00 6063.44
441.70 -14.76 -18.32 -31.25 328.75 230.51 73.00 -0.40
0.00 6679.04
408.20 -17.66 -21.37 -41.79 331.00 234.48 79.23 -0.30
0.00 7272.41
377.90 -21.36 -24.30 -41.76 333.55 235.21 78.30 -0.10
0.00 7845.12
350.50 -25.56 -27.47 -38.34 335.65 232.67 72.07 -0.10
0.00 8395.35
325.80 -29.86 -30.90 -37.06 337.12 229.03 66.38 0.00
1.00 8920.51
303.60 -33.96 -34.63 -39.50 337.89 224.88 66.61 0.00
12.00 9418.99
283.50 -37.66 -38.04 -41.40 339.05 219.47 64.16 -0.10
6.00 9894.98
265.50 -41.26 -41.66 -46.56 339.63 223.64 80.79 -0.10
0.00 10343.77
248.70 -44.66 -45.19 -56.90 340.35 229.86 92.50 -0.10
0.00 10784.26
233.50 -47.06 -47.59 -66.97 342.68 232.71 94.25 -0.10
0.00 11203.85
219.60 -49.06 -49.50 -67.41 345.66 232.55 103.50 0.00
0.00 11608.23
205.60 -51.96 -52.29 -67.89 347.67 232.89 113.01 0.10
0.00 12037.54
191.70 -54.96 -55.22 -73.19 349.83 234.13 113.38 0.20
0.00 12487.70
177.70 -57.36 -57.57 -73.70 353.56 236.08 105.81 0.30
0.00 12969.37
163.70 -59.66 -59.83 -74.25 358.09 239.04 95.14 0.30
0.00 13484.95
149.80 -62.36 -62.48 -74.84 362.64 243.55 84.19 0.30
0.00 14035.96
135.80 -65.86 -9999.00 -9999.00 -9999.00 248.37 70.63 0.20
0.00 14636.34
121.90 -69.86 -9999.00 -9999.00 -9999.00 246.66 61.77 0.20
0.00 15285.22
107.90 -72.06 -9999.00 -9999.00 -9999.00 241.30 58.24 0.20
0.00 16007.24
94.00 -71.76 -9999.00 -9999.00 -9999.00 242.49 52.56 0.10
0.00 16819.61
81.00 -67.86 -9999.00 -9999.00 -9999.00 244.58 43.45 0.00
0.00 17705.54
70.60 -61.86 -9999.00 -9999.00 -9999.00 235.37 32.81 0.00
0.00 18543.38
62.20 -61.56 -9999.00 -9999.00 -9999.00 227.49 22.14 0.00
0.00 19327.39
54.30 -60.56 -9999.00 -9999.00 -9999.00 249.65 12.84 0.00
0.00 20170.65
46.90 -59.56 -9999.00 -9999.00 -9999.00 201.57 8.97 0.00
0.00 21084.48
40.10 -58.06 -9999.00 -9999.00 -9999.00 142.93 10.96 0.00
0.00 22067.25
33.80 -55.56 -9999.00 -9999.00 -9999.00 127.45 11.50 0.00
0.00 23149.59
27.80 -52.26 -9999.00 -9999.00 -9999.00 100.46 12.84 0.00
0.00 24403.72
22.30 -51.46 -9999.00 -9999.00 -9999.00 90.71 15.73 0.00
0.00 25831.67
17.10 -48.16 -9999.00 -9999.00 -9999.00 59.70 17.33 0.00
0.00 27567.42
12.30 -48.96 -9999.00 -9999.00 -9999.00 358.49 7.38 0.00
0.00 29733.44

STID = KDAL STNM = 722583 TIME = 191021/0900 
SLAT = 32.84 SLON = -96.85 SELV = 138.0
STIM = 9

SHOW = 8.49 LIFT = 13.46 SWET = 119.02 KINX = 16.18
LCLP = 862.44 PWAT = 17.00 TOTL = 35.49 CAPE = 0.00
LCLT = 281.34 CINS = 0.00 EQLV = -9999.00 LFCT = -9999.00
BRCH = 0.00

PRES TMPC TMWC DWPC THTE DRCT SKNT OMEG
CFRL HGHT
988.10 19.34 13.96 10.22 316.64 344.20 10.70 0.00
0.00 149.31
985.20 19.54 13.47 9.07 315.52 344.31 17.95 0.00
0.00 174.60
979.70 19.34 12.95 8.14 314.64 344.70 21.35 0.00
0.00 222.75
970.40 18.84 12.04 6.61 313.17 345.56 26.48 -0.10
0.00 304.67
956.60 18.24 10.61 3.82 310.84 347.18 33.28 -0.20
0.00 427.40
939.00 18.14 8.03 -3.96 305.98 349.47 39.32 -0.30
0.00 586.16
918.00 17.84 6.99 -7.36 305.76 350.41 41.96 -0.50
0.00 779.23
895.00 15.84 7.55 -1.26 310.28 350.67 41.94 -0.70
0.00 995.02
870.00 14.74 9.44 5.15 318.77 334.86 27.89 -0.80
13.00 1234.96
842.30 15.84 7.35 -1.17 316.57 306.45 21.25 -0.50
0.00 1509.03
811.60 14.84 3.93 -12.56 311.63 301.45 23.45 -0.10
0.00 1823.13
778.00 12.54 2.34 -14.00 312.50 281.14 26.13 0.10
0.00 2178.51
741.60 8.64 3.15 -2.67 320.35 250.67 23.47 0.10
16.00 2577.19
702.20 5.44 0.92 -4.21 320.94 243.95 29.20 0.30
19.00 3026.04
659.90 1.74 -2.28 -7.59 320.18 245.06 36.85 0.40
21.00 3530.45
614.60 -2.06 -5.25 -9.94 321.16 241.23 49.63 0.20
18.00 4099.80
567.00 -5.16 -9.07 -16.71 321.41 234.27 54.56 0.00
0.00 4736.73
520.80 -8.16 -12.76 -25.58 322.60 229.81 62.30 -0.10
0.00 5400.28
479.20 -11.26 -15.98 -34.75 324.75 226.76 71.46 -0.10
0.00 6042.49
442.00 -14.56 -18.84 -40.27 327.56 227.98 79.22 -0.10
0.00 6658.18
408.40 -17.56 -21.40 -44.47 330.85 229.25 83.33 0.00
0.00 7253.24
378.00 -21.36 -24.40 -43.76 333.33 229.11 82.48 0.10
0.00 7827.72
350.60 -25.46 -27.69 -42.83 335.19 228.93 80.13 0.10
0.00 8377.88
325.90 -29.66 -31.09 -41.19 336.72 227.24 77.25 0.00
0.00 8903.15
303.60 -33.86 -34.87 -43.81 337.45 225.50 78.44 0.10
0.00 9404.06
283.60 -37.76 -38.13 -41.39 338.87 219.64 76.44 0.00
100.00 9877.58
265.50 -41.76 -41.95 -44.04 339.17 219.72 80.56 -0.20
100.00 10328.21
248.70 -45.26 -45.67 -53.97 339.58 226.03 91.76 -0.30
0.00 10767.66
233.50 -47.26 -47.77 -66.97 342.38 229.86 97.32 -0.40
0.00 11186.52
219.50 -48.96 -49.43 -72.27 345.81 231.44 107.81 -0.40
0.00 11593.81
205.60 -51.86 -52.22 -72.72 347.78 232.27 116.18 -0.40
0.00 12020.34
191.70 -54.86 -55.13 -73.19 349.99 233.97 116.26 -0.30
0.00 12470.70
177.70 -57.16 -57.38 -73.70 353.89 236.94 107.54 -0.20
0.00 12952.71
163.70 -59.06 -59.24 -74.25 359.10 241.10 93.65 -0.20
0.00 13469.25
149.80 -61.76 -9999.00 -9999.00 -9999.00 246.44 81.16 -0.20
0.00 14021.81
135.80 -65.46 -9999.00 -9999.00 -9999.00 248.48 67.23 -0.20
0.00 14623.62
121.90 -69.36 -9999.00 -9999.00 -9999.00 242.84 58.29 -0.10
0.00 15273.92
107.90 -72.16 -9999.00 -9999.00 -9999.00 238.80 55.87 -0.10
0.00 15996.66
94.00 -72.26 -9999.00 -9999.00 -9999.00 244.75 52.84 0.00
0.00 16807.82
81.00 -69.36 -9999.00 -9999.00 -9999.00 248.11 45.84 0.00
0.00 17689.40
70.60 -64.46 -9999.00 -9999.00 -9999.00 236.98 37.06 0.10
0.00 18518.99
62.20 -61.66 -9999.00 -9999.00 -9999.00 226.32 29.82 0.10
0.00 19297.99
54.30 -59.76 -9999.00 -9999.00 -9999.00 223.11 12.51 0.10
0.00 20142.65
46.90 -59.06 -9999.00 -9999.00 -9999.00 180.99 11.27 0.00
0.00 21059.26
40.10 -56.46 -9999.00 -9999.00 -9999.00 153.11 15.46 0.00
0.00 22046.85
33.80 -52.96 -9999.00 -9999.00 -9999.00 130.45 15.58 0.00
0.00 23139.69
27.80 -51.96 -9999.00 -9999.00 -9999.00 75.56 13.25 0.00
0.00 24402.12
22.30 -53.96 -9999.00 -9999.00 -9999.00 69.53 15.56 0.00
0.00 25822.97
17.10 -49.36 -9999.00 -9999.00 -9999.00 85.70 18.12 0.00
0.00 27544.35
12.30 -46.56 -9999.00 -9999.00 -9999.00 347.20 4.39 0.00
0.00 29716.15

STID = KDAL STNM = 722583 TIME = 191021/1000 
SLAT = 32.84 SLON = -96.85 SELV = 138.0
STIM = 10

SHOW = 10.41 LIFT = 14.84 SWET = 101.84 KINX = 10.11
LCLP = 908.90 PWAT = 13.53 TOTL = 31.91 CAPE = 0.00
LCLT = 282.90 CINS = 0.00 EQLV = -9999.00 LFCT = -9999.00
BRCH = 0.00

PRES TMPC TMWC DWPC THTE DRCT SKNT OMEG
CFRL HGHT
989.90 16.74 13.38 11.04 314.81 324.46 3.34 0.00
0.00 148.33
986.90 17.34 12.53 8.91 312.68 340.35 11.56 -0.10
0.00 174.24
981.50 17.34 11.94 7.69 311.66 344.55 15.31 -0.20
0.00 221.09
972.10 17.14 11.04 5.91 310.28 348.50 22.40 -0.40
0.00 303.20
958.30 16.84 9.68 2.93 308.23 353.13 32.48 -0.70
0.00 425.03
940.70 15.94 7.92 -0.83 305.76 355.86 40.31 -0.90
0.00 582.56
919.60 15.44 5.79 -7.67 302.89 358.67 41.98 -0.90
0.00 774.71
896.50 15.14 5.75 -6.68 305.53 359.69 35.94 -0.90
0.00 989.83
871.60 15.24 7.03 -1.72 311.92 343.39 25.14 -0.70
0.00 1228.04
843.70 15.34 6.28 -3.94 313.53 313.06 16.22 -0.50
0.00 1503.33
813.00 13.94 3.43 -12.96 310.31 295.77 18.76 -0.10
0.00 1816.06
779.30 12.34 2.08 -15.05 311.68 272.19 25.47 0.30
0.00 2171.18
742.70 8.84 2.64 -4.43 318.84 241.74 20.51 0.60
0.00 2571.34
703.20 5.54 0.28 -6.22 319.19 243.80 27.27 0.80
0.00 3020.77
660.70 2.14 -2.79 -9.96 318.81 248.04 40.00 0.80
0.00 3527.18
615.40 -1.26 -5.94 -14.01 319.42 246.06 55.05 0.30
0.00 4096.82
567.60 -4.36 -10.32 -27.79 318.50 241.74 58.66 -0.30
0.00 4737.20
521.30 -8.26 -14.17 -47.59 319.49 235.91 62.39 -0.90
0.00 5401.99
479.60 -11.76 -16.79 -44.67 323.06 228.34 70.73 -1.10
0.00 6044.22
442.30 -15.16 -19.28 -40.64 326.70 226.62 77.78 -1.10
0.00 6659.74
408.70 -18.46 -22.06 -44.46 329.62 228.73 82.46 -0.90
0.00 7252.64
378.20 -22.06 -25.11 -48.81 332.00 231.69 83.66 -0.70
0.00 7826.81
350.70 -25.76 -28.21 -50.23 334.20 232.41 83.10 -0.50
0.00 8377.61
326.00 -29.36 -31.35 -53.57 336.16 229.49 82.54 -0.40
0.00 8902.66
303.70 -33.96 -35.15 -47.67 336.93 223.43 80.24 -0.20
0.00 9403.57
283.60 -38.06 -38.49 -42.51 338.28 218.86 78.32 -0.10
100.00 9878.96
265.50 -41.86 -42.04 -44.04 339.03 218.02 81.37 -0.20
100.00 10329.21
248.70 -45.56 -45.88 -51.75 339.26 223.25 90.15 -0.30
0.00 10768.27
233.50 -48.46 -48.88 -63.98 340.61 227.46 92.79 -0.30
0.00 11185.75
219.50 -50.16 -50.55 -67.42 344.01 229.60 101.01 -0.10
0.00 11590.87
205.60 -52.46 -52.77 -67.89 346.88 230.48 113.56 0.00
0.00 12015.68
191.70 -55.36 -55.61 -73.19 349.19 232.62 118.07 0.20
0.00 12464.92
177.70 -57.86 -58.06 -73.70 352.75 235.90 113.31 0.30
0.00 12945.59
163.80 -59.96 -60.12 -74.24 357.53 240.13 101.03 0.30
0.00 13456.38
149.80 -62.76 -62.88 -74.84 361.96 244.87 90.11 0.30
0.00 14010.27
135.90 -66.16 -9999.00 -9999.00 -9999.00 245.23 77.45 0.20
0.00 14605.14
121.90 -69.26 -9999.00 -9999.00 -9999.00 238.28 65.77 0.20
0.00 15258.92
108.00 -72.06 -9999.00 -9999.00 -9999.00 231.45 61.09 0.10
0.00 15976.52
94.00 -72.96 -9999.00 -9999.00 -9999.00 236.42 58.29 0.10
0.00 16791.91
81.00 -68.16 -9999.00 -9999.00 -9999.00 239.83 48.31 0.00
0.00 17674.58
70.60 -62.06 -9999.00 -9999.00 -9999.00 232.62 35.20 0.00
0.00 18511.41
62.20 -60.46 -9999.00 -9999.00 -9999.00 235.45 25.00 -0.10
0.00 19297.09
54.30 -60.46 -9999.00 -9999.00 -9999.00 239.04 6.80 -0.10
0.00 20142.73
46.90 -60.26 -9999.00 -9999.00 -9999.00 180.00 5.24 0.00
0.00 21055.27
40.10 -58.96 -9999.00 -9999.00 -9999.00 172.28 11.56 0.00
0.00 22034.38
33.80 -55.06 -9999.00 -9999.00 -9999.00 140.95 13.25 0.00
0.00 23115.71
27.80 -53.06 -9999.00 -9999.00 -9999.00 87.24 16.14 0.00
0.00 24368.99
22.30 -53.16 -9999.00 -9999.00 -9999.00 88.57 15.54 0.00
0.00 25788.87
17.10 -48.76 -9999.00 -9999.00 -9999.00 96.34 12.32 0.00
0.00 27515.69
12.30 -46.36 -9999.00 -9999.00 -9999.00 343.14 6.70 0.00
0.00 29691.35

STID = KDAL STNM = 722583 TIME = 191021/1100 
SLAT = 32.84 SLON = -96.85 SELV = 138.0
STIM = 11

SHOW = 11.61 LIFT = 15.38 SWET = 99.95 KINX = 7.43
LCLP = 895.35 PWAT = 12.35 TOTL = 29.77 CAPE = 0.00
LCLT = 280.45 CINS = 0.00 EQLV = -9999.00 LFCT = -9999.00
BRCH = 0.00

PRES TMPC TMWC DWPC THTE DRCT SKNT OMEG
CFRL HGHT
992.00 15.64 11.80 8.82 310.12 344.48 7.26 0.00
0.00 149.12
989.00 15.94 11.31 7.54 309.11 346.13 16.20 -0.10
0.00 174.84
983.60 15.74 10.90 6.85 308.63 346.96 18.94 -0.20
0.00 221.34
974.20 15.34 10.08 5.45 307.57 350.54 25.99 -0.30
0.00 302.78
960.40 14.54 8.96 3.69 306.29 353.35 31.88 -0.40
0.00 423.49
942.70 13.54 7.33 0.70 304.26 357.98 38.48 -0.50
0.00 580.32
921.50 14.14 5.41 -6.58 301.92 0.26 42.15 -0.60
0.00 771.79
898.50 14.44 4.79 -9.60 303.02 355.80 34.48 -0.60
0.00 984.75
873.40 14.34 5.46 -5.82 307.71 344.83 23.76 -0.40
0.00 1223.58
845.50 13.74 5.07 -5.70 310.31 315.00 17.58 -0.20
0.00 1496.98
814.60 12.84 3.16 -11.46 309.62 291.58 19.02 0.00
0.00 1809.61
780.80 11.44 1.31 -17.26 309.71 277.45 29.97 0.10
0.00 2163.85
744.10 8.84 1.73 -7.45 316.32 246.16 27.39 -0.20
0.00 2563.58
704.40 4.94 -0.16 -6.66 317.98 243.83 25.10 -0.50
0.00 3013.87
661.80 1.14 -3.22 -9.58 317.73 253.92 32.94 -0.30
0.00 3519.14
616.30 -1.16 -6.62 -17.40 317.74 248.98 53.07 -0.10
0.00 4089.40
568.40 -4.06 -10.44 -31.41 318.04 242.53 55.17 -0.20
0.00 4730.52
522.00 -8.46 -14.19 -43.29 319.35 241.46 60.59 -0.20
0.00 5395.93
480.10 -13.06 -17.67 -44.07 321.39 231.37 66.90 -0.20
0.00 6038.64
442.70 -16.36 -20.16 -41.02 325.06 226.83 77.51 -0.20
0.00 6652.25
408.90 -19.26 -22.67 -44.98 328.50 227.71 84.29 -0.30
0.00 7245.93
378.40 -22.16 -25.24 -51.31 331.70 229.23 83.88 -0.30
0.00 7818.79
350.90 -25.66 -28.17 -51.95 334.20 228.90 84.81 -0.30
0.00 8369.27
326.10 -29.36 -31.33 -52.58 336.17 224.17 85.02 -0.10
0.00 8896.32
303.70 -34.16 -35.50 -53.18 336.32 217.91 85.68 0.00
0.00 9399.18
283.60 -37.96 -38.63 -45.96 338.04 214.89 87.63 0.00
0.00 9874.44
265.50 -42.06 -42.62 -51.88 338.06 218.15 92.13 0.00
0.00 10324.56
248.70 -45.46 -46.00 -61.32 339.03 221.92 92.15 -0.10
0.00 10763.49
233.50 -47.26 -47.77 -66.97 342.38 223.71 97.28 -0.10
0.00 11182.16
219.60 -48.76 -49.22 -67.41 346.12 226.18 113.07 -0.10
0.00 11586.63
205.60 -51.36 -51.74 -72.72 348.56 228.92 118.53 0.00
0.00 12016.81
191.70 -54.36 -54.65 -73.19 350.80 233.05 117.64 0.00
0.00 12468.19
177.70 -57.06 -57.28 -73.70 354.06 236.67 110.66 0.00
0.00 12950.86
163.80 -59.66 -59.83 -74.24 358.03 241.00 100.17 0.00
0.00 13462.96
149.80 -63.06 -63.17 -74.84 361.44 244.37 90.71 0.10
0.00 14016.85
135.90 -66.06 -66.14 -75.48 366.33 244.44 79.23 0.20
0.00 14611.44
121.90 -68.56 -9999.00 -9999.00 -9999.00 241.70 68.84 0.10
0.00 15266.50
107.90 -71.06 -9999.00 -9999.00 -9999.00 238.61 63.03 0.00
0.00 15992.62
94.00 -72.76 -9999.00 -9999.00 -9999.00 235.59 56.04 0.00
0.00 16804.99
81.00 -70.16 -9999.00 -9999.00 -9999.00 238.33 48.83 0.00
0.00 17683.74
70.60 -60.96 -9999.00 -9999.00 -9999.00 243.58 34.05 0.00
0.00 18518.76
62.20 -60.16 -9999.00 -9999.00 -9999.00 248.09 19.27 0.00
0.00 19307.03
54.30 -60.56 -9999.00 -9999.00 -9999.00 231.12 7.73 0.00
0.00 20153.08
46.90 -60.36 -9999.00 -9999.00 -9999.00 182.12 10.49 0.00
0.00 21065.19
40.10 -59.96 -9999.00 -9999.00 -9999.00 180.00 15.15 0.00
0.00 22041.77
33.80 -55.36 -9999.00 -9999.00 -9999.00 147.68 11.27 0.00
0.00 23119.85
27.80 -53.36 -9999.00 -9999.00 -9999.00 90.00 14.18 0.00
0.00 24371.41
22.30 -52.46 -9999.00 -9999.00 -9999.00 73.44 15.00 0.00
0.00 25792.59
17.10 -49.96 -9999.00 -9999.00 -9999.00 82.87 10.96 0.00
0.00 27517.46
12.30 -47.16 -9999.00 -9999.00 -9999.00 299.98 5.83 0.00
0.00 29683.48

STID = KDAL STNM = 722583 TIME = 191021/1200 
SLAT = 32.84 SLON = -96.85 SELV = 138.0
STIM = 12

SHOW = 12.60 LIFT = 16.26 SWET = 106.20 KINX = -0.81
LCLP = 900.12 PWAT = 9.75 TOTL = 26.76 CAPE = 0.00
LCLT = 279.55 CINS = 0.00 EQLV = -9999.00 LFCT = -9999.00
BRCH = 0.00

PRES TMPC TMWC DWPC THTE DRCT SKNT OMEG
CFRL HGHT
992.80 14.34 10.78 7.84 307.33 343.61 6.88 0.00
0.00 149.06
989.90 14.64 10.36 6.69 306.56 347.47 14.34 -0.10
0.00 173.78
984.40 14.44 9.92 5.92 306.04 348.94 17.21 -0.20
0.00 220.87
975.00 14.24 9.16 4.41 305.16 354.97 24.38 -0.30
0.00 301.89
961.20 13.74 7.98 2.09 303.78 0.35 31.66 -0.40
0.00 422.07
943.50 14.24 6.04 -4.62 300.97 5.17 40.97 -0.50
0.00 578.64
922.30 14.84 4.74 -11.69 300.11 5.40 43.32 -0.40
0.00 770.29
899.20 14.34 4.48 -11.01 302.19 0.68 32.63 -0.20
0.00 984.16
874.20 14.34 4.92 -8.10 306.27 336.15 20.18 0.10
0.00 1221.74
846.20 13.54 3.92 -10.29 307.34 310.97 19.56 0.40
0.00 1495.67
815.30 11.84 1.89 -16.19 306.51 295.60 20.69 0.60
0.00 1807.24
781.50 10.04 0.26 -19.83 307.31 283.17 28.13 0.70
0.00 2159.59
744.70 8.24 -0.75 -18.30 310.23 266.89 35.80 0.50
0.00 2558.41
705.00 5.04 -1.51 -11.76 314.66 246.71 31.93 0.10
0.00 3007.55
662.40 0.44 -3.59 -9.56 316.84 245.89 30.44 0.00
0.00 3511.66
616.80 -1.16 -6.92 -19.06 316.99 241.45 47.55 0.20
0.00 4081.91
568.80 -4.86 -10.91 -30.98 317.10 243.26 55.69 0.10
0.00 4722.90
522.20 -9.16 -14.44 -37.59 318.95 241.24 63.38 -0.30
0.00 5388.96
480.30 -13.76 -17.99 -39.47 320.86 234.88 71.25 -0.70
0.00 6029.75
442.80 -17.26 -20.84 -41.42 323.86 232.88 81.12 -0.80
0.00 6642.91
409.10 -20.06 -23.37 -48.12 327.22 231.75 84.09 -0.70
0.00 7232.65
378.50 -22.66 -25.69 -54.72 330.89 229.41 82.11 -0.50
0.00 7805.67
350.90 -26.16 -28.61 -54.07 333.45 227.16 83.70 -0.30
0.00 8356.97
326.10 -29.66 -31.57 -52.58 335.76 219.69 87.59 0.00
0.00 8883.16
303.80 -34.26 -35.55 -51.47 336.23 214.10 89.37 0.20
0.00 9383.28
283.60 -38.66 -39.55 -53.75 336.51 215.29 90.44 0.30
0.00 9860.01
265.50 -42.16 -42.90 -60.81 337.58 219.34 91.92 0.30
0.00 10309.32
248.70 -43.86 -44.54 -63.51 341.37 220.49 97.82 0.20
0.00 10749.67
233.50 -45.06 -45.72 -66.97 345.71 222.82 112.02 0.10
0.00 11171.84
219.50 -47.56 -48.09 -67.42 348.02 226.84 119.83 -0.10
0.00 11582.40
205.60 -50.66 -51.08 -72.72 349.66 230.92 118.63 -0.20
0.00 12011.42
191.60 -53.76 -54.07 -73.19 351.81 234.27 115.09 -0.30
0.00 12467.51
177.70 -56.76 -56.99 -73.70 354.55 236.65 107.42 -0.40
0.00 12947.85
163.80 -60.06 -60.22 -74.24 357.36 239.02 99.24 -0.40
0.00 13459.83
149.80 -63.46 -63.56 -74.84 360.75 240.32 91.01 -0.30
0.00 14012.68
135.80 -66.56 -66.63 -75.48 365.52 241.19 79.82 -0.10
0.00 14610.47
121.90 -69.26 -9999.00 -9999.00 -9999.00 242.42 68.80 0.00
0.00 15259.19
107.90 -72.06 -9999.00 -9999.00 -9999.00 244.15 62.37 0.10
0.00 15982.28
94.00 -72.56 -9999.00 -9999.00 -9999.00 240.64 57.05 0.10
0.00 16793.04
81.00 -68.76 -9999.00 -9999.00 -9999.00 237.29 47.09 0.10
0.00 17675.27
70.60 -60.56 -9999.00 -9999.00 -9999.00 249.65 31.27 0.00
0.00 18513.91
62.20 -60.06 -9999.00 -9999.00 -9999.00 230.56 15.60 -0.10
0.00 19303.11
54.30 -61.86 -9999.00 -9999.00 -9999.00 208.81 8.88 -0.10
0.00 20146.77
46.90 -60.76 -9999.00 -9999.00 -9999.00 183.58 12.45 0.00
0.00 21055.23
40.10 -57.96 -9999.00 -9999.00 -9999.00 198.73 12.10 0.00
0.00 22035.48
33.80 -54.56 -9999.00 -9999.00 -9999.00 92.86 3.88 0.00
0.00 23120.57
27.80 -55.76 -9999.00 -9999.00 -9999.00 80.31 16.16 0.00
0.00 24367.55
22.30 -52.86 -9999.00 -9999.00 -9999.00 93.22 17.31 0.00
0.00 25779.70
17.10 -49.56 -9999.00 -9999.00 -9999.00 109.33 11.73 0.00
0.00 27504.57
12.30 -47.86 -9999.00 -9999.00 -9999.00 325.78 5.87 0.00
0.00 29669.14

STID = KDAL STNM = 722583 TIME = 191021/1300 
SLAT = 32.84 SLON = -96.85 SELV = 138.0
STIM = 13

SHOW = 13.95 LIFT = 16.90 SWET = 106.59 KINX = -7.69
LCLP = 904.62 PWAT = 8.51 TOTL = 22.92 CAPE = 0.00
LCLT = 278.99 CINS = 0.00 EQLV = -9999.00 LFCT = -9999.00
BRCH = 0.00

PRES TMPC TMWC DWPC THTE DRCT SKNT OMEG
CFRL HGHT
993.90 13.44 10.09 7.21 305.46 337.01 6.95 0.00
0.00 149.01
990.90 13.74 9.73 6.16 304.86 340.85 14.80 -0.10
0.00 174.48
985.50 13.64 9.35 5.42 304.49 342.94 17.87 -0.20
0.00 220.52
976.10 13.44 8.53 3.75 303.51 350.54 24.81 -0.30
0.00 301.21
962.30 13.14 7.32 1.05 302.09 356.23 32.52 -0.40
0.00 420.94
944.50 13.14 5.70 -3.89 300.17 360.00 39.43 -0.50
0.00 577.75
923.30 13.84 4.50 -10.21 299.59 360.00 41.38 -0.50
0.00 768.51
900.20 14.04 4.00 -12.97 300.97 357.60 32.46 -0.40
0.00 981.66
875.10 13.74 4.14 -10.50 304.31 333.91 20.77 -0.30
0.00 1219.51
847.10 12.94 3.01 -13.72 305.08 307.57 19.11 -0.10
0.00 1492.51
816.10 10.44 0.66 -20.15 303.73 308.66 18.65 0.10
0.00 1803.60
782.30 8.44 -1.22 -26.57 304.00 293.09 25.76 0.20
0.00 2153.64
745.50 7.84 -1.75 -25.81 307.79 271.78 37.51 0.20
0.00 2550.51
705.70 5.54 -1.82 -14.48 313.77 244.89 37.55 0.10
0.00 3000.26
663.00 0.74 -3.90 -11.24 316.02 237.86 35.78 0.00
0.00 3505.68
617.30 -1.66 -7.15 -18.71 316.46 239.18 51.57 -0.20
0.00 4076.42
569.20 -5.16 -11.06 -30.57 316.75 246.13 59.05 -0.40
0.00 4717.33
522.60 -9.16 -14.44 -37.58 318.88 239.45 64.96 -0.50
0.00 5382.53
480.60 -13.86 -18.06 -39.46 320.68 233.60 71.68 -0.30
0.00 6024.28
443.00 -17.96 -21.49 -44.81 322.67 233.19 78.13 -0.10
0.00 6637.78
409.20 -20.66 -23.89 -50.64 326.30 233.79 80.89 0.10
0.00 7227.53
378.60 -23.86 -26.63 -54.72 329.28 231.36 78.09 0.10
0.00 7798.35
351.00 -26.86 -29.22 -56.83 332.39 226.23 83.39 0.20
0.00 8347.39
326.20 -30.06 -31.93 -53.57 335.14 222.92 90.99 0.30
0.00 8872.24
303.80 -34.06 -35.46 -55.27 336.35 218.94 93.65 0.30
0.00 9374.31
283.70 -38.56 -39.53 -57.08 336.50 218.86 95.05 0.40
0.00 9848.88
265.50 -41.96 -42.70 -59.07 337.92 221.67 97.01 0.40
0.00 10300.88
248.70 -43.66 -44.36 -63.51 341.67 222.56 103.11 0.50
0.00 10741.62
233.50 -44.76 -45.44 -66.97 346.17 227.07 118.07 0.60
0.00 11164.26
219.60 -47.36 -47.93 -72.27 348.23 231.57 121.25 0.50
0.00 11572.23
205.60 -50.46 -50.89 -72.72 349.98 235.18 117.37 0.40
0.00 12004.62
191.70 -53.46 -53.78 -73.19 352.24 236.92 111.05 0.30
0.00 12457.85
177.70 -56.46 -56.70 -73.70 355.04 237.98 105.15 0.10
0.00 12942.19
163.80 -59.46 -59.63 -74.24 358.37 238.80 99.01 0.00
0.00 13455.24
149.80 -62.46 -62.58 -74.84 362.47 239.90 90.25 -0.20
0.00 14010.18
135.90 -65.46 -65.54 -75.48 367.39 240.61 77.58 -0.30
0.00 14606.48
121.90 -68.76 -9999.00 -9999.00 -9999.00 238.51 64.70 -0.30
0.00 15262.17
107.90 -72.26 -9999.00 -9999.00 -9999.00 238.28 58.00 -0.10
0.00 15985.80
94.00 -72.36 -9999.00 -9999.00 -9999.00 240.11 55.34 0.00
0.00 16796.55
81.00 -66.66 -9999.00 -9999.00 -9999.00 244.11 44.48 0.00
0.00 17683.79
70.60 -61.36 -9999.00 -9999.00 -9999.00 259.80 27.43 0.00
0.00 18525.05
62.20 -62.06 -9999.00 -9999.00 -9999.00 242.78 15.29 -0.10
0.00 19309.06
54.30 -63.76 -9999.00 -9999.00 -9999.00 231.04 11.73 0.00
0.00 20144.96
46.90 -60.36 -9999.00 -9999.00 -9999.00 188.79 19.08 0.00
0.00 21050.21
40.10 -56.06 -9999.00 -9999.00 -9999.00 188.13 12.35 0.00
0.00 22035.74
33.80 -54.16 -9999.00 -9999.00 -9999.00 61.11 6.43 0.00
0.00 23126.58
27.80 -56.06 -9999.00 -9999.00 -9999.00 91.43 15.54 0.00
0.00 24373.85
22.30 -50.86 -9999.00 -9999.00 -9999.00 120.60 20.98 0.00
0.00 25791.47
17.10 -47.26 -9999.00 -9999.00 -9999.00 98.13 6.88 0.00
0.00 27533.06
12.30 -47.96 -9999.00 -9999.00 -9999.00 318.53 11.15 0.00
0.00 29708.24

STID = KDAL STNM = 722583 TIME = 191021/1400 
SLAT = 32.84 SLON = -96.85 SELV = 138.0
STIM = 14

SHOW = 14.74 LIFT = 16.91 SWET = 103.20 KINX = -10.75
LCLP = 898.22 PWAT = 8.71 TOTL = 20.73 CAPE = 0.00
LCLT = 278.63 CINS = 0.00 EQLV = -9999.00 LFCT = -9999.00
BRCH = 0.00

PRES TMPC TMWC DWPC THTE DRCT SKNT OMEG
CFRL HGHT
996.10 13.84 10.17 6.99 305.39 336.80 7.40 0.00
0.00 149.00
993.20 13.74 9.64 5.95 304.38 338.04 13.00 -0.10
0.00 173.58
987.60 13.44 9.21 5.29 303.92 339.53 15.56 -0.10
0.00 221.20
978.20 12.94 8.40 3.97 302.97 343.25 20.90 -0.30
0.00 301.62
964.40 12.34 7.29 1.96 301.83 347.42 25.87 -0.40
0.00 420.83
946.50 11.74 5.67 -1.70 300.01 352.83 34.27 -0.60
0.00 577.62
925.30 12.34 4.35 -7.32 299.23 353.60 40.07 -0.70
0.00 767.07
902.10 13.04 3.68 -11.89 300.15 350.43 35.06 -0.70
0.00 979.79
876.90 13.24 3.53 -12.53 302.70 335.87 20.44 -0.50
0.00 1217.46
848.80 12.24 2.42 -15.35 303.55 316.88 16.76 -0.20
0.00 1490.27
817.80 8.94 -0.14 -20.13 301.94 315.80 19.77 0.00
0.00 1799.50
783.80 7.14 -1.88 -25.80 302.56 302.05 26.36 0.10
0.00 2149.18
746.90 7.54 -1.99 -26.89 307.10 272.71 36.95 0.00
0.00 2545.24
706.90 5.74 -1.80 -15.02 313.59 246.91 41.61 -0.20
0.00 2996.34
664.10 1.24 -3.92 -12.39 315.77 242.18 43.71 -0.50
0.00 3502.69
618.20 -2.36 -7.40 -17.82 315.86 248.72 51.90 -0.50
0.00 4074.81
570.00 -5.76 -11.33 -29.24 316.15 246.70 59.42 -0.50
0.00 4714.62
523.20 -9.46 -14.47 -34.61 318.77 235.37 65.64 -0.40
0.00 5380.73
481.10 -13.86 -17.93 -37.12 320.84 233.80 72.69 -0.30
0.00 6022.97
443.40 -17.26 -20.95 -44.24 323.51 236.47 75.97 -0.10
0.00 6638.35
409.50 -20.96 -24.06 -48.11 325.97 237.66 77.70 0.10
0.00 7229.83
378.80 -24.76 -27.34 -54.72 328.04 234.29 80.87 0.20
0.00 7800.79
351.10 -27.86 -30.06 -58.62 330.97 225.77 82.15 0.20
0.00 8349.48
326.30 -30.56 -32.41 -57.42 334.29 222.52 91.98 0.20
0.00 8872.56
303.90 -34.16 -35.53 -54.16 336.22 218.89 99.32 0.30
0.00 9373.85
283.70 -38.06 -39.08 -57.08 337.21 222.07 102.06 0.40
0.00 9851.11
265.60 -41.06 -41.90 -60.81 339.15 225.15 103.28 0.30
0.00 10301.89
248.70 -43.66 -44.36 -63.51 341.67 224.49 108.10 0.30
0.00 10746.04
233.50 -45.36 -46.00 -66.97 345.26 228.45 118.61 0.20
0.00 11168.11
219.60 -47.96 -48.49 -72.27 347.31 232.21 120.45 0.20
0.00 11575.01
205.60 -50.76 -51.17 -72.72 349.51 234.66 116.20 0.20
0.00 12006.54
191.70 -53.66 -53.97 -73.19 351.92 235.53 111.21 0.10
0.00 12459.25
177.70 -56.46 -56.70 -73.70 355.04 237.00 107.01 0.00
0.00 12943.37
163.80 -59.26 -59.44 -74.24 358.70 238.75 101.11 0.00
0.00 13456.66
149.80 -61.96 -62.09 -74.84 363.33 241.48 91.53 -0.10
0.00 14012.51
135.90 -64.66 -64.76 -75.48 368.81 242.72 76.71 -0.10
0.00 14610.66
121.90 -67.96 -9999.00 -9999.00 -9999.00 238.65 63.46 -0.10
0.00 15268.90
108.00 -71.26 -9999.00 -9999.00 -9999.00 232.93 56.72 -0.10
0.00 15990.22
94.00 -71.76 -9999.00 -9999.00 -9999.00 235.52 54.90 0.00
0.00 16809.67
81.00 -66.66 -9999.00 -9999.00 -9999.00 245.82 46.00 0.00
0.00 17698.22
70.60 -60.96 -9999.00 -9999.00 -9999.00 264.29 27.33 0.00
0.00 18540.28
62.20 -62.66 -9999.00 -9999.00 -9999.00 243.43 12.59 0.00
0.00 19323.92
54.30 -62.96 -9999.00 -9999.00 -9999.00 233.90 11.54 0.00
0.00 20160.23
46.90 -58.66 -9999.00 -9999.00 -9999.00 196.53 18.43 0.00
0.00 21070.84
40.10 -55.26 -9999.00 -9999.00 -9999.00 203.20 5.92 0.00
0.00 22062.09
33.80 -55.66 -9999.00 -9999.00 -9999.00 51.17 10.22 0.00
0.00 23151.18
27.80 -57.16 -9999.00 -9999.00 -9999.00 103.52 15.79 0.00
0.00 24391.01
22.30 -51.06 -9999.00 -9999.00 -9999.00 125.04 20.65 0.00
0.00 25804.45
17.10 -47.46 -9999.00 -9999.00 -9999.00 60.64 10.70 0.00
0.00 27544.47
12.30 -49.66 -9999.00 -9999.00 -9999.00 66.80 1.48 0.00
0.00 29710.49

STID = KDAL STNM = 722583 TIME = 191021/1500 
SLAT = 32.84 SLON = -96.85 SELV = 138.0
STIM = 15

SHOW = 15.20 LIFT = 16.85 SWET = 102.50 KINX = -9.90
LCLP = 884.39 PWAT = 8.87 TOTL = 20.69 CAPE = 0.00
LCLT = 278.20 CINS = 0.00 EQLV = -9999.00 LFCT = -9999.00
BRCH = 0.00

PRES TMPC TMWC DWPC THTE DRCT SKNT OMEG
CFRL HGHT
997.00 14.74 10.47 6.79 306.03 336.97 8.45 0.00
0.00 149.02
994.00 14.44 9.88 5.79 304.87 337.86 12.37 -0.10
0.00 174.50
988.60 13.94 9.34 5.08 304.12 338.91 14.57 -0.10
0.00 220.47
979.20 13.24 8.61 4.15 303.37 341.18 18.07 -0.20
0.00 300.93
965.30 12.24 7.56 2.77 302.39 343.20 21.50 -0.30
0.00 420.94
947.40 11.24 5.93 -0.17 300.57 347.51 29.64 -0.50
0.00 577.44
926.10 11.84 4.24 -6.72 298.95 348.16 33.14 -0.60
0.00 767.31
902.90 12.54 3.44 -11.80 299.58 347.15 34.07 -0.60
0.00 979.48
877.70 12.14 2.81 -13.52 301.06 338.03 23.87 -0.50
0.00 1216.27
849.60 11.34 2.11 -14.32 302.87 312.47 15.54 -0.30
0.00 1487.87
818.50 8.54 0.01 -17.18 302.27 311.42 17.62 -0.10
0.00 1797.14
784.40 6.44 -2.09 -23.61 302.15 300.96 23.78 0.10
0.00 2146.92
747.40 6.34 -2.78 -28.74 305.43 273.33 36.77 0.10
0.00 2542.43
707.50 5.64 -1.65 -13.98 313.87 246.68 47.59 -0.20
0.00 2991.02
664.50 1.64 -3.83 -12.95 315.87 244.58 52.04 -0.40
0.00 3499.66
618.60 -2.66 -7.87 -19.45 314.82 252.60 54.56 -0.30
0.00 4071.47
570.30 -6.26 -11.68 -29.60 315.44 247.50 58.88 -0.20
0.00 4711.24
523.40 -9.86 -14.79 -35.41 318.14 242.78 67.93 -0.30
0.00 5377.32
481.30 -13.46 -17.79 -39.83 321.00 237.52 74.15 -0.40
0.00 6019.29
443.50 -17.86 -21.32 -42.27 322.88 236.59 75.85 -0.30
0.00 6635.85
409.60 -22.16 -24.93 -46.11 324.51 237.64 79.12 0.00
0.00 7225.12
378.80 -25.56 -27.88 -49.56 327.19 235.42 83.51 0.10
0.00 7795.59
351.20 -28.26 -30.34 -55.34 330.49 229.67 84.34 0.00
0.00 8340.91
326.30 -30.76 -32.62 -61.44 333.93 221.25 92.50 -0.10
0.00 8865.38
303.90 -34.46 -35.85 -57.99 335.67 220.33 99.63 -0.10
0.00 9366.13
283.70 -38.26 -39.26 -57.08 336.93 221.64 103.19 -0.10
0.00 9842.88
265.60 -40.66 -41.53 -60.81 339.74 225.82 105.63 0.00
0.00 10293.86
248.70 -43.16 -43.89 -63.51 342.41 228.01 112.65 0.10
0.00 10738.87
233.50 -45.66 -46.28 -66.97 344.80 230.35 119.33 0.10
0.00 11161.14
219.60 -48.16 -48.65 -67.41 347.05 232.78 120.75 0.10
0.00 11567.58
205.60 -50.86 -51.27 -72.72 349.35 234.50 117.40 0.00
0.00 11998.82
191.70 -53.56 -53.88 -73.19 352.08 235.26 114.18 0.00
0.00 12451.54
177.70 -56.36 -56.60 -73.70 355.20 236.62 110.51 0.00
0.00 12935.88
163.80 -59.06 -59.24 -74.24 359.04 239.02 104.89 0.00
0.00 13449.53
149.80 -61.66 -61.80 -74.84 363.85 242.43 94.02 0.00
0.00 14006.03
135.90 -64.16 -64.26 -75.48 369.69 244.56 79.58 0.00
0.00 14605.32
121.90 -67.26 -9999.00 -9999.00 -9999.00 241.65 67.09 0.00
0.00 15265.47
108.00 -70.06 -9999.00 -9999.00 -9999.00 233.62 58.62 0.00
0.00 15990.16
94.00 -71.06 -9999.00 -9999.00 -9999.00 232.26 56.49 0.10
0.00 16813.47
81.00 -66.16 -9999.00 -9999.00 -9999.00 247.42 47.55 0.10
0.00 17704.63
70.60 -61.16 -9999.00 -9999.00 -9999.00 268.98 21.76 0.00
0.00 18547.30
62.20 -62.96 -9999.00 -9999.00 -9999.00 230.86 10.76 0.00
0.00 19330.01
54.30 -61.96 -9999.00 -9999.00 -9999.00 211.80 11.42 0.00
0.00 20167.70
46.90 -57.66 -9999.00 -9999.00 -9999.00 200.05 15.31 0.00
0.00 21082.60
40.10 -56.36 -9999.00 -9999.00 -9999.00 350.54 1.18 0.00
0.00 22073.63
33.80 -58.16 -9999.00 -9999.00 -9999.00 69.65 12.84 0.00
0.00 23153.71
27.80 -55.86 -9999.00 -9999.00 -9999.00 127.26 17.33 0.00
0.00 24390.11
22.30 -50.06 -9999.00 -9999.00 -9999.00 131.13 20.38 0.00
0.00 25810.96
17.10 -47.36 -9999.00 -9999.00 -9999.00 71.57 12.90 0.00
0.00 27555.27
12.30 -49.96 -9999.00 -9999.00 -9999.00 180.00 1.94 0.00
0.00 29720.32

STID = KDAL STNM = 722583 TIME = 191021/1600 
SLAT = 32.84 SLON = -96.85 SELV = 138.0
STIM = 16

SHOW = 15.36 LIFT = 16.00 SWET = 108.13 KINX = -13.47
LCLP = 877.98 PWAT = 8.80 TOTL = 21.10 CAPE = 0.00
LCLT = 278.35 CINS = 0.00 EQLV = -9999.00 LFCT = -9999.00
BRCH = 0.00

PRES TMPC TMWC DWPC THTE DRCT SKNT OMEG
CFRL HGHT
997.50 15.54 10.94 7.06 307.16 339.15 8.72 0.00
0.00 149.05
994.50 15.14 10.27 5.97 305.78 339.55 12.24 0.00
0.00 174.58
989.10 14.64 9.73 5.27 305.03 339.62 14.51 -0.10
0.00 220.64
979.60 13.84 9.03 4.50 304.34 339.90 16.96 -0.10
0.00 302.10
965.70 12.64 8.09 3.63 303.62 341.01 19.11 -0.20
0.00 422.29
947.90 11.34 6.47 1.16 301.76 343.59 26.13 -0.30
0.00 578.02
926.60 11.64 4.22 -6.40 298.86 344.48 29.04 -0.40
0.00 767.78
903.30 12.34 3.25 -12.32 299.12 344.61 30.01 -0.40
0.00 980.61
878.10 11.54 2.51 -13.44 300.41 337.41 26.30 -0.30
0.00 1216.95
849.90 10.24 1.61 -13.84 301.84 315.00 16.49 -0.10
0.00 1488.60
818.80 7.94 -0.15 -16.05 301.96 304.06 16.65 0.00
0.00 1796.85
784.70 6.04 -2.14 -21.75 302.10 298.21 24.24 0.10
0.00 2145.90
747.70 5.54 -3.21 -28.29 304.59 276.58 35.59 0.10
0.00 2540.43
707.70 4.74 -2.97 -18.80 310.90 253.54 50.04 -0.20
0.00 2988.54
664.80 1.24 -4.47 -14.80 314.43 249.91 55.44 -0.60
0.00 3494.48
618.80 -3.66 -8.32 -18.60 313.94 252.44 56.02 -0.40
0.00 4065.81
570.40 -6.66 -11.92 -29.41 314.99 251.68 63.03 -0.20
0.00 4705.09
523.60 -9.66 -14.65 -35.41 318.35 248.73 74.42 -0.10
0.00 5369.33
481.40 -14.56 -18.50 -38.39 319.77 244.16 75.76 -0.10
0.00 6011.52
443.60 -18.76 -22.03 -43.20 321.65 239.13 77.62 -0.10
0.00 6625.57
409.60 -22.16 -24.95 -46.73 324.47 236.88 81.41 0.10
0.00 7215.45
378.90 -25.66 -27.96 -49.56 327.03 235.73 85.57 0.20
0.00 7783.88
351.20 -28.06 -30.18 -55.34 330.76 232.29 87.65 0.10
0.00 8331.21
326.30 -30.86 -32.69 -59.20 333.84 224.30 90.11 0.00
0.00 8855.79
303.90 -34.36 -35.81 -61.99 335.73 222.52 98.58 -0.10
0.00 9356.54
283.70 -38.26 -39.33 -62.52 336.80 223.86 103.73 0.00
0.00 9833.39
265.60 -41.46 -42.26 -60.81 338.57 226.34 106.06 0.10
0.00 10283.58
248.70 -43.76 -44.45 -63.51 341.52 228.83 110.96 0.30
0.00 10727.25
233.50 -46.06 -46.65 -66.97 344.20 231.65 118.65 0.40
0.00 11148.59
219.60 -48.36 -48.84 -67.41 346.74 233.97 122.51 0.40
0.00 11554.50
205.60 -50.66 -51.08 -72.72 349.66 234.72 120.40 0.40
0.00 11985.74
191.70 -53.06 -53.40 -73.19 352.88 234.21 115.91 0.30
0.00 12439.17
177.70 -55.56 -55.83 -73.70 356.51 234.88 110.43 0.10
0.00 12924.95
163.80 -57.96 -58.17 -74.24 360.88 237.60 102.60 0.00
0.00 13440.87
149.80 -60.36 -60.53 -74.84 366.09 242.02 91.51 -0.10
0.00 14000.51
135.90 -63.06 -9999.00 -9999.00 -9999.00 245.15 78.57 -0.10
0.00 14603.22
121.90 -66.56 -9999.00 -9999.00 -9999.00 243.07 67.33 -0.10
0.00 15266.23
108.00 -69.46 -9999.00 -9999.00 -9999.00 236.82 61.03 0.00
0.00 15993.22
94.00 -70.16 -9999.00 -9999.00 -9999.00 232.41 58.59 0.00
0.00 16819.58
81.00 -66.36 -9999.00 -9999.00 -9999.00 244.94 46.31 0.00
0.00 17712.27
70.60 -60.96 -9999.00 -9999.00 -9999.00 285.62 18.76 0.00
0.00 18554.93
62.20 -63.06 -9999.00 -9999.00 -9999.00 215.54 6.68 0.00
0.00 19337.83
54.30 -61.16 -9999.00 -9999.00 -9999.00 203.68 12.08 0.00
0.00 20176.92
46.90 -57.96 -9999.00 -9999.00 -9999.00 205.92 15.56 0.00
0.00 21092.89
40.10 -57.66 -9999.00 -9999.00 -9999.00 261.87 1.38 0.00
0.00 22080.24
33.80 -57.36 -9999.00 -9999.00 -9999.00 103.78 10.61 0.00
0.00 23159.08
27.80 -53.86 -9999.00 -9999.00 -9999.00 135.00 14.84 0.00
0.00 24403.48
22.30 -50.96 -9999.00 -9999.00 -9999.00 110.96 9.77 0.00
0.00 25827.89
17.10 -47.76 -9999.00 -9999.00 -9999.00 66.30 8.70 0.00
0.00 27567.14
12.30 -48.76 -9999.00 -9999.00 -9999.00 260.54 4.72 0.00
0.00 29736.05

STID = KDAL STNM = 722583 TIME = 191021/1700 
SLAT = 32.84 SLON = -96.85 SELV = 138.0
STIM = 17

SHOW = 15.31 LIFT = 14.98 SWET = 112.17 KINX = -17.65
LCLP = 866.16 PWAT = 8.28 TOTL = 21.60 CAPE = 0.00
LCLT = 278.06 CINS = 0.00 EQLV = -9999.00 LFCT = -9999.00
BRCH = 0.00

PRES TMPC TMWC DWPC THTE DRCT SKNT OMEG
CFRL HGHT
997.30 16.34 11.23 6.96 307.93 341.97 8.78 0.00
0.00 149.08
994.30 15.84 10.54 5.89 306.46 342.15 12.04 0.00
0.00 174.68
988.80 15.34 10.03 5.24 305.78 342.32 14.06 -0.10
0.00 221.73
979.40 14.44 9.35 4.61 305.12 343.10 16.05 -0.10
0.00 302.53
965.50 13.24 8.46 3.87 304.53 343.12 18.07 -0.10
0.00 423.00
947.60 11.74 7.15 2.43 303.39 344.26 22.20 -0.20
0.00 579.94
926.30 11.14 4.58 -4.06 299.79 344.24 25.02 -0.20
2.00 769.78
903.10 11.84 3.08 -11.80 298.82 344.00 26.07 -0.20
0.00 981.43
877.90 11.14 2.22 -13.92 299.83 334.27 23.72 -0.10
0.00 1217.45
849.70 9.64 1.33 -13.60 301.32 316.01 15.66 -0.10
0.00 1488.68
818.60 7.54 -0.31 -15.62 301.70 300.26 16.20 0.00
0.00 1796.47
784.50 5.94 -2.18 -21.62 302.04 291.54 23.82 0.10
0.00 2145.30
747.50 4.84 -3.49 -26.50 304.14 277.98 32.17 0.20
0.00 2539.38
707.50 3.74 -4.14 -23.73 308.43 261.69 44.37 0.20
0.00 2986.20
664.60 1.24 -5.45 -20.41 312.26 250.05 55.79 0.20
0.00 3491.19
618.70 -2.36 -8.52 -25.51 313.35 251.50 58.18 0.30
0.00 4062.55
570.40 -5.86 -11.52 -30.75 315.69 259.37 64.24 0.60
0.00 4702.92
523.50 -10.26 -14.91 -33.14 317.96 262.06 75.89 0.90
0.00 5368.89
481.30 -14.86 -18.62 -36.82 319.60 259.57 84.73 0.90
0.00 6010.13
443.60 -19.56 -22.67 -44.24 320.56 255.96 85.70 0.70
0.00 6621.31
409.60 -22.56 -25.38 -51.64 323.72 248.30 85.10 0.50
0.00 7209.77
378.90 -25.46 -27.82 -50.39 327.25 241.52 90.83 0.30
0.00 7777.97
351.20 -28.36 -30.36 -51.95 330.47 235.05 95.28 0.00
0.00 8325.19
326.30 -31.06 -32.85 -59.20 333.56 232.56 92.97 -0.20
0.00 8849.23
303.90 -34.26 -35.72 -61.99 335.87 226.63 91.65 -0.40
0.00 9349.88
283.70 -38.16 -39.26 -65.55 336.90 221.79 95.61 -0.40
0.00 9826.93
265.60 -41.96 -42.77 -66.03 337.75 223.22 101.55 -0.10
0.00 10276.74
248.70 -44.56 -45.19 -63.51 340.33 226.53 107.87 0.20
0.00 10719.15
233.50 -46.46 -47.00 -63.98 343.64 229.94 118.01 0.40
0.00 11139.38
219.60 -48.16 -48.65 -67.41 347.05 232.68 123.35 0.40
0.00 11545.11
205.60 -49.86 -50.32 -72.72 350.92 233.81 121.06 0.40
0.00 11977.32
191.70 -51.96 -52.34 -73.19 354.64 234.31 115.52 0.20
0.00 12432.69
177.70 -54.46 -54.77 -73.70 358.32 236.53 109.91 0.00
0.00 12920.92
163.80 -57.16 -57.40 -74.24 362.22 240.82 102.80 -0.10
0.00 13439.10
149.80 -60.16 -60.33 -74.84 366.43 244.89 92.46 -0.20
0.00 14000.05
135.90 -63.26 -9999.00 -9999.00 -9999.00 246.14 79.23 -0.20
0.00 14602.76
121.90 -66.16 -9999.00 -9999.00 -9999.00 241.12 66.76 -0.10
0.00 15266.08
107.90 -69.26 -9999.00 -9999.00 -9999.00 232.14 60.76 0.00
0.00 15999.71
94.00 -69.66 -9999.00 -9999.00 -9999.00 233.24 58.43 0.10
0.00 16821.97
81.00 -66.16 -9999.00 -9999.00 -9999.00 245.94 45.75 0.10
0.00 17716.18
70.60 -61.06 -9999.00 -9999.00 -9999.00 279.65 19.70 0.00
0.00 18559.05
62.20 -62.86 -9999.00 -9999.00 -9999.00 194.04 6.41 0.00
0.00 19342.13
54.30 -59.86 -9999.00 -9999.00 -9999.00 225.00 14.57 0.00
0.00 20184.20
46.90 -57.66 -9999.00 -9999.00 -9999.00 230.29 14.90 0.00
0.00 21103.60
40.10 -57.56 -9999.00 -9999.00 -9999.00 284.93 3.01 0.00
0.00 22091.88
33.80 -56.16 -9999.00 -9999.00 -9999.00 125.39 9.05 0.00
0.00 23173.96
27.80 -52.66 -9999.00 -9999.00 -9999.00 126.03 10.57 0.00
0.00 24425.23
22.30 -51.86 -9999.00 -9999.00 -9999.00 64.70 11.81 0.00
0.00 25850.61
17.10 -48.26 -9999.00 -9999.00 -9999.00 94.69 11.89 0.00
0.00 27584.42
12.30 -47.86 -9999.00 -9999.00 -9999.00 278.13 2.74 0.00
0.00 29755.26

STID = KDAL STNM = 722583 TIME = 191021/1800 
SLAT = 32.84 SLON = -96.85 SELV = 138.0
STIM = 18

SHOW = 16.67 LIFT = 15.38 SWET = 117.99 KINX = -19.05
LCLP = 856.09 PWAT = 8.71 TOTL = 18.86 CAPE = 0.00
LCLT = 277.92 CINS = 0.00 EQLV = -9999.00 LFCT = -9999.00
BRCH = 0.00

PRES TMPC TMWC DWPC THTE DRCT SKNT OMEG
CFRL HGHT
997.10 17.14 11.57 6.98 308.84 334.65 8.16 0.00
0.00 149.11
994.10 16.64 10.89 5.91 307.37 334.36 10.78 0.00
0.00 174.79
988.70 16.04 10.35 5.28 306.59 334.23 12.51 0.00
0.00 221.11
979.20 15.14 9.68 4.68 305.97 334.84 14.16 0.00
0.00 302.99
965.30 13.94 8.83 4.00 305.44 335.67 15.56 -0.10
0.00 423.77
947.40 12.34 7.70 3.11 304.73 336.04 17.21 -0.10
0.00 581.12
926.20 11.04 5.35 -1.43 301.57 337.14 21.50 -0.10
5.00 770.32
902.90 11.54 3.07 -10.96 298.88 337.00 22.38 -0.10
0.00 982.81
877.70 10.74 1.97 -14.18 299.33 332.33 22.59 -0.10
0.00 1218.60
849.50 9.44 1.18 -13.84 301.03 306.62 17.91 -0.10
0.00 1489.60
818.40 7.34 -0.42 -15.62 301.51 288.43 18.43 0.00
0.00 1797.24
784.40 5.64 -2.28 -20.98 301.89 285.88 24.84 0.10
0.00 2144.81
747.40 3.84 -4.00 -25.61 303.22 280.68 31.43 0.20
0.00 2538.03
707.40 1.94 -5.27 -24.46 306.27 269.72 40.40 0.20
0.00 2982.66
664.50 1.54 -5.74 -24.16 311.58 254.58 54.82 0.10
0.00 3486.29
618.60 -1.86 -8.43 -27.67 313.48 254.03 54.35 0.10
0.00 4058.50
570.30 -6.16 -11.57 -29.06 315.66 262.25 61.95 0.10
0.00 4699.20
523.50 -9.16 -14.07 -31.85 319.50 257.94 78.07 0.20
0.00 5364.85
481.30 -13.66 -17.50 -33.13 321.62 252.43 85.59 0.40
0.00 6008.96
443.50 -18.96 -21.65 -34.39 322.43 254.72 89.20 0.60
0.00 6624.07
409.60 -24.06 -25.86 -36.09 323.08 261.15 92.19 1.00
0.00 7209.94
378.80 -27.66 -29.24 -41.04 325.05 262.62 96.76 1.00
0.00 7775.91
351.20 -30.46 -32.12 -51.95 327.64 248.15 91.88 0.70
0.00 8316.50
326.30 -32.56 -34.11 -57.42 331.54 236.04 101.88 0.30
0.00 8836.67
303.90 -34.66 -36.07 -61.99 335.30 230.94 95.57 0.20
0.00 9335.34
283.70 -38.06 -39.18 -65.55 337.04 219.47 96.87 0.20
0.00 9812.09
265.60 -41.66 -42.49 -66.03 338.19 220.59 108.97 0.30
0.00 10262.28
248.70 -43.76 -44.45 -63.51 341.52 226.88 117.37 0.40
0.00 10705.75
233.50 -45.76 -46.37 -66.97 344.65 231.61 124.16 0.40
0.00 11127.37
219.60 -47.76 -48.28 -67.41 347.66 233.70 125.33 0.40
0.00 11534.09
205.60 -49.36 -49.84 -72.72 351.71 234.45 121.29 0.30
0.00 11967.16
191.70 -51.56 -51.96 -73.19 355.29 235.06 115.64 0.20
0.00 12423.46
177.70 -54.36 -54.67 -73.70 358.48 237.18 110.02 0.00
0.00 12912.24
163.80 -57.46 -57.69 -74.24 361.72 240.39 103.01 -0.10
0.00 13430.18
149.80 -60.46 -60.62 -74.84 365.91 243.49 93.55 -0.10
0.00 13990.34
135.90 -62.96 -9999.00 -9999.00 -9999.00 245.03 81.00 -0.10
0.00 14593.05
121.90 -65.46 -9999.00 -9999.00 -9999.00 240.15 68.30 0.00
0.00 15257.97
108.00 -68.56 -9999.00 -9999.00 -9999.00 231.17 62.59 0.00
0.00 15988.51
94.00 -69.36 -9999.00 -9999.00 -9999.00 235.51 57.98 0.00
0.00 16818.32
81.00 -66.06 -9999.00 -9999.00 -9999.00 251.18 45.14 0.00
0.00 17713.41
70.60 -62.46 -9999.00 -9999.00 -9999.00 272.79 23.91 0.00
0.00 18553.66
62.20 -63.76 -9999.00 -9999.00 -9999.00 171.18 11.40 0.00
0.00 19332.48
54.30 -59.76 -9999.00 -9999.00 -9999.00 208.51 17.91 0.00
0.00 20172.95
46.90 -56.66 -9999.00 -9999.00 -9999.00 236.07 12.88 0.00
0.00 21094.71
40.10 -56.86 -9999.00 -9999.00 -9999.00 326.31 4.90 0.00
0.00 22086.89
33.80 -56.46 -9999.00 -9999.00 -9999.00 126.33 8.20 0.00
0.00 23169.97
27.80 -53.16 -9999.00 -9999.00 -9999.00 112.93 10.98 0.00
0.00 24418.95
22.30 -52.36 -9999.00 -9999.00 -9999.00 74.05 16.98 0.00
0.00 25841.10
17.10 -48.36 -9999.00 -9999.00 -9999.00 107.10 13.21 0.00
0.00 27572.58
12.30 -47.46 -9999.00 -9999.00 -9999.00 333.43 2.18 0.00
0.00 29744.87

STID = KDAL STNM = 722583 TIME = 191021/1900 
SLAT = 32.84 SLON = -96.85 SELV = 138.0
STIM = 19

SHOW = 17.33 LIFT = 14.97 SWET = 126.05 KINX = -19.24
LCLP = 850.07 PWAT = 9.32 TOTL = 17.67 CAPE = 0.00
LCLT = 277.86 CINS = 0.00 EQLV = -9999.00 LFCT = -9999.00
BRCH = 0.00

PRES TMPC TMWC DWPC THTE DRCT SKNT OMEG
CFRL HGHT
996.80 17.64 11.80 7.02 309.46 330.26 7.83 0.00
0.00 149.14
993.70 17.14 11.13 5.98 308.03 329.04 10.20 0.00
0.00 175.72
988.30 16.64 10.66 5.41 307.42 329.53 11.50 0.00
0.00 222.15
978.90 15.74 10.02 4.86 306.85 329.93 12.80 0.00
0.00 303.37
965.00 14.54 9.21 4.26 306.40 329.86 13.93 0.00
0.00 424.45
947.10 12.94 8.13 3.49 305.79 329.80 15.05 0.00
0.00 582.19
925.90 11.34 6.24 0.71 303.70 330.67 19.83 -0.10
0.00 771.79
902.60 10.94 3.75 -6.44 300.55 330.05 20.63 0.00
0.00 984.32
877.40 10.64 1.95 -13.93 299.35 328.05 21.29 0.00
0.00 1219.97
849.20 9.34 1.16 -13.61 301.05 302.01 21.99 -0.10
0.00 1490.97
818.10 7.54 -0.36 -15.97 301.64 284.84 23.50 -0.10
0.00 1798.77
784.10 5.44 -2.36 -20.61 301.80 283.53 26.57 0.00
0.00 2146.47
747.10 3.24 -4.23 -24.15 302.88 281.38 32.50 0.20
0.00 2539.30
707.20 2.14 -5.09 -23.88 306.64 272.33 42.97 0.30
0.00 2982.66
664.30 1.34 -5.88 -24.30 311.34 256.89 52.25 0.30
0.00 3486.44
618.50 -2.56 -8.71 -26.09 313.02 256.89 52.25 0.30
0.00 4056.61
570.20 -5.86 -11.31 -28.38 316.17 261.29 65.44 0.20
0.00 4696.97
523.30 -8.46 -13.44 -29.97 320.73 254.42 80.26 0.10
0.00 5365.51
481.20 -13.06 -17.03 -32.52 322.49 248.17 84.11 0.10
0.00 6009.91
443.50 -18.66 -21.39 -33.97 322.88 250.57 85.28 0.20
0.00 6624.54
409.50 -22.76 -24.94 -37.32 324.61 255.99 91.49 0.40
0.00 7214.07
378.80 -27.76 -29.24 -39.76 325.07 261.16 93.57 0.60
0.00 7779.64
351.20 -31.46 -32.84 -47.49 326.52 258.78 92.87 0.60
0.00 8319.03
326.30 -33.96 -35.32 -57.42 329.61 242.90 93.82 0.50
0.00 8836.63
303.90 -35.46 -36.77 -61.99 334.18 235.92 102.25 0.40
0.00 9333.01
283.70 -37.26 -38.46 -65.55 338.19 220.36 103.50 0.30
0.00 9809.75
265.60 -41.26 -42.13 -66.03 338.77 223.96 113.89 0.30
0.00 10261.11
248.70 -43.66 -44.36 -63.51 341.67 231.88 122.73 0.30
0.00 10705.06
233.50 -46.26 -46.84 -66.97 343.89 235.81 123.76 0.30
0.00 11126.30
219.60 -48.06 -48.56 -67.41 347.20 236.68 126.22 0.30
0.00 11532.30
205.60 -49.66 -50.13 -72.72 351.24 237.95 124.46 0.20
0.00 11964.80
191.70 -51.86 -52.25 -73.19 354.80 238.73 118.63 0.10
0.00 12420.48
177.70 -54.66 -54.96 -73.70 357.99 239.41 111.46 0.00
0.00 12908.59
163.80 -57.66 -57.88 -74.24 361.39 240.48 102.91 -0.10
0.00 13425.94
149.80 -60.76 -60.92 -74.84 365.40 242.10 92.97 0.00
0.00 13985.45
135.90 -63.66 -63.77 -75.48 370.58 243.07 81.49 0.00
0.00 14586.74
121.90 -65.46 -9999.00 -9999.00 -9999.00 239.36 70.90 0.10
0.00 15250.54
108.00 -68.06 -9999.00 -9999.00 -9999.00 229.07 65.83 0.10
0.00 15981.96
94.00 -68.86 -9999.00 -9999.00 -9999.00 234.25 61.52 0.00
0.00 16813.81
81.00 -65.96 -9999.00 -9999.00 -9999.00 253.64 44.13 0.00
0.00 17710.20
70.60 -63.06 -9999.00 -9999.00 -9999.00 262.73 18.41 0.00
0.00 18549.45
62.20 -63.66 -9999.00 -9999.00 -9999.00 174.75 19.11 0.00
0.00 19327.34
54.30 -59.46 -9999.00 -9999.00 -9999.00 203.39 23.48 0.00
0.00 20168.61
46.90 -56.26 -9999.00 -9999.00 -9999.00 242.15 11.64 0.00
0.00 21091.88
40.10 -57.06 -9999.00 -9999.00 -9999.00 332.74 7.21 0.00
0.00 22084.51
33.80 -56.26 -9999.00 -9999.00 -9999.00 113.63 6.78 0.00
0.00 23167.59
27.80 -53.56 -9999.00 -9999.00 -9999.00 97.28 9.21 0.00
0.00 24416.00
22.30 -52.66 -9999.00 -9999.00 -9999.00 82.63 16.65 0.00
0.00 25835.89
17.10 -49.76 -9999.00 -9999.00 -9999.00 118.02 13.64 0.00
0.00 27560.76
12.30 -47.76 -9999.00 -9999.00 -9999.00 310.60 3.57 0.00
0.00 29724.85

STID = KDAL STNM = 722583 TIME = 191021/2000 
SLAT = 32.84 SLON = -96.85 SELV = 138.0
STIM = 20

SHOW = 17.08 LIFT = 13.95 SWET = 130.35 KINX = -17.81
LCLP = 841.82 PWAT = 9.84 TOTL = 18.45 CAPE = 0.00
LCLT = 277.61 CINS = 0.00 EQLV = -9999.00 LFCT = -9999.00
BRCH = 0.00

PRES TMPC TMWC DWPC THTE DRCT SKNT OMEG
CFRL HGHT
996.20 18.14 11.95 6.90 309.92 327.99 7.32 0.00
0.00 149.16
993.10 17.74 11.33 5.85 308.59 327.62 9.42 0.00
0.00 175.82
987.70 17.14 10.82 5.27 307.87 326.89 10.66 0.00
0.00 222.36
978.30 16.34 10.24 4.77 307.46 327.09 11.79 0.10
0.00 303.77
964.40 15.04 9.38 4.15 306.88 325.84 13.15 0.10
0.00 425.16
946.60 13.54 8.40 3.48 306.49 325.01 14.22 0.10
0.00 582.41
925.30 11.74 7.06 2.35 305.73 324.22 16.28 0.10
0.00 773.38
902.00 10.74 4.52 -3.32 302.41 320.53 21.39 0.00
2.00 986.21
876.80 10.64 2.04 -13.38 299.61 320.39 21.93 -0.10
0.00 1221.98
848.70 9.24 1.20 -13.09 301.20 299.58 24.79 0.00
0.00 1492.16
817.70 7.44 -0.52 -16.62 301.36 286.01 24.65 0.10
0.00 1799.03
783.70 4.94 -2.62 -20.38 301.36 283.94 27.43 0.30
0.00 2146.53
746.70 2.64 -4.38 -22.18 302.71 284.11 35.86 0.40
0.00 2538.80
706.80 2.34 -4.87 -22.93 307.14 272.18 45.88 0.30
0.00 2982.11
664.00 0.94 -6.03 -23.50 311.13 259.03 51.05 0.20
0.00 3484.82
618.20 -2.86 -8.79 -25.10 312.95 262.07 54.91 0.10
0.00 4054.54
570.00 -5.76 -11.10 -26.98 316.62 264.91 70.01 0.00
0.00 4693.64
523.20 -8.86 -13.52 -28.20 320.65 254.23 79.33 0.00
0.00 5360.59
481.00 -13.06 -16.89 -31.03 322.81 247.15 83.04 -0.10
0.00 6006.27
443.40 -17.56 -20.61 -34.39 324.23 248.08 84.81 0.00
0.00 6620.78
409.40 -22.36 -24.65 -37.58 325.11 252.10 85.33 0.10
0.00 7212.20
378.70 -26.46 -28.43 -44.19 326.37 260.90 89.70 0.40
0.00 7779.83
351.10 -30.96 -32.48 -49.46 327.11 260.95 92.64 0.50
0.00 8321.34
326.20 -34.36 -35.61 -53.57 329.21 250.32 93.45 0.50
0.00 8839.20
303.80 -36.26 -37.48 -61.99 333.09 241.81 98.29 0.30
0.00 9334.49
283.70 -37.46 -38.64 -65.55 337.90 234.31 103.55 0.10
0.00 9807.95
265.60 -41.06 -41.94 -66.03 339.07 225.50 110.86 -0.10
0.00 10259.30
248.70 -44.36 -45.00 -63.51 340.63 231.06 119.62 -0.10
0.00 10702.77
233.50 -47.26 -47.77 -66.97 342.38 236.70 119.93 0.00
0.00 11122.45
219.50 -48.86 -49.31 -67.42 346.01 237.78 121.70 0.00
0.00 11529.84
205.60 -50.36 -50.79 -72.72 350.14 238.20 123.87 0.10
0.00 11957.90
191.70 -52.56 -52.92 -73.19 353.68 239.94 120.98 0.10
0.00 12412.15
177.70 -55.06 -55.34 -73.70 357.33 241.65 114.12 0.10
0.00 12899.04
163.80 -57.66 -57.88 -74.24 361.39 242.96 103.81 -0.10
0.00 13415.91
149.80 -60.46 -60.62 -74.84 365.91 243.10 88.87 -0.10
0.00 13975.82
135.90 -63.86 -9999.00 -9999.00 -9999.00 242.10 78.46 0.00
0.00 14577.25
121.90 -66.16 -9999.00 -9999.00 -9999.00 241.30 72.42 0.10
0.00 15239.62
107.90 -67.56 -9999.00 -9999.00 -9999.00 230.78 68.20 0.10
0.00 15976.28
94.00 -68.86 -9999.00 -9999.00 -9999.00 235.46 62.02 0.10
0.00 16803.58
81.00 -65.36 -9999.00 -9999.00 -9999.00 255.10 40.81 0.00
0.00 17701.28
70.60 -62.76 -9999.00 -9999.00 -9999.00 251.31 13.95 0.00
0.00 18542.34
62.20 -62.76 -9999.00 -9999.00 -9999.00 183.23 24.13 0.00
0.00 19322.45
54.30 -59.46 -9999.00 -9999.00 -9999.00 217.83 20.90 0.00
0.00 20165.51
46.90 -57.16 -9999.00 -9999.00 -9999.00 267.80 10.10 0.00
0.00 21086.85
40.10 -57.36 -9999.00 -9999.00 -9999.00 347.01 5.19 0.00
0.00 22076.72
33.80 -55.06 -9999.00 -9999.00 -9999.00 103.74 8.99 0.00
0.00 23162.06
27.80 -53.26 -9999.00 -9999.00 -9999.00 95.49 10.14 0.00
0.00 24414.76
22.30 -52.66 -9999.00 -9999.00 -9999.00 90.77 14.37 0.00
0.00 25835.62
17.10 -49.66 -9999.00 -9999.00 -9999.00 125.07 11.15 0.00
0.00 27560.88
12.30 -47.06 -9999.00 -9999.00 -9999.00 301.33 5.23 0.00
0.00 29728.82

STID = KDAL STNM = 722583 TIME = 191021/2100 
SLAT = 32.84 SLON = -96.85 SELV = 138.0
STIM = 21

SHOW = 17.13 LIFT = 13.80 SWET = 132.48 KINX = -15.98
LCLP = 836.64 PWAT = 10.13 TOTL = 19.05 CAPE = 0.00
LCLT = 277.61 CINS = 0.00 EQLV = -9999.00 LFCT = -9999.00
BRCH = 0.00

PRES TMPC TMWC DWPC THTE DRCT SKNT OMEG
CFRL HGHT
996.00 18.64 12.20 6.99 310.60 326.77 6.74 0.00
0.00 149.18
993.00 18.24 11.56 5.90 309.20 325.95 8.68 0.00
0.00 175.03
987.50 17.74 11.08 5.29 308.56 325.38 9.91 0.10
0.00 222.52
978.10 16.94 10.48 4.72 308.07 325.18 10.88 0.10
0.00 304.13
964.20 15.74 9.67 4.09 307.60 323.50 12.08 0.20
0.00 425.81
946.40 14.14 8.63 3.40 307.08 321.47 13.40 0.20
0.00 583.44
925.10 12.44 7.12 1.68 305.87 318.07 15.40 0.20
0.00 774.88
901.90 11.64 4.31 -5.63 301.86 311.99 20.90 0.20
0.00 987.38
876.70 10.44 2.65 -9.60 301.05 306.49 23.19 0.20
0.00 1223.47
848.60 8.74 1.10 -12.15 301.06 293.88 25.91 0.20
0.00 1493.40
817.50 6.84 -0.74 -15.89 300.98 287.78 26.73 0.20
0.00 1800.74
783.50 4.34 -2.83 -19.24 301.04 286.26 29.14 0.20
0.00 2147.59
746.60 2.34 -4.53 -21.92 302.46 283.65 35.37 0.20
0.00 2538.25
706.70 1.74 -5.17 -22.42 306.61 271.78 43.73 0.10
0.00 2980.91
663.90 0.34 -6.22 -22.16 310.81 264.42 51.92 0.10
0.00 3482.62
618.10 -2.46 -8.52 -24.96 313.46 266.22 58.99 0.10
0.00 4052.24
569.90 -5.26 -10.60 -25.33 317.64 263.51 73.89 0.10
0.00 4692.54
523.10 -8.86 -13.28 -26.15 321.17 256.10 80.85 0.00
0.00 5360.30
481.00 -13.06 -16.74 -29.56 323.12 250.31 81.29 -0.10
0.00 6004.55
443.30 -17.36 -20.41 -33.76 324.61 246.78 80.32 -0.20
0.00 6621.03
409.40 -21.76 -24.24 -38.41 325.78 246.53 80.48 -0.10
0.00 7211.71
378.70 -25.76 -27.90 -45.16 327.22 249.49 83.16 0.10
0.00 7780.82
351.10 -30.06 -31.74 -50.22 328.29 253.81 86.36 0.20
0.00 8324.09
326.20 -34.16 -35.45 -54.68 329.44 253.00 91.01 0.40
0.00 8843.13
303.80 -37.46 -38.52 -59.76 331.44 250.70 97.55 0.50
0.00 9337.38
283.70 -39.16 -40.14 -62.52 335.51 245.19 99.51 0.40
0.00 9807.94
265.60 -40.36 -41.31 -66.03 340.09 227.53 108.76 0.30
0.00 10258.33
248.70 -44.26 -44.93 -66.51 340.73 231.40 114.59 0.30
0.00 10702.57
233.50 -47.66 -48.15 -66.97 341.77 237.30 118.65 0.30
0.00 11121.97
219.50 -49.46 -49.88 -67.42 345.09 240.15 118.26 0.40
0.00 11528.45
205.60 -50.96 -51.36 -72.72 349.19 239.59 121.64 0.40
0.00 11955.36
191.70 -53.16 -53.49 -73.19 352.72 240.27 122.59 0.30
0.00 12408.38
177.70 -55.76 -56.02 -73.70 356.19 243.73 117.62 0.10
0.00 12893.83
163.80 -57.46 -57.69 -74.24 361.72 247.66 103.75 -0.10
0.00 13410.11
149.80 -59.76 -9999.00 -9999.00 -9999.00 247.26 85.94 -0.20
0.00 13971.18
135.90 -63.06 -9999.00 -9999.00 -9999.00 241.28 73.97 -0.20
0.00 14574.75
121.90 -67.06 -9999.00 -9999.00 -9999.00 239.88 72.77 -0.10
0.00 15236.96
107.90 -67.46 -9999.00 -9999.00 -9999.00 236.22 67.77 0.00
0.00 15972.20
94.00 -68.76 -9999.00 -9999.00 -9999.00 236.26 61.91 0.00
0.00 16799.91
81.00 -65.86 -9999.00 -9999.00 -9999.00 257.72 42.95 0.00
0.00 17696.73
70.60 -64.46 -9999.00 -9999.00 -9999.00 233.45 14.02 0.00
0.00 18533.36
62.20 -62.66 -9999.00 -9999.00 -9999.00 186.84 29.35 0.00
0.00 19310.51
54.30 -58.66 -9999.00 -9999.00 -9999.00 230.05 20.28 0.00
0.00 20155.36
46.90 -56.16 -9999.00 -9999.00 -9999.00 295.02 9.65 0.00
0.00 21080.56
40.10 -56.86 -9999.00 -9999.00 -9999.00 24.44 4.70 0.00
0.00 22073.87
33.80 -54.76 -9999.00 -9999.00 -9999.00 102.53 8.95 0.00
0.00 23161.21
27.80 -52.66 -9999.00 -9999.00 -9999.00 75.07 9.05 0.00
0.00 24416.49
22.30 -52.36 -9999.00 -9999.00 -9999.00 90.76 14.57 0.00
0.00 25840.25
17.10 -49.06 -9999.00 -9999.00 -9999.00 133.57 10.99 0.00
0.00 27569.01
12.30 -46.46 -9999.00 -9999.00 -9999.00 292.93 5.48 0.00
0.00 29742.74
STN YYMMDD/HHMM PMSL PRES SKTC STC1 SNFL WTNS
P01M C01M STC2 LCLD MCLD HCLD
SNRA UWND VWND R01M BFGR T2MS
Q2MS WXTS WXTP WXTZ WXTR USTM
VSTM HLCY SLLH WSYM CDBP VSBK
TD2M
722583 191021/0000 1002.80 986.90 27.74 300.90 -9999.00 0.00
-9999.00 -9999.00 301.00 58.00 0.00 0.00
-9999.00 -2.00 3.70 -9999.00 -9999.00 28.04
15.76 0.00 0.00 0.00 0.00 12.90
5.70 252.60 -9999.00 999.00 -9999.00 20.00
20.62
722583 191021/0100 1002.90 987.00 26.04 299.20 0.00 100.00
0.00 0.00 299.40 0.00 48.00 0.00
-9999.00 -2.50 3.20 -9999.00 -9999.00 26.64
16.11 0.00 0.00 0.00 0.00 10.90
6.30 394.80 -9999.00 999.00 -9999.00 20.00
20.97
722583 191021/0200 1002.90 987.00 25.64 298.80 0.00 100.00
0.00 0.00 298.90 6.00 13.00 0.00
-9999.00 -2.50 3.60 -9999.00 -9999.00 26.34
15.97 0.00 0.00 0.00 0.00 10.30
6.50 445.20 -9999.00 999.00 -9999.00 20.00
20.83
722583 191021/0300 1002.30 986.50 25.34 298.50 0.00 100.00
0.00 0.00 298.60 2.00 0.00 0.00
-9999.00 -2.70 3.80 -9999.00 -9999.00 26.04
15.97 0.00 0.00 0.00 0.00 11.40
5.50 551.90 -9999.00 999.00 -9999.00 20.00
20.82
722583 191021/0400 1001.60 985.70 25.74 298.90 0.00 100.00
0.00 0.00 298.80 11.00 0.00 0.00
-9999.00 -1.00 6.80 -9999.00 -9999.00 26.54
16.44 0.00 0.00 0.00 0.00 13.40
6.60 523.30 -9999.00 999.00 -9999.00 20.00
21.27
722583 191021/0500 1002.60 986.70 25.34 298.50 0.00 100.00
0.13 0.13 298.60 100.00 100.00 0.00
-9999.00 0.90 4.90 -9999.00 -9999.00 25.64
17.46 0.00 0.00 0.00 1.00 16.40
7.20 573.50 -9999.00 60.00 -9999.00 0.00
22.24
722583 191021/0600 1004.00 988.10 24.14 297.30 0.00 100.00
7.87 6.91 297.60 100.00 88.00 0.00
-9999.00 4.30 3.80 -9999.00 -9999.00 23.54
18.34 0.00 0.00 0.00 1.00 21.70
9.30 267.80 -9999.00 60.00 955.00 0.00
23.05
722583 191021/0700 1005.60 989.60 23.04 296.20 0.00 100.00
24.34 12.62 296.60 100.00 98.00 0.00
-9999.00 5.90 1.00 -9999.00 -9999.00 22.24
16.97 0.00 0.00 0.00 1.00 26.60
8.30 -341.60 -9999.00 60.00 841.30 0.00
21.84
722583 191021/0800 1005.00 989.00 22.04 295.20 0.00 100.00
2.37 0.93 295.70 69.00 12.00 0.00
-9999.00 6.30 0.20 -9999.00 -9999.00 22.94
14.92 0.00 0.00 0.00 1.00 23.10
3.20 -220.60 -9999.00 60.00 -9999.00 0.00
19.79
722583 191021/0900 1005.50 989.40 16.94 290.10 0.00 100.00
0.00 0.00 291.50 21.00 100.00 0.00
-9999.00 1.70 -5.30 -9999.00 -9999.00 18.84
8.46 0.00 0.00 0.00 0.00 20.90
-1.30 -297.20 -9999.00 999.00 -9999.00 0.04
11.12
722583 191021/1000 1007.30 991.10 15.54 288.70 0.00 100.00
0.00 0.00 289.70 0.00 100.00 0.00
-9999.00 1.10 -2.20 -9999.00 -9999.00 16.34
8.87 0.00 0.00 0.00 0.00 20.60
-1.60 -179.90 -9999.00 999.00 -9999.00 20.00
11.85
722583 191021/1100 1009.60 993.30 13.84 287.00 0.00 100.00
0.00 0.00 288.20 0.00 0.00 0.00
-9999.00 1.10 -4.20 -9999.00 -9999.00 15.24
7.55 0.00 0.00 0.00 0.00 20.50
-2.80 -238.50 -9999.00 999.00 -9999.00 20.00
9.49
722583 191021/1200 1010.50 994.10 12.64 285.80 0.00 100.00
0.00 0.00 286.80 0.00 0.00 0.00
-9999.00 1.00 -3.90 -9999.00 -9999.00 13.94
7.04 0.00 0.00 0.00 0.00 20.30
-3.30 -326.90 -9999.00 999.00 -9999.00 20.00
8.48
722583 191021/1300 1011.60 995.20 11.64 284.80 0.00 100.00
0.00 0.00 285.90 0.00 0.00 0.00
-9999.00 1.40 -4.00 -9999.00 -9999.00 13.04
6.71 0.00 0.00 0.00 0.00 21.20
-2.70 -385.10 -9999.00 999.00 -9999.00 20.00
7.80
722583 191021/1400 1013.80 997.40 13.34 286.50 0.00 100.00
0.00 0.00 286.80 0.00 0.00 0.00
-9999.00 1.60 -4.00 -9999.00 -9999.00 13.74
6.72 0.00 0.00 0.00 0.00 22.00
-2.80 -410.90 -9999.00 999.00 -9999.00 20.00
7.85
722583 191021/1500 1014.80 998.30 15.34 288.50 0.00 100.00
0.00 0.00 288.60 0.00 0.00 0.00
-9999.00 1.70 -4.40 -9999.00 -9999.00 14.74
6.76 0.00 0.00 0.00 0.00 22.80
-3.20 -408.50 -9999.00 999.00 -9999.00 20.00
7.95
722583 191021/1600 1015.20 998.80 17.04 290.20 0.00 100.00
0.00 0.00 290.10 0.00 0.00 0.00
-9999.00 1.80 -4.50 -9999.00 -9999.00 15.74
6.97 0.00 0.00 0.00 0.00 23.50
-4.40 -372.60 -9999.00 999.00 -9999.00 20.00
8.40
722583 191021/1700 1015.00 998.60 18.84 292.00 0.00 100.00
0.00 0.00 291.60 2.00 0.00 0.00
-9999.00 1.50 -4.50 -9999.00 -9999.00 16.64
6.95 0.00 0.00 0.00 0.00 22.30
-7.10 -303.20 -9999.00 999.00 -9999.00 20.00
8.36
722583 191021/1800 1014.80 998.40 20.14 293.30 0.00 100.00
0.00 0.00 293.00 5.00 0.00 0.00
-9999.00 2.00 -3.90 -9999.00 -9999.00 17.54
7.01 0.00 0.00 0.00 0.00 22.90
-6.40 -237.30 -9999.00 999.00 -9999.00 20.00
8.48
722583 191021/1900 1014.40 998.10 20.64 293.80 0.00 100.00
0.00 0.00 293.60 0.00 0.00 0.00
-9999.00 2.30 -3.60 -9999.00 -9999.00 18.04
7.05 0.00 0.00 0.00 0.00 23.80
-5.80 -239.60 -9999.00 999.00 -9999.00 20.00
8.56
722583 191021/2000 1013.80 997.50 20.54 293.70 0.00 100.00
0.00 0.00 293.50 2.00 0.00 0.00
-9999.00 2.40 -3.20 -9999.00 -9999.00 18.44
7.01 0.00 0.00 0.00 0.00 24.70
-6.10 -256.70 -9999.00 999.00 -9999.00 20.00
8.47
722583 191021/2100 1013.60 997.30 19.94 293.10 0.00 100.00
0.00 0.00 293.10 0.00 0.00 0.00
-9999.00 2.40 -2.90 -9999.00 -9999.00 18.84
7.04 0.00 0.00 0.00 0.00 25.00
-6.60 -219.40 -9999.00 999.00 -9999.00 20.00
8.53


