
SNPARM = PRES;TMPC;TMWC;DWPC;THTE;DRCT;SKNT;OMEG;CFRL;HGHT 
STNPRM = SHOW;LIFT;SWET;KINX;LCLP;PWAT;TOTL;CAPE;LCLT;CINS;EQLV;LFCT;BRCH 

STID = KDAL STNM = 722583 TIME = 200808/1900 
SLAT = 32.84 SLON = -96.85 SELV = 138.0
STIM = 0

SHOW = 2.14 LIFT = -1.22 SWET = 147.16 KINX = 28.97
LCLP = 787.62 PWAT = 37.90 TOTL = 43.84 CAPE = 203.33
LCLT = 287.34 CINS = -236.05 EQLV = 239.25 LFCT = 616.92
BRCH = 192.99

PRES TMPC TMWC DWPC THTE DRCT SKNT OMEG
CFRL HGHT
999.60 34.44 22.96 17.94 347.55 162.90 7.93 0.00
0.00 147.07
996.50 33.44 22.58 17.77 346.40 165.38 9.23 0.00
0.00 175.21
991.10 32.74 22.26 17.57 345.85 166.24 9.79 0.00
0.00 224.30
981.60 31.84 21.71 17.09 344.96 167.01 10.37 0.00
0.00 311.07
967.60 30.64 20.86 16.26 343.57 166.70 10.98 -0.10
0.00 440.02
949.60 28.94 19.91 15.54 342.48 166.20 11.40 -0.10
0.00 607.73
928.20 26.94 19.07 15.23 342.53 165.74 11.83 -0.10
0.00 810.05
904.70 24.84 18.07 14.70 342.32 165.30 12.26 -0.10
0.00 1036.11
879.30 22.44 16.64 13.63 340.90 164.90 12.68 0.00
0.00 1285.21
850.90 20.54 13.99 10.08 335.71 162.65 13.03 0.10
6.00 1570.11
819.70 19.94 9.07 -0.87 324.28 160.51 13.38 0.20
0.00 1892.24
785.50 18.04 7.18 -3.87 323.91 152.32 13.38 0.20
0.00 2257.57
748.40 14.94 6.73 -0.61 328.74 154.89 13.73 0.20
0.00 2668.84
708.30 12.04 6.98 3.18 336.51 143.84 12.51 0.30
0.00 3132.53
665.10 8.04 5.31 3.27 339.34 113.86 11.05 0.30
0.00 3656.41
619.10 3.94 1.76 -0.12 337.72 120.26 10.80 0.20
0.00 4244.41
570.60 -0.46 -3.51 -7.10 333.28 146.63 9.54 0.00
0.00 4902.83
523.70 -5.56 -8.58 -13.38 330.88 291.80 2.10 0.00
0.00 5582.40
481.50 -7.76 -12.30 -22.77 331.68 316.47 5.36 0.00
0.00 6238.52
443.70 -11.66 -15.82 -28.06 333.06 270.00 0.78 0.00
0.00 6869.38
409.70 -15.76 -19.11 -30.51 334.97 149.74 5.40 0.20
0.00 7475.11
379.00 -19.16 -22.25 -35.76 337.02 146.69 8.14 0.30
0.00 8058.28
351.30 -23.06 -25.52 -38.32 338.82 177.88 5.24 0.30
0.00 8618.35
326.40 -27.16 -28.85 -38.56 340.42 267.06 7.60 0.10
0.00 9152.26
304.00 -31.46 -32.58 -40.22 341.18 291.80 9.42 0.10
0.00 9659.83
283.80 -35.66 -36.47 -43.75 341.51 312.44 9.21 0.00
0.00 10142.13
265.70 -39.36 -39.97 -46.97 342.30 345.96 8.00 0.00
0.00 10596.76
248.80 -43.16 -43.56 -49.43 342.96 4.97 8.97 0.00
0.00 11042.89
233.60 -46.56 -46.87 -52.96 343.83 346.43 5.79 0.00
0.00 11464.18
219.60 -49.56 -49.83 -56.82 345.15 339.08 7.07 0.00
0.00 11871.41
205.70 -52.26 -52.48 -59.64 347.33 338.01 10.90 0.00
0.00 12296.80
191.70 -54.96 -55.15 -63.30 349.97 336.90 14.36 0.00
0.00 12749.78
177.80 -57.56 -57.74 -68.92 353.23 344.39 13.71 0.00
0.00 13227.67
163.80 -60.56 -60.71 -74.24 356.52 346.76 10.18 0.00
0.00 13741.62
149.80 -63.76 -63.86 -74.84 360.24 336.61 7.83 0.00
0.00 14293.42
135.90 -66.76 -9999.00 -9999.00 -9999.00 330.95 8.00 0.00
0.00 14886.01
121.90 -69.26 -9999.00 -9999.00 -9999.00 347.13 6.97 0.00
0.00 15538.84
108.00 -70.16 -9999.00 -9999.00 -9999.00 32.74 3.22 0.00
0.00 16259.80
94.00 -69.56 -9999.00 -9999.00 -9999.00 98.97 3.73 0.00
0.00 17085.96
81.00 -67.56 -9999.00 -9999.00 -9999.00 121.61 8.90 0.00
0.00 17977.34
70.60 -66.46 -9999.00 -9999.00 -9999.00 111.25 11.25 0.00
0.00 18806.53
62.20 -63.66 -9999.00 -9999.00 -9999.00 104.98 14.28 0.00
0.00 19578.12
54.30 -62.26 -9999.00 -9999.00 -9999.00 98.88 18.88 0.00
0.00 20413.83
46.90 -61.36 -9999.00 -9999.00 -9999.00 106.22 22.26 0.00
0.00 21320.15
40.10 -58.96 -9999.00 -9999.00 -9999.00 98.50 21.02 0.00
0.00 22296.73
33.80 -55.56 -9999.00 -9999.00 -9999.00 83.26 24.84 0.00
0.00 23376.82
27.80 -52.86 -9999.00 -9999.00 -9999.00 83.42 30.50 0.00
0.00 24629.23
22.30 -49.66 -9999.00 -9999.00 -9999.00 85.94 32.91 0.00
0.00 26061.06
17.10 -45.76 -51.06 -88.06 727.27 86.52 35.22 0.00
0.00 27813.13
12.30 -42.76 -50.56 -89.89 809.61 87.57 41.22 0.00
0.00 30020.63

STID = KDAL STNM = 722583 TIME = 200808/2000 
SLAT = 32.84 SLON = -96.85 SELV = 138.0
STIM = 1

SHOW = 2.06 LIFT = -1.13 SWET = 139.64 KINX = 29.74
LCLP = 749.14 PWAT = 37.12 TOTL = 44.26 CAPE = 81.29
LCLT = 284.71 CINS = -238.14 EQLV = 423.07 LFCT = 592.16
BRCH = 169.04

PRES TMPC TMWC DWPC THTE DRCT SKNT OMEG
CFRL HGHT
998.80 35.94 22.36 16.00 344.76 160.56 7.01 0.00
0.00 147.12
995.80 35.04 22.02 15.87 343.84 161.15 8.41 0.00
0.00 174.48
990.30 34.34 21.74 15.75 343.52 161.18 9.03 0.00
0.00 224.73
980.90 33.34 21.33 15.58 343.28 162.30 9.58 0.00
0.00 311.03
966.90 31.94 20.74 15.33 343.04 162.26 10.20 -0.10
0.00 440.59
949.00 30.24 19.99 14.98 342.82 161.90 10.63 -0.10
0.00 608.14
927.50 28.14 19.06 14.56 342.52 162.82 11.19 -0.20
0.00 812.33
904.10 25.94 18.05 14.07 342.29 162.47 11.62 -0.20
0.00 1038.39
878.70 23.44 16.92 13.57 342.05 162.76 11.79 -0.20
0.00 1288.51
850.40 21.24 13.88 9.38 335.33 163.03 11.99 -0.10
2.00 1573.37
819.20 19.74 9.79 1.48 326.61 162.70 12.41 -0.10
0.00 1896.01
785.10 18.24 7.04 -4.66 323.53 158.66 13.34 0.00
0.00 2260.54
748.00 15.24 7.53 1.15 331.21 156.19 14.43 0.10
0.00 2672.43
707.90 12.14 7.45 4.06 338.05 141.34 12.43 0.10
0.00 3136.86
664.80 8.34 5.14 2.70 338.86 113.96 11.48 0.20
0.00 3660.19
618.80 4.14 1.46 -0.93 336.92 122.01 10.99 0.10
0.00 4248.87
570.40 -0.36 -3.81 -8.02 332.58 155.56 7.03 0.00
0.00 4906.45
523.50 -5.46 -8.50 -13.29 331.10 310.91 3.85 0.00
0.00 5586.46
481.30 -8.06 -12.51 -22.86 331.31 321.71 4.70 0.00
0.00 6242.60
443.60 -11.46 -15.68 -27.94 333.37 165.26 3.81 0.10
0.00 6871.88
409.70 -15.06 -18.73 -31.40 335.66 158.20 9.42 0.30
0.00 7476.93
378.90 -18.46 -21.93 -38.08 337.60 165.07 9.05 0.30
0.00 8063.65
351.30 -22.66 -25.22 -38.32 339.36 232.31 5.40 0.30
0.00 8622.98
326.40 -27.06 -28.69 -37.67 340.71 288.43 9.83 0.20
0.00 9157.43
304.00 -31.46 -32.60 -40.47 341.14 299.17 9.56 0.10
0.00 9665.11
283.80 -35.56 -36.43 -44.43 341.58 314.03 8.10 0.10
0.00 10147.51
265.70 -39.26 -39.90 -47.41 342.41 356.42 6.24 0.00
0.00 10602.33
248.80 -43.16 -43.56 -49.43 342.96 13.32 7.60 0.00
0.00 11048.55
233.60 -46.46 -46.81 -53.69 343.94 345.47 5.42 0.00
0.00 11469.93
219.60 -49.46 -49.73 -56.82 345.31 324.64 7.38 0.00
0.00 11877.33
205.70 -52.16 -52.38 -59.64 347.48 328.32 10.72 0.00
0.00 12302.92
191.70 -54.86 -55.05 -63.30 350.13 337.25 13.05 0.00
0.00 12756.10
177.80 -57.36 -57.57 -73.70 353.51 348.34 12.49 0.00
0.00 13234.32
163.80 -60.36 -60.51 -74.24 356.86 345.96 9.62 0.00
0.00 13748.76
149.80 -63.66 -63.76 -74.84 360.41 334.72 7.73 0.00
0.00 14300.95
135.90 -66.56 -9999.00 -9999.00 -9999.00 327.85 8.02 0.00
0.00 14893.97
121.90 -69.06 -9999.00 -9999.00 -9999.00 342.65 6.51 0.00
0.00 15547.43
108.00 -70.16 -9999.00 -9999.00 -9999.00 30.96 2.27 0.00
0.00 16268.75
94.00 -69.46 -9999.00 -9999.00 -9999.00 116.57 3.90 0.00
0.00 17095.11
81.00 -67.66 -9999.00 -9999.00 -9999.00 128.00 7.89 0.00
0.00 17986.49
70.60 -65.86 -9999.00 -9999.00 -9999.00 105.64 10.08 0.00
0.00 18816.69
62.20 -63.76 -9999.00 -9999.00 -9999.00 103.47 14.18 0.00
0.00 19589.20
54.30 -62.66 -9999.00 -9999.00 -9999.00 103.13 17.95 0.00
0.00 20423.92
46.90 -61.26 -9999.00 -9999.00 -9999.00 106.93 18.69 0.00
0.00 21329.59
40.10 -57.66 -9999.00 -9999.00 -9999.00 89.43 19.42 0.00
0.00 22309.39
33.80 -55.06 -9999.00 -9999.00 -9999.00 82.66 25.85 0.00
0.00 23393.97
27.80 -52.96 -9999.00 -9999.00 -9999.00 87.40 29.95 0.00
0.00 24647.53
22.30 -50.16 -9999.00 -9999.00 -9999.00 89.32 32.83 0.00
0.00 26077.42
17.10 -46.96 -9999.00 -9999.00 -9999.00 85.94 35.64 0.00
0.00 27822.89
12.30 -43.26 -50.83 -89.89 807.85 85.24 39.76 0.00
0.00 30022.18

STID = KDAL STNM = 722583 TIME = 200808/2100 
SLAT = 32.84 SLON = -96.85 SELV = 138.0
STIM = 2

SHOW = 0.45 LIFT = -0.76 SWET = 159.33 KINX = 32.24
LCLP = 729.60 PWAT = 36.90 TOTL = 46.54 CAPE = 52.98
LCLT = 283.37 CINS = -231.31 EQLV = 464.35 LFCT = 572.94
BRCH = 72.98

PRES TMPC TMWC DWPC THTE DRCT SKNT OMEG
CFRL HGHT
997.80 36.74 22.10 15.02 343.65 162.03 7.56 0.00
0.00 147.15
994.80 35.84 21.76 14.88 342.73 162.35 8.97 0.00
0.00 174.60
989.30 35.14 21.47 14.75 342.39 162.65 9.77 0.00
0.00 225.01
979.90 34.24 21.09 14.58 342.27 162.26 10.20 -0.10
0.00 311.59
965.90 32.84 20.47 14.28 341.94 162.22 10.82 -0.10
0.00 441.61
948.00 31.14 19.70 13.90 341.66 162.82 11.19 -0.20
0.00 609.76
926.70 29.04 18.71 13.37 341.12 162.47 11.62 -0.30
0.00 812.75
903.30 26.84 17.61 12.73 340.59 162.15 12.04 -0.30
0.00 1039.57
878.00 24.44 16.37 11.97 339.94 162.43 12.22 -0.30
0.00 1289.56
849.70 21.64 14.75 10.82 338.59 162.70 12.41 -0.30
0.00 1575.30
818.50 19.54 11.01 4.77 330.65 164.05 12.72 -0.20
0.00 1898.54
784.40 18.04 7.30 -3.42 324.45 164.29 12.92 -0.10
0.00 2263.33
747.40 15.24 8.21 2.79 333.44 160.08 14.26 0.00
0.00 2674.45
707.40 12.14 7.74 4.66 339.10 142.96 12.90 0.00
0.00 3138.21
664.30 8.34 4.81 2.05 337.96 114.59 12.61 0.00
0.00 3661.93
618.40 4.14 1.29 -1.29 336.52 119.62 11.40 0.00
0.00 4249.66
570.00 -0.36 -3.89 -8.24 332.45 156.25 5.30 0.00
0.00 4907.64
523.20 -5.56 -8.48 -13.02 331.23 330.52 5.13 0.00
0.00 5586.51
481.10 -8.26 -12.63 -22.87 331.10 330.95 4.00 0.00
0.00 6241.06
443.40 -11.26 -15.50 -27.58 333.78 170.27 6.90 0.10
0.00 6870.61
409.50 -14.56 -18.54 -32.88 336.03 170.71 10.82 0.10
0.00 7476.76
378.80 -18.06 -21.73 -39.46 337.97 186.63 8.41 0.10
0.00 8062.79
351.20 -22.46 -25.05 -38.08 339.70 268.32 6.60 0.00
0.00 8622.93
326.40 -27.16 -28.71 -37.04 340.69 304.00 10.08 0.00
0.00 9155.42
304.00 -31.36 -32.52 -40.47 341.28 306.63 9.44 0.00
0.00 9663.11
283.80 -35.46 -36.37 -44.79 341.68 316.01 7.83 0.00
0.00 10145.71
265.70 -39.36 -39.99 -47.41 342.26 357.95 5.44 -0.10
0.00 10600.53
248.80 -43.26 -43.63 -48.92 342.85 18.43 7.36 -0.10
0.00 11046.56
233.60 -46.66 -46.94 -52.28 343.72 360.00 5.63 -0.10
2.00 11467.67
219.60 -49.66 -49.90 -55.86 345.04 326.77 6.74 -0.10
0.00 11874.71
205.70 -52.36 -52.58 -59.64 347.17 322.65 9.29 -0.10
0.00 12299.91
191.70 -54.76 -54.96 -63.30 350.29 338.75 11.25 0.00
0.00 12753.00
177.80 -57.36 -57.57 -73.70 353.51 348.50 11.69 0.00
0.00 13231.33
163.80 -60.36 -60.51 -74.24 356.86 341.22 10.26 0.00
0.00 13745.76
149.80 -63.56 -63.66 -74.84 360.58 329.47 8.80 0.00
0.00 14298.08
135.90 -66.56 -9999.00 -9999.00 -9999.00 324.61 9.05 0.00
0.00 14891.24
121.90 -69.36 -9999.00 -9999.00 -9999.00 337.25 6.53 0.00
0.00 15544.23
108.00 -70.86 -9999.00 -9999.00 -9999.00 11.31 1.98 0.00
0.00 16263.78
94.00 -69.96 -9999.00 -9999.00 -9999.00 122.74 3.22 0.00
0.00 17087.70
81.00 -68.06 -9999.00 -9999.00 -9999.00 129.81 6.06 0.00
0.00 17977.12
70.60 -66.06 -9999.00 -9999.00 -9999.00 104.32 9.42 0.00
0.00 18806.11
62.20 -64.36 -9999.00 -9999.00 -9999.00 100.98 13.25 0.00
0.00 19577.14
54.30 -62.86 -9999.00 -9999.00 -9999.00 106.23 15.99 0.00
0.00 20410.26
46.90 -60.86 -9999.00 -9999.00 -9999.00 98.33 16.10 0.00
0.00 21316.37
40.10 -57.16 -9999.00 -9999.00 -9999.00 84.56 20.49 0.00
0.00 22298.23
33.80 -55.06 -9999.00 -9999.00 -9999.00 88.22 25.08 0.00
0.00 23384.06
27.80 -52.76 -9999.00 -9999.00 -9999.00 90.39 28.55 0.00
0.00 24638.20
22.30 -50.26 -9999.00 -9999.00 -9999.00 89.66 33.02 0.00
0.00 26068.41
17.10 -47.86 -9999.00 -9999.00 -9999.00 84.95 35.30 0.00
0.00 27809.99
12.30 -43.66 -9999.00 -9999.00 -9999.00 86.50 38.15 0.00
0.00 30003.01

STID = KDAL STNM = 722583 TIME = 200808/2200 
SLAT = 32.84 SLON = -96.85 SELV = 138.0
STIM = 3

SHOW = -0.03 LIFT = -0.41 SWET = 165.57 KINX = 33.36
LCLP = 716.60 PWAT = 37.08 TOTL = 47.30 CAPE = 31.67
LCLT = 282.31 CINS = -232.34 EQLV = 482.27 LFCT = 559.82
BRCH = 18.98

PRES TMPC TMWC DWPC THTE DRCT SKNT OMEG
CFRL HGHT
997.50 37.14 21.82 14.19 342.41 163.30 8.12 0.00
0.00 146.24
994.50 36.34 21.51 14.05 341.61 163.74 9.71 0.00
0.00 173.73
989.00 35.74 21.26 13.94 341.43 163.91 10.51 0.00
0.00 224.23
979.50 34.74 20.84 13.77 341.21 163.78 11.13 -0.10
0.00 311.90
965.60 33.44 20.27 13.51 341.07 163.66 11.73 -0.10
0.00 441.22
947.80 31.64 19.49 13.18 340.78 164.18 12.12 -0.20
0.00 608.73
926.40 29.64 18.59 12.77 340.62 163.81 12.55 -0.30
0.00 813.04
903.10 27.34 17.55 12.29 340.31 164.05 12.72 -0.30
0.00 1039.32
877.70 24.94 16.42 11.76 340.15 164.05 12.72 -0.30
0.00 1290.75
849.50 22.14 15.10 11.16 339.88 165.12 12.86 -0.20
0.00 1576.05
818.30 19.64 11.45 5.71 332.15 165.96 12.82 -0.20
0.00 1899.77
784.20 17.64 8.32 0.23 327.63 165.96 12.82 -0.10
0.00 2264.64
747.20 15.24 8.79 4.10 335.35 163.71 13.15 0.00
0.00 2675.80
707.10 12.04 7.90 5.03 339.65 142.96 12.90 0.00
0.00 3140.92
664.10 8.34 4.57 1.56 337.27 113.53 13.13 0.00
0.00 3663.51
618.20 4.24 1.14 -1.71 336.14 113.96 11.48 0.00
0.00 4251.46
569.90 -0.36 -3.99 -8.53 332.21 132.71 3.44 0.00
0.00 4908.32
523.10 -5.46 -8.45 -13.11 331.31 352.50 7.44 0.10
0.00 5587.41
481.00 -8.26 -12.71 -23.32 330.95 344.74 4.43 0.10
0.00 6242.20
443.40 -11.16 -15.39 -27.22 334.01 184.76 7.01 0.00
0.00 6870.27
409.50 -14.46 -18.56 -33.79 335.97 190.68 10.47 0.00
0.00 7476.64
378.80 -18.06 -21.75 -39.76 337.93 214.78 8.51 -0.10
0.00 8062.78
351.20 -22.66 -25.22 -38.32 339.39 281.04 8.12 -0.20
0.00 8622.70
326.40 -27.36 -28.87 -37.04 340.41 310.10 9.65 -0.10
0.00 9154.76
303.90 -31.46 -32.54 -39.73 341.29 315.00 9.07 -0.10
0.00 9664.48
283.80 -35.46 -36.37 -44.79 341.68 320.91 8.00 -0.10
0.00 10144.68
265.70 -39.46 -40.08 -47.41 342.12 344.93 5.23 -0.10
0.00 10599.40
248.80 -43.36 -43.72 -48.92 342.70 18.43 6.76 -0.10
0.00 11045.24
233.60 -47.06 -47.27 -51.06 343.19 11.31 5.94 -0.10
34.00 11465.89
219.60 -50.06 -50.26 -55.00 344.46 338.55 5.85 0.00
13.00 11872.21
205.70 -52.46 -52.67 -59.64 347.01 322.59 8.31 0.00
0.00 12296.94
191.70 -54.66 -54.86 -63.30 350.45 335.64 11.31 0.00
0.00 12750.02
177.80 -57.36 -57.57 -73.70 353.51 341.29 12.72 0.00
0.00 13228.46
163.80 -60.56 -60.71 -74.24 356.52 335.41 12.61 0.00
0.00 13742.66
149.80 -63.76 -63.86 -74.84 360.24 330.12 10.53 0.00
0.00 14294.45
135.90 -66.76 -9999.00 -9999.00 -9999.00 327.26 9.69 0.00
0.00 14887.05
121.90 -69.66 -9999.00 -9999.00 -9999.00 339.86 6.22 0.00
0.00 15539.23
108.00 -71.06 -9999.00 -9999.00 -9999.00 351.87 1.38 0.00
0.00 16257.90
94.00 -69.56 -9999.00 -9999.00 -9999.00 153.43 3.05 0.00
0.00 17082.23
81.00 -67.66 -9999.00 -9999.00 -9999.00 139.76 6.62 0.00
0.00 17973.39
70.60 -65.86 -9999.00 -9999.00 -9999.00 117.85 11.64 0.00
0.00 18803.58
62.20 -64.26 -9999.00 -9999.00 -9999.00 106.99 14.63 0.00
0.00 19575.17
54.30 -62.36 -9999.00 -9999.00 -9999.00 108.00 16.34 0.00
0.00 20409.49
46.90 -59.46 -9999.00 -9999.00 -9999.00 90.66 16.90 0.00
0.00 21319.67
40.10 -56.36 -9999.00 -9999.00 -9999.00 87.44 21.78 0.00
0.00 22306.57
33.80 -54.86 -9999.00 -9999.00 -9999.00 89.54 24.09 0.00
0.00 23394.91
27.80 -53.06 -9999.00 -9999.00 -9999.00 86.73 27.23 0.00
0.00 24648.75
22.30 -51.26 -9999.00 -9999.00 -9999.00 84.61 31.02 0.00
0.00 26074.77
17.10 -48.66 -9999.00 -9999.00 -9999.00 78.94 34.44 0.00
0.00 27809.36
12.30 -43.76 -9999.00 -9999.00 -9999.00 85.69 38.77 0.00
0.00 29998.04

STID = KDAL STNM = 722583 TIME = 200808/2300 
SLAT = 32.84 SLON = -96.85 SELV = 138.0
STIM = 4

SHOW = -0.13 LIFT = -0.51 SWET = 170.46 KINX = 33.71
LCLP = 718.10 PWAT = 37.79 TOTL = 47.39 CAPE = 33.01
LCLT = 282.49 CINS = -218.03 EQLV = 481.47 LFCT = 565.95
BRCH = 11.26

PRES TMPC TMWC DWPC THTE DRCT SKNT OMEG
CFRL HGHT
997.40 37.14 21.89 14.34 342.73 162.41 8.35 0.00
0.00 146.24
994.40 36.44 21.62 14.22 342.08 163.61 10.33 0.00
0.00 173.74
988.90 35.84 21.37 14.12 341.93 163.11 11.36 0.00
0.00 224.27
979.50 34.84 20.95 13.94 341.67 163.93 11.93 0.00
0.00 311.05
965.50 33.54 20.39 13.70 341.59 163.81 12.55 -0.10
0.00 441.36
947.60 31.84 19.66 13.39 341.46 163.47 12.98 -0.10
0.00 609.93
926.30 29.84 18.77 13.00 341.34 163.94 13.34 -0.20
0.00 813.48
902.90 27.54 17.74 12.55 341.10 164.17 13.52 -0.20
0.00 1040.93
877.60 25.14 16.62 12.03 340.94 164.17 13.52 -0.20
0.00 1291.61
849.40 22.34 15.27 11.35 340.52 164.96 13.48 -0.10
0.00 1577.17
818.20 19.74 11.80 6.39 333.31 165.56 13.25 0.00
0.00 1901.13
784.10 17.54 9.11 2.40 330.11 166.17 13.00 0.10
0.00 2266.18
747.00 15.24 9.42 5.43 337.45 164.05 12.72 0.20
0.00 2678.65
707.00 12.04 7.98 5.19 339.93 138.01 13.07 0.10
0.00 3142.81
664.00 8.34 4.49 1.40 337.06 110.46 13.89 0.10
0.00 3665.48
618.10 4.34 0.91 -2.32 335.52 108.43 11.67 0.00
0.00 4253.58
569.80 -0.36 -4.19 -9.08 331.76 90.00 3.50 0.00
0.00 4910.58
523.00 -5.36 -8.45 -13.30 331.32 8.13 9.62 0.00
0.00 5589.89
481.00 -8.06 -12.68 -23.89 330.99 13.50 4.99 0.00
0.00 6243.54
443.30 -11.16 -15.39 -27.23 334.03 188.62 6.49 0.00
0.00 6873.58
409.50 -14.46 -18.59 -34.17 335.90 206.08 10.16 -0.10
0.00 7478.22
378.80 -18.36 -21.93 -39.17 337.61 231.52 9.67 -0.10
0.00 8064.02
351.20 -22.96 -25.47 -38.57 338.95 279.93 7.89 -0.10
0.00 8623.27
326.30 -27.56 -29.05 -37.25 340.12 309.47 8.55 -0.10
0.00 9157.02
303.90 -31.66 -32.64 -39.03 341.12 315.00 7.69 0.00
0.00 9664.14
283.80 -35.46 -36.37 -44.79 341.68 323.13 6.80 0.00
0.00 10144.15
265.70 -39.46 -40.08 -47.41 342.12 329.04 4.53 0.00
0.00 10598.86
248.80 -43.46 -43.81 -48.92 342.56 14.62 4.62 0.00
0.00 11044.61
233.60 -47.16 -47.34 -50.50 343.08 12.80 4.39 0.00
87.00 11465.08
219.60 -50.06 -50.26 -55.00 344.46 330.26 4.70 0.10
33.00 11871.31
205.70 -52.06 -52.31 -61.06 347.60 319.40 8.95 0.10
0.00 12296.42
191.70 -54.26 -54.47 -63.30 351.10 330.36 12.96 0.10
0.00 12750.33
177.80 -57.36 -57.57 -73.70 353.51 336.47 13.13 0.00
0.00 13229.20
163.80 -60.66 -60.80 -74.24 356.36 334.98 12.86 0.00
0.00 13743.28
149.80 -63.76 -63.86 -74.84 360.24 332.95 10.26 0.00
0.00 14294.94
135.90 -66.66 -9999.00 -9999.00 -9999.00 329.26 8.35 0.00
0.00 14887.68
121.90 -69.36 -9999.00 -9999.00 -9999.00 329.04 4.53 0.00
0.00 15540.50
108.00 -70.46 -9999.00 -9999.00 -9999.00 270.00 2.14 0.00
0.00 16260.76
94.00 -68.76 -9999.00 -9999.00 -9999.00 182.86 3.88 0.00
0.00 17087.93
81.00 -67.76 -9999.00 -9999.00 -9999.00 150.26 7.83 0.00
0.00 17980.62
70.60 -66.86 -9999.00 -9999.00 -9999.00 134.27 10.86 0.00
0.00 18808.60
62.20 -65.16 -9999.00 -9999.00 -9999.00 114.96 12.43 0.00
0.00 19576.67
54.30 -62.66 -9999.00 -9999.00 -9999.00 105.10 12.68 0.00
0.00 20408.60
46.90 -58.66 -9999.00 -9999.00 -9999.00 85.43 14.61 0.00
0.00 21319.86
40.10 -55.86 -9999.00 -9999.00 -9999.00 85.56 20.07 0.00
0.00 22309.73
33.80 -54.66 -9999.00 -9999.00 -9999.00 87.95 21.78 0.00
0.00 23399.82
27.80 -53.26 -9999.00 -9999.00 -9999.00 87.91 26.63 0.00
0.00 24653.67
22.30 -52.26 -9999.00 -9999.00 -9999.00 85.00 31.20 0.00
0.00 26075.82
17.10 -48.86 -9999.00 -9999.00 -9999.00 78.33 36.50 0.00
0.00 27805.74
12.30 -43.46 -9999.00 -9999.00 -9999.00 79.09 44.11 0.00
0.00 29994.90

STID = KDAL STNM = 722583 TIME = 200809/0000 
SLAT = 32.84 SLON = -96.85 SELV = 138.0
STIM = 5

SHOW = -0.57 LIFT = -1.16 SWET = 180.95 KINX = 34.32
LCLP = 729.88 PWAT = 39.29 TOTL = 47.98 CAPE = 71.30
LCLT = 283.45 CINS = -196.71 EQLV = 288.87 LFCT = 581.76
BRCH = 15.31

PRES TMPC TMWC DWPC THTE DRCT SKNT OMEG
CFRL HGHT
998.40 36.84 22.17 15.10 343.86 165.65 8.62 0.00
0.00 146.23
995.40 36.34 21.96 14.99 343.45 165.72 11.03 0.00
0.00 173.69
989.90 35.74 21.71 14.88 343.27 166.40 12.39 0.00
0.00 224.17
980.40 34.84 21.32 14.70 343.14 166.37 13.19 -0.10
0.00 311.80
966.50 33.54 20.77 14.47 343.07 166.16 13.81 -0.10
0.00 441.10
948.60 31.84 20.05 14.17 342.96 165.96 14.41 -0.20
0.00 609.54
927.20 29.84 19.16 13.77 342.82 166.33 14.80 -0.30
0.00 813.90
903.80 27.64 18.17 13.32 342.69 166.50 14.98 -0.30
0.00 1041.24
878.50 25.14 17.01 12.75 342.31 166.68 15.17 -0.20
0.00 1291.78
850.10 22.44 15.55 11.80 341.45 166.84 15.37 -0.30
0.00 1579.21
818.90 19.54 12.97 8.96 337.29 168.11 15.09 -0.10
0.00 1903.01
784.70 17.54 9.98 4.46 332.81 169.90 14.39 0.20
0.00 2268.97
747.60 15.44 9.83 6.09 338.69 165.53 12.43 0.20
0.00 2681.42
707.50 12.04 8.05 5.33 340.09 133.81 13.19 0.10
0.00 3146.61
664.40 8.54 4.58 1.41 337.25 108.69 13.95 0.10
0.00 3670.35
618.50 4.54 0.48 -3.55 334.25 103.07 11.17 0.10
0.00 4258.41
570.10 -0.26 -4.42 -9.93 331.12 61.39 4.88 0.10
0.00 4916.61
523.30 -5.36 -8.46 -13.34 331.23 20.56 11.62 0.00
0.00 5595.63
481.10 -8.16 -12.79 -24.18 330.74 38.93 6.49 0.00
0.00 6252.00
443.50 -11.26 -15.48 -27.46 333.79 185.19 6.43 -0.10
0.00 6879.91
409.60 -14.56 -18.64 -33.98 335.78 214.90 10.18 -0.10
0.00 7485.90
378.90 -18.56 -22.00 -38.08 337.47 239.42 9.93 -0.20
0.00 8071.21
351.20 -23.06 -25.48 -37.84 338.93 281.00 7.13 -0.10
0.00 8632.10
326.40 -27.56 -29.09 -37.67 340.02 305.71 7.65 -0.10
0.00 9163.51
304.00 -31.76 -32.70 -38.80 340.98 309.61 7.30 0.00
0.00 9670.37
283.80 -35.56 -36.43 -44.43 341.58 317.60 6.04 0.00
0.00 10152.48
265.70 -39.46 -40.10 -47.87 342.08 313.15 4.25 0.00
0.00 10607.10
248.80 -43.46 -43.81 -48.92 342.56 351.87 2.74 0.00
0.00 11052.85
233.60 -47.06 -47.25 -50.50 343.23 344.05 2.84 0.00
82.00 11473.41
219.60 -49.76 -49.99 -55.86 344.89 309.29 5.52 0.00
13.00 11880.00
205.70 -51.46 -51.76 -62.77 348.50 316.33 11.81 0.00
0.00 12305.97
191.70 -54.06 -54.31 -65.45 351.37 330.16 15.23 0.00
0.00 12760.70
177.80 -57.36 -57.57 -73.70 353.51 339.34 12.67 0.00
0.00 13239.79
163.80 -60.66 -60.80 -74.24 356.36 340.10 11.99 0.00
0.00 13753.87
149.80 -63.66 -63.76 -74.84 360.41 337.56 9.67 0.00
0.00 14305.67
135.90 -66.56 -9999.00 -9999.00 -9999.00 331.50 7.73 0.00
0.00 14898.69
121.90 -69.26 -9999.00 -9999.00 -9999.00 333.43 4.78 0.00
0.00 15551.83
108.00 -70.36 -9999.00 -9999.00 -9999.00 323.97 2.64 0.00
0.00 16272.44
94.00 -68.76 -9999.00 -9999.00 -9999.00 135.00 2.20 0.00
0.00 17099.82
81.00 -68.16 -9999.00 -9999.00 -9999.00 138.81 6.20 0.00
0.00 17991.64
70.60 -67.26 -9999.00 -9999.00 -9999.00 133.73 6.18 0.00
0.00 18818.01
62.20 -64.96 -9999.00 -9999.00 -9999.00 99.69 8.08 0.00
0.00 19585.70
54.30 -62.16 -9999.00 -9999.00 -9999.00 77.91 11.13 0.00
0.00 20419.02
46.90 -58.76 -9999.00 -9999.00 -9999.00 72.18 17.13 0.00
0.00 21331.13
40.10 -56.76 -9999.00 -9999.00 -9999.00 82.48 20.77 0.00
0.00 22318.72
33.80 -55.26 -9999.00 -9999.00 -9999.00 87.94 21.58 0.00
0.00 23405.06
27.80 -53.96 -9999.00 -9999.00 -9999.00 88.74 26.42 0.00
0.00 24655.19
22.30 -51.86 -9999.00 -9999.00 -9999.00 88.20 30.91 0.00
0.00 26076.37
17.10 -47.46 -9999.00 -9999.00 -9999.00 81.47 39.28 0.00
0.00 27813.28
12.30 -42.96 -9999.00 -9999.00 -9999.00 75.17 47.82 0.00
0.00 30011.61

STID = KDAL STNM = 722583 TIME = 200809/0100 
SLAT = 32.84 SLON = -96.85 SELV = 138.0
STIM = 6

SHOW = -0.88 LIFT = -1.29 SWET = 193.94 KINX = 34.55
LCLP = 743.88 PWAT = 40.12 TOTL = 48.13 CAPE = 117.41
LCLT = 284.23 CINS = -195.32 EQLV = 232.95 LFCT = 584.50
BRCH = 15.19

PRES TMPC TMWC DWPC THTE DRCT SKNT OMEG
CFRL HGHT
998.70 36.04 22.20 15.62 344.04 168.11 7.54 0.00
0.00 147.12
995.80 35.84 22.08 15.52 343.98 168.27 10.51 0.00
0.00 173.61
990.30 35.34 21.85 15.39 343.87 168.52 12.68 0.00
0.00 224.00
980.80 34.54 21.49 15.22 343.87 168.85 14.06 -0.10
0.00 311.51
966.80 33.24 20.94 14.97 343.76 168.84 15.05 -0.20
0.00 441.60
948.90 31.64 20.23 14.64 343.70 169.25 15.62 -0.40
0.00 609.88
927.50 29.64 19.34 14.23 343.54 168.83 16.05 -0.50
0.00 814.08
904.10 27.44 18.34 13.75 343.35 169.09 16.41 -0.50
0.00 1041.24
878.70 25.04 17.21 13.18 343.09 168.56 16.65 -0.50
0.00 1292.62
850.40 22.24 15.85 12.47 342.59 168.56 16.65 -0.30
0.00 1578.88
819.10 19.04 14.24 11.61 341.88 170.31 16.16 -0.10
0.00 1903.45
784.80 17.24 10.59 6.04 334.84 176.19 14.61 0.00
0.00 2270.18
747.70 15.54 9.67 5.70 338.14 168.69 10.90 0.10
0.00 2682.50
707.60 12.04 8.05 5.33 340.07 127.41 12.47 0.10
0.00 3147.68
664.50 8.64 4.50 1.15 336.98 102.44 13.52 0.20
0.00 3671.41
618.50 4.84 -0.05 -5.27 332.79 88.92 10.30 0.20
0.00 4261.01
570.20 -0.16 -4.67 -10.88 330.48 38.45 8.43 0.20
0.00 4918.11
523.30 -5.16 -8.59 -14.16 330.93 29.28 14.70 0.20
0.00 5598.81
481.20 -8.06 -12.90 -25.31 330.47 45.94 8.37 0.10
0.00 6253.87
443.50 -11.26 -15.52 -27.70 333.72 195.07 5.23 0.00
0.00 6883.48
409.60 -14.66 -18.66 -33.41 335.77 228.18 9.91 -0.10
0.00 7489.36
378.90 -18.76 -22.09 -37.33 337.32 247.22 10.53 -0.10
0.00 8074.34
351.30 -23.16 -25.56 -37.84 338.76 277.91 7.05 -0.10
0.00 8632.79
326.40 -27.66 -29.27 -38.79 339.69 300.14 6.95 -0.10
0.00 9166.05
304.00 -31.76 -32.72 -39.02 340.95 305.91 6.95 0.00
0.00 9672.80
283.80 -35.56 -36.45 -44.79 341.54 306.87 5.83 0.00
0.00 10154.90
265.70 -39.36 -40.04 -48.34 342.18 290.56 4.97 0.00
0.00 10609.62
248.80 -43.46 -43.81 -48.92 342.56 284.04 4.00 0.00
0.00 11055.46
233.60 -47.06 -47.27 -51.06 343.19 286.26 4.86 0.00
75.00 11476.02
219.60 -49.56 -49.83 -56.82 345.15 293.03 8.45 0.00
0.00 11882.79
205.70 -51.06 -51.41 -64.93 349.08 314.46 14.70 0.00
0.00 12309.33
191.70 -54.06 -54.33 -68.39 351.32 325.92 15.95 0.00
0.00 12764.47
177.80 -57.26 -57.47 -73.70 353.67 341.86 11.85 0.00
0.00 13243.67
163.80 -60.66 -60.80 -74.24 356.36 343.11 11.36 0.00
0.00 13757.87
149.80 -63.86 -63.96 -74.84 360.06 337.99 9.85 0.00
0.00 14309.41
135.90 -66.96 -9999.00 -9999.00 -9999.00 329.04 7.93 0.00
0.00 14901.57
121.90 -69.66 -9999.00 -9999.00 -9999.00 332.35 4.60 0.00
0.00 15553.44
108.00 -70.66 -9999.00 -9999.00 -9999.00 329.04 2.27 0.00
0.00 16272.81
94.00 -68.86 -9999.00 -9999.00 -9999.00 137.49 3.17 0.00
0.00 17099.38
81.00 -68.16 -9999.00 -9999.00 -9999.00 149.04 4.53 0.00
0.00 17990.98
70.60 -66.46 -9999.00 -9999.00 -9999.00 111.80 3.15 0.00
0.00 18818.96
62.20 -64.46 -9999.00 -9999.00 -9999.00 77.59 9.95 0.00
0.00 19589.06
54.30 -62.36 -9999.00 -9999.00 -9999.00 68.20 15.70 0.00
0.00 20422.98
46.90 -59.96 -9999.00 -9999.00 -9999.00 66.80 20.71 0.00
0.00 21332.09
40.10 -57.06 -9999.00 -9999.00 -9999.00 75.83 20.63 0.00
0.00 22316.24
33.80 -54.96 -9999.00 -9999.00 -9999.00 81.21 21.62 0.00
0.00 23402.58
27.80 -53.66 -9999.00 -9999.00 -9999.00 83.21 24.65 0.00
0.00 24654.42
22.30 -50.56 -9999.00 -9999.00 -9999.00 82.64 28.79 0.00
0.00 26080.76
17.10 -46.56 -9999.00 -9999.00 -9999.00 79.48 41.49 0.00
0.00 27826.23
12.30 -43.16 -9999.00 -9999.00 -9999.00 78.46 46.60 0.00
0.00 30027.93

STID = KDAL STNM = 722583 TIME = 200809/0200 
SLAT = 32.84 SLON = -96.85 SELV = 138.0
STIM = 7

SHOW = -0.70 LIFT = -1.05 SWET = 203.62 KINX = 33.61
LCLP = 766.96 PWAT = 39.35 TOTL = 47.50 CAPE = 139.63
LCLT = 285.16 CINS = -231.01 EQLV = 232.15 LFCT = 581.43
BRCH = 13.03

PRES TMPC TMWC DWPC THTE DRCT SKNT OMEG
CFRL HGHT
998.50 34.34 21.95 16.10 343.18 163.07 4.66 0.00
0.00 146.17
995.40 34.54 21.94 15.98 343.57 166.26 8.99 0.00
0.00 174.36
990.00 34.54 21.84 15.83 343.97 168.16 12.30 0.00
0.00 223.69
980.50 33.94 21.51 15.60 344.07 170.54 15.37 -0.20
0.00 311.05
966.60 32.84 20.98 15.28 344.02 172.15 17.06 -0.30
0.00 440.05
948.60 31.34 20.29 14.94 344.06 172.49 17.83 -0.50
0.00 609.15
927.20 29.34 19.41 14.54 343.93 171.44 18.26 -0.60
0.00 813.24
903.80 27.14 18.43 14.09 343.79 170.44 18.71 -0.60
0.00 1040.28
878.50 24.74 17.32 13.55 343.58 168.69 18.82 -0.50
0.00 1290.53
850.10 21.94 15.94 12.80 343.00 168.11 18.86 -0.30
0.00 1577.63
818.80 18.94 14.07 11.36 341.28 171.53 18.45 -0.10
0.00 1902.10
784.60 16.94 10.82 6.75 335.67 182.15 15.56 0.10
0.00 2267.65
747.50 15.54 9.28 4.89 336.87 172.03 9.81 0.20
0.00 2679.86
707.40 12.04 7.83 4.91 339.39 122.68 12.24 0.30
0.00 3145.08
664.30 9.14 4.09 -0.22 335.77 98.75 12.78 0.40
0.00 3669.30
618.40 5.14 -0.65 -7.37 331.19 70.11 9.71 0.40
0.00 4258.38
570.10 -0.06 -4.76 -11.36 330.27 30.65 12.20 0.30
0.00 4915.92
523.30 -4.76 -9.33 -18.00 329.21 39.38 16.84 0.20
0.00 5595.70
481.20 -7.76 -13.01 -27.57 330.17 53.13 8.74 0.10
0.00 6251.44
443.50 -11.26 -15.57 -28.07 333.62 208.81 4.43 -0.10
0.00 6881.37
409.60 -14.96 -18.78 -32.53 335.56 239.66 9.23 -0.20
0.00 7486.90
378.90 -19.16 -22.31 -36.41 336.94 250.56 10.51 -0.20
0.00 8071.10
351.30 -23.46 -25.77 -37.61 338.39 263.83 7.23 -0.20
0.00 8628.79
326.40 -27.76 -29.44 -39.79 339.40 287.10 5.28 -0.20
0.00 9161.61
304.00 -31.86 -32.83 -39.25 340.77 295.64 5.38 -0.10
0.00 9668.14
283.80 -35.56 -36.45 -44.79 341.54 293.75 5.30 0.00
0.00 10150.15
265.70 -39.46 -40.13 -48.34 342.04 277.85 5.69 0.00
0.00 10604.76
248.80 -43.46 -43.84 -49.43 342.51 266.99 7.40 0.00
0.00 11050.51
233.60 -47.06 -47.27 -51.06 343.19 271.30 8.55 0.00
58.00 11471.06
219.60 -49.26 -49.57 -57.90 345.57 288.76 10.88 0.10
0.00 11878.11
205.70 -50.96 -51.36 -72.71 349.15 314.54 17.17 0.10
0.00 12305.02
191.70 -53.86 -54.16 -73.19 351.60 326.75 14.16 0.10
0.00 12760.47
177.80 -57.06 -57.28 -73.70 354.00 350.54 10.63 0.00
0.00 13240.11
163.80 -60.56 -60.71 -74.24 356.52 348.89 11.09 0.00
0.00 13754.67
149.80 -64.06 -64.15 -74.84 359.72 340.20 10.31 0.00
0.00 14306.07
135.90 -67.16 -67.22 -75.48 364.39 327.85 8.02 0.00
0.00 14897.67
121.90 -69.66 -9999.00 -9999.00 -9999.00 316.85 4.25 0.00
0.00 15549.22
108.00 -70.16 -9999.00 -9999.00 -9999.00 265.24 2.33 0.00
0.00 16269.48
94.00 -68.76 -9999.00 -9999.00 -9999.00 169.11 5.15 0.00
0.00 17097.26
81.00 -68.06 -9999.00 -9999.00 -9999.00 165.26 3.81 0.00
0.00 17989.30
70.60 -66.16 -9999.00 -9999.00 -9999.00 77.47 3.57 0.00
0.00 18818.08
62.20 -64.56 -9999.00 -9999.00 -9999.00 72.47 11.62 0.00
0.00 19588.56
54.30 -62.76 -9999.00 -9999.00 -9999.00 66.97 16.88 0.00
0.00 20421.48
46.90 -60.56 -9999.00 -9999.00 -9999.00 61.84 21.81 0.00
0.00 21328.45
40.10 -57.96 -9999.00 -9999.00 -9999.00 68.96 21.64 0.00
0.00 22309.16
33.80 -55.76 -9999.00 -9999.00 -9999.00 76.58 21.78 0.00
0.00 23391.24
27.80 -53.66 -9999.00 -9999.00 -9999.00 78.09 25.41 0.00
0.00 24640.80
22.30 -50.76 -9999.00 -9999.00 -9999.00 76.14 30.81 0.00
0.00 26066.49
17.10 -46.86 -9999.00 -9999.00 -9999.00 82.60 40.73 0.00
0.00 27810.02
12.30 -42.96 -9999.00 -9999.00 -9999.00 78.26 45.82 0.00
0.00 30011.24

STID = KDAL STNM = 722583 TIME = 200809/0300 
SLAT = 32.84 SLON = -96.85 SELV = 138.0
STIM = 8

SHOW = -0.42 LIFT = -0.71 SWET = 207.85 KINX = 31.75
LCLP = 787.48 PWAT = 38.00 TOTL = 46.90 CAPE = 135.92
LCLT = 285.90 CINS = -284.26 EQLV = 236.75 LFCT = 577.36
BRCH = 8.58

PRES TMPC TMWC DWPC THTE DRCT SKNT OMEG
CFRL HGHT
997.60 32.74 21.66 16.43 342.21 154.65 4.08 0.00
0.00 147.04
994.60 33.34 21.74 16.28 342.97 162.90 10.57 0.00
0.00 174.22
989.10 33.54 21.68 16.09 343.53 166.35 13.99 0.00
0.00 224.34
979.70 33.44 21.44 15.75 343.94 171.06 17.50 -0.10
0.00 310.65
965.70 32.44 20.91 15.38 343.91 173.72 19.54 -0.20
0.00 440.50
947.80 30.94 20.20 14.99 343.83 175.05 20.28 -0.40
0.00 608.60
926.40 29.04 19.34 14.58 343.78 176.22 20.63 -0.40
0.00 812.64
903.00 26.84 18.36 14.13 343.65 176.76 20.63 -0.40
0.00 1039.65
877.70 24.44 17.25 13.60 343.46 176.73 20.44 -0.40
0.00 1289.88
849.40 21.74 15.89 12.83 342.93 176.15 20.24 -0.20
0.00 1575.99
818.10 18.84 13.94 11.20 340.94 177.69 19.25 -0.10
0.00 1900.56
783.90 16.84 10.78 6.74 335.64 187.31 15.27 0.00
0.00 2266.29
746.80 15.54 8.89 4.05 335.69 171.35 9.03 0.10
0.00 2678.76
706.80 12.44 7.54 4.02 338.53 119.41 12.26 0.30
0.00 3143.43
663.90 9.64 3.29 -2.71 333.45 91.82 12.24 0.30
0.00 3666.20
618.00 5.34 -1.21 -9.48 329.77 55.54 12.02 0.30
0.00 4256.12
569.80 -0.06 -4.91 -11.87 329.96 38.66 16.16 0.20
0.00 4912.79
523.10 -4.46 -9.95 -22.19 327.80 51.81 18.53 0.10
0.00 5591.67
481.00 -7.56 -13.06 -29.10 330.07 60.57 8.70 0.10
0.00 6248.16
443.40 -11.36 -15.66 -28.32 333.44 225.00 3.85 0.00
0.00 6876.71
409.50 -15.46 -19.01 -31.41 335.19 248.68 8.55 -0.10
0.00 7481.70
378.80 -19.56 -22.47 -34.96 336.69 251.22 10.26 -0.20
0.00 8065.04
351.20 -23.76 -25.98 -37.39 338.05 249.44 8.29 -0.20
0.00 8622.12
326.30 -28.06 -29.72 -40.33 338.93 254.93 5.23 -0.10
0.00 9154.45
303.90 -32.06 -33.02 -39.49 340.48 267.80 5.05 0.00
0.00 9660.62
283.80 -35.66 -36.49 -44.08 341.47 270.00 5.83 0.00
0.00 10140.02
265.70 -39.56 -40.22 -48.34 341.89 263.09 6.45 0.00
0.00 10594.45
248.80 -43.56 -43.95 -49.96 342.32 258.93 9.11 0.00
0.00 11040.00
233.60 -46.96 -47.22 -52.28 343.26 262.88 10.96 0.00
23.00 11460.55
219.60 -48.96 -49.36 -62.27 345.90 292.25 13.85 0.10
0.00 11867.95
205.70 -51.16 -51.55 -72.71 348.83 317.68 17.60 0.10
0.00 12294.95
191.70 -53.66 -53.97 -73.19 351.92 335.16 11.56 0.00
0.00 12750.40
177.80 -56.96 -57.18 -73.70 354.16 4.67 9.56 0.00
0.00 13230.38
163.80 -60.56 -60.71 -74.24 356.52 355.99 11.09 0.00
0.00 13745.05
149.80 -64.16 -64.25 -74.84 359.55 345.96 10.41 0.00
0.00 14296.33
135.90 -67.06 -67.12 -75.48 364.56 325.89 7.26 0.00
0.00 14887.92
121.90 -69.06 -9999.00 -9999.00 -9999.00 299.05 4.00 0.00
0.00 15540.59
108.00 -69.76 -9999.00 -9999.00 -9999.00 240.26 3.13 0.00
0.00 16262.62
94.00 -68.86 -9999.00 -9999.00 -9999.00 176.42 6.24 0.00
0.00 17091.01
81.00 -67.76 -9999.00 -9999.00 -9999.00 161.57 2.45 0.00
0.00 17983.48
70.60 -65.46 -9999.00 -9999.00 -9999.00 67.38 5.05 0.00
0.00 18814.28
62.20 -63.96 -9999.00 -9999.00 -9999.00 74.90 12.68 0.00
0.00 19587.17
54.30 -62.76 -9999.00 -9999.00 -9999.00 70.18 17.75 0.00
0.00 20421.28
46.90 -60.16 -9999.00 -9999.00 -9999.00 67.82 21.60 0.00
0.00 21329.11
40.10 -57.56 -9999.00 -9999.00 -9999.00 76.08 23.41 0.00
0.00 22311.65
33.80 -55.96 -9999.00 -9999.00 -9999.00 75.65 25.87 0.00
0.00 23394.23
27.80 -53.56 -9999.00 -9999.00 -9999.00 77.68 28.22 0.00
0.00 24643.50
22.30 -50.46 -9999.00 -9999.00 -9999.00 82.67 33.49 0.00
0.00 26070.49
17.10 -46.86 -9999.00 -9999.00 -9999.00 81.69 42.99 0.00
0.00 27815.18
12.30 -43.36 -9999.00 -9999.00 -9999.00 79.22 45.69 0.00
0.00 30014.47

STID = KDAL STNM = 722583 TIME = 200809/0400 
SLAT = 32.84 SLON = -96.85 SELV = 138.0
STIM = 9

SHOW = -0.85 LIFT = -0.78 SWET = 213.22 KINX = 30.97
LCLP = 805.77 PWAT = 38.87 TOTL = 46.94 CAPE = 239.52
LCLT = 286.61 CINS = -315.88 EQLV = 230.28 LFCT = 581.87
BRCH = 6.30

PRES TMPC TMWC DWPC THTE DRCT SKNT OMEG
CFRL HGHT
998.20 31.54 21.51 16.80 341.60 154.36 5.38 0.00
0.00 147.00
995.30 32.24 21.65 16.70 342.58 159.62 14.51 0.00
0.00 173.16
989.80 32.44 21.64 16.60 343.34 161.57 17.81 0.00
0.00 223.08
980.30 32.34 21.54 16.53 344.39 168.78 24.96 -0.10
0.00 309.96
966.40 31.54 21.18 16.38 345.08 172.59 28.59 -0.20
0.00 438.43
948.40 30.14 20.58 16.12 345.42 174.67 29.27 -0.40
0.00 606.97
927.00 28.34 19.77 15.73 345.54 175.86 26.88 -0.50
0.00 810.47
903.60 26.34 18.80 15.18 345.39 177.59 23.14 -0.60
0.00 1037.00
878.20 24.14 17.68 14.51 345.11 181.74 19.23 -0.60
0.00 1287.84
849.80 21.54 16.45 13.90 345.07 189.25 16.92 -0.50
0.00 1574.69
818.50 18.44 14.77 12.85 344.00 197.84 17.75 -0.20
0.00 1898.96
784.30 16.94 10.54 6.18 334.78 204.04 13.83 -0.10
0.00 2264.42
747.20 15.64 8.67 3.49 334.93 164.48 7.26 0.10
0.00 2676.74
707.10 12.74 7.31 3.30 337.73 115.07 13.29 0.20
0.00 3142.59
664.10 9.94 2.80 -4.43 331.97 88.32 13.21 0.30
0.00 3666.79
618.30 5.44 -1.40 -10.35 329.19 57.69 15.64 0.20
0.00 4255.47
570.00 0.04 -4.97 -12.28 329.76 54.19 18.92 0.20
0.00 4913.42
523.20 -4.06 -9.80 -22.75 328.07 63.17 18.51 0.20
0.00 5594.16
481.10 -7.16 -12.95 -30.52 330.23 66.80 7.40 0.10
0.00 6251.47
443.50 -11.36 -15.68 -28.45 333.38 243.43 3.90 0.00
0.00 6880.34
409.60 -15.76 -19.13 -30.66 334.95 254.88 7.44 0.00
0.00 7484.85
378.80 -19.86 -22.63 -34.39 336.41 250.50 9.89 0.00
0.00 8069.35
351.20 -23.86 -26.10 -37.84 337.84 244.49 9.48 0.00
0.00 8625.98
326.40 -28.06 -29.74 -40.60 338.87 241.11 6.43 0.00
0.00 9155.98
304.00 -32.06 -33.06 -39.97 340.37 253.14 6.70 0.00
0.00 9661.98
283.80 -35.76 -36.56 -43.75 341.37 262.88 7.83 0.00
0.00 10143.59
265.70 -39.66 -40.26 -47.41 341.83 262.69 7.63 -0.10
0.00 10597.83
248.80 -43.66 -44.05 -49.96 342.18 256.55 9.19 -0.10
0.00 11043.19
233.60 -47.06 -47.34 -52.96 343.07 260.84 12.20 0.00
0.00 11463.55
219.60 -48.76 -49.17 -62.27 346.21 300.00 15.93 0.00
0.00 11871.04
205.70 -51.26 -51.62 -67.88 348.72 320.71 16.57 0.00
0.00 12298.14
191.70 -53.56 -53.88 -73.19 352.08 342.90 10.57 -0.10
0.00 12753.59
177.80 -57.06 -57.28 -73.70 354.00 16.82 8.72 -0.10
0.00 13233.57
163.80 -60.76 -60.90 -74.24 356.19 2.12 10.49 -0.10
0.00 13747.88
149.80 -64.36 -64.45 -74.84 359.20 351.42 10.41 -0.10
0.00 14298.63
135.90 -67.06 -67.12 -75.48 364.56 325.49 7.54 0.00
0.00 14889.95
121.90 -69.06 -9999.00 -9999.00 -9999.00 301.33 5.23 0.00
0.00 15542.61
108.00 -70.06 -9999.00 -9999.00 -9999.00 278.97 3.73 0.00
0.00 16264.11
94.00 -69.16 -9999.00 -9999.00 -9999.00 218.16 3.46 0.00
0.00 17091.28
81.00 -67.46 -9999.00 -9999.00 -9999.00 360.00 2.14 0.00
0.00 17983.75
70.60 -65.26 -9999.00 -9999.00 -9999.00 55.12 7.81 0.00
0.00 18815.56
62.20 -64.16 -9999.00 -9999.00 -9999.00 75.58 14.04 0.00
0.00 19588.44
54.30 -62.56 -9999.00 -9999.00 -9999.00 69.59 17.83 0.00
0.00 20422.56
46.90 -59.56 -9999.00 -9999.00 -9999.00 72.68 22.18 0.00
0.00 21332.10
40.10 -57.26 -9999.00 -9999.00 -9999.00 78.00 25.21 0.00
0.00 22316.70
33.80 -55.56 -9999.00 -9999.00 -9999.00 79.33 27.27 0.00
0.00 23401.04
27.80 -51.96 -9999.00 -9999.00 -9999.00 82.87 29.76 0.00
0.00 24656.03
22.30 -49.16 -9999.00 -9999.00 -9999.00 87.81 35.57 0.00
0.00 26092.37
17.10 -45.86 -9999.00 -9999.00 -9999.00 85.42 41.32 0.00
0.00 27846.00
12.30 -42.86 -9999.00 -9999.00 -9999.00 79.47 44.66 0.00
0.00 30052.52

STID = KDAL STNM = 722583 TIME = 200809/0500 
SLAT = 32.84 SLON = -96.85 SELV = 138.0
STIM = 10

SHOW = -0.94 LIFT = -0.28 SWET = 219.56 KINX = 30.55
LCLP = 821.46 PWAT = 39.47 TOTL = 46.55 CAPE = 156.29
LCLT = 287.62 CINS = -377.31 EQLV = 232.77 LFCT = 572.38
BRCH = 3.54

PRES TMPC TMWC DWPC THTE DRCT SKNT OMEG
CFRL HGHT
999.40 31.04 21.79 17.55 342.64 169.00 7.13 0.00
0.00 146.08
996.40 31.34 21.82 17.48 343.24 169.51 16.01 0.00
0.00 173.06
990.90 31.24 21.71 17.35 343.58 169.96 18.94 0.10
0.00 222.77
981.40 31.14 21.45 17.00 343.96 173.17 27.78 0.10
0.00 309.24
967.40 30.54 20.86 16.31 343.60 174.14 30.46 0.10
0.00 438.04
949.40 29.44 20.27 15.93 344.00 175.97 30.38 0.10
0.00 605.91
928.00 27.94 19.81 16.00 345.56 178.75 26.61 0.10
0.00 808.83
904.50 26.04 19.07 15.80 346.40 180.49 22.73 0.10
0.00 1035.88
879.10 23.94 18.14 15.40 346.89 184.21 18.51 0.00
0.00 1286.34
850.70 21.34 16.80 14.58 346.32 191.96 16.88 0.00
0.00 1572.81
819.30 18.64 14.73 12.67 343.70 201.68 17.35 -0.10
0.00 1897.82
785.00 16.94 10.74 6.59 335.34 205.43 13.11 -0.10
0.00 2264.14
747.80 15.64 8.52 3.13 334.32 144.16 8.62 0.00
0.00 2677.23
707.70 12.74 7.14 2.94 337.09 112.68 14.10 0.20
0.00 3142.64
664.70 10.04 2.81 -4.54 331.89 84.52 14.24 0.40
0.00 3666.44
618.70 5.34 -1.15 -9.30 329.79 68.43 17.97 0.50
0.00 4257.27
570.40 0.24 -4.94 -12.56 329.74 71.39 20.09 0.40
0.00 4914.93
523.50 -3.56 -9.62 -23.53 328.35 76.43 17.39 0.20
0.00 5597.54
481.40 -6.86 -12.82 -31.20 330.40 79.38 6.33 0.10
0.00 6255.42
443.60 -11.46 -15.73 -28.32 333.27 240.26 3.13 -0.10
0.00 6887.60
409.70 -15.96 -19.21 -30.23 334.78 244.29 5.83 -0.10
0.00 7491.61
378.90 -19.96 -22.71 -34.39 336.25 242.40 9.63 -0.10
0.00 8075.63
351.30 -23.96 -26.23 -38.57 337.56 240.64 10.70 -0.10
0.00 8631.89
326.40 -28.16 -29.84 -40.89 338.69 237.09 7.87 -0.10
0.00 9163.73
304.00 -32.16 -33.16 -40.22 340.19 253.30 8.12 -0.10
0.00 9669.52
283.80 -35.96 -36.67 -42.80 341.20 267.61 9.32 -0.10
0.00 10150.82
265.70 -39.96 -40.46 -46.15 341.51 271.33 8.35 -0.10
0.00 10604.59
248.80 -43.86 -44.21 -49.43 341.92 261.16 8.84 0.00
1.00 11049.47
233.60 -47.16 -47.44 -52.96 342.92 264.88 13.07 0.10
10.00 11469.56
219.60 -48.86 -49.29 -64.44 346.01 306.87 17.48 0.10
0.00 11876.87
205.70 -51.26 -51.62 -67.88 348.72 325.76 16.92 0.10
0.00 12303.87
191.70 -53.66 -53.97 -73.19 351.92 345.72 11.03 0.10
0.00 12759.22
177.80 -57.26 -57.47 -73.70 353.67 16.70 8.12 0.00
0.00 13238.86
163.80 -60.96 -61.10 -74.24 355.85 2.25 9.91 0.00
0.00 13752.70
149.80 -64.46 -64.55 -74.84 359.03 350.18 10.26 0.10
0.00 14303.05
135.90 -66.96 -67.02 -75.48 364.74 320.71 8.28 0.00
0.00 14894.37
121.90 -68.96 -9999.00 -9999.00 -9999.00 294.30 6.60 0.00
0.00 15547.35
108.00 -69.86 -9999.00 -9999.00 -9999.00 278.13 5.50 0.00
0.00 16269.38
94.00 -69.26 -9999.00 -9999.00 -9999.00 252.47 3.87 0.00
0.00 17096.76
81.00 -67.56 -9999.00 -9999.00 -9999.00 15.07 5.23 0.00
0.00 17988.79
70.60 -65.46 -9999.00 -9999.00 -9999.00 51.34 12.43 0.00
0.00 18819.99
62.20 -64.56 -9999.00 -9999.00 -9999.00 69.53 15.56 0.00
0.00 19591.77
54.30 -62.06 -9999.00 -9999.00 -9999.00 68.96 18.94 0.00
0.00 20426.08
46.90 -59.56 -9999.00 -9999.00 -9999.00 77.11 23.50 0.00
0.00 21336.69
40.10 -57.66 -9999.00 -9999.00 -9999.00 82.06 25.29 0.00
0.00 22320.38
33.80 -55.56 -9999.00 -9999.00 -9999.00 78.22 27.58 0.00
0.00 23403.72
27.80 -51.86 -9999.00 -9999.00 -9999.00 76.76 30.54 0.00
0.00 24658.99
22.30 -48.86 -9999.00 -9999.00 -9999.00 83.21 32.87 0.00
0.00 26096.63
17.10 -44.96 -9999.00 -9999.00 -9999.00 85.04 38.21 0.00
0.00 27854.92
12.30 -42.56 -50.46 -89.89 810.31 79.87 46.37 0.00
0.00 30067.23

STID = KDAL STNM = 722583 TIME = 200809/0600 
SLAT = 32.84 SLON = -96.85 SELV = 138.0
STIM = 11

SHOW = -1.24 LIFT = -1.64 SWET = 212.12 KINX = 28.95
LCLP = 825.97 PWAT = 40.41 TOTL = 47.21 CAPE = 441.12
LCLT = 287.71 CINS = -366.16 EQLV = 229.44 LFCT = 592.60
BRCH = 9.83

PRES TMPC TMWC DWPC THTE DRCT SKNT OMEG
CFRL HGHT
999.20 30.64 21.67 17.55 342.20 174.92 8.78 0.00
0.00 146.07
996.10 30.84 21.67 17.47 342.67 175.35 16.76 0.00
0.00 173.92
990.60 30.64 21.56 17.39 343.02 176.04 19.66 0.00
0.00 223.55
981.20 30.34 21.42 17.35 343.90 179.18 27.19 0.00
0.00 308.94
967.30 29.64 21.41 17.74 346.07 181.86 29.93 0.00
0.00 436.54
949.30 28.44 21.49 18.52 349.43 185.00 31.20 0.10
0.00 604.07
927.80 26.84 20.69 18.02 349.49 185.49 30.44 0.20
0.00 807.50
904.30 25.34 19.53 16.92 348.45 183.93 25.51 0.20
0.00 1034.09
878.80 23.54 18.25 15.78 347.41 180.00 17.48 0.10
0.00 1285.24
850.40 21.24 16.73 14.52 346.10 191.80 13.29 0.10
0.00 1571.59
819.10 18.94 13.99 11.22 340.94 211.76 14.39 0.00
0.00 1895.68
784.80 17.24 10.91 6.70 335.91 200.70 9.34 0.00
0.00 2262.35
747.70 15.74 8.52 3.04 334.33 135.00 9.62 0.20
0.00 2674.70
707.60 13.54 6.87 1.62 336.19 109.44 14.01 0.20
0.00 3140.81
664.60 10.24 2.73 -5.04 331.65 93.45 16.16 0.10
0.00 3665.50
618.60 5.24 -0.95 -8.46 330.35 85.29 18.90 0.00
0.00 4256.53
570.30 0.14 -4.97 -12.47 329.70 89.46 20.59 -0.20
0.00 4914.10
523.40 -3.96 -9.49 -21.21 328.73 95.84 17.19 -0.20
0.00 5596.27
481.30 -7.26 -12.96 -30.02 330.17 100.71 7.32 -0.20
0.00 6253.36
443.60 -11.76 -16.04 -29.25 332.64 219.29 2.76 -0.10
0.00 6883.10
409.70 -16.36 -19.42 -29.69 334.40 227.86 5.50 0.00
0.00 7486.29
378.90 -20.26 -22.89 -34.03 335.92 239.66 9.23 0.10
0.00 8069.52
351.30 -24.16 -26.41 -38.82 337.26 247.80 10.28 0.10
0.00 8625.22
326.40 -28.16 -29.86 -41.18 338.65 246.80 7.40 0.10
0.00 9156.85
304.00 -32.16 -33.19 -40.47 340.15 268.64 8.16 0.20
0.00 9662.63
283.80 -36.16 -36.82 -42.50 340.95 280.62 9.48 0.20
0.00 10143.73
265.70 -40.06 -40.55 -46.15 341.36 276.95 8.02 0.20
0.00 10597.21
248.80 -43.76 -44.14 -49.96 342.03 265.68 10.33 0.10
0.00 11042.10
233.60 -46.46 -46.88 -56.32 343.81 286.63 15.62 0.10
2.00 11462.92
219.60 -48.26 -48.75 -67.41 346.89 322.24 17.44 0.10
0.00 11871.39
205.70 -50.66 -51.05 -67.88 349.66 334.09 15.11 0.00
0.00 12299.55
191.70 -53.46 -53.78 -73.19 352.24 351.53 9.23 0.00
0.00 12755.72
177.80 -57.16 -57.38 -73.70 353.84 16.50 5.48 0.00
0.00 13235.69
163.80 -61.06 -61.20 -74.24 355.68 353.99 7.42 0.00
0.00 13749.53
149.80 -64.36 -64.45 -74.84 359.20 337.93 7.75 0.00
0.00 14299.89
135.90 -66.86 -66.92 -75.48 364.92 300.26 8.10 0.00
0.00 14891.48
121.90 -68.86 -9999.00 -9999.00 -9999.00 280.08 8.88 0.00
0.00 15544.79
108.00 -70.06 -9999.00 -9999.00 -9999.00 283.71 8.20 0.00
0.00 16266.64
94.00 -69.66 -9999.00 -9999.00 -9999.00 298.61 4.88 0.00
0.00 17092.80
81.00 -67.56 -9999.00 -9999.00 -9999.00 25.35 8.16 0.00
0.00 17983.96
70.60 -64.76 -9999.00 -9999.00 -9999.00 64.16 13.81 0.00
0.00 18816.57
62.20 -63.86 -9999.00 -9999.00 -9999.00 79.43 14.82 0.00
0.00 19590.94
54.30 -61.66 -9999.00 -9999.00 -9999.00 76.83 18.75 0.00
0.00 20427.44
46.90 -60.36 -9999.00 -9999.00 -9999.00 81.52 22.40 0.00
0.00 21337.19
40.10 -59.06 -9999.00 -9999.00 -9999.00 78.86 25.14 0.00
0.00 22315.84
33.80 -56.46 -9999.00 -9999.00 -9999.00 72.96 27.84 0.00
0.00 23393.42
27.80 -52.26 -9999.00 -9999.00 -9999.00 75.07 30.15 0.00
0.00 24644.98
22.30 -49.16 -9999.00 -9999.00 -9999.00 80.07 31.55 0.00
0.00 26080.35
17.10 -46.06 -9999.00 -9999.00 -9999.00 85.29 37.82 0.00
0.00 27833.20
12.30 -43.26 -50.83 -89.89 807.85 86.35 45.75 0.00
0.00 30036.84

STID = KDAL STNM = 722583 TIME = 200809/0700 
SLAT = 32.84 SLON = -96.85 SELV = 138.0
STIM = 12

SHOW = -1.73 LIFT = -3.48 SWET = 210.26 KINX = 29.92
LCLP = 849.37 PWAT = 42.77 TOTL = 48.15 CAPE = 1034.59
LCLT = 289.45 CINS = -273.19 EQLV = 210.29 LFCT = 632.92
BRCH = 23.42

PRES TMPC TMWC DWPC THTE DRCT SKNT OMEG
CFRL HGHT
999.10 30.04 22.27 18.88 344.87 180.00 7.96 0.00
0.00 146.95
996.10 30.04 22.27 18.89 345.33 180.75 14.76 0.00
0.00 173.86
990.70 29.74 22.18 18.90 345.79 181.91 17.48 0.00
0.00 222.49
981.20 29.34 22.27 19.26 347.69 186.34 24.63 0.00
0.00 308.59
967.10 28.54 22.54 20.10 351.28 189.96 29.20 0.00
0.00 437.74
949.10 27.34 22.36 20.37 353.51 191.45 32.30 0.00
0.00 604.89
927.60 25.74 21.47 19.72 353.08 191.17 32.07 0.00
0.00 807.82
904.10 24.44 20.20 18.38 351.41 190.72 26.09 0.00
0.00 1033.90
878.60 23.24 18.43 16.22 348.21 189.78 17.15 0.10
0.00 1284.73
850.20 21.14 16.71 14.54 346.06 190.74 11.46 0.00
0.00 1570.98
818.90 18.94 13.80 10.89 340.29 217.41 12.47 0.00
0.00 1895.07
784.70 17.34 10.96 6.72 336.07 197.97 7.56 0.00
0.00 2260.79
747.50 15.94 8.45 2.71 334.14 135.00 10.43 0.00
0.00 2674.52
707.50 13.44 6.87 1.71 336.21 114.98 18.86 -0.10
0.00 3139.63
664.50 9.84 3.15 -3.34 332.91 100.24 16.38 -0.30
0.00 3664.03
618.50 4.84 -0.66 -6.97 331.17 91.18 18.84 -0.30
0.00 4254.48
570.20 -0.26 -4.95 -11.63 329.81 93.33 20.05 -0.20
0.00 4911.33
523.40 -4.46 -9.77 -21.13 328.15 104.34 18.05 -0.20
0.00 5591.00
481.20 -7.76 -13.02 -27.70 330.14 108.82 9.03 -0.20
0.00 6248.53
443.50 -11.96 -16.22 -29.68 332.29 198.43 1.22 -0.10
0.00 6877.59
409.60 -16.36 -19.47 -30.10 334.31 232.13 4.43 0.10
0.00 7480.69
378.90 -20.16 -22.93 -35.16 335.83 250.77 8.84 0.10
0.00 8062.19
351.30 -24.06 -26.43 -40.18 337.20 254.85 9.65 0.10
0.00 8618.10
326.40 -28.06 -29.76 -40.89 338.83 250.14 7.44 0.10
0.00 9149.93
304.00 -32.16 -33.16 -40.22 340.19 270.00 7.96 0.10
0.00 9655.82
283.80 -36.26 -36.88 -42.21 340.84 274.09 8.18 0.10
0.00 10136.83
265.70 -40.06 -40.55 -46.15 341.36 259.56 7.50 0.00
1.00 10590.21
248.80 -43.66 -44.07 -50.52 342.14 260.87 11.01 0.00
0.00 11035.19
233.60 -46.36 -46.81 -57.40 343.92 295.56 14.86 -0.10
0.00 11456.19
219.60 -48.26 -48.75 -67.41 346.89 327.76 14.94 -0.10
0.00 11864.76
205.70 -50.66 -51.05 -67.88 349.66 336.33 15.48 -0.10
0.00 12292.91
191.70 -53.66 -53.97 -73.19 351.92 349.88 11.05 -0.10
0.00 12748.87
177.80 -57.36 -57.57 -73.70 353.51 360.00 5.05 -0.10
0.00 13228.41
163.80 -61.26 -61.39 -74.24 355.35 346.37 6.60 -0.10
0.00 13741.76
149.80 -64.66 -64.74 -74.84 358.69 334.59 8.61 0.00
0.00 14291.47
135.90 -67.06 -67.12 -75.48 364.56 311.28 10.61 0.00
0.00 14882.35
121.90 -68.96 -9999.00 -9999.00 -9999.00 303.96 11.48 0.00
0.00 15535.18
108.00 -70.06 -9999.00 -9999.00 -9999.00 315.00 9.34 0.00
0.00 16256.85
94.00 -69.36 -9999.00 -9999.00 -9999.00 339.44 4.97 0.00
0.00 17083.62
81.00 -67.56 -9999.00 -9999.00 -9999.00 43.99 7.83 0.00
0.00 17975.44
70.60 -65.06 -9999.00 -9999.00 -9999.00 84.21 13.48 0.00
0.00 18807.44
62.20 -64.46 -9999.00 -9999.00 -9999.00 82.67 13.71 0.00
0.00 19580.14
54.30 -62.06 -9999.00 -9999.00 -9999.00 81.62 18.65 0.00
0.00 20414.66
46.90 -60.46 -9999.00 -9999.00 -9999.00 87.57 22.94 0.00
0.00 21323.34
40.10 -59.06 -9999.00 -9999.00 -9999.00 81.16 26.53 0.00
0.00 22301.75
33.80 -55.56 -9999.00 -9999.00 -9999.00 77.01 28.52 0.00
0.00 23381.59
27.80 -52.26 -9999.00 -9999.00 -9999.00 75.61 30.48 0.00
0.00 24635.72
22.30 -49.66 -9999.00 -9999.00 -9999.00 79.97 32.34 0.00
0.00 26069.48
17.10 -47.36 -9999.00 -9999.00 -9999.00 85.73 39.16 0.00
0.00 27815.34
12.30 -44.06 -51.26 -89.89 805.04 87.06 45.51 0.00
0.00 30008.85

STID = KDAL STNM = 722583 TIME = 200809/0800 
SLAT = 32.84 SLON = -96.85 SELV = 138.0
STIM = 13

SHOW = -1.21 LIFT = -3.51 SWET = 204.02 KINX = 29.78
LCLP = 875.43 PWAT = 42.36 TOTL = 47.62 CAPE = 1332.31
LCLT = 291.26 CINS = -227.10 EQLV = 195.35 LFCT = 649.44
BRCH = 29.86

PRES TMPC TMWC DWPC THTE DRCT SKNT OMEG
CFRL HGHT
999.40 29.34 22.91 20.24 347.72 182.86 7.77 0.00
0.00 146.94
996.40 29.34 22.90 20.24 348.16 184.51 14.80 0.00
0.00 173.80
990.90 29.04 22.81 20.24 348.63 185.08 17.56 0.00
0.00 223.23
981.40 28.64 22.86 20.51 350.39 188.38 25.33 0.00
0.00 309.18
967.40 28.04 22.92 20.88 352.98 191.01 29.49 0.00
0.00 437.20
949.30 26.94 22.34 20.49 353.35 193.26 31.33 0.00
0.00 605.03
927.80 25.94 20.96 18.85 350.73 197.95 29.00 0.00
0.00 807.80
904.30 24.84 19.77 17.54 349.51 199.06 22.61 0.00
0.00 1033.95
878.90 23.34 18.36 16.05 347.85 194.53 16.26 0.00
0.00 1283.87
850.40 21.24 16.39 13.95 344.73 198.73 12.10 -0.10
0.00 1571.09
819.10 18.94 13.77 10.84 340.16 217.06 11.93 -0.10
0.00 1895.10
784.90 17.04 11.06 7.16 336.43 189.93 7.89 -0.10
0.00 2260.56
747.70 15.84 7.88 1.42 332.29 136.19 13.19 0.00
0.00 2673.87
707.60 12.54 6.23 1.08 334.27 120.77 20.12 0.00
0.00 3139.12
664.60 9.54 3.26 -2.67 333.26 100.08 17.75 0.10
0.00 3662.32
618.70 4.64 -0.55 -6.38 331.43 89.41 18.84 0.10
0.00 4250.90
570.30 -0.36 -5.45 -13.26 328.57 97.19 20.16 0.10
0.00 4908.55
523.40 -4.56 -10.01 -22.18 327.63 109.03 17.87 0.10
0.00 5589.27
481.30 -7.66 -12.91 -27.31 330.35 121.61 8.90 0.10
0.00 6245.16
443.60 -11.96 -16.22 -29.67 332.27 216.87 1.94 0.10
0.00 6874.21
409.70 -16.16 -19.38 -30.51 334.44 235.18 5.44 0.10
0.00 7477.39
378.90 -20.06 -23.00 -36.86 335.67 255.38 9.23 0.00
0.00 8061.04
351.30 -23.96 -26.37 -40.48 337.30 254.65 10.28 0.00
0.00 8617.15
326.40 -28.06 -29.76 -40.89 338.83 244.65 8.16 -0.10
0.00 9149.09
304.00 -32.26 -33.20 -39.72 340.13 259.00 7.13 0.00
0.00 9654.88
283.80 -36.36 -36.95 -41.93 340.74 259.00 7.13 0.00
0.00 10135.69
265.70 -40.16 -40.64 -46.15 341.21 244.65 8.16 0.00
2.00 10588.88
248.80 -43.86 -44.25 -50.52 341.84 254.43 12.30 0.00
2.00 11033.57
233.60 -46.66 -47.11 -58.63 343.42 295.07 13.29 -0.10
0.00 11454.11
219.60 -48.66 -49.13 -67.41 346.28 324.94 13.52 -0.10
0.00 11862.04
205.70 -51.06 -51.43 -67.88 349.04 334.41 15.29 0.00
0.00 12289.43
191.70 -54.06 -54.36 -73.19 351.28 347.01 12.96 0.00
0.00 12744.56
177.80 -57.56 -57.76 -73.70 353.18 347.28 6.18 0.00
0.00 13223.44
163.80 -61.46 -61.59 -74.24 355.01 335.70 6.60 0.00
0.00 13736.31
149.80 -64.66 -64.74 -74.84 358.69 330.95 10.00 0.00
0.00 14285.76
135.90 -67.16 -67.22 -75.48 364.39 319.13 13.36 0.00
0.00 14876.50
121.90 -69.06 -9999.00 -9999.00 -9999.00 317.44 12.92 0.00
0.00 15529.01
108.00 -69.66 -9999.00 -9999.00 -9999.00 330.40 9.83 0.00
0.00 16251.21
94.00 -68.86 -9999.00 -9999.00 -9999.00 358.03 5.63 0.00
0.00 17079.81
81.00 -67.66 -9999.00 -9999.00 -9999.00 57.43 8.29 0.00
0.00 17972.50
70.60 -66.36 -9999.00 -9999.00 -9999.00 103.24 13.58 0.00
0.00 18801.69
62.20 -65.46 -9999.00 -9999.00 -9999.00 90.00 13.21 0.00
0.00 19570.12
54.30 -62.76 -9999.00 -9999.00 -9999.00 87.32 20.80 0.00
0.00 20401.26
46.90 -60.96 -9999.00 -9999.00 -9999.00 85.43 24.36 0.00
0.00 21307.37
40.10 -57.86 -9999.00 -9999.00 -9999.00 84.42 25.95 0.00
0.00 22287.39
33.80 -55.16 -9999.00 -9999.00 -9999.00 86.40 27.84 0.00
0.00 23371.22
27.80 -52.66 -9999.00 -9999.00 -9999.00 79.97 29.00 0.00
0.00 24625.36
22.30 -50.86 -9999.00 -9999.00 -9999.00 83.85 32.63 0.00
0.00 26053.95
17.10 -48.96 -9999.00 -9999.00 -9999.00 86.21 38.15 0.00
0.00 27788.93
12.30 -43.96 -51.21 -89.89 805.39 83.13 43.82 0.00
0.00 29975.21

STID = KDAL STNM = 722583 TIME = 200809/0900 
SLAT = 32.84 SLON = -96.85 SELV = 138.0
STIM = 14

SHOW = -1.04 LIFT = -3.03 SWET = 204.74 KINX = 29.53
LCLP = 896.45 PWAT = 42.17 TOTL = 47.20 CAPE = 1346.04
LCLT = 292.67 CINS = -220.51 EQLV = 194.54 LFCT = 650.20
BRCH = 32.82

PRES TMPC TMWC DWPC THTE DRCT SKNT OMEG
CFRL HGHT
999.30 28.74 23.41 21.28 350.06 182.73 8.16 0.00
0.00 146.92
996.30 28.74 23.40 21.26 350.46 184.40 15.19 0.00
0.00 173.75
990.80 28.44 23.26 21.19 350.73 184.97 17.93 0.00
0.00 223.12
981.30 27.94 23.09 21.15 351.48 188.38 25.33 -0.10
0.00 308.93
967.20 27.14 22.73 20.96 352.16 191.23 28.92 -0.10
0.00 437.57
949.20 26.34 21.89 20.06 351.32 195.10 30.57 -0.10
0.00 604.06
927.70 25.94 20.60 18.28 349.14 201.19 26.88 -0.10
0.00 806.60
904.20 25.24 19.39 16.74 347.88 203.34 20.10 -0.10
0.00 1032.84
878.80 23.14 18.29 16.03 347.57 197.80 16.53 -0.10
0.00 1282.81
850.40 21.14 16.41 14.04 344.82 195.33 12.49 -0.20
0.00 1568.91
819.00 18.74 13.99 11.35 340.99 205.08 10.08 -0.20
0.00 1893.85
784.80 16.64 11.26 7.82 337.12 173.21 8.22 -0.10
0.00 2259.06
747.60 15.24 7.63 1.41 331.60 141.77 16.32 0.10
0.00 2671.75
707.50 12.34 6.09 0.94 333.87 122.77 16.86 0.30
0.00 3136.41
664.50 9.54 3.06 -3.22 332.68 101.31 19.81 0.30
0.00 3659.47
618.60 4.54 -0.95 -7.40 330.41 97.91 21.17 0.20
0.00 4247.95
570.20 -0.56 -5.47 -12.91 328.57 108.61 20.09 0.10
0.00 4905.30
523.40 -4.46 -9.96 -22.27 327.72 119.32 16.26 0.00
0.00 5584.52
481.30 -7.36 -12.88 -28.66 330.37 136.91 8.24 0.00
0.00 6240.87
443.60 -11.86 -16.17 -29.82 332.36 214.99 2.37 0.00
0.00 6870.38
409.60 -16.06 -19.35 -30.80 334.53 233.53 5.56 0.00
0.00 7475.64
378.90 -19.96 -23.08 -38.88 335.50 258.18 8.53 0.00
0.00 8057.68
351.30 -23.96 -26.37 -40.48 337.30 258.49 10.70 -0.10
0.00 8613.89
326.40 -28.16 -29.80 -40.32 338.77 244.49 9.48 -0.10
0.00 9145.72
304.00 -32.46 -33.33 -39.25 339.92 247.38 7.58 -0.10
0.00 9651.21
283.80 -36.36 -36.97 -42.21 340.70 246.61 7.83 0.00
0.00 10131.81
265.70 -40.26 -40.75 -46.55 341.03 241.99 10.33 0.00
0.00 10584.91
248.80 -43.86 -44.25 -50.52 341.84 258.69 14.86 0.00
2.00 11029.50
233.60 -46.86 -47.30 -58.63 343.12 291.80 13.60 0.00
0.00 11449.85
219.60 -48.66 -49.13 -67.41 346.28 320.19 13.66 0.00
0.00 11857.61
205.70 -51.26 -51.62 -67.88 348.72 332.14 15.38 0.00
0.00 12284.80
191.70 -54.06 -54.36 -73.19 351.28 344.39 13.71 0.00
0.00 12739.73
177.80 -57.56 -57.76 -73.70 353.18 340.71 8.24 0.10
0.00 13218.61
163.80 -61.36 -61.49 -74.24 355.18 329.47 8.80 0.10
0.00 13731.60
149.80 -64.56 -64.65 -74.84 358.86 330.95 12.00 0.10
0.00 14281.31
135.90 -67.16 -67.22 -75.48 364.39 327.17 14.34 0.00
0.00 14872.19
121.90 -68.86 -9999.00 -9999.00 -9999.00 326.07 12.88 0.00
0.00 15525.02
108.00 -69.36 -9999.00 -9999.00 -9999.00 333.43 9.98 0.00
0.00 16248.11
94.00 -68.66 -9999.00 -9999.00 -9999.00 353.42 5.09 0.00
0.00 17077.72
81.00 -67.76 -9999.00 -9999.00 -9999.00 74.05 8.49 0.00
0.00 17970.63
70.60 -67.16 -9999.00 -9999.00 -9999.00 103.13 11.97 0.00
0.00 18798.01
62.20 -64.66 -9999.00 -9999.00 -9999.00 82.41 11.75 0.00
0.00 19566.44
54.30 -61.86 -9999.00 -9999.00 -9999.00 85.91 19.08 0.00
0.00 20400.96
46.90 -59.66 -9999.00 -9999.00 -9999.00 84.34 21.66 0.00
0.00 21311.78
40.10 -57.36 -9999.00 -9999.00 -9999.00 85.24 23.39 0.00
0.00 22295.93
33.80 -55.36 -9999.00 -9999.00 -9999.00 80.78 23.02 0.00
0.00 23380.52
27.80 -52.36 -9999.00 -9999.00 -9999.00 83.75 28.54 0.00
0.00 24634.94
22.30 -51.16 -9999.00 -9999.00 -9999.00 86.67 33.47 0.00
0.00 26063.53
17.10 -48.86 -9999.00 -9999.00 -9999.00 80.92 38.17 0.00
0.00 27797.73
12.30 -44.06 -51.26 -89.89 805.04 79.98 45.77 0.00
0.00 29984.01

STID = KDAL STNM = 722583 TIME = 200809/1000 
SLAT = 32.84 SLON = -96.85 SELV = 138.0
STIM = 15

SHOW = -1.31 LIFT = -2.59 SWET = 210.36 KINX = 29.59
LCLP = 908.19 PWAT = 43.32 TOTL = 47.31 CAPE = 1202.42
LCLT = 293.20 CINS = -224.15 EQLV = 201.00 LFCT = 649.08
BRCH = 31.99

PRES TMPC TMWC DWPC THTE DRCT SKNT OMEG
CFRL HGHT
999.00 28.14 23.46 21.60 350.35 184.09 8.18 0.00
0.00 146.02
996.00 28.14 23.42 21.54 350.63 185.93 15.03 0.00
0.00 172.81
990.40 27.74 23.23 21.43 350.68 186.34 17.60 0.00
0.00 222.99
980.90 27.24 22.93 21.20 350.84 188.85 23.99 -0.10
0.00 308.65
966.90 26.34 22.39 20.78 350.67 192.09 27.82 -0.20
0.00 436.09
948.90 25.74 21.51 19.73 349.66 198.55 29.91 -0.30
0.00 602.23
927.40 25.54 20.36 18.09 348.17 204.89 26.77 -0.40
0.00 804.46
904.00 25.14 19.08 16.27 346.58 204.98 18.86 -0.30
0.00 1029.58
878.50 23.14 18.16 15.82 347.08 200.73 15.37 -0.30
0.00 1280.52
850.20 20.84 16.59 14.50 345.60 190.62 12.65 -0.30
0.00 1565.56
818.80 18.44 14.30 12.05 342.16 189.27 9.63 -0.30
0.00 1890.33
784.60 16.14 11.61 8.82 338.38 167.91 8.35 -0.10
0.00 2255.25
747.40 14.54 8.27 3.56 333.70 147.36 14.76 0.10
0.00 2667.39
707.30 12.34 6.04 0.82 333.75 121.93 15.79 0.10
0.00 3131.73
664.40 9.34 2.91 -3.37 332.30 106.91 20.71 0.10
0.00 3653.49
618.50 4.24 -0.53 -5.78 331.56 102.47 20.69 0.10
0.00 4241.61
570.10 -0.76 -4.51 -9.42 330.92 112.78 21.08 0.00
0.00 4898.73
523.30 -4.26 -9.84 -22.28 327.98 125.36 14.76 -0.10
0.00 5578.24
481.20 -7.46 -13.12 -30.35 329.87 142.35 8.59 -0.10
0.00 6234.82
443.50 -11.96 -16.26 -29.97 332.22 198.43 1.85 -0.10
0.00 6864.21
409.60 -16.16 -19.44 -30.95 334.36 228.58 4.41 0.00
0.00 7467.52
378.90 -19.96 -23.17 -40.37 335.31 263.83 7.23 -0.10
0.00 8049.43
351.30 -24.16 -26.49 -39.90 337.10 268.96 10.68 -0.10
0.00 8605.41
326.40 -28.36 -29.86 -39.03 338.68 254.85 9.65 -0.10
0.00 9136.82
304.00 -32.66 -33.46 -38.80 339.71 247.93 7.75 -0.10
0.00 9641.91
283.80 -36.56 -37.12 -41.93 340.45 249.44 8.29 0.00
1.00 10122.11
265.70 -40.26 -40.77 -46.97 340.99 252.82 11.19 0.00
0.00 10575.01
248.80 -43.76 -44.21 -51.75 341.90 275.71 15.62 0.10
1.00 11019.70
233.60 -46.26 -46.79 -61.80 343.94 305.36 14.76 0.10
0.00 11440.69
219.60 -48.36 -48.87 -72.27 346.69 323.88 17.79 0.10
0.00 11849.25
205.70 -51.16 -51.53 -67.88 348.88 333.73 16.69 0.10
0.00 12276.83
191.70 -53.96 -54.24 -68.39 351.49 343.52 14.37 0.10
0.00 12731.97
177.80 -57.36 -57.57 -73.70 353.51 344.65 10.28 0.10
0.00 13211.18
163.80 -61.16 -61.29 -74.24 355.52 333.43 10.86 0.10
0.00 13724.65
149.80 -64.36 -64.45 -74.84 359.20 335.48 12.16 0.10
0.00 14274.88
135.90 -66.86 -9999.00 -9999.00 -9999.00 332.65 12.68 0.00
0.00 14866.48
121.90 -68.56 -9999.00 -9999.00 -9999.00 330.49 11.83 0.00
0.00 15520.26
108.00 -69.76 -9999.00 -9999.00 -9999.00 333.95 9.73 0.00
0.00 16243.17
94.00 -69.46 -9999.00 -9999.00 -9999.00 337.75 4.62 0.00
0.00 17070.35
81.00 -68.36 -9999.00 -9999.00 -9999.00 79.22 8.31 0.00
0.00 17960.20
70.60 -67.76 -9999.00 -9999.00 -9999.00 99.82 10.26 0.00
0.00 18785.17
62.20 -64.36 -9999.00 -9999.00 -9999.00 78.91 10.10 0.00
0.00 19553.05
54.30 -61.66 -9999.00 -9999.00 -9999.00 88.11 17.68 0.00
0.00 20388.56
46.90 -59.26 -9999.00 -9999.00 -9999.00 93.34 23.35 0.00
0.00 21300.67
40.10 -57.56 -9999.00 -9999.00 -9999.00 88.01 22.36 0.00
0.00 22285.28
33.80 -54.66 -9999.00 -9999.00 -9999.00 76.41 23.99 0.00
0.00 23371.11
27.80 -52.76 -9999.00 -9999.00 -9999.00 82.60 30.17 0.00
0.00 24626.39
22.30 -51.36 -9999.00 -9999.00 -9999.00 81.63 33.37 0.00
0.00 26053.05
17.10 -48.46 -9999.00 -9999.00 -9999.00 77.11 40.05 0.00
0.00 27788.03
12.30 -44.56 -51.54 -89.89 803.28 78.64 45.38 0.00
0.00 29973.82

STID = KDAL STNM = 722583 TIME = 200809/1100 
SLAT = 32.84 SLON = -96.85 SELV = 138.0
STIM = 16

SHOW = -1.58 LIFT = -2.62 SWET = 210.83 KINX = 29.94
LCLP = 914.59 PWAT = 44.55 TOTL = 47.56 CAPE = 1132.80
LCLT = 293.24 CINS = -207.94 EQLV = 207.53 LFCT = 649.33
BRCH = 31.94

PRES TMPC TMWC DWPC THTE DRCT SKNT OMEG
CFRL HGHT
999.70 27.64 23.29 21.54 349.45 184.29 7.79 0.00
0.00 146.00
996.60 27.54 23.22 21.48 349.62 186.17 14.45 0.00
0.00 173.61
991.10 27.14 23.03 21.37 349.65 186.56 17.02 -0.10
0.00 222.77
981.60 26.54 22.73 21.18 349.82 189.38 22.65 -0.20
0.00 308.17
967.60 25.64 22.25 20.86 349.95 192.80 26.30 -0.30
0.00 435.23
949.60 25.14 21.54 20.04 349.73 201.66 28.42 -0.50
0.00 600.90
928.10 24.94 20.52 18.61 348.78 210.32 26.55 -0.60
0.00 802.62
904.60 24.44 19.09 16.63 346.56 208.57 19.91 -0.60
0.00 1028.10
879.10 23.14 17.79 15.22 345.48 204.38 13.66 -0.50
0.00 1278.56
850.70 20.64 16.74 14.83 346.09 196.34 11.73 -0.50
0.00 1564.31
819.40 18.04 14.66 12.88 343.44 181.17 9.52 -0.40
0.00 1887.59
785.00 15.64 12.00 9.84 339.69 161.11 7.81 -0.30
0.00 2253.98
747.80 13.94 8.49 4.52 334.35 150.14 12.10 -0.10
0.00 2665.25
707.70 12.14 5.94 0.78 333.39 122.24 14.94 0.10
0.00 3128.76
664.70 9.14 2.90 -3.16 332.23 107.58 20.57 0.10
0.00 3651.10
618.70 4.14 -0.15 -4.65 332.54 104.64 22.28 0.10
0.00 4240.03
570.30 -1.06 -4.30 -8.37 331.42 110.32 22.38 0.00
0.00 4896.58
523.40 -4.46 -9.83 -21.47 328.02 125.06 13.52 -0.10
0.00 5576.81
481.30 -7.46 -13.21 -31.38 329.64 144.64 7.38 -0.10
0.00 6233.02
443.60 -12.06 -16.36 -30.26 332.00 188.13 1.38 0.00
0.00 6862.13
409.70 -16.26 -19.53 -31.10 334.17 223.03 3.98 -0.10
0.00 7465.07
378.90 -20.16 -23.32 -40.37 335.04 264.09 5.67 -0.10
0.00 8048.45
351.30 -24.36 -26.58 -39.08 336.95 275.19 8.59 -0.20
0.00 8604.00
326.40 -28.66 -29.94 -37.25 338.57 260.75 8.47 -0.10
0.00 9134.89
304.00 -32.86 -33.56 -38.15 339.54 248.20 7.32 -0.10
0.00 9639.47
283.80 -36.66 -37.21 -41.93 340.31 255.32 8.43 0.00
3.00 10119.38
265.70 -40.36 -40.86 -46.97 340.84 266.25 11.87 0.00
2.00 10572.09
248.80 -43.56 -44.12 -54.84 342.04 293.96 15.31 0.00
0.00 11016.86
233.60 -45.76 -46.35 -63.98 344.66 317.19 18.01 0.10
0.00 11438.50
219.60 -48.36 -48.82 -64.44 346.78 329.88 18.18 0.10
0.00 11847.51
205.70 -50.86 -51.24 -67.88 349.35 336.80 16.28 0.10
0.00 12275.38
191.70 -53.76 -54.04 -68.39 351.81 343.84 13.95 0.10
0.00 12731.04
177.80 -57.26 -57.47 -73.70 353.67 348.91 10.10 0.10
0.00 13210.57
163.80 -60.96 -61.10 -74.24 355.85 337.38 10.10 0.10
0.00 13724.41
149.80 -63.96 -64.06 -74.84 359.89 336.37 10.18 0.00
0.00 14275.42
135.90 -66.36 -9999.00 -9999.00 -9999.00 332.99 11.11 0.00
0.00 14868.30
121.90 -68.56 -9999.00 -9999.00 -9999.00 335.56 11.73 0.00
0.00 15522.87
108.00 -70.36 -9999.00 -9999.00 -9999.00 344.22 9.29 0.00
0.00 16244.73
94.00 -70.06 -9999.00 -9999.00 -9999.00 354.29 3.90 0.00
0.00 17069.46
81.00 -68.86 -9999.00 -9999.00 -9999.00 86.57 9.73 0.00
0.00 17956.92
70.60 -67.86 -9999.00 -9999.00 -9999.00 94.97 8.97 0.00
0.00 18780.68
62.20 -64.06 -9999.00 -9999.00 -9999.00 76.43 11.60 0.00
0.00 19548.93
54.30 -62.06 -9999.00 -9999.00 -9999.00 90.55 20.20 0.00
0.00 20384.24
46.90 -59.56 -9999.00 -9999.00 -9999.00 100.76 23.93 0.00
0.00 21294.85
40.10 -57.66 -9999.00 -9999.00 -9999.00 95.76 23.23 0.00
0.00 22278.54
33.80 -55.46 -9999.00 -9999.00 -9999.00 78.07 28.19 0.00
0.00 23362.12
27.80 -53.06 -9999.00 -9999.00 -9999.00 77.36 32.85 0.00
0.00 24614.25
22.30 -50.56 -9999.00 -9999.00 -9999.00 80.48 34.07 0.00
0.00 26042.53
17.10 -47.66 -9999.00 -9999.00 -9999.00 74.98 41.22 0.00
0.00 27783.72
12.30 -44.36 -51.43 -89.89 803.98 73.72 45.73 0.00
0.00 29974.34

STID = KDAL STNM = 722583 TIME = 200809/1200 
SLAT = 32.84 SLON = -96.85 SELV = 138.0
STIM = 17

SHOW = -1.35 LIFT = -2.88 SWET = 204.19 KINX = 30.50
LCLP = 924.32 PWAT = 45.87 TOTL = 47.29 CAPE = 1141.25
LCLT = 293.49 CINS = -169.36 EQLV = 210.19 LFCT = 654.51
BRCH = 34.37

PRES TMPC TMWC DWPC THTE DRCT SKNT OMEG
CFRL HGHT
1000.30 27.04 23.19 21.63 348.90 183.27 6.82 0.00
0.00 146.87
997.30 26.94 23.13 21.59 349.12 185.88 13.29 0.00
0.00 173.52
991.70 26.54 22.95 21.49 349.19 186.42 15.64 -0.10
0.00 223.44
982.20 25.94 22.67 21.33 349.45 190.16 20.92 -0.20
0.00 308.63
968.20 25.24 22.24 21.00 349.79 195.76 25.02 -0.30
0.00 435.41
950.20 24.84 21.64 20.30 350.04 206.38 27.10 -0.50
0.00 600.80
928.60 24.54 20.77 19.17 349.81 216.61 25.41 -0.60
0.00 803.15
905.10 23.64 19.45 17.58 348.03 215.17 20.90 -0.70
0.00 1028.14
879.70 22.64 17.74 15.39 345.20 206.57 14.34 -0.70
0.00 1276.99
851.20 20.44 16.53 14.60 345.19 202.20 10.28 -0.70
0.00 1563.22
819.80 17.74 15.00 13.59 344.67 181.27 8.74 -0.60
0.00 1887.11
785.40 15.14 12.43 10.87 341.14 152.78 7.65 -0.40
0.00 2252.95
748.20 13.34 8.81 5.64 335.33 149.42 9.93 -0.20
0.00 2663.38
708.00 11.74 6.03 1.37 333.64 122.99 13.21 -0.10
0.00 3127.12
665.00 8.84 2.91 -2.78 332.24 108.26 20.45 0.00
0.00 3648.65
619.00 4.04 -0.17 -4.58 332.44 104.72 23.70 0.00
0.00 4236.91
570.50 -1.16 -4.44 -8.62 331.04 109.58 21.45 0.00
0.00 4894.30
523.60 -4.66 -9.83 -20.79 328.01 124.92 12.55 -0.10
0.00 5573.90
481.40 -7.46 -13.26 -31.93 329.51 147.26 6.47 0.00
0.00 6231.24
443.70 -12.06 -16.37 -30.41 331.95 164.05 1.42 0.00
0.00 6860.21
409.70 -16.36 -19.61 -31.25 334.00 210.47 3.83 0.00
0.00 7464.73
379.00 -20.46 -23.49 -39.45 334.73 252.47 3.87 -0.10
0.00 8045.69
351.30 -24.66 -26.72 -37.84 336.73 273.58 6.24 -0.10
0.00 8602.53
326.40 -28.86 -29.97 -36.08 338.51 252.47 7.73 0.00
0.00 9132.90
304.00 -32.96 -33.58 -37.55 339.51 239.04 7.93 0.00
1.00 9637.18
283.80 -36.76 -37.32 -42.21 340.12 253.07 9.34 0.00
5.00 10116.89
265.70 -40.26 -40.87 -48.85 340.83 273.32 13.42 0.10
0.00 10569.59
248.80 -43.36 -43.96 -55.81 342.29 303.33 16.98 0.10
0.00 11014.65
233.60 -45.96 -46.44 -57.40 344.53 322.51 17.87 0.10
0.00 11436.29
219.60 -48.16 -48.60 -62.27 347.14 328.54 15.25 0.00
0.00 11845.31
205.70 -50.66 -51.05 -67.88 349.66 334.11 14.69 0.00
0.00 12273.56
191.70 -53.66 -53.95 -68.39 351.97 341.57 11.67 0.00
0.00 12729.53
177.80 -57.26 -57.47 -73.70 353.67 347.62 8.16 0.00
0.00 13209.17
163.80 -60.96 -61.10 -74.24 355.85 333.43 8.26 -0.10
0.00 13723.01
149.90 -64.06 -64.15 -74.83 359.65 329.04 10.20 -0.10
0.00 14269.77
135.90 -66.86 -9999.00 -9999.00 -9999.00 333.84 12.33 -0.10
0.00 14865.85
121.90 -69.36 -9999.00 -9999.00 -9999.00 349.02 13.25 -0.10
0.00 15518.36
108.00 -70.76 -9999.00 -9999.00 -9999.00 6.34 10.55 0.00
0.00 16238.09
94.00 -69.96 -9999.00 -9999.00 -9999.00 30.96 5.67 0.00
0.00 17062.21
81.00 -68.56 -9999.00 -9999.00 -9999.00 92.20 10.10 0.00
0.00 17950.54
70.60 -66.96 -9999.00 -9999.00 -9999.00 92.73 8.16 0.00
0.00 18776.71
62.20 -63.46 -9999.00 -9999.00 -9999.00 73.23 14.80 0.00
0.00 19547.75
54.30 -61.86 -9999.00 -9999.00 -9999.00 91.03 21.56 0.00
0.00 20384.65
46.90 -59.96 -9999.00 -9999.00 -9999.00 102.53 23.29 0.00
0.00 21294.83
40.10 -58.46 -9999.00 -9999.00 -9999.00 91.62 20.59 0.00
0.00 22275.77
33.80 -55.46 -9999.00 -9999.00 -9999.00 79.99 26.83 0.00
0.00 23357.35
27.80 -52.66 -9999.00 -9999.00 -9999.00 82.45 32.54 0.00
0.00 24610.62
22.30 -51.16 -9999.00 -9999.00 -9999.00 81.25 33.22 0.00
0.00 26038.26
17.10 -48.46 -9999.00 -9999.00 -9999.00 78.53 41.03 0.00
0.00 27774.01
12.30 -44.56 -51.54 -89.89 803.28 71.71 48.89 0.00
0.00 29959.80

STID = KDAL STNM = 722583 TIME = 200809/1300 
SLAT = 32.84 SLON = -96.85 SELV = 138.0
STIM = 18

SHOW = -1.06 LIFT = -2.94 SWET = 203.59 KINX = 31.02
LCLP = 920.40 PWAT = 47.10 TOTL = 46.71 CAPE = 1197.77
LCLT = 293.64 CINS = -113.14 EQLV = 209.02 LFCT = 789.39
BRCH = 43.69

PRES TMPC TMWC DWPC THTE DRCT SKNT OMEG
CFRL HGHT
1001.20 27.64 23.51 21.87 350.24 188.13 8.24 0.00
0.00 145.99
998.10 27.24 23.35 21.80 350.01 188.62 12.98 0.00
0.00 173.55
992.60 26.64 23.13 21.71 349.86 189.58 15.17 0.00
0.00 222.57
983.00 25.84 22.78 21.53 349.82 191.43 18.63 -0.10
0.00 308.60
969.00 24.94 22.28 21.18 349.85 197.97 22.67 -0.30
0.00 435.20
950.90 24.64 21.73 20.52 350.35 208.54 25.21 -0.40
0.00 601.26
929.40 24.24 20.90 19.49 350.25 217.79 24.09 -0.50
0.00 802.38
905.80 23.34 19.62 17.98 348.65 219.17 20.30 -0.60
0.00 1027.95
880.30 21.94 17.96 16.08 345.99 205.92 15.56 -0.60
0.00 1277.25
851.90 20.14 16.42 14.57 344.64 198.43 10.45 -0.60
0.00 1561.82
820.40 17.44 15.12 13.93 345.02 181.33 8.35 -0.50
0.00 1886.18
786.00 14.64 12.88 11.90 342.68 151.07 8.43 -0.30
0.00 2251.35
748.70 12.64 9.11 6.74 336.26 146.66 8.84 -0.20
0.00 2661.89
708.40 11.34 6.17 2.04 334.01 122.91 11.79 0.00
0.00 3125.73
665.30 8.54 2.97 -2.29 332.37 111.60 20.05 0.10
0.00 3647.64
619.20 3.94 -0.20 -4.55 332.31 107.10 23.78 0.20
0.00 4236.56
570.70 -1.16 -4.54 -8.91 330.75 114.54 19.64 0.10
0.00 4893.59
523.80 -4.66 -9.90 -21.20 327.80 133.60 11.27 0.10
0.00 5572.92
481.60 -7.26 -13.18 -32.51 329.61 154.18 6.68 0.00
0.00 6230.23
443.80 -12.06 -16.42 -30.88 331.82 147.26 3.22 0.00
0.00 6860.89
409.80 -16.46 -19.74 -31.71 333.74 184.76 4.68 -0.10
0.00 7465.14
379.00 -20.46 -23.47 -39.16 334.77 214.70 3.07 -0.10
0.00 8047.81
351.40 -24.66 -26.54 -35.91 337.04 259.11 5.15 0.00
0.00 8602.57
326.50 -28.86 -29.89 -35.36 338.63 243.43 8.26 0.10
0.00 9132.81
304.00 -32.86 -33.56 -38.15 339.54 239.59 10.35 0.10
0.00 9639.36
283.80 -36.66 -37.32 -43.42 340.11 257.20 13.15 0.00
0.00 10119.27
265.70 -40.16 -40.82 -49.95 340.89 273.58 15.58 0.00
0.00 10572.15
248.80 -43.26 -43.87 -55.81 342.44 297.76 16.69 0.00
0.00 11017.40
233.60 -45.96 -46.44 -57.40 344.53 316.94 16.22 0.00
0.00 11439.13
219.60 -48.06 -48.54 -64.44 347.25 325.89 14.55 0.00
0.00 11848.24
205.70 -50.56 -50.98 -72.71 349.77 335.34 13.03 -0.10
0.00 12276.68
191.70 -53.56 -53.88 -73.19 352.08 344.74 11.07 -0.10
0.00 12732.85
177.80 -57.26 -57.47 -73.70 353.67 347.91 8.35 -0.10
0.00 13212.61
163.80 -61.16 -61.29 -74.24 355.52 337.96 8.80 -0.10
0.00 13726.20
149.80 -64.66 -64.74 -74.84 358.69 332.20 12.08 -0.10
0.00 14276.04
135.90 -67.46 -9999.00 -9999.00 -9999.00 340.29 13.83 -0.10
0.00 14866.35
121.90 -69.66 -9999.00 -9999.00 -9999.00 358.51 14.96 0.00
0.00 15517.42
108.00 -70.66 -9999.00 -9999.00 -9999.00 13.07 11.17 0.00
0.00 16236.79
94.00 -69.56 -9999.00 -9999.00 -9999.00 34.22 5.87 0.00
0.00 17061.94
81.00 -68.06 -9999.00 -9999.00 -9999.00 98.97 7.48 0.00
0.00 17952.23
70.60 -66.56 -9999.00 -9999.00 -9999.00 83.83 7.23 0.00
0.00 18780.21
62.20 -63.26 -9999.00 -9999.00 -9999.00 74.80 16.30 0.00
0.00 19552.35
54.30 -61.96 -9999.00 -9999.00 -9999.00 94.28 20.84 0.00
0.00 20389.45
46.90 -60.56 -9999.00 -9999.00 -9999.00 100.95 18.40 0.00
0.00 21298.13
40.10 -57.86 -9999.00 -9999.00 -9999.00 83.11 17.81 0.00
0.00 22279.07
33.80 -55.66 -9999.00 -9999.00 -9999.00 88.30 26.24 0.00
0.00 23361.66
27.80 -53.56 -9999.00 -9999.00 -9999.00 90.69 32.25 0.00
0.00 24611.79
22.30 -52.16 -9999.00 -9999.00 -9999.00 81.78 36.69 0.00
0.00 26033.29
17.10 -49.06 -9999.00 -9999.00 -9999.00 79.09 43.12 0.00
0.00 27762.82
12.30 -44.46 -51.48 -89.89 803.63 75.37 49.98 0.00
0.00 29946.20

STID = KDAL STNM = 722583 TIME = 200809/1400 
SLAT = 32.84 SLON = -96.85 SELV = 138.0
STIM = 19

SHOW = -0.77 LIFT = -2.73 SWET = 206.44 KINX = 30.87
LCLP = 903.46 PWAT = 47.39 TOTL = 45.92 CAPE = 1327.87
LCLT = 293.37 CINS = -82.08 EQLV = 203.83 LFCT = 804.73
BRCH = 68.14

PRES TMPC TMWC DWPC THTE DRCT SKNT OMEG
CFRL HGHT
1002.20 29.04 23.91 21.91 351.91 195.26 8.86 0.00
0.00 146.91
999.20 28.34 23.68 21.84 351.31 195.17 11.87 0.00
0.00 173.66
993.60 27.74 23.44 21.73 351.11 195.61 13.71 0.00
0.00 223.71
984.10 26.84 23.07 21.56 350.97 196.84 15.42 -0.10
0.00 309.05
970.00 25.54 22.52 21.29 350.77 198.64 17.02 -0.20
0.00 436.76
951.90 24.54 21.76 20.60 350.31 210.07 21.33 -0.30
1.00 602.80
930.40 23.74 20.76 19.49 349.47 213.83 21.99 -0.40
4.00 803.50
906.80 23.14 19.51 17.90 348.02 217.33 19.54 -0.40
0.00 1028.56
881.20 21.64 18.04 16.35 346.18 204.68 15.81 -0.50
0.00 1278.37
852.70 19.74 16.43 14.79 344.56 189.95 11.25 -0.50
0.00 1563.35
821.20 17.24 15.21 14.17 345.23 173.80 8.99 -0.40
0.00 1887.10
786.70 14.24 13.04 12.36 343.12 150.95 10.00 -0.20
9.00 2252.67
749.30 12.44 9.24 7.11 336.57 141.71 9.40 0.00
3.00 2663.60
709.00 11.34 6.32 2.38 334.39 121.55 13.00 0.10
0.00 3126.95
665.80 8.34 3.04 -1.90 332.50 115.84 20.51 0.20
0.00 3649.51
619.70 4.04 -0.29 -4.90 331.98 111.45 23.37 0.20
0.00 4237.87
571.10 -0.96 -4.79 -9.95 330.06 122.85 18.26 0.10
0.00 4896.04
524.10 -4.26 -9.85 -22.35 327.80 144.06 9.60 0.10
0.00 5577.05
481.80 -7.06 -13.10 -33.12 329.71 159.23 6.02 0.10
0.00 6236.30
444.00 -12.06 -16.47 -31.36 331.67 146.31 4.20 0.00
0.00 6866.92
409.90 -16.46 -19.84 -32.70 333.50 178.15 6.02 0.00
0.00 7472.72
379.10 -20.56 -23.52 -38.88 334.65 195.26 4.43 -0.10
0.00 8055.12
351.40 -24.76 -26.56 -35.34 337.01 237.53 5.07 0.00
0.00 8611.60
326.50 -28.76 -29.79 -35.19 338.81 235.62 8.94 0.00
0.00 9141.84
304.10 -32.76 -33.54 -38.80 339.54 243.85 11.91 0.00
0.00 9646.27
283.90 -36.56 -37.32 -44.79 340.07 263.91 14.65 0.00
0.00 10126.20
265.70 -40.16 -40.82 -49.95 340.89 275.84 17.19 0.00
0.00 10581.60
248.80 -43.26 -43.87 -55.81 342.44 295.64 16.16 0.00
0.00 11026.84
233.60 -46.16 -46.62 -57.40 344.22 314.01 15.93 0.00
0.00 11448.39
219.60 -48.16 -48.63 -64.44 347.09 326.94 14.61 0.00
0.00 11857.23
205.70 -50.56 -50.98 -72.71 349.77 336.90 14.36 -0.10
0.00 12285.58
191.70 -53.86 -54.16 -73.19 351.60 347.28 12.35 -0.10
0.00 12741.43
177.80 -57.56 -57.76 -73.70 353.18 351.70 9.42 -0.10
0.00 13220.53
163.80 -61.46 -61.59 -74.24 355.01 343.18 8.72 0.00
0.00 13733.40
149.80 -64.96 -65.04 -74.84 358.17 334.65 12.26 0.00
0.00 14282.45
135.90 -67.56 -9999.00 -9999.00 -9999.00 344.68 14.70 0.00
0.00 14872.20
121.90 -69.76 -9999.00 -9999.00 -9999.00 4.57 14.61 0.00
0.00 15522.95
108.00 -70.46 -9999.00 -9999.00 -9999.00 25.46 9.03 0.00
0.00 16242.50
94.00 -69.56 -9999.00 -9999.00 -9999.00 56.98 4.64 0.00
0.00 17068.05
81.00 -67.76 -9999.00 -9999.00 -9999.00 105.71 6.45 0.00
0.00 17959.00
70.60 -66.06 -9999.00 -9999.00 -9999.00 74.62 8.06 0.00
0.00 18788.59
62.20 -63.56 -9999.00 -9999.00 -9999.00 78.55 15.66 0.00
0.00 19561.10
54.30 -62.56 -9999.00 -9999.00 -9999.00 94.40 17.74 0.00
0.00 20396.41
46.90 -61.06 -9999.00 -9999.00 -9999.00 92.23 14.98 0.00
0.00 21302.73
40.10 -57.76 -9999.00 -9999.00 -9999.00 81.44 18.26 0.00
0.00 22282.76
33.80 -55.76 -9999.00 -9999.00 -9999.00 90.00 27.58 0.00
0.00 23365.34
27.80 -53.96 -9999.00 -9999.00 -9999.00 92.05 32.65 0.00
0.00 24614.04
22.30 -51.06 -9999.00 -9999.00 -9999.00 80.30 38.03 0.00
0.00 26037.80
17.10 -46.76 -9999.00 -9999.00 -9999.00 75.18 44.81 0.00
0.00 27780.55
12.30 -43.86 -51.15 -89.89 805.74 82.26 49.01 0.00
0.00 29977.91

STID = KDAL STNM = 722583 TIME = 200809/1500 
SLAT = 32.84 SLON = -96.85 SELV = 138.0
STIM = 20

SHOW = -0.57 LIFT = -2.68 SWET = 206.13 KINX = 30.83
LCLP = 877.38 PWAT = 46.59 TOTL = 45.51 CAPE = 1367.73
LCLT = 292.49 CINS = -51.70 EQLV = 199.78 LFCT = 807.96
BRCH = 105.04

PRES TMPC TMWC DWPC THTE DRCT SKNT OMEG
CFRL HGHT
1001.80 30.64 24.07 21.50 352.65 197.10 7.93 0.00
0.00 147.85
998.80 29.94 23.82 21.41 351.99 196.70 10.14 0.00
0.00 174.75
993.30 29.24 23.55 21.30 351.65 196.89 11.36 0.00
0.00 224.17
983.80 28.24 23.14 21.11 351.33 197.88 12.65 0.00
0.00 309.92
969.70 26.94 22.60 20.84 351.14 199.98 13.64 -0.10
0.00 438.24
951.70 25.34 21.80 20.33 350.51 206.86 16.76 -0.10
0.00 603.97
930.10 23.84 20.72 19.38 349.32 210.75 17.85 -0.20
2.00 805.94
906.50 22.54 19.46 18.08 347.84 213.18 18.10 -0.20
0.00 1030.89
881.00 21.34 17.74 16.02 345.00 204.33 15.56 -0.20
0.00 1279.40
852.50 19.54 16.35 14.76 344.28 183.75 11.87 -0.20
0.00 1564.18
821.00 17.14 15.25 14.28 345.41 166.83 9.38 -0.10
0.00 1887.85
786.50 14.24 12.57 11.62 341.48 152.97 10.68 0.10
13.00 2253.40
749.10 12.74 9.12 6.67 336.19 138.92 10.04 0.10
0.00 2664.55
708.90 11.34 6.42 2.58 334.69 123.69 14.70 0.20
0.00 3127.07
665.70 8.24 3.14 -1.55 332.80 122.74 19.41 0.20
0.00 3649.64
619.50 4.04 -0.51 -5.47 331.44 117.47 21.89 0.10
0.00 4239.31
571.00 -0.76 -5.03 -11.04 329.49 130.24 16.53 0.00
0.00 4896.44
524.00 -4.16 -9.82 -22.54 327.87 154.06 7.98 -0.10
0.00 5577.89
481.70 -6.96 -13.05 -33.33 329.82 160.82 4.74 0.00
0.00 6237.51
443.90 -11.96 -16.45 -31.87 331.71 147.72 4.37 0.00
0.00 6868.50
409.90 -16.46 -20.04 -34.77 333.10 181.51 7.38 0.00
0.00 7472.68
379.10 -20.56 -23.54 -39.16 334.61 202.17 5.67 0.00
0.00 8055.06
351.40 -24.76 -26.54 -35.15 337.05 235.78 5.87 0.00
0.00 8611.54
326.50 -28.86 -29.83 -34.85 338.74 237.88 9.87 0.00
0.00 9141.68
304.00 -32.86 -33.58 -38.36 339.51 245.85 12.35 0.00
1.00 9648.24
283.90 -36.56 -37.37 -45.55 339.99 269.18 13.60 0.00
0.00 10125.78
265.70 -40.16 -40.85 -50.54 340.85 281.71 16.26 0.00
0.00 10581.17
248.80 -43.16 -43.78 -55.81 342.59 303.69 14.70 0.00
0.00 11026.51
233.60 -45.96 -46.48 -60.07 344.44 321.71 14.10 0.10
0.00 11448.33
219.60 -47.86 -48.37 -67.41 347.51 335.43 14.96 0.10
0.00 11857.62
205.70 -50.66 -51.05 -67.88 349.66 345.60 14.84 0.10
0.00 12286.16
191.70 -53.86 -54.16 -73.19 351.60 353.88 10.94 0.10
0.00 12741.91
177.80 -57.56 -57.76 -73.70 353.18 352.69 7.63 0.00
0.00 13221.01
163.80 -61.36 -61.49 -74.24 355.18 339.27 7.69 0.00
0.00 13734.00
149.80 -64.86 -64.94 -74.84 358.34 331.39 12.16 0.00
0.00 14283.32
135.90 -67.46 -67.52 -75.48 363.85 343.07 14.01 0.00
0.00 14873.34
121.90 -69.26 -9999.00 -9999.00 -9999.00 9.78 11.44 0.00
0.00 15525.06
108.00 -69.86 -9999.00 -9999.00 -9999.00 43.83 6.74 0.00
0.00 16246.56
94.00 -69.46 -9999.00 -9999.00 -9999.00 82.23 4.31 0.00
0.00 17073.53
81.00 -67.56 -9999.00 -9999.00 -9999.00 109.65 5.77 0.00
0.00 17965.13
70.60 -65.76 -9999.00 -9999.00 -9999.00 69.04 9.77 0.00
0.00 18795.72
62.20 -63.56 -9999.00 -9999.00 -9999.00 82.71 16.84 0.00
0.00 19568.79
54.30 -63.06 -9999.00 -9999.00 -9999.00 94.71 16.57 0.00
0.00 20403.11
46.90 -60.56 -9999.00 -9999.00 -9999.00 84.67 14.63 0.00
0.00 21309.43
40.10 -57.26 -9999.00 -9999.00 -9999.00 78.69 19.81 0.00
0.00 22291.75
33.80 -55.06 -9999.00 -9999.00 -9999.00 86.27 26.86 0.00
0.00 23377.33
27.80 -53.36 -9999.00 -9999.00 -9999.00 85.30 30.79 0.00
0.00 24629.75
22.30 -50.76 -9999.00 -9999.00 -9999.00 77.41 37.41 0.00
0.00 26056.41
17.10 -46.86 -9999.00 -9999.00 -9999.00 73.54 44.56 0.00
0.00 27799.94
12.30 -43.76 -51.10 -89.89 806.09 83.50 46.33 0.00
0.00 29997.30

STID = KDAL STNM = 722583 TIME = 200809/1600 
SLAT = 32.84 SLON = -96.85 SELV = 138.0
STIM = 21

SHOW = -0.73 LIFT = -2.88 SWET = 207.12 KINX = 31.19
LCLP = 848.00 PWAT = 45.62 TOTL = 45.79 CAPE = 1287.95
LCLT = 291.23 CINS = -28.66 EQLV = 205.70 LFCT = 803.36
BRCH = 127.43

PRES TMPC TMWC DWPC THTE DRCT SKNT OMEG
CFRL HGHT
1001.30 32.24 24.02 20.76 352.42 197.59 8.35 0.00
0.00 147.01
998.30 31.34 23.72 20.67 351.53 197.74 10.20 0.00
0.00 174.04
992.80 30.64 23.45 20.55 351.17 198.12 11.25 0.00
0.00 223.68
983.30 29.64 23.05 20.38 350.92 198.43 12.28 0.00
0.00 309.84
969.20 28.24 22.47 20.10 350.59 199.49 13.38 0.00
0.00 438.74
951.20 26.54 21.74 19.75 350.33 200.92 14.14 -0.10
0.00 605.19
929.60 24.54 20.88 19.33 350.12 202.50 14.72 -0.10
0.00 807.88
906.10 22.74 19.49 18.04 348.04 203.59 15.05 -0.20
0.00 1032.32
880.60 21.04 18.13 16.77 346.65 204.26 15.13 -0.20
2.00 1280.95
852.10 19.34 16.35 14.86 344.34 180.92 12.04 -0.20
0.00 1565.68
820.60 17.04 14.77 13.58 343.65 160.91 10.68 -0.10
3.00 1889.30
786.20 14.44 11.79 10.21 338.78 154.29 11.64 0.00
0.00 2253.83
748.80 13.04 8.98 6.19 335.78 135.67 11.67 0.00
0.00 2665.36
708.60 11.34 6.50 2.77 335.01 128.88 15.46 0.10
0.00 3128.28
665.40 8.04 3.22 -1.14 333.10 130.88 17.21 0.10
0.00 3650.94
619.30 4.04 -0.75 -6.13 330.84 125.94 19.19 0.00
0.00 4239.34
570.80 -0.66 -5.11 -11.48 329.32 139.24 14.88 0.00
0.00 4896.75
523.90 -4.36 -9.81 -21.72 327.95 164.88 7.44 -0.10
0.00 5576.81
481.60 -7.16 -13.15 -32.92 329.66 165.96 4.80 -0.10
0.00 6236.09
443.90 -11.96 -16.52 -32.59 331.56 156.04 5.73 -0.10
0.00 6865.23
409.90 -16.46 -20.20 -36.80 332.76 181.17 9.52 -0.10
0.00 7469.39
379.10 -20.56 -23.56 -39.45 334.58 199.86 7.44 0.00
0.00 8051.75
351.40 -24.76 -26.52 -34.97 337.09 222.51 6.33 0.10
0.00 8608.23
326.50 -28.86 -29.79 -34.52 338.82 236.89 10.66 0.10
0.00 9138.37
304.00 -32.96 -33.69 -38.58 339.33 245.85 12.35 0.00
3.00 9644.83
283.90 -36.76 -37.59 -46.38 339.62 268.15 12.04 0.00
0.00 10122.06
265.70 -40.06 -40.80 -51.87 340.92 284.88 12.86 0.00
0.00 10577.35
248.80 -43.06 -43.71 -56.89 342.70 310.91 11.56 0.00
0.00 11022.88
233.60 -45.36 -45.97 -63.98 345.26 331.82 12.33 0.00
0.00 11445.35
219.60 -47.66 -48.18 -67.41 347.82 346.72 14.37 0.00
0.00 11855.35
205.70 -50.46 -50.86 -67.88 349.98 352.41 11.75 0.00
0.00 12284.27
191.70 -53.66 -53.97 -73.19 351.92 354.69 8.39 0.00
0.00 12740.44
177.80 -57.46 -57.67 -73.70 353.34 348.69 5.94 0.00
0.00 13219.87
163.80 -61.36 -61.49 -74.24 355.18 332.02 7.03 0.00
0.00 13732.98
149.80 -64.86 -64.94 -74.84 358.34 328.86 10.90 0.00
0.00 14282.29
135.90 -67.26 -67.32 -75.48 364.21 342.43 12.22 0.00
0.00 14872.61
121.90 -68.86 -9999.00 -9999.00 -9999.00 10.62 9.48 0.00
0.00 15525.28
108.00 -69.66 -9999.00 -9999.00 -9999.00 54.46 5.01 0.00
0.00 16247.84
94.00 -69.46 -9999.00 -9999.00 -9999.00 95.71 3.90 0.00
0.00 17075.21
81.00 -67.26 -9999.00 -9999.00 -9999.00 118.44 5.30 0.00
0.00 17967.47
70.60 -65.36 -9999.00 -9999.00 -9999.00 77.15 11.36 0.00
0.00 18799.47
62.20 -63.46 -9999.00 -9999.00 -9999.00 97.21 17.04 0.00
0.00 19573.47
54.30 -62.86 -9999.00 -9999.00 -9999.00 99.46 14.18 0.00
0.00 20408.38
46.90 -59.56 -9999.00 -9999.00 -9999.00 74.81 14.08 0.00
0.00 21317.28
40.10 -57.26 -9999.00 -9999.00 -9999.00 75.58 21.06 0.00
0.00 22301.88
33.80 -55.66 -9999.00 -9999.00 -9999.00 85.41 26.69 0.00
0.00 23385.97
27.80 -53.86 -9999.00 -9999.00 -9999.00 81.12 31.45 0.00
0.00 24635.24
22.30 -51.06 -9999.00 -9999.00 -9999.00 75.54 38.11 0.00
0.00 26059.32
17.10 -46.76 -9999.00 -9999.00 -9999.00 79.43 44.46 0.00
0.00 27802.07
12.30 -43.96 -51.21 -89.89 805.39 81.97 47.28 0.00
0.00 29998.96
STN YYMMDD/HHMM PMSL PRES SKTC STC1 SNFL WTNS
P01M C01M STC2 LCLD MCLD HCLD
SNRA UWND VWND R01M BFGR T2MS
Q2MS WXTS WXTP WXTZ WXTR USTM
VSTM HLCY SLLH WSYM CDBP VSBK
TD2M
722583 200808/1900 1016.50 1000.60 45.24 318.40 -9999.00 0.00
-9999.00 -9999.00 316.80 6.00 0.00 0.00
-9999.00 -1.20 3.70 -9999.00 -9999.00 35.74
13.25 0.00 0.00 0.00 0.00 -9.70
2.40 -11.90 -9999.00 999.00 -9999.00 20.00
18.12
722583 200808/2000 1015.70 999.80 46.44 319.60 0.00 100.00
0.00 0.00 318.20 2.00 0.00 0.00
-9999.00 -1.40 3.50 -9999.00 -9999.00 37.04
11.69 0.00 0.00 0.00 0.00 -9.40
1.70 -9.90 -9999.00 999.00 -9999.00 20.00
16.17
722583 200808/2100 1014.60 998.80 45.94 319.10 0.00 100.00
0.00 0.00 318.10 0.00 2.00 0.00
-9999.00 -1.50 3.80 -9999.00 -9999.00 37.64
10.99 0.00 0.00 0.00 0.00 -8.80
0.40 -8.40 -9999.00 999.00 -9999.00 20.00
15.20
722583 200808/2200 1014.30 998.40 44.34 317.50 0.00 100.00
0.00 0.00 316.90 0.00 34.00 0.00
-9999.00 -1.50 4.00 -9999.00 -9999.00 37.84
10.40 0.00 0.00 0.00 0.00 -7.80
-1.20 -7.10 -9999.00 999.00 -9999.00 20.00
14.36
722583 200808/2300 1014.20 998.30 41.84 315.00 0.00 100.00
0.00 0.00 314.90 0.00 87.00 0.00
-9999.00 -1.50 4.20 -9999.00 -9999.00 37.54
10.49 0.00 0.00 0.00 0.00 -8.40
-1.00 -7.60 -9999.00 999.00 -9999.00 20.00
14.49
722583 200809/0000 1015.20 999.30 38.64 311.80 0.00 100.00
0.00 0.00 312.10 0.00 82.00 0.00
-9999.00 -1.40 4.30 -9999.00 -9999.00 36.74
11.00 0.00 0.00 0.00 0.00 -9.40
0.30 -9.60 -9999.00 999.00 -9999.00 20.00
15.23
722583 200809/0100 1015.60 999.70 35.34 308.50 0.00 100.00
0.00 0.00 309.20 0.00 75.00 0.00
-9999.00 -1.20 3.80 -9999.00 -9999.00 35.54
11.34 0.00 0.00 0.00 0.00 -9.70
0.50 -7.90 -9999.00 999.00 -9999.00 20.00
15.70
722583 200809/0200 1015.30 999.40 33.14 306.30 0.00 100.00
0.00 0.00 306.90 0.00 58.00 0.00
-9999.00 -1.00 2.40 -9999.00 -9999.00 33.64
11.70 0.00 0.00 0.00 0.00 -9.90
0.80 1.00 -9999.00 999.00 -9999.00 20.00
16.17
722583 200809/0300 1014.50 998.60 31.54 304.70 0.00 100.00
0.00 0.00 305.30 0.00 23.00 0.00
-9999.00 -1.10 1.90 -9999.00 -9999.00 31.94
11.98 0.00 0.00 0.00 0.00 -10.10
1.20 13.80 -9999.00 999.00 -9999.00 20.00
16.53
722583 200809/0400 1015.20 999.20 30.44 303.60 0.00 100.00
0.00 0.00 304.20 0.00 0.00 0.00
-9999.00 -1.30 2.20 -9999.00 -9999.00 30.94
12.23 0.00 0.00 0.00 0.00 -10.30
1.70 61.60 -9999.00 999.00 -9999.00 20.00
16.85
722583 200809/0500 1016.30 1000.30 29.84 303.00 0.00 100.00
0.00 0.00 303.50 0.00 10.00 0.00
-9999.00 -0.80 3.10 -9999.00 -9999.00 30.34
12.81 0.00 0.00 0.00 0.00 -10.90
2.90 37.20 -9999.00 999.00 -9999.00 20.00
17.59
722583 200809/0600 1016.10 1000.10 29.54 302.70 0.00 100.00
0.00 0.00 303.10 0.00 2.00 0.00
-9999.00 -0.40 3.90 -9999.00 -9999.00 30.14
12.81 0.00 0.00 0.00 0.00 -11.20
4.90 14.60 -9999.00 999.00 -9999.00 20.00
17.59
722583 200809/0700 1016.10 1000.10 29.04 302.20 0.00 100.00
0.00 0.00 302.60 0.00 1.00 0.00
-9999.00 -0.10 3.90 -9999.00 -9999.00 29.44
13.93 0.00 0.00 0.00 0.00 -10.90
6.50 8.20 -9999.00 999.00 -9999.00 20.00
18.89
722583 200809/0800 1016.40 1000.40 28.44 301.60 0.00 100.00
0.00 0.00 302.00 0.00 2.00 0.00
-9999.00 0.00 3.60 -9999.00 -9999.00 28.74
15.18 0.00 0.00 0.00 0.00 -10.80
6.70 16.30 -9999.00 999.00 -9999.00 20.00
20.25
722583 200809/0900 1016.30 1000.30 27.94 301.10 0.00 100.00
0.00 0.00 301.50 0.00 2.00 0.00
-9999.00 0.00 3.70 -9999.00 -9999.00 28.24
16.22 0.00 0.00 0.00 0.00 -10.80
7.20 15.50 -9999.00 999.00 -9999.00 20.00
21.29
722583 200809/1000 1016.00 999.90 27.44 300.60 0.00 100.00
0.00 0.00 301.00 0.00 1.00 0.00
-9999.00 0.00 3.70 -9999.00 -9999.00 27.64
16.58 0.00 0.00 0.00 0.00 -10.60
7.70 -7.20 -9999.00 999.00 -9999.00 20.00
21.64
722583 200809/1100 1016.70 1000.60 27.04 300.20 0.00 100.00
0.00 0.00 300.60 0.00 3.00 0.00
-9999.00 0.00 3.70 -9999.00 -9999.00 27.14
16.50 0.00 0.00 0.00 0.00 -10.40
7.70 9.90 -9999.00 999.00 -9999.00 20.00
21.57
722583 200809/1200 1017.30 1001.30 26.44 299.60 0.00 100.00
0.00 0.00 300.00 0.00 5.00 0.00
-9999.00 -0.10 3.10 -9999.00 -9999.00 26.54
16.58 0.00 0.00 0.00 0.00 -10.00
7.90 26.00 -9999.00 999.00 -9999.00 20.00
21.66
722583 200809/1300 1018.10 1002.10 28.94 302.10 0.00 100.00
0.00 0.00 301.80 0.00 0.00 0.00
-9999.00 0.40 4.00 -9999.00 -9999.00 27.44
16.82 0.00 0.00 0.00 0.00 -9.30
8.80 12.80 -9999.00 999.00 -9999.00 20.00
21.90
722583 200809/1400 1019.20 1003.20 32.74 305.90 0.00 100.00
0.00 0.00 305.10 9.00 0.00 0.00
-9999.00 1.00 4.30 -9999.00 -9999.00 29.24
16.87 0.00 0.00 0.00 0.00 -8.70
9.80 -26.80 -9999.00 999.00 -9999.00 20.00
21.97
722583 200809/1500 1018.90 1002.90 37.14 310.30 0.00 100.00
0.00 0.00 308.90 13.00 1.00 0.00
-9999.00 1.10 4.00 -9999.00 -9999.00 31.14
16.47 0.00 0.00 0.00 0.00 -8.40
10.20 -43.10 -9999.00 999.00 -9999.00 20.00
21.58
722583 200809/1600 1018.30 1002.30 40.84 314.00 0.00 100.00
0.00 0.00 312.50 3.00 3.00 0.00
-9999.00 1.30 4.10 -9999.00 -9999.00 32.94
15.74 0.00 0.00 0.00 0.00 -7.70
10.90 -45.20 -9999.00 999.00 -9999.00 20.00
20.85


