
SNPARM = PRES;TMPC;TMWC;DWPC;THTE;DRCT;SKNT;OMEG;CFRL;HGHT 
STNPRM = SHOW;LIFT;SWET;KINX;LCLP;PWAT;TOTL;CAPE;LCLT;CINS;EQLV;LFCT;BRCH 

STID = KDAL STNM = 722583 TIME = 200809/1400 
SLAT = 32.84 SLON = -96.85 SELV = 138.0
STIM = 0

SHOW = 0.63 LIFT = -1.32 SWET = 188.13 KINX = 24.98
LCLP = 929.13 PWAT = 42.17 TOTL = 44.14 CAPE = 1499.31
LCLT = 294.98 CINS = -129.52 EQLV = 189.61 LFCT = 683.85
BRCH = 153.74

PRES TMPC TMWC DWPC THTE DRCT SKNT OMEG
CFRL HGHT
1000.60 28.14 24.45 23.05 354.76 180.00 6.41 0.00
0.00 146.91
997.60 27.54 24.27 23.03 354.43 182.66 8.35 0.00
0.00 173.65
992.10 27.04 24.18 23.09 354.91 184.76 9.36 0.00
0.00 222.79
982.50 26.24 23.87 22.95 355.01 189.82 10.26 -0.10
0.00 309.05
968.40 24.94 23.13 22.40 353.87 196.19 12.55 -0.20
1.00 436.83
950.50 23.84 21.55 20.58 349.62 215.54 18.38 -0.30
11.00 600.98
928.90 24.84 18.97 16.15 342.11 220.01 20.55 -0.20
0.00 802.89
905.40 24.04 17.79 14.65 341.15 215.41 19.77 -0.20
0.00 1027.73
880.00 22.24 17.28 14.82 343.29 201.40 15.44 -0.20
0.00 1276.28
851.50 20.34 15.95 13.69 342.86 185.81 11.52 -0.20
0.00 1562.06
820.10 18.04 13.72 11.29 339.85 172.41 8.82 -0.10
0.00 1885.72
785.80 15.84 11.08 8.03 336.38 165.26 7.63 0.00
0.00 2250.57
748.50 14.54 7.42 1.58 330.86 155.56 9.38 0.00
0.00 2662.81
708.40 12.44 4.96 -2.04 330.32 124.29 15.52 0.00
0.00 3126.26
665.30 8.84 2.80 -3.09 331.85 108.43 19.66 0.00
0.00 3649.16
619.20 3.94 0.02 -3.99 332.91 103.66 21.39 0.00
0.00 4238.38
570.70 -1.66 -5.16 -9.92 329.30 120.82 12.90 0.00
0.00 4894.80
523.80 -4.06 -9.64 -21.81 328.30 204.44 4.70 0.00
0.00 5574.18
481.60 -6.06 -12.43 -32.51 331.10 270.00 1.17 0.00
0.00 6233.69
443.80 -11.16 -15.50 -28.06 333.68 192.34 6.37 0.00
0.00 6866.91
409.80 -15.26 -19.42 -37.84 334.19 231.12 7.73 0.00
0.00 7473.59
379.00 -19.76 -22.97 -39.45 335.66 265.82 7.98 0.00
0.00 8058.38
351.40 -24.26 -25.93 -33.30 338.14 265.91 10.90 0.10
0.00 8614.38
326.50 -28.36 -29.51 -35.53 339.29 264.29 13.66 0.10
0.00 9145.60
304.00 -32.16 -33.44 -44.16 339.69 275.55 14.04 0.00
0.00 9653.38
283.80 -35.96 -36.98 -48.27 340.64 291.96 13.00 0.00
0.00 10134.64
265.70 -39.66 -40.42 -51.18 341.54 304.99 11.85 0.00
0.00 10588.67
248.80 -42.76 -43.43 -56.89 343.14 321.34 9.95 0.00
0.00 11034.87
233.60 -45.06 -45.72 -66.97 345.67 341.26 11.48 0.00
0.00 11457.89
219.60 -47.76 -48.28 -67.41 347.66 341.57 11.05 0.10
0.00 11868.07
205.70 -50.46 -50.86 -67.88 349.98 330.52 10.26 0.10
0.00 12296.90
191.70 -53.46 -53.75 -68.39 352.29 319.69 8.41 0.00
0.00 12753.28
177.80 -57.06 -57.28 -73.70 354.00 309.17 6.76 0.00
0.00 13233.36
163.80 -60.76 -60.90 -74.24 356.19 313.21 8.80 0.00
0.00 13747.68
149.80 -63.96 -64.06 -74.84 359.89 319.94 11.17 0.00
0.00 14298.95
135.90 -66.46 -9999.00 -9999.00 -9999.00 330.64 10.70 0.00
0.00 14891.69
121.90 -68.76 -9999.00 -9999.00 -9999.00 344.85 9.65 0.00
0.00 15545.79
108.00 -69.86 -9999.00 -9999.00 -9999.00 345.96 8.00 0.00
0.00 16268.17
94.00 -69.36 -9999.00 -9999.00 -9999.00 11.31 2.97 0.00
0.00 17095.34
81.00 -68.16 -9999.00 -9999.00 -9999.00 73.30 6.08 0.00
0.00 17985.85
70.60 -66.96 -9999.00 -9999.00 -9999.00 86.48 12.65 0.00
0.00 18812.83
62.20 -65.36 -9999.00 -9999.00 -9999.00 93.62 15.38 0.00
0.00 19580.34
54.30 -63.26 -9999.00 -9999.00 -9999.00 97.93 15.50 0.00
0.00 20410.68
46.90 -59.96 -9999.00 -9999.00 -9999.00 83.58 15.64 0.00
0.00 21317.86
40.10 -57.36 -9999.00 -9999.00 -9999.00 76.73 21.15 0.00
0.00 22301.32
33.80 -55.46 -9999.00 -9999.00 -9999.00 80.06 27.02 0.00
0.00 23385.65
27.80 -52.96 -9999.00 -9999.00 -9999.00 83.14 30.91 0.00
0.00 24638.07
22.30 -50.16 -9999.00 -9999.00 -9999.00 80.80 35.22 0.00
0.00 26067.96
17.10 -47.46 -9999.00 -9999.00 -9999.00 80.05 41.61 0.00
0.00 27811.48
12.30 -44.66 -9999.00 -9999.00 -9999.00 83.49 44.58 0.00
0.00 30001.61

STID = KDAL STNM = 722583 TIME = 200809/1500 
SLAT = 32.84 SLON = -96.85 SELV = 138.0
STIM = 1

SHOW = 0.81 LIFT = -1.66 SWET = 189.13 KINX = 25.59
LCLP = 885.37 PWAT = 41.79 TOTL = 43.78 CAPE = 1303.00
LCLT = 293.06 CINS = -117.80 EQLV = 197.42 LFCT = 683.76
BRCH = 205.28

PRES TMPC TMWC DWPC THTE DRCT SKNT OMEG
CFRL HGHT
1000.60 30.34 24.25 21.91 353.75 191.98 6.55 0.00
0.00 146.96
997.60 29.64 24.01 21.83 353.11 192.38 8.16 0.00
0.00 173.88
992.00 28.94 23.75 21.72 352.79 192.53 8.95 0.00
0.00 224.21
982.50 28.04 23.35 21.50 352.50 193.76 9.79 0.00
0.00 310.03
968.40 26.74 22.76 21.17 352.12 196.09 10.51 -0.10
0.00 438.46
950.40 25.14 21.83 20.47 350.90 203.88 12.96 -0.20
0.00 604.33
928.90 23.74 20.36 18.88 347.95 214.47 15.79 -0.20
12.00 805.52
905.40 23.74 18.00 15.17 342.00 215.93 16.55 -0.10
0.00 1030.01
879.90 22.34 17.05 14.39 342.41 203.89 14.88 -0.10
0.00 1279.48
851.50 20.24 15.92 13.70 342.76 186.44 12.12 -0.10
0.00 1564.25
820.10 18.04 13.64 11.15 339.56 170.54 9.46 0.00
0.00 1887.84
785.70 15.94 10.86 7.55 335.67 161.57 8.61 0.00
1.00 2253.81
748.50 14.44 7.47 1.79 331.01 151.39 9.73 0.00
0.00 2664.94
708.30 12.04 5.01 -1.44 330.52 127.02 14.84 0.00
0.00 3129.22
665.20 8.64 2.68 -3.15 331.56 113.59 18.43 0.00
0.00 3651.67
619.20 3.84 -0.16 -4.31 332.44 108.43 19.04 0.00
0.00 4239.32
570.70 -1.36 -5.34 -11.00 328.84 124.90 10.18 0.00
0.00 4895.90
523.80 -3.76 -9.76 -23.73 327.99 233.75 3.61 0.00
0.00 5575.94
481.60 -6.06 -12.41 -32.31 331.14 210.96 1.13 0.00
0.00 6235.78
443.80 -11.16 -15.55 -28.44 333.57 192.99 7.77 0.00
0.00 6868.99
409.80 -15.26 -19.46 -38.40 334.12 226.01 7.83 0.00
0.00 7475.67
379.00 -19.76 -22.97 -39.45 335.66 258.11 7.54 0.00
0.00 8060.45
351.40 -24.16 -25.84 -33.14 338.31 258.89 11.09 0.00
0.00 8616.56
326.50 -28.36 -29.65 -36.84 339.03 264.12 13.29 0.00
0.00 9147.89
304.00 -32.06 -33.40 -44.93 339.75 282.72 12.35 0.00
0.00 9655.76
283.80 -35.96 -36.98 -48.27 340.64 292.83 12.00 0.00
0.00 10137.12
265.70 -39.56 -40.33 -51.18 341.69 302.74 9.69 0.00
0.00 10591.24
248.80 -42.46 -43.18 -58.13 343.55 329.47 8.80 0.00
0.00 11037.83
233.60 -45.06 -45.72 -66.97 345.67 346.50 9.98 0.00
0.00 11461.12
219.60 -47.56 -48.09 -67.41 347.97 334.00 8.86 0.00
0.00 11871.49
205.70 -50.36 -50.77 -67.88 350.14 322.43 9.56 0.00
0.00 12300.60
191.70 -53.46 -53.75 -68.39 352.29 312.18 8.39 0.00
0.00 12757.08
177.80 -57.06 -57.28 -73.70 354.00 296.57 6.51 0.00
0.00 13237.16
163.80 -60.76 -60.90 -74.24 356.19 303.27 7.44 0.00
0.00 13751.48
149.80 -63.86 -63.96 -74.84 360.06 317.49 9.48 0.00
0.00 14302.88
135.90 -66.46 -9999.00 -9999.00 -9999.00 330.52 10.26 0.00
0.00 14895.76
121.90 -69.16 -9999.00 -9999.00 -9999.00 347.35 9.75 0.00
0.00 15549.22
108.00 -70.46 -9999.00 -9999.00 -9999.00 355.71 7.79 0.00
0.00 16269.83
94.00 -69.46 -9999.00 -9999.00 -9999.00 35.54 3.34 0.00
0.00 17095.59
81.00 -67.86 -9999.00 -9999.00 -9999.00 85.36 7.21 0.00
0.00 17986.53
70.60 -66.96 -9999.00 -9999.00 -9999.00 96.24 12.51 0.00
0.00 18814.11
62.20 -65.06 -9999.00 -9999.00 -9999.00 95.04 13.27 0.00
0.00 19582.18
54.30 -62.56 -9999.00 -9999.00 -9999.00 90.00 14.76 0.00
0.00 20414.50
46.90 -59.06 -9999.00 -9999.00 -9999.00 78.57 18.63 0.00
0.00 21325.12
40.10 -56.96 -9999.00 -9999.00 -9999.00 76.41 23.99 0.00
0.00 22311.56
33.80 -55.16 -9999.00 -9999.00 -9999.00 79.38 28.46 0.00
0.00 23397.64
27.80 -53.26 -9999.00 -9999.00 -9999.00 79.91 32.17 0.00
0.00 24650.06
22.30 -50.86 -9999.00 -9999.00 -9999.00 82.25 37.45 0.00
0.00 26076.72
17.10 -47.96 -9999.00 -9999.00 -9999.00 81.72 43.18 0.00
0.00 27815.58
12.30 -44.46 -9999.00 -9999.00 -9999.00 84.83 47.40 0.00
0.00 30004.27

STID = KDAL STNM = 722583 TIME = 200809/1600 
SLAT = 32.84 SLON = -96.85 SELV = 138.0
STIM = 2

SHOW = 1.27 LIFT = -1.75 SWET = 186.49 KINX = 26.07
LCLP = 846.99 PWAT = 41.29 TOTL = 43.19 CAPE = 1083.51
LCLT = 291.21 CINS = -100.31 EQLV = 206.85 LFCT = 680.32
BRCH = 195.99

PRES TMPC TMWC DWPC THTE DRCT SKNT OMEG
CFRL HGHT
1000.40 32.24 24.01 20.74 352.50 196.39 6.88 0.00
0.00 147.92
997.50 31.44 23.73 20.65 351.71 197.59 8.35 0.00
0.00 174.08
992.00 30.74 23.46 20.54 351.38 197.28 9.15 0.00
0.00 223.77
982.40 29.64 23.02 20.34 350.94 199.13 10.08 0.00
0.00 310.93
968.40 28.24 22.43 20.04 350.54 200.67 10.99 -0.10
0.00 439.03
950.30 26.64 21.70 19.64 350.27 202.33 11.75 -0.10
0.00 606.57
928.80 24.64 20.76 19.10 349.70 205.39 12.68 -0.20
0.00 808.55
905.30 23.24 19.18 17.34 346.86 208.02 13.64 -0.20
5.00 1033.36
879.90 22.14 17.24 14.81 343.16 207.65 13.81 -0.10
0.00 1281.72
851.40 20.34 15.69 13.26 341.90 194.44 13.25 -0.10
0.00 1567.46
820.00 17.94 13.65 11.22 339.60 177.99 11.07 -0.10
0.00 1891.06
785.60 15.94 10.67 7.17 335.03 166.50 9.98 0.00
0.00 2257.00
748.40 14.24 7.51 2.08 331.16 154.86 10.51 -0.10
0.00 2668.03
708.30 11.64 5.13 -0.68 330.92 135.00 14.28 -0.10
0.00 3130.76
665.20 8.44 2.49 -3.42 331.04 121.87 16.92 -0.10
0.00 3652.68
619.10 3.84 -0.48 -5.13 331.61 117.16 16.59 -0.10
0.00 4241.38
570.70 -1.06 -5.55 -12.22 328.34 133.15 8.53 0.00
0.00 4896.92
523.70 -3.46 -9.84 -25.64 327.78 246.80 2.95 0.00
0.00 5579.14
481.50 -6.06 -12.44 -32.71 331.09 180.00 2.33 0.00
0.00 6239.44
443.80 -11.16 -15.68 -29.53 333.29 194.35 8.62 0.00
0.00 6871.02
409.80 -15.16 -19.39 -38.40 334.25 223.03 7.96 0.00
0.00 7477.80
379.00 -19.66 -22.89 -39.45 335.80 252.03 7.56 0.00
0.00 8062.81
351.40 -24.26 -25.90 -32.99 338.21 256.70 10.98 0.00
0.00 8618.92
326.50 -28.46 -29.79 -37.45 338.78 267.14 11.67 0.00
0.00 9150.03
304.00 -32.16 -33.47 -44.54 339.65 287.74 10.20 0.00
0.00 9657.69
283.80 -35.96 -36.96 -47.76 340.68 293.05 9.93 -0.10
0.00 10138.95
265.70 -39.46 -40.26 -51.87 341.79 302.83 7.17 0.00
0.00 10593.17
248.80 -42.36 -43.11 -59.58 343.65 349.56 7.50 0.00
0.00 11039.94
233.60 -44.96 -45.63 -66.97 345.82 352.87 7.83 0.00
0.00 11463.42
219.60 -47.46 -48.00 -67.41 348.13 332.10 7.48 0.00
0.00 11873.97
205.70 -50.36 -50.77 -67.88 350.14 321.34 8.70 0.00
0.00 12303.17
191.70 -53.56 -53.88 -73.19 352.08 310.31 8.41 0.00
0.00 12759.55
177.80 -57.16 -57.38 -73.70 353.84 295.11 6.86 0.00
0.00 13239.41
163.80 -60.86 -61.00 -74.24 356.02 299.20 7.56 0.00
0.00 13753.49
149.80 -64.06 -64.15 -74.84 359.72 315.00 9.89 0.00
0.00 14304.50
135.90 -66.86 -9999.00 -9999.00 -9999.00 329.38 11.05 0.00
0.00 14896.52
121.90 -69.56 -9999.00 -9999.00 -9999.00 351.70 9.42 0.00
0.00 15548.71
108.00 -70.76 -9999.00 -9999.00 -9999.00 360.00 7.38 0.00
0.00 16268.08
94.00 -69.26 -9999.00 -9999.00 -9999.00 23.20 2.95 0.00
0.00 17093.63
81.00 -67.76 -9999.00 -9999.00 -9999.00 90.00 6.02 0.00
0.00 17985.23
70.60 -67.26 -9999.00 -9999.00 -9999.00 106.50 10.94 0.00
0.00 18812.41
62.20 -64.76 -9999.00 -9999.00 -9999.00 96.44 12.12 0.00
0.00 19580.47
54.30 -61.86 -9999.00 -9999.00 -9999.00 87.21 15.95 0.00
0.00 20414.79
46.90 -58.96 -9999.00 -9999.00 -9999.00 82.03 19.62 0.00
0.00 21327.12
40.10 -57.06 -9999.00 -9999.00 -9999.00 79.56 22.51 0.00
0.00 22313.56
33.80 -55.46 -9999.00 -9999.00 -9999.00 82.82 26.44 0.00
0.00 23398.64
27.80 -53.66 -9999.00 -9999.00 -9999.00 82.07 30.98 0.00
0.00 24649.05
22.30 -51.46 -9999.00 -9999.00 -9999.00 82.76 37.00 0.00
0.00 26072.49
17.10 -47.96 -9999.00 -9999.00 -9999.00 82.78 43.28 0.00
0.00 27809.02
12.30 -44.06 -9999.00 -9999.00 -9999.00 86.90 46.70 0.00
0.00 29999.63

STID = KDAL STNM = 722583 TIME = 200809/1700 
SLAT = 32.84 SLON = -96.85 SELV = 138.0
STIM = 3

SHOW = 0.75 LIFT = -1.90 SWET = 191.88 KINX = 27.48
LCLP = 820.17 PWAT = 41.17 TOTL = 43.83 CAPE = 1071.91
LCLT = 290.04 CINS = -68.15 EQLV = 206.87 LFCT = 689.02
BRCH = 339.05

PRES TMPC TMWC DWPC THTE DRCT SKNT OMEG
CFRL HGHT
1000.60 33.84 24.02 20.07 352.44 192.53 7.17 0.00
0.00 147.06
997.60 32.94 23.72 19.98 351.55 193.09 8.57 0.00
0.00 174.24
992.10 32.24 23.45 19.87 351.23 193.17 9.38 0.00
0.00 224.16
982.60 31.14 23.01 19.67 350.78 194.30 10.22 0.00
0.00 310.79
968.50 29.74 22.42 19.38 350.43 195.52 10.88 0.00
0.00 440.37
950.50 28.04 21.67 18.98 350.05 196.61 11.56 -0.10
0.00 607.70
929.00 26.04 20.75 18.47 349.58 197.85 12.04 -0.20
0.00 810.51
905.50 23.94 19.68 17.80 348.94 199.29 12.35 -0.10
0.00 1036.05
879.90 22.04 18.07 16.21 346.52 200.97 12.49 -0.10
0.00 1286.72
851.50 20.34 16.02 13.81 343.14 200.97 12.49 -0.10
0.00 1571.53
820.10 18.04 13.64 11.14 339.54 190.06 12.24 0.00
0.00 1895.18
785.70 15.84 10.62 7.15 334.86 174.09 11.32 0.00
0.00 2261.06
748.50 14.14 7.49 2.13 331.10 162.53 10.99 0.10
0.00 2671.90
708.30 11.34 5.32 0.10 331.50 144.55 14.06 0.00
0.00 3135.46
665.20 8.34 2.33 -3.72 330.61 131.12 16.24 0.00
0.00 3657.05
619.20 3.94 -0.68 -5.80 331.05 126.14 15.15 0.00
0.00 4244.38
570.70 -0.86 -5.60 -12.80 328.19 140.71 8.28 -0.10
0.00 4901.50
523.80 -3.46 -9.91 -26.26 327.59 247.38 2.53 -0.10
0.00 5582.42
481.60 -6.16 -12.58 -33.77 330.76 189.46 3.54 -0.10
0.00 6242.45
443.80 -11.16 -15.84 -31.04 332.93 195.26 8.86 -0.10
0.00 6875.49
409.80 -15.16 -19.34 -37.57 334.36 222.18 8.39 -0.10
0.00 7482.26
379.00 -19.66 -22.91 -39.75 335.76 248.75 7.50 -0.10
0.00 8067.27
351.40 -24.36 -25.99 -33.14 338.04 257.59 9.95 -0.10
0.00 8623.27
326.50 -28.56 -29.83 -37.04 338.71 267.66 9.52 -0.10
0.00 9154.17
304.00 -32.26 -33.51 -43.80 339.58 289.75 8.04 -0.10
0.00 9661.62
283.80 -35.96 -36.93 -47.28 340.72 290.22 7.87 -0.10
0.00 10142.79
265.70 -39.56 -40.35 -51.87 341.65 294.78 5.56 -0.10
0.00 10596.91
248.80 -42.46 -43.20 -59.58 343.50 4.09 5.46 0.00
0.00 11043.49
233.60 -45.06 -45.72 -66.97 345.67 356.05 5.65 0.00
0.00 11466.78
219.60 -47.56 -48.09 -67.41 347.97 330.26 6.25 0.00
0.00 11877.15
205.70 -50.46 -50.86 -67.88 349.98 317.05 7.69 0.00
0.00 12306.16
191.70 -53.66 -53.97 -73.19 351.92 308.66 8.70 0.00
0.00 12762.33
177.80 -57.16 -57.38 -73.70 353.84 297.18 8.08 0.00
0.00 13242.09
163.80 -60.86 -61.00 -74.24 356.02 300.53 8.80 0.00
0.00 13756.17
149.80 -64.16 -64.25 -74.84 359.55 315.74 10.59 0.00
0.00 14307.05
135.90 -66.76 -9999.00 -9999.00 -9999.00 329.74 10.80 0.00
0.00 14899.07
121.90 -69.36 -9999.00 -9999.00 -9999.00 349.92 8.88 0.00
0.00 15551.73
108.00 -70.56 -9999.00 -9999.00 -9999.00 352.50 7.44 0.00
0.00 16271.82
94.00 -69.26 -9999.00 -9999.00 -9999.00 16.39 3.44 0.00
0.00 17097.77
81.00 -67.56 -9999.00 -9999.00 -9999.00 99.46 7.09 0.00
0.00 17989.81
70.60 -66.46 -9999.00 -9999.00 -9999.00 112.69 11.58 0.00
0.00 18818.99
62.20 -63.76 -9999.00 -9999.00 -9999.00 97.22 13.91 0.00
0.00 19590.40
54.30 -61.76 -9999.00 -9999.00 -9999.00 84.86 17.37 0.00
0.00 20426.90
46.90 -59.56 -9999.00 -9999.00 -9999.00 79.85 18.75 0.00
0.00 21338.15
40.10 -57.56 -9999.00 -9999.00 -9999.00 80.71 21.66 0.00
0.00 22322.07
33.80 -56.06 -9999.00 -9999.00 -9999.00 86.58 26.07 0.00
0.00 23404.41
27.80 -53.86 -9999.00 -9999.00 -9999.00 87.12 30.92 0.00
0.00 24652.53
22.30 -50.86 -9999.00 -9999.00 -9999.00 78.63 36.46 0.00
0.00 26077.26
17.10 -46.46 -9999.00 -9999.00 -9999.00 78.43 42.64 0.00
0.00 27821.95
12.30 -43.16 -9999.00 -9999.00 -9999.00 84.04 44.91 0.00
0.00 30024.13

STID = KDAL STNM = 722583 TIME = 200809/1800 
SLAT = 32.84 SLON = -96.85 SELV = 138.0
STIM = 4

SHOW = -0.13 LIFT = -1.94 SWET = 203.91 KINX = 28.68
LCLP = 797.02 PWAT = 40.96 TOTL = 44.87 CAPE = 1035.92
LCLT = 288.94 CINS = -49.18 EQLV = 209.92 LFCT = 681.35
BRCH = 676.19

PRES TMPC TMWC DWPC THTE DRCT SKNT OMEG
CFRL HGHT
1001.10 35.24 24.02 19.42 352.20 189.69 8.08 0.00
0.00 147.09
998.10 34.24 23.68 19.32 351.18 190.41 9.67 0.00
0.00 174.37
992.60 33.54 23.41 19.21 350.86 190.68 10.47 0.00
0.00 224.46
983.00 32.54 23.01 19.02 350.58 191.11 11.09 0.00
0.00 312.31
969.00 31.14 22.42 18.74 350.26 191.31 11.89 0.00
0.00 441.47
951.00 29.34 21.67 18.39 349.90 192.72 12.35 0.00
0.00 609.40
929.40 27.34 20.78 17.93 349.60 194.04 12.82 0.00
0.00 813.88
905.90 25.14 19.79 17.43 349.32 194.88 12.86 0.00
0.00 1040.21
880.40 22.64 18.63 16.81 348.75 196.29 13.15 0.00
0.00 1290.54
851.90 20.44 16.59 14.70 345.32 196.29 13.15 0.00
0.00 1576.64
820.50 18.14 14.09 11.87 341.13 196.53 12.98 0.00
1.00 1900.37
786.10 15.84 10.76 7.43 335.28 189.75 12.61 0.10
1.00 2266.20
748.80 14.14 7.46 2.06 330.96 174.47 12.10 0.10
0.00 2677.97
708.60 11.34 5.49 0.50 331.95 154.84 14.16 0.10
0.00 3141.36
665.40 8.44 2.25 -4.09 330.32 140.66 15.33 0.10
0.00 3664.07
619.40 4.04 -0.92 -6.60 330.38 135.57 13.87 0.10
0.00 4251.36
570.90 -0.66 -5.67 -13.45 327.98 153.43 7.81 0.10
0.00 4908.55
523.90 -3.46 -9.98 -26.91 327.40 255.96 2.41 0.00
0.00 5590.95
481.70 -6.26 -12.74 -35.19 330.39 199.98 4.55 0.00
0.00 6250.70
443.90 -11.16 -16.02 -32.96 332.51 199.98 9.09 0.00
0.00 6883.46
409.90 -15.26 -19.33 -36.55 334.36 224.14 9.21 0.00
0.00 7489.95
379.10 -19.66 -22.89 -39.45 335.77 247.38 7.58 0.00
0.00 8074.71
351.40 -24.46 -26.09 -33.30 337.86 256.26 8.99 0.00
0.00 8632.54
326.50 -28.66 -29.89 -36.84 338.61 265.71 7.79 0.00
0.00 9163.22
304.00 -32.36 -33.57 -43.45 339.48 283.13 5.98 0.00
0.00 9670.47
283.90 -35.96 -36.93 -47.27 340.69 276.52 6.84 0.00
0.00 10149.07
265.70 -39.46 -40.26 -51.87 341.79 274.09 5.46 0.00
0.00 10605.71
248.80 -42.36 -43.14 -61.32 343.61 360.00 2.91 0.10
0.00 11052.49
233.60 -44.86 -45.53 -66.97 345.97 337.62 3.57 0.10
0.00 11476.05
219.60 -47.46 -48.00 -67.41 348.13 315.00 5.50 0.10
0.00 11886.69
205.70 -50.36 -50.77 -67.88 350.14 308.88 7.73 0.00
0.00 12315.90
191.70 -53.56 -53.88 -73.19 352.08 307.57 9.56 0.00
0.00 12772.28
177.80 -57.16 -57.38 -73.70 353.84 302.01 9.17 0.00
0.00 13252.14
163.80 -60.96 -61.10 -74.24 355.85 301.61 8.90 0.00
0.00 13766.10
149.80 -64.06 -64.15 -74.84 359.72 314.22 10.02 0.00
0.00 14316.98
135.90 -66.66 -9999.00 -9999.00 -9999.00 328.11 10.30 0.00
0.00 14909.29
121.90 -69.46 -9999.00 -9999.00 -9999.00 344.98 8.24 0.00
0.00 15561.95
108.00 -70.96 -9999.00 -9999.00 -9999.00 351.63 6.68 0.00
0.00 16281.15
94.00 -69.56 -9999.00 -9999.00 -9999.00 45.00 3.03 0.00
0.00 17105.68
81.00 -67.66 -9999.00 -9999.00 -9999.00 112.38 7.15 0.00
0.00 17996.84
70.60 -66.26 -9999.00 -9999.00 -9999.00 114.36 11.31 0.00
0.00 18826.23
62.20 -64.06 -9999.00 -9999.00 -9999.00 102.61 15.13 0.00
0.00 19597.45
54.30 -62.86 -9999.00 -9999.00 -9999.00 87.31 16.53 0.00
0.00 20431.17
46.90 -60.36 -9999.00 -9999.00 -9999.00 79.75 18.55 0.00
0.00 21338.35
40.10 -57.66 -9999.00 -9999.00 -9999.00 81.87 21.97 0.00
0.00 22320.20
33.80 -56.06 -9999.00 -9999.00 -9999.00 89.13 25.64 0.00
0.00 23402.29
27.80 -53.66 -9999.00 -9999.00 -9999.00 88.56 30.91 0.00
0.00 24650.99
22.30 -50.36 -9999.00 -9999.00 -9999.00 76.18 38.21 0.00
0.00 26077.97
17.10 -45.76 -9999.00 -9999.00 -9999.00 78.74 44.76 0.00
0.00 27827.33
12.30 -43.06 -9999.00 -9999.00 -9999.00 86.29 42.06 0.00
0.00 30033.37

STID = KDAL STNM = 722583 TIME = 200809/1900 
SLAT = 32.84 SLON = -96.85 SELV = 138.0
STIM = 5

SHOW = -1.40 LIFT = -1.94 SWET = 216.83 KINX = 30.30
LCLP = 779.03 PWAT = 40.96 TOTL = 46.49 CAPE = 969.57
LCLT = 288.03 CINS = -32.32 EQLV = 213.65 LFCT = 678.00
BRCH = 1130.82

PRES TMPC TMWC DWPC THTE DRCT SKNT OMEG
CFRL HGHT
999.60 36.14 23.91 18.82 351.85 189.25 8.47 0.00
0.00 148.04
996.70 35.14 23.57 18.71 350.80 188.75 10.22 0.00
0.00 174.52
991.20 34.44 23.30 18.59 350.46 189.13 11.01 0.10
0.00 224.81
981.70 33.44 22.90 18.42 350.22 189.62 11.62 0.10
0.00 312.09
967.70 32.04 22.33 18.16 349.96 190.06 12.24 0.10
0.00 441.76
949.70 30.34 21.60 17.81 349.73 190.62 12.65 0.10
0.00 610.40
928.20 28.24 20.69 17.37 349.37 191.98 13.11 0.10
0.00 814.79
904.70 26.04 19.72 16.89 349.16 193.43 13.38 0.10
0.00 1042.03
879.20 23.54 18.60 16.34 348.80 194.24 13.42 0.00
0.00 1293.40
850.80 20.74 17.30 15.68 348.36 195.04 13.48 0.00
0.00 1579.49
819.30 18.24 14.59 12.65 343.17 195.26 13.29 -0.10
3.00 1905.06
785.10 15.64 11.65 9.23 338.47 194.44 13.25 -0.10
3.00 2269.38
747.80 13.74 7.69 2.96 331.85 188.88 12.59 0.00
0.00 2681.45
707.70 11.24 5.44 0.48 331.95 165.34 13.05 0.00
0.00 3143.94
664.70 8.34 2.14 -4.26 330.15 147.22 13.64 0.10
0.00 3664.65
618.70 4.14 -1.19 -7.54 329.79 142.21 12.04 0.10
0.00 4252.52
570.40 -0.56 -5.79 -14.15 327.76 159.86 6.22 0.10
0.00 4907.82
523.50 -3.46 -10.09 -27.90 327.23 298.61 2.43 0.00
0.00 5589.41
481.40 -6.46 -12.96 -36.82 329.98 219.09 4.00 0.00
0.00 6247.78
443.60 -11.16 -16.16 -34.61 332.28 208.93 8.43 0.00
0.00 6880.68
409.70 -15.26 -19.28 -35.85 334.52 232.88 9.01 0.00
0.00 7485.73
379.00 -19.66 -22.86 -38.88 335.87 251.08 7.19 0.00
0.00 8068.82
351.30 -24.46 -26.07 -33.15 337.93 256.29 8.20 0.00
0.00 8626.81
326.40 -28.66 -29.91 -37.04 338.61 263.66 7.03 0.00
0.00 9157.65
304.00 -32.36 -33.57 -43.45 339.48 270.00 5.44 0.00
0.00 9662.72
283.80 -35.86 -36.85 -47.28 340.87 265.49 7.40 0.00
0.00 10143.88
265.70 -39.26 -40.11 -52.61 342.04 270.00 6.22 0.10
0.00 10598.39
248.80 -42.06 -42.89 -63.51 344.01 331.39 2.43 0.10
0.00 11045.64
233.60 -44.66 -45.32 -63.98 346.32 318.58 4.41 0.10
0.00 11469.67
219.60 -47.36 -47.90 -67.41 348.28 315.00 6.59 0.00
0.00 11880.58
205.70 -50.26 -50.67 -67.88 350.29 313.26 9.07 0.00
0.00 12309.98
191.70 -53.66 -53.95 -68.39 351.97 315.73 10.86 0.00
0.00 12766.36
177.80 -57.16 -57.38 -73.70 353.84 311.63 9.36 0.00
0.00 13246.12
163.80 -60.86 -61.00 -74.24 356.02 304.38 8.94 0.00
0.00 13760.19
149.80 -63.86 -63.96 -74.84 360.06 312.77 10.59 0.00
0.00 14311.46
135.90 -66.76 -66.83 -75.48 365.09 324.93 11.15 0.00
0.00 14903.92
121.90 -69.66 -9999.00 -9999.00 -9999.00 338.68 8.55 0.00
0.00 15556.11
108.00 -70.86 -9999.00 -9999.00 -9999.00 347.66 6.37 0.00
0.00 16275.13
94.00 -69.06 -9999.00 -9999.00 -9999.00 55.30 3.07 0.00
0.00 17100.88
81.00 -67.26 -9999.00 -9999.00 -9999.00 121.26 6.37 0.00
0.00 17994.00
70.60 -65.86 -9999.00 -9999.00 -9999.00 113.20 10.35 0.00
0.00 18825.00
62.20 -64.06 -9999.00 -9999.00 -9999.00 102.62 13.34 0.00
0.00 19596.96
54.30 -62.36 -9999.00 -9999.00 -9999.00 82.87 14.10 0.00
0.00 20431.67
46.90 -59.66 -9999.00 -9999.00 -9999.00 78.21 18.07 0.00
0.00 21341.43
40.10 -57.46 -9999.00 -9999.00 -9999.00 84.34 21.66 0.00
0.00 22325.34
33.80 -56.16 -9999.00 -9999.00 -9999.00 88.68 25.25 0.00
0.00 23407.68
27.80 -53.86 -9999.00 -9999.00 -9999.00 87.19 31.70 0.00
0.00 24655.52
22.30 -50.36 -9999.00 -9999.00 -9999.00 81.59 39.86 0.00
0.00 26081.86
17.10 -45.66 -9999.00 -9999.00 -9999.00 84.46 44.31 0.00
0.00 27831.60
12.30 -43.26 -9999.00 -9999.00 -9999.00 85.24 39.76 0.00
0.00 30037.16

STID = KDAL STNM = 722583 TIME = 200809/2000 
SLAT = 32.84 SLON = -96.85 SELV = 138.0
STIM = 6

SHOW = -1.69 LIFT = -2.12 SWET = 215.17 KINX = 31.30
LCLP = 766.06 PWAT = 41.47 TOTL = 47.32 CAPE = 997.41
LCLT = 287.44 CINS = -6.66 EQLV = 210.05 LFCT = 694.21
BRCH = 936.11

PRES TMPC TMWC DWPC THTE DRCT SKNT OMEG
CFRL HGHT
997.80 36.84 23.89 18.46 351.98 184.97 8.97 0.00
0.00 148.08
994.90 35.84 23.57 18.37 350.99 185.10 10.92 0.10
0.00 174.66
989.40 35.14 23.29 18.25 350.65 185.71 11.71 0.10
0.00 225.15
979.90 34.14 22.90 18.09 350.45 186.34 12.32 0.10
0.00 312.78
965.90 32.74 22.33 17.84 350.22 186.91 12.92 0.10
0.00 442.97
948.00 31.04 21.62 17.51 350.04 187.54 13.33 0.10
0.00 611.34
926.50 28.94 20.73 17.11 349.79 189.06 13.58 0.10
0.00 816.54
903.10 26.64 19.74 16.64 349.48 189.73 13.79 0.20
0.00 1043.69
877.70 24.24 18.66 16.10 349.27 191.31 13.87 0.10
0.00 1295.03
849.30 21.44 17.35 15.43 348.82 192.26 13.71 0.10
0.00 1582.27
818.10 18.64 14.69 12.61 343.76 194.04 13.62 0.10
0.00 1905.84
783.70 15.24 12.71 11.29 342.45 194.24 13.42 0.00
0.00 2273.04
746.70 13.04 8.84 5.94 335.71 193.63 13.19 0.00
3.00 2682.04
706.60 11.04 5.33 0.44 331.83 184.69 11.89 0.10
0.00 3144.71
663.70 8.14 2.11 -4.06 330.27 157.62 10.72 0.10
0.00 3664.64
617.90 4.24 -1.36 -8.20 329.49 149.04 9.05 0.10
0.00 4250.65
569.70 -0.46 -5.89 -14.77 327.64 171.47 3.92 0.10
0.00 4905.60
523.00 -3.46 -10.11 -28.06 327.28 332.10 3.73 0.00
0.00 5585.13
481.00 -6.66 -13.12 -37.43 329.74 240.26 3.13 0.00
0.00 6242.28
443.30 -11.26 -16.31 -35.77 332.03 214.44 8.24 0.00
0.00 6873.61
409.50 -15.36 -19.34 -35.63 334.47 236.31 9.11 0.00
0.00 7476.99
378.80 -19.66 -22.82 -38.35 336.00 246.19 7.23 0.00
0.00 8060.27
351.20 -24.46 -26.07 -33.15 337.96 252.00 8.18 0.00
0.00 8616.47
326.30 -28.56 -29.88 -37.46 338.70 256.68 7.60 0.00
0.00 9147.56
303.90 -32.36 -33.57 -43.45 339.51 254.29 6.45 0.00
0.00 9652.90
283.80 -35.86 -36.85 -47.28 340.87 260.75 8.47 0.00
0.00 10131.76
265.70 -39.16 -40.02 -52.61 342.19 271.55 7.19 0.00
0.00 10586.36
248.80 -41.86 -42.70 -63.51 344.31 310.24 3.30 0.00
0.00 11033.91
233.60 -44.56 -45.23 -63.98 346.47 315.00 5.77 0.00
0.00 11458.21
219.60 -47.36 -47.88 -64.44 348.33 315.00 7.96 0.00
0.00 11869.21
205.70 -50.46 -50.84 -64.93 350.02 317.29 10.31 0.00
0.00 12298.42
191.70 -53.86 -54.14 -68.39 351.65 317.23 10.59 0.00
0.00 12754.39
177.80 -57.16 -57.38 -73.70 353.84 305.27 9.75 0.00
0.00 13233.93
163.80 -60.76 -60.90 -74.24 356.19 299.05 10.00 0.00
0.00 13748.12
149.80 -63.96 -64.06 -74.84 359.89 307.06 11.93 0.00
0.00 14299.40
135.90 -66.86 -66.92 -75.48 364.92 319.71 11.71 0.00
0.00 14891.56
121.90 -69.66 -9999.00 -9999.00 -9999.00 330.95 8.00 0.00
0.00 15543.59
108.00 -70.26 -9999.00 -9999.00 -9999.00 338.96 5.42 0.00
0.00 16263.67
94.00 -68.36 -9999.00 -9999.00 -9999.00 85.24 2.33 0.00
0.00 17092.07
81.00 -67.06 -9999.00 -9999.00 -9999.00 136.55 5.09 0.00
0.00 17987.15
70.60 -65.96 -9999.00 -9999.00 -9999.00 110.22 7.87 0.00
0.00 18818.35
62.20 -64.06 -9999.00 -9999.00 -9999.00 94.57 9.75 0.00
0.00 19590.13
54.30 -61.66 -9999.00 -9999.00 -9999.00 75.96 12.82 0.00
0.00 20426.23
46.90 -58.96 -9999.00 -9999.00 -9999.00 85.29 18.90 0.00
0.00 21338.99
40.10 -57.76 -9999.00 -9999.00 -9999.00 91.07 20.78 0.00
0.00 22323.82
33.80 -56.26 -9999.00 -9999.00 -9999.00 88.57 23.31 0.00
0.00 23405.16
27.80 -53.56 -9999.00 -9999.00 -9999.00 87.77 29.93 0.00
0.00 24653.57
22.30 -49.86 -9999.00 -9999.00 -9999.00 92.34 38.11 0.00
0.00 26082.49
17.10 -46.46 -9999.00 -9999.00 -9999.00 92.15 41.41 0.00
0.00 27831.06
12.30 -43.46 -9999.00 -9999.00 -9999.00 87.45 39.28 0.00
0.00 30031.80

STID = KDAL STNM = 722583 TIME = 200809/2100 
SLAT = 32.84 SLON = -96.85 SELV = 138.0
STIM = 7

SHOW = -1.72 LIFT = -2.11 SWET = 214.86 KINX = 33.20
LCLP = 758.03 PWAT = 42.26 TOTL = 47.61 CAPE = 1004.76
LCLT = 287.02 CINS = -3.14 EQLV = 204.10 LFCT = 761.40
BRCH = 459.20

PRES TMPC TMWC DWPC THTE DRCT SKNT OMEG
CFRL HGHT
996.90 37.24 23.85 18.18 351.84 181.12 9.91 0.00
0.00 147.18
994.00 36.34 23.54 18.08 350.95 181.85 12.04 0.10
0.00 173.82
988.50 35.64 23.27 17.97 350.64 181.71 13.01 0.10
0.00 224.43
979.00 34.64 22.87 17.80 350.42 182.45 13.62 0.10
0.00 312.27
965.10 33.34 22.33 17.55 350.29 183.14 14.20 0.10
0.00 441.86
947.10 31.54 21.59 17.22 350.02 183.76 14.80 0.10
0.00 611.60
925.70 29.54 20.73 16.81 349.86 184.46 15.00 0.10
0.00 816.38
902.40 27.24 19.74 16.35 349.56 185.86 15.23 0.10
0.00 1043.16
877.00 24.74 18.63 15.82 349.26 187.31 15.27 0.10
0.00 1295.12
848.70 21.94 17.36 15.20 348.94 188.86 15.13 0.00
0.00 1582.02
817.40 18.84 15.88 14.43 348.51 190.57 14.82 0.00
0.00 1907.39
783.20 15.94 12.46 10.46 341.62 192.53 14.34 0.00
0.00 2273.39
746.10 12.04 10.40 9.39 340.98 194.24 13.42 0.00
11.00 2683.76
706.10 10.44 5.60 1.64 332.76 194.47 12.43 0.00
2.00 3144.70
663.20 8.04 2.06 -4.07 330.23 170.96 8.66 0.10
0.00 3664.44
617.50 4.24 -1.53 -8.72 329.13 155.70 6.60 0.10
0.00 4249.46
569.40 -0.26 -5.94 -15.42 327.57 174.29 1.94 0.10
0.00 4903.63
522.70 -3.46 -10.08 -27.77 327.40 357.51 4.47 0.00
0.00 5583.76
480.70 -6.66 -13.15 -38.07 329.72 236.31 2.80 0.00
0.00 6241.30
443.20 -11.16 -16.26 -36.02 332.14 215.10 8.78 0.10
0.00 6869.66
409.40 -15.26 -19.25 -35.42 334.66 233.62 9.17 0.10
0.00 7473.42
378.70 -19.56 -22.71 -37.83 336.23 239.53 7.65 0.10
0.00 8057.08
351.10 -24.26 -25.94 -33.31 338.22 245.06 9.21 0.00
0.00 8613.77
326.30 -28.56 -29.92 -37.89 338.62 250.35 8.66 0.00
0.00 9143.02
303.90 -32.36 -33.57 -43.45 339.51 245.32 7.91 0.00
0.00 9648.34
283.80 -35.86 -36.85 -47.28 340.87 259.92 8.88 0.00
0.00 10127.21
265.70 -39.06 -39.93 -52.61 342.34 278.53 7.85 0.00
0.00 10581.91
248.80 -41.86 -42.68 -61.32 344.35 307.88 4.43 0.00
0.00 11029.55
233.60 -44.66 -45.30 -61.80 346.37 315.00 7.15 0.00
0.00 11453.76
219.60 -47.56 -48.04 -62.27 348.06 316.74 9.07 -0.10
0.00 11864.50
205.70 -50.86 -51.22 -64.93 349.40 320.63 9.79 -0.10
0.00 12293.13
191.70 -54.06 -54.33 -68.39 351.32 312.51 9.48 -0.10
0.00 12748.48
177.80 -57.36 -57.57 -73.70 353.51 298.01 10.33 -0.10
0.00 13227.58
163.80 -60.96 -61.10 -74.24 355.85 293.33 10.78 -0.10
0.00 13741.29
149.80 -64.36 -64.45 -74.84 359.20 302.91 11.79 0.00
0.00 14291.78
135.90 -67.16 -67.22 -75.48 364.39 318.45 11.42 0.00
0.00 14882.95
121.90 -69.66 -9999.00 -9999.00 -9999.00 329.74 8.10 0.00
0.00 15534.50
108.00 -70.26 -9999.00 -9999.00 -9999.00 342.26 5.09 0.00
0.00 16254.58
94.00 -68.66 -9999.00 -9999.00 -9999.00 106.39 3.44 0.00
0.00 17082.37
81.00 -67.56 -9999.00 -9999.00 -9999.00 147.53 5.07 0.00
0.00 17975.71
70.60 -66.66 -9999.00 -9999.00 -9999.00 115.91 7.56 0.00
0.00 18804.50
62.20 -64.66 -9999.00 -9999.00 -9999.00 92.49 8.94 0.00
0.00 19573.86
54.30 -61.86 -9999.00 -9999.00 -9999.00 74.60 13.91 0.00
0.00 20408.38
46.90 -59.16 -9999.00 -9999.00 -9999.00 81.00 19.87 0.00
0.00 21320.27
40.10 -57.96 -9999.00 -9999.00 -9999.00 82.41 20.57 0.00
0.00 22304.19
33.80 -56.06 -9999.00 -9999.00 -9999.00 83.23 23.08 0.00
0.00 23385.53
27.80 -52.86 -9999.00 -9999.00 -9999.00 85.78 29.02 0.00
0.00 24636.51
22.30 -49.56 -9999.00 -9999.00 -9999.00 91.83 36.54 0.00
0.00 26068.66
17.10 -47.56 -9999.00 -9999.00 -9999.00 86.90 39.49 0.00
0.00 27814.12
12.30 -43.96 -9999.00 -9999.00 -9999.00 79.57 39.70 0.00
0.00 30007.15

STID = KDAL STNM = 722583 TIME = 200809/2200 
SLAT = 32.84 SLON = -96.85 SELV = 138.0
STIM = 8

SHOW = -1.67 LIFT = -2.02 SWET = 215.30 KINX = 38.45
LCLP = 754.75 PWAT = 43.31 TOTL = 47.63 CAPE = 1037.58
LCLT = 286.89 CINS = -3.24 EQLV = 201.23 LFCT = 745.99
BRCH = 291.09

PRES TMPC TMWC DWPC THTE DRCT SKNT OMEG
CFRL HGHT
997.60 37.54 23.90 18.12 351.94 184.32 10.33 0.00
0.00 147.18
994.60 36.74 23.61 18.01 351.15 184.40 12.67 0.00
0.00 174.76
989.10 36.04 23.34 17.90 350.84 184.03 13.83 0.00
0.00 225.40
979.60 35.04 22.95 17.74 350.64 184.64 14.41 0.00
0.00 313.30
965.70 33.74 22.41 17.49 350.52 185.19 15.02 0.00
0.00 442.96
947.70 32.04 21.70 17.16 350.36 185.78 15.42 0.00
0.00 612.85
926.30 29.94 20.81 16.76 350.11 186.34 15.83 0.00
0.00 817.78
902.90 27.74 19.85 16.30 349.96 187.73 15.87 -0.10
0.00 1045.74
877.60 25.24 18.75 15.77 349.64 189.12 15.93 -0.10
0.00 1296.97
849.20 22.44 17.48 15.15 349.34 190.62 15.81 -0.20
0.00 1585.17
817.90 19.24 15.95 14.34 348.68 193.16 15.37 -0.20
0.00 1910.83
783.60 15.94 13.74 12.58 346.28 196.48 14.37 -0.20
3.00 2278.11
746.60 13.04 10.09 8.24 339.83 198.95 13.75 -0.10
0.00 2687.94
706.40 8.94 7.27 6.10 337.84 200.97 12.49 0.00
14.00 3150.73
663.50 8.04 2.01 -4.22 330.03 194.42 7.01 0.10
0.00 3669.22
617.70 4.44 -1.54 -9.08 329.05 165.26 3.81 0.10
0.00 4255.47
569.50 -0.06 -5.97 -16.03 327.46 26.57 0.43 0.10
0.00 4911.27
522.90 -3.26 -9.95 -27.63 327.64 13.50 4.99 0.10
0.00 5590.24
480.90 -6.46 -13.10 -39.84 329.74 237.99 3.67 0.10
0.00 6248.00
443.30 -10.86 -16.00 -35.06 332.65 223.41 9.89 0.00
0.00 6878.43
409.40 -15.06 -19.11 -35.42 334.92 236.93 9.97 0.00
0.00 7484.49
378.80 -19.46 -22.60 -37.34 336.41 240.10 8.95 -0.10
0.00 8066.52
351.20 -24.26 -25.98 -33.62 338.12 248.01 10.90 -0.10
0.00 8623.17
326.30 -28.66 -30.00 -37.89 338.48 250.11 9.71 -0.10
0.00 9154.36
303.90 -32.46 -33.68 -43.80 339.33 245.66 8.95 -0.10
0.00 9659.48
283.80 -35.76 -36.76 -47.28 341.01 266.42 9.34 0.00
0.00 10138.35
265.70 -38.96 -39.86 -53.41 342.44 289.23 8.84 0.00
0.00 10593.24
248.80 -41.76 -42.59 -61.32 344.50 308.66 6.22 0.00
0.00 11041.07
233.60 -44.76 -45.37 -60.07 346.26 315.00 9.07 0.00
0.00 11465.28
219.60 -47.86 -48.30 -60.55 347.65 320.63 9.79 0.00
0.00 11875.66
205.70 -50.96 -51.29 -62.77 349.28 318.47 9.09 0.00
0.00 12303.92
191.70 -54.06 -54.33 -68.39 351.32 302.23 10.57 0.00
0.00 12759.16
177.80 -57.46 -57.67 -73.70 353.34 294.90 11.99 0.00
0.00 13238.15
163.80 -61.06 -61.20 -74.24 355.68 290.77 12.04 0.00
0.00 13751.62
149.80 -64.36 -64.45 -74.84 359.20 300.65 12.20 0.00
0.00 14301.98
135.90 -66.86 -66.92 -75.48 364.92 315.67 11.67 0.00
0.00 14893.58
121.90 -69.16 -9999.00 -9999.00 -9999.00 325.22 8.51 0.00
0.00 15546.40
108.00 -69.86 -9999.00 -9999.00 -9999.00 352.23 4.31 0.00
0.00 16268.08
94.00 -68.76 -9999.00 -9999.00 -9999.00 126.03 5.28 0.00
0.00 17096.47
81.00 -67.96 -9999.00 -9999.00 -9999.00 150.52 5.13 0.00
0.00 17988.73
70.60 -66.66 -9999.00 -9999.00 -9999.00 116.57 7.81 0.00
0.00 18816.71
62.20 -63.96 -9999.00 -9999.00 -9999.00 96.98 9.60 0.00
0.00 19587.37
54.30 -61.26 -9999.00 -9999.00 -9999.00 87.10 15.37 0.00
0.00 20424.47
46.90 -58.96 -9999.00 -9999.00 -9999.00 86.11 20.05 0.00
0.00 21338.08
40.10 -57.56 -9999.00 -9999.00 -9999.00 77.24 21.11 0.00
0.00 22323.37
33.80 -55.26 -9999.00 -9999.00 -9999.00 76.32 23.00 0.00
0.00 23407.71
27.80 -52.06 -9999.00 -9999.00 -9999.00 81.65 28.07 0.00
0.00 24663.27
22.30 -49.96 -9999.00 -9999.00 -9999.00 87.64 33.04 0.00
0.00 26096.71
17.10 -48.06 -9999.00 -9999.00 -9999.00 88.01 39.06 0.00
0.00 27838.68
12.30 -44.16 -9999.00 -9999.00 -9999.00 81.94 42.97 0.00
0.00 30028.33

STID = KDAL STNM = 722583 TIME = 200809/2300 
SLAT = 32.84 SLON = -96.85 SELV = 138.0
STIM = 9

SHOW = -1.69 LIFT = -1.93 SWET = 217.98 KINX = 39.16
LCLP = 756.34 PWAT = 44.11 TOTL = 47.48 CAPE = 1098.71
LCLT = 286.99 CINS = -3.73 EQLV = 199.16 LFCT = 754.92
BRCH = 174.00

PRES TMPC TMWC DWPC THTE DRCT SKNT OMEG
CFRL HGHT
997.30 37.44 23.91 18.19 352.05 178.96 10.68 0.00
0.00 147.18
994.30 36.74 23.65 18.09 351.40 179.17 13.40 0.00
0.00 174.76
988.80 36.04 23.39 17.99 351.12 179.25 14.76 0.00
0.00 225.42
979.30 35.14 23.03 17.83 351.04 180.00 15.54 0.00
0.00 313.36
965.40 33.84 22.49 17.59 350.95 180.69 16.12 -0.10
0.00 443.12
947.50 32.14 21.79 17.27 350.80 181.35 16.51 -0.10
0.00 612.17
926.10 30.14 20.94 16.89 350.72 182.66 16.72 -0.20
0.00 817.26
902.70 27.84 19.98 16.46 350.53 183.99 16.74 -0.30
0.00 1045.40
877.30 25.34 18.90 15.97 350.33 186.04 16.61 -0.40
0.00 1297.80
849.00 22.54 17.65 15.38 350.09 189.69 16.16 -0.40
0.00 1585.19
817.70 19.44 16.21 14.65 349.76 193.69 15.60 -0.40
0.00 1911.15
783.40 16.34 13.60 12.14 345.77 201.95 14.02 -0.30
0.00 2278.89
746.30 12.64 11.00 10.03 343.03 206.94 13.29 -0.10
6.00 2690.07
706.20 9.04 7.66 6.71 339.10 211.29 11.60 0.10
20.00 3151.84
663.30 7.74 2.08 -3.64 330.29 215.75 5.98 0.20
1.00 3670.38
617.60 4.54 -1.64 -9.58 328.80 172.87 1.57 0.20
0.00 4255.29
569.40 0.14 -5.96 -16.53 327.46 34.99 2.37 0.20
0.00 4911.52
522.80 -2.96 -9.77 -27.63 328.03 30.58 4.97 0.10
0.00 5591.23
480.80 -6.26 -13.06 -41.97 329.82 230.19 4.55 0.10
0.00 6249.72
443.20 -10.76 -15.81 -33.56 333.05 228.01 10.45 0.00
0.00 6880.65
409.40 -15.16 -19.18 -35.42 334.79 237.77 10.57 -0.10
0.00 7485.00
378.70 -19.56 -22.69 -37.58 336.27 237.88 9.87 -0.20
0.00 8068.78
351.10 -24.36 -26.17 -34.62 337.79 246.54 11.23 -0.20
0.00 8625.34
326.30 -28.86 -30.10 -37.25 338.32 245.46 9.83 -0.10
0.00 9154.16
303.90 -32.56 -33.74 -43.45 339.23 240.26 9.40 -0.10
0.00 9658.97
283.80 -35.76 -36.76 -47.28 341.01 267.51 8.94 -0.10
0.00 10137.73
265.70 -38.96 -39.84 -52.61 342.48 292.71 9.05 0.00
0.00 10592.63
248.80 -41.86 -42.66 -59.58 344.40 305.13 6.41 0.00
0.00 11040.36
233.60 -44.96 -45.51 -57.40 346.04 315.86 9.21 0.00
0.00 11464.30
219.60 -47.96 -48.37 -59.12 347.54 321.34 8.70 0.00
0.00 11874.41
205.70 -50.86 -51.22 -64.93 349.40 306.63 9.44 0.00
0.00 12302.67
191.70 -54.06 -54.33 -68.39 351.32 302.01 12.82 0.00
0.00 12758.02
177.80 -57.56 -57.76 -73.70 353.18 296.57 12.59 0.00
0.00 13236.89
163.80 -60.96 -61.10 -74.24 355.85 292.14 12.37 0.00
0.00 13750.37
149.80 -64.06 -64.15 -74.84 359.72 300.51 12.63 0.00
0.00 14301.25
135.90 -66.56 -66.63 -75.48 365.45 313.67 11.81 0.00
0.00 14893.70
121.90 -68.76 -9999.00 -9999.00 -9999.00 327.43 8.29 0.00
0.00 15547.64
108.00 -69.96 -9999.00 -9999.00 -9999.00 4.76 4.68 0.00
0.00 16269.85
94.00 -69.46 -9999.00 -9999.00 -9999.00 125.54 5.01 0.00
0.00 17096.62
81.00 -68.36 -9999.00 -9999.00 -9999.00 157.62 3.57 0.00
0.00 17986.47
70.60 -66.46 -9999.00 -9999.00 -9999.00 122.01 5.50 0.00
0.00 18814.05
62.20 -63.16 -9999.00 -9999.00 -9999.00 97.70 7.25 0.00
0.00 19586.57
54.30 -60.36 -9999.00 -9999.00 -9999.00 90.77 14.37 0.00
0.00 20427.04
46.90 -58.86 -9999.00 -9999.00 -9999.00 91.16 19.23 0.00
0.00 21342.80
40.10 -57.76 -9999.00 -9999.00 -9999.00 76.36 20.59 0.00
0.00 22327.87
33.80 -54.96 -9999.00 -9999.00 -9999.00 67.31 23.15 0.00
0.00 23412.45
27.80 -51.66 -9999.00 -9999.00 -9999.00 75.59 28.88 0.00
0.00 24670.01
22.30 -50.26 -9999.00 -9999.00 -9999.00 83.62 33.24 0.00
0.00 26103.78
17.10 -48.76 -9999.00 -9999.00 -9999.00 85.40 38.77 0.00
0.00 27841.86
12.30 -44.56 -9999.00 -9999.00 -9999.00 80.37 42.95 0.00
0.00 30026.20

STID = KDAL STNM = 722583 TIME = 200810/0000 
SLAT = 32.84 SLON = -96.85 SELV = 138.0
STIM = 10

SHOW = -1.77 LIFT = -1.93 SWET = 226.11 KINX = 39.28
LCLP = 766.36 PWAT = 44.67 TOTL = 47.33 CAPE = 1179.51
LCLT = 287.47 CINS = -7.91 EQLV = 193.54 LFCT = 751.10
BRCH = 105.45

PRES TMPC TMWC DWPC THTE DRCT SKNT OMEG
CFRL HGHT
996.80 36.74 23.86 18.46 352.01 171.18 11.40 0.00
0.00 147.17
993.80 36.24 23.66 18.36 351.59 171.97 15.31 0.10
0.00 174.71
988.30 35.64 23.42 18.25 351.40 172.23 17.25 0.10
0.00 225.33
978.80 34.74 23.05 18.08 351.30 172.80 18.61 0.10
0.00 313.22
964.90 33.44 22.53 17.85 351.23 173.60 19.15 0.10
0.00 442.89
947.00 31.74 21.83 17.54 351.11 174.29 19.52 0.10
0.00 611.83
925.60 29.74 20.99 17.17 351.05 175.47 19.68 0.10
0.00 816.79
902.20 27.54 20.06 16.75 351.00 177.17 19.64 0.10
0.00 1044.82
876.80 25.04 18.99 16.27 350.84 180.00 19.23 0.10
0.00 1297.14
848.50 22.24 17.76 15.70 350.65 184.26 18.32 0.00
0.00 1584.46
817.20 19.24 16.30 14.89 350.23 190.91 16.41 0.00
0.00 1910.38
783.00 16.14 14.00 12.89 347.37 210.55 13.75 0.10
0.00 2277.10
745.90 12.94 11.02 9.88 343.15 214.38 13.42 0.10
3.00 2688.62
705.90 9.04 7.84 7.02 339.73 217.63 11.77 0.20
33.00 3149.72
663.00 8.04 1.87 -4.61 329.72 225.00 5.23 0.10
0.00 3668.74
617.30 4.54 -1.71 -9.84 328.66 126.87 1.94 0.00
0.00 4254.18
569.20 0.04 -5.98 -16.35 327.47 63.43 3.90 0.00
0.00 4909.20
522.60 -2.86 -9.70 -27.49 328.22 53.62 4.58 0.00
0.00 5589.16
480.70 -6.16 -13.09 -45.28 329.73 226.55 5.09 0.00
0.00 6246.52
443.10 -10.76 -15.80 -33.37 333.11 232.31 10.80 -0.10
0.00 6877.69
409.30 -15.26 -19.24 -35.20 334.72 239.38 11.05 -0.10
0.00 7482.07
378.70 -19.86 -22.95 -38.09 335.79 240.12 10.53 -0.20
0.00 8063.56
351.10 -24.56 -26.44 -35.73 337.29 247.07 10.98 -0.20
0.00 8619.56
326.30 -29.06 -30.22 -36.85 338.12 243.92 10.16 -0.10
0.00 9147.94
303.90 -32.86 -33.95 -42.78 338.89 239.59 10.35 -0.10
0.00 9652.23
283.80 -36.06 -37.02 -47.28 340.58 264.05 9.38 -0.10
0.00 10130.40
265.60 -39.26 -40.04 -50.55 342.20 296.03 9.30 -0.10
0.00 10587.31
248.80 -42.26 -42.97 -56.89 343.89 305.36 7.38 -0.10
0.00 11031.82
233.60 -45.36 -45.88 -57.40 345.44 319.54 8.68 0.00
0.00 11455.03
219.60 -48.06 -48.46 -59.12 347.38 319.54 8.68 0.00
0.00 11864.69
205.70 -50.96 -51.31 -64.93 349.24 311.55 11.42 0.00
0.00 12292.75
191.70 -54.36 -54.62 -68.39 350.84 310.87 13.36 0.00
0.00 12747.69
177.80 -57.76 -57.96 -73.70 352.85 304.16 13.15 0.00
0.00 13226.01
163.80 -61.06 -61.20 -74.24 355.68 300.82 12.90 0.00
0.00 13739.13
149.80 -64.06 -64.15 -74.84 359.72 307.88 13.29 0.00
0.00 14289.88
135.90 -66.66 -66.73 -75.48 365.27 319.18 11.29 0.00
0.00 14882.19
121.90 -68.76 -9999.00 -9999.00 -9999.00 340.25 8.04 0.00
0.00 15535.97
108.00 -70.16 -9999.00 -9999.00 -9999.00 17.45 7.13 0.00
0.00 16257.82
94.00 -69.76 -9999.00 -9999.00 -9999.00 90.00 3.11 0.00
0.00 17083.57
81.00 -67.96 -9999.00 -9999.00 -9999.00 255.96 0.80 0.00
0.00 17973.65
70.60 -65.16 -9999.00 -9999.00 -9999.00 106.39 3.44 0.00
0.00 18804.64
62.20 -62.36 -9999.00 -9999.00 -9999.00 80.27 6.90 0.00
0.00 19581.05
54.30 -60.66 -9999.00 -9999.00 -9999.00 78.85 14.06 0.00
0.00 20422.52
46.90 -59.86 -9999.00 -9999.00 -9999.00 82.23 17.25 0.00
0.00 21335.49
40.10 -58.36 -9999.00 -9999.00 -9999.00 71.19 18.67 0.00
0.00 22316.89
33.80 -55.46 -9999.00 -9999.00 -9999.00 67.17 24.03 0.00
0.00 23398.72
27.80 -52.96 -9999.00 -9999.00 -9999.00 80.60 29.74 0.00
0.00 24651.14
22.30 -51.26 -9999.00 -9999.00 -9999.00 89.33 33.41 0.00
0.00 26077.48
17.10 -48.56 -9999.00 -9999.00 -9999.00 82.69 38.19 0.00
0.00 27812.45
12.30 -44.16 -9999.00 -9999.00 -9999.00 75.02 42.83 0.00
0.00 29999.69

STID = KDAL STNM = 722583 TIME = 200810/0100 
SLAT = 32.84 SLON = -96.85 SELV = 138.0
STIM = 11

SHOW = -1.32 LIFT = -1.43 SWET = 221.74 KINX = 37.91
LCLP = 770.75 PWAT = 43.52 TOTL = 46.83 CAPE = 923.19
LCLT = 287.18 CINS = -26.32 EQLV = 205.81 LFCT = 741.00
BRCH = 70.90

PRES TMPC TMWC DWPC THTE DRCT SKNT OMEG
CFRL HGHT
996.90 35.94 23.44 18.08 350.06 173.66 10.55 0.00
0.00 147.14
994.00 35.64 23.30 17.98 349.87 173.99 14.84 0.10
0.00 173.70
988.40 35.14 23.08 17.87 349.81 174.35 17.75 0.10
0.00 225.13
979.00 34.34 22.72 17.68 349.75 174.91 19.70 0.10
0.00 311.93
965.00 33.04 22.18 17.43 349.65 175.72 20.84 0.20
0.00 442.32
947.10 31.34 21.47 17.11 349.49 176.36 21.41 0.30
0.00 610.98
925.70 29.44 20.65 16.73 349.53 177.42 21.58 0.30
0.00 815.64
902.30 27.24 19.71 16.30 349.45 178.96 21.37 0.40
0.00 1043.37
877.00 24.74 18.63 15.82 349.26 181.61 20.78 0.40
0.00 1294.35
848.70 22.14 17.43 15.22 349.24 188.30 18.84 0.40
0.00 1581.34
817.40 19.34 15.98 14.34 348.90 199.56 15.68 0.40
0.00 1907.09
783.20 16.34 13.81 12.48 346.60 209.85 13.66 0.30
0.00 2273.82
746.10 12.94 11.00 9.86 343.07 211.26 12.72 0.20
4.00 2685.34
706.00 9.24 7.58 6.45 338.90 214.00 10.08 0.10
32.00 3147.60
663.10 8.14 1.62 -5.47 329.01 220.91 3.85 0.00
0.00 3666.74
617.40 4.34 -1.76 -9.67 328.53 104.93 3.01 -0.10
0.00 4251.94
569.30 -0.06 -5.90 -15.72 327.66 75.38 4.62 0.00
0.00 4906.51
522.70 -2.86 -9.64 -26.94 328.34 66.80 4.43 0.00
0.00 5586.26
480.70 -6.26 -13.18 -46.68 329.52 237.99 5.50 0.00
0.00 6245.00
443.10 -10.86 -15.91 -33.98 332.87 242.45 10.08 -0.10
0.00 6875.92
409.30 -15.36 -19.36 -35.86 334.48 247.80 10.28 0.00
0.00 7480.06
378.70 -19.86 -22.91 -37.58 335.87 251.57 11.05 0.00
0.00 8061.44
351.10 -24.56 -26.44 -35.73 337.29 259.88 11.05 0.00
0.00 8617.44
326.30 -29.06 -30.32 -37.89 337.93 255.47 10.84 0.00
0.00 9145.81
303.90 -32.76 -33.95 -44.16 338.87 255.74 11.83 0.00
0.00 9650.20
283.80 -36.16 -37.11 -47.28 340.44 274.16 10.70 0.00
0.00 10128.36
265.70 -39.36 -40.11 -49.95 342.06 299.60 9.83 0.00
0.00 10582.49
248.80 -42.36 -43.07 -56.89 343.74 302.57 8.29 0.10
0.00 11029.37
233.60 -45.36 -45.88 -57.40 345.44 315.00 8.24 0.10
0.00 11452.48
219.60 -48.06 -48.51 -62.27 347.29 312.44 9.21 0.00
0.00 11862.13
205.70 -51.16 -51.53 -67.88 348.88 317.66 11.83 0.00
0.00 12290.00
191.70 -54.46 -54.72 -68.39 350.68 311.86 12.51 0.00
0.00 12744.63
177.80 -57.76 -57.96 -73.70 352.85 306.87 12.63 0.00
0.00 13222.84
163.80 -61.06 -61.20 -74.24 355.68 304.19 12.45 0.00
0.00 13735.96
149.80 -64.06 -64.15 -74.84 359.72 310.18 11.44 0.00
0.00 14286.71
135.90 -66.46 -66.53 -75.48 365.62 320.36 8.84 0.00
0.00 14879.30
121.90 -68.66 -9999.00 -9999.00 -9999.00 347.28 6.18 0.00
0.00 15533.56
108.00 -70.36 -9999.00 -9999.00 -9999.00 28.07 6.60 0.00
0.00 16255.24
94.00 -69.66 -9999.00 -9999.00 -9999.00 119.74 1.57 0.00
0.00 17080.78
81.00 -67.46 -9999.00 -9999.00 -9999.00 275.19 2.14 0.00
0.00 17972.17
70.60 -65.16 -9999.00 -9999.00 -9999.00 57.26 3.22 0.00
0.00 18804.17
62.20 -63.06 -9999.00 -9999.00 -9999.00 47.42 9.75 0.00
0.00 19579.28
54.30 -61.76 -9999.00 -9999.00 -9999.00 58.35 16.67 0.00
0.00 20417.17
46.90 -60.46 -9999.00 -9999.00 -9999.00 65.61 18.34 0.00
0.00 21326.50
40.10 -57.76 -9999.00 -9999.00 -9999.00 64.15 20.94 0.00
0.00 22307.90
33.80 -54.76 -9999.00 -9999.00 -9999.00 75.56 26.48 0.00
0.00 23392.98
27.80 -53.06 -9999.00 -9999.00 -9999.00 85.75 28.83 0.00
0.00 24647.11
22.30 -50.56 -9999.00 -9999.00 -9999.00 88.30 32.65 0.00
0.00 26075.39
17.10 -47.56 -9999.00 -9999.00 -9999.00 80.97 38.34 0.00
0.00 27816.97
12.30 -43.56 -9999.00 -9999.00 -9999.00 74.83 45.28 0.00
0.00 30011.92

STID = KDAL STNM = 722583 TIME = 200810/0200 
SLAT = 32.84 SLON = -96.85 SELV = 138.0
STIM = 12

SHOW = -0.11 LIFT = -0.35 SWET = 211.97 KINX = 35.54
LCLP = 776.25 PWAT = 41.64 TOTL = 45.19 CAPE = 605.51
LCLT = 286.89 CINS = -58.91 EQLV = 221.41 LFCT = 728.74
BRCH = 39.59

PRES TMPC TMWC DWPC THTE DRCT SKNT OMEG
CFRL HGHT
997.40 35.04 22.97 17.67 347.89 173.93 9.19 0.00
0.00 147.11
994.40 34.84 22.86 17.58 347.86 174.21 13.48 0.10
0.00 174.49
988.90 34.44 22.67 17.46 347.88 175.18 16.18 0.10
0.00 224.84
979.40 33.74 22.32 17.25 347.90 176.15 20.24 0.10
0.00 312.32
965.50 32.64 21.81 16.95 347.89 177.53 22.55 0.20
0.00 441.48
947.60 31.04 21.09 16.58 347.73 179.05 23.50 0.20
0.00 609.82
926.20 29.14 20.21 16.11 347.53 180.47 23.70 0.30
0.00 814.11
902.80 27.04 19.20 15.53 347.20 183.81 23.37 0.30
0.00 1041.44
877.40 24.84 18.12 14.90 347.02 189.29 21.66 0.30
0.00 1293.14
849.10 22.24 16.89 14.28 346.94 196.03 19.00 0.10
0.00 1579.97
817.80 19.44 15.36 13.29 346.37 200.79 16.41 0.00
0.00 1905.52
783.60 16.34 13.26 11.58 344.46 200.65 14.32 -0.10
0.00 2271.96
746.40 12.84 10.66 9.35 341.83 201.25 11.25 -0.10
0.00 2684.20
706.40 9.44 7.10 5.44 337.30 213.31 8.14 -0.10
0.00 3145.04
663.50 8.04 1.61 -5.36 328.93 260.54 2.37 -0.10
0.00 3663.87
617.70 4.24 -1.79 -9.58 328.43 66.80 2.95 0.10
0.00 4249.83
569.50 0.04 -5.87 -15.84 327.68 67.07 5.48 0.20
0.00 4905.49
522.80 -2.36 -9.52 -28.67 328.51 71.57 3.07 0.30
0.00 5587.23
480.90 -5.96 -12.88 -42.45 330.13 250.02 6.82 0.30
0.00 6245.17
443.30 -10.66 -15.72 -33.17 333.23 245.56 9.38 0.20
0.00 6876.44
409.40 -15.06 -19.23 -37.06 334.66 244.92 10.08 0.10
0.00 7482.74
378.70 -19.66 -22.58 -35.36 336.51 252.82 11.19 0.00
0.00 8066.52
351.20 -24.56 -26.40 -35.34 337.34 262.18 10.00 0.00
0.00 8620.67
326.30 -28.96 -30.33 -38.80 337.92 266.88 10.70 -0.10
0.00 9151.20
303.90 -32.86 -34.01 -43.80 338.77 272.01 11.07 -0.10
0.00 9655.58
283.80 -36.16 -37.11 -47.28 340.44 277.82 10.00 -0.10
0.00 10133.65
265.70 -39.36 -40.13 -50.54 342.02 294.44 9.38 -0.10
0.00 10587.77
248.80 -42.36 -43.04 -55.81 343.78 296.57 8.26 -0.10
0.00 11034.65
233.60 -45.46 -45.97 -57.40 345.29 305.71 7.65 -0.10
0.00 11457.67
219.60 -48.16 -48.60 -62.27 347.14 313.21 8.80 -0.10
0.00 11867.15
205.70 -51.26 -51.62 -67.88 348.72 316.59 9.89 -0.10
0.00 12294.82
191.70 -54.46 -54.72 -68.39 350.68 309.56 11.60 0.00
0.00 12749.34
177.80 -57.76 -57.96 -73.70 352.85 308.52 12.16 0.00
0.00 13227.56
163.80 -60.96 -61.10 -74.24 355.85 306.50 12.08 0.10
0.00 13740.79
149.80 -63.66 -63.76 -74.84 360.41 310.71 11.01 0.10
0.00 14292.20
135.90 -66.06 -9999.00 -9999.00 -9999.00 322.35 8.59 0.10
0.00 14885.93
121.90 -68.36 -9999.00 -9999.00 -9999.00 344.58 5.85 0.10
0.00 15541.30
108.00 -70.06 -9999.00 -9999.00 -9999.00 28.81 4.43 0.00
0.00 16264.04
94.00 -69.16 -9999.00 -9999.00 -9999.00 194.04 3.21 0.00
0.00 17091.21
81.00 -67.26 -9999.00 -9999.00 -9999.00 261.25 2.56 0.00
0.00 17984.12
70.60 -65.76 -9999.00 -9999.00 -9999.00 54.16 4.31 0.00
0.00 18815.32
62.20 -64.26 -9999.00 -9999.00 -9999.00 48.37 11.69 0.00
0.00 19587.10
54.30 -62.66 -9999.00 -9999.00 -9999.00 62.35 18.41 0.00
0.00 20420.82
46.90 -60.66 -9999.00 -9999.00 -9999.00 67.68 19.95 0.00
0.00 21327.78
40.10 -57.66 -9999.00 -9999.00 -9999.00 66.86 24.71 0.00
0.00 22308.95
33.80 -54.76 -9999.00 -9999.00 -9999.00 80.93 28.32 0.00
0.00 23394.29
27.80 -52.56 -9999.00 -9999.00 -9999.00 84.95 28.67 0.00
0.00 24649.85
22.30 -50.06 -9999.00 -9999.00 -9999.00 81.05 32.44 0.00
0.00 26081.35
17.10 -46.76 -9999.00 -9999.00 -9999.00 75.56 39.72 0.00
0.00 27827.98
12.30 -42.96 -50.67 -89.89 808.90 74.64 46.93 0.00
0.00 30029.69

STID = KDAL STNM = 722583 TIME = 200810/0300 
SLAT = 32.84 SLON = -96.85 SELV = 138.0
STIM = 13

SHOW = 0.24 LIFT = -0.87 SWET = 206.59 KINX = 32.69
LCLP = 817.77 PWAT = 41.00 TOTL = 44.72 CAPE = 953.65
LCLT = 289.35 CINS = -132.55 EQLV = 203.16 LFCT = 740.75
BRCH = 31.20

PRES TMPC TMWC DWPC THTE DRCT SKNT OMEG
CFRL HGHT
998.00 33.14 23.42 19.37 350.02 174.51 10.14 0.00
0.00 146.15
994.90 32.94 23.34 19.34 350.16 174.75 16.98 0.10
0.00 174.28
989.50 32.54 23.18 19.29 350.35 175.01 20.09 0.10
0.00 223.43
980.00 31.64 22.85 19.19 350.43 175.39 24.16 0.10
0.00 310.37
966.00 30.54 22.36 18.92 350.49 176.78 27.62 0.00
0.00 439.62
948.00 29.94 21.47 17.79 349.46 178.46 28.96 -0.10
0.00 608.07
926.60 28.64 20.39 16.67 348.28 182.27 24.49 -0.10
0.00 811.82
903.20 26.84 19.23 15.67 347.24 187.63 21.95 -0.10
0.00 1038.83
877.80 24.64 18.07 14.92 346.76 194.44 20.26 -0.10
0.00 1290.26
849.50 22.14 16.69 13.99 346.06 202.15 18.03 -0.10
0.00 1576.79
818.20 19.54 14.78 12.25 344.03 204.93 15.21 0.00
0.00 1902.08
783.90 16.64 12.41 9.95 341.30 207.38 12.26 0.00
0.00 2269.47
746.80 13.04 10.01 8.10 339.53 216.87 9.71 0.10
0.00 2680.53
706.70 10.04 6.34 3.54 334.91 238.17 6.62 0.10
0.00 3142.70
663.80 8.34 1.38 -6.49 328.23 308.66 1.24 0.10
0.00 3661.92
618.00 4.44 -1.81 -10.00 328.30 92.12 5.24 0.10
0.00 4248.06
569.70 0.44 -5.82 -16.66 327.70 95.04 6.62 0.00
0.00 4905.47
523.00 -2.06 -9.47 -30.15 328.52 111.80 3.15 0.00
0.00 5587.79
481.00 -6.16 -12.77 -36.83 330.43 251.57 6.14 -0.10
0.00 6247.24
443.40 -10.76 -15.80 -33.36 333.05 246.45 8.26 -0.20
0.00 6878.04
409.50 -15.26 -19.41 -37.58 334.30 246.64 9.30 -0.20
0.00 7483.84
378.80 -19.86 -22.67 -34.77 336.33 262.03 9.81 -0.10
0.00 8067.02
351.20 -24.56 -26.32 -34.62 337.49 277.28 9.21 0.00
0.00 8622.91
326.30 -29.06 -30.26 -37.25 338.04 296.57 10.86 0.10
0.00 9153.34
303.90 -32.96 -33.97 -41.86 338.86 293.07 11.40 0.20
0.00 9657.54
283.80 -36.06 -37.00 -46.82 340.62 289.33 11.73 0.20
0.00 10135.61
265.70 -39.16 -39.95 -50.54 342.31 301.29 11.60 0.20
0.00 10590.03
248.80 -42.46 -43.11 -54.84 343.68 305.79 10.30 0.20
0.00 11037.00
233.60 -45.46 -45.99 -58.63 345.24 307.88 8.86 0.10
0.00 11459.93
219.60 -48.06 -48.54 -64.44 347.25 312.44 9.21 0.10
0.00 11869.50
205.70 -51.06 -51.43 -67.88 349.04 308.66 9.95 0.00
0.00 12297.46
191.70 -54.26 -54.52 -68.39 351.00 308.05 11.34 0.00
0.00 12752.39
177.80 -57.36 -57.57 -73.70 353.51 307.45 11.50 0.00
0.00 13231.27
163.80 -60.36 -60.51 -74.24 356.86 305.88 11.27 0.00
0.00 13745.71
149.80 -62.96 -63.07 -74.84 361.61 311.82 9.91 0.00
0.00 14298.81
135.90 -65.56 -9999.00 -9999.00 -9999.00 326.69 8.14 -0.10
0.00 14894.25
121.90 -68.36 -9999.00 -9999.00 -9999.00 343.50 5.48 -0.10
0.00 15550.42
108.00 -70.36 -9999.00 -9999.00 -9999.00 8.53 3.92 0.00
0.00 16272.63
94.00 -69.56 -9999.00 -9999.00 -9999.00 241.70 2.87 0.00
0.00 17098.38
81.00 -67.86 -9999.00 -9999.00 -9999.00 311.99 2.62 0.00
0.00 17989.10
70.60 -66.76 -9999.00 -9999.00 -9999.00 51.01 5.24 0.00
0.00 18817.09
62.20 -65.36 -9999.00 -9999.00 -9999.00 52.94 11.93 0.00
0.00 19584.97
54.30 -63.66 -9999.00 -9999.00 -9999.00 68.53 18.57 0.00
0.00 20414.51
46.90 -61.16 -9999.00 -9999.00 -9999.00 67.89 20.12 0.00
0.00 21318.26
40.10 -57.26 -9999.00 -9999.00 -9999.00 68.58 27.12 0.00
0.00 22299.20
33.80 -54.56 -9999.00 -9999.00 -9999.00 81.87 28.85 0.00
0.00 23386.03
27.80 -51.86 -9999.00 -9999.00 -9999.00 82.92 28.38 0.00
0.00 24644.17
22.30 -49.16 -9999.00 -9999.00 -9999.00 77.58 33.41 0.00
0.00 26080.83
17.10 -46.46 -9999.00 -9999.00 -9999.00 76.29 40.99 0.00
0.00 27832.13
12.30 -42.96 -50.67 -89.89 808.90 74.36 45.40 0.00
0.00 30035.29

STID = KDAL STNM = 722583 TIME = 200810/0400 
SLAT = 32.84 SLON = -96.85 SELV = 138.0
STIM = 14

SHOW = 0.01 LIFT = -1.22 SWET = 210.82 KINX = 32.69
LCLP = 854.28 PWAT = 41.31 TOTL = 44.97 CAPE = 1221.61
LCLT = 291.42 CINS = -155.49 EQLV = 190.83 LFCT = 747.84
BRCH = 34.26

PRES TMPC TMWC DWPC THTE DRCT SKNT OMEG
CFRL HGHT
998.30 31.54 23.85 20.79 352.13 180.00 9.52 0.00
0.00 147.01
995.30 31.34 23.75 20.73 352.17 180.00 16.71 0.10
0.00 174.10
989.70 30.94 23.57 20.63 352.25 180.00 19.81 0.00
0.00 224.83
980.30 30.24 23.23 20.42 352.23 180.86 26.03 0.00
0.00 310.47
966.30 29.64 22.69 19.86 352.04 182.92 30.54 0.00
0.00 439.27
948.30 29.44 21.61 18.26 350.08 184.53 31.95 0.00
0.00 607.34
926.80 28.24 20.39 16.87 348.28 185.79 26.94 -0.10
0.00 811.73
903.40 26.64 19.23 15.78 347.24 188.75 23.00 -0.10
0.00 1038.48
878.00 24.44 18.17 15.20 347.17 195.72 20.78 -0.10
0.00 1289.70
849.70 22.04 16.80 14.23 346.48 202.35 18.90 -0.20
0.00 1576.05
818.30 19.44 14.64 12.08 343.52 206.57 16.06 -0.20
0.00 1902.22
784.10 16.64 12.08 9.36 340.09 213.15 11.36 -0.20
0.00 2268.35
746.90 13.24 9.72 7.44 338.53 230.53 8.55 -0.10
0.00 2680.48
706.90 10.04 6.29 3.44 334.72 251.57 4.91 0.00
0.00 3141.50
663.90 8.44 1.33 -6.82 328.05 69.44 1.65 0.10
0.00 3661.89
618.10 4.44 -1.88 -10.26 328.10 105.75 7.87 0.10
0.00 4248.01
569.80 0.64 -5.84 -17.26 327.63 110.92 7.07 0.10
0.00 4905.53
523.10 -1.96 -9.50 -31.26 328.41 132.27 2.89 0.00
0.00 5588.07
481.10 -6.36 -12.69 -33.56 330.64 260.91 4.91 -0.10
0.00 6247.28
443.40 -10.96 -15.89 -32.97 332.87 248.84 6.45 -0.10
0.00 6879.24
409.50 -15.46 -19.62 -38.70 333.89 244.06 7.98 -0.10
0.00 7484.57
378.80 -19.96 -22.76 -34.96 336.16 264.43 8.00 -0.10
0.00 8067.40
351.20 -24.66 -26.30 -33.78 337.54 286.14 7.69 0.00
0.00 8623.07
326.40 -29.16 -30.24 -36.26 338.06 299.88 10.53 0.00
0.00 9151.10
303.90 -32.86 -33.88 -41.86 339.00 292.83 12.00 0.10
0.00 9657.47
283.80 -36.16 -37.06 -46.38 340.52 292.62 12.63 0.10
0.00 10135.55
265.70 -39.26 -40.02 -49.95 342.21 302.55 10.84 0.10
0.00 10589.77
248.80 -42.46 -43.11 -54.84 343.68 307.09 9.98 0.10
0.00 11036.65
233.60 -45.46 -46.02 -60.07 345.20 303.69 9.11 0.00
0.00 11459.58
219.60 -48.26 -48.72 -64.44 346.94 300.96 9.05 0.00
0.00 11868.96
205.70 -51.26 -51.62 -67.88 348.72 299.60 9.83 0.00
0.00 12296.54
191.70 -54.36 -54.62 -68.39 350.84 301.89 10.30 0.00
0.00 12751.17
177.80 -57.36 -57.57 -73.70 353.51 300.62 11.05 0.10
0.00 13229.93
163.80 -60.06 -60.22 -74.24 357.36 300.32 11.93 0.10
0.00 13744.73
149.80 -62.66 -62.78 -74.84 362.13 308.21 11.62 0.10
0.00 14298.62
135.90 -65.36 -9999.00 -9999.00 -9999.00 320.19 9.11 0.00
0.00 14894.77
121.90 -68.26 -9999.00 -9999.00 -9999.00 331.56 5.30 0.00
0.00 15551.42
108.00 -70.46 -9999.00 -9999.00 -9999.00 356.82 3.50 0.00
0.00 16273.62
94.00 -70.26 -9999.00 -9999.00 -9999.00 294.78 2.78 0.00
0.00 17097.75
81.00 -68.96 -9999.00 -9999.00 -9999.00 346.43 5.79 0.00
0.00 17984.55
70.60 -67.26 -9999.00 -9999.00 -9999.00 27.90 7.48 0.00
0.00 18809.32
62.20 -65.16 -9999.00 -9999.00 -9999.00 51.71 14.10 0.00
0.00 19576.64
54.30 -63.86 -9999.00 -9999.00 -9999.00 67.99 19.70 0.00
0.00 20406.18
46.90 -61.36 -9999.00 -9999.00 -9999.00 62.92 19.19 0.00
0.00 21309.07
40.10 -57.16 -9999.00 -9999.00 -9999.00 73.09 25.37 0.00
0.00 22289.78
33.80 -54.56 -9999.00 -9999.00 -9999.00 79.35 26.28 0.00
0.00 23376.87
27.80 -51.56 -9999.00 -9999.00 -9999.00 75.77 28.46 0.00
0.00 24635.87
22.30 -49.46 -9999.00 -9999.00 -9999.00 76.49 35.76 0.00
0.00 26072.53
17.10 -45.66 -9999.00 -9999.00 -9999.00 82.97 42.87 0.00
0.00 27825.77
12.30 -42.66 -50.51 -89.89 809.96 83.12 45.40 0.00
0.00 30034.23

STID = KDAL STNM = 722583 TIME = 200810/0500 
SLAT = 32.84 SLON = -96.85 SELV = 138.0
STIM = 15

SHOW = -0.56 LIFT = -1.66 SWET = 217.40 KINX = 33.41
LCLP = 867.19 PWAT = 42.16 TOTL = 45.59 CAPE = 1387.87
LCLT = 292.17 CINS = -142.32 EQLV = 187.69 LFCT = 756.84
BRCH = 37.34

PRES TMPC TMWC DWPC THTE DRCT SKNT OMEG
CFRL HGHT
998.60 31.04 24.04 21.31 353.05 183.65 9.15 0.00
0.00 147.00
995.60 30.84 23.95 21.25 353.08 184.13 16.16 0.00
0.00 174.04
990.10 30.44 23.77 21.15 353.15 184.09 19.08 0.00
0.00 223.78
980.60 29.84 23.46 20.95 353.30 185.19 25.74 0.00
0.00 310.20
966.60 29.44 22.95 20.35 353.20 187.08 31.51 -0.10
0.00 438.87
948.60 29.04 21.80 18.75 350.91 189.09 34.42 -0.20
0.00 606.77
927.10 27.94 20.55 17.27 348.92 192.76 31.66 -0.30
0.00 810.90
903.70 26.34 19.32 16.08 347.59 193.19 25.54 -0.40
0.00 1037.39
878.30 24.24 18.25 15.43 347.46 195.60 22.38 -0.50
0.00 1288.35
849.90 21.74 17.08 14.84 347.58 201.58 19.02 -0.50
0.00 1575.44
818.60 19.14 14.86 12.61 344.29 208.35 16.78 -0.50
0.00 1900.23
784.30 16.44 12.31 9.89 340.87 218.66 11.19 -0.50
0.00 2267.08
747.10 13.14 9.83 7.71 338.87 235.84 6.57 -0.40
0.00 2678.95
707.00 9.84 6.32 3.66 334.80 270.00 2.72 -0.20
0.00 3140.82
664.00 8.44 1.20 -7.23 327.69 78.11 3.77 0.10
0.00 3660.95
618.20 4.54 -1.98 -10.80 327.82 109.65 8.66 0.20
0.00 4247.05
569.90 1.04 -5.86 -18.55 327.49 119.36 7.13 0.20
0.00 4904.99
523.20 -1.96 -9.55 -32.06 328.24 135.00 2.47 0.10
0.00 5587.86
481.10 -6.66 -12.73 -31.57 330.64 276.34 3.52 0.00
0.00 6248.22
443.40 -11.16 -15.99 -32.60 332.69 244.54 4.53 0.00
0.00 6879.61
409.60 -15.46 -19.64 -39.00 333.83 239.04 6.80 0.00
0.00 7482.85
378.90 -19.96 -22.76 -34.96 336.14 261.63 6.68 0.00
0.00 8065.53
351.20 -24.66 -26.22 -33.15 337.68 282.34 6.37 0.10
0.00 8623.14
326.40 -29.06 -30.28 -37.46 337.97 286.80 10.76 0.10
0.00 9151.27
304.00 -32.76 -33.93 -43.80 338.88 286.19 12.55 0.10
0.00 9655.50
283.80 -36.06 -37.02 -47.28 340.58 287.53 11.62 0.10
0.00 10136.07
265.70 -39.06 -39.84 -49.95 342.50 292.89 9.48 0.10
0.00 10590.58
248.80 -42.36 -43.00 -53.96 343.87 300.17 9.65 0.10
0.00 11037.75
233.60 -45.46 -45.99 -58.63 345.24 295.41 8.61 0.00
0.00 11460.78
219.60 -48.26 -48.70 -62.27 346.98 286.82 8.72 0.00
0.00 11870.16
205.70 -51.26 -51.60 -64.93 348.77 286.26 9.71 0.00
0.00 12297.74
191.70 -54.16 -54.43 -68.39 351.16 289.80 10.31 0.10
0.00 12752.57
177.80 -56.96 -57.18 -73.70 354.16 293.68 12.08 0.10
0.00 13232.00
163.80 -59.76 -59.92 -74.24 357.86 299.05 14.01 0.00
0.00 13747.64
149.80 -62.56 -62.68 -74.84 362.30 307.04 12.90 0.00
0.00 14302.05
135.90 -65.46 -9999.00 -9999.00 -9999.00 318.95 7.98 0.00
0.00 14898.20
121.90 -68.46 -9999.00 -9999.00 -9999.00 328.57 4.10 0.00
0.00 15554.37
108.00 -70.66 -9999.00 -9999.00 -9999.00 347.47 3.57 0.00
0.00 16275.87
94.00 -70.26 -9999.00 -9999.00 -9999.00 308.29 4.70 0.00
0.00 17099.59
81.00 -68.56 -9999.00 -9999.00 -9999.00 358.26 6.41 0.00
0.00 17987.27
70.60 -66.56 -9999.00 -9999.00 -9999.00 47.82 8.39 0.00
0.00 18814.24
62.20 -64.96 -9999.00 -9999.00 -9999.00 61.97 16.94 0.00
0.00 19583.24
54.30 -63.46 -9999.00 -9999.00 -9999.00 70.82 18.92 0.00
0.00 20413.97
46.90 -60.56 -9999.00 -9999.00 -9999.00 72.65 19.54 0.00
0.00 21319.44
40.10 -57.66 -9999.00 -9999.00 -9999.00 83.26 24.84 0.00
0.00 22300.83
33.80 -54.46 -9999.00 -9999.00 -9999.00 74.11 27.66 0.00
0.00 23386.92
27.80 -52.16 -9999.00 -9999.00 -9999.00 69.59 35.64 0.00
0.00 24644.48
22.30 -50.66 -9999.00 -9999.00 -9999.00 73.22 38.34 0.00
0.00 26075.34
17.10 -45.66 -9999.00 -9999.00 -9999.00 82.87 40.71 0.00
0.00 27823.92
12.30 -42.96 -50.67 -89.89 808.90 87.02 41.05 0.00
0.00 30030.93

STID = KDAL STNM = 722583 TIME = 200810/0600 
SLAT = 32.84 SLON = -96.85 SELV = 138.0
STIM = 16

SHOW = -0.94 LIFT = -2.10 SWET = 220.14 KINX = 32.07
LCLP = 880.17 PWAT = 42.88 TOTL = 45.99 CAPE = 1549.79
LCLT = 292.96 CINS = -125.08 EQLV = 185.04 LFCT = 768.27
BRCH = 37.91

PRES TMPC TMWC DWPC THTE DRCT SKNT OMEG
CFRL HGHT
998.30 30.54 24.27 21.86 354.20 181.06 10.49 0.00
0.00 146.99
995.30 30.44 24.19 21.79 354.33 181.27 17.48 0.00
0.00 174.01
989.80 29.94 23.98 21.69 354.27 181.62 20.59 0.00
0.00 223.71
980.30 29.34 23.66 21.46 354.32 182.47 27.02 0.00
0.00 310.04
966.30 28.44 23.09 20.99 353.99 184.45 32.54 -0.10
0.00 438.48
948.20 27.64 21.96 19.62 351.77 186.82 35.99 -0.20
0.00 606.77
926.80 26.54 20.66 18.12 349.56 190.58 35.96 -0.40
0.00 809.18
903.40 25.44 19.46 16.75 348.27 198.32 30.28 -0.40
0.00 1034.96
878.00 23.84 18.38 15.85 348.08 204.99 22.07 -0.30
0.00 1285.53
849.60 21.44 17.22 15.22 348.23 206.85 17.64 -0.30
0.00 1572.44
818.30 18.84 15.16 13.27 345.50 212.24 14.94 -0.20
0.00 1897.09
784.00 16.14 12.52 10.45 341.70 228.27 9.63 -0.10
0.00 2263.80
746.80 12.94 9.93 8.02 339.26 249.78 3.92 0.10
0.00 2675.54
706.70 10.24 5.92 2.51 333.63 360.00 1.17 0.30
0.00 3137.72
663.80 8.94 0.94 -8.96 326.97 95.71 5.85 0.30
0.00 3657.50
618.00 4.94 -2.07 -11.91 327.58 123.69 9.81 0.20
0.00 4244.61
569.80 1.24 -5.97 -19.81 327.22 135.91 8.66 0.00
0.00 4901.99
523.10 -2.06 -9.66 -32.70 328.03 157.17 4.00 -0.20
0.00 5585.07
481.00 -6.86 -12.76 -30.52 330.62 260.54 2.37 -0.20
0.00 6245.20
443.40 -11.36 -16.11 -32.41 332.47 226.74 4.53 -0.20
0.00 6874.51
409.50 -15.56 -19.67 -38.41 333.80 232.25 7.61 -0.20
0.00 7479.27
378.80 -20.06 -22.78 -34.39 336.14 249.62 7.25 -0.10
0.00 8061.88
351.20 -24.76 -26.30 -33.15 337.55 263.99 7.42 -0.10
0.00 8617.33
326.40 -29.16 -30.40 -37.88 337.76 275.19 12.88 -0.10
0.00 9145.25
303.90 -33.06 -34.16 -43.45 338.53 281.14 13.07 -0.10
0.00 9651.40
283.80 -36.06 -37.09 -48.80 340.46 282.43 11.73 0.00
0.00 10129.36
265.70 -39.16 -39.90 -49.38 342.40 286.09 10.51 0.00
0.00 10583.77
248.80 -42.46 -43.09 -53.96 343.72 295.64 10.78 0.00
0.00 11030.75
233.60 -45.46 -45.99 -58.63 345.24 291.80 9.42 0.00
0.00 11453.68
219.60 -48.16 -48.60 -62.27 347.14 284.04 10.41 0.10
0.00 11863.15
205.70 -51.06 -51.43 -67.88 349.04 286.34 11.73 0.10
0.00 12291.02
191.70 -53.96 -54.26 -73.19 351.44 290.66 12.67 0.10
0.00 12746.26
177.80 -56.66 -56.89 -73.70 354.65 298.61 14.61 0.10
0.00 13226.24
163.80 -59.76 -59.92 -74.24 357.86 307.44 15.66 0.00
0.00 13742.24
149.80 -62.76 -62.88 -74.84 361.96 311.35 12.94 0.00
0.00 14296.39
135.90 -65.56 -9999.00 -9999.00 -9999.00 320.39 7.30 0.00
0.00 14892.11
121.90 -68.66 -9999.00 -9999.00 -9999.00 320.53 4.27 0.00
0.00 15547.80
108.00 -70.76 -9999.00 -9999.00 -9999.00 319.09 3.85 0.00
0.00 16268.77
94.00 -69.96 -9999.00 -9999.00 -9999.00 296.57 4.35 0.00
0.00 17092.90
81.00 -67.76 -9999.00 -9999.00 -9999.00 17.10 5.28 0.00
0.00 17982.97
70.60 -65.76 -9999.00 -9999.00 -9999.00 50.63 9.79 0.00
0.00 18813.16
62.20 -64.56 -9999.00 -9999.00 -9999.00 70.13 17.15 0.00
0.00 19584.38
54.30 -62.66 -9999.00 -9999.00 -9999.00 83.96 16.61 0.00
0.00 20417.50
46.90 -59.16 -9999.00 -9999.00 -9999.00 77.94 20.45 0.00
0.00 21327.69
40.10 -57.36 -9999.00 -9999.00 -9999.00 81.45 26.13 0.00
0.00 22312.98
33.80 -54.56 -9999.00 -9999.00 -9999.00 70.17 30.36 0.00
0.00 23399.57
27.80 -52.76 -9999.00 -9999.00 -9999.00 70.18 35.51 0.00
0.00 24655.13
22.30 -50.96 -9999.00 -9999.00 -9999.00 71.76 36.62 0.00
0.00 26083.08
17.10 -47.26 -9999.00 -9999.00 -9999.00 79.80 37.30 0.00
0.00 27824.28
12.30 -43.76 -51.10 -89.89 806.09 87.09 38.33 0.00
0.00 30019.71

STID = KDAL STNM = 722583 TIME = 200810/0700 
SLAT = 32.84 SLON = -96.85 SELV = 138.0
STIM = 17

SHOW = -0.93 LIFT = -1.42 SWET = 217.12 KINX = 29.06
LCLP = 879.59 PWAT = 41.04 TOTL = 46.44 CAPE = 1038.71
LCLT = 292.31 CINS = -187.62 EQLV = 202.99 LFCT = 641.31
BRCH = 27.40

PRES TMPC TMWC DWPC THTE DRCT SKNT OMEG
CFRL HGHT
998.40 29.94 23.69 21.22 351.47 185.10 10.92 0.00
0.00 147.86
995.40 29.84 23.60 21.13 351.54 185.53 18.14 0.00
0.00 174.82
989.90 29.34 23.38 21.00 351.39 186.23 21.50 0.00
0.00 224.39
980.40 28.64 22.99 20.71 351.14 187.49 26.85 -0.10
0.00 310.49
966.40 27.64 22.36 20.20 350.59 190.09 32.17 -0.20
0.00 438.54
948.40 26.84 21.13 18.67 348.06 193.29 36.32 -0.30
0.00 605.35
927.00 26.54 19.69 16.52 345.33 198.92 36.56 -0.30
0.00 807.31
903.60 25.64 19.01 15.90 346.31 206.73 29.37 -0.40
0.00 1032.97
878.20 23.84 18.19 15.52 347.21 213.96 22.96 -0.40
0.00 1283.50
849.80 21.44 16.89 14.68 346.84 215.33 18.80 -0.40
0.00 1570.28
818.40 18.74 14.96 12.99 344.71 217.48 14.69 -0.40
0.00 1895.79
784.20 16.14 12.63 10.63 342.05 229.84 8.14 -0.30
0.00 2261.29
747.00 13.04 9.78 7.68 338.71 236.31 2.10 0.00
0.00 2672.99
706.90 11.04 5.25 0.24 331.54 81.25 2.56 0.10
0.00 3135.60
664.00 9.34 0.72 -10.57 326.29 115.97 8.43 0.00
0.00 3656.12
618.20 4.84 -2.19 -12.21 327.24 138.29 11.97 -0.10
0.00 4243.28
569.90 0.74 -6.05 -18.70 327.07 153.95 9.73 -0.20
0.00 4901.16
523.20 -2.66 -9.97 -32.06 327.40 175.91 5.46 -0.20
0.00 5582.78
481.10 -7.26 -13.04 -30.86 330.03 236.31 2.10 -0.10
0.00 6241.55
443.50 -11.66 -16.27 -32.05 332.14 226.74 4.53 -0.10
0.00 6869.89
409.60 -15.66 -19.60 -36.32 333.95 240.26 7.83 0.00
0.00 7474.06
378.90 -20.16 -22.76 -33.50 336.17 253.69 8.29 0.00
0.00 8056.31
351.20 -24.86 -26.42 -33.46 337.34 262.03 9.81 -0.10
0.00 8613.49
326.40 -29.46 -30.59 -37.25 337.46 276.43 13.87 -0.10
0.00 9140.98
304.00 -33.26 -34.27 -42.46 338.33 280.98 13.25 -0.10
0.00 9644.28
283.80 -36.06 -37.16 -50.62 340.34 280.62 12.65 -0.10
0.00 10124.34
265.70 -39.26 -40.04 -50.54 342.17 281.69 11.50 0.00
0.00 10578.65
248.80 -42.56 -43.18 -53.96 343.57 289.06 11.31 0.00
0.00 11025.44
233.60 -45.36 -45.90 -58.63 345.39 284.30 10.22 0.00
0.00 11448.37
219.60 -48.06 -48.54 -64.44 347.25 284.04 12.00 0.00
0.00 11858.02
205.70 -51.06 -51.43 -67.88 349.04 288.70 13.33 0.00
0.00 12285.98
191.70 -53.96 -54.26 -73.19 351.44 291.80 13.60 0.00
0.00 12741.22
177.80 -56.86 -57.08 -73.70 354.33 300.83 14.02 0.00
0.00 13220.98
163.80 -59.86 -60.02 -74.24 357.70 309.02 14.51 0.00
0.00 13736.62
149.80 -62.96 -63.07 -74.84 361.61 316.12 14.01 -0.10
0.00 14290.37
135.90 -66.16 -9999.00 -9999.00 -9999.00 322.43 9.56 -0.10
0.00 14884.96
121.90 -69.36 -9999.00 -9999.00 -9999.00 318.50 6.74 0.00
0.00 15538.58
108.00 -70.96 -9999.00 -9999.00 -9999.00 305.13 6.41 0.00
0.00 16257.95
94.00 -69.26 -9999.00 -9999.00 -9999.00 293.96 5.73 0.00
0.00 17083.10
81.00 -67.16 -9999.00 -9999.00 -9999.00 29.48 5.13 0.00
0.00 17976.00
70.60 -65.96 -9999.00 -9999.00 -9999.00 57.89 11.69 0.00
0.00 18807.00
62.20 -65.36 -9999.00 -9999.00 -9999.00 79.99 16.76 0.00
0.00 19576.37
54.30 -62.86 -9999.00 -9999.00 -9999.00 86.42 15.58 0.00
0.00 20407.50
46.90 -59.06 -9999.00 -9999.00 -9999.00 79.79 21.91 0.00
0.00 21317.47
40.10 -57.26 -9999.00 -9999.00 -9999.00 80.12 26.03 0.00
0.00 22303.22
33.80 -55.16 -9999.00 -9999.00 -9999.00 79.18 31.04 0.00
0.00 23388.56
27.80 -53.36 -9999.00 -9999.00 -9999.00 77.33 33.64 0.00
0.00 24640.69
22.30 -50.86 -9999.00 -9999.00 -9999.00 72.21 38.15 0.00
0.00 26067.03
17.10 -48.06 -9999.00 -9999.00 -9999.00 77.44 38.40 0.00
0.00 27805.50
12.30 -44.16 -51.32 -89.89 804.69 81.21 38.13 0.00
0.00 29995.15

STID = KDAL STNM = 722583 TIME = 200810/0800 
SLAT = 32.84 SLON = -96.85 SELV = 138.0
STIM = 18

SHOW = -0.16 LIFT = -0.77 SWET = 204.54 KINX = 26.11
LCLP = 877.13 PWAT = 39.31 TOTL = 45.67 CAPE = 671.11
LCLT = 291.41 CINS = -268.12 EQLV = 226.51 LFCT = 626.73
BRCH = 20.28

PRES TMPC TMWC DWPC THTE DRCT SKNT OMEG
CFRL HGHT
998.30 29.24 22.95 20.35 348.07 188.43 10.61 0.00
0.00 147.84
995.30 29.04 22.84 20.27 348.05 189.36 17.91 0.00
0.00 174.71
989.80 28.64 22.64 20.15 348.06 190.07 21.11 0.00
0.00 224.14
980.30 27.94 22.29 19.92 348.00 191.56 26.17 -0.10
0.00 310.01
966.30 26.94 21.70 19.48 347.68 194.38 31.27 -0.20
0.00 437.72
948.40 26.44 20.74 18.22 346.35 199.74 35.08 -0.30
0.00 603.26
926.90 26.34 19.50 16.29 344.54 208.00 34.75 -0.30
0.00 805.93
903.50 25.24 18.47 15.19 344.12 214.33 28.92 -0.30
0.00 1031.34
878.10 23.54 17.58 14.65 344.74 215.71 22.96 -0.30
0.00 1281.51
849.70 21.34 16.28 13.71 344.40 215.39 18.10 -0.20
0.00 1568.00
818.40 18.84 14.55 12.25 343.15 216.69 12.35 -0.20
0.00 1892.37
784.20 16.04 12.47 10.42 341.49 214.82 5.44 0.00
0.00 2257.79
747.00 13.24 9.33 6.72 337.23 147.53 2.53 0.10
0.00 2669.47
706.90 11.64 4.74 -1.67 330.02 109.03 5.96 0.10
0.00 3132.55
664.00 9.14 0.70 -10.28 326.25 128.81 11.46 0.00
0.00 3653.34
618.20 4.54 -2.36 -12.26 326.85 155.77 12.78 0.00
0.00 4239.99
569.90 0.34 -6.18 -18.17 326.82 178.83 9.52 0.00
0.00 4897.04
523.20 -2.86 -10.17 -33.15 326.97 200.32 5.59 0.00
0.00 5577.91
481.10 -7.36 -13.12 -31.03 329.87 228.81 2.06 0.00
0.00 6236.30
443.50 -11.66 -16.27 -32.05 332.14 220.36 5.09 -0.10
0.00 6864.53
409.60 -15.76 -19.48 -33.98 334.22 244.72 7.73 -0.10
0.00 7468.60
378.90 -20.26 -22.68 -32.21 336.32 254.05 8.49 -0.10
0.00 8050.66
351.20 -24.96 -26.52 -33.62 337.16 261.72 10.80 -0.10
0.00 8607.62
326.40 -29.76 -30.81 -37.04 337.08 271.82 12.24 -0.10
0.00 9134.68
304.00 -33.46 -34.44 -42.46 338.05 280.22 12.04 0.00
0.00 9637.47
283.80 -36.16 -37.24 -50.62 340.19 282.53 12.53 0.10
0.00 10117.22
265.70 -39.16 -40.04 -53.41 342.15 278.39 11.99 0.10
0.00 10571.53
248.80 -42.46 -43.13 -55.81 343.63 283.19 12.76 0.10
0.00 11018.50
233.60 -45.16 -45.76 -61.80 345.61 286.06 13.34 0.10
0.00 11441.70
219.60 -48.06 -48.56 -67.41 347.20 289.21 13.58 0.10
0.00 11851.53
205.70 -51.06 -51.43 -67.88 349.04 290.19 14.06 0.10
0.00 12279.49
191.70 -53.76 -54.07 -73.19 351.76 291.52 14.82 0.10
0.00 12734.94
177.80 -56.66 -56.89 -73.70 354.65 299.74 15.66 0.00
0.00 13215.13
163.80 -59.86 -60.02 -74.24 357.70 308.44 15.62 0.00
0.00 13731.01
149.80 -63.36 -63.47 -74.84 360.92 315.54 14.70 -0.10
0.00 14284.25
135.90 -66.56 -66.63 -75.48 365.45 315.76 10.30 -0.10
0.00 14877.70
121.90 -69.76 -9999.00 -9999.00 -9999.00 304.11 7.26 -0.10
0.00 15530.04
108.00 -71.56 -9999.00 -9999.00 -9999.00 299.05 8.00 0.00
0.00 16247.65
94.00 -70.06 -9999.00 -9999.00 -9999.00 304.70 6.14 0.00
0.00 17069.94
81.00 -67.36 -9999.00 -9999.00 -9999.00 40.24 6.62 0.00
0.00 17960.67
70.60 -65.86 -9999.00 -9999.00 -9999.00 73.07 14.01 0.00
0.00 18791.47
62.20 -65.16 -9999.00 -9999.00 -9999.00 91.33 16.71 0.00
0.00 19561.39
54.30 -62.06 -9999.00 -9999.00 -9999.00 85.91 16.36 0.00
0.00 20394.51
46.90 -59.76 -9999.00 -9999.00 -9999.00 84.81 21.46 0.00
0.00 21304.69
40.10 -58.16 -9999.00 -9999.00 -9999.00 83.82 23.45 0.00
0.00 22286.78
33.80 -55.66 -9999.00 -9999.00 -9999.00 84.49 28.30 0.00
0.00 23368.61
27.80 -52.56 -9999.00 -9999.00 -9999.00 80.21 33.12 0.00
0.00 24621.60
22.30 -50.76 -9999.00 -9999.00 -9999.00 75.00 39.01 0.00
0.00 26050.84
17.10 -47.56 -9999.00 -9999.00 -9999.00 75.69 40.09 0.00
0.00 27791.64
12.30 -44.16 -9999.00 -9999.00 -9999.00 82.91 39.34 0.00
0.00 29983.70

STID = KDAL STNM = 722583 TIME = 200810/0900 
SLAT = 32.84 SLON = -96.85 SELV = 138.0
STIM = 19

SHOW = 0.52 LIFT = -0.48 SWET = 193.08 KINX = 27.38
LCLP = 886.56 PWAT = 39.06 TOTL = 44.95 CAPE = 581.37
LCLT = 291.52 CINS = -275.12 EQLV = 233.12 LFCT = 633.75
BRCH = 21.82

PRES TMPC TMWC DWPC THTE DRCT SKNT OMEG
CFRL HGHT
998.40 28.44 22.69 20.29 346.93 190.41 9.67 0.00
0.00 146.92
995.40 28.34 22.62 20.23 347.08 191.58 16.45 0.00
0.00 173.72
989.90 27.94 22.44 20.13 347.14 192.09 19.46 0.00
0.00 223.03
980.40 27.24 22.10 19.93 347.17 193.71 24.59 -0.10
0.00 308.70
966.40 26.24 21.56 19.56 347.05 197.24 29.49 -0.30
0.00 436.09
948.40 25.84 20.67 18.39 346.09 203.24 32.98 -0.40
0.00 602.20
926.90 26.34 19.36 16.05 343.95 210.72 31.18 -0.40
0.00 804.66
903.50 25.64 18.16 14.44 342.85 213.06 24.57 -0.40
0.00 1030.18
878.10 23.74 17.11 13.73 342.85 213.11 21.33 -0.40
0.00 1280.50
849.80 21.44 15.84 12.90 342.67 212.66 17.99 -0.50
0.00 1566.00
818.50 18.94 14.19 11.57 341.78 208.81 13.31 -0.50
0.00 1890.33
784.20 16.04 12.36 10.22 341.07 192.99 7.77 -0.50
0.00 2256.79
747.00 12.94 9.41 7.09 337.52 157.52 6.10 -0.40
0.00 2668.27
707.00 11.04 4.99 -0.39 330.76 131.99 7.85 -0.30
0.00 3129.53
664.00 8.34 0.81 -8.40 326.66 141.19 11.46 -0.20
0.00 3650.35
618.20 4.24 -2.37 -11.71 326.85 170.87 11.01 -0.10
0.00 4235.94
570.00 0.14 -6.41 -18.85 326.27 202.38 7.15 -0.10
0.00 4890.99
523.20 -2.86 -10.24 -34.35 326.79 231.84 3.46 -0.10
0.00 5572.97
481.10 -7.36 -13.12 -31.03 329.87 225.00 1.11 -0.10
0.00 6231.35
443.50 -11.56 -16.26 -32.60 332.15 225.00 6.04 -0.10
0.00 6859.69
409.60 -15.76 -19.25 -31.71 334.70 247.69 8.20 0.00
0.00 7463.90
378.90 -20.36 -22.61 -31.05 336.48 248.88 9.17 0.00
0.00 8045.88
351.20 -25.16 -26.67 -33.62 336.89 250.56 10.51 0.00
0.00 8602.53
326.40 -29.76 -30.92 -38.10 336.89 255.47 10.84 0.00
0.00 9129.36
303.90 -33.16 -34.34 -44.93 338.23 270.99 11.27 0.10
0.00 9634.77
283.80 -35.96 -37.05 -49.97 340.52 274.97 13.46 0.10
0.00 10112.72
265.70 -38.96 -39.89 -54.29 342.40 273.87 14.41 0.00
0.00 10567.41
248.80 -42.36 -43.07 -56.89 343.74 283.50 14.98 0.00
0.00 11014.66
233.60 -45.16 -45.79 -63.98 345.57 291.94 15.07 0.00
0.00 11437.96
219.60 -47.96 -48.47 -67.41 347.36 293.01 15.40 0.00
0.00 11847.88
205.70 -51.06 -51.43 -67.88 349.04 293.55 16.53 0.00
0.00 12275.93
191.70 -54.16 -54.45 -73.19 351.12 296.85 17.64 0.00
0.00 12730.97
177.80 -57.26 -57.47 -73.70 353.67 301.73 17.37 0.00
0.00 13210.06
163.80 -60.36 -60.51 -74.24 356.86 308.23 16.32 -0.10
0.00 13724.62
149.80 -63.76 -63.86 -74.84 360.24 315.51 15.52 -0.10
0.00 14276.68
135.90 -67.26 -67.32 -75.48 364.21 320.31 11.87 0.00
0.00 14868.56
121.90 -70.26 -9999.00 -9999.00 -9999.00 311.19 8.26 0.00
0.00 15519.00
108.00 -71.66 -9999.00 -9999.00 -9999.00 304.00 10.08 0.00
0.00 16235.53
94.00 -69.26 -9999.00 -9999.00 -9999.00 307.88 6.64 0.00
0.00 17059.25
81.00 -66.76 -9999.00 -9999.00 -9999.00 67.01 6.95 0.00
0.00 17953.03
70.60 -66.86 -9999.00 -9999.00 -9999.00 90.75 14.76 0.00
0.00 18783.02
62.20 -64.76 -9999.00 -9999.00 -9999.00 102.36 14.51 0.00
0.00 19551.83
54.30 -61.36 -9999.00 -9999.00 -9999.00 88.71 17.29 0.00
0.00 20387.14
46.90 -59.56 -9999.00 -9999.00 -9999.00 88.36 20.40 0.00
0.00 21299.25
40.10 -58.26 -9999.00 -9999.00 -9999.00 92.10 21.19 0.00
0.00 22281.57
33.80 -55.26 -9999.00 -9999.00 -9999.00 89.58 26.22 0.00
0.00 23364.15
27.80 -52.86 -9999.00 -9999.00 -9999.00 83.29 33.26 0.00
0.00 24617.43
22.30 -51.16 -9999.00 -9999.00 -9999.00 77.05 39.86 0.00
0.00 26044.41
17.10 -47.46 -9999.00 -9999.00 -9999.00 80.18 41.01 0.00
0.00 27784.05
12.30 -43.86 -9999.00 -9999.00 -9999.00 77.59 39.78 0.00
0.00 29978.04

STID = KDAL STNM = 722583 TIME = 200810/1000 
SLAT = 32.84 SLON = -96.85 SELV = 138.0
STIM = 20

SHOW = 0.67 LIFT = -0.54 SWET = 187.97 KINX = 29.88
LCLP = 897.32 PWAT = 39.49 TOTL = 44.91 CAPE = 572.74
LCLT = 291.93 CINS = -247.17 EQLV = 235.91 LFCT = 652.67
BRCH = 28.80

PRES TMPC TMWC DWPC THTE DRCT SKNT OMEG
CFRL HGHT
998.60 27.84 22.67 20.51 346.81 191.31 7.93 0.00
0.00 146.90
995.60 27.74 22.60 20.45 346.96 192.36 14.51 0.00
0.00 173.65
990.10 27.24 22.38 20.35 346.90 193.09 17.15 0.00
0.00 222.85
980.60 26.64 22.07 20.15 347.04 195.12 22.34 -0.20
0.00 308.32
966.60 25.84 21.54 19.70 346.93 199.46 27.41 -0.30
0.00 435.49
948.60 25.64 20.49 18.19 345.28 205.60 31.02 -0.50
0.00 601.39
927.10 26.04 19.21 15.95 343.32 212.13 29.58 -0.60
0.00 803.63
903.70 25.44 18.16 14.54 342.81 213.69 23.12 -0.70
0.00 1028.91
878.40 23.64 16.96 13.52 342.22 210.67 19.42 -0.70
0.00 1278.04
850.00 21.34 15.61 12.56 341.77 207.73 17.11 -0.70
0.00 1564.34
818.70 18.74 13.95 11.27 340.87 200.46 13.89 -0.70
0.00 1888.38
784.40 15.84 12.15 9.99 340.33 183.30 10.12 -0.50
0.00 2254.46
747.20 12.54 9.63 7.76 338.22 162.80 8.55 -0.30
0.00 2665.43
707.10 10.14 5.42 1.50 332.06 149.04 9.05 -0.20
0.00 3126.86
664.20 7.64 1.05 -6.48 327.35 156.37 10.18 -0.10
0.00 3645.08
618.30 3.94 -2.52 -11.71 326.47 187.43 9.01 0.00
0.00 4230.85
570.00 0.04 -6.64 -19.81 325.75 235.30 6.14 0.00
0.00 4886.70
523.30 -3.06 -10.35 -34.10 326.57 261.87 4.12 -0.10
0.00 5566.76
481.20 -7.56 -13.31 -31.75 329.46 228.37 2.33 -0.10
0.00 6224.52
443.50 -11.86 -16.47 -32.78 331.74 229.57 6.90 -0.10
0.00 6853.85
409.60 -15.96 -19.28 -30.80 334.66 247.69 8.20 0.00
0.00 7457.48
378.90 -20.46 -22.61 -30.51 336.49 243.97 9.30 0.10
0.00 8039.14
351.20 -25.16 -26.75 -34.28 336.75 239.38 11.05 0.10
0.00 8595.68
326.40 -29.56 -30.92 -40.05 336.87 247.83 11.32 0.00
0.00 9122.71
304.00 -33.06 -34.29 -45.76 338.26 273.63 12.26 0.00
0.00 9626.09
283.80 -36.06 -37.13 -49.97 340.38 279.46 15.37 -0.10
0.00 10106.33
265.70 -39.16 -40.09 -55.27 342.07 282.99 15.54 -0.10
0.00 10560.73
248.80 -42.36 -43.11 -59.58 343.65 290.05 15.31 -0.10
0.00 11007.79
233.60 -45.16 -45.79 -63.98 345.57 301.73 17.37 -0.10
0.00 11431.08
219.60 -48.16 -48.65 -67.41 347.05 304.03 18.05 -0.10
0.00 11840.82
205.70 -51.36 -51.72 -67.88 348.56 302.85 18.26 -0.10
0.00 12268.40
191.70 -54.46 -54.72 -68.39 350.68 303.86 18.47 0.00
0.00 12722.82
177.80 -57.56 -57.76 -73.70 353.18 307.72 18.41 0.00
0.00 13201.25
163.80 -60.66 -60.80 -74.24 356.36 313.09 16.49 0.00
0.00 13715.09
149.80 -63.86 -63.96 -74.84 360.06 318.18 14.86 0.00
0.00 14266.62
135.90 -67.36 -67.42 -75.48 364.03 322.94 11.93 0.00
0.00 14858.22
121.90 -70.16 -9999.00 -9999.00 -9999.00 308.85 8.97 0.00
0.00 15508.66
108.00 -71.16 -9999.00 -9999.00 -9999.00 306.66 10.41 0.00
0.00 16226.26
94.00 -68.26 -9999.00 -9999.00 -9999.00 317.73 5.77 0.00
0.00 17053.02
81.00 -66.66 -9999.00 -9999.00 -9999.00 80.79 7.28 0.00
0.00 17949.20
70.60 -66.66 -9999.00 -9999.00 -9999.00 98.97 11.21 0.00
0.00 18779.80
62.20 -64.16 -9999.00 -9999.00 -9999.00 113.32 12.28 0.00
0.00 19550.09
54.30 -61.46 -9999.00 -9999.00 -9999.00 83.42 15.25 0.00
0.00 20386.39
46.90 -59.36 -9999.00 -9999.00 -9999.00 86.39 18.49 0.00
0.00 21298.72
40.10 -57.36 -9999.00 -9999.00 -9999.00 94.67 19.09 0.00
0.00 22283.55
33.80 -55.16 -9999.00 -9999.00 -9999.00 93.52 25.29 0.00
0.00 23368.64
27.80 -53.86 -9999.00 -9999.00 -9999.00 85.96 33.10 0.00
0.00 24619.34
22.30 -51.66 -9999.00 -9999.00 -9999.00 80.45 39.78 0.00
0.00 26041.48
17.10 -46.86 -9999.00 -9999.00 -9999.00 76.35 41.98 0.00
0.00 27781.51
12.30 -43.26 -9999.00 -9999.00 -9999.00 73.67 43.51 0.00
0.00 29981.28

STID = KDAL STNM = 722583 TIME = 200810/1100 
SLAT = 32.84 SLON = -96.85 SELV = 138.0
STIM = 21

SHOW = 0.67 LIFT = -0.52 SWET = 185.83 KINX = 30.77
LCLP = 908.40 PWAT = 39.66 TOTL = 44.81 CAPE = 573.56
LCLT = 292.34 CINS = -235.28 EQLV = 237.81 LFCT = 711.56
BRCH = 36.82

PRES TMPC TMWC DWPC THTE DRCT SKNT OMEG
CFRL HGHT
999.00 27.24 22.64 20.73 346.66 185.04 6.62 0.00
0.00 146.88
996.00 27.14 22.57 20.67 346.82 187.77 12.94 0.00
0.00 173.57
990.50 26.74 22.39 20.57 346.87 189.46 15.37 -0.10
0.00 222.66
981.00 26.04 22.04 20.36 346.86 193.12 20.55 -0.20
0.00 307.95
967.00 25.24 21.52 19.93 346.80 198.57 25.62 -0.40
0.00 434.84
949.00 25.14 20.37 18.23 344.73 206.22 29.02 -0.60
0.00 600.37
927.50 25.84 19.07 15.81 342.69 211.74 26.96 -0.70
0.00 802.28
904.10 25.04 18.13 14.70 342.65 211.05 22.22 -0.80
0.00 1027.23
878.70 23.24 16.99 13.80 342.32 206.83 18.51 -0.80
0.00 1276.94
850.40 20.94 15.55 12.69 341.51 202.46 15.77 -0.80
0.00 1561.75
819.00 18.64 13.85 11.16 340.47 195.48 13.09 -0.60
0.00 1886.42
784.70 15.74 11.93 9.66 339.50 180.00 11.07 -0.40
0.00 2252.20
747.50 12.44 9.54 7.65 337.84 165.96 9.62 -0.20
0.00 2662.83
707.40 9.74 5.57 2.20 332.48 167.83 10.14 -0.10
0.00 3123.70
664.30 7.24 1.15 -5.62 327.62 180.00 9.71 0.00
0.00 3643.53
618.50 3.84 -2.79 -12.57 325.78 209.05 8.00 0.00
0.00 4227.38
570.20 0.04 -6.75 -20.49 325.44 257.47 5.38 0.00
0.00 4882.84
523.40 -3.16 -10.39 -33.85 326.47 289.44 3.50 0.00
0.00 5564.03
481.30 -7.66 -13.39 -31.94 329.28 214.99 2.37 0.00
0.00 6221.41
443.60 -12.06 -16.61 -32.78 331.46 227.49 6.33 0.00
0.00 6850.25
409.60 -16.06 -19.26 -30.10 334.70 249.27 7.69 0.00
0.00 7455.25
378.90 -20.46 -22.63 -30.65 336.46 245.38 10.26 0.00
0.00 8036.80
351.30 -25.26 -26.91 -34.97 336.44 240.14 12.10 0.00
0.00 8591.13
326.40 -29.46 -30.94 -41.48 336.82 255.96 12.00 0.00
0.00 9120.20
304.00 -33.26 -34.42 -44.93 338.06 281.31 13.87 0.00
0.00 9623.47
283.80 -36.56 -37.55 -49.37 339.70 284.68 16.86 0.00
0.00 10103.01
265.70 -39.26 -40.22 -57.61 341.83 287.10 15.85 0.10
0.00 10556.83
248.80 -42.16 -42.98 -63.51 343.86 299.58 16.53 0.10
0.00 11003.98
233.60 -45.26 -45.88 -63.98 345.41 307.72 18.41 0.10
0.00 11427.36
219.60 -48.36 -48.82 -64.44 346.78 308.19 18.53 0.00
0.00 11836.83
205.70 -51.56 -51.91 -67.88 348.25 305.61 17.68 0.10
0.00 12264.03
191.70 -54.56 -54.81 -68.39 350.52 304.57 17.46 0.10
0.00 12718.13
177.80 -57.46 -57.67 -73.70 353.34 308.56 17.13 0.00
0.00 13196.57
163.80 -60.46 -60.61 -74.24 356.69 312.99 15.68 0.00
0.00 13710.77
149.80 -63.76 -63.86 -74.84 360.24 313.85 13.73 0.00
0.00 14262.69
135.90 -67.26 -67.32 -75.48 364.21 315.00 10.72 0.00
0.00 14854.57
121.90 -70.06 -9999.00 -9999.00 -9999.00 293.84 9.13 0.00
0.00 15505.33
108.00 -70.66 -9999.00 -9999.00 -9999.00 301.89 10.30 0.00
0.00 16224.00
94.00 -68.06 -9999.00 -9999.00 -9999.00 327.53 5.07 0.00
0.00 17052.18
81.00 -66.96 -9999.00 -9999.00 -9999.00 94.76 7.01 0.00
0.00 17948.14
70.60 -66.96 -9999.00 -9999.00 -9999.00 110.28 9.52 0.00
0.00 18777.53
62.20 -64.86 -9999.00 -9999.00 -9999.00 106.82 8.72 0.00
0.00 19545.97
54.30 -61.96 -9999.00 -9999.00 -9999.00 77.39 15.13 0.00
0.00 20379.89
46.90 -59.96 -9999.00 -9999.00 -9999.00 88.79 18.45 0.00
0.00 21289.85
40.10 -57.56 -9999.00 -9999.00 -9999.00 90.58 19.04 0.00
0.00 22272.86
33.80 -56.06 -9999.00 -9999.00 -9999.00 89.13 25.45 0.00
0.00 23355.19
27.80 -54.36 -9999.00 -9999.00 -9999.00 83.41 33.84 0.00
0.00 24601.89
22.30 -51.66 -9999.00 -9999.00 -9999.00 79.54 38.52 0.00
0.00 26022.42
17.10 -46.16 -9999.00 -9999.00 -9999.00 80.54 41.36 0.00
0.00 27765.17
12.30 -43.36 -9999.00 -9999.00 -9999.00 76.77 46.70 0.00
0.00 29967.83
STN YYMMDD/HHMM PMSL PRES SKTC STC1 SNFL WTNS
P01M C01M STC2 LCLD MCLD HCLD
SNRA UWND VWND R01M BFGR T2MS
Q2MS WXTS WXTP WXTZ WXTR USTM
VSTM HLCY SLLH WSYM CDBP VSBK
TD2M
722583 200809/1400 1017.70 1001.60 32.34 305.50 -9999.00 0.00
-9999.00 -9999.00 304.60 11.00 0.00 0.00
-9999.00 0.30 3.80 -9999.00 -9999.00 28.64
18.16 0.00 0.00 0.00 0.00 -8.40
8.70 -47.50 -9999.00 999.00 -9999.00 20.00
23.12
722583 200809/1500 1017.60 1001.60 37.14 310.30 0.00 100.00
0.00 0.00 308.90 12.00 0.00 0.00
-9999.00 0.60 3.40 -9999.00 -9999.00 30.94
16.94 0.00 0.00 0.00 0.00 -8.30
8.30 -48.40 -9999.00 999.00 -9999.00 20.00
22.01
722583 200809/1600 1017.50 1001.50 41.24 314.40 0.00 100.00
0.00 0.00 312.70 5.00 0.00 0.00
-9999.00 1.00 3.40 -9999.00 -9999.00 33.04
15.75 0.00 0.00 0.00 0.00 -6.90
9.90 -47.30 -9999.00 999.00 -9999.00 20.00
20.85
722583 200809/1700 1017.60 1001.60 44.24 317.40 0.00 100.00
0.00 0.00 315.70 0.00 0.00 0.00
-9999.00 0.90 3.70 -9999.00 -9999.00 34.84
15.12 0.00 0.00 0.00 0.00 -8.50
6.50 -38.70 -9999.00 999.00 -9999.00 20.00
20.20
722583 200809/1800 1018.00 1002.10 46.24 319.40 0.00 100.00
0.00 0.00 317.80 1.00 0.00 0.00
-9999.00 0.80 4.20 -9999.00 -9999.00 36.34
14.51 0.00 0.00 0.00 0.00 -7.70
3.10 -18.20 -9999.00 999.00 -9999.00 20.00
19.56
722583 200809/1900 1016.60 1000.70 47.24 320.40 0.00 100.00
0.00 0.00 319.00 3.00 0.00 0.00
-9999.00 0.80 4.40 -9999.00 -9999.00 37.24
13.98 0.00 0.00 0.00 0.00 -6.90
2.20 -7.70 -9999.00 999.00 -9999.00 20.00
18.96
722583 200809/2000 1014.70 998.90 47.34 320.50 0.00 100.00
0.00 0.00 319.30 3.00 0.00 0.00
-9999.00 0.60 4.70 -9999.00 -9999.00 37.84
13.70 0.00 0.00 0.00 0.00 -6.10
1.30 4.00 -9999.00 999.00 -9999.00 20.00
18.61
722583 200809/2100 1013.80 997.90 45.84 319.00 0.00 100.00
0.00 0.00 318.40 11.00 0.00 0.00
-9999.00 0.20 5.10 -9999.00 -9999.00 38.04
13.45 0.00 0.00 0.00 0.00 -5.80
1.00 12.60 -9999.00 999.00 -9999.00 20.00
18.31
722583 200809/2200 1014.40 998.60 44.64 317.80 0.00 100.00
0.00 0.00 317.40 14.00 0.00 0.00
-9999.00 0.40 5.30 -9999.00 -9999.00 38.24
13.39 0.00 0.00 0.00 0.00 -5.10
0.40 16.70 -9999.00 999.00 -9999.00 20.00
18.25
722583 200809/2300 1014.10 998.30 42.14 315.30 0.00 100.00
0.00 0.00 315.30 20.00 0.00 0.00
-9999.00 -0.20 5.40 -9999.00 -9999.00 37.74
13.43 0.00 0.00 0.00 0.00 -4.70
-0.30 31.70 -9999.00 999.00 -9999.00 20.00
18.29
722583 200810/0000 1013.60 997.80 38.74 311.90 0.00 100.00
0.00 0.00 312.40 33.00 0.00 0.00
-9999.00 -0.80 5.90 -9999.00 -9999.00 36.74
13.66 0.00 0.00 0.00 0.00 -5.00
0.00 54.90 -9999.00 999.00 -9999.00 20.00
18.55
722583 200810/0100 1013.80 997.90 35.84 309.00 0.00 100.00
0.00 0.00 309.70 32.00 0.00 0.00
-9999.00 -0.50 5.50 -9999.00 -9999.00 35.54
13.31 0.00 0.00 0.00 0.00 -5.70
0.90 54.70 -9999.00 999.00 -9999.00 20.00
18.15
722583 200810/0200 1014.30 998.40 34.14 307.30 0.00 100.00
0.00 0.00 307.90 0.00 0.00 0.00
-9999.00 -0.40 4.80 -9999.00 -9999.00 34.54
12.95 0.00 0.00 0.00 0.00 -6.00
1.40 56.50 -9999.00 999.00 -9999.00 20.00
17.73
722583 200810/0300 1014.90 998.90 32.64 305.80 0.00 100.00
0.00 0.00 306.50 0.00 0.00 0.00
-9999.00 -0.60 5.30 -9999.00 -9999.00 32.74
14.37 0.00 0.00 0.00 0.00 -6.40
2.30 79.00 -9999.00 999.00 -9999.00 20.00
19.36
722583 200810/0400 1015.20 999.30 31.14 304.30 0.00 100.00
0.00 0.00 305.00 0.00 0.00 0.00
-9999.00 -0.10 4.90 -9999.00 -9999.00 31.14
15.75 0.00 0.00 0.00 0.00 -6.70
4.00 79.30 -9999.00 999.00 -9999.00 20.00
20.81
722583 200810/0500 1015.60 999.60 30.44 303.60 0.00 100.00
0.00 0.00 304.20 0.00 0.00 0.00
-9999.00 0.20 4.70 -9999.00 -9999.00 30.54
16.27 0.00 0.00 0.00 0.00 -6.70
5.40 83.60 -9999.00 999.00 -9999.00 20.00
21.33
722583 200810/0600 1015.30 999.30 30.04 303.20 0.00 100.00
0.00 0.00 303.70 0.00 0.00 0.00
-9999.00 0.00 5.20 -9999.00 -9999.00 30.04
16.85 0.00 0.00 0.00 0.00 -6.80
5.60 131.10 -9999.00 999.00 -9999.00 20.00
21.88
722583 200810/0700 1015.40 999.50 29.54 302.70 0.00 100.00
0.00 0.00 303.20 0.00 0.00 0.00
-9999.00 0.40 5.40 -9999.00 -9999.00 29.54
16.21 0.00 0.00 0.00 0.00 -6.30
6.80 140.00 -9999.00 999.00 -9999.00 20.00
21.27
722583 200810/0800 1015.40 999.40 28.84 302.00 0.00 100.00
0.00 0.00 302.50 0.00 0.00 0.00
-9999.00 0.70 5.20 -9999.00 -9999.00 28.84
15.34 0.00 0.00 0.00 0.00 -5.90
7.70 119.80 -9999.00 999.00 -9999.00 20.00
20.40
722583 200810/0900 1015.40 999.40 27.94 301.10 0.00 100.00
0.00 0.00 301.70 0.00 0.00 0.00
-9999.00 0.70 4.70 -9999.00 -9999.00 28.04
15.26 0.00 0.00 0.00 0.00 -5.70
7.70 63.40 -9999.00 999.00 -9999.00 20.00
20.31
722583 200810/1000 1015.70 999.60 27.34 300.50 0.00 100.00
0.00 0.00 301.00 0.00 0.00 0.00
-9999.00 0.60 3.90 -9999.00 -9999.00 27.44
15.48 0.00 0.00 0.00 0.00 -5.40
7.30 31.80 -9999.00 999.00 -9999.00 20.00
20.54
722583 200810/1100 1016.10 1000.00 26.74 299.90 0.00 100.00
0.00 0.00 300.40 0.00 0.00 0.00
-9999.00 0.10 3.20 -9999.00 -9999.00 26.74
15.67 0.00 0.00 0.00 0.00 -5.30
7.00 30.20 -9999.00 999.00 -9999.00 20.00
20.74


