
SNPARM = PRES;TMPC;TMWC;DWPC;THTE;DRCT;SKNT;OMEG;CFRL;HGHT 
STNPRM = SHOW;LIFT;SWET;KINX;LCLP;PWAT;TOTL;CAPE;LCLT;CINS;EQLV;LFCT;BRCH 

STID = KDAL STNM = 722583 TIME = 200809/1100 
SLAT = 32.84 SLON = -96.85 SELV = 138.0
STIM = 0

SHOW = 0.72 LIFT = -2.56 SWET = 181.98 KINX = 25.97
LCLP = 932.32 PWAT = 41.91 TOTL = 44.52 CAPE = 1417.62
LCLT = 294.14 CINS = -183.95 EQLV = 196.19 LFCT = 676.23
BRCH = 81.87

PRES TMPC TMWC DWPC THTE DRCT SKNT OMEG
CFRL HGHT
1000.00 26.94 23.51 22.14 350.42 165.38 4.62 0.00
0.00 146.87
997.10 26.94 23.56 22.23 351.15 175.91 10.90 0.00
0.00 172.64
991.50 26.54 23.50 22.30 351.77 178.24 12.63 0.00
0.00 222.59
982.00 26.04 23.47 22.45 353.17 186.07 18.36 -0.10
0.00 307.87
967.90 25.54 23.20 22.27 354.26 194.16 21.45 -0.10
0.00 435.77
949.90 25.44 22.04 20.65 351.90 203.52 22.88 -0.20
0.00 601.54
928.40 25.14 20.39 18.32 348.16 206.57 21.72 -0.20
0.00 803.39
904.90 24.14 18.86 16.39 345.54 205.71 17.46 -0.30
0.00 1028.72
879.40 22.54 17.30 14.71 343.48 203.20 13.31 -0.30
0.00 1278.68
851.00 20.54 15.59 12.98 341.58 201.25 11.25 -0.30
0.00 1563.83
819.70 18.54 13.34 10.31 338.53 201.37 9.60 -0.20
0.00 1886.90
785.40 16.94 10.17 5.38 333.37 194.04 8.82 -0.20
0.00 2252.72
748.30 15.24 7.82 1.86 332.06 159.90 8.49 -0.10
0.00 2664.02
708.10 12.74 5.56 -0.77 332.14 124.42 12.72 -0.10
0.00 3129.68
665.00 8.84 3.31 -1.78 333.37 106.03 17.58 -0.10
0.00 3653.23
619.00 3.94 -1.02 -6.75 330.20 101.69 17.25 -0.10
0.00 4241.33
570.60 -0.86 -5.63 -12.90 328.14 113.67 15.48 0.00
0.00 4897.21
523.70 -4.36 -9.62 -20.62 328.43 153.43 9.13 0.00
0.00 5577.23
481.50 -6.56 -12.66 -31.56 330.68 203.96 1.90 0.00
0.00 6235.93
443.70 -11.36 -15.46 -26.87 333.80 227.49 3.17 0.00
0.00 6868.47
409.80 -15.46 -19.18 -33.05 334.75 244.98 6.43 0.00
0.00 7473.03
379.00 -19.86 -22.74 -35.56 336.13 270.00 8.94 0.00
0.00 8057.54
351.40 -24.46 -25.91 -31.98 338.19 275.08 8.78 0.00
0.00 8613.25
326.40 -28.66 -29.28 -32.07 339.75 263.52 8.61 0.10
16.00 9146.20
304.00 -32.36 -33.03 -37.16 340.44 251.94 9.40 0.10
13.00 9651.36
283.80 -35.96 -36.69 -43.10 341.16 250.28 10.94 0.10
0.00 10132.48
265.70 -39.36 -40.08 -49.38 342.10 266.19 11.67 0.10
0.00 10586.81
248.80 -42.46 -43.13 -55.81 343.63 298.37 11.03 0.10
0.00 11033.60
233.60 -45.06 -45.65 -60.07 345.81 325.18 10.88 0.10
0.00 11456.90
219.60 -47.06 -47.62 -67.41 348.74 346.46 10.78 0.10
0.00 11867.72
205.70 -49.96 -50.39 -67.88 350.76 359.03 11.46 0.00
0.00 12297.69
191.70 -53.26 -53.59 -73.19 352.56 5.71 9.75 0.00
0.00 12754.79
177.80 -56.96 -57.18 -73.70 354.16 10.71 7.32 0.00
0.00 13235.21
163.80 -60.66 -60.80 -74.24 356.36 350.79 7.28 0.00
0.00 13749.76
149.80 -63.96 -64.06 -74.84 359.89 337.11 9.48 0.00
0.00 14301.17
135.90 -66.66 -9999.00 -9999.00 -9999.00 334.98 9.65 0.00
0.00 14893.62
121.90 -69.36 -9999.00 -9999.00 -9999.00 334.40 10.33 0.00
0.00 15546.44
108.00 -71.06 -9999.00 -9999.00 -9999.00 342.96 12.59 0.00
0.00 16265.64
94.00 -70.76 -9999.00 -9999.00 -9999.00 15.12 7.44 0.00
0.00 17087.53
81.00 -68.46 -9999.00 -9999.00 -9999.00 87.34 8.35 0.00
0.00 17974.34
70.60 -66.06 -9999.00 -9999.00 -9999.00 103.19 12.76 0.00
0.00 18802.52
62.20 -64.36 -9999.00 -9999.00 -9999.00 96.56 17.02 0.00
0.00 19573.55
54.30 -62.26 -9999.00 -9999.00 -9999.00 96.04 20.32 0.00
0.00 20407.86
46.90 -59.76 -9999.00 -9999.00 -9999.00 90.56 20.01 0.00
0.00 21317.62
40.10 -57.26 -9999.00 -9999.00 -9999.00 80.89 20.86 0.00
0.00 22301.77
33.80 -54.96 -9999.00 -9999.00 -9999.00 77.14 25.31 0.00
0.00 23387.60
27.80 -53.06 -9999.00 -9999.00 -9999.00 78.13 31.16 0.00
0.00 24641.16
22.30 -50.76 -9999.00 -9999.00 -9999.00 83.51 32.65 0.00
0.00 26068.79
17.10 -47.16 -9999.00 -9999.00 -9999.00 88.47 36.34 0.00
0.00 27811.15
12.30 -44.16 -9999.00 -9999.00 -9999.00 87.92 42.75 0.00
0.00 30005.14

STID = KDAL STNM = 722583 TIME = 200809/1200 
SLAT = 32.84 SLON = -96.85 SELV = 138.0
STIM = 1

SHOW = 0.35 LIFT = -2.74 SWET = 181.32 KINX = 26.68
LCLP = 947.14 PWAT = 42.49 TOTL = 45.19 CAPE = 1356.16
LCLT = 294.74 CINS = -170.67 EQLV = 198.18 LFCT = 678.93
BRCH = 82.34

PRES TMPC TMWC DWPC THTE DRCT SKNT OMEG
CFRL HGHT
1000.50 26.24 23.56 22.49 350.59 165.26 3.81 0.00
0.00 146.85
997.50 26.34 23.60 22.51 351.25 173.54 10.35 0.00
0.00 173.44
992.00 26.04 23.48 22.46 351.60 176.42 12.45 0.00
0.00 222.40
982.50 25.74 23.46 22.55 353.05 187.28 18.41 -0.10
0.00 307.52
968.40 25.44 23.05 22.10 353.50 197.93 20.82 -0.20
1.00 435.26
950.30 25.34 21.79 20.32 350.70 209.05 22.01 -0.20
0.00 601.80
928.80 24.94 20.25 18.19 347.50 211.23 21.35 -0.30
0.00 803.43
905.30 23.94 18.88 16.52 345.56 207.96 17.81 -0.30
0.00 1028.51
879.80 22.34 17.32 14.84 343.49 202.75 13.05 -0.30
0.00 1278.20
851.40 20.44 15.62 13.08 341.61 199.44 10.51 -0.20
0.00 1563.09
820.00 18.34 13.46 10.64 338.90 197.65 8.97 -0.20
0.00 1886.92
785.70 16.44 10.55 6.57 334.61 192.09 8.35 -0.10
0.00 2252.25
748.50 14.84 7.94 2.52 332.43 163.30 8.12 0.00
0.00 2664.00
708.30 12.44 5.51 -0.58 331.98 127.04 12.90 0.00
0.00 3129.01
665.20 8.64 3.12 -2.02 332.82 110.41 17.83 0.00
0.00 3651.94
619.20 3.84 -0.91 -6.30 330.45 103.59 18.18 0.00
0.00 4239.56
570.70 -1.06 -5.56 -12.27 328.30 118.84 15.31 0.00
0.00 4896.32
523.80 -4.66 -9.66 -19.91 328.34 157.29 9.05 -0.10
0.00 5575.64
481.60 -6.96 -12.83 -30.68 330.34 217.87 2.21 -0.10
0.00 6233.37
443.80 -11.46 -15.58 -27.21 333.55 225.00 3.30 0.00
0.00 6865.18
409.80 -15.56 -19.21 -32.70 334.69 243.43 6.08 0.00
0.00 7471.22
379.00 -20.06 -22.83 -34.96 335.98 273.27 6.82 0.00
0.00 8055.39
351.40 -24.46 -25.87 -31.70 338.27 270.00 6.60 0.10
0.00 8610.89
326.50 -28.56 -29.30 -32.74 339.68 250.25 8.04 0.10
8.00 9141.73
304.00 -32.26 -33.12 -38.80 340.28 245.46 9.83 0.10
0.00 9649.26
283.80 -35.86 -36.74 -45.17 341.07 254.05 11.31 0.10
0.00 10130.56
265.70 -39.26 -40.04 -50.54 342.17 274.84 11.50 0.00
0.00 10585.07
248.80 -42.36 -43.02 -54.84 343.82 303.07 9.97 0.00
0.00 11032.05
233.60 -44.86 -45.46 -60.07 346.11 332.88 8.95 0.00
0.00 11455.63
219.60 -47.06 -47.62 -67.41 348.74 357.92 10.68 0.00
0.00 11866.63
205.70 -50.16 -50.58 -67.88 350.45 6.88 11.34 -0.10
0.00 12296.41
191.70 -53.46 -53.75 -68.39 352.29 11.31 8.92 -0.10
0.00 12753.10
177.80 -57.06 -57.28 -73.70 354.00 12.34 6.37 0.00
0.00 13233.19
163.80 -60.66 -60.80 -74.24 356.36 347.13 6.97 0.00
0.00 13747.62
149.80 -64.06 -64.15 -74.84 359.72 334.40 10.33 0.00
0.00 14298.90
135.90 -66.86 -9999.00 -9999.00 -9999.00 335.56 11.73 0.00
0.00 14890.92
121.90 -69.56 -9999.00 -9999.00 -9999.00 345.00 11.27 0.00
0.00 15543.11
108.00 -70.66 -9999.00 -9999.00 -9999.00 355.76 10.51 0.00
0.00 16262.66
94.00 -69.36 -9999.00 -9999.00 -9999.00 33.02 4.64 0.00
0.00 17088.21
81.00 -67.76 -9999.00 -9999.00 -9999.00 97.91 7.05 0.00
0.00 17979.59
70.60 -66.46 -9999.00 -9999.00 -9999.00 92.01 11.07 0.00
0.00 18808.37
62.20 -65.16 -9999.00 -9999.00 -9999.00 83.58 15.64 0.00
0.00 19577.18
54.30 -62.86 -9999.00 -9999.00 -9999.00 92.95 18.86 0.00
0.00 20408.71
46.90 -60.16 -9999.00 -9999.00 -9999.00 93.96 19.66 0.00
0.00 21316.32
40.10 -57.46 -9999.00 -9999.00 -9999.00 84.24 21.29 0.00
0.00 22299.10
33.80 -55.16 -9999.00 -9999.00 -9999.00 80.74 26.57 0.00
0.00 23383.93
27.80 -53.16 -9999.00 -9999.00 -9999.00 81.31 30.85 0.00
0.00 24636.63
22.30 -50.76 -9999.00 -9999.00 -9999.00 80.94 32.07 0.00
0.00 26063.94
17.10 -46.96 -9999.00 -9999.00 -9999.00 83.93 36.73 0.00
0.00 27807.08
12.30 -44.56 -9999.00 -9999.00 -9999.00 85.17 43.86 0.00
0.00 30000.10

STID = KDAL STNM = 722583 TIME = 200809/1300 
SLAT = 32.84 SLON = -96.85 SELV = 138.0
STIM = 2

SHOW = 0.28 LIFT = -2.47 SWET = 182.92 KINX = 26.69
LCLP = 940.78 PWAT = 42.87 TOTL = 45.14 CAPE = 1269.30
LCLT = 295.01 CINS = -169.10 EQLV = 200.27 LFCT = 676.32
BRCH = 82.50

PRES TMPC TMWC DWPC THTE DRCT SKNT OMEG
CFRL HGHT
1001.10 27.14 24.07 22.88 352.88 183.37 6.62 0.00
0.00 146.87
998.10 26.74 23.92 22.82 352.66 184.24 10.51 0.00
0.00 173.51
992.50 26.24 23.71 22.72 352.61 185.53 12.10 0.00
0.00 223.39
983.00 25.44 23.38 22.55 352.59 191.04 16.22 -0.10
0.00 308.46
968.90 25.14 22.85 21.93 352.49 200.08 19.23 -0.20
4.00 436.00
950.80 25.14 21.44 19.88 349.06 213.11 21.33 -0.30
2.00 602.28
929.30 24.94 19.99 17.77 346.29 214.56 21.23 -0.40
0.00 803.69
905.80 23.84 18.91 16.63 345.65 210.43 18.03 -0.40
0.00 1028.59
880.30 22.24 17.48 15.16 344.06 205.46 13.56 -0.40
0.00 1278.08
851.80 20.24 15.72 13.36 341.94 202.20 10.28 -0.30
0.00 1563.72
820.40 18.14 13.59 11.00 339.32 197.59 8.35 -0.20
0.00 1887.21
786.10 16.24 10.75 7.11 335.21 188.75 7.67 -0.10
0.00 2252.17
748.80 14.74 8.04 2.84 332.71 160.25 8.04 0.00
0.00 2664.67
708.60 12.34 5.46 -0.60 331.79 127.37 13.44 0.10
0.00 3129.35
665.50 8.64 3.01 -2.32 332.43 112.95 17.93 0.10
0.00 3651.94
619.40 3.64 -0.69 -5.44 331.01 104.47 18.65 0.10
0.00 4240.42
570.90 -1.06 -5.37 -11.62 328.72 122.78 13.64 0.10
0.00 4896.80
523.90 -4.56 -9.66 -20.22 328.31 169.56 7.50 0.00
0.00 5577.53
481.70 -6.96 -12.77 -30.01 330.47 245.56 2.35 0.10
0.00 6235.25
443.90 -11.46 -15.59 -27.33 333.49 223.03 3.98 0.10
0.00 6866.93
409.90 -15.56 -19.23 -32.87 334.63 243.43 5.65 0.10
0.00 7472.82
379.10 -20.06 -22.78 -34.39 336.06 263.66 5.28 0.10
0.00 8056.86
351.40 -24.36 -25.76 -31.44 338.47 246.57 6.35 0.20
0.00 8614.41
326.50 -28.26 -29.20 -33.74 339.84 238.63 9.32 0.20
2.00 9145.68
304.00 -32.06 -33.14 -41.00 340.22 244.80 10.96 0.10
0.00 9653.70
283.90 -35.76 -36.72 -46.38 341.06 260.22 11.44 0.10
0.00 10132.81
265.70 -39.26 -40.04 -50.54 342.17 282.53 10.74 0.00
0.00 10589.85
248.80 -42.36 -43.02 -54.84 343.82 307.65 8.59 0.00
0.00 11036.83
233.60 -44.66 -45.30 -61.80 346.37 341.97 8.78 0.00
0.00 11460.59
219.60 -47.26 -47.81 -67.41 348.44 4.76 11.69 0.00
0.00 11871.59
205.70 -50.36 -50.77 -67.88 350.14 10.12 11.05 0.00
0.00 12300.99
191.70 -53.56 -53.85 -68.39 352.13 10.78 8.31 0.00
0.00 12757.37
177.80 -57.06 -57.28 -73.70 354.00 1.74 6.41 0.00
0.00 13237.35
163.80 -60.66 -60.80 -74.24 356.36 341.57 8.61 0.00
0.00 13751.78
149.80 -64.16 -64.25 -74.84 359.55 333.43 12.16 0.00
0.00 14302.92
135.90 -66.96 -9999.00 -9999.00 -9999.00 337.17 12.00 0.00
0.00 14894.66
121.90 -69.26 -9999.00 -9999.00 -9999.00 353.54 10.35 0.00
0.00 15547.17
108.00 -69.76 -9999.00 -9999.00 -9999.00 360.00 8.94 0.00
0.00 16268.84
94.00 -68.86 -9999.00 -9999.00 -9999.00 24.23 4.25 0.00
0.00 17097.24
81.00 -67.86 -9999.00 -9999.00 -9999.00 74.29 6.45 0.00
0.00 17989.49
70.60 -66.66 -9999.00 -9999.00 -9999.00 78.34 12.49 0.00
0.00 18817.67
62.20 -65.26 -9999.00 -9999.00 -9999.00 84.75 16.98 0.00
0.00 19585.92
54.30 -62.96 -9999.00 -9999.00 -9999.00 96.01 18.55 0.00
0.00 20417.06
46.90 -60.06 -9999.00 -9999.00 -9999.00 89.40 18.45 0.00
0.00 21324.67
40.10 -57.16 -9999.00 -9999.00 -9999.00 78.19 21.83 0.00
0.00 22308.36
33.80 -55.16 -9999.00 -9999.00 -9999.00 78.53 27.35 0.00
0.00 23393.95
27.80 -52.56 -9999.00 -9999.00 -9999.00 81.42 31.24 0.00
0.00 24648.36
22.30 -49.76 -9999.00 -9999.00 -9999.00 78.62 33.49 0.00
0.00 26080.83
17.10 -46.46 -9999.00 -9999.00 -9999.00 80.16 38.64 0.00
0.00 27829.80
12.30 -44.66 -9999.00 -9999.00 -9999.00 81.71 40.44 0.00
0.00 30024.75

STID = KDAL STNM = 722583 TIME = 200809/1400 
SLAT = 32.84 SLON = -96.85 SELV = 138.0
STIM = 3

SHOW = -0.05 LIFT = -2.33 SWET = 190.14 KINX = 27.23
LCLP = 912.12 PWAT = 43.10 TOTL = 45.36 CAPE = 1304.81
LCLT = 294.16 CINS = -134.04 EQLV = 197.65 LFCT = 685.52
BRCH = 121.96

PRES TMPC TMWC DWPC THTE DRCT SKNT OMEG
CFRL HGHT
1001.10 28.94 24.31 22.54 353.98 195.52 7.26 0.00
0.00 147.81
998.10 28.34 24.09 22.46 353.46 195.46 9.48 0.00
0.00 174.60
992.60 27.74 23.85 22.34 353.21 195.52 10.88 0.00
0.00 223.83
983.00 26.84 23.46 22.14 352.99 197.57 12.22 -0.10
0.00 310.18
969.00 25.54 22.77 21.66 352.10 201.80 15.70 -0.20
0.00 437.17
951.00 24.44 21.61 20.43 349.82 211.76 19.19 -0.30
8.00 602.44
929.40 24.74 19.64 17.30 344.79 214.31 19.99 -0.30
0.00 804.45
905.80 23.74 18.68 16.30 344.69 210.34 18.45 -0.40
0.00 1030.13
880.40 22.14 17.61 15.42 344.56 206.23 14.94 -0.40
0.00 1278.54
851.90 20.04 15.95 13.86 342.83 203.46 11.23 -0.30
0.00 1564.05
820.50 17.84 13.88 11.67 340.34 200.10 8.49 -0.20
0.00 1887.31
786.10 15.94 10.93 7.69 335.85 187.31 7.63 -0.10
0.00 2253.02
748.80 14.54 8.15 3.28 333.08 158.46 7.94 0.00
0.00 2665.23
708.60 12.04 5.38 -0.49 331.57 129.59 13.11 0.00
0.00 3129.54
665.50 8.54 2.82 -2.68 331.91 115.38 16.76 0.00
0.00 3651.75
619.40 3.64 -0.64 -5.32 331.12 106.88 18.07 0.00
0.00 4240.10
570.90 -1.06 -5.35 -11.57 328.75 126.30 11.81 0.00
0.00 4896.49
523.90 -4.36 -9.67 -20.95 328.25 181.85 6.02 0.00
0.00 5577.46
481.70 -7.06 -12.77 -29.39 330.49 254.74 2.21 0.00
0.00 6235.29
443.90 -11.36 -15.56 -27.57 333.54 220.10 4.82 0.00
0.00 6866.97
409.90 -15.46 -19.21 -33.41 334.65 241.56 5.30 0.00
0.00 7473.09
379.10 -19.96 -22.65 -33.84 336.31 241.39 4.88 0.10
0.00 8057.35
351.40 -24.06 -25.51 -31.30 338.92 233.67 8.20 0.10
0.00 8615.36
326.50 -28.16 -29.27 -34.85 339.72 238.20 11.42 0.10
0.00 9147.05
304.00 -31.96 -33.15 -42.15 340.20 250.67 11.73 0.00
0.00 9655.26
283.90 -35.76 -36.72 -46.38 341.06 270.00 10.88 0.00
0.00 10134.47
265.70 -39.36 -40.11 -49.95 342.06 288.43 9.83 0.00
0.00 10591.41
248.80 -42.36 -43.04 -55.81 343.78 313.88 7.01 0.00
0.00 11038.29
233.60 -44.46 -45.14 -63.98 346.63 354.81 8.59 0.00
0.00 11462.24
219.60 -47.36 -47.90 -67.41 348.28 13.54 10.78 0.00
0.00 11873.33
205.70 -50.36 -50.77 -67.88 350.14 15.78 9.29 0.00
0.00 12302.63
191.70 -53.56 -53.85 -68.39 352.13 11.00 7.13 0.00
0.00 12759.01
177.80 -57.06 -57.28 -73.70 354.00 358.15 6.02 0.00
0.00 13238.99
163.80 -60.76 -60.90 -74.24 356.19 342.41 8.35 0.00
0.00 13753.30
149.80 -64.16 -64.25 -74.84 359.55 334.80 10.96 0.00
0.00 14304.31
135.90 -66.56 -9999.00 -9999.00 -9999.00 340.28 10.94 0.00
0.00 14896.62
121.90 -68.76 -9999.00 -9999.00 -9999.00 353.88 10.94 0.00
0.00 15550.56
108.00 -69.76 -9999.00 -9999.00 -9999.00 355.68 10.33 0.00
0.00 16273.12
94.00 -69.26 -9999.00 -9999.00 -9999.00 19.65 5.77 0.00
0.00 17100.70
81.00 -68.26 -9999.00 -9999.00 -9999.00 69.27 7.69 0.00
0.00 17991.21
70.60 -66.96 -9999.00 -9999.00 -9999.00 87.61 14.01 0.00
0.00 18817.99
62.20 -65.26 -9999.00 -9999.00 -9999.00 95.57 16.01 0.00
0.00 19585.68
54.30 -63.16 -9999.00 -9999.00 -9999.00 97.64 16.06 0.00
0.00 20416.42
46.90 -59.76 -9999.00 -9999.00 -9999.00 82.15 17.06 0.00
0.00 21324.24
40.10 -57.16 -9999.00 -9999.00 -9999.00 76.68 22.77 0.00
0.00 22308.62
33.80 -55.26 -9999.00 -9999.00 -9999.00 78.61 28.54 0.00
0.00 23393.95
27.80 -52.56 -9999.00 -9999.00 -9999.00 80.48 32.89 0.00
0.00 24648.09
22.30 -49.46 -9999.00 -9999.00 -9999.00 78.22 37.10 0.00
0.00 26081.52
17.10 -46.96 -9999.00 -9999.00 -9999.00 78.48 40.83 0.00
0.00 27829.71
12.30 -44.66 -9999.00 -9999.00 -9999.00 82.51 41.72 0.00
0.00 30022.25

STID = KDAL STNM = 722583 TIME = 200809/1500 
SLAT = 32.84 SLON = -96.85 SELV = 138.0
STIM = 4

SHOW = -0.15 LIFT = -2.37 SWET = 195.11 KINX = 27.77
LCLP = 873.76 PWAT = 42.83 TOTL = 45.38 CAPE = 1162.01
LCLT = 292.40 CINS = -110.70 EQLV = 203.88 LFCT = 684.31
BRCH = 190.57

PRES TMPC TMWC DWPC THTE DRCT SKNT OMEG
CFRL HGHT
1001.10 30.84 24.09 21.46 352.88 196.99 7.30 0.00
0.00 146.97
998.10 30.14 23.84 21.37 352.21 197.28 9.15 0.00
0.00 173.91
992.60 29.44 23.57 21.25 351.85 197.42 10.39 0.00
0.00 223.38
983.00 28.44 23.15 21.04 351.49 198.74 11.48 0.00
0.00 310.16
968.90 27.14 22.57 20.72 351.15 200.14 12.41 -0.10
0.00 438.66
950.90 25.54 21.66 20.05 350.04 205.59 15.29 -0.20
0.00 604.62
929.40 24.04 20.40 18.82 348.07 208.35 16.78 -0.30
6.00 805.91
905.90 23.54 18.54 16.17 344.10 209.18 17.13 -0.30
0.00 1030.37
880.30 22.24 17.34 14.92 343.48 203.39 15.66 -0.20
0.00 1280.65
851.90 20.04 16.07 14.05 343.27 199.00 12.53 -0.20
0.00 1565.20
820.40 17.64 14.12 12.19 341.24 197.28 9.15 -0.10
1.00 1889.45
786.10 15.74 11.07 8.09 336.32 182.79 7.96 0.00
2.00 2253.93
748.80 14.34 8.22 3.61 333.32 157.48 8.62 0.10
0.00 2665.91
708.60 11.74 5.38 -0.18 331.58 133.73 12.37 0.10
0.00 3129.84
665.50 8.44 2.62 -3.09 331.34 119.56 14.96 0.10
0.00 3651.68
619.40 3.74 -0.81 -5.90 330.68 111.93 16.12 0.10
0.00 4239.98
570.90 -0.86 -5.40 -12.08 328.64 132.58 9.75 0.10
0.00 4896.67
523.90 -4.16 -9.75 -22.08 328.06 200.56 4.97 0.00
0.00 5578.09
481.70 -7.06 -12.72 -28.94 330.59 250.02 2.27 0.00
0.00 6236.15
443.90 -11.36 -15.61 -27.93 333.44 218.37 5.94 0.00
0.00 6867.83
409.90 -15.46 -19.23 -33.59 334.62 229.64 5.09 0.00
0.00 7473.94
379.10 -19.76 -22.50 -33.84 336.57 222.51 6.33 0.00
0.00 8058.43
351.40 -23.96 -25.43 -31.30 339.06 229.64 10.20 0.10
0.00 8616.77
326.50 -28.06 -29.33 -36.07 339.60 241.03 12.43 0.00
0.00 9148.66
304.00 -32.06 -33.25 -42.46 340.02 257.15 11.36 0.00
0.00 9656.86
283.90 -35.86 -36.78 -45.95 340.95 278.75 10.22 0.00
0.00 10135.87
265.70 -39.46 -40.20 -49.95 341.92 293.20 8.88 0.00
0.00 10592.62
248.80 -42.26 -42.95 -55.81 343.93 321.63 5.94 0.00
0.00 11039.50
233.60 -44.46 -45.16 -66.97 346.58 8.53 7.85 0.00
0.00 11463.54
219.60 -47.36 -47.90 -67.41 348.28 23.55 8.26 0.00
0.00 11874.63
205.70 -50.36 -50.77 -67.88 350.14 21.50 6.90 0.00
0.00 12303.93
191.70 -53.66 -53.95 -68.39 351.97 14.04 5.61 0.00
0.00 12760.21
177.80 -57.26 -57.47 -73.70 353.67 360.00 4.47 0.00
0.00 13239.85
163.80 -60.96 -61.10 -74.24 355.85 338.55 5.85 0.00
0.00 13753.69
149.80 -64.06 -64.15 -74.84 359.72 331.19 8.88 0.00
0.00 14304.57
135.90 -66.46 -9999.00 -9999.00 -9999.00 337.62 10.72 0.00
0.00 14897.16
121.90 -68.96 -9999.00 -9999.00 -9999.00 351.03 11.21 0.00
0.00 15550.94
108.00 -70.16 -9999.00 -9999.00 -9999.00 356.70 10.12 0.00
0.00 16272.44
94.00 -69.16 -9999.00 -9999.00 -9999.00 28.44 5.30 0.00
0.00 17099.41
81.00 -67.86 -9999.00 -9999.00 -9999.00 79.56 7.50 0.00
0.00 17991.01
70.60 -67.06 -9999.00 -9999.00 -9999.00 98.39 11.99 0.00
0.00 18818.39
62.20 -65.16 -9999.00 -9999.00 -9999.00 96.44 12.12 0.00
0.00 19586.08
54.30 -62.66 -9999.00 -9999.00 -9999.00 88.43 14.18 0.00
0.00 20418.01
46.90 -59.16 -9999.00 -9999.00 -9999.00 77.22 19.33 0.00
0.00 21328.19
40.10 -57.16 -9999.00 -9999.00 -9999.00 75.21 25.12 0.00
0.00 22313.95
33.80 -55.26 -9999.00 -9999.00 -9999.00 77.51 29.64 0.00
0.00 23399.28
27.80 -53.16 -9999.00 -9999.00 -9999.00 77.72 33.80 0.00
0.00 24651.70
22.30 -50.66 -9999.00 -9999.00 -9999.00 81.38 38.91 0.00
0.00 26079.33
17.10 -47.76 -9999.00 -9999.00 -9999.00 81.05 42.48 0.00
0.00 27819.74
12.30 -44.56 -51.54 -89.89 803.28 83.47 44.39 0.00
0.00 30008.91

STID = KDAL STNM = 722583 TIME = 200809/1600 
SLAT = 32.84 SLON = -96.85 SELV = 138.0
STIM = 5

SHOW = 0.24 LIFT = -2.45 SWET = 191.66 KINX = 27.93
LCLP = 840.27 PWAT = 42.44 TOTL = 45.05 CAPE = 1026.56
LCLT = 290.76 CINS = -91.19 EQLV = 210.38 LFCT = 679.27
BRCH = 242.83

PRES TMPC TMWC DWPC THTE DRCT SKNT OMEG
CFRL HGHT
1001.20 32.54 23.90 20.43 351.83 194.74 7.63 0.00
0.00 147.02
998.20 31.74 23.62 20.34 351.06 194.32 9.42 0.00
0.00 174.08
992.60 31.04 23.35 20.22 350.72 195.35 10.28 0.00
0.00 224.69
983.10 30.04 22.94 20.04 350.44 195.68 11.50 0.00
0.00 310.96
969.10 28.64 22.35 19.75 350.07 197.30 12.41 -0.10
0.00 439.11
951.00 26.94 21.63 19.40 349.83 198.70 13.33 -0.10
0.00 606.70
929.50 24.94 20.73 18.93 349.46 200.19 14.06 -0.20
0.00 808.71
906.00 23.44 19.20 17.27 346.81 201.80 14.65 -0.30
0.00 1033.52
880.50 22.14 17.43 15.12 343.81 201.52 14.82 -0.20
0.00 1282.78
852.00 20.34 15.83 13.49 342.32 195.40 13.91 -0.20
0.00 1568.36
820.50 17.64 14.28 12.47 341.84 190.30 10.86 -0.10
0.00 1892.71
786.20 15.64 11.23 8.46 336.85 178.81 9.32 0.00
2.00 2257.13
748.80 14.14 8.20 3.74 333.27 158.63 9.60 0.00
0.00 2670.00
708.60 11.54 5.47 0.25 331.87 138.22 12.24 0.00
0.00 3133.65
665.50 8.34 2.43 -3.47 330.82 125.91 13.91 0.00
0.00 3655.22
619.40 3.74 -1.04 -6.53 330.09 119.65 14.53 0.00
0.00 4243.35
570.90 -0.66 -5.41 -12.50 328.60 139.54 8.68 0.00
0.00 4900.23
523.90 -4.06 -9.88 -23.32 327.74 215.84 4.31 0.00
0.00 5581.98
481.70 -7.06 -12.67 -28.51 330.70 232.13 2.21 0.00
0.00 6240.14
443.90 -11.36 -15.68 -28.44 333.30 213.69 7.01 0.00
0.00 6871.82
409.90 -15.46 -19.25 -33.78 334.58 216.87 5.83 0.00
0.00 7477.92
379.10 -19.66 -22.47 -34.20 336.63 214.88 7.81 0.00
0.00 8062.52
351.40 -24.06 -25.53 -31.44 338.88 229.29 11.01 0.00
0.00 8620.85
326.50 -28.16 -29.45 -36.45 339.38 241.39 12.16 -0.10
0.00 9152.53
304.00 -32.06 -33.27 -42.78 339.98 259.99 10.06 -0.10
0.00 9660.61
283.90 -35.96 -36.84 -45.55 340.85 280.30 8.68 -0.10
0.00 10139.53
265.70 -39.46 -40.22 -50.54 341.88 292.99 6.95 0.00
0.00 10596.18
248.80 -42.16 -42.91 -58.13 343.99 326.98 4.64 0.00
0.00 11043.16
233.60 -44.46 -45.19 -71.85 346.53 21.16 6.45 0.00
0.00 11467.27
219.60 -47.36 -47.90 -67.41 348.28 38.05 5.67 0.00
0.00 11878.37
205.70 -50.46 -50.86 -67.88 349.98 28.61 4.88 -0.10
0.00 12307.57
191.70 -53.86 -54.14 -68.39 351.65 17.53 3.87 -0.10
0.00 12763.54
177.80 -57.46 -57.67 -73.70 353.34 344.05 2.84 -0.10
0.00 13242.74
163.80 -61.06 -61.20 -74.24 355.68 323.13 4.86 0.00
0.00 13756.22
149.80 -64.06 -64.15 -74.84 359.72 323.62 9.17 0.00
0.00 14306.97
135.90 -66.66 -9999.00 -9999.00 -9999.00 330.95 12.00 0.00
0.00 14899.28
121.90 -69.36 -9999.00 -9999.00 -9999.00 351.72 10.80 0.00
0.00 15552.10
108.00 -70.36 -9999.00 -9999.00 -9999.00 2.54 8.74 0.00
0.00 16272.54
94.00 -68.76 -9999.00 -9999.00 -9999.00 33.69 4.20 0.00
0.00 17099.91
81.00 -67.66 -9999.00 -9999.00 -9999.00 93.18 7.01 0.00
0.00 17992.82
70.60 -67.16 -9999.00 -9999.00 -9999.00 108.76 10.88 0.00
0.00 18820.40
62.20 -64.76 -9999.00 -9999.00 -9999.00 94.84 11.50 0.00
0.00 19588.65
54.30 -61.86 -9999.00 -9999.00 -9999.00 85.18 16.18 0.00
0.00 20422.97
46.90 -58.96 -9999.00 -9999.00 -9999.00 81.79 20.42 0.00
0.00 21335.29
40.10 -57.16 -9999.00 -9999.00 -9999.00 79.06 23.54 0.00
0.00 22321.50
33.80 -55.56 -9999.00 -9999.00 -9999.00 81.25 28.11 0.00
0.00 23406.09
27.80 -53.46 -9999.00 -9999.00 -9999.00 80.11 33.92 0.00
0.00 24656.79
22.30 -51.16 -9999.00 -9999.00 -9999.00 81.59 39.86 0.00
0.00 26081.84
17.10 -47.96 -9999.00 -9999.00 -9999.00 81.41 44.21 0.00
0.00 27819.53
12.30 -44.26 -9999.00 -9999.00 -9999.00 85.84 45.57 0.00
0.00 30009.18

STID = KDAL STNM = 722583 TIME = 200809/1700 
SLAT = 32.84 SLON = -96.85 SELV = 138.0
STIM = 6

SHOW = -0.03 LIFT = -2.46 SWET = 196.44 KINX = 28.59
LCLP = 815.21 PWAT = 42.07 TOTL = 45.28 CAPE = 1008.92
LCLT = 289.69 CINS = -62.71 EQLV = 209.40 LFCT = 683.45
BRCH = 409.56

PRES TMPC TMWC DWPC THTE DRCT SKNT OMEG
CFRL HGHT
1001.00 34.04 23.93 19.82 351.90 194.04 8.00 0.00
0.00 147.96
998.10 33.14 23.62 19.72 350.98 193.76 9.79 0.00
0.00 174.24
992.60 32.44 23.35 19.61 350.66 193.78 10.61 0.00
0.00 224.16
983.10 31.34 22.91 19.41 350.21 193.57 11.60 0.00
0.00 310.79
969.00 29.94 22.32 19.12 349.87 194.47 12.43 0.00
0.00 440.37
951.00 28.24 21.56 18.72 349.48 195.48 13.09 -0.10
0.00 607.70
929.50 26.24 20.66 18.24 349.10 196.86 13.40 -0.20
0.00 810.51
906.00 24.04 19.62 17.66 348.59 198.18 13.69 -0.20
0.00 1036.02
880.40 22.14 17.99 16.03 346.09 198.69 13.95 -0.20
0.00 1286.61
852.00 20.24 16.05 13.91 343.17 198.95 13.75 -0.20
0.00 1571.24
820.50 17.94 14.12 12.02 341.21 195.48 13.09 -0.10
0.00 1895.70
786.10 15.54 11.42 8.87 337.51 183.12 10.70 0.00
0.00 2261.33
748.80 13.94 8.08 3.65 332.90 169.11 10.30 0.00
0.00 2672.94
708.60 11.34 5.54 0.62 332.10 147.60 11.97 0.00
0.00 3136.28
665.50 8.24 2.24 -3.87 330.29 133.78 12.92 0.00
0.00 3657.57
619.40 3.84 -1.16 -7.02 329.76 128.11 12.59 0.10
0.00 4245.66
570.90 -0.56 -5.46 -12.89 328.46 149.30 7.23 0.00
0.00 4902.73
523.90 -3.86 -9.95 -24.70 327.54 236.31 4.20 0.00
0.00 5584.81
481.70 -7.16 -12.71 -28.23 330.65 219.81 3.03 -0.10
0.00 6243.08
443.90 -11.36 -15.74 -28.97 333.15 212.91 7.87 -0.10
0.00 6874.63
409.90 -15.46 -19.23 -33.59 334.62 212.01 7.32 -0.10
0.00 7480.73
379.10 -19.66 -22.54 -34.95 336.48 215.68 9.32 -0.10
0.00 8065.32
351.40 -24.16 -25.68 -31.98 338.60 228.45 11.42 -0.10
0.00 8623.53
326.50 -28.36 -29.55 -35.89 339.22 238.39 11.87 -0.10
0.00 9154.88
304.00 -32.16 -33.31 -42.15 339.92 256.55 9.19 -0.10
0.00 9662.66
283.90 -36.06 -36.91 -45.16 340.75 272.86 7.77 -0.10
0.00 10141.38
265.70 -39.46 -40.22 -50.54 341.88 277.35 6.08 -0.10
0.00 10597.94
248.80 -42.26 -43.00 -58.13 343.85 310.60 3.57 0.00
0.00 11044.81
233.60 -44.66 -45.37 -71.85 346.23 30.47 3.83 -0.10
0.00 11468.66
219.60 -47.56 -48.09 -67.41 347.97 60.26 3.13 -0.10
0.00 11879.39
205.70 -50.66 -51.05 -67.88 349.66 41.63 2.33 -0.10
0.00 12308.21
191.70 -54.06 -54.33 -68.39 351.32 360.00 1.94 0.00
0.00 12763.76
177.80 -57.56 -57.76 -73.70 353.18 300.26 2.70 0.00
0.00 13242.64
163.80 -60.96 -61.10 -74.24 355.85 304.22 5.87 0.00
0.00 13756.11
149.80 -63.96 -64.06 -74.84 359.89 315.71 11.13 0.00
0.00 14307.12
135.90 -66.76 -9999.00 -9999.00 -9999.00 326.07 12.88 0.00
0.00 14899.43
121.90 -69.36 -9999.00 -9999.00 -9999.00 347.59 9.95 0.00
0.00 15552.10
108.00 -70.16 -9999.00 -9999.00 -9999.00 357.40 8.55 0.00
0.00 16272.89
94.00 -69.06 -9999.00 -9999.00 -9999.00 29.74 4.70 0.00
0.00 17100.06
81.00 -67.96 -9999.00 -9999.00 -9999.00 91.47 7.58 0.00
0.00 17991.66
70.60 -66.96 -9999.00 -9999.00 -9999.00 109.38 11.11 0.00
0.00 18819.04
62.20 -64.16 -9999.00 -9999.00 -9999.00 94.21 13.25 0.00
0.00 19588.77
54.30 -62.06 -9999.00 -9999.00 -9999.00 84.81 17.17 0.00
0.00 20423.88
46.90 -59.86 -9999.00 -9999.00 -9999.00 83.60 19.15 0.00
0.00 21333.85
40.10 -57.76 -9999.00 -9999.00 -9999.00 84.04 22.46 0.00
0.00 22316.62
33.80 -56.36 -9999.00 -9999.00 -9999.00 87.63 28.19 0.00
0.00 23397.71
27.80 -53.76 -9999.00 -9999.00 -9999.00 88.03 33.82 0.00
0.00 24645.26
22.30 -50.36 -9999.00 -9999.00 -9999.00 78.80 39.01 0.00
0.00 26071.92
17.10 -46.06 -9999.00 -9999.00 -9999.00 76.47 42.35 0.00
0.00 27820.11
12.30 -42.96 -9999.00 -9999.00 -9999.00 80.83 43.88 0.00
0.00 30025.19

STID = KDAL STNM = 722583 TIME = 200809/1800 
SLAT = 32.84 SLON = -96.85 SELV = 138.0
STIM = 7

SHOW = -0.74 LIFT = -2.46 SWET = 205.29 KINX = 29.37
LCLP = 793.45 PWAT = 41.68 TOTL = 46.16 CAPE = 990.89
LCLT = 288.63 CINS = -45.17 EQLV = 210.22 LFCT = 679.49
BRCH = 632.50

PRES TMPC TMWC DWPC THTE DRCT SKNT OMEG
CFRL HGHT
1000.40 35.24 23.87 19.16 351.59 192.80 8.76 0.00
0.00 148.00
997.40 34.24 23.53 19.06 350.57 192.53 10.74 0.00
0.00 175.30
991.90 33.54 23.26 18.95 350.25 192.63 11.54 0.00
0.00 225.42
982.40 32.54 22.85 18.76 349.96 192.72 12.35 0.00
0.00 312.40
968.40 31.14 22.28 18.50 349.69 193.83 13.00 0.00
0.00 441.62
950.40 29.34 21.52 18.14 349.31 194.83 13.66 0.00
0.00 609.64
928.90 27.34 20.64 17.71 349.08 195.19 14.08 0.00
0.00 813.26
905.40 25.04 19.64 17.23 348.74 196.48 14.37 -0.10
0.00 1039.65
879.90 22.64 18.56 16.70 348.54 197.22 14.43 -0.10
0.00 1290.06
851.40 20.34 16.47 14.55 344.92 198.19 14.32 -0.10
0.00 1576.27
820.00 18.04 14.37 12.39 342.23 198.43 14.12 -0.10
0.00 1900.10
785.60 15.54 11.60 9.20 338.22 194.04 12.82 0.00
4.00 2266.07
748.40 13.84 8.03 3.62 332.80 180.00 11.65 0.10
0.00 2676.77
708.20 11.24 5.46 0.54 331.94 157.86 12.37 0.10
0.00 3140.19
665.10 8.24 2.04 -4.41 329.81 142.43 12.74 0.10
0.00 3661.67
619.10 4.04 -1.29 -7.68 329.48 138.90 12.12 0.10
0.00 4248.95
570.70 -0.36 -5.49 -13.40 328.41 160.56 7.01 0.10
0.00 4905.36
523.70 -3.86 -10.12 -26.01 327.19 249.78 3.92 0.00
0.00 5587.90
481.50 -7.26 -12.77 -28.23 330.56 211.61 2.97 0.00
0.00 6246.28
443.80 -11.46 -15.87 -29.53 332.90 209.74 7.83 0.00
0.00 6876.12
409.80 -15.56 -19.28 -33.41 334.55 211.18 8.62 0.00
0.00 7482.12
379.00 -19.76 -22.71 -35.97 336.19 217.97 10.10 -0.10
0.00 8066.63
351.40 -24.16 -25.80 -32.84 338.38 226.40 11.27 -0.10
0.00 8622.77
326.50 -28.46 -29.59 -35.53 339.15 235.78 11.75 -0.10
0.00 9154.00
304.00 -32.26 -33.36 -41.56 339.86 252.30 9.58 -0.10
0.00 9661.58
283.80 -36.16 -36.97 -44.79 340.68 262.06 8.43 -0.10
0.00 10142.56
265.70 -39.56 -40.29 -49.95 341.77 259.99 6.70 0.00
0.00 10596.50
248.80 -42.46 -43.18 -58.13 343.55 270.00 3.50 0.00
0.00 11043.09
233.60 -44.96 -45.65 -71.85 345.78 78.69 0.99 0.00
0.00 11466.47
219.60 -47.66 -48.18 -67.41 347.82 127.87 2.21 0.00
0.00 11876.84
205.70 -50.76 -51.15 -67.88 349.51 161.57 0.62 0.00
0.00 12305.47
191.70 -54.06 -54.33 -68.39 351.32 277.13 1.57 0.00
0.00 12760.92
177.80 -57.36 -57.57 -73.70 353.51 277.43 4.51 0.10
0.00 13240.02
163.80 -60.76 -60.90 -74.24 356.19 298.39 8.18 0.00
0.00 13753.98
149.80 -64.06 -64.15 -74.84 359.72 313.75 12.65 0.00
0.00 14305.12
135.90 -66.76 -66.83 -75.48 365.09 326.31 12.61 0.00
0.00 14897.29
121.90 -69.16 -9999.00 -9999.00 -9999.00 344.65 10.28 0.00
0.00 15550.27
108.00 -70.46 -9999.00 -9999.00 -9999.00 358.73 8.74 0.00
0.00 16270.88
94.00 -69.46 -9999.00 -9999.00 -9999.00 47.73 5.77 0.00
0.00 17096.63
81.00 -68.16 -9999.00 -9999.00 -9999.00 94.29 7.79 0.00
0.00 17986.93
70.60 -66.56 -9999.00 -9999.00 -9999.00 106.50 10.94 0.00
0.00 18814.71
62.20 -64.06 -9999.00 -9999.00 -9999.00 97.03 14.30 0.00
0.00 19585.37
54.30 -62.86 -9999.00 -9999.00 -9999.00 86.01 16.74 0.00
0.00 20419.09
46.90 -60.46 -9999.00 -9999.00 -9999.00 81.03 18.69 0.00
0.00 21326.05
40.10 -57.96 -9999.00 -9999.00 -9999.00 83.61 22.67 0.00
0.00 22306.99
33.80 -56.36 -9999.00 -9999.00 -9999.00 89.59 27.00 0.00
0.00 23387.58
27.80 -53.46 -9999.00 -9999.00 -9999.00 87.97 32.85 0.00
0.00 24635.99
22.30 -49.66 -9999.00 -9999.00 -9999.00 75.28 39.76 0.00
0.00 26065.87
17.10 -45.06 -9999.00 -9999.00 -9999.00 73.95 44.27 0.00
0.00 27820.67
12.30 -42.96 -9999.00 -9999.00 -9999.00 78.42 40.66 0.00
0.00 30030.57

STID = KDAL STNM = 722583 TIME = 200809/1900 
SLAT = 32.84 SLON = -96.85 SELV = 138.0
STIM = 8

SHOW = -1.95 LIFT = -2.41 SWET = 216.68 KINX = 30.53
LCLP = 776.24 PWAT = 41.53 TOTL = 47.71 CAPE = 945.38
LCLT = 287.74 CINS = -31.27 EQLV = 215.19 LFCT = 670.78
BRCH = 774.43

PRES TMPC TMWC DWPC THTE DRCT SKNT OMEG
CFRL HGHT
999.50 36.14 23.78 18.58 351.22 190.84 9.30 0.00
0.00 147.13
996.50 35.14 23.44 18.47 350.19 190.92 11.29 0.00
0.00 174.52
991.00 34.44 23.17 18.36 349.88 191.13 12.08 0.10
0.00 224.81
981.50 33.44 22.77 18.19 349.65 191.31 12.88 0.10
0.00 312.11
967.50 32.04 22.19 17.92 349.36 191.63 13.48 0.10
0.00 441.79
949.50 30.34 21.47 17.59 349.18 192.88 13.95 0.10
0.00 610.45
928.10 28.24 20.57 17.17 348.86 193.28 14.37 0.10
0.00 813.89
904.60 25.94 19.57 16.70 348.55 194.59 14.65 0.10
0.00 1041.10
879.10 23.54 18.50 16.18 348.39 195.32 14.70 0.00
0.00 1292.43
850.70 20.74 17.22 15.55 348.04 196.26 14.57 0.00
0.00 1578.54
819.30 18.44 14.43 12.27 342.56 196.48 14.37 -0.10
0.00 1903.16
785.00 15.14 12.47 10.95 341.37 195.40 13.91 0.00
5.00 2268.48
747.80 13.54 8.27 4.40 333.69 191.98 13.11 0.00
0.00 2679.19
707.60 11.24 5.30 0.16 331.56 171.74 12.16 0.10
0.00 3142.79
664.60 8.24 1.91 -4.77 329.55 150.14 12.10 0.10
0.00 3663.43
618.70 4.24 -1.38 -8.26 329.30 145.18 10.88 0.10
0.00 4250.00
570.30 -0.26 -5.52 -13.72 328.40 164.58 5.85 0.00
0.00 4907.17
523.50 -3.86 -10.21 -26.79 327.02 282.99 2.58 0.00
0.00 5587.28
481.30 -7.36 -12.85 -28.38 330.44 209.05 2.00 0.00
0.00 6245.79
443.60 -11.46 -15.94 -30.11 332.80 212.83 7.17 -0.10
0.00 6875.78
409.70 -15.56 -19.30 -33.60 334.53 219.64 8.84 -0.10
0.00 7480.19
379.00 -19.76 -22.76 -36.63 336.08 225.78 10.02 -0.10
0.00 8062.87
351.30 -24.16 -25.90 -33.62 338.22 229.29 11.01 -0.10
0.00 8621.09
326.40 -28.46 -29.53 -35.02 339.29 238.57 12.30 -0.10
0.00 9152.47
304.00 -32.36 -33.37 -40.73 339.83 250.91 10.68 -0.10
0.00 9657.78
283.80 -36.26 -37.04 -44.43 340.57 258.47 9.71 -0.10
0.00 10138.57
265.70 -39.66 -40.35 -49.38 341.66 255.26 7.63 -0.10
0.00 10592.32
248.80 -42.56 -43.27 -58.13 343.40 256.61 4.20 0.00
0.00 11038.72
233.60 -44.96 -45.63 -66.97 345.82 164.05 1.42 0.00
0.00 11462.01
219.60 -47.56 -48.09 -67.41 347.97 175.24 2.33 0.00
0.00 11872.47
205.70 -50.56 -50.96 -67.88 349.82 234.46 1.67 0.10
0.00 12301.39
191.70 -53.76 -54.04 -68.39 351.81 279.46 3.54 0.10
0.00 12757.35
177.80 -57.06 -57.28 -73.70 354.00 291.80 7.32 0.00
0.00 13237.11
163.80 -60.66 -60.80 -74.24 356.36 309.94 10.90 0.00
0.00 13751.55
149.80 -63.96 -64.06 -74.84 359.89 320.41 13.11 0.00
0.00 14302.95
135.90 -66.46 -66.53 -75.48 365.62 328.50 14.12 0.00
0.00 14895.69
121.90 -69.06 -9999.00 -9999.00 -9999.00 344.74 11.07 0.00
0.00 15549.31
108.00 -69.96 -9999.00 -9999.00 -9999.00 9.69 8.08 0.00
0.00 16270.99
94.00 -68.86 -9999.00 -9999.00 -9999.00 65.56 7.03 0.00
0.00 17098.97
81.00 -67.36 -9999.00 -9999.00 -9999.00 98.75 7.67 0.00
0.00 17992.32
70.60 -65.66 -9999.00 -9999.00 -9999.00 103.07 11.17 0.00
0.00 18823.51
62.20 -63.56 -9999.00 -9999.00 -9999.00 100.52 13.83 0.00
0.00 19596.77
54.30 -62.06 -9999.00 -9999.00 -9999.00 86.24 14.80 0.00
0.00 20433.08
46.90 -59.56 -9999.00 -9999.00 -9999.00 84.47 18.14 0.00
0.00 21343.69
40.10 -57.46 -9999.00 -9999.00 -9999.00 88.95 21.17 0.00
0.00 22327.83
33.80 -55.86 -9999.00 -9999.00 -9999.00 92.19 25.47 0.00
0.00 23410.92
27.80 -53.36 -9999.00 -9999.00 -9999.00 90.66 33.61 0.00
0.00 24661.05
22.30 -49.56 -9999.00 -9999.00 -9999.00 82.94 41.10 0.00
0.00 26091.58
17.10 -44.86 -9999.00 -9999.00 -9999.00 82.91 45.61 0.00
0.00 27847.54
12.30 -43.16 -9999.00 -9999.00 -9999.00 84.70 40.00 0.00
0.00 30057.44

STID = KDAL STNM = 722583 TIME = 200809/2000 
SLAT = 32.84 SLON = -96.85 SELV = 138.0
STIM = 9

SHOW = -2.40 LIFT = -2.69 SWET = 217.52 KINX = 31.39
LCLP = 765.75 PWAT = 41.93 TOTL = 48.66 CAPE = 1035.64
LCLT = 287.31 CINS = -11.32 EQLV = 212.96 LFCT = 759.17
BRCH = 832.05

PRES TMPC TMWC DWPC THTE DRCT SKNT OMEG
CFRL HGHT
999.00 36.84 23.84 18.35 351.51 188.13 9.62 0.00
0.00 146.24
995.90 35.84 23.50 18.25 350.53 188.53 11.79 0.10
0.00 174.62
990.40 35.14 23.23 18.14 350.22 188.75 12.78 0.10
0.00 225.05
980.90 34.14 22.84 17.98 350.01 188.37 13.34 0.10
0.00 312.59
966.90 32.84 22.29 17.72 349.87 189.59 13.99 0.10
0.00 442.66
949.00 31.04 21.57 17.42 349.65 190.10 14.39 0.10
0.00 610.87
927.50 29.04 20.72 17.03 349.55 191.31 14.86 0.10
0.00 815.87
904.10 26.74 19.75 16.60 349.34 191.89 15.09 0.00
0.00 1042.84
878.60 24.24 18.66 16.10 349.12 193.32 15.17 0.00
0.00 1294.94
850.20 21.44 17.42 15.53 348.93 194.93 15.07 -0.10
0.00 1581.88
818.90 18.74 14.73 12.61 343.75 195.84 14.94 -0.10
0.00 1906.22
784.60 16.04 12.05 9.68 339.92 196.26 14.57 -0.10
0.00 2272.41
747.40 12.24 9.90 8.43 339.09 195.95 14.14 -0.10
6.00 2683.23
707.30 11.14 5.20 0.03 331.33 190.95 12.28 0.00
0.00 3145.07
664.30 8.14 1.86 -4.78 329.47 160.56 10.51 0.00
0.00 3665.75
618.40 4.24 -1.50 -8.66 329.03 151.78 9.03 0.00
0.00 4252.48
570.10 -0.26 -5.52 -13.73 328.43 172.23 4.31 0.00
0.00 4908.54
523.30 -3.96 -10.26 -26.66 326.97 318.01 2.62 -0.10
0.00 5588.78
481.20 -7.46 -12.96 -28.81 330.23 209.74 1.57 -0.10
0.00 6245.67
443.50 -11.56 -16.08 -30.73 332.55 214.99 7.11 -0.10
0.00 6875.54
409.60 -15.56 -19.30 -33.60 334.56 227.49 9.48 -0.10
0.00 7479.98
378.90 -19.86 -22.87 -37.10 335.89 231.84 10.37 -0.10
0.00 8062.68
351.30 -24.16 -25.97 -34.27 338.08 232.94 11.93 -0.10
0.00 8618.84
326.40 -28.56 -29.55 -34.53 339.26 242.02 14.08 -0.10
0.00 9150.11
304.00 -32.66 -33.48 -39.02 339.67 248.52 12.74 -0.10
0.00 9655.02
283.80 -36.46 -37.19 -44.08 340.32 251.57 10.45 -0.10
0.00 10135.32
265.70 -39.86 -40.53 -49.38 341.37 247.17 8.00 0.00
0.00 10588.68
248.80 -42.66 -43.34 -56.89 343.29 241.56 5.30 0.00
0.00 11034.80
233.60 -44.86 -45.53 -66.97 345.97 200.56 3.32 0.00
0.00 11458.09
219.60 -47.46 -48.00 -67.41 348.13 214.51 3.77 0.00
0.00 11868.73
205.70 -50.46 -50.86 -67.88 349.98 255.96 4.00 0.00
0.00 12297.84
191.70 -53.66 -53.95 -68.39 351.97 282.72 6.18 0.00
0.00 12754.01
177.80 -57.06 -57.28 -73.70 354.00 300.76 9.50 0.00
0.00 13233.88
163.80 -60.76 -60.90 -74.24 356.19 314.29 11.13 0.00
0.00 13748.19
149.80 -63.76 -63.86 -74.84 360.24 318.50 13.48 0.00
0.00 14299.73
135.90 -66.46 -66.53 -75.48 365.62 327.36 14.76 0.00
0.00 14892.75
121.90 -68.96 -9999.00 -9999.00 -9999.00 348.06 10.33 0.00
0.00 15546.53
108.00 -69.66 -9999.00 -9999.00 -9999.00 22.99 6.95 0.00
0.00 16268.92
94.00 -68.66 -9999.00 -9999.00 -9999.00 79.99 6.70 0.00
0.00 17097.92
81.00 -67.36 -9999.00 -9999.00 -9999.00 106.70 6.08 0.00
0.00 17991.70
70.60 -66.06 -9999.00 -9999.00 -9999.00 97.28 9.21 0.00
0.00 18822.09
62.20 -63.96 -9999.00 -9999.00 -9999.00 90.00 10.49 0.00
0.00 19593.87
54.30 -61.86 -9999.00 -9999.00 -9999.00 73.47 12.98 0.00
0.00 20429.77
46.90 -59.16 -9999.00 -9999.00 -9999.00 81.35 18.08 0.00
0.00 21341.67
40.10 -57.96 -9999.00 -9999.00 -9999.00 86.60 19.66 0.00
0.00 22325.59
33.80 -56.46 -9999.00 -9999.00 -9999.00 85.28 23.58 0.00
0.00 23405.92
27.80 -53.76 -9999.00 -9999.00 -9999.00 85.68 30.98 0.00
0.00 24653.19
22.30 -50.06 -9999.00 -9999.00 -9999.00 88.01 39.06 0.00
0.00 26080.82
17.10 -46.96 -9999.00 -9999.00 -9999.00 86.86 42.60 0.00
0.00 27826.68
12.30 -43.76 -9999.00 -9999.00 -9999.00 82.50 40.17 0.00
0.00 30023.55

STID = KDAL STNM = 722583 TIME = 200809/2100 
SLAT = 32.84 SLON = -96.85 SELV = 138.0
STIM = 10

SHOW = -2.48 LIFT = -2.78 SWET = 217.42 KINX = 33.07
LCLP = 757.53 PWAT = 42.62 TOTL = 49.12 CAPE = 1053.26
LCLT = 286.90 CINS = -3.73 EQLV = 212.39 LFCT = 760.21
BRCH = 549.77

PRES TMPC TMWC DWPC THTE DRCT SKNT OMEG
CFRL HGHT
997.70 37.24 23.79 18.08 351.47 185.49 10.14 0.00
0.00 147.17
994.70 36.34 23.48 17.97 350.56 186.24 12.51 0.00
0.00 174.71
989.20 35.64 23.21 17.86 350.26 186.61 13.50 0.00
0.00 225.28
979.70 34.74 22.84 17.69 350.15 186.34 14.06 0.00
0.00 313.07
965.80 33.34 22.27 17.44 349.91 186.84 14.67 0.00
0.00 442.57
947.80 31.64 21.56 17.12 349.77 188.03 15.31 0.00
0.00 612.21
926.40 29.54 20.69 16.74 349.57 188.64 15.52 0.00
0.00 816.86
903.00 27.24 19.70 16.29 349.31 189.93 15.77 0.00
0.00 1044.44
877.60 24.84 18.65 15.80 349.24 191.31 15.85 -0.10
0.00 1296.27
849.30 21.94 17.38 15.23 348.92 192.84 15.73 -0.10
0.00 1583.01
818.00 18.84 15.94 14.53 348.66 194.56 15.46 -0.10
0.00 1908.16
783.70 16.04 12.59 10.63 342.01 196.35 15.19 -0.10
0.00 2275.06
746.60 12.04 10.54 9.62 341.37 199.18 14.20 -0.10
16.00 2685.27
706.50 10.64 5.40 0.99 332.08 200.06 13.03 0.00
2.00 3147.21
663.60 7.94 1.73 -4.86 329.27 176.35 9.15 0.00
0.00 3666.67
617.90 4.24 -1.57 -8.87 328.94 163.44 7.50 0.00
0.00 4251.16
569.70 -0.26 -5.58 -13.95 328.37 180.00 2.91 0.00
0.00 4906.35
522.90 -4.06 -10.31 -26.54 326.95 352.41 2.93 0.00
0.00 5586.95
480.90 -7.56 -13.06 -29.11 330.09 187.13 1.57 0.00
0.00 6242.48
443.30 -11.56 -16.14 -31.38 332.45 212.47 7.60 0.10
0.00 6870.89
409.40 -15.56 -19.32 -33.79 334.57 229.90 9.65 0.10
0.00 7475.61
378.80 -19.76 -22.82 -37.34 336.02 235.44 10.61 0.10
0.00 8056.74
351.20 -24.06 -25.88 -34.11 338.28 237.26 12.94 0.00
0.00 8613.27
326.30 -28.66 -29.61 -34.37 339.19 246.50 14.61 0.00
0.00 9144.71
303.90 -32.86 -33.65 -39.03 339.42 247.38 12.63 0.00
1.00 9649.47
283.80 -36.56 -37.35 -45.17 340.06 243.95 9.73 0.10
0.00 10127.16
265.70 -39.66 -40.40 -50.54 341.58 238.57 8.20 0.10
0.00 10580.62
248.80 -42.46 -43.18 -58.13 343.55 234.87 6.41 0.10
0.00 11027.11
233.60 -44.76 -45.44 -66.97 346.13 217.30 5.13 0.10
0.00 11450.68
219.60 -47.46 -48.00 -67.41 348.13 236.89 5.34 0.00
0.00 11861.41
205.70 -50.46 -50.86 -67.88 349.98 268.09 5.83 0.00
0.00 12290.52
191.70 -53.76 -54.04 -68.39 351.81 291.25 7.50 0.00
0.00 12746.59
177.80 -57.26 -57.47 -73.70 353.67 311.63 9.36 0.00
0.00 13226.12
163.80 -60.86 -61.00 -74.24 356.02 316.55 10.16 0.00
0.00 13740.08
149.80 -63.86 -63.96 -74.84 360.06 318.43 13.75 0.00
0.00 14291.35
135.90 -66.66 -66.73 -75.48 365.27 331.93 13.21 0.00
0.00 14883.95
121.90 -68.86 -9999.00 -9999.00 -9999.00 358.67 8.35 0.00
0.00 15537.57
108.00 -69.66 -9999.00 -9999.00 -9999.00 47.39 6.60 0.00
0.00 16260.13
94.00 -69.06 -9999.00 -9999.00 -9999.00 102.87 6.97 0.00
0.00 17088.32
81.00 -67.86 -9999.00 -9999.00 -9999.00 132.27 5.77 0.00
0.00 17980.14
70.60 -66.76 -9999.00 -9999.00 -9999.00 110.22 7.87 0.00
0.00 18808.12
62.20 -64.36 -9999.00 -9999.00 -9999.00 88.81 9.32 0.00
0.00 19577.85
54.30 -61.56 -9999.00 -9999.00 -9999.00 70.08 14.26 0.00
0.00 20413.56
46.90 -58.66 -9999.00 -9999.00 -9999.00 75.40 19.27 0.00
0.00 21327.17
40.10 -57.66 -9999.00 -9999.00 -9999.00 76.24 19.60 0.00
0.00 22312.92
33.80 -56.16 -9999.00 -9999.00 -9999.00 77.69 21.87 0.00
0.00 23394.76
27.80 -53.16 -9999.00 -9999.00 -9999.00 82.04 28.05 0.00
0.00 24644.60
22.30 -50.26 -9999.00 -9999.00 -9999.00 89.70 37.49 0.00
0.00 26073.52
17.10 -48.36 -9999.00 -9999.00 -9999.00 88.39 41.39 0.00
0.00 27813.16
12.30 -43.96 -9999.00 -9999.00 -9999.00 83.01 41.49 0.00
0.00 30002.32

STID = KDAL STNM = 722583 TIME = 200809/2200 
SLAT = 32.84 SLON = -96.85 SELV = 138.0
STIM = 11

SHOW = -2.48 LIFT = -2.76 SWET = 220.41 KINX = 38.85
LCLP = 753.21 PWAT = 43.36 TOTL = 49.29 CAPE = 1075.52
LCLT = 286.72 CINS = -5.56 EQLV = 209.50 LFCT = 740.29
BRCH = 395.38

PRES TMPC TMWC DWPC THTE DRCT SKNT OMEG
CFRL HGHT
997.60 37.54 23.82 17.98 351.58 185.39 10.33 0.00
0.00 147.18
994.60 36.74 23.54 17.87 350.79 186.15 12.70 0.00
0.00 174.75
989.20 36.04 23.27 17.77 350.49 186.43 13.87 0.00
0.00 224.47
979.70 35.04 22.87 17.59 350.24 186.84 14.67 0.00
0.00 312.35
965.70 33.74 22.34 17.36 350.19 187.31 15.27 0.00
0.00 442.94
947.80 32.04 21.63 17.04 350.04 187.83 15.70 -0.10
0.00 611.86
926.40 29.94 20.75 16.65 349.81 189.01 16.12 -0.10
0.00 816.76
903.00 27.74 19.80 16.21 349.71 190.24 16.38 -0.20
0.00 1044.68
877.60 25.24 18.71 15.71 349.49 192.24 16.49 -0.30
0.00 1296.87
849.30 22.44 17.46 15.11 349.22 193.71 16.39 -0.30
0.00 1584.04
817.90 19.24 15.94 14.33 348.66 196.90 16.05 -0.40
0.00 1910.71
783.80 15.94 13.66 12.45 345.93 200.05 15.31 -0.40
1.00 2275.80
746.50 13.24 9.90 7.78 339.22 203.20 14.80 -0.20
0.00 2689.02
706.50 9.04 7.15 5.83 337.47 204.78 13.91 -0.10
11.00 3149.69
663.60 7.84 1.69 -4.86 329.15 201.32 8.55 0.00
0.00 3667.95
617.80 4.24 -1.61 -8.99 328.87 178.09 5.83 0.00
0.00 4253.66
569.60 -0.16 -5.62 -14.33 328.28 203.20 1.48 0.00
0.00 4909.05
522.90 -4.06 -10.31 -26.54 326.95 9.46 3.54 0.10
0.00 5588.37
480.90 -7.36 -12.99 -29.71 330.20 198.43 2.45 0.00
0.00 6244.15
443.30 -11.36 -16.08 -32.06 332.56 219.47 8.55 0.00
0.00 6873.02
409.40 -15.46 -19.29 -34.18 334.62 238.67 10.47 0.00
0.00 7478.07
378.80 -19.66 -22.75 -37.34 336.15 243.43 11.73 -0.10
0.00 8059.43
351.20 -24.16 -25.80 -32.85 338.44 246.50 14.61 -0.10
0.00 8615.97
326.30 -28.76 -29.67 -34.21 339.09 250.82 14.20 -0.10
0.00 9147.21
303.90 -32.86 -33.82 -41.01 339.12 247.17 12.00 0.00
0.00 9651.85
283.80 -36.26 -37.22 -47.76 340.25 241.93 9.91 0.10
0.00 10129.83
265.70 -39.36 -40.20 -52.61 341.90 243.43 9.56 0.10
0.00 10583.85
248.80 -42.26 -43.02 -59.58 343.80 249.44 8.29 0.00
0.00 11030.82
233.60 -44.66 -45.35 -66.97 346.28 244.89 6.86 0.00
0.00 11454.66
219.60 -47.46 -48.00 -67.41 348.13 259.82 7.69 0.00
0.00 11865.48
205.70 -50.56 -50.96 -67.88 349.82 280.78 8.31 0.00
0.00 12294.50
191.70 -53.76 -54.07 -73.19 351.76 297.12 8.95 0.00
0.00 12750.46
177.80 -57.16 -57.38 -73.70 353.84 312.51 9.48 0.00
0.00 13230.10
163.80 -60.66 -60.80 -74.24 356.36 310.18 11.44 0.00
0.00 13744.42
149.80 -63.96 -64.06 -74.84 359.89 321.60 13.13 0.00
0.00 14295.82
135.90 -66.46 -66.53 -75.48 365.62 338.59 10.64 0.00
0.00 14888.56
121.90 -68.66 -9999.00 -9999.00 -9999.00 8.88 6.29 0.00
0.00 15542.82
108.00 -69.96 -9999.00 -9999.00 -9999.00 63.43 5.65 0.00
0.00 16265.21
94.00 -69.66 -9999.00 -9999.00 -9999.00 122.74 6.47 0.00
0.00 17091.57
81.00 -68.26 -9999.00 -9999.00 -9999.00 153.43 5.21 0.00
0.00 17981.20
70.60 -66.46 -9999.00 -9999.00 -9999.00 116.57 7.38 0.00
0.00 18808.98
62.20 -63.66 -9999.00 -9999.00 -9999.00 94.57 9.75 0.00
0.00 19580.57
54.30 -61.06 -9999.00 -9999.00 -9999.00 76.84 15.37 0.00
0.00 20418.67
46.90 -58.86 -9999.00 -9999.00 -9999.00 76.37 19.79 0.00
0.00 21332.92
40.10 -57.76 -9999.00 -9999.00 -9999.00 67.59 20.38 0.00
0.00 22317.99
33.80 -55.76 -9999.00 -9999.00 -9999.00 68.65 22.94 0.00
0.00 23400.57
27.80 -52.66 -9999.00 -9999.00 -9999.00 80.10 29.39 0.00
0.00 24652.99
22.30 -50.46 -9999.00 -9999.00 -9999.00 88.46 36.15 0.00
0.00 26082.87
17.10 -47.76 -9999.00 -9999.00 -9999.00 87.59 41.61 0.00
0.00 27824.07
12.30 -43.96 -9999.00 -9999.00 -9999.00 81.31 45.01 0.00
0.00 30016.12

STID = KDAL STNM = 722583 TIME = 200809/2300 
SLAT = 32.84 SLON = -96.85 SELV = 138.0
STIM = 12

SHOW = -2.39 LIFT = -2.63 SWET = 218.15 KINX = 40.13
LCLP = 752.65 PWAT = 44.14 TOTL = 49.19 CAPE = 1063.39
LCLT = 286.58 CINS = -2.39 EQLV = 210.83 LFCT = 747.44
BRCH = 205.82

PRES TMPC TMWC DWPC THTE DRCT SKNT OMEG
CFRL HGHT
997.50 37.44 23.72 17.84 351.11 181.04 10.68 0.00
0.00 147.18
994.50 36.74 23.47 17.75 350.50 181.64 13.60 0.00
0.00 174.75
989.00 36.14 23.22 17.63 350.28 182.20 15.17 0.00
0.00 225.40
979.50 35.24 22.86 17.47 350.20 182.79 15.95 0.00
0.00 313.33
965.60 33.84 22.29 17.23 349.99 183.37 16.53 -0.10
0.00 443.06
947.70 32.24 21.62 16.93 350.01 184.60 16.96 -0.20
0.00 612.07
926.20 30.14 20.75 16.54 349.80 185.84 17.19 -0.20
0.00 818.09
902.90 27.94 19.80 16.11 349.71 187.13 17.23 -0.30
0.00 1045.21
877.50 25.44 18.72 15.62 349.52 189.78 17.15 -0.40
0.00 1297.59
849.20 22.64 17.46 15.02 349.25 192.60 16.92 -0.50
0.00 1584.97
817.90 19.54 15.99 14.26 348.85 196.50 16.41 -0.50
0.00 1910.89
783.60 16.04 13.97 12.89 347.14 203.59 15.05 -0.40
0.00 2278.44
746.50 12.84 10.85 9.67 342.48 207.94 14.51 -0.20
4.00 2689.48
706.40 8.94 7.76 6.96 339.41 213.69 13.31 0.00
23.00 3151.19
663.40 7.44 1.83 -3.94 329.61 221.63 9.36 0.10
1.00 3670.47
617.70 4.14 -1.71 -9.16 328.63 196.26 4.86 0.10
0.00 4254.56
569.50 -0.16 -5.68 -14.55 328.17 206.57 0.43 0.10
0.00 4909.93
522.80 -3.96 -10.19 -26.03 327.23 27.90 3.73 0.10
0.00 5589.49
480.80 -7.26 -13.00 -30.36 330.20 208.07 3.30 0.10
0.00 6245.65
443.20 -11.36 -16.10 -32.24 332.55 225.00 9.34 0.00
0.00 6874.76
409.40 -15.46 -19.32 -34.57 334.55 241.63 11.03 0.00
0.00 7478.09
378.70 -19.76 -22.86 -37.83 335.97 246.32 12.08 -0.10
0.00 8061.30
351.20 -24.36 -25.95 -32.85 338.16 250.08 14.26 -0.10
0.00 8615.57
326.30 -28.96 -29.89 -34.69 338.70 247.57 13.25 -0.10
0.00 9146.37
303.90 -32.86 -33.97 -43.11 338.85 241.31 11.73 0.00
0.00 9650.79
283.80 -36.06 -37.16 -50.62 340.34 239.59 10.35 0.00
0.00 10128.95
265.70 -39.26 -40.11 -52.61 342.04 247.38 10.10 0.00
0.00 10583.25
248.80 -42.26 -43.02 -59.58 343.80 257.47 8.95 0.00
0.00 11030.32
233.60 -44.76 -45.46 -71.85 346.08 257.32 7.96 0.00
0.00 11454.07
219.60 -47.46 -48.02 -72.27 348.08 271.25 8.94 0.00
0.00 11864.80
205.70 -50.56 -50.96 -67.88 349.82 288.80 9.63 0.00
0.00 12293.81
191.70 -53.76 -54.07 -73.19 351.76 303.37 9.54 0.00
0.00 12749.77
177.80 -57.06 -57.28 -73.70 354.00 311.19 10.33 0.00
0.00 13229.53
163.80 -60.76 -60.90 -74.24 356.19 314.37 12.51 0.00
0.00 13743.84
149.80 -63.96 -64.06 -74.84 359.89 329.74 10.80 0.00
0.00 14295.12
135.90 -66.16 -66.23 -75.48 366.15 343.69 8.29 0.00
0.00 14888.28
121.90 -68.56 -9999.00 -9999.00 -9999.00 8.43 5.30 0.00
0.00 15543.18
108.00 -70.16 -9999.00 -9999.00 -9999.00 48.58 4.41 0.00
0.00 16265.39
94.00 -69.76 -9999.00 -9999.00 -9999.00 135.00 4.66 0.00
0.00 17091.14
81.00 -67.86 -9999.00 -9999.00 -9999.00 165.26 3.81 0.00
0.00 17981.43
70.60 -65.56 -9999.00 -9999.00 -9999.00 113.63 6.78 0.00
0.00 18811.83
62.20 -62.76 -9999.00 -9999.00 -9999.00 88.73 8.74 0.00
0.00 19586.75
54.30 -60.36 -9999.00 -9999.00 -9999.00 79.95 15.58 0.00
0.00 20428.02
46.90 -59.46 -9999.00 -9999.00 -9999.00 85.47 19.68 0.00
0.00 21342.49
40.10 -58.46 -9999.00 -9999.00 -9999.00 72.45 19.97 0.00
0.00 22324.58
33.80 -55.76 -9999.00 -9999.00 -9999.00 68.63 23.99 0.00
0.00 23405.41
27.80 -52.56 -9999.00 -9999.00 -9999.00 80.48 30.54 0.00
0.00 24658.11
22.30 -50.46 -9999.00 -9999.00 -9999.00 86.75 34.25 0.00
0.00 26088.32
17.10 -47.66 -9999.00 -9999.00 -9999.00 83.15 40.70 0.00
0.00 27829.91
12.30 -43.76 -9999.00 -9999.00 -9999.00 76.77 46.70 0.00
0.00 30023.41

STID = KDAL STNM = 722583 TIME = 200810/0000 
SLAT = 32.84 SLON = -96.85 SELV = 138.0
STIM = 13

SHOW = -2.14 LIFT = -2.31 SWET = 219.15 KINX = 39.16
LCLP = 758.63 PWAT = 44.00 TOTL = 48.55 CAPE = 1030.10
LCLT = 286.78 CINS = -6.32 EQLV = 209.71 LFCT = 750.56
BRCH = 107.51

PRES TMPC TMWC DWPC THTE DRCT SKNT OMEG
CFRL HGHT
997.30 36.94 23.63 17.92 350.76 173.99 11.13 0.00
0.00 148.08
994.30 36.44 23.43 17.83 350.38 175.43 14.61 0.10
0.00 175.62
988.90 35.84 23.19 17.72 350.18 175.96 16.55 0.10
0.00 225.31
979.40 34.94 22.81 17.54 350.04 176.23 17.72 0.10
0.00 313.18
965.40 33.64 22.28 17.31 349.99 177.56 18.28 0.10
0.00 443.76
947.50 31.94 21.58 17.01 349.89 178.21 18.65 0.10
0.00 612.67
926.10 29.94 20.75 16.64 349.83 180.00 18.84 0.00
0.00 817.61
902.70 27.74 19.80 16.21 349.76 182.36 18.86 0.00
0.00 1045.60
877.40 25.24 18.73 15.74 349.60 185.41 18.53 0.00
0.00 1296.87
849.10 22.44 17.49 15.17 349.41 190.58 17.99 -0.10
0.00 1584.11
817.70 19.34 16.05 14.46 349.15 196.76 16.84 -0.10
0.00 1910.94
783.50 16.24 13.76 12.45 346.36 209.28 14.70 0.00
0.00 2277.47
746.40 12.64 11.15 10.28 343.55 213.91 14.28 0.20
4.00 2688.57
706.30 9.14 7.61 6.56 338.93 224.37 12.51 0.30
34.00 3150.37
663.40 7.64 1.66 -4.67 329.13 236.31 9.11 0.20
0.00 3668.77
617.60 4.24 -1.81 -9.66 328.38 205.20 3.65 0.10
0.00 4254.44
569.50 -0.06 -5.72 -14.95 328.05 36.87 0.97 0.00
0.00 4908.70
522.80 -3.66 -10.01 -26.03 327.60 42.71 3.44 0.10
0.00 5588.75
480.80 -6.96 -12.90 -31.39 330.36 221.63 4.68 0.10
0.00 6245.63
443.20 -11.26 -16.01 -32.06 332.71 232.91 9.98 0.00
0.00 6875.22
409.40 -15.56 -19.43 -34.99 334.35 244.75 11.38 -0.10
0.00 7478.54
378.70 -19.86 -22.97 -38.35 335.76 248.37 12.12 -0.10
0.00 8061.52
351.10 -24.46 -26.11 -33.46 337.91 251.03 13.15 -0.10
0.00 8617.65
326.30 -28.96 -30.03 -35.90 338.44 243.03 12.43 0.00
0.00 9146.27
303.90 -32.76 -34.00 -44.93 338.79 238.39 11.87 0.00
0.00 9650.77
283.80 -36.06 -37.18 -51.31 340.30 241.99 10.33 0.00
0.00 10129.02
265.70 -39.36 -40.20 -52.61 341.90 253.07 9.34 0.00
0.00 10583.23
248.80 -42.36 -43.11 -59.58 343.65 264.92 8.78 -0.10
0.00 11030.10
233.60 -44.86 -45.56 -71.85 345.93 271.33 8.35 -0.10
0.00 11453.67
219.60 -47.66 -48.21 -72.27 347.77 284.32 9.42 -0.10
0.00 11864.12
205.70 -50.66 -51.08 -72.71 349.62 298.95 10.43 -0.10
0.00 12292.85
191.70 -53.76 -54.04 -68.39 351.81 311.28 10.61 -0.10
0.00 12748.71
177.80 -57.26 -57.47 -73.70 353.67 315.00 11.54 -0.10
0.00 13228.25
163.80 -60.96 -61.10 -74.24 355.85 324.12 11.27 0.00
0.00 13742.08
149.80 -63.76 -63.86 -74.84 360.24 334.49 9.48 0.00
0.00 14293.36
135.90 -66.16 -66.23 -75.48 366.15 340.64 7.61 0.00
0.00 14886.81
121.90 -68.86 -9999.00 -9999.00 -9999.00 1.97 5.63 0.00
0.00 15541.22
108.00 -70.46 -9999.00 -9999.00 -9999.00 26.57 5.21 0.00
0.00 16262.37
94.00 -69.46 -9999.00 -9999.00 -9999.00 123.69 1.40 0.00
0.00 17088.12
81.00 -67.16 -9999.00 -9999.00 -9999.00 270.00 0.58 0.00
0.00 17980.59
70.60 -64.96 -9999.00 -9999.00 -9999.00 81.57 5.30 0.00
0.00 18813.60
62.20 -62.76 -9999.00 -9999.00 -9999.00 67.96 8.80 0.00
0.00 19589.64
54.30 -60.76 -9999.00 -9999.00 -9999.00 74.80 16.30 0.00
0.00 20430.11
46.90 -60.16 -9999.00 -9999.00 -9999.00 82.29 18.82 0.00
0.00 21342.23
40.10 -58.46 -9999.00 -9999.00 -9999.00 70.16 20.03 0.00
0.00 22322.71
33.80 -55.56 -9999.00 -9999.00 -9999.00 69.65 25.70 0.00
0.00 23404.04
27.80 -52.86 -9999.00 -9999.00 -9999.00 83.66 29.90 0.00
0.00 24656.45
22.30 -49.96 -9999.00 -9999.00 -9999.00 88.43 35.57 0.00
0.00 26087.31
17.10 -47.26 -9999.00 -9999.00 -9999.00 80.45 42.15 0.00
0.00 27832.39
12.30 -43.86 -9999.00 -9999.00 -9999.00 76.31 46.78 0.00
0.00 30027.34

STID = KDAL STNM = 722583 TIME = 200810/0100 
SLAT = 32.84 SLON = -96.85 SELV = 138.0
STIM = 14

SHOW = -1.77 LIFT = -1.82 SWET = 219.69 KINX = 37.22
LCLP = 765.63 PWAT = 42.82 TOTL = 47.92 CAPE = 885.47
LCLT = 286.81 CINS = -21.90 EQLV = 215.77 LFCT = 745.05
BRCH = 69.37

PRES TMPC TMWC DWPC THTE DRCT SKNT OMEG
CFRL HGHT
997.10 36.14 23.35 17.80 349.55 171.25 10.22 0.00
0.00 147.15
994.10 35.84 23.20 17.70 349.37 171.43 14.34 0.10
0.00 174.63
988.70 35.34 22.98 17.58 349.26 172.79 17.04 0.10
0.00 224.23
979.20 34.54 22.63 17.40 349.25 173.53 18.96 0.20
0.00 311.98
965.30 33.24 22.08 17.15 349.12 175.01 20.09 0.20
0.00 441.47
947.30 31.54 21.38 16.85 349.04 176.22 20.63 0.30
0.00 611.12
925.90 29.64 20.56 16.46 349.05 178.39 20.78 0.30
0.00 815.85
902.60 27.44 19.62 16.04 348.98 181.08 20.59 0.40
0.00 1042.66
877.20 24.94 18.55 15.58 348.86 184.40 20.26 0.40
0.00 1294.70
848.90 22.34 17.37 15.01 348.91 192.59 18.71 0.40
0.00 1581.78
817.60 19.44 15.81 14.02 348.18 202.42 16.80 0.50
0.00 1907.58
783.40 16.34 13.30 11.64 344.63 211.70 15.52 0.50
0.00 2274.18
746.20 12.64 11.09 10.17 343.35 215.97 14.88 0.50
8.00 2686.46
706.20 9.44 6.98 5.23 336.98 230.19 12.14 0.30
23.00 3147.33
663.30 7.84 1.50 -5.40 328.69 240.80 7.56 0.10
0.00 3666.11
617.60 4.24 -1.92 -10.05 328.10 185.19 2.14 0.10
0.00 4250.70
569.40 -0.06 -5.80 -15.30 327.88 53.13 1.94 0.10
0.00 4906.35
522.80 -3.36 -9.86 -26.28 327.89 57.53 2.53 0.20
0.00 5585.36
480.80 -6.86 -12.95 -32.73 330.23 233.53 5.56 0.10
0.00 6242.71
443.20 -11.26 -15.98 -31.71 332.78 239.66 9.23 0.00
0.00 6872.41
409.40 -15.66 -19.53 -35.42 334.14 247.62 10.72 0.00
0.00 7475.62
378.70 -19.96 -23.04 -38.35 335.62 252.76 11.79 0.00
0.00 8058.36
351.10 -24.56 -26.27 -34.11 337.63 254.90 12.68 0.00
0.00 8614.26
326.30 -28.96 -30.18 -37.25 338.18 246.22 12.53 0.00
0.00 9142.76
303.90 -32.86 -34.12 -45.76 338.57 245.04 12.43 0.00
0.00 9647.15
283.80 -36.16 -37.27 -51.31 340.15 251.22 10.26 0.00
0.00 10125.19
265.70 -39.46 -40.29 -52.61 341.75 260.96 8.66 0.00
0.00 10579.20
248.80 -42.46 -43.20 -59.58 343.50 273.81 8.76 0.00
0.00 11025.88
233.60 -44.96 -45.65 -71.85 345.78 283.45 9.19 0.00
0.00 11449.26
219.60 -47.76 -9999.00 -9999.00 -9999.00 292.01 9.85 0.00
0.00 11859.54
205.70 -50.76 -51.17 -72.71 349.46 301.68 10.72 0.00
0.00 12288.07
191.70 -53.86 -54.14 -68.39 351.65 310.71 11.01 0.00
0.00 12743.73
177.80 -57.46 -57.67 -73.70 353.34 317.94 10.72 0.00
0.00 13222.93
163.80 -60.86 -61.00 -74.24 356.02 323.88 8.90 0.00
0.00 13736.65
149.80 -63.76 -63.86 -74.84 360.24 329.04 7.93 0.00
0.00 14288.05
135.90 -66.46 -66.53 -75.48 365.62 336.80 5.92 0.00
0.00 14881.07
121.90 -69.16 -9999.00 -9999.00 -9999.00 2.86 3.88 0.00
0.00 15534.54
108.00 -70.36 -9999.00 -9999.00 -9999.00 20.85 4.37 0.00
0.00 16255.33
94.00 -68.86 -9999.00 -9999.00 -9999.00 213.69 0.70 0.00
0.00 17082.50
81.00 -66.86 -9999.00 -9999.00 -9999.00 315.00 1.65 0.00
0.00 17976.93
70.60 -65.36 -9999.00 -9999.00 -9999.00 65.38 5.13 0.00
0.00 18809.74
62.20 -63.36 -9999.00 -9999.00 -9999.00 52.91 9.98 0.00
0.00 19583.92
54.30 -61.86 -9999.00 -9999.00 -9999.00 65.22 16.69 0.00
0.00 20421.02
46.90 -60.86 -9999.00 -9999.00 -9999.00 68.65 18.14 0.00
0.00 21329.27
40.10 -58.56 -9999.00 -9999.00 -9999.00 62.98 21.81 0.00
0.00 22307.92
33.80 -55.06 -9999.00 -9999.00 -9999.00 74.23 26.44 0.00
0.00 23390.26
27.80 -52.16 -9999.00 -9999.00 -9999.00 84.14 30.46 0.00
0.00 24646.10
22.30 -49.66 -9999.00 -9999.00 -9999.00 87.51 35.78 0.00
0.00 26080.19
17.10 -46.56 -9999.00 -9999.00 -9999.00 80.45 42.15 0.00
0.00 27829.15
12.30 -43.56 -9999.00 -9999.00 -9999.00 76.76 47.49 0.00
0.00 30028.92

STID = KDAL STNM = 722583 TIME = 200810/0200 
SLAT = 32.84 SLON = -96.85 SELV = 138.0
STIM = 15

SHOW = -1.06 LIFT = -1.25 SWET = 213.92 KINX = 35.04
LCLP = 777.25 PWAT = 41.47 TOTL = 46.97 CAPE = 739.66
LCLT = 287.05 CINS = -53.95 EQLV = 222.35 LFCT = 724.22
BRCH = 53.99

PRES TMPC TMWC DWPC THTE DRCT SKNT OMEG
CFRL HGHT
997.90 35.14 23.09 17.82 348.31 171.53 9.23 0.00
0.00 147.11
994.90 35.04 23.00 17.74 348.42 172.46 13.33 0.10
0.00 174.49
989.40 34.64 22.81 17.63 348.47 173.74 16.03 0.10
0.00 224.85
979.90 33.94 22.47 17.41 348.47 175.52 19.87 0.20
0.00 312.35
966.00 32.84 21.94 17.09 348.40 176.96 21.99 0.30
0.00 441.54
948.00 31.34 21.23 16.68 348.27 178.53 22.73 0.40
0.00 610.89
926.60 29.34 20.34 16.22 347.98 180.49 22.92 0.50
0.00 815.27
903.20 27.24 19.32 15.63 347.62 183.45 22.57 0.60
0.00 1042.66
877.90 24.94 18.22 15.02 347.35 189.03 21.04 0.70
0.00 1293.38
849.50 22.44 17.07 14.47 347.59 195.62 18.76 0.70
0.00 1581.24
818.20 19.54 15.47 13.41 346.71 202.05 16.55 0.70
0.00 1906.82
783.90 16.34 13.17 11.43 344.07 205.92 15.56 0.60
0.00 2274.23
746.70 12.94 10.42 8.87 340.93 215.45 14.06 0.40
0.00 2686.32
706.70 9.94 6.58 4.09 335.64 232.13 11.07 0.00
0.00 3147.32
663.70 7.84 1.60 -5.12 328.89 232.70 5.13 -0.10
0.00 3667.34
617.90 4.14 -2.05 -10.31 327.74 146.31 2.10 0.00
0.00 4252.79
569.70 0.24 -5.77 -15.90 327.86 68.96 2.70 0.10
0.00 4908.31
523.00 -2.96 -9.74 -27.34 328.06 75.96 1.59 0.10
0.00 5589.31
481.00 -6.76 -12.96 -33.78 330.13 243.43 6.08 0.10
0.00 6246.99
443.30 -11.16 -15.88 -31.38 332.96 245.77 8.53 0.10
0.00 6878.39
409.50 -15.56 -19.55 -36.56 334.06 250.87 10.08 0.10
0.00 7481.68
378.80 -19.96 -22.93 -36.86 335.83 257.15 11.36 0.10
0.00 8064.40
351.20 -24.66 -26.36 -34.28 337.43 257.37 11.54 0.10
0.00 8620.04
326.30 -28.96 -30.33 -38.80 337.92 247.17 12.00 0.00
0.00 9150.47
303.90 -32.86 -34.15 -46.20 338.53 247.86 12.37 0.00
0.00 9654.85
283.80 -36.16 -37.27 -51.31 340.15 251.94 9.40 0.00
0.00 10132.89
265.70 -39.46 -40.29 -52.61 341.75 261.47 7.85 0.00
0.00 10586.91
248.80 -42.36 -43.14 -61.32 343.61 281.04 8.12 0.00
0.00 11033.68
233.60 -45.06 -45.74 -71.85 345.62 292.71 9.05 0.00
0.00 11457.06
219.60 -47.76 -9999.00 -9999.00 -9999.00 297.60 9.63 0.00
0.00 11867.24
205.70 -50.76 -51.17 -72.71 349.46 304.29 10.35 0.00
0.00 12295.78
191.70 -53.96 -54.24 -68.39 351.49 312.65 10.04 0.00
0.00 12751.33
177.80 -57.46 -57.67 -73.70 353.34 320.19 9.11 0.00
0.00 13230.42
163.80 -60.66 -60.80 -74.24 356.36 324.78 8.08 0.00
0.00 13744.38
149.80 -63.56 -63.66 -74.84 360.58 332.10 7.48 0.00
0.00 14296.30
135.90 -66.36 -66.43 -75.48 365.80 342.26 5.09 0.00
0.00 14889.75
121.90 -68.86 -9999.00 -9999.00 -9999.00 3.18 3.50 0.00
0.00 15543.85
108.00 -69.76 -9999.00 -9999.00 -9999.00 7.77 4.31 0.00
0.00 16266.24
94.00 -68.36 -9999.00 -9999.00 -9999.00 251.57 1.22 0.00
0.00 17095.65
81.00 -67.06 -9999.00 -9999.00 -9999.00 341.57 1.22 0.00
0.00 17990.73
70.60 -65.96 -9999.00 -9999.00 -9999.00 61.56 5.30 0.00
0.00 18821.93
62.20 -64.26 -9999.00 -9999.00 -9999.00 49.82 11.44 0.00
0.00 19593.34
54.30 -63.26 -9999.00 -9999.00 -9999.00 66.10 18.71 0.00
0.00 20425.86
46.90 -61.86 -9999.00 -9999.00 -9999.00 66.09 20.61 0.00
0.00 21328.97
40.10 -58.26 -9999.00 -9999.00 -9999.00 65.16 25.89 0.00
0.00 22306.01
33.80 -54.46 -9999.00 -9999.00 -9999.00 79.73 29.41 0.00
0.00 23390.60
27.80 -51.56 -9999.00 -9999.00 -9999.00 83.25 29.74 0.00
0.00 24649.87
22.30 -49.36 -9999.00 -9999.00 -9999.00 80.91 34.42 0.00
0.00 26086.86
17.10 -47.16 -9999.00 -9999.00 -9999.00 78.74 41.78 0.00
0.00 27834.66
12.30 -43.16 -50.78 -89.89 808.20 77.77 47.71 0.00
0.00 30033.48

STID = KDAL STNM = 722583 TIME = 200810/0300 
SLAT = 32.84 SLON = -96.85 SELV = 138.0
STIM = 16

SHOW = 0.36 LIFT = -0.60 SWET = 203.52 KINX = 35.26
LCLP = 786.17 PWAT = 40.51 TOTL = 45.07 CAPE = 662.21
LCLT = 287.22 CINS = -82.64 EQLV = 224.39 LFCT = 725.28
BRCH = 40.41

PRES TMPC TMWC DWPC THTE DRCT SKNT OMEG
CFRL HGHT
998.10 34.34 22.87 17.82 347.35 176.99 7.40 0.00
0.00 147.99
995.10 34.34 22.81 17.73 347.55 177.40 12.84 0.00
0.00 175.30
989.70 34.04 22.64 17.61 347.67 177.88 15.75 0.00
0.00 224.63
980.20 33.54 22.34 17.37 347.85 180.52 21.56 0.00
0.00 311.96
966.20 32.64 21.85 17.03 347.98 181.85 24.11 -0.10
0.00 441.91
948.30 31.14 21.12 16.58 347.74 183.99 25.12 -0.10
0.00 610.16
926.90 29.24 20.17 15.98 347.23 186.29 24.83 -0.10
0.00 814.36
903.50 27.24 19.09 15.23 346.60 188.78 24.18 -0.10
0.00 1041.60
878.10 24.94 17.82 14.33 345.67 190.74 22.94 -0.10
0.00 1293.18
849.70 22.54 16.40 13.27 344.84 192.59 20.49 -0.10
0.00 1580.89
818.40 19.74 14.69 11.98 343.64 195.31 16.92 -0.20
0.00 1906.36
784.20 16.64 12.55 10.20 341.76 200.82 14.76 -0.10
0.00 2272.69
747.00 13.04 10.15 8.34 339.96 215.06 13.52 -0.10
0.00 2684.76
706.90 9.54 7.06 5.30 337.09 237.20 10.39 -0.10
0.00 3146.54
663.90 7.14 1.96 -3.24 329.90 257.20 4.39 0.10
0.00 3665.60
618.10 4.14 -2.08 -10.44 327.61 18.43 0.62 0.20
0.00 4250.23
569.80 0.54 -5.74 -16.53 327.87 64.98 3.22 0.30
0.00 4907.28
523.10 -2.46 -9.60 -28.98 328.26 90.00 0.78 0.20
0.00 5589.12
481.00 -6.46 -12.73 -33.14 330.61 250.46 6.39 0.10
0.00 6249.26
443.40 -11.06 -15.80 -31.21 333.10 244.72 7.73 -0.10
0.00 6879.40
409.50 -15.36 -19.53 -38.41 334.06 246.64 9.30 -0.20
0.00 7484.75
378.80 -19.96 -22.76 -34.96 336.16 255.70 10.22 -0.20
0.00 8067.69
351.20 -24.76 -26.48 -34.62 337.22 254.36 10.08 -0.20
0.00 8623.24
326.30 -29.06 -30.45 -39.28 337.70 246.93 11.40 -0.20
0.00 9153.45
303.90 -33.06 -34.29 -45.76 338.29 249.86 12.41 -0.20
0.00 9657.51
283.80 -36.36 -37.42 -50.62 339.91 256.50 9.98 -0.10
0.00 10135.16
265.70 -39.66 -40.44 -51.87 341.50 270.00 8.35 -0.10
0.00 10588.79
248.80 -42.56 -43.27 -58.13 343.40 297.65 9.21 0.00
0.00 11035.18
233.60 -45.26 -45.93 -71.85 345.32 303.98 10.78 0.00
0.00 11458.19
219.60 -47.96 -48.49 -72.27 347.31 305.66 10.99 0.00
0.00 11868.02
205.70 -50.86 -51.24 -67.88 349.35 307.69 10.80 0.10
0.00 12296.27
191.70 -53.96 -54.24 -68.39 351.49 313.41 9.89 0.10
0.00 12751.71
177.80 -57.26 -57.47 -73.70 353.67 319.14 9.50 0.10
0.00 13231.03
163.80 -60.56 -60.71 -74.24 356.52 321.15 8.97 0.10
0.00 13745.35
149.80 -63.46 -63.56 -74.84 360.75 325.49 7.54 0.10
0.00 14297.54
135.90 -66.06 -66.14 -75.48 366.33 333.43 4.78 0.10
0.00 14891.55
121.90 -68.56 -9999.00 -9999.00 -9999.00 337.17 4.00 0.00
0.00 15546.61
108.00 -69.76 -9999.00 -9999.00 -9999.00 346.50 4.99 0.00
0.00 16269.52
94.00 -68.86 -9999.00 -9999.00 -9999.00 270.00 1.94 0.00
0.00 17097.92
81.00 -67.96 -9999.00 -9999.00 -9999.00 360.00 2.14 0.00
0.00 17989.95
70.60 -66.96 -9999.00 -9999.00 -9999.00 45.00 7.15 0.00
0.00 18817.33
62.20 -65.26 -9999.00 -9999.00 -9999.00 51.12 15.46 0.00
0.00 19585.02
54.30 -64.16 -9999.00 -9999.00 -9999.00 70.91 21.39 0.00
0.00 20413.77
46.90 -61.06 -9999.00 -9999.00 -9999.00 72.24 21.02 0.00
0.00 21316.66
40.10 -56.36 -9999.00 -9999.00 -9999.00 71.32 28.50 0.00
0.00 22299.89
33.80 -53.86 -9999.00 -9999.00 -9999.00 80.35 28.96 0.00
0.00 23390.73
27.80 -51.36 -9999.00 -9999.00 -9999.00 80.85 29.31 0.00
0.00 24652.30
22.30 -49.56 -9999.00 -9999.00 -9999.00 79.36 35.78 0.00
0.00 26089.29
17.10 -46.66 -9999.00 -9999.00 -9999.00 79.74 43.63 0.00
0.00 27838.26
12.30 -43.06 -50.72 -89.89 808.55 77.55 47.75 0.00
0.00 30039.96

STID = KDAL STNM = 722583 TIME = 200810/0400 
SLAT = 32.84 SLON = -96.85 SELV = 138.0
STIM = 17

SHOW = 0.05 LIFT = -1.75 SWET = 207.22 KINX = 33.99
LCLP = 818.69 PWAT = 41.00 TOTL = 45.46 CAPE = 1075.83
LCLT = 289.32 CINS = -121.31 EQLV = 206.78 LFCT = 739.82
BRCH = 36.05

PRES TMPC TMWC DWPC THTE DRCT SKNT OMEG
CFRL HGHT
998.30 33.04 23.37 19.33 349.75 173.02 9.60 0.00
0.00 146.15
995.30 32.94 23.32 19.31 350.02 173.21 16.43 0.10
0.00 173.35
989.80 32.54 23.15 19.23 350.14 173.66 19.35 0.10
0.00 223.39
980.20 31.94 22.89 19.11 350.54 175.20 25.54 0.10
0.00 311.27
966.30 31.24 22.46 18.77 350.87 176.91 28.79 0.10
0.00 439.76
948.30 30.14 21.73 18.13 350.57 178.87 29.53 0.10
0.00 608.42
926.80 28.64 20.70 17.19 349.59 183.47 25.68 0.10
0.00 813.18
903.40 26.84 19.45 16.05 348.16 189.70 23.06 0.10
0.00 1040.19
878.00 24.64 18.09 14.95 346.80 195.60 22.38 0.00
0.00 1291.59
849.70 22.14 16.42 13.53 344.95 200.43 21.13 0.00
0.00 1578.02
818.40 19.64 14.37 11.49 342.46 203.77 17.83 -0.10
0.00 1903.20
784.10 16.74 12.16 9.44 340.37 211.50 14.12 -0.20
0.00 2270.53
747.00 13.24 9.95 7.86 339.29 226.93 12.24 -0.20
0.00 2681.63
706.90 9.84 6.75 4.50 336.14 245.32 7.91 -0.10
0.00 3143.72
663.90 7.94 1.54 -5.42 328.69 255.96 1.59 0.00
0.00 3663.61
618.10 4.64 -2.13 -11.56 327.44 115.02 3.22 0.00
0.00 4249.44
569.80 0.64 -5.73 -16.72 327.90 110.32 5.59 0.00
0.00 4907.15
523.10 -2.66 -9.69 -28.66 328.09 135.00 2.20 0.00
0.00 5588.86
481.10 -6.76 -12.87 -32.52 330.33 251.57 4.91 0.00
0.00 6246.77
443.40 -11.36 -15.99 -31.21 332.72 245.85 6.18 0.10
0.00 6877.80
409.50 -15.66 -19.76 -38.70 333.63 250.64 7.61 0.20
0.00 7482.45
378.80 -20.16 -22.85 -34.39 336.01 264.69 8.39 0.20
0.00 8064.83
351.20 -24.76 -26.48 -34.62 337.22 260.34 9.27 0.20
0.00 8620.16
326.30 -29.06 -30.51 -40.06 337.59 256.43 11.60 0.20
0.00 9150.36
303.90 -33.06 -34.29 -45.76 338.29 260.13 13.60 0.10
0.00 9654.42
283.80 -36.36 -37.42 -50.62 339.91 264.19 11.52 0.10
0.00 10132.07
265.70 -39.46 -40.26 -51.87 341.79 280.84 9.30 0.00
0.00 10585.89
248.80 -42.56 -43.20 -54.84 343.53 303.69 9.81 0.00
0.00 11032.48
233.60 -45.16 -45.79 -63.98 345.57 301.89 10.30 0.00
0.00 11455.59
219.60 -47.76 -48.28 -67.41 347.66 299.17 9.56 0.00
0.00 11865.69
205.70 -50.56 -50.96 -67.88 349.82 298.81 8.88 -0.10
0.00 12294.42
191.70 -53.86 -54.14 -68.39 351.65 299.43 8.70 -0.10
0.00 12750.28
177.80 -57.26 -57.47 -73.70 353.67 303.31 8.14 -0.10
0.00 13229.71
163.80 -60.56 -60.71 -74.24 356.52 303.69 7.01 -0.10
0.00 13744.02
149.80 -63.36 -63.47 -74.84 360.92 299.25 5.57 0.00
0.00 14296.34
135.90 -65.76 -9999.00 -9999.00 -9999.00 303.02 4.64 0.00
0.00 14890.93
121.90 -68.46 -9999.00 -9999.00 -9999.00 318.99 5.92 0.00
0.00 15546.62
108.00 -69.96 -9999.00 -9999.00 -9999.00 336.19 7.23 0.00
0.00 16269.36
94.00 -69.36 -9999.00 -9999.00 -9999.00 318.58 4.41 0.00
0.00 17096.33
81.00 -68.26 -9999.00 -9999.00 -9999.00 1.85 6.02 0.00
0.00 17986.62
70.60 -66.96 -9999.00 -9999.00 -9999.00 42.44 9.21 0.00
0.00 18813.39
62.20 -65.46 -9999.00 -9999.00 -9999.00 61.07 16.86 0.00
0.00 19580.72
54.30 -64.06 -9999.00 -9999.00 -9999.00 73.19 19.48 0.00
0.00 20409.27
46.90 -60.06 -9999.00 -9999.00 -9999.00 69.12 20.16 0.00
0.00 21314.52
40.10 -56.26 -9999.00 -9999.00 -9999.00 75.04 26.34 0.00
0.00 22300.27
33.80 -53.86 -9999.00 -9999.00 -9999.00 76.97 26.71 0.00
0.00 23391.36
27.80 -52.06 -9999.00 -9999.00 -9999.00 77.43 29.45 0.00
0.00 24650.93
22.30 -49.96 -9999.00 -9999.00 -9999.00 78.19 35.12 0.00
0.00 26084.37
17.10 -45.66 -9999.00 -9999.00 -9999.00 80.66 44.29 0.00
0.00 27835.66
12.30 -43.16 -50.78 -89.89 808.20 81.27 47.36 0.00
0.00 30041.71

STID = KDAL STNM = 722583 TIME = 200810/0500 
SLAT = 32.84 SLON = -96.85 SELV = 138.0
STIM = 18

SHOW = -1.02 LIFT = -2.40 SWET = 220.95 KINX = 34.09
LCLP = 835.25 PWAT = 42.52 TOTL = 46.59 CAPE = 1267.50
LCLT = 290.30 CINS = -114.55 EQLV = 197.82 LFCT = 750.30
BRCH = 34.35

PRES TMPC TMWC DWPC THTE DRCT SKNT OMEG
CFRL HGHT
998.50 32.34 23.58 20.01 350.79 175.60 10.14 0.00
0.00 147.03
995.50 32.34 23.54 19.95 351.07 175.40 16.96 0.00
0.00 174.18
990.00 31.94 23.36 19.86 351.16 175.52 19.87 0.00
0.00 224.13
980.50 31.34 23.09 19.71 351.46 176.35 27.45 0.00
0.00 310.93
966.50 30.54 22.67 19.43 351.85 177.14 31.12 -0.10
0.00 440.08
948.50 29.34 22.06 19.04 352.10 178.30 32.65 -0.20
0.00 608.36
927.10 27.74 21.21 18.46 351.92 182.86 31.12 -0.30
0.00 811.66
903.60 26.24 19.86 17.03 349.95 189.18 25.58 -0.30
0.00 1039.14
878.20 24.34 18.40 15.63 348.10 195.66 21.58 -0.30
0.00 1290.21
849.80 21.84 17.06 14.76 347.52 204.62 20.51 -0.30
0.00 1577.44
818.50 19.04 15.07 13.01 345.10 212.70 18.71 -0.20
0.00 1902.29
784.20 16.64 12.27 9.70 340.75 220.70 12.80 -0.10
0.00 2269.27
747.00 13.14 10.05 8.10 339.62 236.31 9.11 0.00
0.00 2681.35
706.90 10.04 6.57 3.98 335.55 256.50 4.99 0.20
0.00 3143.50
664.00 8.34 1.21 -7.04 327.73 101.31 0.99 0.30
0.00 3662.59
618.20 4.94 -2.04 -11.81 327.61 121.33 5.23 0.20
0.00 4248.97
569.90 0.74 -5.71 -16.92 327.90 127.23 6.10 0.10
0.00 4907.03
523.20 -2.66 -9.72 -28.98 328.00 167.01 2.58 -0.10
0.00 5588.73
481.10 -6.96 -12.88 -31.21 330.33 254.74 4.43 -0.20
0.00 6247.90
443.40 -11.56 -16.14 -31.37 332.43 239.74 5.40 -0.20
0.00 6878.47
409.50 -15.66 -19.76 -38.70 333.63 239.86 6.95 -0.20
0.00 7482.88
378.80 -20.26 -22.89 -34.03 335.95 255.17 6.84 -0.20
0.00 8065.15
351.20 -24.86 -26.58 -34.80 337.04 252.80 8.55 -0.20
0.00 8620.27
326.40 -29.06 -30.55 -40.60 337.48 255.26 11.44 -0.10
0.00 9148.15
303.90 -33.26 -34.40 -44.54 338.13 260.94 13.58 -0.10
0.00 9654.17
283.80 -36.56 -37.59 -50.62 339.62 264.38 11.91 -0.10
0.00 10131.42
265.70 -39.66 -40.44 -51.87 341.50 276.48 8.61 0.00
0.00 10584.85
248.80 -42.66 -43.20 -51.75 343.54 298.22 9.03 0.10
0.00 11031.16
233.60 -45.16 -45.74 -60.07 345.65 298.44 10.61 0.10
0.00 11454.19
219.60 -47.66 -48.18 -67.41 347.82 297.07 9.81 0.10
0.00 11864.38
205.70 -50.46 -50.86 -67.88 349.98 295.08 10.08 0.10
0.00 12293.30
191.70 -53.86 -54.14 -68.39 351.65 294.62 10.26 0.10
0.00 12749.26
177.80 -57.26 -57.47 -73.70 353.67 294.34 8.95 0.10
0.00 13228.69
163.80 -60.36 -60.51 -74.24 356.86 288.92 7.19 0.10
0.00 13743.25
149.80 -62.76 -62.88 -74.84 361.96 284.42 7.01 0.00
0.00 14296.61
135.90 -65.36 -9999.00 -9999.00 -9999.00 302.83 7.17 0.00
0.00 14892.62
121.90 -68.46 -9999.00 -9999.00 -9999.00 321.34 8.70 0.00
0.00 15548.95
108.00 -70.26 -9999.00 -9999.00 -9999.00 335.32 7.91 0.00
0.00 16271.16
94.00 -69.46 -9999.00 -9999.00 -9999.00 332.45 5.03 0.00
0.00 17097.31
81.00 -68.26 -9999.00 -9999.00 -9999.00 13.67 7.40 0.00
0.00 17987.39
70.60 -66.96 -9999.00 -9999.00 -9999.00 55.44 10.61 0.00
0.00 18814.16
62.20 -65.46 -9999.00 -9999.00 -9999.00 78.57 17.64 0.00
0.00 19581.49
54.30 -63.36 -9999.00 -9999.00 -9999.00 81.12 18.88 0.00
0.00 20411.43
46.90 -59.26 -9999.00 -9999.00 -9999.00 75.10 21.91 0.00
0.00 21319.89
40.10 -56.36 -9999.00 -9999.00 -9999.00 80.96 25.97 0.00
0.00 22307.25
33.80 -53.86 -9999.00 -9999.00 -9999.00 75.09 27.93 0.00
0.00 23398.09
27.80 -52.66 -9999.00 -9999.00 -9999.00 73.37 31.22 0.00
0.00 24655.94
22.30 -51.16 -9999.00 -9999.00 -9999.00 74.83 35.63 0.00
0.00 26083.57
17.10 -46.76 -9999.00 -9999.00 -9999.00 82.49 43.10 0.00
0.00 27825.93
12.30 -43.86 -51.15 -89.89 805.74 85.47 44.23 0.00
0.00 30023.30

STID = KDAL STNM = 722583 TIME = 200810/0600 
SLAT = 32.84 SLON = -96.85 SELV = 138.0
STIM = 19

SHOW = -1.54 LIFT = -2.31 SWET = 226.49 KINX = 32.68
LCLP = 849.66 PWAT = 42.66 TOTL = 47.37 CAPE = 1076.35
LCLT = 290.85 CINS = -150.38 EQLV = 209.88 LFCT = 735.09
BRCH = 26.14

PRES TMPC TMWC DWPC THTE DRCT SKNT OMEG
CFRL HGHT
998.60 31.44 23.52 20.30 350.52 179.01 11.27 0.00
0.00 147.00
995.70 31.24 23.41 20.23 350.52 179.41 18.84 0.10
0.00 173.16
990.20 30.84 23.23 20.12 350.56 180.00 22.34 0.00
0.00 222.93
980.70 30.14 22.89 19.91 350.56 180.78 28.36 0.00
0.00 309.39
966.60 29.04 22.35 19.58 350.45 181.68 33.04 -0.10
0.00 438.89
948.60 28.24 21.48 18.60 349.52 183.71 36.01 -0.20
0.00 606.41
927.10 27.34 20.77 17.93 349.96 188.08 33.16 -0.30
0.00 810.09
903.70 25.94 19.98 17.37 350.49 194.24 26.85 -0.40
0.00 1036.31
878.30 24.14 18.62 16.08 348.99 202.25 23.08 -0.40
0.00 1287.19
849.90 21.64 17.17 15.04 347.96 208.86 21.74 -0.40
0.00 1574.25
818.60 18.64 15.55 14.00 346.97 212.85 18.26 -0.40
0.00 1898.83
784.30 16.44 12.45 10.14 341.38 224.29 11.13 -0.30
0.00 2265.50
747.10 13.14 10.05 8.10 339.60 239.35 6.10 -0.10
0.00 2677.42
707.00 10.44 6.03 2.56 333.90 232.13 2.21 0.10
0.00 3139.74
664.00 8.74 0.99 -8.44 327.09 124.51 3.77 0.10
0.00 3660.56
618.20 4.94 -2.03 -11.76 327.64 136.04 7.56 0.00
0.00 4247.30
570.00 0.64 -5.75 -16.85 327.80 148.50 7.07 0.00
0.00 4903.83
523.20 -2.96 -9.87 -28.66 327.71 171.03 3.73 -0.10
0.00 5586.44
481.10 -7.36 -13.09 -30.69 329.95 255.07 3.01 -0.10
0.00 6244.76
443.40 -11.86 -16.31 -31.05 332.12 235.62 4.47 -0.10
0.00 6874.50
409.60 -15.96 -19.90 -37.58 333.37 237.65 6.90 -0.10
0.00 7476.37
378.90 -20.46 -23.02 -33.85 335.69 248.50 6.90 -0.10
0.00 8057.93
351.20 -24.96 -26.65 -34.80 336.91 248.88 9.17 -0.10
0.00 8614.65
326.40 -29.26 -30.63 -39.53 337.36 255.75 12.63 -0.10
0.00 9142.22
304.00 -33.46 -34.46 -42.78 338.01 257.13 13.95 -0.10
0.00 9645.50
283.80 -36.66 -37.64 -49.37 339.56 258.34 12.49 -0.10
0.00 10124.76
265.70 -39.56 -40.35 -51.87 341.65 261.35 9.03 -0.10
0.00 10578.20
248.80 -42.56 -43.11 -51.75 343.69 284.04 9.62 0.00
0.00 11024.69
233.60 -45.06 -45.62 -58.63 345.85 295.25 11.38 0.00
0.00 11447.91
219.60 -47.56 -48.07 -64.44 348.02 293.05 9.93 0.00
0.00 11858.28
205.70 -50.46 -50.86 -67.88 349.98 290.43 10.57 0.00
0.00 12287.30
191.70 -53.86 -54.14 -68.39 351.65 289.89 9.71 0.00
0.00 12743.26
177.80 -57.06 -57.28 -73.70 354.00 287.10 7.93 0.00
0.00 13222.91
163.80 -60.16 -60.32 -74.24 357.19 285.38 8.06 0.00
0.00 13737.95
149.80 -62.86 -62.97 -74.84 361.78 297.07 9.81 0.00
0.00 14291.44
135.90 -65.86 -9999.00 -9999.00 -9999.00 315.74 10.59 0.00
0.00 14886.60
121.90 -68.96 -9999.00 -9999.00 -9999.00 327.88 9.87 0.00
0.00 15541.33
108.00 -69.86 -9999.00 -9999.00 -9999.00 323.43 7.50 0.00
0.00 16263.37
94.00 -68.56 -9999.00 -9999.00 -9999.00 321.84 3.46 0.00
0.00 17092.17
81.00 -68.26 -9999.00 -9999.00 -9999.00 47.49 6.33 0.00
0.00 17984.20
70.60 -67.46 -9999.00 -9999.00 -9999.00 70.62 11.11 0.00
0.00 18809.97
62.20 -65.76 -9999.00 -9999.00 -9999.00 84.07 15.03 0.00
0.00 19575.81
54.30 -62.56 -9999.00 -9999.00 -9999.00 78.29 16.26 0.00
0.00 20406.75
46.90 -58.66 -9999.00 -9999.00 -9999.00 72.93 23.17 0.00
0.00 21318.21
40.10 -56.66 -9999.00 -9999.00 -9999.00 79.10 26.71 0.00
0.00 22306.26
33.80 -54.26 -9999.00 -9999.00 -9999.00 77.15 29.68 0.00
0.00 23395.35
27.80 -52.36 -9999.00 -9999.00 -9999.00 72.54 32.38 0.00
0.00 24652.91
22.30 -50.96 -9999.00 -9999.00 -9999.00 75.23 36.56 0.00
0.00 26082.15
17.10 -47.46 -9999.00 -9999.00 -9999.00 84.66 41.74 0.00
0.00 27822.57
12.30 -43.96 -51.21 -89.89 805.39 88.15 42.17 0.00
0.00 30016.08

STID = KDAL STNM = 722583 TIME = 200810/0700 
SLAT = 32.84 SLON = -96.85 SELV = 138.0
STIM = 20

SHOW = -1.91 LIFT = -1.88 SWET = 225.66 KINX = 30.99
LCLP = 861.48 PWAT = 41.39 TOTL = 48.03 CAPE = 885.29
LCLT = 290.93 CINS = -225.88 EQLV = 224.63 LFCT = 630.54
BRCH = 22.19

PRES TMPC TMWC DWPC THTE DRCT SKNT OMEG
CFRL HGHT
998.80 30.34 23.13 20.16 348.77 184.84 11.50 0.00
0.00 146.97
995.80 30.14 23.03 20.09 348.78 185.83 19.13 0.00
0.00 173.93
990.20 29.74 22.84 19.98 348.83 185.91 22.65 0.00
0.00 224.41
980.80 28.94 22.48 19.78 348.73 187.13 28.19 -0.10
0.00 309.63
966.80 27.94 21.95 19.43 348.67 188.97 33.62 -0.20
0.00 437.68
948.80 27.34 21.08 18.36 347.75 192.66 37.24 -0.30
0.00 604.60
927.30 27.04 19.97 16.74 346.44 199.23 35.39 -0.30
0.00 807.75
903.80 25.84 19.39 16.45 347.91 202.68 28.21 -0.40
0.00 1034.63
878.40 23.84 18.68 16.33 349.27 205.50 23.47 -0.40
0.00 1285.27
850.10 21.44 17.16 15.11 347.86 211.61 20.77 -0.40
0.00 1571.05
818.70 18.84 15.02 13.04 344.90 215.46 15.73 -0.30
0.00 1896.53
784.40 16.54 12.33 9.87 340.93 226.91 8.24 -0.20
0.00 2263.24
747.20 13.34 9.74 7.41 338.55 231.71 4.70 0.00
0.00 2675.25
707.10 10.94 5.51 0.96 332.30 190.62 3.17 0.00
0.00 3137.92
664.20 8.94 0.88 -9.22 326.72 141.95 5.67 0.00
0.00 3657.92
618.30 4.84 -2.11 -11.91 327.41 152.24 8.33 -0.10
0.00 4245.87
570.00 0.44 -5.85 -16.78 327.59 167.01 7.77 -0.10
0.00 4903.35
523.30 -3.36 -10.08 -28.35 327.28 182.29 4.86 -0.20
0.00 5583.69
481.20 -7.76 -13.34 -30.68 329.43 250.02 2.27 -0.20
0.00 6240.90
443.50 -12.26 -16.56 -30.88 331.63 244.65 4.08 -0.20
0.00 6869.55
409.60 -16.26 -19.99 -35.86 333.24 247.62 7.15 -0.20
0.00 7472.34
378.90 -20.66 -23.09 -33.17 335.57 252.90 7.93 -0.20
0.00 8053.34
351.30 -25.16 -26.81 -34.80 336.61 255.70 10.22 -0.10
0.00 8607.54
326.40 -29.56 -30.77 -38.33 337.13 262.46 13.33 -0.10
0.00 9136.62
304.00 -33.86 -34.67 -41.00 337.67 261.19 13.95 0.00
0.00 9639.20
283.80 -36.96 -37.86 -48.27 339.21 260.39 12.80 0.00
0.00 10117.76
265.70 -39.56 -40.38 -52.61 341.61 259.51 10.66 0.10
0.00 10570.91
248.80 -42.56 -43.11 -51.75 343.69 278.97 11.21 0.10
0.00 11017.41
233.60 -45.06 -45.62 -58.63 345.85 293.32 12.28 0.10
0.00 11440.62
219.60 -47.36 -47.88 -64.44 348.33 290.32 11.19 0.10
0.00 11851.18
205.70 -50.36 -50.77 -67.88 350.14 288.43 11.05 0.10
0.00 12280.48
191.70 -53.46 -53.75 -68.39 352.29 287.02 9.95 0.10
0.00 12736.96
177.80 -56.66 -56.89 -73.70 354.65 286.93 9.34 0.10
0.00 13217.49
163.80 -59.96 -60.12 -74.24 357.53 293.05 9.93 0.00
0.00 13733.25
149.80 -63.06 -63.17 -74.84 361.44 302.80 10.39 0.00
0.00 14286.74
135.90 -66.06 -9999.00 -9999.00 -9999.00 317.56 9.21 -0.10
0.00 14881.33
121.90 -68.76 -9999.00 -9999.00 -9999.00 322.88 9.01 -0.10
0.00 15536.06
108.00 -69.96 -9999.00 -9999.00 -9999.00 318.69 8.53 0.00
0.00 16258.27
94.00 -69.06 -9999.00 -9999.00 -9999.00 336.04 3.83 0.00
0.00 17085.85
81.00 -67.96 -9999.00 -9999.00 -9999.00 61.93 6.60 0.00
0.00 17977.45
70.60 -66.36 -9999.00 -9999.00 -9999.00 78.87 12.08 0.00
0.00 18806.03
62.20 -65.26 -9999.00 -9999.00 -9999.00 82.50 14.90 0.00
0.00 19574.84
54.30 -62.66 -9999.00 -9999.00 -9999.00 76.61 16.76 0.00
0.00 20406.57
46.90 -59.56 -9999.00 -9999.00 -9999.00 79.35 23.14 0.00
0.00 21315.90
40.10 -57.06 -9999.00 -9999.00 -9999.00 80.32 25.43 0.00
0.00 22300.96
33.80 -54.76 -9999.00 -9999.00 -9999.00 78.85 28.11 0.00
0.00 23387.80
27.80 -52.26 -9999.00 -9999.00 -9999.00 71.68 31.51 0.00
0.00 24644.22
22.30 -50.76 -9999.00 -9999.00 -9999.00 73.50 38.29 0.00
0.00 26074.43
17.10 -47.46 -9999.00 -9999.00 -9999.00 81.63 40.05 0.00
0.00 27815.62
12.30 -43.46 -9999.00 -9999.00 -9999.00 84.37 41.57 0.00
0.00 30011.54

STID = KDAL STNM = 722583 TIME = 200810/0800 
SLAT = 32.84 SLON = -96.85 SELV = 138.0
STIM = 21

SHOW = -1.90 LIFT = -1.77 SWET = 218.09 KINX = 29.93
LCLP = 873.17 PWAT = 40.35 TOTL = 48.25 CAPE = 818.23
LCLT = 291.22 CINS = -254.32 EQLV = 232.19 LFCT = 626.54
BRCH = 25.04

PRES TMPC TMWC DWPC THTE DRCT SKNT OMEG
CFRL HGHT
998.40 29.44 22.93 20.23 347.96 188.13 10.99 0.00
0.00 146.95
995.40 29.24 22.83 20.17 347.99 188.56 18.26 0.00
0.00 173.84
989.90 28.74 22.62 20.07 347.93 189.29 21.66 0.00
0.00 223.28
980.40 28.04 22.29 19.88 347.99 190.42 26.86 0.00
0.00 309.17
966.40 27.04 21.77 19.54 347.95 193.02 31.90 -0.10
0.00 436.91
948.40 26.24 20.98 18.69 347.39 197.34 35.20 -0.20
0.00 603.36
927.00 26.34 19.63 16.51 345.07 207.86 34.50 -0.20
0.00 805.04
903.50 25.54 18.53 15.14 344.36 216.00 28.09 -0.30
0.00 1031.53
878.10 23.64 17.82 15.02 345.75 216.87 23.31 -0.30
0.00 1281.88
849.80 21.14 16.88 14.81 346.79 213.02 18.53 -0.30
0.00 1567.40
818.40 18.74 14.79 12.71 344.06 212.54 13.36 -0.20
0.00 1892.74
784.20 16.44 12.22 9.73 340.57 215.75 5.98 0.00
0.00 2258.33
747.00 13.44 9.49 6.88 337.75 201.80 4.18 0.10
0.00 2670.40
706.90 11.14 5.24 0.12 331.51 173.88 5.48 0.10
0.00 3133.34
664.00 8.84 0.73 -9.58 326.38 157.93 7.75 0.00
0.00 3653.52
618.20 4.74 -2.27 -12.31 327.06 169.80 9.87 -0.10
0.00 4240.09
570.00 0.14 -6.05 -16.98 327.13 186.34 8.80 -0.20
0.00 4895.77
523.20 -3.76 -10.30 -28.20 326.84 202.93 5.48 -0.20
0.00 5576.74
481.10 -8.16 -13.61 -30.86 328.92 264.81 2.14 -0.20
0.00 6233.10
443.50 -12.56 -16.74 -30.73 331.28 258.11 3.77 0.00
0.00 6859.32
409.60 -16.46 -19.93 -33.60 333.39 260.54 7.09 0.10
0.00 7461.54
378.90 -20.86 -23.05 -31.62 335.67 259.92 8.88 0.10
0.00 8042.13
351.20 -25.26 -26.89 -34.80 336.50 263.00 11.15 0.10
0.00 8598.09
326.40 -29.76 -30.90 -37.88 336.93 263.09 12.92 0.10
0.00 9124.81
304.00 -33.76 -34.65 -41.85 337.70 258.20 13.29 0.20
0.00 9627.28
283.80 -36.56 -37.57 -49.97 339.66 256.61 12.59 0.10
0.00 10106.33
265.70 -39.26 -40.15 -54.29 341.96 254.32 11.50 0.10
0.00 10560.16
248.80 -42.26 -42.90 -53.96 344.02 270.00 11.65 0.10
0.00 11007.22
233.60 -44.66 -45.28 -60.07 346.41 283.82 12.20 0.00
0.00 11431.08
219.60 -47.16 -47.69 -64.44 348.64 284.28 11.03 0.00
0.00 11842.17
205.70 -50.36 -50.77 -67.88 350.14 282.65 9.75 -0.10
0.00 12271.67
191.70 -53.46 -53.75 -68.39 352.29 280.54 8.49 -0.10
0.00 12728.15
177.80 -56.76 -56.99 -73.70 354.49 281.82 8.53 -0.10
0.00 13208.57
163.80 -60.06 -60.22 -74.24 357.36 291.60 10.02 -0.10
0.00 13724.08
149.80 -63.36 -63.47 -74.84 360.92 303.69 11.91 -0.10
0.00 14277.06
135.90 -66.66 -9999.00 -9999.00 -9999.00 316.40 11.27 0.00
0.00 14870.36
121.90 -69.36 -9999.00 -9999.00 -9999.00 320.86 10.76 0.00
0.00 15523.19
108.00 -70.46 -9999.00 -9999.00 -9999.00 316.59 9.89 0.00
0.00 16243.44
94.00 -68.96 -9999.00 -9999.00 -9999.00 331.93 3.30 0.00
0.00 17070.21
81.00 -67.76 -9999.00 -9999.00 -9999.00 79.29 7.32 0.00
0.00 17962.46
70.60 -66.56 -9999.00 -9999.00 -9999.00 80.81 13.38 0.00
0.00 18791.05
62.20 -64.86 -9999.00 -9999.00 -9999.00 83.42 15.25 0.00
0.00 19560.23
54.30 -62.26 -9999.00 -9999.00 -9999.00 82.72 18.41 0.00
0.00 20393.55
46.90 -59.96 -9999.00 -9999.00 -9999.00 88.52 22.53 0.00
0.00 21302.87
40.10 -57.66 -9999.00 -9999.00 -9999.00 90.93 23.89 0.00
0.00 22285.65
33.80 -55.56 -9999.00 -9999.00 -9999.00 84.37 27.72 0.00
0.00 23368.98
27.80 -52.96 -9999.00 -9999.00 -9999.00 76.76 33.92 0.00
0.00 24621.11
22.30 -50.16 -9999.00 -9999.00 -9999.00 73.86 39.84 0.00
0.00 26051.00
17.10 -47.06 -9999.00 -9999.00 -9999.00 78.10 40.50 0.00
0.00 27796.08
12.30 -43.66 -9999.00 -9999.00 -9999.00 85.97 41.47 0.00
0.00 29992.96
STN YYMMDD/HHMM PMSL PRES SKTC STC1 SNFL WTNS
P01M C01M STC2 LCLD MCLD HCLD
SNRA UWND VWND R01M BFGR T2MS
Q2MS WXTS WXTP WXTZ WXTR USTM
VSTM HLCY SLLH WSYM CDBP VSBK
TD2M
722583 200809/1100 1017.10 1001.00 26.44 299.60 -9999.00 0.00
-9999.00 -9999.00 300.10 0.00 16.00 0.00
-9999.00 -0.40 2.10 -9999.00 -9999.00 26.44
17.11 0.00 0.00 0.00 0.00 -9.30
6.00 10.40 -9999.00 999.00 -9999.00 20.00
22.16
722583 200809/1200 1017.60 1001.50 25.74 298.90 0.00 100.00
0.00 0.00 299.40 1.00 8.00 0.00
-9999.00 -0.80 1.60 -9999.00 -9999.00 25.74
17.49 0.00 0.00 0.00 0.00 -9.10
6.60 12.10 -9999.00 999.00 -9999.00 20.00
22.52
722583 200809/1300 1018.20 1002.10 28.64 301.80 0.00 100.00
0.00 0.00 301.40 4.00 2.00 0.00
-9999.00 -0.10 3.30 -9999.00 -9999.00 27.04
17.92 0.00 0.00 0.00 0.00 -8.80
6.90 -3.50 -9999.00 999.00 -9999.00 20.00
22.91
722583 200809/1400 1018.20 1002.20 33.14 306.30 0.00 100.00
0.00 0.00 305.30 8.00 0.00 0.00
-9999.00 0.80 3.60 -9999.00 -9999.00 29.24
17.58 0.00 0.00 0.00 0.00 -8.40
6.90 -23.50 -9999.00 999.00 -9999.00 20.00
22.61
722583 200809/1500 1018.10 1002.10 37.44 310.60 0.00 100.00
0.00 0.00 309.20 6.00 0.00 0.00
-9999.00 1.10 3.60 -9999.00 -9999.00 31.44
16.45 0.00 0.00 0.00 0.00 -8.50
5.70 -30.50 -9999.00 999.00 -9999.00 20.00
21.55
722583 200809/1600 1018.20 1002.20 41.34 314.50 0.00 100.00
0.00 0.00 312.90 2.00 0.00 0.00
-9999.00 1.00 3.90 -9999.00 -9999.00 33.34
15.42 0.00 0.00 0.00 0.00 -8.50
4.40 -33.00 -9999.00 999.00 -9999.00 20.00
20.52
722583 200809/1700 1018.10 1002.10 44.24 317.40 0.00 100.00
0.00 0.00 315.70 0.00 0.00 0.00
-9999.00 1.00 4.10 -9999.00 -9999.00 35.04
14.88 0.00 0.00 0.00 0.00 -7.80
3.30 -30.20 -9999.00 999.00 -9999.00 20.00
19.96
722583 200809/1800 1017.40 1001.50 46.04 319.20 0.00 100.00
0.00 0.00 317.70 4.00 0.00 0.00
-9999.00 1.10 4.50 -9999.00 -9999.00 36.34
14.28 0.00 0.00 0.00 0.00 -7.40
4.10 -14.50 -9999.00 999.00 -9999.00 20.00
19.30
722583 200809/1900 1016.40 1000.50 47.04 320.20 0.00 100.00
0.00 0.00 318.90 5.00 0.00 0.00
-9999.00 1.00 4.70 -9999.00 -9999.00 37.24
13.78 0.00 0.00 0.00 0.00 -7.10
4.20 -5.20 -9999.00 999.00 -9999.00 20.00
18.73
722583 200809/2000 1015.80 999.90 47.14 320.30 0.00 100.00
0.00 0.00 319.20 6.00 0.00 0.00
-9999.00 0.80 4.90 -9999.00 -9999.00 37.94
13.58 0.00 0.00 0.00 0.00 -6.50
3.60 5.70 -9999.00 999.00 -9999.00 20.00
18.49
722583 200809/2100 1014.50 998.70 46.04 319.20 0.00 100.00
0.00 0.00 318.50 16.00 1.00 0.00
-9999.00 0.60 5.20 -9999.00 -9999.00 38.14
13.35 0.00 0.00 0.00 0.00 -6.20
3.40 14.50 -9999.00 999.00 -9999.00 20.00
18.21
722583 200809/2200 1014.50 998.60 44.64 317.80 0.00 100.00
0.00 0.00 317.30 11.00 0.00 0.00
-9999.00 0.50 5.30 -9999.00 -9999.00 38.24
13.26 0.00 0.00 0.00 0.00 -5.40
2.30 20.50 -9999.00 999.00 -9999.00 20.00
18.10
722583 200809/2300 1014.30 998.50 41.54 314.70 0.00 100.00
0.00 0.00 314.90 23.00 0.00 0.00
-9999.00 0.10 5.50 -9999.00 -9999.00 37.74
13.14 0.00 0.00 0.00 0.00 -4.80
1.30 34.30 -9999.00 999.00 -9999.00 20.00
17.96
722583 200810/0000 1014.20 998.40 39.04 312.20 0.00 100.00
0.00 0.00 312.50 34.00 0.00 0.00
-9999.00 -0.50 5.70 -9999.00 -9999.00 36.94
13.20 0.00 0.00 0.00 0.00 -4.40
0.70 55.90 -9999.00 999.00 -9999.00 20.00
18.02
722583 200810/0100 1014.00 998.10 36.14 309.30 0.00 100.00
0.00 0.00 309.90 23.00 0.00 0.00
-9999.00 -0.60 5.30 -9999.00 -9999.00 35.74
13.07 0.00 0.00 0.00 0.00 -4.70
1.00 73.10 -9999.00 999.00 -9999.00 20.00
17.87
722583 200810/0200 1014.80 998.90 34.34 307.50 0.00 100.00
0.00 0.00 308.00 0.00 0.00 0.00
-9999.00 -0.50 4.90 -9999.00 -9999.00 34.64
13.07 0.00 0.00 0.00 0.00 -5.30
1.90 75.50 -9999.00 999.00 -9999.00 20.00
17.88
722583 200810/0300 1015.00 999.20 33.34 306.50 0.00 100.00
0.00 0.00 307.00 0.00 0.00 0.00
-9999.00 -0.20 4.00 -9999.00 -9999.00 33.84
13.06 0.00 0.00 0.00 0.00 -5.60
3.00 66.70 -9999.00 999.00 -9999.00 20.00
17.87
722583 200810/0400 1015.20 999.20 32.24 305.40 0.00 100.00
0.00 0.00 305.90 0.00 0.00 0.00
-9999.00 -0.60 4.80 -9999.00 -9999.00 32.54
14.36 0.00 0.00 0.00 0.00 -6.00
3.60 106.00 -9999.00 999.00 -9999.00 20.00
19.35
722583 200810/0500 1015.50 999.50 31.54 304.70 0.00 100.00
0.00 0.00 305.20 0.00 0.00 0.00
-9999.00 -0.40 4.90 -9999.00 -9999.00 31.84
15.00 0.00 0.00 0.00 0.00 -6.20
4.10 122.90 -9999.00 999.00 -9999.00 20.00
20.04
722583 200810/0600 1015.60 999.60 30.84 304.00 0.00 100.00
0.00 0.00 304.50 0.00 0.00 0.00
-9999.00 -0.10 5.70 -9999.00 -9999.00 31.04
15.28 0.00 0.00 0.00 0.00 -6.30
5.60 128.80 -9999.00 999.00 -9999.00 20.00
20.34
722583 200810/0700 1015.80 999.80 29.94 303.10 0.00 100.00
0.00 0.00 303.60 0.00 0.00 0.00
-9999.00 0.40 5.60 -9999.00 -9999.00 29.94
15.14 0.00 0.00 0.00 0.00 -5.70
6.90 123.40 -9999.00 999.00 -9999.00 20.00
20.20
722583 200810/0800 1015.40 999.40 28.94 302.10 0.00 100.00
0.00 0.00 302.70 0.00 0.00 0.00
-9999.00 0.70 5.40 -9999.00 -9999.00 28.94
15.21 0.00 0.00 0.00 0.00 -5.20
7.40 124.50 -9999.00 999.00 -9999.00 20.00
20.26


