
SNPARM = PRES;TMPC;TMWC;DWPC;THTE;DRCT;SKNT;OMEG;CFRL;HGHT 
STNPRM = SHOW;LIFT;SWET;KINX;LCLP;PWAT;TOTL;CAPE;LCLT;CINS;EQLV;LFCT;BRCH 

STID = KDAL STNM = 722583 TIME = 200809/0000 
SLAT = 32.84 SLON = -96.85 SELV = 138.0
STIM = 0

SHOW = -2.30 LIFT = -1.71 SWET = 213.63 KINX = 32.14
LCLP = 777.07 PWAT = 40.29 TOTL = 48.85 CAPE = 261.46
LCLT = 287.01 CINS = -204.01 EQLV = 223.48 LFCT = 602.35
BRCH = 148.63

PRES TMPC TMWC DWPC THTE DRCT SKNT OMEG
CFRL HGHT
998.10 35.14 23.07 17.79 348.21 146.69 8.14 0.00
0.00 146.20
995.10 34.64 22.83 17.63 347.65 146.00 10.08 0.00
0.00 173.55
989.60 34.04 22.49 17.33 346.99 146.31 11.21 0.00
0.00 223.82
980.10 33.34 21.96 16.78 346.18 147.09 11.79 0.00
0.00 311.11
966.20 32.14 21.11 15.92 344.72 148.57 12.30 -0.10
0.00 439.94
948.20 30.44 20.31 15.47 344.28 151.03 12.43 -0.10
0.00 608.72
926.80 28.24 19.60 15.49 344.88 155.41 12.61 -0.10
0.00 812.29
903.40 26.14 18.91 15.49 345.93 159.34 12.67 -0.10
0.00 1038.76
878.10 23.64 18.00 15.32 346.49 164.29 12.92 0.00
0.00 1288.42
849.70 20.84 16.90 14.99 346.89 168.20 13.29 0.10
0.00 1574.86
818.40 17.94 13.24 10.51 338.41 169.99 13.42 0.30
0.00 1898.43
784.30 17.64 9.89 4.18 332.58 164.52 13.09 0.40
0.00 2262.68
747.20 16.04 8.86 3.56 335.50 150.12 10.53 0.30
0.00 2675.66
707.20 12.84 6.88 2.28 336.34 152.35 9.21 0.20
0.00 3140.66
664.20 8.74 4.14 0.28 335.96 121.43 12.30 0.20
0.00 3663.97
618.30 4.74 0.01 -4.96 333.01 122.12 9.87 0.20
0.00 4252.46
570.00 -0.06 -4.17 -9.50 331.73 18.43 1.85 0.20
0.00 4909.87
523.20 -5.36 -9.83 -18.68 328.16 26.57 12.16 0.10
0.00 5589.09
481.10 -7.46 -12.95 -28.66 330.29 19.65 2.89 0.00
0.00 6244.57
443.40 -10.06 -15.10 -30.73 334.48 208.07 9.91 -0.10
0.00 6876.37
409.60 -13.86 -18.41 -37.06 336.17 230.71 13.81 -0.20
0.00 7482.78
378.90 -18.06 -21.53 -36.63 338.36 253.61 13.77 -0.20
0.00 8069.45
351.20 -22.66 -24.82 -34.11 340.18 277.82 10.00 -0.20
0.00 8631.37
326.40 -27.46 -28.75 -35.19 340.64 289.23 8.84 -0.10
0.00 9163.37
304.00 -31.66 -32.28 -35.73 341.73 285.52 7.26 0.00
19.00 9670.49
283.80 -35.46 -35.90 -39.03 342.50 284.42 7.01 0.10
51.00 10152.85
265.70 -39.36 -39.76 -43.72 342.66 287.97 7.56 0.10
20.00 10607.71
248.80 -43.26 -43.63 -48.92 342.85 279.87 4.53 0.10
5.00 11053.76
233.60 -46.76 -46.99 -51.06 343.65 266.99 3.69 0.10
33.00 11474.78
219.60 -49.36 -49.59 -55.00 345.55 286.50 5.48 0.10
20.00 11882.00
205.70 -51.36 -51.67 -62.77 348.65 314.19 9.75 0.10
0.00 12308.45
191.70 -54.06 -54.33 -68.39 351.32 323.75 14.45 0.00
0.00 12763.28
177.80 -57.16 -57.35 -68.92 353.88 332.24 12.51 0.00
0.00 13242.60
163.80 -60.46 -60.61 -74.24 356.69 330.64 10.70 0.00
0.00 13757.16
149.80 -63.46 -63.56 -74.84 360.75 318.99 11.85 0.00
0.00 14309.48
135.90 -66.06 -66.14 -75.48 366.33 321.75 12.86 0.00
0.00 14903.50
121.90 -68.86 -9999.00 -9999.00 -9999.00 333.43 10.43 0.00
0.00 15558.07
108.00 -69.96 -9999.00 -9999.00 -9999.00 337.62 7.15 0.00
0.00 16280.10
94.00 -68.86 -9999.00 -9999.00 -9999.00 108.43 3.07 0.00
0.00 17108.09
81.00 -68.06 -9999.00 -9999.00 -9999.00 131.08 10.04 0.00
0.00 17999.91
70.60 -67.56 -9999.00 -9999.00 -9999.00 123.21 12.76 0.00
0.00 18825.88
62.20 -64.86 -9999.00 -9999.00 -9999.00 89.06 11.85 0.00
0.00 19593.20
54.30 -61.86 -9999.00 -9999.00 -9999.00 73.96 16.16 0.00
0.00 20427.32
46.90 -58.86 -9999.00 -9999.00 -9999.00 74.05 19.79 0.00
0.00 21339.86
40.10 -56.66 -9999.00 -9999.00 -9999.00 81.87 23.35 0.00
0.00 22327.44
33.80 -55.06 -9999.00 -9999.00 -9999.00 85.20 25.54 0.00
0.00 23414.53
27.80 -52.76 -9999.00 -9999.00 -9999.00 85.07 27.10 0.00
0.00 24668.66
22.30 -50.36 -9999.00 -9999.00 -9999.00 86.12 31.55 0.00
0.00 26098.55
17.10 -47.56 -9999.00 -9999.00 -9999.00 83.12 38.93 0.00
0.00 27840.91
12.30 -43.86 -51.15 -89.89 805.74 77.77 40.35 0.00
0.00 30034.42

STID = KDAL STNM = 722583 TIME = 200809/0100 
SLAT = 32.84 SLON = -96.85 SELV = 138.0
STIM = 1

SHOW = -1.93 LIFT = -2.26 SWET = 217.09 KINX = 31.45
LCLP = 782.79 PWAT = 40.55 TOTL = 48.29 CAPE = 491.42
LCLT = 287.04 CINS = -214.43 EQLV = 216.61 LFCT = 608.72
BRCH = 155.76

PRES TMPC TMWC DWPC THTE DRCT SKNT OMEG
CFRL HGHT
998.20 34.54 22.86 17.71 347.29 137.12 7.42 0.00
0.00 147.09
995.20 34.34 22.75 17.63 347.28 136.55 10.16 0.00
0.00 174.40
989.70 33.84 22.54 17.53 347.23 136.97 11.97 0.00
0.00 224.63
980.30 32.94 22.17 17.37 347.13 138.65 12.94 0.00
0.00 310.92
966.30 31.64 21.64 17.16 347.12 140.83 13.54 0.00
0.00 440.52
948.40 30.04 20.97 16.88 347.17 142.97 13.87 0.00
0.00 608.19
926.90 28.04 20.14 16.54 347.19 147.65 13.79 0.00
0.00 812.59
903.50 25.84 19.24 16.19 347.29 155.62 13.66 0.10
0.00 1038.94
878.10 23.44 18.17 15.70 347.20 167.91 13.91 0.30
0.00 1289.44
849.70 20.74 16.73 14.78 346.25 177.03 14.98 0.50
0.00 1575.74
818.40 18.64 13.49 10.51 339.25 180.73 15.35 0.60
0.00 1899.63
784.20 18.34 10.42 4.77 334.27 169.94 12.24 0.50
0.00 2265.88
747.20 16.44 8.70 2.83 334.94 151.29 9.30 0.30
0.00 2678.55
707.10 12.94 6.91 2.26 336.44 148.82 8.62 0.20
0.00 3145.10
664.20 8.94 3.89 -0.49 335.20 116.57 11.73 0.20
0.00 3667.45
618.30 5.14 -0.20 -6.05 332.42 109.44 7.01 0.20
0.00 4256.46
570.00 -0.06 -4.50 -10.51 330.93 29.74 6.25 0.20
0.00 4914.23
523.20 -4.96 -10.02 -20.88 327.68 39.34 15.33 0.10
0.00 5593.84
481.10 -7.56 -12.99 -28.52 330.20 22.62 5.05 0.00
0.00 6249.63
443.40 -10.46 -15.32 -30.42 334.05 224.03 8.10 -0.10
0.00 6880.84
409.50 -14.26 -18.51 -34.78 336.05 239.45 13.75 -0.20
0.00 7488.20
378.90 -18.46 -21.76 -35.98 337.94 255.76 13.42 -0.20
0.00 8072.15
351.20 -22.96 -25.06 -34.28 339.74 271.15 9.71 -0.10
0.00 8633.30
326.40 -27.56 -28.95 -36.26 340.28 278.13 6.88 0.00
0.00 9164.86
304.00 -31.56 -32.26 -36.25 341.76 275.36 6.24 0.00
0.00 9671.96
283.80 -35.46 -35.97 -39.69 342.38 281.63 6.74 0.10
19.00 10154.41
265.70 -39.36 -39.78 -44.03 342.62 282.20 7.36 0.10
15.00 10609.27
248.80 -43.26 -43.63 -48.92 342.85 268.09 5.83 0.10
4.00 11055.32
233.60 -46.66 -46.92 -51.65 343.76 258.69 5.94 0.10
12.00 11476.42
219.60 -49.06 -49.33 -55.86 345.97 282.99 7.77 0.00
5.00 11884.01
205.70 -51.36 -51.69 -64.93 348.61 312.51 12.65 0.00
0.00 12310.74
191.70 -54.26 -54.52 -68.39 351.00 325.49 15.09 0.00
0.00 12765.36
177.80 -57.26 -57.47 -73.70 353.67 335.10 11.99 -0.10
0.00 13244.35
163.80 -60.46 -60.61 -74.24 356.69 334.36 10.78 0.00
0.00 13758.79
149.80 -63.56 -63.66 -74.84 360.58 323.65 12.78 0.00
0.00 14310.97
135.90 -66.06 -9999.00 -9999.00 -9999.00 327.41 14.06 0.00
0.00 14904.85
121.90 -68.86 -9999.00 -9999.00 -9999.00 345.00 11.27 0.00
0.00 15559.43
108.00 -70.16 -9999.00 -9999.00 -9999.00 349.82 7.69 0.00
0.00 16281.10
94.00 -69.16 -9999.00 -9999.00 -9999.00 107.35 3.26 0.00
0.00 17108.07
81.00 -68.66 -9999.00 -9999.00 -9999.00 139.54 8.68 0.00
0.00 17997.93
70.60 -68.16 -9999.00 -9999.00 -9999.00 122.97 8.57 0.00
0.00 18821.49
62.20 -65.16 -9999.00 -9999.00 -9999.00 76.18 12.20 0.00
0.00 19587.14
54.30 -62.46 -9999.00 -9999.00 -9999.00 69.86 18.63 0.00
0.00 20419.47
46.90 -59.46 -9999.00 -9999.00 -9999.00 72.06 21.45 0.00
0.00 21329.44
40.10 -57.06 -9999.00 -9999.00 -9999.00 78.41 23.19 0.00
0.00 22314.73
33.80 -54.86 -9999.00 -9999.00 -9999.00 83.04 25.64 0.00
0.00 23401.32
27.80 -52.76 -9999.00 -9999.00 -9999.00 83.57 27.76 0.00
0.00 24656.02
22.30 -50.36 -9999.00 -9999.00 -9999.00 85.29 33.14 0.00
0.00 26085.91
17.10 -47.76 -9999.00 -9999.00 -9999.00 81.11 41.49 0.00
0.00 27827.49
12.30 -43.66 -51.04 -89.89 806.44 76.03 43.43 0.00
0.00 30021.00

STID = KDAL STNM = 722583 TIME = 200809/0200 
SLAT = 32.84 SLON = -96.85 SELV = 138.0
STIM = 2

SHOW = -2.12 LIFT = -2.60 SWET = 226.42 KINX = 31.75
LCLP = 802.79 PWAT = 40.47 TOTL = 48.65 CAPE = 631.21
LCLT = 288.00 CINS = -257.03 EQLV = 210.52 LFCT = 609.97
BRCH = 72.84

PRES TMPC TMWC DWPC THTE DRCT SKNT OMEG
CFRL HGHT
998.10 33.34 22.85 18.29 347.37 137.39 6.60 0.00
0.00 147.06
995.20 33.24 22.77 18.22 347.49 135.73 10.86 0.00
0.00 173.37
989.70 32.94 22.62 18.12 347.67 136.15 13.73 0.00
0.00 223.45
980.20 32.34 22.33 17.95 347.91 137.82 16.78 0.10
0.00 310.47
966.20 31.14 21.81 17.71 347.94 140.58 18.36 0.10
0.00 439.89
948.30 29.64 21.17 17.42 348.09 145.65 18.59 0.20
0.00 607.37
926.80 27.84 20.36 17.01 348.16 152.88 17.89 0.20
0.00 811.65
903.40 25.74 19.38 16.48 347.93 165.32 16.86 0.30
0.00 1037.96
878.00 23.54 18.29 15.84 347.69 178.05 17.11 0.40
0.00 1288.51
849.60 20.94 16.82 14.82 346.61 183.65 18.30 0.60
0.00 1575.00
818.30 19.34 13.87 10.78 340.64 186.27 17.77 0.60
0.00 1899.45
784.10 19.04 10.31 3.91 333.86 175.31 11.89 0.40
0.00 2266.59
747.10 16.64 8.55 2.31 334.48 150.57 8.70 0.20
0.00 2679.88
707.10 12.84 6.91 2.35 336.45 145.92 7.96 0.20
0.00 3145.35
664.10 9.24 3.71 -1.22 334.67 108.43 10.45 0.30
0.00 3669.11
618.20 5.34 -0.58 -7.45 331.39 80.54 5.91 0.20
0.00 4258.61
569.90 -0.06 -4.83 -11.59 330.14 35.68 9.32 0.10
0.00 4916.60
523.20 -4.96 -9.99 -20.72 327.74 47.73 17.33 0.00
0.00 5594.77
481.10 -7.66 -13.01 -28.11 330.18 27.90 7.48 -0.10
0.00 6250.44
443.40 -10.96 -15.63 -30.27 333.45 243.43 5.65 -0.20
0.00 6880.94
409.50 -14.76 -18.68 -32.88 335.77 249.78 11.79 -0.20
0.00 7487.17
378.80 -18.76 -21.85 -34.58 337.83 260.25 12.61 -0.30
0.00 8072.21
351.20 -23.16 -25.25 -34.62 339.39 268.88 9.91 -0.20
0.00 8630.87
326.40 -27.56 -29.07 -37.46 340.05 270.00 6.60 -0.20
0.00 9162.20
304.00 -31.56 -32.34 -36.97 341.61 273.37 6.62 -0.10
0.00 9669.28
283.80 -35.46 -36.03 -40.38 342.27 284.38 7.83 -0.10
6.00 10151.73
265.70 -39.46 -39.87 -44.03 342.48 280.08 8.88 0.00
10.00 10606.48
248.80 -43.26 -43.61 -48.45 342.89 271.27 8.74 0.00
5.00 11052.43
233.60 -46.56 -46.85 -52.28 343.87 267.61 9.32 0.00
7.00 11473.63
219.60 -49.16 -49.45 -56.82 345.77 286.89 11.36 0.00
2.00 11881.22
205.70 -51.76 -52.05 -62.77 348.03 309.19 16.30 0.00
0.00 12307.47
191.70 -54.66 -54.91 -68.39 350.36 323.97 15.85 0.00
0.00 12761.27
177.80 -57.56 -57.76 -73.70 353.18 333.84 12.33 0.00
0.00 13239.49
163.80 -60.56 -60.71 -74.24 356.52 334.75 11.38 0.00
0.00 13753.44
149.80 -63.66 -63.76 -74.84 360.41 326.31 14.01 0.00
0.00 14305.37
135.90 -66.26 -9999.00 -9999.00 -9999.00 331.16 15.31 0.00
0.00 14898.82
121.90 -68.96 -9999.00 -9999.00 -9999.00 349.44 11.65 0.00
0.00 15552.91
108.00 -70.16 -9999.00 -9999.00 -9999.00 345.96 7.21 0.00
0.00 16274.41
94.00 -69.16 -9999.00 -9999.00 -9999.00 156.80 2.95 0.00
0.00 17101.38
81.00 -68.66 -9999.00 -9999.00 -9999.00 159.08 7.07 0.00
0.00 17991.24
70.60 -67.46 -9999.00 -9999.00 -9999.00 113.96 5.73 0.00
0.00 18816.20
62.20 -64.66 -9999.00 -9999.00 -9999.00 73.07 14.01 0.00
0.00 19584.08
54.30 -62.46 -9999.00 -9999.00 -9999.00 68.30 19.44 0.00
0.00 20417.40
46.90 -59.56 -9999.00 -9999.00 -9999.00 68.93 22.69 0.00
0.00 21327.16
40.10 -57.46 -9999.00 -9999.00 -9999.00 76.84 24.73 0.00
0.00 22311.30
33.80 -55.26 -9999.00 -9999.00 -9999.00 80.54 27.18 0.00
0.00 23395.89
27.80 -52.46 -9999.00 -9999.00 -9999.00 81.71 29.64 0.00
0.00 24650.31
22.30 -49.96 -9999.00 -9999.00 -9999.00 84.54 34.73 0.00
0.00 26082.46
17.10 -46.46 -9999.00 -9999.00 -9999.00 79.60 40.89 0.00
0.00 27830.64
12.30 -42.76 -50.56 -89.89 809.61 78.64 43.40 0.00
0.00 30034.76

STID = KDAL STNM = 722583 TIME = 200809/0300 
SLAT = 32.84 SLON = -96.85 SELV = 138.0
STIM = 3

SHOW = -1.64 LIFT = -2.28 SWET = 222.71 KINX = 31.16
LCLP = 820.63 PWAT = 38.83 TOTL = 48.13 CAPE = 621.27
LCLT = 288.64 CINS = -293.31 EQLV = 213.51 LFCT = 604.28
BRCH = 36.67

PRES TMPC TMWC DWPC THTE DRCT SKNT OMEG
CFRL HGHT
998.60 32.14 22.69 18.60 346.69 143.13 4.86 0.00
0.00 147.02
995.60 32.44 22.70 18.48 347.16 143.33 11.38 0.00
0.00 174.14
990.10 32.44 22.60 18.34 347.60 144.20 14.61 0.00
0.00 224.09
980.60 32.24 22.34 18.03 347.94 146.31 19.62 0.00
0.00 311.01
966.60 31.24 21.78 17.60 347.71 149.82 22.03 0.10
0.00 440.37
948.60 29.74 21.02 17.10 347.34 154.09 22.67 0.10
0.00 608.76
927.20 27.94 20.12 16.55 347.05 161.89 21.87 0.10
0.00 812.04
903.80 25.94 19.16 16.01 346.91 172.41 20.57 0.10
0.00 1038.31
878.40 23.74 18.10 15.42 346.81 181.70 19.62 0.10
0.00 1288.86
850.00 21.14 16.58 14.32 345.56 186.47 18.96 0.30
0.00 1575.35
818.60 19.84 13.25 9.29 338.30 192.24 16.49 0.30
0.00 1900.95
784.50 19.34 9.90 2.62 332.41 184.24 10.51 0.10
0.00 2267.20
747.40 16.74 8.52 2.13 334.31 145.12 7.81 0.00
0.00 2681.62
707.30 12.84 6.94 2.42 336.52 135.00 6.88 0.10
0.00 3148.16
664.30 9.44 3.38 -2.26 333.65 92.39 9.32 0.20
0.00 3671.89
618.40 5.54 -1.18 -9.73 329.75 47.91 8.12 0.20
0.00 4261.46
570.10 0.04 -5.41 -13.94 328.67 41.57 13.75 0.10
0.00 4919.37
523.30 -4.76 -9.75 -20.08 328.24 52.88 18.03 0.10
0.00 5599.10
481.20 -7.66 -12.96 -27.70 330.26 39.64 8.84 0.00
0.00 6254.91
443.50 -11.36 -15.91 -30.42 332.88 273.37 3.30 -0.10
0.00 6884.81
409.60 -15.16 -18.92 -32.53 335.30 261.16 8.84 -0.20
0.00 7489.96
378.90 -19.06 -21.99 -33.85 337.55 265.24 11.69 -0.20
0.00 8074.07
351.30 -23.46 -25.56 -35.34 338.81 267.95 10.88 -0.20
0.00 8631.90
326.40 -27.76 -29.33 -38.56 339.59 262.50 7.44 -0.20
0.00 9164.75
304.00 -31.76 -32.59 -37.75 341.17 266.73 6.82 -0.20
0.00 9671.40
283.80 -35.66 -36.23 -40.63 341.94 283.32 7.60 -0.10
3.00 10153.44
265.70 -39.56 -39.98 -44.35 342.29 278.47 9.23 0.00
0.00 10607.90
248.80 -43.26 -43.63 -48.92 342.85 272.20 10.10 0.00
7.00 11053.75
233.60 -46.46 -46.78 -52.96 343.98 272.96 11.29 0.10
4.00 11475.04
219.60 -48.96 -49.31 -59.12 345.99 295.11 13.73 0.10
0.00 11882.90
205.70 -51.76 -52.05 -62.77 348.03 314.10 17.58 0.10
0.00 12309.33
191.70 -54.56 -54.81 -68.39 350.52 327.99 14.67 0.10
0.00 12763.24
177.80 -57.26 -57.47 -73.70 353.67 335.73 10.86 0.00
0.00 13241.89
163.80 -60.36 -60.51 -74.24 356.86 337.83 11.32 0.00
0.00 13756.45
149.80 -63.56 -63.66 -74.84 360.58 333.43 13.91 0.00
0.00 14308.77
135.90 -66.36 -9999.00 -9999.00 -9999.00 339.54 13.89 0.00
0.00 14902.22
121.90 -68.96 -9999.00 -9999.00 -9999.00 357.61 9.32 0.00
0.00 15556.16
108.00 -69.96 -9999.00 -9999.00 -9999.00 348.69 4.95 0.00
0.00 16278.01
94.00 -68.96 -9999.00 -9999.00 -9999.00 170.13 4.53 0.00
0.00 17105.79
81.00 -68.16 -9999.00 -9999.00 -9999.00 165.47 5.42 0.00
0.00 17997.17
70.60 -65.96 -9999.00 -9999.00 -9999.00 86.42 6.24 0.00
0.00 18826.16
62.20 -63.96 -9999.00 -9999.00 -9999.00 78.41 15.46 0.00
0.00 19598.12
54.30 -61.86 -9999.00 -9999.00 -9999.00 69.92 19.23 0.00
0.00 20434.03
46.90 -59.36 -9999.00 -9999.00 -9999.00 70.51 23.29 0.00
0.00 21345.49
40.10 -57.46 -9999.00 -9999.00 -9999.00 78.86 25.14 0.00
0.00 22330.10
33.80 -55.16 -9999.00 -9999.00 -9999.00 79.55 27.86 0.00
0.00 23414.94
27.80 -52.26 -9999.00 -9999.00 -9999.00 80.07 31.55 0.00
0.00 24670.21
22.30 -50.06 -9999.00 -9999.00 -9999.00 81.83 35.53 0.00
0.00 26102.68
17.10 -46.76 -9999.00 -9999.00 -9999.00 78.74 41.78 0.00
0.00 27849.32
12.30 -42.86 -50.62 -89.89 809.26 80.16 43.18 0.00
0.00 30051.51

STID = KDAL STNM = 722583 TIME = 200809/0400 
SLAT = 32.84 SLON = -96.85 SELV = 138.0
STIM = 4

SHOW = -0.16 LIFT = -1.20 SWET = 203.82 KINX = 29.15
LCLP = 835.13 PWAT = 36.64 TOTL = 46.31 CAPE = 382.12
LCLT = 288.99 CINS = -345.03 EQLV = 228.38 LFCT = 591.00
BRCH = 13.03

PRES TMPC TMWC DWPC THTE DRCT SKNT OMEG
CFRL HGHT
999.20 31.04 22.44 18.69 345.54 149.74 5.40 0.00
0.00 146.08
996.20 31.74 22.53 18.52 346.36 149.86 13.93 0.00
0.00 173.11
990.70 31.94 22.41 18.24 346.66 151.44 17.46 0.00
0.00 222.93
981.10 32.14 21.95 17.38 346.10 154.27 23.72 0.00
0.00 310.61
967.20 31.34 21.31 16.71 345.52 155.22 25.04 0.00
0.00 438.93
949.20 29.84 20.54 16.20 345.15 157.77 24.13 0.00
0.00 607.20
927.70 28.04 19.63 15.64 344.86 165.84 22.24 0.00
0.00 811.28
904.30 26.04 18.65 15.07 344.67 175.60 20.26 0.00
0.00 1037.40
878.90 23.74 17.52 14.45 344.38 184.81 18.51 0.00
0.00 1287.74
850.50 21.44 15.87 12.96 342.69 199.78 18.38 0.00
0.00 1574.05
819.20 19.74 12.94 8.75 337.10 206.57 17.37 0.00
0.00 1898.38
784.90 18.94 9.47 1.92 331.00 192.41 9.95 -0.10
0.00 2266.16
747.80 16.64 8.55 2.28 334.33 129.81 7.60 0.00
0.00 2679.98
707.70 12.94 6.93 2.29 336.39 107.97 7.56 0.20
0.00 3146.27
664.70 9.64 2.84 -3.94 332.01 74.20 10.70 0.30
0.00 3669.87
618.70 5.64 -1.84 -12.46 327.94 42.56 12.92 0.20
0.00 4260.50
570.40 0.04 -5.68 -15.05 327.96 50.27 17.93 0.20
0.00 4918.05
523.50 -4.36 -9.68 -20.96 328.33 61.70 17.21 0.10
0.00 5599.36
481.40 -7.36 -12.79 -27.83 330.56 56.31 8.41 0.10
0.00 6255.75
443.60 -11.46 -15.97 -30.41 332.73 299.05 2.00 0.00
0.00 6887.34
409.70 -15.46 -19.13 -32.53 334.88 263.09 6.45 -0.10
0.00 7491.89
379.00 -19.36 -22.23 -34.02 337.09 263.54 10.35 -0.20
0.00 8075.16
351.30 -23.66 -25.83 -36.52 338.31 262.88 10.96 -0.20
0.00 8634.38
326.40 -27.96 -29.60 -39.79 339.12 253.18 8.72 -0.10
0.00 9166.77
304.00 -31.86 -32.78 -38.80 340.84 252.03 7.56 -0.10
0.00 9673.10
283.80 -35.86 -36.40 -40.63 341.65 268.53 7.58 -0.10
3.00 10154.83
265.70 -39.66 -40.10 -44.69 342.10 268.78 9.13 0.00
7.00 10609.00
248.80 -43.26 -43.65 -49.43 342.81 267.92 10.68 0.00
4.00 11054.75
233.60 -46.26 -46.64 -54.49 344.20 276.34 12.32 0.00
0.00 11476.22
219.60 -48.76 -49.15 -60.55 346.26 299.12 15.56 0.00
0.00 11884.43
205.70 -51.56 -51.88 -64.93 348.29 322.07 16.74 0.00
0.00 12311.25
191.70 -54.36 -54.62 -68.39 350.84 331.93 13.21 0.00
0.00 12765.57
177.80 -57.16 -57.38 -73.70 353.84 343.61 10.33 0.00
0.00 13244.55
163.80 -60.56 -60.71 -74.24 356.52 348.49 10.70 -0.10
0.00 13758.99
149.80 -63.86 -63.96 -74.84 360.06 343.56 12.35 -0.10
0.00 14310.65
135.90 -66.76 -9999.00 -9999.00 -9999.00 345.96 12.00 0.00
0.00 14903.10
121.90 -69.36 -9999.00 -9999.00 -9999.00 4.51 7.40 0.00
0.00 15555.77
108.00 -70.16 -9999.00 -9999.00 -9999.00 354.56 4.10 0.00
0.00 16276.56
94.00 -69.06 -9999.00 -9999.00 -9999.00 176.82 3.50 0.00
0.00 17103.73
81.00 -67.66 -9999.00 -9999.00 -9999.00 161.57 2.45 0.00
0.00 17995.99
70.60 -65.06 -9999.00 -9999.00 -9999.00 77.20 8.76 0.00
0.00 18827.79
62.20 -63.76 -9999.00 -9999.00 -9999.00 80.31 16.16 0.00
0.00 19601.79
54.30 -61.36 -9999.00 -9999.00 -9999.00 71.74 20.45 0.00
0.00 20439.09
46.90 -59.16 -9999.00 -9999.00 -9999.00 77.97 24.22 0.00
0.00 21352.06
40.10 -57.56 -9999.00 -9999.00 -9999.00 83.04 25.64 0.00
0.00 22336.89
33.80 -55.16 -9999.00 -9999.00 -9999.00 82.67 27.43 0.00
0.00 23421.48
27.80 -52.56 -9999.00 -9999.00 -9999.00 85.66 30.79 0.00
0.00 24675.90
22.30 -50.96 -9999.00 -9999.00 -9999.00 84.39 33.76 0.00
0.00 26104.49
17.10 -46.66 -9999.00 -9999.00 -9999.00 82.81 40.33 0.00
0.00 27848.02
12.30 -42.96 -9999.00 -9999.00 -9999.00 78.84 44.15 0.00
0.00 30050.20

STID = KDAL STNM = 722583 TIME = 200809/0500 
SLAT = 32.84 SLON = -96.85 SELV = 138.0
STIM = 5

SHOW = -0.29 LIFT = -0.23 SWET = 205.39 KINX = 27.20
LCLP = 836.18 PWAT = 35.95 TOTL = 45.97 CAPE = 133.09
LCLT = 288.42 CINS = -410.65 EQLV = 248.75 LFCT = 573.70
BRCH = 3.16

PRES TMPC TMWC DWPC THTE DRCT SKNT OMEG
CFRL HGHT
999.30 30.34 21.89 18.09 343.17 160.35 5.77 0.00
0.00 146.96
996.30 31.14 21.91 17.74 343.66 162.23 15.91 0.00
0.00 173.91
990.80 31.24 21.72 17.38 343.67 163.52 19.85 0.00
0.00 223.61
981.30 31.74 21.33 16.45 343.36 166.47 26.57 -0.10
0.00 310.16
967.40 30.94 20.88 16.14 343.67 168.46 28.15 -0.10
0.00 438.24
949.40 29.54 20.25 15.84 343.91 169.08 27.70 -0.20
0.00 606.24
927.90 27.74 19.33 15.27 343.61 168.27 25.80 -0.30
0.00 810.05
904.50 25.74 18.28 14.59 343.16 168.50 23.39 -0.40
0.00 1035.84
879.00 23.54 17.15 13.91 342.88 169.99 20.12 -0.40
0.00 1286.85
850.70 20.94 16.14 13.70 343.74 182.86 15.56 -0.30
0.00 1571.79
819.30 18.94 13.96 11.18 340.83 209.36 14.26 -0.20
0.00 1896.57
785.00 18.74 9.42 2.00 330.86 192.53 7.17 0.00
0.00 2263.85
747.90 16.54 8.83 3.05 335.25 123.27 7.44 0.30
0.00 2677.45
707.80 13.34 6.55 1.06 335.17 94.97 8.97 0.40
0.00 3143.89
664.70 10.04 2.13 -6.65 329.95 67.71 12.80 0.40
0.00 3669.20
618.80 5.54 -2.05 -13.15 327.39 54.71 15.46 0.20
0.00 4258.65
570.40 0.14 -5.89 -16.19 327.46 66.63 17.13 0.10
0.00 4917.44
523.60 -3.96 -9.91 -23.95 327.71 77.96 14.90 0.00
0.00 5597.76
481.40 -7.16 -12.71 -28.24 330.71 85.36 7.21 -0.10
0.00 6256.31
443.70 -11.66 -16.09 -30.26 332.49 236.31 0.70 -0.10
0.00 6886.16
409.70 -15.76 -19.32 -32.36 334.53 250.91 5.34 -0.10
0.00 7491.83
379.00 -19.76 -22.56 -34.39 336.49 259.38 9.48 -0.10
0.00 8074.31
351.30 -23.86 -26.08 -37.61 337.85 258.27 10.51 -0.10
0.00 8632.85
326.40 -28.06 -29.74 -40.60 338.87 251.57 9.83 0.00
0.00 9164.91
304.00 -31.96 -32.97 -39.97 340.51 250.77 8.84 0.00
0.00 9671.01
283.80 -35.96 -36.46 -40.38 341.55 263.52 8.61 0.10
3.00 10152.53
265.70 -39.86 -40.25 -44.35 341.85 264.61 10.33 0.10
16.00 10606.42
248.80 -43.26 -43.68 -49.96 342.77 269.08 12.04 0.10
4.00 11051.98
233.60 -46.16 -46.57 -55.36 344.31 283.24 13.58 0.10
0.00 11473.54
219.60 -48.66 -49.05 -60.55 346.41 307.44 15.66 0.10
0.00 11881.93
205.70 -51.36 -51.72 -67.88 348.56 325.12 15.62 0.10
0.00 12309.03
191.70 -54.16 -54.45 -73.19 351.12 334.23 12.51 0.10
0.00 12763.76
177.80 -57.26 -57.47 -73.70 353.67 348.69 9.91 0.00
0.00 13242.85
163.80 -60.76 -60.90 -74.24 356.19 354.29 9.75 0.00
0.00 13756.93
149.80 -64.06 -64.15 -74.84 359.72 344.20 10.70 0.00
0.00 14308.07
135.90 -66.96 -67.02 -75.48 364.74 344.05 9.91 0.00
0.00 14899.95
121.90 -69.46 -9999.00 -9999.00 -9999.00 360.00 4.86 0.00
0.00 15552.14
108.00 -70.06 -9999.00 -9999.00 -9999.00 344.05 2.84 0.00
0.00 16272.93
94.00 -68.96 -9999.00 -9999.00 -9999.00 192.99 2.58 0.00
0.00 17100.51
81.00 -67.46 -9999.00 -9999.00 -9999.00 36.87 1.94 0.00
0.00 17993.42
70.60 -65.36 -9999.00 -9999.00 -9999.00 65.94 11.91 0.00
0.00 18825.02
62.20 -64.66 -9999.00 -9999.00 -9999.00 71.15 16.82 0.00
0.00 19596.80
54.30 -62.06 -9999.00 -9999.00 -9999.00 70.94 22.61 0.00
0.00 20430.91
46.90 -59.86 -9999.00 -9999.00 -9999.00 79.81 25.27 0.00
0.00 21340.88
40.10 -58.56 -9999.00 -9999.00 -9999.00 83.04 25.64 0.00
0.00 22321.82
33.80 -56.16 -9999.00 -9999.00 -9999.00 81.87 27.47 0.00
0.00 23401.40
27.80 -53.56 -9999.00 -9999.00 -9999.00 82.97 28.57 0.00
0.00 24650.10
22.30 -50.46 -9999.00 -9999.00 -9999.00 80.71 32.48 0.00
0.00 26077.09
17.10 -45.66 -9999.00 -9999.00 -9999.00 84.32 41.18 0.00
0.00 27826.44
12.30 -43.16 -9999.00 -9999.00 -9999.00 79.11 47.28 0.00
0.00 30032.48

STID = KDAL STNM = 722583 TIME = 200809/0600 
SLAT = 32.84 SLON = -96.85 SELV = 138.0
STIM = 6

SHOW = -0.36 LIFT = -1.20 SWET = 200.54 KINX = 26.01
LCLP = 843.79 PWAT = 36.57 TOTL = 46.35 CAPE = 394.99
LCLT = 288.38 CINS = -386.04 EQLV = 229.71 LFCT = 594.29
BRCH = 9.52

PRES TMPC TMWC DWPC THTE DRCT SKNT OMEG
CFRL HGHT
999.60 29.54 21.56 17.91 341.74 173.66 5.28 0.00
0.00 146.04
996.50 30.44 21.77 17.84 343.06 176.42 15.58 0.00
0.00 173.81
991.10 30.44 21.75 17.83 343.80 177.69 19.25 0.10
0.00 222.48
981.60 30.44 21.94 18.20 346.11 181.21 27.58 0.10
0.00 308.76
967.60 30.14 21.56 17.75 346.65 182.35 28.38 0.10
0.00 437.38
949.60 28.94 20.74 17.02 346.04 182.11 26.44 0.20
0.00 605.07
928.10 27.44 19.62 15.94 344.81 178.15 24.11 0.10
0.00 808.62
904.70 25.54 18.35 14.81 343.40 174.04 22.46 0.10
0.00 1034.23
879.20 23.34 17.06 13.87 342.52 172.03 19.62 0.00
0.00 1285.02
850.80 20.84 15.92 13.38 342.86 180.00 15.35 -0.10
0.00 1570.74
819.40 18.94 14.02 11.27 341.00 209.54 13.40 -0.20
0.00 1895.42
785.20 18.64 9.64 2.65 331.54 196.99 7.30 -0.10
0.00 2261.53
748.00 16.54 8.91 3.23 335.49 132.51 6.33 0.00
0.00 2676.14
707.90 13.64 6.22 -0.04 334.11 96.84 9.79 0.10
0.00 3142.70
664.80 10.04 2.11 -6.69 329.90 79.18 13.44 0.10
0.00 3668.14
618.90 5.24 -1.82 -11.55 328.02 82.50 14.90 0.00
0.00 4257.24
570.50 0.04 -6.24 -17.66 326.60 90.73 15.15 -0.10
0.00 4915.46
523.60 -4.36 -10.38 -25.64 326.71 92.45 13.62 -0.10
0.00 5596.46
481.40 -7.56 -12.94 -28.10 330.24 96.17 7.23 0.00
0.00 6254.00
443.70 -11.76 -16.14 -30.11 332.40 243.43 0.43 0.10
0.00 6883.26
409.70 -15.76 -19.32 -32.36 334.53 248.20 5.23 0.10
0.00 7488.82
379.00 -19.76 -22.63 -35.15 336.34 257.99 9.34 0.10
0.00 8071.29
351.30 -23.76 -26.12 -39.08 337.76 250.28 10.94 0.10
0.00 8629.92
326.40 -27.86 -29.60 -40.89 339.10 247.31 11.58 0.10
0.00 9162.29
304.00 -31.96 -32.97 -39.97 340.51 247.22 10.53 0.00
0.00 9668.60
283.80 -35.96 -36.49 -40.63 341.51 250.82 9.46 0.00
0.00 10150.12
265.70 -39.86 -40.23 -44.03 341.89 253.39 11.56 0.00
16.00 10604.00
248.80 -43.36 -43.72 -48.92 342.70 263.39 13.50 -0.10
4.00 11049.47
233.60 -46.26 -46.64 -54.49 344.20 281.15 14.06 -0.10
0.00 11470.85
219.60 -48.76 -49.17 -62.27 346.21 309.51 14.36 -0.10
0.00 11879.06
205.70 -51.36 -51.72 -67.88 348.56 324.55 14.06 -0.10
0.00 12306.07
191.70 -54.26 -54.55 -73.19 350.96 339.23 12.04 -0.10
0.00 12760.70
177.80 -57.56 -57.76 -73.70 353.18 353.16 9.79 -0.10
0.00 13239.35
163.80 -61.06 -61.20 -74.24 355.68 356.42 9.34 -0.10
0.00 13752.70
149.90 -64.26 -64.35 -74.83 359.31 343.91 10.51 0.00
0.00 14299.08
135.90 -66.96 -67.02 -75.48 364.74 343.07 9.34 0.00
0.00 14894.73
121.90 -68.86 -9999.00 -9999.00 -9999.00 347.20 4.39 0.00
0.00 15547.88
108.00 -68.86 -9999.00 -9999.00 -9999.00 326.31 1.40 0.00
0.00 16271.86
94.00 -68.16 -9999.00 -9999.00 -9999.00 176.63 3.30 0.00
0.00 17103.50
81.00 -67.36 -9999.00 -9999.00 -9999.00 33.69 4.20 0.00
0.00 17998.37
70.60 -66.26 -9999.00 -9999.00 -9999.00 61.82 12.33 0.00
0.00 18828.36
62.20 -65.26 -9999.00 -9999.00 -9999.00 66.80 14.80 0.00
0.00 19597.35
54.30 -62.86 -9999.00 -9999.00 -9999.00 76.70 21.95 0.00
0.00 20428.68
46.90 -60.96 -9999.00 -9999.00 -9999.00 80.17 25.04 0.00
0.00 21334.58
40.10 -58.66 -9999.00 -9999.00 -9999.00 80.61 25.00 0.00
0.00 22312.77
33.80 -56.16 -9999.00 -9999.00 -9999.00 82.38 27.84 0.00
0.00 23392.10
27.80 -53.66 -9999.00 -9999.00 -9999.00 77.74 27.43 0.00
0.00 24640.51
22.30 -49.76 -9999.00 -9999.00 -9999.00 77.03 32.89 0.00
0.00 26069.43
17.10 -46.76 -9999.00 -9999.00 -9999.00 83.10 42.07 0.00
0.00 27817.23
12.30 -43.86 -9999.00 -9999.00 -9999.00 78.18 47.44 0.00
0.00 30014.59

STID = KDAL STNM = 722583 TIME = 200809/0700 
SLAT = 32.84 SLON = -96.85 SELV = 138.0
STIM = 7

SHOW = -0.67 LIFT = -2.65 SWET = 204.74 KINX = 26.80
LCLP = 865.60 PWAT = 39.46 TOTL = 46.62 CAPE = 940.91
LCLT = 289.52 CINS = -306.67 EQLV = 207.32 LFCT = 630.17
BRCH = 22.82

PRES TMPC TMWC DWPC THTE DRCT SKNT OMEG
CFRL HGHT
999.80 28.54 21.71 18.66 342.43 175.60 5.07 0.00
0.00 146.90
996.80 29.44 22.10 18.88 344.50 180.73 15.15 0.00
0.00 173.70
991.30 29.54 22.17 18.97 345.65 181.79 18.65 -0.10
0.00 223.13
981.90 29.64 22.53 19.55 348.75 187.22 27.80 -0.10
0.00 308.29
967.90 29.24 22.60 19.88 351.36 187.59 29.39 -0.10
0.00 436.63
949.80 28.14 21.91 19.33 351.28 187.33 27.43 0.00
0.00 604.94
928.30 26.84 20.83 18.24 350.02 186.65 23.47 0.00
0.00 808.21
904.80 25.24 19.35 16.66 347.57 183.30 20.24 0.00
0.00 1034.64
879.30 23.14 17.76 15.16 345.30 175.14 18.32 0.00
0.00 1285.38
850.90 20.84 16.20 13.84 343.91 180.75 14.76 0.00
0.00 1571.09
819.50 18.94 14.04 11.32 341.09 211.61 11.87 0.00
0.00 1895.76
785.20 18.44 9.81 3.26 332.11 193.57 5.79 0.00
0.00 2262.83
748.10 16.64 8.97 3.27 335.65 122.74 6.47 0.10
0.00 2676.26
707.90 13.54 6.14 -0.14 333.87 101.66 12.49 0.20
0.00 3143.95
664.90 9.74 2.68 -4.54 331.50 91.61 13.79 0.20
0.00 3667.85
618.90 4.94 -1.36 -9.34 329.24 99.06 13.58 0.20
0.00 4257.76
570.50 0.04 -6.17 -17.31 326.76 104.04 13.62 0.10
0.00 4915.73
523.60 -4.16 -10.39 -26.79 326.63 114.23 12.78 0.00
0.00 5596.98
481.50 -7.56 -12.88 -27.56 330.37 124.44 8.24 -0.10
0.00 6253.12
443.70 -11.86 -16.19 -29.96 332.31 184.40 2.53 -0.20
0.00 6883.87
409.70 -16.06 -19.51 -32.20 334.18 233.53 5.56 -0.20
0.00 7488.97
379.00 -20.06 -22.85 -35.15 335.94 254.74 8.86 -0.20
0.00 8070.76
351.30 -23.96 -26.31 -39.62 337.41 251.90 10.63 -0.10
0.00 8628.83
326.40 -27.96 -29.62 -40.05 339.08 254.58 11.69 0.00
0.00 9160.89
304.00 -32.06 -32.97 -39.02 340.52 258.06 10.33 0.00
0.00 9667.00
283.80 -36.06 -36.55 -40.38 341.40 256.55 9.19 0.00
3.00 10148.32
265.70 -39.86 -40.23 -44.03 341.89 256.43 11.60 0.10
27.00 10602.11
248.80 -43.56 -43.83 -47.56 342.53 268.45 14.37 0.10
24.00 11047.39
233.60 -46.36 -46.74 -54.49 344.05 288.67 15.17 0.10
3.00 11468.50
219.60 -48.86 -49.29 -64.44 346.01 312.32 14.70 0.10
0.00 11876.53
205.70 -51.26 -51.65 -72.71 348.67 327.59 14.49 0.10
0.00 12303.53
191.70 -54.16 -54.45 -73.19 351.12 342.65 13.03 0.10
0.00 12758.36
177.80 -57.46 -57.67 -73.70 353.34 348.89 11.09 0.10
0.00 13237.23
163.80 -60.76 -60.90 -74.24 356.19 346.70 10.98 0.10
0.00 13751.07
149.90 -63.76 -63.86 -74.83 360.17 338.70 12.30 0.10
0.00 14298.48
135.90 -66.26 -9999.00 -9999.00 -9999.00 339.30 9.34 0.00
0.00 14895.85
121.90 -68.16 -9999.00 -9999.00 -9999.00 340.56 3.50 0.00
0.00 15551.22
108.00 -68.86 -9999.00 -9999.00 -9999.00 291.80 1.05 0.00
0.00 16276.44
94.00 -69.16 -9999.00 -9999.00 -9999.00 225.00 2.74 0.00
0.00 17106.06
81.00 -68.06 -9999.00 -9999.00 -9999.00 8.62 6.49 0.00
0.00 17997.22
70.60 -66.56 -9999.00 -9999.00 -9999.00 64.70 11.81 0.00
0.00 18825.20
62.20 -65.36 -9999.00 -9999.00 -9999.00 81.97 15.31 0.00
0.00 19593.45
54.30 -63.06 -9999.00 -9999.00 -9999.00 87.97 21.97 0.00
0.00 20424.19
46.90 -59.96 -9999.00 -9999.00 -9999.00 88.22 25.08 0.00
0.00 21331.80
40.10 -56.96 -9999.00 -9999.00 -9999.00 89.57 25.84 0.00
0.00 22316.17
33.80 -54.36 -9999.00 -9999.00 -9999.00 87.14 27.23 0.00
0.00 23404.26
27.80 -52.06 -9999.00 -9999.00 -9999.00 74.27 28.65 0.00
0.00 24662.40
22.30 -49.56 -9999.00 -9999.00 -9999.00 77.43 33.04 0.00
0.00 26097.12
17.10 -48.26 -9999.00 -9999.00 -9999.00 85.14 38.99 0.00
0.00 27839.87
12.30 -44.46 -51.48 -89.89 803.63 81.98 44.52 0.00
0.00 30027.12

STID = KDAL STNM = 722583 TIME = 200809/0800 
SLAT = 32.84 SLON = -96.85 SELV = 138.0
STIM = 8

SHOW = -1.93 LIFT = -3.90 SWET = 219.16 KINX = 28.66
LCLP = 886.89 PWAT = 41.93 TOTL = 48.15 CAPE = 1355.73
LCLT = 290.97 CINS = -247.74 EQLV = 194.08 LFCT = 646.95
BRCH = 35.89

PRES TMPC TMWC DWPC THTE DRCT SKNT OMEG
CFRL HGHT
998.50 27.84 22.16 19.72 344.60 170.91 4.91 0.00
0.00 146.90
995.50 28.44 22.48 19.96 346.43 179.17 13.40 0.00
0.00 173.67
990.00 28.44 22.54 20.07 347.56 181.38 16.12 -0.10
0.00 223.02
980.50 28.44 22.95 20.73 350.94 189.02 24.79 -0.20
0.00 308.94
966.50 28.04 23.07 21.12 353.87 191.39 28.54 -0.30
0.00 437.04
948.50 27.44 22.46 20.47 354.03 192.53 28.65 -0.40
0.00 604.25
927.00 26.14 21.21 19.16 352.00 190.34 24.88 -0.40
0.00 807.45
903.50 24.64 19.93 17.88 350.34 189.82 20.49 -0.40
0.00 1033.84
878.10 22.64 18.42 16.48 348.25 183.37 16.53 -0.40
0.00 1283.65
849.70 20.34 16.67 14.88 346.01 178.47 14.57 -0.30
0.00 1569.44
818.40 18.64 13.98 11.39 341.05 207.55 10.08 -0.20
0.00 1893.17
784.20 18.24 9.92 3.72 332.65 184.97 4.49 -0.10
0.00 2259.37
747.10 16.44 9.07 3.68 336.17 114.23 8.53 0.00
0.00 2673.10
707.10 13.24 6.14 0.17 334.02 103.19 12.76 0.00
0.00 3138.69
664.10 9.54 2.98 -3.41 332.54 91.71 13.01 0.10
0.00 3662.82
618.20 4.94 -1.37 -9.36 329.35 97.65 13.13 0.00
0.00 4251.98
570.00 0.04 -6.04 -16.65 327.17 108.92 14.37 -0.10
0.00 4907.91
523.20 -4.66 -9.95 -21.47 327.81 127.67 13.99 -0.20
0.00 5587.76
481.10 -7.96 -13.07 -27.06 330.09 137.64 8.94 -0.10
0.00 6243.44
443.40 -12.16 -16.37 -29.82 332.03 197.10 2.64 0.00
0.00 6872.17
409.60 -16.36 -19.70 -32.03 333.85 247.83 5.67 0.00
0.00 7473.29
378.90 -20.46 -23.11 -34.77 335.51 260.54 8.28 0.00
0.00 8054.43
351.20 -24.06 -26.45 -40.48 337.19 254.93 10.47 0.00
0.00 8612.10
326.40 -28.06 -29.57 -38.56 339.17 259.61 11.85 -0.10
0.00 9141.88
304.00 -32.26 -32.88 -36.60 340.69 264.51 10.14 -0.10
0.00 9647.71
283.80 -36.16 -36.57 -39.69 341.37 259.38 9.48 -0.10
0.00 10128.76
265.70 -39.96 -40.30 -43.72 341.78 257.77 11.93 0.00
20.00 10582.36
248.80 -43.66 -43.88 -46.74 342.46 268.45 14.37 0.00
100.00 11027.45
233.60 -46.46 -46.88 -56.32 343.81 293.72 14.01 0.00
2.00 11448.37
219.60 -48.66 -49.13 -67.41 346.28 314.42 13.60 0.00
0.00 11856.49
205.70 -51.16 -51.55 -72.71 348.83 331.59 13.48 0.10
0.00 12283.78
191.70 -54.06 -54.36 -73.19 351.28 347.77 11.93 0.10
0.00 12738.81
177.80 -57.26 -57.47 -73.70 353.67 350.54 10.63 0.10
0.00 13218.02
163.80 -60.56 -60.71 -74.24 356.52 346.93 11.17 0.10
0.00 13732.33
149.80 -63.56 -63.66 -74.84 360.58 343.30 12.16 0.00
0.00 14284.39
135.90 -66.26 -9999.00 -9999.00 -9999.00 346.61 8.39 0.00
0.00 14877.98
121.90 -68.06 -9999.00 -9999.00 -9999.00 325.49 3.77 0.00
0.00 15533.51
108.00 -68.96 -9999.00 -9999.00 -9999.00 295.35 4.08 0.00
0.00 16258.73
94.00 -69.36 -9999.00 -9999.00 -9999.00 291.80 4.18 0.00
0.00 17087.73
81.00 -68.36 -9999.00 -9999.00 -9999.00 18.00 8.18 0.00
0.00 17977.81
70.60 -66.96 -9999.00 -9999.00 -9999.00 79.22 12.45 0.00
0.00 18804.38
62.20 -65.16 -9999.00 -9999.00 -9999.00 92.97 14.98 0.00
0.00 19572.26
54.30 -62.46 -9999.00 -9999.00 -9999.00 93.64 21.41 0.00
0.00 20404.59
46.90 -59.46 -9999.00 -9999.00 -9999.00 89.56 25.25 0.00
0.00 21314.55
40.10 -56.46 -9999.00 -9999.00 -9999.00 90.86 25.84 0.00
0.00 22301.22
33.80 -54.16 -9999.00 -9999.00 -9999.00 84.60 24.79 0.00
0.00 23391.06
27.80 -51.46 -9999.00 -9999.00 -9999.00 74.50 27.62 0.00
0.00 24651.49
22.30 -49.56 -9999.00 -9999.00 -9999.00 80.29 29.95 0.00
0.00 26088.15
17.10 -48.26 -9999.00 -9999.00 -9999.00 84.98 35.49 0.00
0.00 27830.90
12.30 -44.46 -51.48 -89.89 803.63 80.75 43.49 0.00
0.00 30018.14

STID = KDAL STNM = 722583 TIME = 200809/0900 
SLAT = 32.84 SLON = -96.85 SELV = 138.0
STIM = 9

SHOW = -2.68 LIFT = -4.56 SWET = 225.84 KINX = 29.74
LCLP = 905.90 PWAT = 43.56 TOTL = 49.23 CAPE = 1548.83
LCLT = 292.34 CINS = -221.19 EQLV = 190.04 LFCT = 658.23
BRCH = 42.18

PRES TMPC TMWC DWPC THTE DRCT SKNT OMEG
CFRL HGHT
997.40 27.34 22.68 20.75 347.08 167.01 5.19 0.00
0.00 146.90
994.40 27.74 22.87 20.88 348.40 175.53 12.47 0.00
0.00 173.66
989.00 27.64 22.89 20.96 349.34 178.53 15.15 -0.10
0.00 222.07
979.40 27.44 23.08 21.34 351.76 187.72 23.14 -0.20
0.00 308.76
965.40 26.94 23.06 21.54 354.03 191.70 27.78 -0.30
0.00 436.61
947.40 26.54 22.62 21.08 355.02 196.48 28.77 -0.30
0.00 603.51
926.00 25.74 21.39 19.60 352.98 198.72 24.83 -0.30
0.00 805.62
902.50 24.24 19.95 18.09 350.60 193.52 20.78 -0.30
0.00 1031.99
877.10 22.44 18.54 16.76 348.92 189.81 15.97 -0.20
0.00 1281.87
848.80 20.14 16.88 15.31 347.00 183.32 13.42 -0.10
0.00 1566.83
817.50 18.54 13.84 11.21 340.70 203.36 9.30 0.00
0.00 1890.77
783.40 18.14 9.94 3.86 332.85 175.24 4.68 0.00
0.00 2256.15
746.40 16.04 8.95 3.77 335.94 121.48 11.17 0.00
0.00 2668.83
706.40 13.04 6.07 0.21 333.95 106.44 12.35 0.00
0.00 3134.39
663.60 9.34 3.24 -2.49 333.39 94.46 15.00 -0.10
0.00 3656.22
617.80 4.54 -1.00 -7.53 330.43 96.79 16.43 -0.10
0.00 4244.03
569.60 -0.56 -5.66 -13.63 328.22 102.53 16.12 -0.20
0.00 4899.41
522.90 -5.26 -9.45 -17.23 329.07 123.93 12.88 -0.10
0.00 5576.96
480.90 -8.16 -13.15 -26.70 329.98 142.82 7.07 0.00
0.00 6230.54
443.30 -12.16 -16.37 -29.82 332.05 225.00 2.20 0.10
0.00 6857.58
409.40 -16.56 -19.83 -31.88 333.67 256.50 4.99 0.10
0.00 7460.46
378.70 -20.46 -23.17 -35.36 335.45 253.14 6.70 0.10
0.00 8041.67
351.20 -23.86 -26.43 -42.82 337.19 250.67 11.73 0.00
0.00 8595.66
326.30 -28.26 -29.59 -37.05 339.19 257.57 11.73 -0.10
0.00 9127.66
303.90 -32.46 -32.84 -34.93 340.81 260.73 9.63 -0.10
100.00 9633.26
283.80 -36.36 -36.61 -38.42 341.31 259.99 10.06 0.00
100.00 10111.62
265.70 -40.06 -40.34 -43.12 341.71 259.22 12.45 0.00
100.00 10564.95
248.80 -43.66 -43.90 -47.14 342.42 268.51 14.96 0.00
100.00 11009.94
233.60 -46.16 -46.67 -60.07 344.14 296.57 13.91 0.10
0.00 11431.14
219.60 -48.36 -48.84 -67.41 346.74 313.88 14.01 0.10
0.00 11839.79
205.70 -50.96 -51.36 -72.71 349.15 327.99 12.82 0.00
0.00 12267.56
191.70 -53.86 -54.16 -73.19 351.60 342.22 10.82 0.00
0.00 12723.01
177.80 -57.16 -57.38 -73.70 353.84 347.83 10.14 0.00
0.00 13202.54
163.80 -60.66 -60.80 -74.24 356.36 348.49 10.70 0.00
0.00 13716.86
149.80 -63.76 -63.86 -74.84 360.24 347.47 10.74 0.00
0.00 14268.52
135.90 -66.46 -9999.00 -9999.00 -9999.00 344.48 7.26 0.00
0.00 14861.54
121.90 -68.36 -9999.00 -9999.00 -9999.00 310.36 5.09 0.00
0.00 15516.28
108.00 -69.46 -9999.00 -9999.00 -9999.00 305.13 6.41 0.00
0.00 16240.08
94.00 -69.66 -9999.00 -9999.00 -9999.00 318.81 4.14 0.00
0.00 17067.46
81.00 -68.36 -9999.00 -9999.00 -9999.00 49.09 7.71 0.00
0.00 17956.88
70.60 -66.86 -9999.00 -9999.00 -9999.00 95.12 13.07 0.00
0.00 18783.65
62.20 -64.26 -9999.00 -9999.00 -9999.00 90.73 15.15 0.00
0.00 19553.39
54.30 -60.96 -9999.00 -9999.00 -9999.00 93.04 21.99 0.00
0.00 20390.49
46.90 -58.56 -9999.00 -9999.00 -9999.00 94.43 25.14 0.00
0.00 21305.60
40.10 -56.36 -9999.00 -9999.00 -9999.00 91.40 23.89 0.00
0.00 22294.56
33.80 -54.36 -9999.00 -9999.00 -9999.00 79.65 22.71 0.00
0.00 23384.15
27.80 -52.06 -9999.00 -9999.00 -9999.00 80.40 26.79 0.00
0.00 24642.29
22.30 -50.26 -9999.00 -9999.00 -9999.00 87.84 30.91 0.00
0.00 26074.76
17.10 -47.36 -9999.00 -9999.00 -9999.00 88.18 36.73 0.00
0.00 27818.28
12.30 -43.66 -51.04 -89.89 806.44 85.18 46.19 0.00
0.00 30013.72

STID = KDAL STNM = 722583 TIME = 200809/1000 
SLAT = 32.84 SLON = -96.85 SELV = 138.0
STIM = 10

SHOW = -2.29 LIFT = -4.50 SWET = 214.42 KINX = 29.73
LCLP = 924.40 PWAT = 44.53 TOTL = 48.66 CAPE = 1687.51
LCLT = 293.58 CINS = -194.19 EQLV = 183.96 LFCT = 673.06
BRCH = 43.79

PRES TMPC TMWC DWPC THTE DRCT SKNT OMEG
CFRL HGHT
998.20 26.94 23.19 21.68 349.26 171.87 5.50 0.00
0.00 146.88
995.30 27.34 23.36 21.78 350.51 178.26 12.82 0.00
0.00 172.71
989.70 27.14 23.32 21.81 351.23 180.72 15.54 -0.10
0.00 222.83
980.20 26.94 23.37 21.97 353.01 188.34 22.77 -0.10
0.00 308.45
966.20 26.34 23.18 21.95 354.48 193.24 27.14 -0.20
0.00 436.00
948.20 25.84 22.63 21.37 354.96 200.51 28.83 -0.30
0.00 602.42
926.70 25.34 21.47 19.88 353.22 203.78 25.04 -0.30
0.00 804.98
903.20 24.24 19.86 17.95 350.10 196.98 19.29 -0.30
0.00 1031.04
877.80 22.34 18.49 16.73 348.60 191.31 15.85 -0.20
0.00 1280.66
849.40 20.24 16.78 15.11 346.51 184.61 12.08 -0.10
0.00 1566.39
818.10 18.74 13.66 10.76 339.92 195.26 8.86 0.00
0.00 1890.22
784.00 18.14 9.97 3.93 332.86 153.43 6.08 0.00
0.00 2255.42
746.90 15.54 8.69 3.61 335.03 131.70 14.32 0.00
0.00 2668.56
706.90 12.94 6.06 0.29 333.85 109.21 13.58 -0.10
0.00 3133.30
664.00 9.04 3.54 -1.43 334.19 98.50 17.09 -0.10
0.00 3655.71
618.10 4.14 -0.32 -5.09 332.19 94.30 18.12 -0.10
0.00 4243.94
569.90 -0.76 -5.18 -11.50 329.35 97.04 15.85 0.00
0.00 4898.51
523.10 -5.16 -9.39 -17.23 329.15 124.22 11.75 0.00
0.00 5577.17
481.00 -7.86 -13.06 -27.44 330.13 155.10 6.00 0.00
0.00 6232.59
443.40 -12.06 -16.32 -29.97 332.12 237.53 2.53 0.00
0.00 6859.95
409.50 -16.46 -19.77 -32.04 333.74 247.17 4.00 0.10
0.00 7462.92
378.80 -20.16 -23.06 -36.64 335.60 243.43 7.38 0.10
0.00 8044.42
351.20 -23.96 -26.37 -40.48 337.32 258.69 12.88 0.00
0.00 8600.58
326.40 -28.76 -29.64 -34.05 339.10 259.70 10.86 0.00
2.00 9129.76
304.00 -32.46 -32.84 -34.93 340.78 257.74 9.15 0.00
100.00 9634.70
283.80 -36.26 -36.50 -38.22 341.49 265.68 10.33 0.00
100.00 10115.47
265.70 -40.26 -40.45 -42.28 341.53 266.58 13.03 0.10
100.00 10568.70
248.80 -43.46 -43.84 -49.43 342.51 276.50 15.44 0.10
31.00 11013.70
233.60 -45.46 -46.09 -66.97 345.07 306.87 15.54 0.10
0.00 11435.71
219.60 -48.06 -48.56 -67.41 347.20 317.91 16.22 0.10
0.00 11845.27
205.70 -50.76 -51.17 -72.71 349.46 324.09 13.91 0.00
0.00 12273.51
191.70 -53.86 -54.16 -73.19 351.60 336.04 11.48 0.00
0.00 12729.17
177.80 -57.16 -57.38 -73.70 353.84 345.20 10.64 0.00
0.00 13208.70
163.80 -60.66 -60.80 -74.24 356.36 349.32 10.47 0.00
0.00 13723.02
149.80 -63.76 -63.86 -74.84 360.24 342.90 10.57 0.00
0.00 14274.68
135.90 -66.46 -9999.00 -9999.00 -9999.00 330.57 8.70 0.00
0.00 14867.70
121.90 -68.66 -9999.00 -9999.00 -9999.00 311.63 7.01 0.00
0.00 15521.96
108.00 -70.26 -9999.00 -9999.00 -9999.00 317.39 6.60 0.00
0.00 16243.81
94.00 -70.46 -9999.00 -9999.00 -9999.00 5.71 3.90 0.00
0.00 17067.94
81.00 -68.86 -9999.00 -9999.00 -9999.00 65.06 9.21 0.00
0.00 17954.53
70.60 -66.66 -9999.00 -9999.00 -9999.00 96.44 12.12 0.00
0.00 18780.70
62.20 -63.16 -9999.00 -9999.00 -9999.00 93.58 15.58 0.00
0.00 19552.84
54.30 -60.66 -9999.00 -9999.00 -9999.00 101.92 21.64 0.00
0.00 20392.72
46.90 -58.96 -9999.00 -9999.00 -9999.00 102.58 22.30 0.00
0.00 21307.62
40.10 -57.66 -9999.00 -9999.00 -9999.00 91.64 20.40 0.00
0.00 22292.69
33.80 -55.46 -9999.00 -9999.00 -9999.00 74.56 21.15 0.00
0.00 23376.27
27.80 -52.96 -9999.00 -9999.00 -9999.00 82.57 27.04 0.00
0.00 24628.69
22.30 -51.36 -9999.00 -9999.00 -9999.00 88.25 31.88 0.00
0.00 26054.70
17.10 -48.06 -9999.00 -9999.00 -9999.00 83.99 37.10 0.00
0.00 27791.23
12.30 -44.36 -9999.00 -9999.00 -9999.00 79.38 44.27 0.00
0.00 29979.92

STID = KDAL STNM = 722583 TIME = 200809/1100 
SLAT = 32.84 SLON = -96.85 SELV = 138.0
STIM = 11

SHOW = -2.53 LIFT = -4.62 SWET = 218.02 KINX = 30.66
LCLP = 939.17 PWAT = 45.38 TOTL = 49.13 CAPE = 1729.66
LCLT = 294.50 CINS = -166.61 EQLV = 181.78 LFCT = 681.61
BRCH = 48.55

PRES TMPC TMWC DWPC THTE DRCT SKNT OMEG
CFRL HGHT
999.60 26.64 23.58 22.37 350.84 173.66 5.28 0.00
0.00 146.87
996.60 26.94 23.69 22.42 351.84 180.00 12.43 0.00
0.00 173.53
991.10 26.84 23.64 22.39 352.50 182.20 15.17 -0.10
0.00 222.64
981.50 26.54 23.51 22.33 353.48 190.21 21.91 -0.10
0.00 308.97
967.50 26.04 23.17 22.05 354.23 196.12 25.87 -0.20
0.00 436.22
949.40 25.54 22.46 21.23 353.93 204.41 27.74 -0.20
0.00 603.18
927.90 25.34 21.17 19.43 351.67 208.54 25.21 -0.30
0.00 805.33
904.40 24.34 19.79 17.79 349.58 201.25 18.76 -0.30
0.00 1031.09
879.00 22.34 18.39 16.58 348.00 195.20 16.30 -0.30
0.00 1280.40
850.50 20.24 16.84 15.19 346.53 189.75 12.61 -0.30
0.00 1566.74
819.20 18.44 14.11 11.73 341.40 191.31 9.91 -0.30
0.00 1890.05
784.90 17.64 10.28 5.05 333.76 158.84 6.45 -0.30
0.00 2256.56
747.80 14.94 8.32 3.31 333.75 139.40 12.53 -0.20
0.00 2668.48
707.70 12.54 6.05 0.65 333.70 111.64 13.17 -0.20
0.00 3133.03
664.70 8.94 3.60 -1.18 334.25 100.08 17.75 -0.20
0.00 3655.66
618.70 4.14 -0.15 -4.65 332.54 93.01 18.47 -0.20
0.00 4244.51
570.30 -0.96 -4.93 -10.38 329.87 97.13 15.66 -0.20
0.00 4901.08
523.50 -5.36 -9.37 -16.67 329.13 123.44 12.33 -0.20
0.00 5578.82
481.30 -8.16 -13.17 -26.81 329.87 154.23 6.25 -0.10
0.00 6234.75
443.60 -12.16 -16.39 -29.96 331.95 209.74 1.57 -0.10
0.00 6862.97
409.70 -16.36 -19.74 -32.36 333.75 220.24 3.30 0.00
0.00 7465.66
378.90 -19.86 -22.91 -37.58 335.82 248.68 8.55 0.00
0.00 8049.28
351.30 -24.66 -26.15 -32.55 337.80 268.96 10.68 0.00
0.00 8604.90
326.40 -28.66 -29.22 -31.69 339.86 261.87 9.62 0.00
17.00 9135.58
304.00 -32.36 -32.75 -34.93 340.92 262.18 10.00 -0.10
100.00 9640.76
283.80 -36.36 -36.61 -38.42 341.31 265.60 10.14 -0.10
100.00 10121.53
265.70 -40.36 -40.54 -42.28 341.39 264.81 12.88 -0.10
100.00 10574.56
248.80 -43.16 -43.75 -54.84 342.63 285.75 15.73 0.00
0.00 11019.74
233.60 -45.46 -46.07 -63.98 345.11 313.65 17.44 0.00
0.00 11442.02
219.60 -48.06 -48.56 -67.41 347.20 317.53 15.54 0.00
0.00 11851.58
205.70 -50.66 -51.05 -67.88 349.66 321.84 13.83 0.00
0.00 12279.93
191.70 -53.86 -54.16 -73.19 351.60 330.38 11.40 -0.10
0.00 12735.68
177.80 -57.36 -57.57 -73.70 353.51 340.11 9.71 -0.10
0.00 13215.00
163.80 -60.86 -61.00 -74.24 356.02 348.47 9.71 -0.10
0.00 13728.83
149.80 -63.96 -64.06 -74.84 359.89 341.92 10.00 0.00
0.00 14279.98
135.90 -66.66 -9999.00 -9999.00 -9999.00 329.42 9.93 0.00
0.00 14872.43
121.90 -68.86 -9999.00 -9999.00 -9999.00 322.25 7.61 0.00
0.00 15526.05
108.00 -70.46 -9999.00 -9999.00 -9999.00 333.43 6.95 0.00
0.00 16247.19
94.00 -70.36 -9999.00 -9999.00 -9999.00 20.56 4.97 0.00
0.00 17071.11
81.00 -68.26 -9999.00 -9999.00 -9999.00 74.41 8.66 0.00
0.00 17959.23
70.60 -66.06 -9999.00 -9999.00 -9999.00 102.53 10.74 0.00
0.00 18787.81
62.20 -63.26 -9999.00 -9999.00 -9999.00 92.39 14.01 0.00
0.00 19560.88
54.30 -61.56 -9999.00 -9999.00 -9999.00 101.43 18.63 0.00
0.00 20398.78
46.90 -60.66 -9999.00 -9999.00 -9999.00 94.71 18.90 0.00
0.00 21308.10
40.10 -58.46 -9999.00 -9999.00 -9999.00 76.58 17.58 0.00
0.00 22287.44
33.80 -55.56 -9999.00 -9999.00 -9999.00 70.78 22.42 0.00
0.00 23368.77
27.80 -53.26 -9999.00 -9999.00 -9999.00 75.43 30.11 0.00
0.00 24620.04
22.30 -51.66 -9999.00 -9999.00 -9999.00 78.43 33.90 0.00
0.00 26044.12
17.10 -48.26 -9999.00 -9999.00 -9999.00 76.76 40.71 0.00
0.00 27778.71
12.30 -44.86 -9999.00 -9999.00 -9999.00 73.28 45.22 0.00
0.00 29964.01

STID = KDAL STNM = 722583 TIME = 200809/1200 
SLAT = 32.84 SLON = -96.85 SELV = 138.0
STIM = 12

SHOW = -2.51 LIFT = -4.40 SWET = 216.81 KINX = 30.94
LCLP = 949.64 PWAT = 46.57 TOTL = 48.99 CAPE = 1690.79
LCLT = 294.99 CINS = -139.55 EQLV = 182.73 LFCT = 687.54
BRCH = 53.38

PRES TMPC TMWC DWPC THTE DRCT SKNT OMEG
CFRL HGHT
1000.20 26.24 23.70 22.69 351.29 166.50 4.99 0.00
0.00 146.85
997.20 26.54 23.77 22.68 352.10 176.19 11.67 0.00
0.00 173.47
991.60 26.44 23.70 22.62 352.68 180.00 14.37 -0.10
0.00 223.38
982.10 26.24 23.51 22.44 353.37 189.28 20.47 -0.10
0.00 308.67
968.10 25.74 23.10 22.05 353.75 198.15 24.32 -0.20
0.00 435.72
950.00 25.24 22.23 21.02 352.79 207.50 26.50 -0.30
0.00 602.40
928.50 25.14 20.87 19.06 350.24 210.96 24.92 -0.40
0.00 804.22
905.00 24.14 19.75 17.82 349.32 204.20 18.96 -0.40
0.00 1029.66
879.50 22.24 18.36 16.57 347.77 198.89 15.60 -0.40
0.00 1279.66
851.00 20.04 16.84 15.29 346.46 196.53 12.98 -0.40
0.00 1565.70
819.60 17.84 14.76 13.15 343.78 189.82 10.26 -0.30
0.00 1889.53
785.30 16.74 10.85 6.95 335.66 158.84 6.45 -0.20
0.00 2255.14
748.10 14.54 8.14 3.27 333.18 143.13 9.71 -0.10
0.00 2667.17
708.00 12.24 5.97 0.76 333.44 110.35 12.84 -0.10
0.00 3130.96
665.00 8.74 3.63 -0.90 334.31 100.62 18.98 0.00
0.00 3652.93
618.90 3.94 0.15 -3.68 333.30 93.37 19.85 0.00
0.00 4242.49
570.50 -1.06 -4.57 -9.14 330.72 98.64 15.52 0.00
0.00 4898.61
523.60 -5.36 -9.21 -16.02 329.48 124.46 12.02 0.10
0.00 5577.57
481.40 -8.16 -13.23 -27.31 329.71 159.23 6.02 0.10
0.00 6233.39
443.70 -12.16 -16.39 -29.96 331.93 186.34 1.77 0.00
0.00 6861.46
409.70 -16.26 -19.65 -32.20 333.91 212.28 4.37 0.00
0.00 7465.98
379.00 -19.76 -22.80 -37.09 336.00 258.69 8.92 0.00
0.00 8047.86
351.30 -24.96 -25.89 -29.38 338.30 272.54 8.74 0.00
3.00 8605.24
326.40 -28.66 -29.13 -31.20 340.00 266.35 9.15 0.00
100.00 9135.65
304.00 -32.46 -32.79 -34.62 340.86 267.66 9.52 0.00
100.00 9640.73
283.80 -36.46 -36.70 -38.42 341.17 261.09 10.02 0.00
100.00 10121.30
265.70 -40.36 -40.66 -43.72 341.19 263.07 14.47 0.00
100.00 10574.23
248.80 -43.06 -43.68 -55.81 342.74 292.52 17.25 0.00
0.00 11019.50
233.60 -45.96 -46.53 -63.98 344.35 314.03 16.22 0.00
0.00 11441.41
219.60 -48.06 -48.56 -67.41 347.20 317.78 14.16 0.00
0.00 11850.51
205.70 -50.66 -51.05 -67.88 349.66 323.29 14.30 0.00
0.00 12278.86
191.70 -53.96 -54.26 -73.19 351.44 329.49 12.63 0.00
0.00 12734.51
177.80 -57.56 -57.76 -73.70 353.18 338.40 10.02 -0.10
0.00 13213.50
163.80 -61.26 -61.39 -74.24 355.35 348.93 9.11 -0.10
0.00 13726.61
149.80 -64.36 -64.45 -74.84 359.20 342.35 8.97 0.00
0.00 14276.71
135.90 -66.76 -9999.00 -9999.00 -9999.00 329.04 10.20 0.00
0.00 14868.45
121.90 -68.96 -9999.00 -9999.00 -9999.00 333.43 8.26 0.00
0.00 15521.75
108.00 -70.66 -9999.00 -9999.00 -9999.00 345.32 8.43 0.00
0.00 16242.36
94.00 -70.16 -9999.00 -9999.00 -9999.00 18.97 6.57 0.00
0.00 17066.28
81.00 -67.66 -9999.00 -9999.00 -9999.00 79.46 8.49 0.00
0.00 17956.14
70.60 -66.16 -9999.00 -9999.00 -9999.00 98.91 10.02 0.00
0.00 18785.73
62.20 -63.96 -9999.00 -9999.00 -9999.00 89.23 14.37 0.00
0.00 19557.32
54.30 -62.86 -9999.00 -9999.00 -9999.00 97.21 17.04 0.00
0.00 20391.24
46.90 -61.46 -9999.00 -9999.00 -9999.00 86.01 16.74 0.00
0.00 21296.06
40.10 -58.26 -9999.00 -9999.00 -9999.00 70.02 18.18 0.00
0.00 22274.02
33.80 -55.56 -9999.00 -9999.00 -9999.00 72.52 25.87 0.00
0.00 23355.85
27.80 -53.46 -9999.00 -9999.00 -9999.00 76.36 33.78 0.00
0.00 24606.55
22.30 -50.96 -9999.00 -9999.00 -9999.00 73.73 37.43 0.00
0.00 26032.25
17.10 -47.66 -9999.00 -9999.00 -9999.00 77.67 42.75 0.00
0.00 27771.89
12.30 -44.96 -9999.00 -9999.00 -9999.00 74.18 48.45 0.00
0.00 29959.60

STID = KDAL STNM = 722583 TIME = 200809/1300 
SLAT = 32.84 SLON = -96.85 SELV = 138.0
STIM = 13

SHOW = -2.16 LIFT = -4.02 SWET = 213.61 KINX = 30.77
LCLP = 935.42 PWAT = 47.34 TOTL = 48.41 CAPE = 1612.18
LCLT = 294.86 CINS = -116.80 EQLV = 183.88 LFCT = 689.55
BRCH = 63.72

PRES TMPC TMWC DWPC THTE DRCT SKNT OMEG
CFRL HGHT
1000.60 27.44 24.11 22.82 353.13 180.00 7.58 0.00
0.00 146.88
997.70 27.14 23.98 22.75 352.99 181.85 12.04 0.00
0.00 172.68
992.20 26.64 23.77 22.65 352.93 182.39 14.01 0.00
0.00 221.75
982.60 25.84 23.41 22.44 352.79 186.82 18.01 -0.10
0.00 307.85
968.50 25.44 22.93 21.93 352.92 196.65 21.70 -0.20
0.00 435.59
950.50 25.04 22.04 20.81 351.80 209.80 24.63 -0.20
0.00 601.12
928.90 24.74 20.69 18.95 349.37 214.32 24.46 -0.30
0.00 803.56
905.40 23.84 19.59 17.70 348.55 206.30 18.84 -0.30
0.00 1028.62
879.90 22.14 18.30 16.53 347.47 200.11 14.69 -0.30
0.00 1278.33
851.50 19.94 16.72 15.15 345.90 199.00 12.53 -0.30
0.00 1563.11
820.00 17.44 15.03 13.78 344.72 191.73 10.51 -0.30
0.00 1887.55
785.70 15.94 11.35 8.47 337.31 161.57 7.36 -0.20
0.00 2252.37
748.50 14.14 8.15 3.62 333.14 148.57 8.20 -0.10
0.00 2663.46
708.30 12.04 5.91 0.81 333.22 112.75 13.05 -0.10
0.00 3127.73
665.20 8.64 3.66 -0.74 334.35 102.78 19.33 -0.10
0.00 3650.45
619.20 3.84 0.42 -2.93 333.98 97.13 20.36 -0.10
0.00 4238.35
570.70 -1.06 -4.19 -8.08 331.60 104.56 15.46 0.00
0.00 4895.54
523.70 -5.26 -9.07 -15.73 329.75 128.81 11.46 0.00
0.00 5575.96
481.50 -7.96 -13.21 -28.23 329.69 160.20 5.17 0.00
0.00 6232.01
443.80 -12.16 -16.39 -29.96 331.90 180.00 1.55 0.00
0.00 6860.18
409.80 -16.16 -19.58 -32.19 334.02 223.53 5.36 0.10
0.00 7464.67
379.00 -20.06 -22.57 -32.52 336.49 272.94 7.60 0.10
0.00 8048.19
351.40 -24.86 -25.58 -28.12 338.83 268.36 6.80 0.20
7.00 8603.32
326.50 -28.46 -29.02 -31.44 340.18 268.75 8.94 0.10
100.00 9133.91
304.00 -32.56 -32.92 -34.93 340.64 261.87 9.62 0.00
100.00 9641.27
283.80 -36.56 -36.83 -38.83 340.95 251.86 11.85 0.00
100.00 10121.63
265.70 -40.16 -40.64 -46.15 341.21 264.56 16.39 0.00
33.00 10574.64
248.80 -43.16 -43.78 -55.81 342.59 290.94 16.84 -0.10
0.00 11020.00
233.60 -45.86 -46.41 -61.80 344.55 311.11 14.18 0.00
0.00 11441.91
219.60 -47.86 -48.37 -67.41 347.51 317.20 14.30 -0.10
0.00 11851.28
205.70 -50.76 -51.15 -67.88 349.51 327.53 15.19 -0.10
0.00 12279.72
191.70 -54.16 -54.45 -73.19 351.12 333.43 13.91 -0.10
0.00 12735.07
177.80 -57.76 -57.96 -73.70 352.85 338.40 10.02 -0.10
0.00 13213.61
163.80 -61.46 -61.59 -74.24 355.01 343.69 8.29 0.00
0.00 13726.25
149.80 -64.56 -64.65 -74.84 358.86 333.43 8.26 0.00
0.00 14275.82
135.90 -66.86 -9999.00 -9999.00 -9999.00 327.53 10.14 0.00
0.00 14867.13
121.90 -68.86 -9999.00 -9999.00 -9999.00 347.80 7.36 0.00
0.00 15520.43
108.00 -69.96 -9999.00 -9999.00 -9999.00 356.99 7.40 0.00
0.00 16242.46
94.00 -68.96 -9999.00 -9999.00 -9999.00 27.41 5.91 0.00
0.00 17070.25
81.00 -66.96 -9999.00 -9999.00 -9999.00 90.00 7.96 0.00
0.00 17964.24
70.60 -66.46 -9999.00 -9999.00 -9999.00 88.85 9.71 0.00
0.00 18794.64
62.20 -64.56 -9999.00 -9999.00 -9999.00 88.57 15.54 0.00
0.00 19564.56
54.30 -63.66 -9999.00 -9999.00 -9999.00 96.79 16.43 0.00
0.00 20395.69
46.90 -61.56 -9999.00 -9999.00 -9999.00 83.16 14.67 0.00
0.00 21298.58
40.10 -57.66 -9999.00 -9999.00 -9999.00 68.53 18.57 0.00
0.00 22277.69
33.80 -55.26 -9999.00 -9999.00 -9999.00 75.09 27.93 0.00
0.00 23361.78
27.80 -53.46 -9999.00 -9999.00 -9999.00 79.22 33.22 0.00
0.00 24613.33
22.30 -50.36 -9999.00 -9999.00 -9999.00 76.11 37.22 0.00
0.00 26040.96
17.10 -47.36 -9999.00 -9999.00 -9999.00 79.62 42.06 0.00
0.00 27784.10
12.30 -44.86 -9999.00 -9999.00 -9999.00 81.67 46.91 0.00
0.00 29973.75

STID = KDAL STNM = 722583 TIME = 200809/1400 
SLAT = 32.84 SLON = -96.85 SELV = 138.0
STIM = 14

SHOW = -1.82 LIFT = -3.90 SWET = 207.92 KINX = 30.80
LCLP = 910.55 PWAT = 47.79 TOTL = 47.98 CAPE = 1652.71
LCLT = 294.13 CINS = -93.96 EQLV = 181.60 LFCT = 700.58
BRCH = 89.49

PRES TMPC TMWC DWPC THTE DRCT SKNT OMEG
CFRL HGHT
1002.10 29.14 24.37 22.55 354.10 193.39 8.39 0.00
0.00 146.92
999.10 28.54 24.16 22.48 353.61 193.07 11.17 0.00
0.00 173.70
993.50 27.94 23.92 22.37 353.41 194.04 12.82 0.00
0.00 223.80
984.00 27.04 23.54 22.17 353.17 194.98 14.28 -0.10
0.00 309.24
969.90 25.74 22.97 21.86 352.84 197.80 16.53 -0.10
0.00 437.10
951.80 24.84 22.05 20.91 351.66 211.61 20.77 -0.30
6.00 603.34
930.30 24.44 20.68 19.06 349.10 213.84 21.29 -0.30
3.00 804.39
906.70 23.74 19.41 17.46 347.57 210.65 18.30 -0.30
0.00 1029.91
881.20 22.14 18.17 16.32 346.71 198.43 13.52 -0.30
0.00 1279.19
852.60 20.04 16.60 14.90 345.21 194.50 11.64 -0.30
0.00 1565.59
821.10 17.44 15.03 13.78 344.54 191.94 10.33 -0.20
2.00 1889.63
786.70 15.64 11.75 9.39 338.52 164.25 7.87 -0.10
1.00 2254.91
749.40 14.04 8.24 3.91 333.30 149.53 7.65 0.00
0.00 2666.40
709.10 11.84 5.97 1.14 333.28 118.35 13.91 0.00
0.00 3131.07
665.90 8.64 3.50 -1.11 333.77 108.07 19.41 0.00
0.00 3654.25
619.80 3.84 0.73 -2.23 334.71 100.97 19.39 0.00
0.00 4242.85
571.20 -1.06 -3.88 -7.25 332.28 109.60 15.05 0.10
0.00 4900.89
524.10 -5.16 -8.92 -15.39 330.00 133.57 10.99 0.00
0.00 5582.38
481.80 -7.86 -13.19 -28.65 329.65 162.35 4.49 0.00
0.00 6239.79
444.00 -12.06 -16.30 -29.81 332.02 174.29 1.94 0.00
0.00 6869.52
410.00 -15.86 -19.33 -31.86 334.44 226.22 6.45 0.00
0.00 7474.20
379.20 -20.16 -22.22 -29.38 337.14 271.91 5.83 0.00
0.00 8057.69
351.50 -24.56 -25.27 -27.72 339.36 251.03 6.57 0.00
3.00 8614.88
326.50 -28.46 -29.04 -31.56 340.14 262.57 9.01 0.00
4.00 9147.85
304.10 -32.56 -32.94 -35.08 340.57 250.56 10.51 -0.10
100.00 9652.87
283.90 -36.56 -36.87 -39.24 340.84 247.32 14.10 -0.10
100.00 10133.06
265.70 -40.36 -40.82 -46.15 340.92 263.74 16.03 -0.10
6.00 10588.30
248.80 -43.36 -43.94 -54.84 342.33 286.56 15.00 -0.10
0.00 11033.27
233.60 -45.96 -46.51 -61.80 344.40 311.27 12.67 -0.10
0.00 11454.91
219.60 -47.96 -48.47 -67.41 347.36 326.11 15.68 0.00
0.00 11864.10
205.70 -51.06 -51.43 -67.88 349.04 336.89 15.83 0.00
0.00 12292.16
191.70 -54.36 -54.65 -73.19 350.80 340.51 13.38 0.00
0.00 12746.99
177.80 -57.76 -57.96 -73.70 352.85 343.30 10.14 0.00
0.00 13225.31
163.80 -61.36 -61.49 -74.24 355.18 339.78 7.87 0.00
0.00 13738.07
149.80 -64.26 -64.35 -74.84 359.38 325.95 8.68 0.10
0.00 14288.17
135.90 -66.26 -9999.00 -9999.00 -9999.00 326.93 9.97 0.10
0.00 14880.76
121.90 -68.36 -9999.00 -9999.00 -9999.00 349.05 6.14 0.00
0.00 15535.81
108.00 -69.66 -9999.00 -9999.00 -9999.00 353.42 5.09 0.00
0.00 16259.26
94.00 -68.96 -9999.00 -9999.00 -9999.00 45.00 3.57 0.00
0.00 17087.65
81.00 -67.16 -9999.00 -9999.00 -9999.00 102.68 7.96 0.00
0.00 17981.21
70.60 -66.46 -9999.00 -9999.00 -9999.00 88.03 11.27 0.00
0.00 18811.20
62.20 -63.96 -9999.00 -9999.00 -9999.00 97.04 15.85 0.00
0.00 19582.24
54.30 -62.66 -9999.00 -9999.00 -9999.00 105.32 14.70 0.00
0.00 20416.55
46.90 -60.76 -9999.00 -9999.00 -9999.00 82.78 13.91 0.00
0.00 21323.30
40.10 -57.36 -9999.00 -9999.00 -9999.00 75.43 20.07 0.00
0.00 22304.93
33.80 -55.46 -9999.00 -9999.00 -9999.00 84.25 29.10 0.00
0.00 23389.26
27.80 -53.06 -9999.00 -9999.00 -9999.00 82.23 34.50 0.00
0.00 24641.39
22.30 -50.16 -9999.00 -9999.00 -9999.00 78.97 38.60 0.00
0.00 26070.96
17.10 -46.36 -9999.00 -9999.00 -9999.00 77.47 41.18 0.00
0.00 27818.76
12.30 -44.26 -9999.00 -9999.00 -9999.00 85.26 42.29 0.00
0.00 30016.12

STID = KDAL STNM = 722583 TIME = 200809/1500 
SLAT = 32.84 SLON = -96.85 SELV = 138.0
STIM = 15

SHOW = -1.38 LIFT = -3.78 SWET = 205.37 KINX = 30.66
LCLP = 879.09 PWAT = 47.50 TOTL = 47.29 CAPE = 1635.29
LCLT = 292.94 CINS = -61.54 EQLV = 183.04 LFCT = 793.48
BRCH = 123.43

PRES TMPC TMWC DWPC THTE DRCT SKNT OMEG
CFRL HGHT
1001.90 30.94 24.42 21.92 354.31 197.53 7.73 0.00
0.00 146.97
998.90 30.14 24.14 21.83 353.52 197.35 9.77 0.00
0.00 173.90
993.40 29.54 23.91 21.72 353.30 197.47 10.99 0.00
0.00 223.35
983.80 28.54 23.49 21.52 352.97 199.59 12.16 0.00
0.00 310.11
969.80 27.24 22.94 21.23 352.70 200.56 13.29 -0.10
0.00 437.67
951.70 25.54 22.05 20.63 351.67 208.66 16.61 -0.10
0.00 604.49
930.10 24.14 20.90 19.53 350.13 211.07 17.70 -0.20
5.00 806.66
906.60 23.44 19.35 17.51 347.36 211.81 18.07 -0.20
0.00 1031.07
881.00 22.04 18.01 16.11 346.08 197.93 13.89 -0.20
0.00 1281.19
852.50 19.94 16.43 14.68 344.57 186.55 11.93 -0.20
0.00 1566.50
821.00 17.44 14.78 13.39 343.63 189.46 10.63 -0.10
2.00 1890.49
786.60 15.34 11.90 9.84 339.06 168.96 8.12 0.00
5.00 2255.62
749.30 14.04 8.28 4.00 333.45 146.31 7.71 0.00
0.00 2666.98
709.10 11.64 6.09 1.60 333.65 124.09 15.25 0.10
0.00 3130.41
665.90 8.64 3.17 -1.90 332.84 112.75 19.58 0.00
0.00 3653.39
619.70 3.84 0.88 -1.88 335.16 104.93 18.08 0.10
0.00 4243.29
571.10 -1.06 -3.76 -6.95 332.59 114.12 14.26 0.10
0.00 4901.48
524.10 -4.86 -8.88 -15.89 330.07 139.64 10.20 0.10
0.00 5581.97
481.80 -7.76 -13.19 -29.24 329.63 167.20 4.39 0.10
0.00 6239.84
444.00 -11.96 -16.20 -29.52 332.22 180.00 3.30 0.00
0.00 6869.80
410.00 -15.86 -19.33 -31.86 334.44 228.01 7.85 0.00
0.00 7474.60
379.20 -20.26 -22.11 -28.24 337.36 261.87 5.50 0.00
0.00 8058.00
351.50 -24.46 -25.14 -27.44 339.60 248.20 7.32 0.00
11.00 8615.21
326.50 -28.76 -29.17 -30.96 339.91 257.99 9.34 0.00
100.00 9147.98
304.10 -32.66 -33.00 -34.92 340.47 246.93 11.40 0.00
100.00 9652.59
283.90 -36.66 -37.05 -40.14 340.54 251.31 13.95 0.00
100.00 10132.57
265.70 -40.46 -40.96 -46.97 340.69 264.37 13.85 0.00
0.00 10587.61
248.80 -43.16 -43.80 -56.89 342.55 289.25 12.96 0.00
0.00 11032.67
233.60 -45.66 -46.25 -63.98 344.81 312.66 13.48 0.10
0.00 11454.77
219.60 -48.16 -48.65 -67.41 347.05 334.00 17.72 0.00
0.00 11864.05
205.70 -51.26 -51.62 -67.88 348.72 342.73 15.05 0.00
0.00 12291.73
191.70 -54.36 -54.65 -73.19 350.80 341.88 11.25 0.00
0.00 12746.35
177.80 -57.66 -57.86 -73.70 353.02 338.68 8.55 0.00
0.00 13224.78
163.80 -61.16 -61.29 -74.24 355.52 325.41 6.84 0.00
0.00 13737.90
149.80 -63.96 -64.06 -74.84 359.89 317.56 9.21 0.00
0.00 14288.65
135.90 -65.86 -9999.00 -9999.00 -9999.00 328.67 10.47 0.00
0.00 14882.24
121.90 -68.26 -9999.00 -9999.00 -9999.00 348.69 6.93 0.00
0.00 15538.09
108.00 -69.86 -9999.00 -9999.00 -9999.00 351.87 5.50 0.00
0.00 16261.36
94.00 -69.06 -9999.00 -9999.00 -9999.00 43.36 4.82 0.00
0.00 17089.14
81.00 -67.26 -9999.00 -9999.00 -9999.00 91.36 8.16 0.00
0.00 17982.27
70.60 -66.36 -9999.00 -9999.00 -9999.00 84.99 11.11 0.00
0.00 18812.26
62.20 -63.66 -9999.00 -9999.00 -9999.00 108.43 13.52 0.00
0.00 19584.03
54.30 -62.36 -9999.00 -9999.00 -9999.00 101.09 10.10 0.00
0.00 20419.54
46.90 -59.36 -9999.00 -9999.00 -9999.00 75.96 15.21 0.00
0.00 21329.94
40.10 -56.86 -9999.00 -9999.00 -9999.00 84.25 25.19 0.00
0.00 22315.92
33.80 -56.26 -9999.00 -9999.00 -9999.00 88.18 30.52 0.00
0.00 23399.51
27.80 -53.76 -9999.00 -9999.00 -9999.00 84.54 34.73 0.00
0.00 24647.35
22.30 -50.46 -9999.00 -9999.00 -9999.00 81.06 38.73 0.00
0.00 26073.69
17.10 -46.16 -9999.00 -9999.00 -9999.00 77.81 39.55 0.00
0.00 27821.10
12.30 -43.96 -9999.00 -9999.00 -9999.00 82.50 40.17 0.00
0.00 30020.87

STID = KDAL STNM = 722583 TIME = 200809/1600 
SLAT = 32.84 SLON = -96.85 SELV = 138.0
STIM = 16

SHOW = -0.86 LIFT = -3.37 SWET = 205.31 KINX = 30.63
LCLP = 847.28 PWAT = 46.61 TOTL = 46.33 CAPE = 1454.71
LCLT = 291.43 CINS = -48.24 EQLV = 190.99 LFCT = 713.10
BRCH = 122.85

PRES TMPC TMWC DWPC THTE DRCT SKNT OMEG
CFRL HGHT
1001.50 32.54 24.24 20.98 353.41 198.89 7.81 0.00
0.00 147.01
998.50 31.74 23.96 20.89 352.64 198.80 9.63 0.00
0.00 174.08
993.00 31.04 23.70 20.78 352.31 199.44 10.51 0.00
0.00 223.78
983.40 30.04 23.29 20.59 352.01 200.56 11.62 0.00
0.00 310.96
969.40 28.64 22.70 20.30 351.64 201.48 12.74 -0.10
0.00 439.11
951.30 26.94 21.96 19.92 351.30 202.11 13.42 -0.10
0.00 606.70
929.80 25.04 21.06 19.39 350.87 203.10 14.36 -0.20
0.00 808.73
906.20 23.74 19.48 17.57 347.95 203.20 14.80 -0.20
0.00 1034.64
880.70 21.54 18.38 16.93 347.68 198.19 14.32 -0.20
0.00 1283.85
852.20 19.74 16.33 14.62 344.23 185.27 12.68 -0.20
0.00 1568.98
820.70 17.54 14.34 12.62 342.02 184.09 10.90 -0.10
2.00 1892.96
786.40 15.24 11.76 9.67 338.64 169.46 8.49 0.00
0.00 2257.07
749.00 14.04 8.36 4.16 333.73 142.13 8.86 0.00
0.00 2669.60
708.80 11.34 6.21 2.14 334.08 128.12 16.05 0.00
0.00 3133.01
665.70 8.54 2.88 -2.54 332.03 114.35 20.26 0.00
0.00 3654.61
619.60 3.84 0.56 -2.60 334.30 107.46 18.12 0.00
0.00 4243.17
571.00 -0.86 -3.72 -7.12 332.69 116.92 14.16 0.10
0.00 4901.64
524.00 -4.46 -8.90 -16.90 330.02 146.31 9.11 0.00
0.00 5582.97
481.70 -7.46 -13.08 -30.01 329.85 177.61 4.66 0.00
0.00 6241.79
443.90 -11.86 -16.07 -28.97 332.52 190.30 6.51 0.00
0.00 6872.37
409.90 -15.76 -19.30 -32.19 334.52 223.41 9.89 0.00
0.00 7477.54
379.10 -20.26 -22.02 -27.71 337.57 240.02 5.83 0.00
0.00 8061.21
351.40 -24.46 -25.14 -27.44 339.63 242.10 7.48 0.00
2.00 8618.58
326.50 -28.86 -29.27 -31.08 339.73 247.56 9.67 0.00
100.00 9149.18
304.00 -32.76 -33.19 -35.73 340.17 245.94 11.91 0.00
100.00 9655.91
283.90 -36.76 -37.36 -42.79 340.01 251.27 12.10 0.00
28.00 10133.38
265.70 -40.16 -40.87 -51.18 340.81 266.31 12.06 0.00
0.00 10588.59
248.80 -42.76 -43.48 -59.58 343.06 297.80 12.08 0.00
0.00 11034.31
233.60 -45.36 -46.00 -66.97 345.22 322.48 13.71 0.00
0.00 11457.04
219.60 -48.46 -48.89 -62.27 346.68 339.61 16.16 0.00
0.00 11866.33
205.70 -51.26 -51.62 -67.88 348.72 344.05 12.72 0.00
0.00 12293.72
191.70 -54.16 -54.45 -73.19 351.12 332.88 8.95 0.00
0.00 12748.55
177.80 -57.56 -57.76 -73.70 353.18 320.71 8.28 0.00
0.00 13227.31
163.80 -61.06 -61.20 -74.24 355.68 305.22 8.08 0.00
0.00 13740.67
149.80 -63.96 -64.06 -74.84 359.89 306.87 10.68 0.00
0.00 14291.55
135.90 -66.06 -9999.00 -9999.00 -9999.00 324.34 10.99 0.00
0.00 14884.85
121.90 -68.76 -9999.00 -9999.00 -9999.00 352.69 7.63 0.00
0.00 15539.59
108.00 -70.26 -9999.00 -9999.00 -9999.00 5.71 5.85 0.00
0.00 16261.26
94.00 -68.46 -9999.00 -9999.00 -9999.00 57.38 5.77 0.00
0.00 17089.45
81.00 -66.46 -9999.00 -9999.00 -9999.00 104.35 8.62 0.00
0.00 17985.63
70.60 -65.76 -9999.00 -9999.00 -9999.00 95.49 10.14 0.00
0.00 18818.44
62.20 -63.86 -9999.00 -9999.00 -9999.00 113.96 11.48 0.00
0.00 19590.95
54.30 -62.26 -9999.00 -9999.00 -9999.00 76.83 9.38 0.00
0.00 20426.26
46.90 -58.46 -9999.00 -9999.00 -9999.00 73.30 18.26 0.00
0.00 21338.80
40.10 -57.06 -9999.00 -9999.00 -9999.00 87.42 25.85 0.00
0.00 22326.39
33.80 -56.36 -9999.00 -9999.00 -9999.00 88.87 29.53 0.00
0.00 23409.22
27.80 -54.76 -9999.00 -9999.00 -9999.00 89.02 34.19 0.00
0.00 24653.92
22.30 -51.66 -9999.00 -9999.00 -9999.00 84.29 39.04 0.00
0.00 26073.16
17.10 -46.96 -9999.00 -9999.00 -9999.00 81.56 41.05 0.00
0.00 27812.80
12.30 -43.76 -9999.00 -9999.00 -9999.00 78.53 40.03 0.00
0.00 30009.68

STID = KDAL STNM = 722583 TIME = 200809/1700 
SLAT = 32.84 SLON = -96.85 SELV = 138.0
STIM = 17

SHOW = -1.36 LIFT = -3.35 SWET = 209.32 KINX = 31.56
LCLP = 820.30 PWAT = 45.23 TOTL = 46.87 CAPE = 1354.95
LCLT = 290.20 CINS = -29.18 EQLV = 197.24 LFCT = 715.16
BRCH = 172.57

PRES TMPC TMWC DWPC THTE DRCT SKNT OMEG
CFRL HGHT
1001.10 34.04 24.18 20.24 353.09 192.20 7.36 0.00
0.00 147.06
998.10 33.14 23.88 20.15 352.21 192.80 8.76 0.00
0.00 174.25
992.50 32.44 23.61 20.03 351.87 191.77 9.52 0.00
0.00 225.09
983.00 31.44 23.19 19.83 351.54 193.24 10.18 0.00
0.00 311.76
969.00 30.04 22.60 19.53 351.15 193.30 10.98 0.00
0.00 440.51
951.00 28.34 21.83 19.11 350.70 193.80 11.40 0.00
0.00 607.93
929.40 26.34 20.90 18.57 350.16 193.35 11.77 -0.10
0.00 811.80
905.90 24.14 19.81 17.91 349.42 194.04 12.00 -0.10
0.00 1037.44
880.40 21.84 18.46 16.92 348.07 192.23 11.93 0.00
0.00 1287.06
851.90 19.64 16.65 15.18 345.54 190.39 11.85 0.00
3.00 1572.43
820.50 17.64 13.97 11.94 340.68 184.01 11.09 0.00
2.00 1895.47
786.10 15.34 11.44 9.03 337.57 167.99 9.34 0.00
4.00 2260.79
748.80 13.94 8.59 4.72 334.49 139.76 9.93 0.00
0.00 2672.33
708.60 11.14 6.37 2.66 334.61 131.19 14.45 0.00
0.00 3135.70
665.40 8.44 2.51 -3.38 331.05 116.05 19.46 0.10
0.00 3658.41
619.40 4.04 -0.74 -6.09 330.86 110.91 18.51 0.10
0.00 4245.77
570.90 -0.76 -3.74 -7.29 332.67 119.05 14.01 0.00
0.00 4903.16
523.90 -4.46 -8.91 -16.96 330.01 150.42 8.26 0.00
0.00 5584.73
481.60 -7.56 -13.13 -29.86 329.78 187.43 4.51 -0.10
0.00 6243.55
443.90 -11.76 -15.97 -28.70 332.71 201.32 8.55 -0.10
0.00 6872.53
409.90 -15.96 -19.47 -32.52 334.19 219.14 10.76 -0.10
0.00 7477.60
379.10 -20.26 -22.15 -28.46 337.32 222.80 7.15 0.00
0.00 8061.02
351.40 -24.36 -25.06 -27.44 339.77 232.52 7.34 0.00
11.00 8618.48
326.50 -28.86 -29.42 -31.94 339.48 241.14 10.86 0.00
100.00 9149.19
304.00 -32.86 -33.56 -38.15 339.54 243.87 11.46 0.00
35.00 9655.78
283.90 -36.76 -37.54 -45.55 339.70 242.53 10.96 0.00
0.00 10133.12
265.70 -39.76 -40.63 -55.27 341.19 267.92 10.68 0.00
0.00 10588.69
248.80 -42.66 -43.39 -59.58 343.21 303.69 10.51 0.00
0.00 11034.89
233.60 -45.46 -46.07 -63.98 345.11 337.38 12.63 0.00
0.00 11457.63
219.60 -48.36 -48.77 -60.55 346.87 342.82 11.19 0.00
0.00 11866.91
205.70 -50.96 -51.34 -67.88 349.19 334.54 9.03 0.00
0.00 12294.69
191.70 -53.86 -54.16 -73.19 351.60 315.94 8.37 0.00
0.00 12750.14
177.80 -57.46 -57.67 -73.70 353.34 305.94 9.60 0.00
0.00 13229.34
163.80 -61.06 -61.20 -74.24 355.68 299.05 10.00 0.00
0.00 13742.82
149.80 -64.26 -64.35 -74.84 359.38 305.75 11.97 0.00
0.00 14293.31
135.90 -66.26 -9999.00 -9999.00 -9999.00 329.22 10.63 0.00
0.00 14885.90
121.90 -68.96 -9999.00 -9999.00 -9999.00 2.94 7.60 0.00
0.00 15540.00
108.00 -70.06 -9999.00 -9999.00 -9999.00 356.31 6.04 0.00
0.00 16261.67
94.00 -68.06 -9999.00 -9999.00 -9999.00 75.38 4.62 0.00
0.00 17091.08
81.00 -66.56 -9999.00 -9999.00 -9999.00 132.77 10.59 0.00
0.00 17987.91
70.60 -66.46 -9999.00 -9999.00 -9999.00 109.33 11.73 0.00
0.00 18819.11
62.20 -64.66 -9999.00 -9999.00 -9999.00 109.65 11.56 0.00
0.00 19588.84
54.30 -62.16 -9999.00 -9999.00 -9999.00 68.20 11.50 0.00
0.00 20422.76
46.90 -58.46 -9999.00 -9999.00 -9999.00 77.53 20.69 0.00
0.00 21335.52
40.10 -57.66 -9999.00 -9999.00 -9999.00 90.48 23.31 0.00
0.00 22321.73
33.80 -55.66 -9999.00 -9999.00 -9999.00 95.01 26.71 0.00
0.00 23404.81
27.80 -53.86 -9999.00 -9999.00 -9999.00 91.67 33.43 0.00
0.00 24654.08
22.30 -51.06 -9999.00 -9999.00 -9999.00 82.16 38.44 0.00
0.00 26078.17
17.10 -46.86 -9999.00 -9999.00 -9999.00 75.63 39.90 0.00
0.00 27820.53
12.30 -43.46 -9999.00 -9999.00 -9999.00 77.38 41.80 0.00
0.00 30019.33

STID = KDAL STNM = 722583 TIME = 200809/1800 
SLAT = 32.84 SLON = -96.85 SELV = 138.0
STIM = 18

SHOW = -0.96 LIFT = -3.16 SWET = 201.50 KINX = 31.32
LCLP = 796.76 PWAT = 44.14 TOTL = 46.70 CAPE = 1210.08
LCLT = 288.90 CINS = -25.14 EQLV = 202.01 LFCT = 691.21
BRCH = 291.15

PRES TMPC TMWC DWPC THTE DRCT SKNT OMEG
CFRL HGHT
1000.10 35.14 23.96 19.37 352.09 182.94 7.60 0.00
0.00 147.10
997.20 34.24 23.66 19.28 351.20 182.49 8.94 0.00
0.00 173.49
991.60 33.54 23.39 19.17 350.90 183.43 9.73 0.10
0.00 224.54
982.10 32.54 22.99 18.99 350.64 183.24 10.31 0.10
0.00 311.55
968.10 31.14 22.42 18.74 350.39 184.09 10.90 0.10
0.00 440.83
950.10 29.34 21.68 18.41 350.09 183.95 11.29 0.10
0.00 608.92
928.60 27.34 20.81 17.99 349.89 184.76 11.69 0.10
0.00 812.64
905.10 25.04 19.83 17.53 349.60 184.69 11.89 0.10
0.00 1039.14
879.60 22.64 18.76 17.02 349.45 184.69 11.89 0.10
0.00 1289.68
851.20 20.14 16.30 14.37 344.27 184.69 11.89 0.00
0.00 1574.88
819.80 17.44 14.51 12.96 342.82 182.86 11.67 0.00
4.00 1898.37
785.50 15.44 11.32 8.76 337.28 174.90 10.92 0.00
3.00 2262.92
748.20 13.74 8.90 5.52 335.61 146.59 10.94 0.10
0.00 2674.75
708.00 11.14 6.35 2.62 334.65 137.29 13.75 0.10
0.00 3138.40
665.00 8.44 2.32 -3.88 330.60 123.69 18.20 0.10
0.00 3659.04
619.00 4.24 -1.19 -7.69 329.73 119.12 17.56 0.10
0.00 4246.86
570.60 -0.46 -3.95 -8.26 332.20 129.17 13.54 0.00
0.00 4903.74
523.60 -4.36 -8.87 -17.03 330.15 159.90 8.49 0.00
0.00 5586.12
481.40 -7.66 -13.16 -29.55 329.76 185.44 4.10 -0.10
0.00 6243.72
443.70 -11.76 -16.11 -29.81 332.47 208.81 8.88 -0.10
0.00 6872.84
409.80 -16.06 -19.56 -32.70 334.04 221.19 10.33 -0.10
0.00 7476.20
379.00 -20.16 -22.30 -29.87 337.05 219.09 8.00 -0.10
0.00 8059.75
351.30 -24.46 -25.14 -27.44 339.66 233.97 7.93 -0.10
9.00 8617.35
326.40 -28.86 -29.62 -33.31 339.14 243.90 10.61 -0.10
21.00 9148.08
304.00 -33.06 -34.01 -41.28 338.76 240.64 10.70 -0.10
0.00 9652.26
283.80 -36.76 -37.66 -47.76 339.54 235.49 11.31 0.00
0.00 10131.82
265.70 -39.66 -40.58 -57.61 341.25 268.75 8.94 0.00
0.00 10585.07
248.80 -42.46 -43.23 -61.32 343.46 303.02 9.27 0.00
0.00 11031.55
233.60 -45.56 -46.11 -60.07 345.05 333.43 10.43 0.00
0.00 11454.38
219.60 -48.26 -48.65 -59.12 347.07 327.09 7.87 0.00
0.00 11863.67
205.70 -50.96 -51.31 -64.93 349.24 314.09 8.66 0.00
0.00 12291.54
191.70 -53.96 -54.26 -73.19 351.44 304.99 9.48 0.00
0.00 12746.89
177.80 -57.46 -57.67 -73.70 353.34 300.78 10.63 0.00
0.00 13225.98
163.80 -60.96 -61.10 -74.24 355.85 300.96 11.32 0.00
0.00 13739.58
149.80 -64.06 -64.15 -74.84 359.72 307.21 13.17 0.00
0.00 14290.46
135.90 -66.16 -9999.00 -9999.00 -9999.00 328.39 11.87 0.00
0.00 14883.48
121.90 -68.96 -9999.00 -9999.00 -9999.00 358.57 7.77 0.00
0.00 15537.74
108.00 -70.06 -9999.00 -9999.00 -9999.00 349.38 6.33 0.00
0.00 16259.41
94.00 -68.26 -9999.00 -9999.00 -9999.00 112.25 4.62 0.00
0.00 17088.41
81.00 -67.66 -9999.00 -9999.00 -9999.00 152.49 10.51 0.00
0.00 17982.41
70.60 -67.26 -9999.00 -9999.00 -9999.00 110.81 10.39 0.00
0.00 18809.79
62.20 -65.06 -9999.00 -9999.00 -9999.00 102.09 11.13 0.00
0.00 19577.30
54.30 -61.86 -9999.00 -9999.00 -9999.00 73.52 14.37 0.00
0.00 20411.01
46.90 -58.96 -9999.00 -9999.00 -9999.00 86.55 22.57 0.00
0.00 21323.34
40.10 -57.46 -9999.00 -9999.00 -9999.00 88.47 21.76 0.00
0.00 22308.87
33.80 -54.96 -9999.00 -9999.00 -9999.00 93.95 22.59 0.00
0.00 23394.20
27.80 -52.96 -9999.00 -9999.00 -9999.00 85.49 29.62 0.00
0.00 24648.05
22.30 -50.96 -9999.00 -9999.00 -9999.00 79.64 36.73 0.00
0.00 26075.36
17.10 -47.06 -9999.00 -9999.00 -9999.00 78.37 41.45 0.00
0.00 27817.33
12.30 -44.16 -9999.00 -9999.00 -9999.00 82.84 45.22 0.00
0.00 30011.79

STID = KDAL STNM = 722583 TIME = 200809/1900 
SLAT = 32.84 SLON = -96.85 SELV = 138.0
STIM = 19

SHOW = -2.41 LIFT = -2.83 SWET = 214.15 KINX = 33.18
LCLP = 774.36 PWAT = 43.50 TOTL = 48.71 CAPE = 998.18
LCLT = 287.52 CINS = -30.47 EQLV = 211.51 LFCT = 660.33
BRCH = 452.24

PRES TMPC TMWC DWPC THTE DRCT SKNT OMEG
CFRL HGHT
999.70 36.14 23.68 18.40 350.72 177.27 8.16 0.00
0.00 147.12
996.70 35.24 23.37 18.29 349.81 177.71 9.71 0.00
0.00 174.51
991.20 34.44 23.07 18.18 349.38 177.88 10.49 0.00
0.00 224.80
981.70 33.54 22.70 18.01 349.26 177.99 11.07 0.00
0.00 312.08
967.70 32.14 22.12 17.76 349.03 178.06 11.46 0.00
0.00 441.77
949.70 30.34 21.38 17.43 348.74 178.12 11.85 0.00
0.00 610.40
928.30 28.34 20.51 17.02 348.56 179.08 12.04 0.00
0.00 813.82
904.80 26.04 19.53 16.57 348.30 179.09 12.24 0.00
0.00 1041.04
879.40 23.54 18.44 16.08 348.08 178.15 12.04 0.00
0.00 1291.34
850.90 20.74 17.17 15.48 347.82 178.15 12.04 0.00
0.00 1578.36
819.50 18.14 14.42 12.42 342.50 176.19 11.67 0.00
0.00 1902.74
785.20 14.94 12.46 11.04 341.29 173.23 11.54 0.00
6.00 2267.67
747.90 13.54 9.14 6.15 336.46 161.88 11.25 0.10
1.00 2679.39
707.80 11.24 6.41 2.66 334.87 145.36 13.00 0.10
0.00 3142.01
664.70 8.34 2.32 -3.76 330.65 131.74 16.92 0.10
0.00 3664.06
618.80 4.24 -1.19 -7.69 329.76 128.35 16.59 0.10
0.00 4250.74
570.40 -0.36 -4.43 -9.81 331.04 136.81 13.05 0.00
0.00 4907.88
523.50 -4.46 -8.86 -16.73 330.21 163.86 7.69 -0.10
0.00 5588.91
481.40 -7.86 -13.23 -28.95 329.66 176.82 3.50 -0.10
0.00 6244.67
443.60 -11.86 -16.41 -32.05 331.86 214.78 8.51 -0.10
0.00 6875.15
409.70 -16.16 -19.68 -33.23 333.83 224.17 9.48 -0.10
0.00 7478.39
379.00 -20.16 -22.50 -31.33 336.65 224.03 8.10 0.00
0.00 8059.98
351.30 -24.46 -25.16 -27.54 339.62 244.54 9.03 0.00
12.00 8617.55
326.40 -29.06 -29.99 -34.85 338.50 248.63 9.60 0.00
6.00 9148.05
304.00 -33.06 -34.23 -44.54 338.38 237.20 10.39 0.00
0.00 9651.99
283.80 -36.66 -37.71 -51.31 339.44 237.38 11.54 0.00
0.00 10131.64
265.70 -39.46 -40.40 -57.61 341.54 268.70 8.55 0.00
0.00 10585.16
248.80 -42.36 -43.16 -63.51 343.57 301.18 8.62 0.00
0.00 11031.92
233.60 -45.46 -45.99 -58.63 345.24 320.53 8.55 0.00
0.00 11454.94
219.60 -48.06 -48.44 -57.90 347.42 308.66 8.70 0.00
0.00 11864.51
205.70 -51.06 -51.41 -64.93 349.08 309.14 10.76 0.00
0.00 12292.48
191.70 -54.26 -54.52 -68.39 351.00 304.82 10.88 0.00
0.00 12747.41
177.80 -57.46 -57.67 -73.70 353.34 302.32 11.27 0.00
0.00 13226.17
163.80 -60.86 -61.00 -74.24 356.02 306.50 12.08 0.00
0.00 13739.89
149.80 -63.86 -63.96 -74.84 360.06 314.44 14.14 0.00
0.00 14291.16
135.90 -66.06 -66.14 -75.48 366.33 333.82 12.76 0.00
0.00 14884.61
121.90 -68.86 -9999.00 -9999.00 -9999.00 357.21 7.96 0.00
0.00 15539.19
108.00 -69.66 -9999.00 -9999.00 -9999.00 338.50 6.90 0.00
0.00 16261.75
94.00 -68.36 -9999.00 -9999.00 -9999.00 127.87 4.43 0.00
0.00 17091.36
81.00 -68.56 -9999.00 -9999.00 -9999.00 153.43 6.08 0.00
0.00 17983.18
70.60 -67.26 -9999.00 -9999.00 -9999.00 80.75 8.47 0.00
0.00 18808.75
62.20 -64.46 -9999.00 -9999.00 -9999.00 82.48 10.39 0.00
0.00 19577.37
54.30 -61.26 -9999.00 -9999.00 -9999.00 69.53 15.56 0.00
0.00 20413.48
46.90 -59.46 -9999.00 -9999.00 -9999.00 84.86 19.50 0.00
0.00 21326.02
40.10 -57.06 -9999.00 -9999.00 -9999.00 80.73 19.29 0.00
0.00 22311.31
33.80 -55.16 -9999.00 -9999.00 -9999.00 87.30 20.61 0.00
0.00 23397.15
27.80 -52.86 -9999.00 -9999.00 -9999.00 83.80 26.96 0.00
0.00 24650.71
22.30 -49.96 -9999.00 -9999.00 -9999.00 82.53 35.86 0.00
0.00 26081.56
17.10 -47.16 -9999.00 -9999.00 -9999.00 80.54 42.54 0.00
0.00 27827.03
12.30 -44.46 -9999.00 -9999.00 -9999.00 85.67 46.37 0.00
0.00 30019.57

STID = KDAL STNM = 722583 TIME = 200809/2000 
SLAT = 32.84 SLON = -96.85 SELV = 138.0
STIM = 20

SHOW = -2.05 LIFT = -2.61 SWET = 203.48 KINX = 33.46
LCLP = 759.31 PWAT = 42.75 TOTL = 48.79 CAPE = 905.37
LCLT = 286.64 CINS = -32.52 EQLV = 216.58 LFCT = 651.05
BRCH = 725.43

PRES TMPC TMWC DWPC THTE DRCT SKNT OMEG
CFRL HGHT
998.70 36.84 23.54 17.79 350.11 174.92 8.78 0.00
0.00 147.15
995.70 35.84 23.19 17.68 349.09 175.84 10.70 0.00
0.00 174.62
990.20 35.14 22.92 17.57 348.79 175.16 11.50 0.00
0.00 225.05
980.70 34.14 22.52 17.39 348.53 175.39 12.08 0.00
0.00 312.58
966.70 32.84 21.97 17.14 348.42 175.53 12.47 0.00
0.00 442.63
948.80 31.04 21.22 16.80 348.10 175.60 12.67 0.00
0.00 610.83
927.30 29.04 20.33 16.36 347.87 175.67 12.86 0.00
0.00 815.81
903.90 26.74 19.30 15.85 347.46 175.67 12.86 0.10
0.00 1042.75
878.50 24.24 18.17 15.29 347.08 175.60 12.67 0.10
0.00 1293.80
850.20 21.54 16.85 14.57 346.62 175.46 12.28 0.10
0.00 1579.68
818.80 18.44 15.07 13.34 345.10 174.29 11.71 0.20
0.00 1904.94
784.50 15.54 12.55 10.85 341.73 173.12 11.34 0.10
7.00 2270.82
747.30 12.94 9.68 7.58 338.36 169.88 11.05 0.10
5.00 2681.87
707.20 11.24 6.48 2.82 335.20 155.16 11.56 0.20
0.00 3144.52
664.20 8.34 2.41 -3.50 331.00 138.74 14.72 0.20
0.00 3665.80
618.40 4.34 -1.18 -7.81 329.85 136.55 15.25 0.20
0.00 4251.73
570.10 -0.26 -4.72 -10.89 330.37 142.55 11.50 0.10
0.00 4908.07
523.20 -4.46 -8.89 -16.85 330.20 162.18 5.71 0.10
0.00 5589.55
481.10 -7.96 -13.28 -28.81 329.63 160.35 2.89 0.00
0.00 6245.57
443.50 -11.96 -16.68 -34.39 331.32 215.22 8.08 -0.10
0.00 6872.73
409.60 -16.26 -19.81 -33.79 333.61 225.86 9.21 -0.10
0.00 7475.85
378.90 -20.16 -22.63 -32.37 336.42 226.79 8.80 0.00
0.00 8057.45
351.20 -24.56 -25.43 -28.53 339.16 248.40 10.02 0.00
0.00 8615.04
326.40 -29.16 -30.28 -36.65 337.99 243.97 9.30 0.00
1.00 9143.24
304.00 -33.16 -34.42 -46.66 338.04 234.12 11.27 0.00
0.00 9646.95
283.80 -36.66 -37.75 -52.86 339.35 239.38 11.05 0.00
0.00 10126.48
265.70 -39.46 -40.43 -59.06 341.50 267.46 8.74 -0.10
0.00 10580.00
248.80 -42.36 -43.18 -66.51 343.52 295.94 7.98 0.00
0.00 11026.76
233.60 -45.46 -45.99 -58.63 345.24 306.57 7.50 0.00
0.00 11449.78
219.60 -48.06 -48.49 -60.55 347.34 303.69 10.51 0.00
0.00 11859.34
205.70 -51.26 -51.62 -67.88 348.72 311.01 11.85 -0.10
0.00 12287.11
191.70 -54.46 -54.72 -68.39 350.68 307.45 11.50 0.00
0.00 12741.63
177.80 -57.56 -57.76 -73.70 353.18 305.88 11.27 0.00
0.00 13220.07
163.80 -60.66 -60.80 -74.24 356.36 308.21 11.62 0.00
0.00 13733.91
149.80 -63.56 -63.66 -74.84 360.58 315.57 13.87 0.00
0.00 14285.83
135.90 -66.06 -66.14 -75.48 366.33 330.59 12.26 0.00
0.00 14879.71
121.90 -69.16 -9999.00 -9999.00 -9999.00 353.09 6.45 0.00
0.00 15533.81
108.00 -70.36 -9999.00 -9999.00 -9999.00 331.39 7.30 0.00
0.00 16254.60
94.00 -69.06 -9999.00 -9999.00 -9999.00 149.74 2.70 0.00
0.00 17081.37
81.00 -68.66 -9999.00 -9999.00 -9999.00 165.96 2.41 0.00
0.00 17971.44
70.60 -66.36 -9999.00 -9999.00 -9999.00 65.14 8.78 0.00
0.00 18798.62
62.20 -63.86 -9999.00 -9999.00 -9999.00 76.70 10.98 0.00
0.00 19570.02
54.30 -61.36 -9999.00 -9999.00 -9999.00 70.71 16.47 0.00
0.00 20407.12
46.90 -60.16 -9999.00 -9999.00 -9999.00 83.86 18.16 0.00
0.00 21317.95
40.10 -57.46 -9999.00 -9999.00 -9999.00 77.28 18.51 0.00
0.00 22300.72
33.80 -55.76 -9999.00 -9999.00 -9999.00 84.13 20.90 0.00
0.00 23384.05
27.80 -53.36 -9999.00 -9999.00 -9999.00 87.51 26.83 0.00
0.00 24634.47
22.30 -49.96 -9999.00 -9999.00 -9999.00 87.40 34.23 0.00
0.00 26063.71
17.10 -47.16 -9999.00 -9999.00 -9999.00 84.32 43.14 0.00
0.00 27809.18
12.30 -44.26 -9999.00 -9999.00 -9999.00 88.42 49.16 0.00
0.00 30002.68

STID = KDAL STNM = 722583 TIME = 200809/2100 
SLAT = 32.84 SLON = -96.85 SELV = 138.0
STIM = 21

SHOW = -1.72 LIFT = -2.15 SWET = 200.53 KINX = 33.75
LCLP = 748.55 PWAT = 41.83 TOTL = 48.47 CAPE = 792.02
LCLT = 285.90 CINS = -44.75 EQLV = 220.58 LFCT = 639.65
BRCH = 682.82

PRES TMPC TMWC DWPC THTE DRCT SKNT OMEG
CFRL HGHT
998.00 37.24 23.35 17.24 349.30 172.87 9.40 0.00
0.00 147.17
995.00 36.34 23.04 17.13 348.41 173.12 11.34 0.00
0.00 174.69
989.50 35.54 22.74 17.02 347.99 173.66 12.32 0.10
0.00 225.21
980.00 34.64 22.36 16.85 347.88 173.95 12.90 0.10
0.00 312.91
966.10 33.24 21.78 16.59 347.62 174.21 13.48 0.10
0.00 442.28
948.20 31.54 21.06 16.26 347.44 174.29 13.66 0.10
0.00 610.79
926.70 29.44 20.15 15.84 347.15 174.37 13.85 0.10
0.00 816.15
903.30 27.24 19.17 15.37 346.97 175.17 13.85 0.10
0.00 1043.52
878.00 24.74 18.04 14.82 346.61 175.10 13.66 0.10
0.00 1294.10
849.60 21.94 16.75 14.19 346.28 175.79 13.25 0.10
0.00 1581.55
818.30 18.74 15.21 13.41 345.71 176.48 12.65 0.00
0.00 1906.35
784.10 15.54 12.72 11.13 342.40 175.31 11.89 0.00
0.00 2271.59
746.90 13.34 9.53 7.02 337.89 175.07 11.31 0.00
0.00 2683.12
706.80 11.24 6.67 3.21 335.84 163.91 10.51 0.00
0.00 3146.33
663.90 8.34 2.53 -3.18 331.39 143.84 12.51 0.00
0.00 3666.72
618.10 4.44 -1.26 -8.20 329.69 140.95 13.25 0.10
0.00 4253.02
569.80 -0.16 -4.79 -11.28 330.26 140.04 9.38 0.10
0.00 4909.90
523.10 -4.26 -8.96 -17.67 330.03 146.31 4.20 0.10
0.00 5589.05
481.00 -7.76 -13.25 -29.71 329.68 137.49 3.17 0.00
0.00 6245.65
443.40 -11.86 -16.74 -36.27 331.17 211.22 7.50 0.00
0.00 6873.28
409.50 -16.16 -19.77 -34.17 333.69 224.14 9.21 0.00
0.00 7476.75
378.80 -20.06 -22.65 -33.17 336.40 229.03 9.77 0.00
0.00 8058.72
351.20 -24.66 -25.91 -30.92 338.27 255.43 10.04 0.00
0.00 8614.33
326.30 -29.16 -30.51 -39.04 337.60 240.83 9.56 0.00
0.00 9144.58
303.90 -33.26 -34.51 -46.66 337.93 238.71 11.60 0.00
0.00 9648.32
283.80 -36.66 -37.75 -52.86 339.35 247.07 10.98 0.00
0.00 10125.46
265.70 -39.56 -40.52 -59.06 341.35 273.50 9.54 0.00
0.00 10578.88
248.80 -42.56 -43.34 -63.51 343.27 293.03 8.45 0.00
0.00 11025.36
233.60 -45.56 -46.09 -58.63 345.09 295.94 7.98 0.00
0.00 11448.10
219.60 -48.26 -48.72 -64.44 346.94 304.70 12.28 0.00
0.00 11857.39
205.70 -51.46 -51.81 -67.88 348.41 308.11 12.59 -0.10
0.00 12284.78
191.70 -54.66 -54.91 -68.39 350.36 306.10 11.54 0.00
0.00 12738.89
177.80 -57.56 -57.76 -73.70 353.18 305.96 12.24 0.00
0.00 13217.10
163.80 -60.56 -60.71 -74.24 356.52 308.11 12.59 0.00
0.00 13731.06
149.80 -63.66 -63.76 -74.84 360.41 312.75 14.02 0.00
0.00 14282.98
135.90 -66.26 -66.33 -75.48 365.98 327.60 11.97 0.00
0.00 14876.43
121.90 -69.26 -9999.00 -9999.00 -9999.00 353.16 4.90 0.00
0.00 15530.06
108.00 -70.36 -9999.00 -9999.00 -9999.00 336.04 5.73 0.00
0.00 16250.67
94.00 -68.76 -9999.00 -9999.00 -9999.00 157.17 4.00 0.00
0.00 17078.04
81.00 -68.06 -9999.00 -9999.00 -9999.00 167.47 1.79 0.00
0.00 17970.08
70.60 -65.36 -9999.00 -9999.00 -9999.00 70.77 8.84 0.00
0.00 18800.47
62.20 -63.06 -9999.00 -9999.00 -9999.00 70.20 10.31 0.00
0.00 19575.21
54.30 -60.96 -9999.00 -9999.00 -9999.00 67.95 16.55 0.00
0.00 20414.70
46.90 -60.26 -9999.00 -9999.00 -9999.00 82.13 18.43 0.00
0.00 21326.16
40.10 -58.06 -9999.00 -9999.00 -9999.00 76.69 18.57 0.00
0.00 22307.33
33.80 -56.06 -9999.00 -9999.00 -9999.00 81.17 20.24 0.00
0.00 23388.42
27.80 -53.16 -9999.00 -9999.00 -9999.00 89.60 27.97 0.00
0.00 24638.54
22.30 -50.66 -9999.00 -9999.00 -9999.00 92.48 35.98 0.00
0.00 26066.17
17.10 -47.86 -9999.00 -9999.00 -9999.00 85.36 43.26 0.00
0.00 27806.20
12.30 -43.96 -9999.00 -9999.00 -9999.00 87.98 49.57 0.00
0.00 29997.78
STN YYMMDD/HHMM PMSL PRES SKTC STC1 SNFL WTNS
P01M C01M STC2 LCLD MCLD HCLD
SNRA UWND VWND R01M BFGR T2MS
Q2MS WXTS WXTP WXTZ WXTR USTM
VSTM HLCY SLLH WSYM CDBP VSBK
TD2M
722583 200809/0000 1014.90 999.00 37.44 310.60 -9999.00 0.00
-9999.00 -9999.00 310.90 0.00 51.00 0.00
-9999.00 -2.70 3.30 -9999.00 -9999.00 35.44
13.08 0.00 0.00 0.00 0.00 -3.50
-3.90 4.30 -9999.00 999.00 -9999.00 20.00
17.89
722583 200809/0100 1015.10 999.20 34.24 307.40 0.00 100.00
0.00 0.00 308.00 0.00 19.00 0.00
-9999.00 -2.80 2.90 -9999.00 -9999.00 34.14
12.98 0.00 0.00 0.00 0.00 -4.90
-4.00 20.60 -9999.00 999.00 -9999.00 20.00
17.78
722583 200809/0200 1015.00 999.10 32.34 305.50 0.00 100.00
0.00 0.00 306.00 0.00 10.00 0.00
-9999.00 -2.50 2.50 -9999.00 -9999.00 32.74
13.45 0.00 0.00 0.00 0.00 -7.10
-2.80 48.60 -9999.00 999.00 -9999.00 20.00
18.33
722583 200809/0300 1015.50 999.60 31.04 304.20 0.00 100.00
0.00 0.00 304.80 0.00 7.00 0.00
-9999.00 -1.60 1.90 -9999.00 -9999.00 31.54
13.73 0.00 0.00 0.00 0.00 -8.80
-1.20 71.90 -9999.00 999.00 -9999.00 20.00
18.66
722583 200809/0400 1016.10 1000.10 29.94 303.10 0.00 100.00
0.00 0.00 303.60 0.00 7.00 0.00
-9999.00 -1.60 2.10 -9999.00 -9999.00 30.44
13.81 0.00 0.00 0.00 0.00 -9.70
-0.50 75.00 -9999.00 999.00 -9999.00 20.00
18.76
722583 200809/0500 1016.30 1000.30 29.24 302.40 0.00 100.00
0.00 0.00 302.80 0.00 16.00 0.00
-9999.00 -1.10 2.40 -9999.00 -9999.00 29.74
13.28 0.00 0.00 0.00 0.00 -10.90
1.60 40.70 -9999.00 999.00 -9999.00 20.00
18.15
722583 200809/0600 1016.50 1000.50 28.24 301.40 0.00 100.00
0.00 0.00 302.00 0.00 16.00 0.00
-9999.00 -0.60 2.30 -9999.00 -9999.00 28.74
13.12 0.00 0.00 0.00 0.00 -10.60
4.50 6.80 -9999.00 999.00 -9999.00 20.00
17.96
722583 200809/0700 1016.90 1000.80 27.54 300.70 0.00 100.00
0.00 0.00 301.20 0.00 27.00 0.00
-9999.00 -0.70 2.10 -9999.00 -9999.00 27.84
13.74 0.00 0.00 0.00 0.00 -10.20
5.80 6.20 -9999.00 999.00 -9999.00 20.00
18.69
722583 200809/0800 1015.50 999.50 26.94 300.10 0.00 100.00
0.00 0.00 300.60 0.00 100.00 0.00
-9999.00 -1.00 2.00 -9999.00 -9999.00 27.24
14.72 0.00 0.00 0.00 0.00 -10.00
6.20 8.30 -9999.00 999.00 -9999.00 20.00
19.75
722583 200809/0900 1014.50 998.40 26.54 299.70 0.00 100.00
0.00 0.00 300.10 0.00 100.00 0.00
-9999.00 -0.90 2.10 -9999.00 -9999.00 26.74
15.72 0.00 0.00 0.00 0.00 -10.30
5.90 22.90 -9999.00 999.00 -9999.00 20.00
20.77
722583 200809/1000 1015.20 999.20 26.14 299.30 0.00 100.00
0.00 0.00 299.70 0.00 100.00 0.00
-9999.00 -0.80 2.30 -9999.00 -9999.00 26.34
16.65 0.00 0.00 0.00 0.00 -10.50
6.10 16.90 -9999.00 999.00 -9999.00 20.00
21.69
722583 200809/1100 1016.60 1000.60 25.84 299.00 0.00 100.00
0.00 0.00 299.40 0.00 100.00 0.00
-9999.00 -0.70 2.10 -9999.00 -9999.00 26.04
17.37 0.00 0.00 0.00 0.00 -10.00
6.90 0.40 -9999.00 999.00 -9999.00 20.00
22.39
722583 200809/1200 1017.30 1001.20 25.54 298.70 0.00 100.00
0.00 0.00 299.10 0.00 100.00 0.00
-9999.00 -0.90 2.00 -9999.00 -9999.00 25.64
17.71 0.00 0.00 0.00 0.00 -9.80
7.10 10.90 -9999.00 999.00 -9999.00 20.00
22.71
722583 200809/1300 1017.70 1001.60 28.54 301.70 0.00 100.00
0.00 0.00 301.20 0.00 100.00 0.00
-9999.00 -0.20 3.60 -9999.00 -9999.00 27.24
17.87 0.00 0.00 0.00 0.00 -9.60
7.30 2.10 -9999.00 999.00 -9999.00 20.00
22.86
722583 200809/1400 1019.10 1003.10 32.74 305.90 0.00 100.00
0.00 0.00 304.90 6.00 100.00 0.00
-9999.00 0.80 4.20 -9999.00 -9999.00 29.34
17.56 0.00 0.00 0.00 0.00 -9.20
8.00 -27.70 -9999.00 999.00 -9999.00 20.00
22.61
722583 200809/1500 1019.00 1002.90 37.34 310.50 0.00 100.00
0.00 0.00 309.00 5.00 100.00 0.00
-9999.00 1.20 3.80 -9999.00 -9999.00 31.44
16.91 0.00 0.00 0.00 0.00 -8.90
8.60 -41.80 -9999.00 999.00 -9999.00 20.00
22.00
722583 200809/1600 1018.50 1002.50 41.14 314.30 0.00 100.00
0.00 0.00 312.70 2.00 100.00 0.00
-9999.00 1.30 3.90 -9999.00 -9999.00 33.34
15.97 0.00 0.00 0.00 0.00 -8.90
8.90 -47.30 -9999.00 999.00 -9999.00 20.00
21.08
722583 200809/1700 1018.00 1002.10 44.14 317.30 0.00 100.00
0.00 0.00 315.60 4.00 100.00 0.00
-9999.00 0.80 3.80 -9999.00 -9999.00 34.94
15.28 0.00 0.00 0.00 0.00 -9.90
2.40 -26.90 -9999.00 999.00 -9999.00 20.00
20.38
722583 200809/1800 1017.10 1001.10 46.14 319.30 0.00 100.00
0.00 0.00 317.70 4.00 21.00 0.00
-9999.00 0.20 4.00 -9999.00 -9999.00 36.24
14.48 0.00 0.00 0.00 0.00 -7.10
-0.80 -22.60 -9999.00 999.00 -9999.00 20.00
19.52
722583 200809/1900 1016.60 1000.70 47.24 320.40 0.00 100.00
0.00 0.00 318.90 6.00 12.00 0.00
-9999.00 -0.10 4.30 -9999.00 -9999.00 37.24
13.62 0.00 0.00 0.00 0.00 -7.00
-0.30 -14.40 -9999.00 999.00 -9999.00 20.00
18.55
722583 200809/2000 1015.50 999.70 47.24 320.40 0.00 100.00
0.00 0.00 319.30 7.00 1.00 0.00
-9999.00 -0.30 4.60 -9999.00 -9999.00 37.84
13.12 0.00 0.00 0.00 0.00 -7.20
0.20 -7.10 -9999.00 999.00 -9999.00 20.00
17.95
722583 200809/2100 1014.80 999.00 46.34 319.50 0.00 100.00
0.00 0.00 318.70 0.00 0.00 0.00
-9999.00 -0.60 4.90 -9999.00 -9999.00 38.14
12.67 0.00 0.00 0.00 0.00 -7.40
0.70 -1.00 -9999.00 999.00 -9999.00 20.00
17.40


