
SNPARM = PRES;TMPC;TMWC;DWPC;THTE;DRCT;SKNT;OMEG;CFRL;HGHT 
STNPRM = SHOW;LIFT;SWET;KINX;LCLP;PWAT;TOTL;CAPE;LCLT;CINS;EQLV;LFCT;BRCH 

STID = KDAL STNM = 722583 TIME = 191020/2000 
SLAT = 32.84 SLON = -96.85 SELV = 138.0
STIM = 0

SHOW = -1.96 LIFT = -2.67 SWET = 360.88 KINX = 29.13
LCLP = 822.12 PWAT = 30.79 TOTL = 50.18 CAPE = 652.07
LCLT = 287.47 CINS = -89.73 EQLV = 300.27 LFCT = 723.53
BRCH = 8.11

PRES TMPC TMWC DWPC THTE DRCT SKNT OMEG
CFRL HGHT
988.20 29.84 21.21 17.21 341.98 164.48 10.88 0.00
0.00 148.85
985.20 29.04 20.89 17.06 341.11 165.76 13.42 0.00
0.00 175.98
979.80 28.54 20.61 16.86 340.81 167.96 14.90 0.00
0.00 224.92
970.40 27.74 20.03 16.30 339.88 169.51 16.01 -0.10
0.00 310.57
956.60 26.54 19.09 15.35 338.26 170.75 16.92 -0.20
0.00 437.36
938.90 24.84 18.18 14.76 337.46 172.32 17.44 -0.40
0.00 601.86
917.70 22.64 17.46 14.80 338.02 172.49 17.83 -0.50
0.00 801.71
894.60 20.54 16.88 15.02 339.47 175.24 18.71 -0.40
0.00 1023.23
869.60 18.64 15.98 14.59 340.04 186.28 21.31 -0.20
0.00 1267.87
841.70 17.04 13.59 11.60 335.91 207.19 23.80 0.10
4.00 1547.50
810.90 16.44 9.65 4.48 327.75 220.89 28.79 0.30
0.00 1865.44
777.30 13.74 7.42 2.13 326.36 222.67 30.38 0.30
0.00 2223.82
740.80 9.84 5.50 1.77 326.76 218.96 28.73 0.20
0.00 2626.38
701.40 6.84 1.72 -3.86 323.02 219.41 32.44 0.10
0.00 3078.06
659.20 5.04 -2.28 -14.13 319.96 224.61 40.38 0.00
0.00 3585.91
614.10 1.04 -5.60 -18.69 320.13 229.79 42.74 -0.20
0.00 4159.44
566.60 -3.06 -8.61 -20.73 322.26 229.98 47.44 -0.20
0.00 4801.26
520.50 -7.76 -12.49 -25.47 323.18 230.71 55.23 -0.20
0.00 5466.80
479.00 -12.56 -16.58 -31.25 323.78 229.77 57.75 -0.20
0.00 6106.72
441.80 -17.36 -20.53 -35.10 324.71 229.59 56.64 -0.30
0.00 6717.90
408.30 -22.06 -24.38 -37.09 325.83 232.04 57.17 -0.40
0.00 7303.03
377.90 -26.46 -28.06 -38.11 327.24 234.10 59.95 -0.50
0.00 7866.85
350.50 -30.26 -31.48 -40.80 328.94 233.79 67.40 -0.50
0.00 8406.29
325.80 -32.56 -33.94 -49.42 332.01 231.17 83.02 -0.50
0.00 8923.46
303.50 -34.26 -35.68 -58.00 336.08 229.61 97.42 -0.50
0.00 9421.04
283.50 -36.86 -38.02 -57.09 339.00 228.93 104.08 -0.50
0.00 9895.15
265.40 -40.26 -41.15 -59.07 340.44 229.25 105.63 -0.40
0.00 10348.19
248.70 -43.86 -44.49 -59.58 341.46 230.65 106.00 -0.40
0.00 10787.83
233.50 -46.96 -47.44 -61.80 342.92 232.59 107.11 -0.30
0.00 11208.25
219.50 -48.86 -49.31 -67.42 346.01 234.80 112.20 -0.30
0.00 11615.91
205.60 -50.96 -51.36 -72.72 349.19 235.97 118.36 -0.30
0.00 12043.40
191.70 -54.26 -54.55 -73.19 350.96 236.36 120.63 -0.20
0.00 12495.29
177.70 -58.26 -58.45 -73.70 352.09 237.31 117.25 -0.10
0.00 12976.75
163.80 -61.86 -61.98 -74.24 354.34 239.39 112.16 -0.10
0.00 13484.79
149.80 -64.26 -64.35 -74.84 359.38 241.34 102.06 0.00
0.00 14034.23
135.90 -66.16 -9999.00 -9999.00 -9999.00 241.29 88.15 0.00
0.00 14626.97
121.90 -68.26 -9999.00 -9999.00 -9999.00 237.12 75.85 0.00
0.00 15282.34
108.00 -70.46 -9999.00 -9999.00 -9999.00 230.39 65.81 0.00
0.00 16004.55
94.00 -70.96 -9999.00 -9999.00 -9999.00 228.74 56.86 0.10
0.00 16827.25
81.00 -67.86 -9999.00 -9999.00 -9999.00 229.64 45.88 0.10
0.00 17714.93
70.60 -63.76 -9999.00 -9999.00 -9999.00 227.24 35.20 0.00
0.00 18548.94
62.20 -62.16 -9999.00 -9999.00 -9999.00 226.11 28.30 0.00
0.00 19328.32
54.30 -60.76 -9999.00 -9999.00 -9999.00 227.16 14.57 0.00
0.00 20169.99
46.90 -59.76 -9999.00 -9999.00 -9999.00 216.38 13.75 0.00
0.00 21082.96
40.10 -56.86 -9999.00 -9999.00 -9999.00 172.75 10.76 0.00
0.00 22068.02
33.80 -55.06 -9999.00 -9999.00 -9999.00 149.83 9.65 0.00
0.00 23154.61
27.80 -52.16 -9999.00 -9999.00 -9999.00 124.08 7.96 0.00
0.00 24410.46
22.30 -50.36 -9999.00 -9999.00 -9999.00 104.80 10.64 0.00
0.00 25842.28
17.10 -47.06 -9999.00 -9999.00 -9999.00 119.05 12.00 0.00
0.00 27586.58
12.30 -45.96 -9999.00 -9999.00 -9999.00 201.25 3.75 0.00
0.00 29772.37

STID = KDAL STNM = 722583 TIME = 191020/2100 
SLAT = 32.84 SLON = -96.85 SELV = 138.0
STIM = 1

SHOW = -4.57 LIFT = -5.32 SWET = 480.41 KINX = 28.99
LCLP = 826.11 PWAT = 34.12 TOTL = 52.92 CAPE = 1560.70
LCLT = 288.90 CINS = -13.46 EQLV = 230.70 LFCT = 764.45
BRCH = 21.99

PRES TMPC TMWC DWPC THTE DRCT SKNT OMEG
CFRL HGHT
987.20 30.84 22.29 18.58 346.76 167.37 11.54 0.00
0.00 148.90
984.10 30.14 22.02 18.47 346.09 168.26 15.27 0.00
0.00 177.09
978.70 29.54 21.77 18.36 345.88 168.44 17.44 0.00
0.00 226.29
969.30 28.64 21.40 18.20 345.78 169.38 18.98 -0.10
0.00 312.38
955.50 27.24 20.83 17.97 345.57 169.99 20.12 -0.20
0.00 439.80
937.80 25.64 20.15 17.68 345.58 171.57 21.21 -0.40
0.00 605.12
916.60 23.64 19.29 17.30 345.45 172.87 21.93 -0.50
0.00 806.07
893.50 21.44 18.31 16.84 345.24 175.07 22.61 -0.60
0.00 1028.82
868.40 19.14 17.15 16.18 344.77 177.57 22.94 -0.60
0.00 1275.56
840.40 16.74 15.47 14.80 342.95 189.54 23.45 -0.70
36.00 1557.02
809.80 15.24 11.72 9.52 334.63 210.66 25.52 -0.50
9.00 1873.01
776.10 13.74 6.84 0.71 324.85 217.27 27.58 -0.20
0.00 2232.46
739.70 10.14 4.54 -0.80 324.26 215.09 28.73 -0.10
0.00 2634.56
700.50 7.54 1.23 -6.31 321.82 217.93 33.49 0.10
0.00 3085.14
658.40 4.84 -2.17 -13.12 320.38 226.64 38.48 0.10
0.00 3592.79
613.40 0.84 -5.39 -16.87 320.78 230.16 41.24 0.20
0.00 4165.38
566.00 -3.26 -8.69 -20.48 322.22 232.37 47.09 0.40
0.00 4806.14
520.10 -7.76 -12.64 -26.60 322.94 232.97 55.48 0.50
0.00 5469.14
478.60 -12.56 -16.58 -31.26 323.86 230.51 58.64 0.50
0.00 6109.56
441.50 -17.36 -20.50 -34.65 324.85 229.88 58.18 0.30
0.00 6719.55
408.00 -22.16 -24.46 -37.10 325.76 230.27 58.35 0.10
0.00 7304.99
377.70 -26.56 -28.12 -37.86 327.19 230.48 60.43 0.00
0.00 7867.09
350.40 -30.16 -31.46 -41.77 328.99 231.24 70.75 -0.10
0.00 8404.78
325.70 -32.66 -34.02 -49.42 331.90 231.46 86.67 -0.20
0.00 8922.09
303.50 -34.66 -36.01 -56.53 335.56 229.79 98.70 -0.30
0.00 9417.01
283.50 -37.26 -38.40 -58.55 338.39 228.85 104.22 -0.30
0.00 9890.32
265.40 -40.46 -41.33 -59.07 340.15 229.95 106.57 -0.30
0.00 10342.78
248.60 -43.66 -44.33 -61.32 341.75 232.04 108.64 -0.30
0.00 10785.13
233.50 -46.16 -46.72 -63.98 344.09 233.91 111.79 -0.40
0.00 11203.79
219.50 -48.16 -48.65 -67.42 347.09 235.26 117.25 -0.40
0.00 11612.80
205.60 -50.96 -51.36 -72.72 349.19 235.75 121.50 -0.30
0.00 12040.96
191.70 -54.46 -54.74 -73.19 350.64 236.67 120.90 -0.30
0.00 12492.65
177.70 -58.16 -58.35 -73.70 352.25 238.63 118.30 -0.30
0.00 12974.00
163.80 -61.26 -61.39 -74.24 355.35 240.69 110.72 -0.20
0.00 13482.87
149.80 -63.66 -63.76 -74.84 360.41 241.76 98.12 -0.20
0.00 14033.89
135.90 -65.86 -9999.00 -9999.00 -9999.00 241.11 85.64 -0.10
0.00 14627.91
121.90 -67.66 -9999.00 -9999.00 -9999.00 235.93 73.15 -0.10
0.00 15284.71
107.90 -69.76 -9999.00 -9999.00 -9999.00 230.54 65.40 -0.10
0.00 16014.76
94.00 -70.96 -9999.00 -9999.00 -9999.00 232.21 58.00 0.00
0.00 16833.39
81.00 -67.96 -9999.00 -9999.00 -9999.00 235.07 47.14 0.00
0.00 17720.85
70.60 -63.76 -9999.00 -9999.00 -9999.00 229.33 36.36 0.00
0.00 18554.66
62.20 -61.76 -9999.00 -9999.00 -9999.00 225.89 26.52 0.00
0.00 19334.78
54.30 -61.06 -9999.00 -9999.00 -9999.00 220.60 16.12 0.00
0.00 20176.65
46.90 -59.86 -9999.00 -9999.00 -9999.00 209.95 13.23 0.00
0.00 21088.76
40.10 -56.86 -9999.00 -9999.00 -9999.00 181.66 13.40 0.00
0.00 22073.60
33.80 -54.96 -9999.00 -9999.00 -9999.00 152.30 8.78 0.00
0.00 23160.44
27.80 -52.76 -9999.00 -9999.00 -9999.00 109.44 7.01 0.00
0.00 24414.85
22.30 -51.26 -9999.00 -9999.00 -9999.00 95.91 11.32 0.00
0.00 25841.84
17.10 -46.86 -9999.00 -9999.00 -9999.00 113.43 12.70 0.00
0.00 27583.42
12.30 -45.26 -9999.00 -9999.00 -9999.00 275.71 1.94 0.00
0.00 29773.55

STID = KDAL STNM = 722583 TIME = 191020/2200 
SLAT = 32.84 SLON = -96.85 SELV = 138.0
STIM = 2

SHOW = -4.44 LIFT = -6.51 SWET = 465.87 KINX = 29.62
LCLP = 847.83 PWAT = 35.00 TOTL = 52.93 CAPE = 2104.77
LCLT = 290.68 CINS = -4.42 EQLV = 214.14 LFCT = 827.06
BRCH = 38.03

PRES TMPC TMWC DWPC THTE DRCT SKNT OMEG
CFRL HGHT
986.00 30.34 22.98 19.95 350.10 173.19 13.11 0.00
0.00 149.81
983.00 29.84 22.77 19.84 349.64 174.47 18.14 0.00
0.00 177.10
977.60 29.14 22.49 19.72 349.28 174.71 21.08 0.00
0.00 226.34
968.20 28.24 22.11 19.54 349.13 175.16 23.00 -0.10
0.00 312.48
954.40 26.94 21.55 19.27 348.93 175.85 24.15 -0.20
0.00 439.99
936.70 25.34 20.85 18.92 348.77 176.42 24.90 -0.30
0.00 605.45
915.50 23.34 19.96 18.48 348.48 177.78 25.08 -0.40
0.00 806.57
892.40 21.24 18.94 17.89 348.02 179.11 25.06 -0.50
0.00 1029.54
867.40 19.24 17.14 16.11 344.88 186.60 23.66 -0.40
2.00 1275.61
839.50 16.94 15.22 14.31 342.14 195.95 22.63 -0.30
9.00 1556.49
808.70 15.54 11.17 8.33 333.00 207.59 24.32 -0.30
12.00 1875.11
775.30 13.84 6.80 0.51 324.85 211.33 26.15 -0.50
0.00 2231.95
739.00 10.24 4.21 -1.79 323.43 212.47 27.86 -0.50
0.00 2633.43
699.80 7.34 1.25 -5.91 322.02 215.50 32.44 -0.50
0.00 3084.33
657.80 4.74 -2.01 -12.18 320.89 224.58 37.92 -0.40
0.00 3591.04
612.90 0.64 -5.39 -16.32 320.88 229.31 40.23 -0.30
0.00 4162.58
565.60 -3.76 -8.95 -20.23 321.78 231.53 44.66 -0.10
0.00 4801.67
519.80 -7.86 -12.63 -25.97 323.04 232.96 53.54 0.10
0.00 5462.93
478.40 -12.56 -16.55 -30.92 323.97 232.02 58.41 0.20
0.00 6102.01
441.30 -17.46 -20.55 -34.44 324.80 231.04 58.70 0.10
0.00 6712.16
407.90 -22.26 -24.44 -35.90 325.84 229.06 60.18 0.00
0.00 7295.84
377.60 -26.76 -28.24 -37.37 327.02 227.74 63.25 0.00
0.00 7857.75
350.30 -30.26 -31.59 -42.47 328.81 230.80 73.45 -0.10
0.00 8395.26
325.70 -33.06 -34.35 -48.77 331.39 232.34 87.10 -0.10
0.00 8910.02
303.50 -35.06 -36.33 -55.27 335.04 230.27 98.76 -0.20
0.00 9404.11
283.40 -37.36 -38.48 -58.55 338.28 229.02 105.75 -0.20
0.00 9879.37
265.40 -40.26 -41.17 -60.82 340.40 230.40 109.40 -0.20
0.00 10329.51
248.60 -43.16 -43.90 -63.51 342.45 232.93 112.47 -0.20
0.00 10772.52
233.50 -45.76 -46.37 -66.97 344.65 234.45 114.61 -0.20
0.00 11192.00
219.50 -47.96 -48.49 -72.27 347.35 234.64 118.14 -0.20
0.00 11601.56
205.60 -50.86 -51.27 -72.72 349.35 234.76 121.54 -0.10
0.00 12030.00
191.60 -54.36 -54.65 -73.19 350.85 236.46 123.06 -0.10
0.00 12485.27
177.70 -57.66 -57.86 -73.70 353.07 239.38 121.66 -0.10
0.00 12963.96
163.70 -60.56 -60.71 -74.25 356.58 241.20 109.29 -0.10
0.00 13478.10
149.80 -63.06 -9999.00 -9999.00 -9999.00 242.56 96.52 -0.10
0.00 14027.03
135.80 -65.36 -9999.00 -9999.00 -9999.00 241.58 83.27 -0.10
0.00 14627.11
121.90 -67.56 -9999.00 -9999.00 -9999.00 237.95 71.74 -0.10
0.00 15280.42
107.90 -69.86 -9999.00 -9999.00 -9999.00 233.40 64.84 -0.10
0.00 16010.47
94.00 -71.36 -9999.00 -9999.00 -9999.00 234.82 57.98 0.00
0.00 16828.09
81.00 -68.36 -9999.00 -9999.00 -9999.00 237.31 46.39 0.00
0.00 17713.81
70.60 -63.46 -9999.00 -9999.00 -9999.00 231.00 35.49 0.00
0.00 18547.42
62.20 -62.06 -9999.00 -9999.00 -9999.00 228.52 24.63 0.00
0.00 19327.54
54.30 -62.06 -9999.00 -9999.00 -9999.00 219.97 17.23 0.00
0.00 20166.82
46.90 -59.76 -9999.00 -9999.00 -9999.00 210.26 13.50 0.00
0.00 21077.01
40.10 -56.66 -9999.00 -9999.00 -9999.00 191.93 14.10 0.00
0.00 22062.53
33.80 -54.86 -9999.00 -9999.00 -9999.00 150.26 6.25 0.00
0.00 23150.12
27.80 -53.86 -9999.00 -9999.00 -9999.00 97.50 7.44 0.00
0.00 24401.67
22.30 -52.66 -9999.00 -9999.00 -9999.00 104.25 12.63 0.00
0.00 25820.59
17.10 -46.56 -9999.00 -9999.00 -9999.00 125.13 12.82 0.00
0.00 27557.90
12.30 -44.66 -9999.00 -9999.00 -9999.00 285.95 2.84 0.00
0.00 29752.37

STID = KDAL STNM = 722583 TIME = 191020/2300 
SLAT = 32.84 SLON = -96.85 SELV = 138.0
STIM = 3

SHOW = -2.41 LIFT = -5.98 SWET = 391.48 KINX = 28.26
LCLP = 855.46 PWAT = 32.31 TOTL = 51.30 CAPE = 1901.25
LCLT = 290.54 CINS = -55.63 EQLV = 229.65 LFCT = 762.31
BRCH = 33.45

PRES TMPC TMWC DWPC THTE DRCT SKNT OMEG
CFRL HGHT
986.20 29.44 22.56 19.67 348.20 172.28 11.56 0.00
0.00 148.87
983.20 29.04 22.37 19.56 347.86 173.21 16.43 0.10
0.00 176.07
977.80 28.54 22.14 19.43 347.71 174.29 19.52 0.10
0.00 225.18
968.40 27.64 21.74 19.22 347.47 175.45 22.03 0.10
0.00 311.11
954.50 26.44 21.20 18.94 347.38 176.25 23.76 0.10
0.00 439.26
936.80 24.84 20.47 18.55 347.11 177.78 25.08 0.10
0.00 604.40
915.70 22.84 19.53 18.04 346.61 179.57 26.03 0.10
0.00 804.17
892.50 21.24 17.91 16.31 343.78 189.46 27.18 0.10
0.00 1027.74
867.60 19.24 16.37 14.92 341.87 191.95 27.19 0.00
2.00 1272.62
839.60 17.94 13.33 10.59 335.30 204.69 26.52 -0.10
15.00 1554.62
809.00 17.04 8.91 2.14 325.71 209.05 25.99 -0.40
0.00 1871.92
775.60 14.44 6.26 -1.69 323.18 211.69 26.26 -0.50
0.00 2229.52
739.30 10.34 4.24 -1.82 323.47 211.04 26.75 -0.50
0.00 2631.24
700.10 7.14 1.27 -5.57 322.03 218.72 31.37 -0.50
0.00 3081.89
658.00 4.24 -2.03 -11.18 320.88 229.07 36.77 -0.50
0.00 3589.02
613.10 0.14 -5.29 -14.58 321.13 230.31 38.62 -0.40
0.00 4159.43
565.80 -4.16 -8.92 -18.78 321.86 229.43 42.72 -0.30
0.00 4797.33
519.90 -8.26 -12.80 -25.36 322.71 231.47 52.39 -0.20
0.00 5458.90
478.50 -12.66 -16.65 -31.26 323.75 231.70 57.67 -0.10
0.00 6097.26
441.40 -17.56 -20.72 -35.57 324.47 230.36 58.78 -0.10
0.00 6707.02
408.00 -22.36 -24.54 -36.13 325.65 227.65 62.30 -0.20
0.00 7290.32
377.60 -26.76 -28.35 -38.64 326.84 227.39 65.99 -0.20
0.00 7853.90
350.30 -30.46 -31.84 -44.03 328.38 231.99 74.46 -0.20
0.00 8391.17
325.70 -33.46 -34.71 -49.42 330.79 234.36 85.33 -0.20
0.00 8905.28
303.50 -35.76 -36.92 -54.17 334.09 231.27 95.63 -0.20
0.00 9398.24
283.50 -37.76 -38.84 -58.55 337.67 229.03 103.69 -0.20
0.00 9869.95
265.40 -40.06 -40.99 -60.82 340.69 230.67 109.73 -0.20
0.00 10322.32
248.60 -42.46 -43.25 -63.51 343.50 233.13 115.58 -0.20
0.00 10766.20
233.50 -45.06 -45.72 -66.97 345.71 233.83 118.14 -0.20
0.00 11186.96
219.50 -47.76 -48.28 -67.42 347.71 233.50 119.85 -0.20
0.00 11597.33
205.60 -50.86 -51.27 -72.72 349.35 234.03 121.70 -0.10
0.00 12025.97
191.60 -54.16 -54.45 -73.19 351.17 236.03 123.43 -0.10
0.00 12481.44
177.70 -57.36 -57.57 -73.70 353.56 238.62 117.87 0.00
0.00 12960.68
163.80 -60.26 -60.41 -74.24 357.03 240.90 106.25 0.00
0.00 13471.71
149.80 -62.76 -9999.00 -9999.00 -9999.00 242.80 94.77 0.00
0.00 14025.20
135.90 -65.26 -9999.00 -9999.00 -9999.00 242.65 82.44 0.00
0.00 14621.36
121.90 -67.96 -9999.00 -9999.00 -9999.00 239.28 70.73 0.00
0.00 15278.64
107.90 -70.06 -9999.00 -9999.00 -9999.00 234.32 63.62 0.00
0.00 16007.62
94.00 -70.46 -9999.00 -9999.00 -9999.00 237.38 57.65 0.10
0.00 16826.65
81.00 -67.16 -9999.00 -9999.00 -9999.00 243.22 46.13 0.00
0.00 17716.94
70.60 -63.56 -9999.00 -9999.00 -9999.00 238.43 34.89 0.00
0.00 18552.77
62.20 -63.26 -9999.00 -9999.00 -9999.00 235.54 24.03 0.00
0.00 19330.48
54.30 -63.26 -9999.00 -9999.00 -9999.00 227.60 18.14 0.00
0.00 20164.99
46.90 -59.26 -9999.00 -9999.00 -9999.00 219.47 12.84 0.00
0.00 21073.67
40.10 -57.16 -9999.00 -9999.00 -9999.00 197.78 10.82 0.00
0.00 22059.19
33.80 -55.76 -9999.00 -9999.00 -9999.00 128.29 4.70 0.00
0.00 23143.28
27.80 -54.86 -9999.00 -9999.00 -9999.00 104.53 10.84 0.00
0.00 24389.40
22.30 -51.96 -9999.00 -9999.00 -9999.00 109.06 11.31 0.00
0.00 25807.35
17.10 -45.56 -9999.00 -9999.00 -9999.00 114.15 6.18 0.00
0.00 27551.27
12.30 -44.96 -9999.00 -9999.00 -9999.00 307.57 3.19 0.00
0.00 29749.11

STID = KDAL STNM = 722583 TIME = 191021/0000 
SLAT = 32.84 SLON = -96.85 SELV = 138.0
STIM = 4

SHOW = -0.89 LIFT = -6.22 SWET = 337.56 KINX = 29.36
LCLP = 869.25 PWAT = 31.90 TOTL = 50.18 CAPE = 1922.28
LCLT = 290.92 CINS = -95.55 EQLV = 241.31 LFCT = 758.88
BRCH = 30.65

PRES TMPC TMWC DWPC THTE DRCT SKNT OMEG
CFRL HGHT
986.10 28.44 22.35 19.79 347.35 169.99 10.06 0.00
0.00 149.73
983.10 28.34 22.28 19.73 347.52 170.91 14.76 0.00
0.00 176.87
977.70 27.94 22.09 19.62 347.54 171.87 17.85 0.10
0.00 225.88
968.30 27.34 21.79 19.43 347.71 173.88 21.87 0.10
0.00 311.70
954.50 26.24 21.25 19.10 347.58 176.48 25.29 0.10
0.00 438.85
936.80 24.84 20.49 18.58 347.20 179.60 27.97 0.10
0.00 603.94
915.60 23.24 19.39 17.64 346.03 185.00 31.20 0.10
0.00 804.77
892.50 21.54 17.91 16.17 343.79 189.29 32.48 0.10
0.00 1027.63
867.50 19.84 15.84 13.74 339.86 194.55 31.70 0.00
0.00 1273.81
839.70 19.34 11.92 6.82 330.43 205.29 27.29 -0.10
0.00 1554.50
809.10 17.74 8.35 -0.14 323.95 210.11 26.73 -0.20
0.00 1872.61
775.70 14.54 6.17 -2.09 322.89 213.81 26.18 -0.40
0.00 2230.56
739.30 10.74 4.11 -2.68 323.08 220.52 28.11 -0.50
0.00 2633.66
700.20 7.14 2.16 -3.06 324.32 232.13 31.00 -0.60
0.00 3083.51
658.10 3.54 -0.59 -5.37 324.47 237.65 34.50 -0.40
0.00 3590.26
613.10 -0.36 -4.76 -11.42 322.41 233.97 36.99 -0.30
0.00 4161.00
565.70 -4.36 -9.02 -18.71 321.67 230.73 42.66 -0.10
0.00 4799.60
519.80 -8.56 -13.01 -25.48 322.33 232.26 51.09 0.00
0.00 5460.67
478.40 -12.96 -16.97 -32.38 323.19 232.53 55.56 0.10
0.00 6098.42
441.40 -17.76 -21.09 -38.90 323.78 230.94 57.03 0.10
0.00 6705.98
407.90 -22.46 -24.93 -40.68 324.96 228.19 61.77 0.00
0.00 7290.70
377.60 -26.86 -28.78 -44.69 326.07 229.47 66.96 0.00
0.00 7852.20
350.30 -30.56 -32.21 -51.97 327.74 234.32 71.27 0.00
0.00 8389.21
325.70 -33.56 -35.00 -59.22 330.29 233.39 77.19 0.00
0.00 8903.08
303.50 -35.66 -36.93 -59.77 334.07 229.69 90.68 0.00
0.00 9396.01
283.40 -37.66 -38.77 -60.31 337.80 230.26 101.81 -0.10
0.00 9870.36
265.40 -39.56 -40.56 -63.02 341.38 232.41 110.80 -0.10
0.00 10320.88
248.60 -41.56 -42.46 -66.52 344.79 233.38 117.87 -0.20
0.00 10766.10
233.50 -44.06 -44.79 -66.97 347.23 233.22 121.02 -0.20
0.00 11188.60
219.50 -46.96 -47.55 -72.27 348.90 233.24 122.69 -0.20
0.00 11600.60
205.60 -50.36 -50.79 -72.72 350.14 234.37 124.03 -0.20
0.00 12030.48
191.70 -53.66 -53.97 -73.19 351.92 236.23 121.97 -0.10
0.00 12483.61
177.70 -56.96 -57.18 -73.70 354.22 238.39 112.67 -0.10
0.00 12967.17
163.80 -59.86 -9999.00 -9999.00 -9999.00 241.56 103.61 0.00
0.00 13479.15
149.80 -62.56 -9999.00 -9999.00 -9999.00 244.94 95.84 0.00
0.00 14033.42
135.90 -65.06 -9999.00 -9999.00 -9999.00 244.79 84.38 0.00
0.00 14630.15
121.90 -67.86 -9999.00 -9999.00 -9999.00 240.47 72.11 0.00
0.00 15287.91
107.90 -70.26 -9999.00 -9999.00 -9999.00 236.45 64.34 0.00
0.00 16016.71
94.00 -70.16 -9999.00 -9999.00 -9999.00 241.30 58.24 0.00
0.00 16835.94
81.00 -67.26 -9999.00 -9999.00 -9999.00 250.20 46.45 0.00
0.00 17726.67
70.60 -64.96 -9999.00 -9999.00 -9999.00 239.45 32.48 0.00
0.00 18559.48
62.20 -64.16 -9999.00 -9999.00 -9999.00 234.46 25.06 0.00
0.00 19332.92
54.30 -63.56 -9999.00 -9999.00 -9999.00 223.06 16.22 0.00
0.00 20165.05
46.90 -59.06 -9999.00 -9999.00 -9999.00 208.97 12.43 0.00
0.00 21073.51
40.10 -57.96 -9999.00 -9999.00 -9999.00 172.03 9.81 0.00
0.00 22057.66
33.80 -55.36 -9999.00 -9999.00 -9999.00 127.78 9.83 0.00
0.00 23140.75
27.80 -54.36 -9999.00 -9999.00 -9999.00 115.35 12.26 0.00
0.00 24389.45
22.30 -50.36 -9999.00 -9999.00 -9999.00 86.05 5.65 0.00
0.00 25814.17
17.10 -46.36 -9999.00 -9999.00 -9999.00 26.57 6.51 0.00
0.00 27561.19
12.30 -46.36 -9999.00 -9999.00 -9999.00 326.31 3.50 0.00
0.00 29748.43

STID = KDAL STNM = 722583 TIME = 191021/0100 
SLAT = 32.84 SLON = -96.85 SELV = 138.0
STIM = 5

SHOW = -0.75 LIFT = -6.95 SWET = 337.34 KINX = 34.31
LCLP = 893.28 PWAT = 35.07 TOTL = 50.50 CAPE = 2190.65
LCLT = 292.12 CINS = -112.82 EQLV = 235.28 LFCT = 768.20
BRCH = 26.12

PRES TMPC TMWC DWPC THTE DRCT SKNT OMEG
CFRL HGHT
986.10 27.34 22.55 20.57 348.27 155.77 8.53 0.00
0.00 148.80
983.10 27.34 22.51 20.51 348.55 157.91 14.47 0.00
0.00 175.85
977.70 27.14 22.38 20.42 348.88 159.74 17.39 0.00
0.00 224.74
968.30 26.84 22.17 20.24 349.44 164.38 23.80 0.00
0.00 310.41
954.50 26.24 21.74 19.86 349.76 169.16 27.89 -0.10
0.00 437.51
936.70 25.14 21.01 19.26 349.50 175.06 31.59 -0.10
0.00 603.69
915.50 23.84 19.78 17.97 347.67 181.57 35.37 -0.10
0.00 804.91
892.50 22.54 17.63 15.22 342.66 187.87 36.87 -0.10
0.00 1027.38
867.50 21.34 14.91 11.22 336.37 195.90 34.73 -0.10
0.00 1274.42
839.70 19.94 11.97 6.43 330.53 203.39 29.84 -0.20
0.00 1555.95
809.20 17.64 9.74 3.59 328.18 208.90 27.74 -0.20
0.00 1873.40
775.70 14.44 8.68 4.34 330.36 218.90 28.46 -0.20
0.00 2232.70
739.30 11.04 7.27 4.44 332.13 230.66 30.63 -0.40
0.00 2636.59
700.00 7.34 4.46 2.05 330.62 239.15 33.72 -0.70
0.00 3089.87
657.90 3.44 0.40 -2.75 327.00 237.55 34.75 -0.80
0.00 3597.30
612.90 -0.36 -4.53 -10.64 322.97 230.00 36.27 -0.70
0.00 4168.29
565.60 -4.46 -9.22 -19.41 321.27 228.76 41.84 -0.40
0.00 4805.60
519.70 -8.86 -13.58 -28.58 321.19 232.58 48.91 -0.20
0.00 5466.24
478.30 -13.26 -17.60 -38.45 321.97 235.96 52.74 0.00
0.00 6103.29
441.30 -17.96 -21.57 -47.44 322.87 236.71 54.14 0.10
0.00 6710.32
407.90 -22.76 -25.53 -50.66 323.88 234.85 57.01 0.20
0.00 7292.72
377.60 -27.06 -29.18 -52.33 325.38 238.28 62.80 0.30
0.00 7853.61
350.30 -30.76 -32.40 -52.97 327.43 240.00 69.54 0.40
0.00 8390.16
325.70 -33.66 -35.02 -54.69 330.28 236.23 75.49 0.30
0.00 8903.71
303.40 -35.76 -36.99 -58.01 334.00 233.05 85.31 0.30
0.00 9398.74
283.40 -37.36 -38.53 -62.52 338.19 233.79 97.98 0.20
0.00 9871.01
265.40 -38.86 -39.96 -66.04 342.35 235.11 110.35 0.20
0.00 10322.49
248.60 -40.96 -41.91 -66.52 345.68 235.66 118.10 0.20
0.00 10768.95
233.50 -43.46 -44.27 -71.85 348.09 235.20 122.53 0.10
0.00 11192.55
219.50 -46.46 -47.08 -72.27 349.67 234.43 124.90 0.10
0.00 11605.54
205.60 -49.96 -50.41 -72.72 350.77 234.88 125.62 0.00
0.00 12036.29
191.70 -53.46 -53.78 -73.19 352.24 236.39 121.76 -0.10
0.00 12490.03
177.70 -56.86 -57.08 -73.70 354.38 237.81 110.86 -0.10
0.00 12973.92
163.80 -60.16 -9999.00 -9999.00 -9999.00 241.20 102.41 -0.10
0.00 13485.66
149.80 -63.16 -9999.00 -9999.00 -9999.00 245.92 98.08 -0.10
0.00 14038.76
135.90 -65.46 -9999.00 -9999.00 -9999.00 247.66 88.42 -0.10
0.00 14634.06
121.90 -67.76 -9999.00 -9999.00 -9999.00 241.85 72.05 -0.10
0.00 15291.34
108.00 -70.26 -9999.00 -9999.00 -9999.00 236.51 62.67 -0.10
0.00 16014.79
94.00 -70.96 -9999.00 -9999.00 -9999.00 241.71 54.93 0.00
0.00 16837.90
81.00 -69.46 -9999.00 -9999.00 -9999.00 250.46 44.74 0.00
0.00 17722.09
70.60 -65.16 -9999.00 -9999.00 -9999.00 239.58 34.91 0.00
0.00 18550.07
62.20 -64.66 -9999.00 -9999.00 -9999.00 217.57 22.30 0.00
0.00 19322.22
54.30 -61.96 -9999.00 -9999.00 -9999.00 218.05 17.02 0.00
0.00 20156.53
46.90 -58.46 -9999.00 -9999.00 -9999.00 200.28 9.52 0.00
0.00 21069.71
40.10 -56.86 -9999.00 -9999.00 -9999.00 170.27 6.90 0.00
0.00 22057.76
33.80 -54.16 -9999.00 -9999.00 -9999.00 132.71 10.31 0.00
0.00 23146.60
27.80 -53.96 -9999.00 -9999.00 -9999.00 107.65 8.97 0.00
0.00 24399.87
22.30 -50.66 -9999.00 -9999.00 -9999.00 76.37 6.60 0.00
0.00 25824.92
17.10 -47.66 -9999.00 -9999.00 -9999.00 60.26 6.25 0.00
0.00 27565.73
12.30 -46.06 -9999.00 -9999.00 -9999.00 316.97 3.98 0.00
0.00 29748.14

STID = KDAL STNM = 722583 TIME = 191021/0200 
SLAT = 32.84 SLON = -96.85 SELV = 138.0
STIM = 6

SHOW = -2.46 LIFT = -7.20 SWET = 430.46 KINX = 36.64
LCLP = 902.91 PWAT = 36.89 TOTL = 52.84 CAPE = 2227.16
LCLT = 292.70 CINS = -119.97 EQLV = 236.85 LFCT = 768.85
BRCH = 25.54

PRES TMPC TMWC DWPC THTE DRCT SKNT OMEG
CFRL HGHT
985.20 26.94 22.70 20.97 349.11 157.80 10.28 0.00
0.00 149.69
982.30 27.04 22.68 20.90 349.47 158.32 17.35 0.00
0.00 175.84
976.80 26.84 22.54 20.78 349.72 160.02 20.45 0.00
0.00 225.64
967.50 26.84 22.31 20.45 350.19 164.71 27.99 -0.10
0.00 310.45
953.60 26.84 21.83 19.75 350.31 170.43 33.88 -0.10
0.00 438.71
935.90 26.24 20.92 18.64 349.20 178.87 39.43 -0.20
0.00 604.55
914.80 25.04 19.55 17.06 346.80 183.40 42.62 -0.20
0.00 805.67
891.80 23.34 17.89 15.23 343.75 186.20 43.18 -0.10
0.00 1029.02
866.80 21.54 15.65 12.44 339.17 190.40 40.89 0.00
0.00 1276.73
839.10 19.94 12.98 8.58 334.07 198.03 35.14 -0.10
0.00 1557.73
808.50 17.54 11.69 7.91 334.66 206.89 30.92 -0.10
0.00 1876.73
775.00 14.44 10.42 7.81 336.03 216.10 31.97 -0.20
0.00 2236.72
738.60 11.14 7.73 5.26 333.64 227.96 31.92 -0.40
0.00 2641.34
699.40 7.24 4.45 2.13 330.71 238.92 31.97 -0.50
0.00 3093.94
657.40 2.94 0.55 -1.86 327.47 240.57 34.79 -0.70
0.00 3600.09
612.50 -0.76 -4.58 -10.07 322.97 232.61 38.38 -1.00
0.00 4169.36
565.20 -4.76 -9.77 -21.49 320.19 230.46 43.32 -1.10
0.00 4806.25
519.40 -8.96 -14.28 -36.67 319.79 234.82 47.53 -1.00
0.00 5465.26
478.10 -13.56 -18.11 -46.73 321.01 239.26 50.17 -0.60
0.00 6100.49
441.10 -18.36 -21.86 -46.73 322.44 238.93 53.07 -0.40
0.00 6706.93
407.80 -22.76 -25.39 -45.56 324.18 236.90 57.96 -0.20
0.00 7287.35
377.50 -26.76 -28.74 -45.71 326.15 238.12 64.74 -0.10
0.00 7848.75
350.20 -30.96 -32.31 -44.91 327.66 240.48 68.98 0.10
0.00 8385.59
325.60 -33.96 -35.13 -48.77 330.17 238.83 74.69 0.20
0.00 8898.78
303.40 -35.16 -36.47 -58.01 334.84 236.93 85.08 0.30
0.00 9392.00
283.40 -36.26 -37.58 -65.56 339.72 237.43 96.35 0.30
0.00 9865.96
265.40 -37.96 -39.16 -66.04 343.67 237.41 106.74 0.30
0.00 10319.36
248.60 -40.26 -41.28 -66.52 346.73 236.39 116.16 0.30
0.00 10767.35
233.50 -43.16 -43.99 -71.85 348.55 235.68 121.60 0.30
0.00 11191.87
219.50 -46.46 -47.08 -72.27 349.67 235.36 123.02 0.20
0.00 11605.13
205.60 -49.96 -50.41 -72.72 350.77 236.72 121.76 0.20
0.00 12035.88
191.70 -53.36 -53.68 -73.19 352.40 238.42 115.37 0.20
0.00 12489.72
177.70 -56.56 -56.79 -73.70 354.88 239.35 104.78 0.10
0.00 12974.06
163.80 -60.06 -60.22 -74.24 357.36 242.51 97.22 0.10
0.00 13486.27
149.80 -64.06 -64.15 -74.84 359.72 248.00 95.96 0.00
0.00 14038.33
135.90 -66.86 -9999.00 -9999.00 -9999.00 251.22 90.48 0.00
0.00 14630.35
121.90 -67.76 -9999.00 -9999.00 -9999.00 243.09 71.23 0.00
0.00 15285.41
107.90 -70.36 -9999.00 -9999.00 -9999.00 236.36 63.46 0.00
0.00 16014.21
94.00 -70.56 -9999.00 -9999.00 -9999.00 241.50 56.59 0.00
0.00 16832.43
81.00 -68.66 -9999.00 -9999.00 -9999.00 255.45 41.74 0.00
0.00 17719.24
70.60 -67.26 -9999.00 -9999.00 -9999.00 243.90 32.23 0.00
0.00 18544.61
62.20 -63.86 -9999.00 -9999.00 -9999.00 226.75 26.94 0.00
0.00 19314.34
54.30 -61.46 -9999.00 -9999.00 -9999.00 211.65 16.67 0.00
0.00 20151.24
46.90 -57.26 -9999.00 -9999.00 -9999.00 184.24 10.51 0.00
0.00 21068.07
40.10 -56.76 -9999.00 -9999.00 -9999.00 167.20 4.39 0.00
0.00 22059.09
33.80 -55.06 -9999.00 -9999.00 -9999.00 107.93 6.93 0.00
0.00 23145.93
27.80 -54.26 -9999.00 -9999.00 -9999.00 92.86 7.77 0.00
0.00 24395.77
22.30 -51.46 -9999.00 -9999.00 -9999.00 94.57 9.75 0.00
0.00 25817.27
17.10 -47.46 -9999.00 -9999.00 -9999.00 88.85 9.71 0.00
0.00 27555.74
12.30 -44.86 -9999.00 -9999.00 -9999.00 10.01 6.70 0.00
0.00 29744.91

STID = KDAL STNM = 722583 TIME = 191021/0300 
SLAT = 32.84 SLON = -96.85 SELV = 138.0
STIM = 7

SHOW = -4.62 LIFT = -8.38 SWET = 515.84 KINX = 38.99
LCLP = 892.75 PWAT = 38.52 TOTL = 55.27 CAPE = 2266.38
LCLT = 292.33 CINS = -96.07 EQLV = 223.16 LFCT = 763.11
BRCH = 18.46

PRES TMPC TMWC DWPC THTE DRCT SKNT OMEG
CFRL HGHT
984.20 27.44 22.70 20.76 349.24 164.17 13.52 0.00
0.00 149.73
981.20 27.44 22.65 20.70 349.53 165.10 21.91 0.00
0.00 176.84
975.80 27.24 22.52 20.59 349.80 165.76 26.05 -0.10
0.00 225.85
966.50 26.84 22.27 20.39 350.17 167.68 34.60 -0.20
0.00 310.79
952.80 26.34 21.92 20.10 350.87 170.13 40.81 -0.40
0.00 437.24
935.10 25.14 21.40 19.85 351.50 172.05 43.55 -0.40
0.00 602.85
913.90 23.64 20.61 19.33 351.59 176.12 43.03 -0.30
0.00 804.46
890.80 22.34 19.29 17.94 349.78 184.99 40.17 -0.30
0.00 1028.41
865.90 20.74 17.28 15.62 345.70 192.44 40.58 -0.20
0.00 1275.00
838.10 19.44 13.88 10.65 337.42 200.24 40.99 -0.10
0.00 1557.01
807.60 17.84 11.60 7.52 334.49 213.69 35.72 0.20
0.00 1875.33
774.10 14.84 10.00 6.74 334.80 224.27 32.56 0.50
0.00 2236.08
737.90 11.44 7.32 4.21 332.48 238.07 31.59 0.80
0.00 2639.25
698.70 7.24 4.52 2.27 331.02 246.35 32.44 1.00
0.00 3092.47
656.80 2.74 0.47 -1.82 327.38 247.12 36.48 1.00
0.00 3597.73
612.00 -0.96 -5.03 -11.21 322.02 241.85 40.75 0.60
0.00 4165.77
564.80 -4.76 -10.23 -24.68 319.25 236.93 44.50 0.40
0.00 4801.46
519.10 -9.06 -14.64 -43.94 319.10 236.76 47.84 0.50
0.00 5459.23
477.90 -13.86 -18.26 -44.11 320.82 237.81 51.42 0.70
0.00 6092.74
440.90 -18.36 -21.71 -42.32 322.79 236.94 58.41 0.70
0.00 6699.11
407.60 -22.26 -24.92 -43.51 325.02 235.71 66.53 0.60
0.00 7280.40
377.40 -26.56 -28.43 -42.53 326.71 236.83 71.02 0.40
0.00 7840.96
350.10 -31.06 -32.29 -42.85 327.74 237.28 72.96 0.20
0.00 8378.08
325.60 -33.26 -34.56 -50.12 331.06 236.27 78.01 0.10
0.00 8889.91
303.40 -33.86 -35.38 -62.00 336.59 236.38 84.21 -0.10
0.00 9385.18
283.40 -35.66 -37.03 -62.52 340.63 236.87 93.47 -0.20
0.00 9861.04
265.40 -37.56 -38.80 -66.04 344.25 237.77 105.63 -0.40
0.00 10315.40
248.60 -39.86 -40.94 -71.42 347.27 236.42 113.79 -0.40
0.00 10764.15
233.50 -43.06 -43.90 -71.85 348.70 234.88 118.51 -0.50
0.00 11189.13
219.50 -46.56 -47.18 -72.27 349.51 235.27 118.65 -0.60
0.00 11602.39
205.60 -50.06 -50.51 -72.72 350.61 236.82 114.65 -0.60
0.00 12032.95
191.70 -53.36 -53.68 -73.19 352.40 237.81 107.19 -0.60
0.00 12486.68
177.70 -56.76 -56.99 -73.70 354.55 237.46 99.32 -0.50
0.00 12970.80
163.80 -60.36 -60.51 -74.24 356.86 238.64 92.58 -0.40
0.00 13482.42
149.80 -64.36 -64.45 -74.84 359.20 243.82 90.27 -0.40
0.00 14033.70
135.90 -67.56 -9999.00 -9999.00 -9999.00 249.83 85.06 -0.40
0.00 14624.30
121.90 -68.96 -9999.00 -9999.00 -9999.00 247.62 71.43 -0.20
0.00 15276.33
108.00 -71.26 -9999.00 -9999.00 -9999.00 239.36 64.80 0.00
0.00 15995.88
94.00 -70.36 -9999.00 -9999.00 -9999.00 246.70 57.94 0.10
0.00 16818.17
81.00 -68.06 -9999.00 -9999.00 -9999.00 257.44 43.78 0.10
0.00 17706.72
70.60 -64.36 -9999.00 -9999.00 -9999.00 233.20 29.84 0.10
0.00 18539.13
62.20 -62.96 -9999.00 -9999.00 -9999.00 222.19 28.05 0.00
0.00 19315.91
54.30 -61.46 -9999.00 -9999.00 -9999.00 196.50 16.41 0.00
0.00 20154.60
46.90 -57.06 -9999.00 -9999.00 -9999.00 223.21 8.80 0.00
0.00 21071.86
40.10 -56.26 -9999.00 -9999.00 -9999.00 198.43 1.85 0.00
0.00 22064.49
33.80 -55.36 -9999.00 -9999.00 -9999.00 127.48 7.34 0.00
0.00 23151.83
27.80 -53.56 -9999.00 -9999.00 -9999.00 114.10 8.08 0.00
0.00 24402.81
22.30 -51.66 -9999.00 -9999.00 -9999.00 106.48 14.37 0.00
0.00 25825.92
17.10 -48.16 -9999.00 -9999.00 -9999.00 106.16 13.95 0.00
0.00 27560.90
12.30 -44.86 -9999.00 -9999.00 -9999.00 7.67 10.20 0.00
0.00 29746.69

STID = KDAL STNM = 722583 TIME = 191021/0400 
SLAT = 32.84 SLON = -96.85 SELV = 138.0
STIM = 8

SHOW = -3.46 LIFT = -8.55 SWET = 461.26 KINX = 37.11
LCLP = 924.53 PWAT = 37.66 TOTL = 54.09 CAPE = 2617.64
LCLT = 294.28 CINS = -111.23 EQLV = 190.43 LFCT = 766.62
BRCH = 18.55

PRES TMPC TMWC DWPC THTE DRCT SKNT OMEG
CFRL HGHT
984.20 26.44 23.37 22.16 352.36 173.21 16.43 0.10
0.00 148.80
981.10 26.34 23.30 22.10 352.54 173.19 26.22 0.10
0.00 176.74
975.70 25.94 23.13 22.02 352.66 173.94 31.25 0.00
0.00 225.60
966.30 25.34 22.88 21.89 353.03 174.81 38.62 0.00
0.00 311.15
952.50 24.44 22.47 21.66 353.44 177.05 45.32 -0.10
0.00 437.95
934.80 24.04 21.90 21.02 353.83 180.22 49.73 -0.10
0.00 602.92
913.70 23.94 20.50 19.04 351.13 184.72 47.16 -0.10
0.00 803.42
890.60 22.64 18.76 16.99 347.56 190.37 44.23 0.00
0.00 1027.56
865.70 21.24 16.53 14.14 342.73 198.13 45.57 -0.10
0.00 1274.39
838.00 20.24 13.30 9.01 335.33 206.93 40.73 -0.10
0.00 1555.88
807.40 18.44 11.41 6.68 333.85 220.18 34.32 0.10
0.00 1875.93
774.00 15.44 9.52 5.31 333.23 232.58 32.28 0.40
0.00 2236.28
737.80 11.54 7.07 3.63 331.76 242.66 32.15 0.70
0.00 2639.88
698.70 7.14 4.01 1.31 329.59 250.59 36.25 0.80
0.00 3091.87
656.70 2.84 0.09 -2.78 326.44 255.13 45.42 0.60
0.00 3598.26
612.00 -0.76 -4.74 -10.61 322.67 252.12 50.62 0.20
0.00 4165.34
564.80 -4.26 -10.08 -25.96 319.51 242.11 49.01 -0.20
0.00 4801.87
519.10 -8.86 -14.49 -43.34 319.38 233.67 49.18 -0.40
0.00 5460.48
477.90 -13.76 -18.24 -46.01 320.83 231.82 54.37 -0.30
0.00 6094.35
440.90 -17.96 -21.41 -42.32 323.30 232.71 63.48 -0.10
0.00 6701.31
407.60 -22.06 -24.74 -43.06 325.32 233.82 70.75 0.00
0.00 7283.28
377.40 -26.66 -28.43 -41.07 326.72 232.85 72.38 0.10
0.00 7843.97
350.20 -29.76 -31.30 -44.91 329.28 233.10 76.03 0.20
0.00 8380.36
325.60 -30.76 -32.58 -57.44 334.22 237.51 79.91 0.10
0.00 8898.23
303.40 -33.16 -34.75 -59.77 337.62 238.54 80.38 0.10
0.00 9396.80
283.40 -36.26 -37.51 -58.55 339.85 235.66 85.39 0.10
0.00 9872.76
265.40 -38.46 -39.60 -66.04 342.94 236.62 98.15 0.10
0.00 10325.69
248.60 -40.36 -41.39 -71.42 346.53 236.05 108.88 0.20
0.00 10773.10
233.50 -43.26 -44.08 -71.85 348.40 234.09 115.60 0.10
0.00 11197.44
219.50 -46.76 -47.36 -72.27 349.21 234.45 116.28 0.10
0.00 11610.34
205.60 -50.16 -50.60 -72.72 350.45 236.14 112.28 0.00
0.00 12040.61
191.70 -53.36 -53.68 -73.19 352.40 237.37 104.49 0.00
0.00 12494.24
177.70 -56.76 -56.99 -73.70 354.55 237.39 97.32 0.00
0.00 12978.36
163.80 -60.46 -60.61 -74.24 356.69 238.74 91.36 0.10
0.00 13489.86
149.80 -64.36 -64.45 -74.84 359.20 243.61 86.09 0.10
0.00 14041.00
135.90 -67.56 -9999.00 -9999.00 -9999.00 249.48 79.23 0.10
0.00 14631.60
121.90 -69.26 -9999.00 -9999.00 -9999.00 248.53 68.47 0.10
0.00 15283.15
107.90 -71.26 -9999.00 -9999.00 -9999.00 242.12 64.39 0.10
0.00 16007.67
94.00 -71.36 -9999.00 -9999.00 -9999.00 247.81 59.15 0.00
0.00 16822.47
81.00 -68.56 -9999.00 -9999.00 -9999.00 256.14 47.03 0.00
0.00 17707.75
70.60 -65.56 -9999.00 -9999.00 -9999.00 220.26 24.94 0.00
0.00 18536.74
62.20 -65.36 -9999.00 -9999.00 -9999.00 219.11 26.79 0.00
0.00 19306.84
54.30 -59.86 -9999.00 -9999.00 -9999.00 234.39 17.68 0.00
0.00 20143.94
46.90 -57.56 -9999.00 -9999.00 -9999.00 254.98 8.24 0.00
0.00 21063.55
40.10 -58.26 -9999.00 -9999.00 -9999.00 117.22 7.65 0.00
0.00 22050.45
33.80 -55.26 -9999.00 -9999.00 -9999.00 156.50 9.75 0.00
0.00 23133.04
27.80 -52.26 -9999.00 -9999.00 -9999.00 122.86 11.09 0.00
0.00 24388.03
22.30 -51.36 -9999.00 -9999.00 -9999.00 81.87 12.35 0.00
0.00 25816.30
17.10 -48.76 -9999.00 -9999.00 -9999.00 85.49 7.40 0.00
0.00 27550.11
12.30 -46.26 -9999.00 -9999.00 -9999.00 357.14 11.67 0.00
0.00 29726.26

STID = KDAL STNM = 722583 TIME = 191021/0500 
SLAT = 32.84 SLON = -96.85 SELV = 138.0
STIM = 9

SHOW = -3.70 LIFT = -8.25 SWET = 471.23 KINX = 38.38
LCLP = 939.93 PWAT = 42.47 TOTL = 53.27 CAPE = 2768.11
LCLT = 295.13 CINS = -68.48 EQLV = 181.33 LFCT = 773.29
BRCH = 21.65

PRES TMPC TMWC DWPC THTE DRCT SKNT OMEG
CFRL HGHT
984.80 25.94 23.65 22.75 353.59 178.62 16.12 0.10
0.00 149.67
981.80 25.84 23.59 22.70 353.79 179.57 25.64 0.10
0.00 176.67
976.40 25.44 23.42 22.61 353.87 180.00 30.89 0.10
0.00 225.42
967.00 24.74 23.11 22.45 354.02 180.59 37.68 0.00
0.00 310.79
953.20 23.74 22.66 22.20 354.24 181.75 44.50 0.00
0.00 437.26
935.40 22.74 22.12 21.82 354.73 184.23 50.06 0.00
0.00 602.56
914.30 22.14 21.36 21.00 354.90 189.43 53.36 0.00
10.00 802.05
891.20 22.04 19.63 18.57 351.16 195.85 49.07 0.00
0.00 1025.37
866.20 20.64 17.64 16.23 347.11 203.71 48.80 0.10
0.00 1272.77
838.40 19.84 14.02 10.64 337.83 212.95 46.08 0.10
0.00 1554.87
807.90 18.24 11.34 6.67 333.52 221.26 40.05 0.10
0.00 1873.47
774.50 15.34 9.64 5.62 333.52 229.97 38.05 0.20
0.00 2233.42
738.20 11.74 7.47 4.28 332.90 236.73 36.48 0.30
0.00 2638.02
699.10 7.44 4.80 2.66 331.75 243.43 36.48 0.40
0.00 3090.29
657.00 2.44 1.71 1.04 330.60 250.78 40.11 0.60
0.00 3597.85
612.10 -1.66 -3.11 -4.79 326.51 252.36 48.72 0.60
4.00 4166.48
565.00 -4.36 -9.06 -18.87 321.72 246.75 55.59 0.40
0.00 4800.77
519.20 -7.86 -12.44 -24.58 323.56 236.14 55.44 0.10
0.00 5462.07
478.00 -12.66 -16.76 -32.39 323.64 230.60 63.34 -0.40
0.00 6098.59
441.00 -17.56 -21.00 -39.93 324.00 230.89 69.60 -0.70
0.00 6707.27
407.70 -22.06 -24.64 -41.04 325.48 229.70 72.09 -0.60
0.00 7289.59
377.40 -25.86 -27.79 -41.07 327.79 230.36 76.44 -0.40
0.00 7852.98
350.20 -28.36 -30.26 -48.13 330.94 236.58 79.35 -0.40
0.00 8391.76
325.60 -30.46 -32.40 -64.53 334.51 240.77 82.36 -0.30
0.00 8911.43
303.40 -33.26 -34.82 -58.01 337.52 237.42 80.46 -0.30
0.00 9410.21
283.40 -36.66 -37.87 -58.55 339.28 233.45 84.15 -0.30
0.00 9885.67
265.40 -39.16 -40.20 -63.02 341.96 235.11 95.44 -0.20
0.00 10337.54
248.60 -41.06 -42.03 -71.42 345.49 236.34 106.20 -0.10
0.00 10783.61
233.50 -43.56 -44.36 -71.85 347.94 234.87 113.77 0.00
0.00 11207.03
219.50 -46.96 -47.55 -72.27 348.90 234.71 115.66 0.00
0.00 11619.48
205.60 -50.46 -50.89 -72.72 349.98 235.98 112.49 0.10
0.00 12049.27
191.70 -53.66 -53.97 -73.19 351.92 237.48 105.52 0.10
0.00 12502.29
177.70 -56.86 -57.08 -73.70 354.38 238.59 97.65 0.10
0.00 12985.96
163.80 -60.26 -60.41 -74.24 357.03 241.39 90.05 0.20
0.00 13497.59
149.80 -63.66 -63.76 -74.84 360.41 247.70 82.93 0.20
0.00 14049.91
135.90 -66.76 -9999.00 -9999.00 -9999.00 254.01 76.18 0.10
0.00 14642.64
121.90 -69.26 -9999.00 -9999.00 -9999.00 252.84 66.47 0.10
0.00 15295.46
107.90 -71.26 -9999.00 -9999.00 -9999.00 245.30 61.36 0.00
0.00 16019.98
94.00 -72.46 -9999.00 -9999.00 -9999.00 245.78 57.30 0.10
0.00 16832.56
81.00 -68.96 -9999.00 -9999.00 -9999.00 250.59 46.76 0.10
0.00 17714.57
70.60 -64.56 -9999.00 -9999.00 -9999.00 213.26 29.04 0.10
0.00 18544.76
62.20 -64.96 -9999.00 -9999.00 -9999.00 213.69 26.61 0.00
0.00 19317.47
54.30 -57.56 -9999.00 -9999.00 -9999.00 261.25 15.33 0.00
0.00 20159.93
46.90 -58.86 -9999.00 -9999.00 -9999.00 298.81 4.43 0.00
0.00 21081.69
40.10 -58.56 -9999.00 -9999.00 -9999.00 164.93 5.23 0.00
0.00 22064.92
33.80 -54.56 -9999.00 -9999.00 -9999.00 170.22 11.44 0.00
0.00 23148.51
27.80 -53.06 -9999.00 -9999.00 -9999.00 111.57 8.97 0.00
0.00 24403.21
22.30 -50.86 -9999.00 -9999.00 -9999.00 77.12 13.95 0.00
0.00 25830.52
17.10 -49.16 -9999.00 -9999.00 -9999.00 27.18 8.08 0.00
0.00 27564.72
12.30 -47.76 -9999.00 -9999.00 -9999.00 0.90 12.43 0.00
0.00 29731.70

STID = KDAL STNM = 722583 TIME = 191021/0600 
SLAT = 32.84 SLON = -96.85 SELV = 138.0
STIM = 10

SHOW = -6.70 LIFT = -6.82 SWET = 561.04 KINX = 42.55
LCLP = 962.15 PWAT = 51.79 TOTL = 54.57 CAPE = 2397.39
LCLT = 295.76 CINS = -5.21 EQLV = 186.71 LFCT = 840.17
BRCH = 55.76

PRES TMPC TMWC DWPC THTE DRCT SKNT OMEG
CFRL HGHT
985.40 24.64 23.50 23.01 352.75 209.74 14.10 0.10
0.00 147.83
982.40 24.44 23.35 22.88 352.55 209.74 21.93 0.00
0.00 174.69
977.00 23.94 23.09 22.71 352.24 208.44 26.52 0.00
0.00 223.19
967.60 23.24 22.72 22.46 352.08 207.79 32.50 -0.20
0.00 308.07
953.80 22.14 22.03 21.92 351.21 207.90 37.37 -0.50
0.00 433.79
935.80 21.54 21.42 21.31 351.48 208.59 41.80 -1.00
58.00 600.03
914.60 20.84 20.72 20.61 351.94 209.10 45.12 -1.70
100.00 799.49
891.60 19.94 19.79 19.67 351.81 208.03 47.53 -2.30
100.00 1020.51
866.60 18.94 18.82 18.71 351.97 206.27 50.04 -2.60
100.00 1266.45
838.70 17.54 17.41 17.30 350.96 210.16 49.88 -2.60
10.00 1548.16
808.00 15.14 15.08 15.00 347.04 222.11 48.97 -2.00
6.00 1866.85
774.80 11.64 11.55 11.45 339.91 233.99 49.22 -1.20
5.00 2221.36
738.10 9.34 7.98 7.03 334.54 238.32 47.71 -1.00
7.00 2626.63
699.00 6.54 5.01 3.80 332.38 239.83 45.61 -1.70
11.00 3076.60
657.10 1.84 1.81 1.75 330.85 239.57 42.58 -2.30
46.00 3580.53
612.20 -2.26 -2.56 -2.92 327.79 239.08 42.35 -2.60
49.00 4147.99
565.00 -4.46 -7.58 -12.58 324.98 230.46 53.40 -2.60
24.00 4783.08
519.20 -7.56 -10.51 -15.95 327.65 227.18 61.44 -2.80
50.00 5445.06
478.00 -11.36 -14.71 -23.30 327.68 231.93 70.57 -3.00
13.00 6083.87
441.00 -15.66 -18.23 -25.96 329.19 236.58 69.81 -3.20
29.00 6696.60
407.70 -19.36 -20.86 -25.44 332.31 242.36 64.90 -3.30
45.00 7284.51
377.40 -22.56 -23.86 -28.51 334.67 244.72 61.87 -3.10
53.00 7854.97
350.20 -25.66 -26.99 -33.03 336.63 241.56 58.31 -2.50
44.00 8400.52
325.60 -29.96 -30.64 -34.23 337.63 235.97 54.84 -1.90
41.00 8923.79
303.40 -34.46 -35.03 -39.27 337.28 238.71 59.09 -1.50
64.00 9421.99
283.40 -37.86 -38.54 -45.97 338.25 238.01 68.94 -1.20
43.00 9895.14
265.40 -41.56 -41.91 -46.16 339.27 237.71 70.55 -1.00
0.00 10343.60
248.60 -43.66 -44.19 -53.97 342.01 235.87 83.78 -0.70
0.00 10784.93
233.50 -45.26 -45.90 -66.97 345.41 237.28 105.28 -0.40
0.00 11204.42
219.50 -47.66 -48.21 -72.27 347.82 236.23 114.98 -0.20
0.00 11614.70
205.60 -51.06 -51.46 -72.72 349.04 236.02 116.43 -0.10
0.00 12043.24
191.70 -54.66 -54.94 -73.19 350.32 237.05 112.51 0.10
0.00 12494.62
177.70 -57.66 -57.86 -73.70 353.07 238.82 103.54 0.20
0.00 12976.30
163.80 -60.56 -60.71 -74.24 356.52 241.50 92.40 0.30
0.00 13486.61
149.80 -63.66 -63.76 -74.84 360.41 247.52 81.78 0.40
0.00 14038.54
135.90 -66.96 -9999.00 -9999.00 -9999.00 252.53 73.12 0.40
0.00 14630.99
121.90 -69.06 -9999.00 -9999.00 -9999.00 247.82 64.82 0.40
0.00 15283.81
107.90 -70.06 -9999.00 -9999.00 -9999.00 239.65 61.91 0.20
0.00 16010.83
94.00 -70.46 -9999.00 -9999.00 -9999.00 240.28 55.24 0.00
0.00 16829.86
81.00 -69.56 -9999.00 -9999.00 -9999.00 246.55 40.02 -0.10
0.00 17714.92
70.60 -66.06 -9999.00 -9999.00 -9999.00 234.90 26.36 -0.10
0.00 18540.89
62.20 -66.36 -9999.00 -9999.00 -9999.00 224.27 21.43 0.00
0.00 19308.22
54.30 -58.36 -9999.00 -9999.00 -9999.00 247.89 13.42 0.10
0.00 20146.31
46.90 -58.16 -9999.00 -9999.00 -9999.00 160.56 10.51 0.10
0.00 21067.86
40.10 -56.76 -9999.00 -9999.00 -9999.00 178.24 12.63 0.00
0.00 22056.82
33.80 -53.36 -9999.00 -9999.00 -9999.00 145.95 8.68 0.00
0.00 23147.91
27.80 -52.66 -9999.00 -9999.00 -9999.00 70.11 9.71 0.00
0.00 24407.19
22.30 -52.16 -9999.00 -9999.00 -9999.00 90.00 16.12 0.00
0.00 25831.59
17.10 -49.86 -9999.00 -9999.00 -9999.00 66.54 11.23 0.00
0.00 27558.02
12.30 -47.66 -9999.00 -9999.00 -9999.00 35.54 11.69 0.00
0.00 29722.11

STID = KDAL STNM = 722583 TIME = 191021/0700 
SLAT = 32.84 SLON = -96.85 SELV = 138.0
STIM = 11

SHOW = -1.61 LIFT = -3.16 SWET = 340.48 KINX = 38.60
LCLP = 978.22 PWAT = 49.06 TOTL = 47.13 CAPE = 1439.24
LCLT = 295.26 CINS = 0.00 EQLV = 227.11 LFCT = 951.28
BRCH = 28.34

PRES TMPC TMWC DWPC THTE DRCT SKNT OMEG
CFRL HGHT
987.90 22.94 22.51 22.27 347.81 258.69 12.88 0.00
0.00 148.63
984.90 22.64 22.26 22.05 347.22 259.96 22.30 0.10
0.00 175.25
979.40 22.24 22.00 21.84 346.93 260.32 25.43 0.10
0.00 224.20
970.00 21.64 21.50 21.37 346.22 259.60 31.20 0.20
100.00 308.35
956.20 20.84 20.70 20.58 345.02 256.91 36.89 0.20
100.00 433.05
938.30 19.84 19.76 19.66 343.92 252.88 40.25 0.10
100.00 596.94
917.20 18.84 18.75 18.64 343.15 247.95 41.92 -0.20
100.00 793.45
893.90 17.64 17.55 17.44 342.13 244.13 42.74 -0.70
100.00 1014.84
868.90 16.34 16.25 16.15 341.19 241.35 42.95 -1.50
100.00 1257.75
840.90 14.74 14.66 14.56 339.83 240.19 42.99 -2.30
100.00 1536.70
810.20 12.84 12.74 12.63 338.06 238.59 43.24 -3.20
100.00 1851.33
776.60 10.64 10.55 10.45 336.25 235.27 44.68 -4.40
100.00 2206.86
740.00 8.44 8.37 8.27 335.41 229.27 46.13 -5.60
100.00 2608.69
700.60 6.04 5.98 5.90 334.95 222.94 45.90 -6.10
100.00 3060.14
658.50 2.94 2.90 2.82 333.55 229.57 41.34 -5.30
100.00 3566.15
613.40 -2.26 -2.27 -2.32 328.28 242.12 41.53 -3.60
99.00 4136.25
566.00 -4.46 -7.68 -12.95 324.56 233.73 59.75 -2.40
75.00 4772.86
520.10 -6.16 -10.79 -21.03 326.73 231.91 73.06 -2.30
63.00 5436.70
478.70 -10.86 -14.34 -23.10 328.24 236.10 74.18 -2.80
61.00 6079.76
441.60 -15.66 -17.88 -24.01 329.75 238.32 69.17 -3.20
82.00 6693.90
408.10 -18.86 -19.77 -22.11 334.28 235.99 57.65 -3.10
94.00 7285.34
377.80 -21.86 -22.29 -23.49 337.47 231.89 50.37 -2.70
95.00 7856.73
350.40 -26.16 -26.46 -27.57 337.54 229.89 51.55 -2.20
93.00 8406.24
325.80 -30.26 -30.68 -32.76 337.52 228.19 56.82 -1.80
93.00 8928.44
303.50 -34.16 -34.58 -37.37 338.01 226.51 57.30 -1.20
91.00 9428.68
283.50 -37.96 -38.24 -40.64 338.73 225.83 57.15 -0.50
84.00 9901.90
265.50 -41.56 -41.86 -45.40 339.31 226.51 62.67 -0.10
93.00 10350.13
248.70 -45.36 -45.60 -49.43 339.72 230.99 75.00 0.10
100.00 10789.67
233.50 -46.86 -47.30 -58.64 343.16 233.47 96.93 0.00
11.00 11208.82
219.50 -48.56 -49.03 -67.42 346.48 233.19 111.85 -0.10
0.00 11616.84
205.60 -51.66 -52.03 -72.72 348.09 233.13 118.49 0.00
0.00 12043.95
191.60 -55.16 -55.42 -73.19 349.57 234.17 118.12 0.10
0.00 12497.56
177.70 -58.46 -58.64 -73.70 351.76 236.48 111.85 0.20
0.00 12974.49
163.70 -60.96 -61.10 -74.25 355.91 239.62 100.64 0.20
0.00 13487.19
149.80 -63.46 -9999.00 -9999.00 -9999.00 245.97 88.27 0.30
0.00 14035.08
135.80 -66.46 -9999.00 -9999.00 -9999.00 251.28 74.46 0.30
0.00 14633.01
121.90 -68.76 -9999.00 -9999.00 -9999.00 247.94 64.14 0.20
0.00 15282.68
107.90 -70.46 -9999.00 -9999.00 -9999.00 240.98 58.86 0.20
0.00 16009.52
94.00 -71.86 -9999.00 -9999.00 -9999.00 241.13 53.90 0.10
0.00 16824.92
81.00 -70.66 -9999.00 -9999.00 -9999.00 244.31 45.26 0.10
0.00 17704.54
70.60 -64.96 -9999.00 -9999.00 -9999.00 232.25 30.46 0.00
0.00 18530.51
62.20 -63.26 -9999.00 -9999.00 -9999.00 220.75 24.11 0.00
0.00 19305.62
54.30 -56.76 -9999.00 -9999.00 -9999.00 226.74 9.07 0.00
0.00 20153.05
46.90 -58.96 -9999.00 -9999.00 -9999.00 123.69 4.90 0.00
0.00 21076.32
40.10 -57.26 -9999.00 -9999.00 -9999.00 234.87 6.41 0.00
0.00 22062.30
33.80 -54.46 -9999.00 -9999.00 -9999.00 136.74 9.07 0.00
0.00 23149.39
27.80 -52.76 -9999.00 -9999.00 -9999.00 109.65 11.56 0.00
0.00 24405.23
22.30 -51.76 -9999.00 -9999.00 -9999.00 107.39 16.90 0.00
0.00 25830.61
17.10 -50.06 -9999.00 -9999.00 -9999.00 56.31 15.40 0.00
0.00 27557.81
12.30 -48.36 -9999.00 -9999.00 -9999.00 44.09 8.66 0.00
0.00 29717.56

STID = KDAL STNM = 722583 TIME = 191021/0800 
SLAT = 32.84 SLON = -96.85 SELV = 138.0
STIM = 12

SHOW = 9.46 LIFT = 1.31 SWET = 118.35 KINX = 23.27
LCLP = 929.44 PWAT = 29.34 TOTL = 33.45 CAPE = 70.81
LCLT = 291.24 CINS = -121.66 EQLV = 478.03 LFCT = 742.97
BRCH = 2.92

PRES TMPC TMWC DWPC THTE DRCT SKNT OMEG
CFRL HGHT
988.30 23.24 20.39 19.07 338.87 229.09 11.56 0.00
0.00 149.50
985.30 23.34 20.18 18.69 338.43 228.99 17.75 0.00
0.00 176.10
979.80 23.04 19.80 18.26 337.76 230.67 20.84 -0.20
0.00 225.06
970.40 22.64 19.09 17.35 336.38 234.63 23.82 -0.40
0.00 309.25
956.70 22.34 17.58 15.05 332.70 242.84 25.12 -0.60
17.00 433.20
939.00 21.34 16.08 13.07 329.91 257.23 25.49 -0.70
34.00 595.49
917.90 19.64 14.58 11.49 327.83 270.00 25.25 -0.70
55.00 791.98
894.90 18.14 12.48 8.58 324.27 283.71 24.59 -0.70
62.00 1010.04
869.90 17.44 9.65 3.01 319.21 295.77 25.02 -0.50
65.00 1252.31
842.10 16.24 6.27 -5.49 313.58 301.47 26.42 -0.40
47.00 1528.72
811.40 13.94 3.61 -11.89 310.98 296.95 25.72 -0.20
51.00 1842.52
777.90 10.44 3.61 -4.25 316.06 282.78 23.70 -0.10
57.00 2195.27
741.50 7.84 6.37 5.24 329.20 255.74 36.29 0.20
67.00 2592.59
702.00 5.74 5.64 5.52 333.68 240.64 42.79 0.70
100.00 3043.28
659.60 2.94 2.82 2.69 333.15 227.01 43.03 1.00
100.00 3551.64
614.20 -1.96 -2.43 -2.96 327.75 231.08 46.70 0.70
100.00 4124.94
566.60 -4.26 -8.36 -15.96 322.94 239.55 59.03 -0.20
0.00 4763.92
520.60 -8.26 -13.43 -31.12 321.24 238.98 63.69 -0.70
0.00 5425.90
479.00 -11.76 -16.81 -45.31 323.14 233.19 69.39 -0.70
0.00 6067.51
441.80 -14.66 -18.81 -38.26 327.70 229.66 72.63 -0.50
0.00 6682.71
408.30 -17.86 -21.36 -39.03 331.02 231.66 75.78 -0.30
0.00 7275.78
377.90 -21.66 -24.53 -41.76 333.15 232.09 79.04 -0.20
0.00 7849.76
350.50 -26.06 -27.94 -39.37 334.82 229.89 75.68 0.00
0.00 8399.11
325.90 -30.26 -31.44 -39.30 336.16 227.61 72.32 0.10
0.00 8921.07
303.60 -34.16 -34.86 -40.23 337.49 222.64 69.97 0.10
1.00 9421.08
283.50 -38.06 -38.53 -43.11 338.24 219.77 72.28 0.10
2.00 9896.46
265.50 -41.86 -42.32 -48.86 338.56 222.50 81.93 -0.10
0.00 10344.28
248.70 -44.86 -45.42 -59.58 339.97 228.23 92.72 -0.30
0.00 10783.99
233.50 -47.16 -47.70 -71.85 342.48 231.66 98.33 -0.40
0.00 11203.30
219.50 -49.16 -49.60 -67.42 345.55 232.43 108.31 -0.40
0.00 11610.50
205.60 -51.96 -52.29 -67.89 347.67 232.63 116.82 -0.30
0.00 12036.75
191.70 -55.26 -55.51 -73.19 349.35 233.41 117.33 -0.20
0.00 12486.59
177.70 -58.36 -58.54 -73.70 351.93 235.37 111.42 -0.10
0.00 12966.83
163.80 -60.86 -61.00 -74.24 356.02 239.13 100.70 0.00
0.00 13475.94
149.80 -63.36 -9999.00 -9999.00 -9999.00 245.15 86.91 0.10
0.00 14027.87
135.90 -66.36 -9999.00 -9999.00 -9999.00 249.93 73.00 0.20
0.00 14621.60
121.90 -68.66 -9999.00 -9999.00 -9999.00 247.12 64.94 0.10
0.00 15276.02
107.90 -69.46 -9999.00 -9999.00 -9999.00 241.05 60.61 0.00
0.00 16004.82
94.00 -70.46 -9999.00 -9999.00 -9999.00 238.22 51.63 -0.10
0.00 16825.06
81.00 -70.96 -9999.00 -9999.00 -9999.00 239.13 41.65 -0.10
0.00 17707.08
70.60 -66.56 -9999.00 -9999.00 -9999.00 242.49 37.00 0.00
0.00 18529.23
62.20 -61.66 -9999.00 -9999.00 -9999.00 231.58 21.56 0.10
0.00 19304.34
54.30 -58.56 -9999.00 -9999.00 -9999.00 236.31 11.21 0.10
0.00 20151.38
46.90 -58.76 -9999.00 -9999.00 -9999.00 139.97 6.33 0.10
0.00 21071.21
40.10 -55.36 -9999.00 -9999.00 -9999.00 190.54 8.49 0.10
0.00 22062.00
33.80 -53.86 -9999.00 -9999.00 -9999.00 130.16 8.14 0.00
0.00 23155.35
27.80 -51.86 -9999.00 -9999.00 -9999.00 87.46 8.74 0.00
0.00 24415.48
22.30 -53.36 -9999.00 -9999.00 -9999.00 94.97 13.46 0.00
0.00 25838.60
17.10 -49.66 -9999.00 -9999.00 -9999.00 75.53 12.43 0.00
0.00 27561.14
12.30 -47.66 -9999.00 -9999.00 -9999.00 65.66 8.95 0.00
0.00 29726.19

STID = KDAL STNM = 722583 TIME = 191021/0900 
SLAT = 32.84 SLON = -96.85 SELV = 138.0
STIM = 13

SHOW = 11.60 LIFT = 4.59 SWET = 108.59 KINX = 10.55
LCLP = 915.48 PWAT = 20.08 TOTL = 28.53 CAPE = 0.00
LCLT = 287.69 CINS = 0.00 EQLV = -9999.00 LFCT = -9999.00
BRCH = 0.00

PRES TMPC TMWC DWPC THTE DRCT SKNT OMEG
CFRL HGHT
988.80 20.94 17.57 15.74 328.26 293.84 9.13 0.00
0.00 149.39
985.90 20.94 17.25 15.20 327.51 295.89 14.69 0.00
0.00 174.85
980.40 20.64 16.86 14.73 326.92 297.73 17.11 0.10
0.00 223.30
971.10 20.04 16.28 14.10 326.19 300.77 20.12 0.10
0.00 305.70
957.20 19.14 15.45 13.24 325.31 309.99 23.58 0.10
0.00 430.01
939.40 18.44 14.34 11.77 324.12 324.32 27.97 -0.10
0.00 591.35
918.20 17.94 13.21 10.07 323.40 331.16 30.59 -0.40
0.00 787.06
895.30 17.44 11.31 6.70 320.67 333.93 30.05 -0.60
12.00 1003.07
870.30 17.24 8.46 -0.05 315.75 318.49 22.57 -0.40
15.00 1244.71
842.50 16.04 5.11 -10.29 310.46 304.40 21.66 -0.20
0.00 1520.63
811.90 14.14 2.82 -17.87 308.83 298.77 27.04 0.10
0.00 1833.09
778.20 11.94 1.58 -17.02 310.65 277.43 22.53 0.20
0.00 2188.49
741.70 8.34 4.65 1.33 324.32 240.11 28.46 0.10
17.00 2587.68
702.30 5.74 1.76 -2.39 323.04 239.19 36.40 0.20
32.00 3036.75
659.90 2.54 -1.35 -6.09 322.36 246.04 47.82 0.10
45.00 3543.47
614.70 -0.76 -5.41 -13.02 320.68 245.82 58.33 -0.30
44.00 4113.66
567.00 -3.96 -10.08 -27.80 319.07 243.95 58.37 -0.70
0.00 4754.50
520.90 -7.96 -13.90 -44.55 320.07 239.35 60.96 -0.90
0.00 5417.90
479.30 -11.76 -16.77 -44.08 323.15 231.69 69.56 -0.90
0.00 6059.41
442.00 -14.86 -19.18 -43.24 326.92 227.31 75.06 -0.80
0.00 6675.68
408.50 -18.36 -22.14 -49.73 329.48 227.19 78.90 -0.80
0.00 7267.60
378.00 -21.76 -25.00 -54.74 332.21 228.39 81.31 -0.70
0.00 7842.49
350.60 -25.96 -28.47 -55.36 333.75 227.74 83.47 -0.60
0.00 8391.60
325.90 -30.26 -32.08 -52.58 334.99 226.04 83.12 -0.50
0.00 8915.63
303.60 -34.56 -35.50 -44.17 336.43 221.83 79.51 -0.30
0.00 9415.15
283.60 -38.66 -39.09 -43.43 337.30 218.30 81.18 -0.20
0.00 9887.07
265.50 -42.56 -43.01 -49.95 337.45 221.34 88.23 -0.30
0.00 10336.03
248.70 -45.66 -46.19 -61.32 338.73 228.87 91.55 -0.30
0.00 10774.30
233.50 -48.36 -48.81 -66.97 340.71 231.97 93.96 -0.30
0.00 11191.77
219.60 -50.16 -50.55 -67.41 343.96 231.52 103.96 -0.20
0.00 11593.99
205.60 -52.36 -52.68 -67.89 347.04 231.85 116.34 -0.10
0.00 12021.86
191.70 -55.46 -55.71 -73.19 349.03 232.42 119.11 0.00
0.00 12471.09
177.70 -58.46 -58.64 -73.70 351.76 233.60 113.91 0.10
0.00 12950.99
163.80 -60.76 -60.90 -74.24 356.19 236.37 103.83 0.10
0.00 13460.11
149.80 -63.06 -9999.00 -9999.00 -9999.00 241.57 90.56 0.00
0.00 14012.56
135.90 -66.16 -9999.00 -9999.00 -9999.00 244.43 75.16 0.00
0.00 14607.00
121.90 -69.16 -9999.00 -9999.00 -9999.00 239.87 64.24 0.10
0.00 15260.94
107.90 -71.06 -9999.00 -9999.00 -9999.00 235.47 62.72 0.10
0.00 15986.00
94.00 -71.26 -9999.00 -9999.00 -9999.00 236.26 59.11 0.10
0.00 16801.39
81.00 -68.86 -9999.00 -9999.00 -9999.00 239.28 46.78 0.10
0.00 17686.24
70.60 -63.66 -9999.00 -9999.00 -9999.00 244.43 35.10 0.00
0.00 18518.45
62.20 -57.56 -9999.00 -9999.00 -9999.00 244.23 18.76 0.00
0.00 19306.54
54.30 -59.26 -9999.00 -9999.00 -9999.00 202.62 2.53 -0.10
0.00 20160.33
46.90 -60.66 -9999.00 -9999.00 -9999.00 127.23 6.10 0.00
0.00 21074.59
40.10 -57.56 -9999.00 -9999.00 -9999.00 191.73 10.51 0.00
0.00 22055.99
33.80 -54.06 -9999.00 -9999.00 -9999.00 136.01 7.83 0.00
0.00 23143.32
27.80 -51.76 -9999.00 -9999.00 -9999.00 107.53 11.62 0.00
0.00 24403.18
22.30 -52.56 -9999.00 -9999.00 -9999.00 102.17 10.14 0.00
0.00 25829.19
17.10 -46.76 -9999.00 -9999.00 -9999.00 66.64 9.30 0.00
0.00 27566.11
12.30 -46.96 -9999.00 -9999.00 -9999.00 30.70 7.23 0.00
0.00 29748.52

STID = KDAL STNM = 722583 TIME = 191021/1000 
SLAT = 32.84 SLON = -96.85 SELV = 138.0
STIM = 14

SHOW = 11.18 LIFT = 11.64 SWET = 105.10 KINX = 10.55
LCLP = 921.93 PWAT = 13.90 TOTL = 30.57 CAPE = 0.00
LCLT = 286.29 CINS = 0.00 EQLV = -9999.00 LFCT = -9999.00
BRCH = 0.00

PRES TMPC TMWC DWPC THTE DRCT SKNT OMEG
CFRL HGHT
990.20 19.04 16.03 14.24 322.89 305.13 6.41 0.00
0.00 148.42
987.10 19.34 15.68 13.45 322.14 308.40 13.13 -0.10
0.00 175.42
981.70 19.24 15.22 12.71 321.36 311.58 16.10 -0.10
0.00 222.65
972.30 19.14 14.29 11.07 319.62 320.39 21.93 -0.30
0.00 305.43
958.50 19.34 12.60 7.50 316.22 334.29 29.10 -0.50
1.00 428.34
940.80 19.84 9.69 -0.72 310.01 341.97 35.14 -0.60
0.00 588.58
919.80 18.74 7.52 -6.86 306.80 345.09 40.00 -0.50
0.00 782.19
896.80 16.74 6.01 -9.02 305.92 346.22 41.61 -0.30
0.00 998.11
871.70 14.84 5.96 -4.78 309.14 345.31 32.93 -0.30
0.00 1238.59
843.90 14.24 5.55 -4.74 311.71 321.23 16.43 -0.30
0.00 1512.05
813.10 12.24 3.14 -10.08 309.84 305.68 18.65 -0.10
0.00 1824.24
779.40 11.64 1.44 -17.00 310.18 275.12 26.13 0.10
0.00 2177.85
742.80 8.14 1.29 -7.74 315.51 248.47 22.77 0.10
0.00 2576.85
703.30 4.64 0.26 -4.94 319.20 239.84 26.28 0.10
0.00 3024.87
660.80 1.14 -2.72 -7.97 319.04 253.02 41.24 0.20
0.00 3529.58
615.40 -1.46 -6.45 -15.73 318.29 252.17 58.35 0.20
0.00 4099.23
567.70 -4.16 -10.38 -29.83 318.31 249.16 60.06 -0.10
0.00 4738.13
521.40 -8.16 -14.10 -47.59 319.59 243.83 62.98 -0.50
0.00 5403.14
479.70 -12.76 -17.52 -45.97 321.73 235.23 68.80 -0.80
0.00 6044.14
442.30 -16.46 -20.29 -42.29 324.90 228.56 75.14 -0.70
0.00 6658.51
408.70 -19.46 -22.92 -48.13 328.09 227.18 79.45 -0.60
0.00 7248.73
378.20 -22.06 -25.22 -54.73 331.76 227.37 82.91 -0.40
0.00 7821.75
350.70 -25.66 -28.19 -52.96 334.22 226.28 86.01 -0.30
0.00 8372.64
326.00 -30.06 -31.82 -49.41 335.40 222.63 86.32 -0.40
0.00 8897.05
303.70 -34.66 -35.78 -48.21 335.90 219.69 86.07 -0.40
0.00 9396.52
283.60 -38.76 -39.59 -52.06 336.45 219.21 88.50 -0.40
0.00 9870.47
265.50 -42.66 -43.31 -57.61 336.94 223.34 90.00 -0.30
0.00 10319.20
248.70 -45.96 -46.47 -61.32 338.29 228.57 92.75 -0.20
0.00 10757.08
233.50 -48.16 -48.62 -66.97 341.02 229.29 97.38 0.00
0.00 11174.45
219.50 -49.36 -49.79 -67.42 345.24 229.20 110.59 0.00
0.00 11580.57
205.60 -51.86 -52.20 -67.89 347.83 230.37 120.30 0.10
0.00 12006.72
191.70 -54.76 -55.03 -73.19 350.16 231.16 118.96 0.10
0.00 12457.18
177.70 -57.26 -57.47 -73.70 353.73 233.69 111.85 0.00
0.00 12939.19
163.80 -59.36 -9999.00 -9999.00 -9999.00 239.30 100.08 0.00
0.00 13451.41
149.80 -62.46 -9999.00 -9999.00 -9999.00 244.92 87.08 0.00
0.00 14006.47
135.90 -65.56 -9999.00 -9999.00 -9999.00 244.70 74.55 0.00
0.00 14602.62
121.90 -68.06 -9999.00 -9999.00 -9999.00 241.83 65.00 0.00
0.00 15259.27
107.90 -70.06 -9999.00 -9999.00 -9999.00 241.40 61.29 0.10
0.00 15988.07
94.00 -71.46 -9999.00 -9999.00 -9999.00 240.98 56.86 0.10
0.00 16805.08
81.00 -69.36 -9999.00 -9999.00 -9999.00 239.45 46.23 0.10
0.00 17688.41
70.60 -63.26 -9999.00 -9999.00 -9999.00 236.60 32.11 0.00
0.00 18520.41
62.20 -59.26 -9999.00 -9999.00 -9999.00 216.63 18.88 0.00
0.00 19306.09
54.30 -60.66 -9999.00 -9999.00 -9999.00 162.53 10.99 0.00
0.00 20153.73
46.90 -60.66 -9999.00 -9999.00 -9999.00 165.07 12.06 0.00
0.00 21064.98
40.10 -57.36 -9999.00 -9999.00 -9999.00 185.10 10.92 0.00
0.00 22046.84
33.80 -53.46 -9999.00 -9999.00 -9999.00 106.70 10.14 0.00
0.00 23136.18
27.80 -53.16 -9999.00 -9999.00 -9999.00 81.57 10.61 0.00
0.00 24393.74
22.30 -53.46 -9999.00 -9999.00 -9999.00 71.92 10.00 0.00
0.00 25812.33
17.10 -47.66 -9999.00 -9999.00 -9999.00 72.90 7.93 0.00
0.00 27542.26
12.30 -47.06 -9999.00 -9999.00 -9999.00 349.38 3.17 0.00
0.00 29719.85

STID = KDAL STNM = 722583 TIME = 191021/1100 
SLAT = 32.84 SLON = -96.85 SELV = 138.0
STIM = 15

SHOW = 12.78 LIFT = 10.62 SWET = 96.66 KINX = 0.51
LCLP = 913.33 PWAT = 13.49 TOTL = 26.76 CAPE = 0.00
LCLT = 284.01 CINS = 0.00 EQLV = -9999.00 LFCT = -9999.00
BRCH = 0.00

PRES TMPC TMWC DWPC THTE DRCT SKNT OMEG
CFRL HGHT
992.00 17.64 14.31 12.11 317.29 319.29 11.01 0.00
0.00 149.21
989.10 17.74 14.01 11.50 316.74 321.61 19.08 -0.10
0.00 174.26
983.60 17.54 13.69 11.05 316.45 323.13 22.34 -0.10
0.00 221.97
974.20 17.04 13.03 10.19 315.67 326.98 27.80 -0.10
0.00 304.02
960.40 16.44 12.07 8.81 314.59 334.33 33.20 -0.20
0.00 425.65
942.60 15.54 10.67 6.73 312.87 342.79 37.41 -0.10
0.00 584.65
921.40 14.64 8.74 3.29 310.29 348.28 37.30 -0.10
0.00 777.27
898.30 13.84 7.09 0.06 308.88 353.13 32.48 0.00
0.00 991.48
873.30 13.54 5.78 -3.28 308.63 353.87 23.64 0.30
0.00 1229.01
845.30 14.34 4.53 -9.19 308.88 315.60 13.05 0.60
0.00 1503.34
814.40 13.24 2.46 -17.24 307.77 283.03 24.13 0.90
0.00 1816.45
780.70 11.34 0.68 -22.35 308.17 275.35 33.35 0.80
0.00 2169.77
744.00 8.54 -0.23 -15.85 311.54 258.83 31.08 0.10
0.00 2569.04
704.40 4.74 -1.65 -11.66 314.46 251.45 29.91 -0.40
0.00 3017.49
661.80 0.94 -3.53 -10.27 317.04 256.04 37.02 -0.40
0.00 3522.21
616.30 -1.96 -6.74 -15.72 317.57 254.44 51.42 0.00
0.00 4091.43
568.40 -5.16 -10.78 -27.46 317.49 253.26 55.98 0.20
0.00 4730.40
521.90 -8.06 -13.88 -41.68 319.96 246.67 64.74 0.00
0.00 5396.48
480.10 -12.56 -17.25 -41.98 322.16 235.75 72.14 -0.20
0.00 6038.83
442.60 -16.76 -20.51 -42.29 324.46 230.29 77.53 -0.30
0.00 6654.27
408.90 -20.36 -23.62 -48.89 326.84 230.37 79.20 -0.40
0.00 7244.51
378.40 -23.16 -26.10 -56.22 330.21 230.25 81.10 -0.30
0.00 7814.96
350.80 -26.46 -28.89 -56.84 332.98 228.73 82.46 -0.20
0.00 8365.52
326.10 -30.26 -32.12 -54.68 334.85 226.57 85.06 -0.10
0.00 8888.69
303.70 -34.46 -35.76 -53.18 335.90 222.56 87.02 -0.10
0.00 9390.30
283.60 -38.76 -39.64 -53.75 336.37 220.00 86.73 -0.10
0.00 9864.44
265.50 -42.86 -43.45 -55.27 336.73 221.32 87.68 0.00
0.00 10312.98
248.70 -46.16 -46.63 -59.58 338.03 225.34 91.47 0.20
0.00 10750.48
233.50 -47.96 -48.43 -66.97 341.32 226.95 97.03 0.40
0.00 11167.85
219.50 -49.26 -49.69 -67.42 345.40 228.28 110.33 0.50
0.00 11574.24
205.60 -51.66 -52.03 -72.72 348.09 230.31 120.14 0.50
0.00 12000.68
191.70 -54.36 -54.65 -73.19 350.80 232.32 118.55 0.40
0.00 12451.75
177.70 -56.96 -57.18 -73.70 354.22 236.01 111.52 0.20
0.00 12934.54
163.80 -59.76 -9999.00 -9999.00 -9999.00 240.72 100.89 0.10
0.00 13446.64
149.80 -62.86 -9999.00 -9999.00 -9999.00 242.19 87.84 0.10
0.00 14000.65
135.90 -65.26 -9999.00 -9999.00 -9999.00 239.98 74.94 0.10
0.00 14596.67
121.90 -68.16 -9999.00 -9999.00 -9999.00 239.32 66.63 0.10
0.00 15253.63
107.90 -70.96 -9999.00 -9999.00 -9999.00 239.16 61.77 0.10
0.00 15980.65
94.00 -70.86 -9999.00 -9999.00 -9999.00 235.55 57.01 0.10
0.00 16797.05
81.00 -66.16 -9999.00 -9999.00 -9999.00 232.17 44.02 0.00
0.00 17688.65
70.60 -60.76 -9999.00 -9999.00 -9999.00 233.65 25.56 -0.10
0.00 18532.12
62.20 -60.86 -9999.00 -9999.00 -9999.00 204.09 18.08 -0.10
0.00 19319.47
54.30 -62.86 -9999.00 -9999.00 -9999.00 190.01 10.06 -0.10
0.00 20159.55
46.90 -60.46 -9999.00 -9999.00 -9999.00 166.68 15.17 0.00
0.00 21066.51
40.10 -57.06 -9999.00 -9999.00 -9999.00 180.00 10.49 0.00
0.00 22049.52
33.80 -54.36 -9999.00 -9999.00 -9999.00 93.58 6.24 0.00
0.00 23137.35
27.80 -54.46 -9999.00 -9999.00 -9999.00 72.41 8.35 0.00
0.00 24388.62
22.30 -52.56 -9999.00 -9999.00 -9999.00 84.51 10.14 0.00
0.00 25805.93
17.10 -47.76 -9999.00 -9999.00 -9999.00 28.14 9.48 0.00
0.00 27538.96
12.30 -48.16 -9999.00 -9999.00 -9999.00 257.47 1.79 0.00
0.00 29710.77

STID = KDAL STNM = 722583 TIME = 191021/1200 
SLAT = 32.84 SLON = -96.85 SELV = 138.0
STIM = 16

SHOW = 13.87 LIFT = 14.91 SWET = 101.36 KINX = -3.05
LCLP = 906.38 PWAT = 11.29 TOTL = 24.05 CAPE = 0.00
LCLT = 281.84 CINS = 0.00 EQLV = -9999.00 LFCT = -9999.00
BRCH = 0.00

PRES TMPC TMWC DWPC THTE DRCT SKNT OMEG
CFRL HGHT
993.10 16.14 12.63 10.05 312.28 333.43 10.43 0.00
0.00 149.13
990.10 16.24 12.32 9.38 311.77 335.10 17.99 -0.10
0.00 174.87
984.60 16.04 11.96 8.83 311.40 335.98 21.48 -0.10
0.00 222.25
975.30 15.64 11.23 7.69 310.49 338.65 27.74 -0.10
0.00 302.87
961.40 14.84 10.05 5.94 309.00 341.67 32.13 -0.10
0.00 424.52
943.70 13.94 7.86 1.65 305.44 346.34 36.19 0.00
0.00 581.43
922.50 14.44 5.09 -8.72 301.00 350.44 37.43 0.10
0.00 772.92
899.30 13.24 5.53 -4.02 304.90 349.10 31.86 0.20
0.00 987.23
874.30 12.94 5.49 -3.31 307.84 340.22 18.38 0.30
0.00 1223.93
846.30 13.74 3.77 -11.63 306.91 302.83 14.34 0.60
0.00 1497.33
815.40 11.04 1.22 -18.03 305.05 295.95 24.42 1.00
0.00 1808.49
781.50 9.44 -0.70 -26.98 305.10 283.02 31.90 1.10
0.00 2160.92
744.80 8.94 -0.17 -16.83 311.51 261.25 40.87 0.70
0.00 2558.67
705.10 5.54 -1.23 -11.70 315.25 245.41 37.82 0.20
0.00 3008.73
662.40 1.24 -3.51 -10.80 316.97 251.21 39.80 -0.10
0.00 3515.14
616.80 -2.66 -7.04 -15.25 316.90 250.35 49.09 0.00
0.00 4084.70
568.80 -5.66 -10.96 -26.15 317.14 250.64 56.82 0.10
0.00 4723.12
522.30 -7.96 -13.73 -39.44 320.20 240.44 68.10 0.10
0.00 5388.24
480.40 -12.76 -17.35 -41.07 321.93 234.70 76.63 -0.20
0.00 6031.58
442.80 -16.66 -20.68 -50.97 324.04 233.36 76.50 -0.50
0.00 6648.18
409.10 -19.56 -23.09 -52.79 327.67 234.18 78.34 -0.70
0.00 7239.15
378.50 -23.76 -26.55 -54.72 329.44 233.71 73.50 -0.70
0.00 7811.48
350.90 -27.76 -29.97 -58.63 331.16 228.48 74.73 -0.40
0.00 8359.78
326.10 -30.56 -32.41 -57.43 334.35 224.36 85.59 -0.10
0.00 8883.28
303.80 -34.06 -35.46 -55.27 336.35 222.78 92.09 0.00
0.00 9382.66
283.60 -38.36 -39.33 -55.83 336.86 221.44 93.03 0.10
0.00 9859.89
265.50 -42.36 -43.04 -57.61 337.38 224.26 95.47 0.00
0.00 10309.29
248.70 -45.46 -46.00 -61.32 339.03 227.35 97.18 0.00
0.00 10747.93
233.50 -47.66 -48.13 -63.98 341.82 227.13 99.65 0.10
0.00 11166.23
219.60 -49.06 -49.50 -67.41 345.66 229.02 113.73 0.20
0.00 11570.07
205.60 -51.16 -51.55 -72.72 348.88 231.94 121.62 0.20
0.00 12000.16
191.70 -53.96 -54.26 -73.19 351.44 234.81 117.66 0.20
0.00 12452.15
177.70 -56.76 -56.99 -73.70 354.55 238.06 109.42 0.20
0.00 12935.61
163.80 -59.46 -59.63 -74.24 358.37 241.12 98.93 0.10
0.00 13448.30
149.80 -61.96 -62.09 -74.84 363.33 242.34 86.19 0.10
0.00 14003.89
135.90 -64.46 -9999.00 -9999.00 -9999.00 242.01 73.25 0.00
0.00 14602.32
121.90 -67.76 -9999.00 -9999.00 -9999.00 239.58 63.31 0.00
0.00 15261.20
107.90 -71.16 -9999.00 -9999.00 -9999.00 234.53 58.92 0.10
0.00 15988.57
94.00 -70.76 -9999.00 -9999.00 -9999.00 234.23 56.51 0.10
0.00 16804.78
81.00 -65.06 -9999.00 -9999.00 -9999.00 235.66 43.05 0.00
0.00 17698.99
70.60 -62.16 -9999.00 -9999.00 -9999.00 232.05 24.63 0.00
0.00 18541.85
62.20 -62.26 -9999.00 -9999.00 -9999.00 218.39 19.08 0.00
0.00 19324.01
54.30 -63.26 -9999.00 -9999.00 -9999.00 221.86 12.51 0.00
0.00 20160.51
46.90 -60.06 -9999.00 -9999.00 -9999.00 175.76 15.77 0.00
0.00 21067.48
40.10 -56.46 -9999.00 -9999.00 -9999.00 181.51 7.38 0.00
0.00 22052.77
33.80 -55.26 -9999.00 -9999.00 -9999.00 79.51 10.66 0.00
0.00 23139.86
27.80 -55.96 -9999.00 -9999.00 -9999.00 83.88 10.94 0.00
0.00 24384.27
22.30 -52.36 -9999.00 -9999.00 -9999.00 90.00 10.68 0.00
0.00 25797.38
17.10 -48.26 -9999.00 -9999.00 -9999.00 45.73 10.86 0.00
0.00 27529.25
12.30 -48.26 -9999.00 -9999.00 -9999.00 299.74 1.57 0.00
0.00 29698.16

STID = KDAL STNM = 722583 TIME = 191021/1300 
SLAT = 32.84 SLON = -96.85 SELV = 138.0
STIM = 17

SHOW = 14.07 LIFT = 16.61 SWET = 104.19 KINX = -6.82
LCLP = 900.78 PWAT = 9.59 TOTL = 24.33 CAPE = 0.00
LCLT = 279.84 CINS = 0.00 EQLV = -9999.00 LFCT = -9999.00
BRCH = 0.00

PRES TMPC TMWC DWPC THTE DRCT SKNT OMEG
CFRL HGHT
993.60 14.64 11.05 8.13 307.94 330.26 9.40 0.00
0.00 149.91
990.70 14.84 10.74 7.32 307.45 331.65 16.78 -0.10
0.00 174.64
985.20 14.64 10.35 6.67 307.04 333.43 19.99 -0.10
0.00 221.74
975.80 14.24 9.54 5.30 306.04 336.86 26.20 -0.20
0.00 302.73
962.00 13.44 8.34 3.35 304.59 339.95 30.59 -0.30
0.00 422.78
944.20 12.64 6.30 -1.06 301.69 345.66 36.09 -0.30
0.00 579.65
923.10 13.34 4.45 -9.19 299.55 349.56 37.53 -0.30
0.00 769.28
899.90 13.54 4.33 -9.70 301.87 347.93 28.81 -0.20
0.00 983.08
874.80 13.04 4.89 -5.61 306.29 337.87 19.08 0.00
0.00 1220.62
846.80 12.34 3.28 -10.53 305.87 308.66 16.16 0.40
0.00 1493.21
815.80 10.04 0.30 -21.57 302.98 303.43 23.97 0.80
0.00 1803.89
782.00 8.84 -1.37 -33.54 303.56 288.92 28.75 0.90
0.00 2154.03
745.20 8.44 -1.44 -25.99 308.45 263.96 40.64 0.70
0.00 2551.73
705.50 5.84 -1.83 -15.41 313.72 250.96 46.45 0.00
0.00 3001.19
662.80 1.24 -3.77 -11.76 316.32 245.14 43.88 -0.60
0.00 3507.46
617.20 -3.46 -7.38 -14.68 316.18 249.03 49.92 -0.80
0.00 4075.81
569.10 -6.06 -11.19 -26.01 316.65 251.39 60.26 -0.70
0.00 4713.78
522.50 -8.36 -13.97 -39.04 319.72 239.25 70.30 -0.50
0.00 5379.03
480.50 -13.26 -17.72 -41.51 321.26 235.84 73.00 -0.40
0.00 6022.61
443.00 -16.66 -20.55 -45.40 324.27 233.74 76.85 -0.20
0.00 6636.79
409.20 -19.86 -23.26 -49.72 327.38 234.78 76.81 -0.20
0.00 7228.98
378.50 -24.56 -27.10 -50.40 328.54 237.20 76.73 -0.20
0.00 7801.86
351.00 -28.16 -30.24 -54.07 330.72 228.63 78.17 -0.10
0.00 8346.79
326.10 -31.46 -33.19 -59.21 333.07 224.91 87.49 0.00
0.00 8870.92
303.80 -34.46 -35.83 -56.53 335.74 223.21 96.46 0.10
0.00 9368.95
283.70 -38.36 -39.33 -55.83 336.82 222.57 100.50 0.20
0.00 9843.33
265.50 -42.26 -42.95 -57.61 337.52 226.07 102.76 0.20
0.00 10295.23
248.70 -45.36 -45.91 -61.32 339.18 228.73 103.38 0.20
0.00 10734.07
233.50 -47.96 -48.41 -63.98 341.36 227.65 104.10 0.30
0.00 11152.18
219.50 -49.06 -49.50 -67.42 345.70 229.89 117.60 0.30
0.00 11558.75
205.60 -51.16 -51.55 -72.72 348.88 233.51 123.47 0.40
0.00 11985.86
191.70 -53.96 -54.26 -73.19 351.44 236.28 117.93 0.40
0.00 12437.85
177.70 -56.46 -56.70 -73.70 355.04 238.76 110.88 0.30
0.00 12921.64
163.80 -58.86 -59.05 -74.24 359.37 240.98 101.30 0.20
0.00 13435.41
149.80 -60.96 -61.11 -74.84 365.05 242.70 88.52 0.00
0.00 13993.09
135.90 -63.76 -9999.00 -9999.00 -9999.00 242.76 74.28 -0.10
0.00 14593.95
121.90 -67.36 -9999.00 -9999.00 -9999.00 239.16 62.90 -0.10
0.00 15254.57
107.90 -70.76 -9999.00 -9999.00 -9999.00 232.57 59.44 0.00
0.00 15983.37
94.00 -70.56 -9999.00 -9999.00 -9999.00 236.94 58.41 0.00
0.00 16800.79
81.00 -65.16 -9999.00 -9999.00 -9999.00 247.51 45.20 0.00
0.00 17695.22
70.60 -63.56 -9999.00 -9999.00 -9999.00 249.86 24.83 0.00
0.00 18535.07
62.20 -63.76 -9999.00 -9999.00 -9999.00 238.57 20.49 0.00
0.00 19311.85
54.30 -63.06 -9999.00 -9999.00 -9999.00 215.97 14.88 0.00
0.00 20145.77
46.90 -59.76 -9999.00 -9999.00 -9999.00 178.94 20.98 0.00
0.00 21053.80
40.10 -56.06 -9999.00 -9999.00 -9999.00 185.60 9.95 0.00
0.00 22040.70
33.80 -55.66 -9999.00 -9999.00 -9999.00 83.19 13.11 0.00
0.00 23127.79
27.80 -55.86 -9999.00 -9999.00 -9999.00 96.55 11.93 0.00
0.00 24371.34
22.30 -51.86 -9999.00 -9999.00 -9999.00 105.07 15.70 0.00
0.00 25786.39
17.10 -48.76 -9999.00 -9999.00 -9999.00 79.33 13.64 0.00
0.00 27518.25
12.30 -47.76 -9999.00 -9999.00 -9999.00 331.11 6.43 0.00
0.00 29687.16

STID = KDAL STNM = 722583 TIME = 191021/1400 
SLAT = 32.84 SLON = -96.85 SELV = 138.0
STIM = 18

SHOW = 14.43 LIFT = 17.46 SWET = 103.44 KINX = -10.16
LCLP = 891.45 PWAT = 8.89 TOTL = 24.35 CAPE = 0.00
LCLT = 278.59 CINS = 0.00 EQLV = -9999.00 LFCT = -9999.00
BRCH = 0.00

PRES TMPC TMWC DWPC THTE DRCT SKNT OMEG
CFRL HGHT
996.40 14.44 10.46 7.06 306.09 326.61 10.24 0.00
0.00 148.17
993.30 14.34 9.94 6.02 305.10 329.47 17.60 -0.10
0.00 174.50
987.80 14.04 9.49 5.32 304.57 330.79 20.71 -0.10
0.00 221.36
978.40 13.44 8.62 3.95 303.47 334.00 26.59 -0.20
0.00 301.92
964.50 12.64 7.45 2.02 302.19 337.32 30.73 -0.30
0.00 422.14
946.70 12.04 5.68 -2.12 300.00 343.89 36.40 -0.30
0.00 578.19
925.50 12.84 4.31 -8.67 299.04 347.66 38.17 -0.20
0.00 767.84
902.30 13.54 3.75 -13.02 300.21 344.19 33.51 -0.10
0.00 980.87
877.10 12.24 3.34 -10.79 302.36 335.52 23.91 0.00
0.00 1218.29
849.00 11.14 2.95 -9.25 304.98 319.32 14.61 0.30
0.00 1490.12
817.90 9.34 0.35 -17.89 302.98 305.04 20.65 0.70
0.00 1800.01
783.90 6.94 -2.15 -28.00 301.97 302.63 26.30 1.00
0.00 2149.78
746.90 6.04 -3.13 -31.78 304.76 277.13 32.89 0.90
0.00 2545.65
707.00 5.54 -2.61 -19.39 311.70 254.79 48.12 0.40
0.00 2994.12
664.20 1.44 -3.97 -13.07 315.62 243.83 50.64 -0.30
0.00 3500.30
618.30 -3.56 -7.55 -15.16 315.65 249.61 54.08 -0.70
0.00 4071.32
570.00 -5.96 -11.18 -26.55 316.49 247.93 62.04 -0.90
0.00 4710.84
523.20 -8.86 -14.04 -34.10 319.57 236.22 69.87 -0.80
0.00 5377.50
481.10 -13.26 -17.49 -36.83 321.62 234.78 76.81 -0.60
0.00 6021.21
443.40 -16.86 -20.65 -44.24 324.01 234.86 81.00 -0.40
0.00 6637.79
409.50 -20.86 -24.00 -48.88 326.06 236.62 78.40 -0.30
0.00 7229.86
378.80 -24.26 -26.90 -52.31 328.78 237.72 82.94 -0.30
0.00 7801.50
351.10 -27.76 -29.91 -54.07 331.23 231.34 84.58 -0.40
0.00 8350.87
326.30 -31.56 -33.28 -59.20 332.87 226.34 87.80 -0.30
0.00 8872.99
303.90 -35.26 -36.60 -61.99 334.46 225.08 93.53 -0.20
0.00 9372.08
283.70 -38.96 -39.89 -57.08 335.92 223.81 99.05 0.00
0.00 9847.31
265.60 -42.66 -43.29 -56.36 336.94 225.23 102.33 0.10
0.00 10295.69
248.70 -45.46 -45.98 -59.58 339.08 228.38 104.70 0.30
0.00 10736.57
233.50 -47.86 -48.32 -63.98 341.51 227.77 108.08 0.40
0.00 11154.68
219.60 -49.26 -49.69 -67.41 345.35 229.75 119.37 0.50
0.00 11558.17
205.60 -51.36 -51.74 -72.72 348.56 233.77 122.57 0.50
0.00 11987.87
191.70 -53.96 -54.26 -73.19 351.44 236.28 117.23 0.50
0.00 12439.66
177.70 -56.36 -56.60 -73.70 355.20 238.53 112.74 0.30
0.00 12923.55
163.80 -58.56 -58.75 -74.24 359.88 241.73 104.99 0.20
0.00 13437.80
149.80 -60.66 -60.82 -74.84 365.57 245.82 92.00 0.00
0.00 13996.26
135.90 -63.56 -9999.00 -9999.00 -9999.00 246.93 78.32 -0.10
0.00 14597.84
121.90 -67.26 -9999.00 -9999.00 -9999.00 241.34 66.41 -0.10
0.00 15258.94
107.90 -70.66 -9999.00 -9999.00 -9999.00 230.12 59.98 -0.10
0.00 15988.10
94.00 -71.16 -9999.00 -9999.00 -9999.00 232.41 58.59 0.10
0.00 16804.50
81.00 -66.36 -9999.00 -9999.00 -9999.00 252.88 48.17 0.10
0.00 17695.02
70.60 -63.36 -9999.00 -9999.00 -9999.00 264.62 26.92 0.00
0.00 18532.85
62.20 -63.46 -9999.00 -9999.00 -9999.00 231.15 17.97 0.00
0.00 19310.56
54.30 -61.56 -9999.00 -9999.00 -9999.00 197.56 16.10 0.00
0.00 20148.06
46.90 -58.96 -9999.00 -9999.00 -9999.00 190.81 17.60 0.00
0.00 21061.03
40.10 -55.86 -9999.00 -9999.00 -9999.00 198.43 7.36 0.00
0.00 22050.22
33.80 -56.36 -9999.00 -9999.00 -9999.00 91.68 13.21 0.00
0.00 23136.05
27.80 -54.76 -9999.00 -9999.00 -9999.00 113.67 15.48 0.00
0.00 24380.75
22.30 -50.76 -9999.00 -9999.00 -9999.00 105.52 18.14 0.00
0.00 25802.89
17.10 -49.36 -9999.00 -9999.00 -9999.00 88.78 18.26 0.00
0.00 27536.70
12.30 -48.26 -9999.00 -9999.00 -9999.00 56.31 3.50 0.00
0.00 29700.31

STID = KDAL STNM = 722583 TIME = 191021/1500 
SLAT = 32.84 SLON = -96.85 SELV = 138.0
STIM = 19

SHOW = 15.03 LIFT = 17.69 SWET = 99.59 KINX = -11.57
LCLP = 880.73 PWAT = 8.58 TOTL = 23.21 CAPE = 0.00
LCLT = 277.93 CINS = 0.00 EQLV = -9999.00 LFCT = -9999.00
BRCH = 0.00

PRES TMPC TMWC DWPC THTE DRCT SKNT OMEG
CFRL HGHT
996.20 14.74 10.37 6.57 305.86 329.42 9.93 0.00
0.00 149.03
993.20 14.44 9.75 5.50 304.63 330.80 15.13 -0.10
0.00 174.52
987.70 13.94 9.20 4.75 303.86 331.49 17.91 -0.10
0.00 221.39
978.30 13.24 8.42 3.70 303.01 334.36 21.54 -0.10
0.00 301.91
964.40 12.14 7.35 2.38 302.00 337.04 24.90 -0.20
0.00 422.00
946.60 11.14 5.65 -0.85 300.01 344.40 31.06 -0.20
0.00 577.70
925.30 12.04 4.14 -7.59 298.77 346.38 32.19 -0.10
0.00 767.74
902.10 13.44 3.77 -12.56 300.30 340.43 27.84 0.00
0.00 980.49
877.00 12.64 3.53 -10.86 302.77 318.60 19.68 0.10
0.00 1217.13
848.80 10.64 2.60 -9.66 304.25 300.82 12.90 0.20
0.00 1489.93
817.80 8.74 0.28 -16.07 302.93 297.90 18.69 0.50
0.00 1798.29
783.80 6.54 -2.18 -25.26 302.01 302.28 26.18 0.80
0.00 2147.51
746.80 6.14 -2.97 -29.92 305.11 276.34 36.95 0.90
0.00 2543.25
706.90 5.54 -2.65 -19.70 311.61 255.03 51.88 0.80
0.00 2991.86
664.10 1.34 -4.24 -13.98 315.04 248.68 56.10 0.40
0.00 3498.00
618.20 -2.56 -7.90 -20.00 314.80 250.67 58.66 -0.10
0.00 4069.92
570.00 -6.16 -11.46 -27.90 315.95 248.92 62.67 -0.50
0.00 4708.98
523.20 -9.26 -14.45 -36.60 318.76 246.01 71.66 -0.80
0.00 5374.84
481.10 -12.66 -17.35 -42.95 321.77 242.44 74.73 -0.90
0.00 6018.76
443.40 -17.66 -21.21 -43.21 323.08 246.36 73.15 -0.50
0.00 6635.07
409.50 -22.16 -24.97 -47.40 324.45 243.56 78.09 -0.20
0.00 7224.70
378.80 -26.16 -28.43 -52.31 326.27 240.86 84.96 0.10
0.00 7792.70
351.10 -28.86 -30.84 -55.34 329.70 236.59 87.49 0.20
0.00 8338.73
326.30 -31.66 -33.34 -57.42 332.78 226.63 91.92 0.20
0.00 8859.56
303.80 -35.26 -36.60 -61.99 334.49 222.62 96.10 0.10
0.00 9360.86
283.70 -39.16 -40.12 -60.30 335.55 221.92 99.73 0.10
0.00 9833.62
265.60 -42.76 -43.38 -56.36 336.80 224.09 103.57 0.20
0.00 10281.70
248.70 -44.86 -45.42 -59.58 339.97 227.34 107.77 0.40
0.00 10723.06
233.50 -46.76 -47.30 -66.97 343.14 228.26 115.85 0.40
0.00 11142.74
219.60 -48.66 -49.13 -67.41 346.28 231.69 122.53 0.40
0.00 11547.75
205.60 -51.16 -51.55 -72.72 348.88 235.60 121.02 0.40
0.00 11978.22
191.70 -53.66 -53.97 -73.19 351.92 237.56 118.07 0.40
0.00 12430.53
177.70 -56.36 -56.60 -73.70 355.20 238.37 114.08 0.30
0.00 12914.75
163.80 -58.76 -58.95 -74.24 359.54 240.05 105.83 0.30
0.00 13428.76
149.80 -60.46 -60.62 -74.84 365.91 243.76 92.25 0.10
0.00 13987.22
135.90 -63.36 -63.48 -75.48 371.11 246.69 79.53 0.00
0.00 14589.37
121.90 -66.96 -9999.00 -9999.00 -9999.00 242.31 71.08 0.00
0.00 15251.26
107.90 -69.66 -9999.00 -9999.00 -9999.00 232.16 63.95 0.00
0.00 15982.75
94.00 -70.26 -9999.00 -9999.00 -9999.00 230.48 58.92 0.10
0.00 16802.99
81.00 -66.96 -9999.00 -9999.00 -9999.00 250.98 48.29 0.10
0.00 17694.15
70.60 -63.16 -9999.00 -9999.00 -9999.00 263.40 28.75 0.00
0.00 18531.18
62.20 -63.46 -9999.00 -9999.00 -9999.00 211.20 16.12 0.00
0.00 19309.26
54.30 -61.36 -9999.00 -9999.00 -9999.00 208.16 15.64 0.00
0.00 20147.16
46.90 -58.46 -9999.00 -9999.00 -9999.00 217.67 13.99 0.00
0.00 21061.62
40.10 -55.56 -9999.00 -9999.00 -9999.00 201.80 4.18 0.00
0.00 22052.65
33.80 -55.96 -9999.00 -9999.00 -9999.00 97.35 12.14 0.00
0.00 23140.24
27.80 -53.26 -9999.00 -9999.00 -9999.00 115.35 16.34 0.00
0.00 24390.37
22.30 -50.36 -9999.00 -9999.00 -9999.00 104.71 16.06 0.00
0.00 25818.64
17.10 -48.56 -9999.00 -9999.00 -9999.00 102.95 17.35 0.00
0.00 27557.11
12.30 -46.86 -9999.00 -9999.00 -9999.00 360.00 3.30 0.00
0.00 29731.33

STID = KDAL STNM = 722583 TIME = 191021/1600 
SLAT = 32.84 SLON = -96.85 SELV = 138.0
STIM = 20

SHOW = 15.92 LIFT = 17.59 SWET = 114.91 KINX = -17.13
LCLP = 876.26 PWAT = 7.93 TOTL = 21.02 CAPE = 0.00
LCLT = 277.99 CINS = 0.00 EQLV = -9999.00 LFCT = -9999.00
BRCH = 0.00

PRES TMPC TMWC DWPC THTE DRCT SKNT OMEG
CFRL HGHT
996.40 15.24 10.65 6.71 306.54 330.12 10.53 0.00
0.00 149.05
993.40 14.84 9.98 5.61 305.17 331.45 15.03 0.00
0.00 174.58
987.90 14.34 9.42 4.84 304.37 332.04 17.81 -0.10
0.00 221.50
978.50 13.54 8.71 4.06 303.68 332.95 20.49 -0.10
0.00 302.10
964.60 12.34 7.76 3.16 302.94 334.52 23.02 -0.10
0.00 422.29
946.80 10.84 6.37 1.55 301.69 337.73 26.65 0.00
2.00 577.97
925.50 11.54 4.03 -6.94 298.57 339.40 27.60 0.00
0.00 767.75
902.30 12.64 3.40 -12.33 299.53 338.81 26.88 0.10
0.00 979.99
877.10 12.14 2.84 -13.29 301.21 313.15 21.31 0.10
0.00 1216.97
849.00 10.34 2.13 -11.20 303.16 296.32 20.59 0.10
0.00 1488.32
817.90 8.24 0.06 -15.71 302.51 294.44 21.11 0.10
0.00 1797.16
783.90 5.94 -2.51 -25.08 301.38 296.75 27.19 0.20
0.00 2145.67
746.90 4.64 -3.71 -27.88 303.76 280.87 35.00 0.20
0.00 2539.87
707.00 4.44 -3.73 -23.60 309.30 260.12 48.70 0.20
0.00 2986.31
664.20 1.54 -5.40 -21.26 312.40 254.08 55.94 0.10
0.00 3491.36
618.30 -2.36 -8.48 -25.10 313.51 254.90 55.92 0.10
0.00 4063.37
570.10 -5.76 -11.50 -31.38 315.75 254.00 60.63 0.00
0.00 4702.91
523.30 -8.56 -14.05 -37.91 319.45 246.95 70.94 0.00
0.00 5369.98
481.10 -12.96 -17.33 -37.74 321.88 249.07 76.13 0.00
0.00 6015.88
443.40 -17.96 -21.30 -40.24 322.96 254.27 78.11 0.10
0.00 6631.51
409.50 -22.46 -25.10 -44.44 324.26 254.49 80.63 0.20
0.00 7220.46
378.80 -26.36 -28.55 -50.39 326.09 247.45 83.08 0.30
0.00 7787.90
351.10 -29.66 -31.51 -55.34 328.62 239.84 90.09 0.30
0.00 8332.82
326.30 -31.76 -33.43 -57.42 332.64 234.14 99.48 0.30
0.00 8852.69
303.90 -34.96 -36.31 -59.76 334.93 224.38 102.19 0.20
0.00 9351.88
283.70 -38.86 -39.87 -62.52 335.94 222.52 104.89 0.10
0.00 9827.52
265.60 -42.56 -43.25 -59.06 337.00 223.90 107.01 0.20
0.00 10276.08
248.70 -44.56 -45.16 -61.32 340.37 226.98 111.05 0.20
0.00 10717.92
233.50 -46.46 -47.00 -63.98 343.64 228.96 119.23 0.30
0.00 11138.16
219.60 -48.66 -49.13 -67.41 346.28 232.43 123.27 0.30
0.00 11543.44
205.60 -51.16 -51.53 -67.89 348.93 235.96 122.84 0.30
0.00 11973.91
191.70 -53.36 -53.68 -73.19 352.40 236.78 118.41 0.30
0.00 12426.52
177.70 -55.46 -55.73 -73.70 356.68 236.89 111.31 0.20
0.00 12912.08
163.80 -57.46 -57.69 -74.24 361.72 240.62 102.54 0.10
0.00 13428.71
149.80 -60.16 -60.33 -74.84 366.43 248.04 91.94 0.00
0.00 13989.27
135.90 -64.16 -9999.00 -9999.00 -9999.00 249.25 80.59 0.00
0.00 14590.70
121.90 -67.26 -9999.00 -9999.00 -9999.00 240.93 71.56 0.10
0.00 15250.84
107.90 -69.26 -9999.00 -9999.00 -9999.00 231.08 67.40 0.10
0.00 15982.50
94.00 -68.86 -9999.00 -9999.00 -9999.00 228.24 58.33 0.10
0.00 16806.38
81.00 -66.36 -9999.00 -9999.00 -9999.00 247.38 42.93 0.00
0.00 17701.90
70.60 -63.66 -9999.00 -9999.00 -9999.00 262.38 27.84 0.00
0.00 18539.13
62.20 -63.36 -9999.00 -9999.00 -9999.00 210.20 15.05 0.00
0.00 19316.47
54.30 -60.96 -9999.00 -9999.00 -9999.00 237.99 16.49 0.00
0.00 20155.35
46.90 -57.56 -9999.00 -9999.00 -9999.00 228.90 12.12 0.00
0.00 21072.61
40.10 -54.96 -9999.00 -9999.00 -9999.00 143.13 0.97 0.00
0.00 22067.08
33.80 -56.26 -9999.00 -9999.00 -9999.00 93.27 13.62 0.00
0.00 23155.42
27.80 -54.16 -9999.00 -9999.00 -9999.00 119.12 17.56 0.00
0.00 24402.11
22.30 -50.86 -9999.00 -9999.00 -9999.00 110.97 12.49 0.00
0.00 25825.87
17.10 -48.36 -9999.00 -9999.00 -9999.00 109.92 14.26 0.00
0.00 27563.18
12.30 -46.26 -9999.00 -9999.00 -9999.00 348.18 8.53 0.00
0.00 29741.25

STID = KDAL STNM = 722583 TIME = 191021/1700 
SLAT = 32.84 SLON = -96.85 SELV = 138.0
STIM = 21

SHOW = 17.14 LIFT = 16.72 SWET = 126.80 KINX = -21.90
LCLP = 869.18 PWAT = 8.02 TOTL = 16.69 CAPE = 0.00
LCLT = 278.11 CINS = 0.00 EQLV = -9999.00 LFCT = -9999.00
BRCH = 0.00

PRES TMPC TMWC DWPC THTE DRCT SKNT OMEG
CFRL HGHT
996.50 16.04 11.10 6.95 307.68 328.84 9.75 0.00
0.00 148.23
993.40 15.54 10.41 5.90 306.24 329.74 13.50 0.00
0.00 174.68
988.00 14.94 9.86 5.25 305.44 330.00 15.93 0.00
0.00 220.85
978.50 14.14 9.21 4.62 304.91 330.71 18.26 0.00
0.00 302.49
964.60 12.94 8.31 3.83 304.26 331.74 20.51 0.00
0.00 422.94
946.80 11.44 6.94 2.27 303.00 333.43 23.89 0.00
0.00 578.98
925.50 11.34 4.56 -4.51 299.79 334.37 26.50 0.10
4.00 768.94
902.30 12.24 3.23 -12.11 299.20 333.99 27.02 0.10
0.00 980.98
877.10 11.34 2.23 -14.52 299.91 316.89 25.02 0.20
0.00 1217.46
849.00 10.04 1.21 -15.71 301.06 297.57 24.77 0.20
0.00 1488.22
817.90 7.94 -0.31 -17.09 301.72 292.81 26.55 0.20
0.00 1796.66
783.90 5.54 -2.61 -23.61 301.23 295.73 29.97 0.30
0.00 2144.73
746.90 3.84 -4.06 -26.32 303.15 283.71 33.59 0.30
0.00 2538.11
707.00 2.74 -4.87 -25.23 307.05 266.93 43.57 0.20
0.00 2982.52
664.20 1.34 -5.77 -23.37 311.59 260.19 52.43 0.00
0.00 3485.79
618.40 -2.26 -8.49 -25.80 313.45 255.23 51.83 -0.20
0.00 4056.37
570.10 -5.46 -11.18 -29.78 316.39 253.02 65.19 -0.30
0.00 4697.67
523.30 -8.86 -13.92 -32.48 319.80 249.94 75.89 -0.30
0.00 5364.80
481.10 -13.06 -17.22 -34.95 322.12 249.15 78.57 -0.20
0.00 6010.25
443.40 -17.56 -20.89 -38.23 323.69 251.30 80.59 0.00
0.00 6626.27
409.50 -21.66 -24.48 -44.44 325.29 252.49 83.31 0.30
0.00 7216.63
378.80 -26.26 -28.45 -49.56 326.26 253.25 85.61 0.50
0.00 7785.11
351.10 -30.56 -32.25 -54.07 327.45 249.71 87.39 0.60
0.00 8329.14
326.30 -33.76 -35.17 -59.20 329.84 240.32 91.01 0.50
0.00 8845.90
303.90 -35.86 -37.10 -59.76 333.66 233.33 99.53 0.40
0.00 9342.07
283.70 -38.76 -39.78 -62.52 336.08 223.96 106.33 0.30
0.00 9816.91
265.60 -42.26 -43.02 -63.02 337.36 222.96 108.02 0.30
0.00 10265.85
248.70 -44.36 -45.00 -63.51 340.63 225.84 112.65 0.30
0.00 10708.17
233.50 -46.46 -47.00 -63.98 343.64 229.06 120.36 0.30
0.00 11128.58
219.50 -48.66 -49.13 -67.42 346.32 232.62 126.38 0.30
0.00 11536.87
205.60 -50.76 -51.15 -67.89 349.56 235.70 125.80 0.20
0.00 11964.75
191.70 -52.56 -52.92 -73.19 353.68 237.17 117.89 0.10
0.00 12418.59
177.70 -54.66 -54.96 -73.70 357.99 238.29 109.38 0.00
0.00 12905.93
163.80 -57.36 -57.59 -74.24 361.89 241.96 101.24 0.00
0.00 13423.63
149.80 -60.66 -9999.00 -9999.00 -9999.00 245.43 92.48 0.00
0.00 13983.66
135.90 -64.26 -9999.00 -9999.00 -9999.00 246.45 79.25 0.10
0.00 14584.24
121.90 -67.06 -9999.00 -9999.00 -9999.00 239.32 72.73 0.20
0.00 15244.54
107.90 -68.26 -9999.00 -9999.00 -9999.00 231.34 68.41 0.20
0.00 15978.34
94.00 -67.46 -9999.00 -9999.00 -9999.00 231.62 56.00 0.10
0.00 16807.06
81.00 -66.26 -9999.00 -9999.00 -9999.00 255.19 34.97 0.00
0.00 17705.85
70.60 -64.26 -9999.00 -9999.00 -9999.00 257.42 25.87 0.00
0.00 18542.08
62.20 -62.36 -9999.00 -9999.00 -9999.00 210.21 17.75 0.00
0.00 19320.16
54.30 -60.86 -9999.00 -9999.00 -9999.00 238.91 15.42 0.00
0.00 20161.23
46.90 -57.06 -9999.00 -9999.00 -9999.00 224.27 10.86 0.00
0.00 21079.78
40.10 -55.86 -9999.00 -9999.00 -9999.00 3.37 3.30 0.00
0.00 22073.32
33.80 -57.06 -9999.00 -9999.00 -9999.00 90.92 12.04 0.00
0.00 23157.41
27.80 -53.96 -9999.00 -9999.00 -9999.00 125.87 15.58 0.00
0.00 24402.39
22.30 -50.76 -9999.00 -9999.00 -9999.00 123.18 12.06 0.00
0.00 25827.11
17.10 -48.76 -9999.00 -9999.00 -9999.00 107.53 11.62 0.00
0.00 27563.25
12.30 -46.46 -9999.00 -9999.00 -9999.00 12.53 7.17 0.00
0.00 29738.43
STN YYMMDD/HHMM PMSL PRES SKTC STC1 SNFL WTNS
P01M C01M STC2 LCLD MCLD HCLD
SNRA UWND VWND R01M BFGR T2MS
Q2MS WXTS WXTP WXTZ WXTR USTM
VSTM HLCY SLLH WSYM CDBP VSBK
TD2M
722583 191020/2000 1005.30 989.40 35.94 309.10 -9999.00 0.00
-9999.00 -9999.00 307.90 4.00 0.00 0.00
-9999.00 -1.50 4.70 -9999.00 -9999.00 30.44
12.78 0.00 0.00 0.00 0.00 13.90
6.10 133.40 -9999.00 999.00 -9999.00 20.00
17.38
722583 191020/2100 1004.20 988.40 34.84 308.00 0.00 100.00
0.00 0.00 307.20 36.00 0.00 0.00
-9999.00 -1.60 5.70 -9999.00 -9999.00 31.14
13.92 0.00 0.00 0.00 0.00 12.80
6.20 156.50 -9999.00 999.00 -9999.00 20.00
18.69
722583 191020/2200 1003.10 987.30 32.64 305.80 0.00 100.00
0.00 0.00 305.60 12.00 0.00 0.00
-9999.00 -1.00 6.80 -9999.00 -9999.00 30.44
15.19 0.00 0.00 0.00 0.00 11.90
6.20 137.30 -9999.00 999.00 -9999.00 20.00
20.05
722583 191020/2300 1003.20 987.40 29.74 302.90 0.00 100.00
0.00 0.00 303.10 15.00 0.00 0.00
-9999.00 -0.80 6.00 -9999.00 -9999.00 29.24
14.92 0.00 0.00 0.00 0.00 12.20
6.10 173.60 -9999.00 999.00 -9999.00 20.00
19.76
722583 191021/0000 1003.20 987.40 27.24 300.40 0.00 100.00
0.00 0.00 300.70 0.00 0.00 0.00
-9999.00 -1.00 5.10 -9999.00 -9999.00 27.94
14.98 0.00 0.00 0.00 0.00 12.40
5.60 241.80 -9999.00 999.00 -9999.00 20.00
19.83
722583 191021/0100 1003.20 987.30 26.04 299.20 0.00 100.00
0.00 0.00 299.50 0.00 0.00 0.00
-9999.00 -1.90 3.80 -9999.00 -9999.00 26.74
15.73 0.00 0.00 0.00 0.00 11.50
5.70 347.30 -9999.00 999.00 -9999.00 20.00
20.60
722583 191021/0200 1002.40 986.50 25.64 298.80 0.00 100.00
0.00 0.00 299.00 0.00 0.00 0.00
-9999.00 -2.20 4.60 -9999.00 -9999.00 26.44
16.16 0.00 0.00 0.00 0.00 10.20
6.60 433.60 -9999.00 999.00 -9999.00 20.00
21.01
722583 191021/0300 1001.30 985.50 25.94 299.10 0.00 100.00
0.00 0.00 299.10 0.00 0.00 0.00
-9999.00 -2.10 6.30 -9999.00 -9999.00 26.84
15.95 0.00 0.00 0.00 0.00 10.70
6.30 519.00 -9999.00 999.00 -9999.00 20.00
20.79
722583 191021/0400 1001.20 985.40 25.44 298.60 0.00 100.00
0.00 0.00 298.80 0.00 0.00 0.00
-9999.00 -1.30 8.10 -9999.00 -9999.00 25.94
17.40 0.00 0.00 0.00 0.00 13.10
6.50 564.80 -9999.00 999.00 -9999.00 20.00
22.17
722583 191021/0500 1002.00 986.10 25.14 298.30 0.00 100.00
0.00 0.00 298.40 10.00 4.00 0.00
-9999.00 -0.20 8.10 -9999.00 -9999.00 25.44
18.06 0.00 0.00 0.00 0.00 15.80
7.70 602.40 -9999.00 999.00 -9999.00 20.00
22.78
722583 191021/0600 1002.40 986.50 24.34 297.50 0.00 100.00
4.17 3.87 297.80 100.00 64.00 0.00
-9999.00 3.40 6.10 -9999.00 -9999.00 24.14
18.42 0.00 0.00 0.00 1.00 20.20
9.80 346.70 -9999.00 60.00 953.80 0.00
23.10
722583 191021/0700 1005.10 989.10 23.34 296.50 0.00 100.00
27.68 11.38 296.80 100.00 100.00 0.00
-9999.00 6.10 1.50 -9999.00 -9999.00 22.54
17.28 0.00 0.00 0.00 1.00 26.30
8.60 -282.00 -9999.00 60.00 868.90 0.00
22.12
722583 191021/0800 1005.60 989.60 21.74 294.90 0.00 100.00
2.82 0.59 295.50 100.00 100.00 0.00
-9999.00 3.80 3.70 -9999.00 -9999.00 22.74
14.52 0.00 0.00 0.00 1.00 22.70
1.80 -111.00 -9999.00 60.00 -9999.00 0.00
19.37
722583 191021/0900 1006.20 990.10 19.54 292.70 0.00 100.00
0.00 0.00 293.60 45.00 44.00 0.00
-9999.00 4.80 -1.90 -9999.00 -9999.00 20.64
11.84 0.00 0.00 0.00 0.00 23.50
-0.10 -126.60 -9999.00 999.00 -9999.00 0.09
16.21
722583 191021/1000 1007.50 991.40 17.44 290.60 0.00 100.00
0.00 0.00 291.50 1.00 0.00 0.00
-9999.00 2.80 -2.40 -9999.00 -9999.00 18.64
10.69 0.00 0.00 0.00 0.00 22.20
-3.20 -94.40 -9999.00 999.00 -9999.00 20.00
14.67
722583 191021/1100 1009.60 993.30 15.74 288.90 0.00 100.00
0.00 0.00 289.90 0.00 0.00 0.00
-9999.00 3.90 -4.70 -9999.00 -9999.00 17.24
9.27 0.00 0.00 0.00 0.00 22.80
-3.50 -65.50 -9999.00 999.00 -9999.00 20.00
12.54
722583 191021/1200 1010.70 994.40 14.14 287.30 0.00 100.00
0.00 0.00 288.40 0.00 0.00 0.00
-9999.00 2.60 -5.10 -9999.00 -9999.00 15.74
8.09 0.00 0.00 0.00 0.00 23.10
-2.70 -281.60 -9999.00 999.00 -9999.00 20.00
10.53
722583 191021/1300 1011.30 995.00 12.74 285.90 0.00 100.00
0.00 0.00 287.00 0.00 0.00 0.00
-9999.00 2.50 -4.50 -9999.00 -9999.00 14.24
7.15 0.00 0.00 0.00 0.00 23.50
-2.60 -320.30 -9999.00 999.00 -9999.00 20.00
8.72
722583 191021/1400 1014.00 997.60 13.54 286.70 0.00 100.00
0.00 0.00 287.30 0.00 0.00 0.00
-9999.00 2.90 -4.90 -9999.00 -9999.00 14.24
6.74 0.00 0.00 0.00 0.00 23.70
-2.70 -335.40 -9999.00 999.00 -9999.00 20.00
7.90
722583 191021/1500 1013.90 997.50 15.14 288.30 0.00 100.00
0.00 0.00 288.60 0.00 0.00 0.00
-9999.00 2.80 -4.70 -9999.00 -9999.00 14.74
6.66 0.00 0.00 0.00 0.00 24.30
-3.50 -379.10 -9999.00 999.00 -9999.00 20.00
7.72
722583 191021/1600 1014.10 997.70 16.64 289.80 0.00 100.00
0.00 0.00 289.80 2.00 0.00 0.00
-9999.00 2.90 -4.90 -9999.00 -9999.00 15.44
6.79 0.00 0.00 0.00 0.00 24.10
-5.20 -342.30 -9999.00 999.00 -9999.00 20.00
8.01
722583 191021/1700 1014.10 997.70 18.64 291.80 0.00 100.00
0.00 0.00 291.60 4.00 0.00 0.00
-9999.00 2.80 -4.50 -9999.00 -9999.00 16.44
6.89 0.00 0.00 0.00 0.00 24.30
-5.90 -301.40 -9999.00 999.00 -9999.00 20.00
8.22


