
SNPARM = PRES;TMPC;TMWC;DWPC;THTE;DRCT;SKNT;OMEG;CFRL;HGHT 
STNPRM = SHOW;LIFT;SWET;KINX;LCLP;PWAT;TOTL;CAPE;LCLT;CINS;EQLV;LFCT;BRCH 

STID = KDAL STNM = 722583 TIME = 191020/1300 
SLAT = 32.84 SLON = -96.85 SELV = 138.0
STIM = 0

SHOW = 10.31 LIFT = 7.07 SWET = 64.00 KINX = -0.58
LCLP = 955.53 PWAT = 16.54 TOTL = 31.36 CAPE = 0.00
LCLT = 284.23 CINS = 0.00 EQLV = -9999.00 LFCT = -9999.00
BRCH = 0.00

PRES TMPC TMWC DWPC THTE DRCT SKNT OMEG
CFRL HGHT
992.00 14.14 12.70 11.65 312.63 232.13 2.21 0.00
0.00 148.22
989.10 15.94 13.71 12.20 315.88 243.43 1.73 0.00
0.00 173.05
983.60 17.34 15.28 14.00 321.33 139.09 3.85 -0.10
0.00 220.63
974.20 17.94 15.66 14.29 323.76 121.16 9.75 -0.10
0.00 302.88
960.30 18.84 15.32 13.20 324.49 122.55 10.84 0.00
0.00 426.28
942.50 19.14 13.91 10.46 322.30 124.78 8.51 0.10
0.00 587.16
921.20 17.44 11.72 7.45 318.49 148.67 5.23 0.10
0.00 783.08
898.10 18.04 9.06 0.35 313.74 199.29 4.12 0.20
0.00 1000.07
873.00 18.74 7.49 -5.82 312.50 221.19 6.20 0.20
0.00 1242.50
845.10 16.64 6.51 -5.31 313.79 231.17 10.22 0.30
0.00 1519.51
814.20 14.04 4.74 -6.92 313.54 252.78 14.43 0.20
0.00 1834.62
780.40 12.04 2.35 -12.57 312.30 267.32 20.80 0.20
0.00 2190.31
743.80 10.14 0.46 -16.76 312.99 261.05 28.71 0.30
0.00 2590.36
704.20 6.74 -1.39 -15.58 314.84 250.83 33.72 0.30
0.00 3041.72
661.70 4.94 -2.44 -14.73 319.18 247.22 31.60 0.20
0.00 3550.61
616.20 1.34 -4.46 -13.93 322.40 245.10 29.99 0.20
0.00 4127.46
568.30 -3.46 -8.57 -19.20 322.09 241.93 33.02 0.10
0.00 4772.67
521.90 -7.26 -12.67 -30.00 322.44 242.96 42.31 -0.10
0.00 5440.73
480.00 -12.36 -16.70 -34.26 323.30 244.90 47.63 -0.20
0.00 6086.05
442.60 -17.26 -20.49 -35.55 324.60 245.63 49.90 -0.20
0.00 6699.63
408.90 -21.26 -23.92 -39.32 326.43 242.99 55.59 -0.10
0.00 7288.33
378.30 -25.06 -27.18 -41.75 328.55 240.43 61.42 -0.10
0.00 7857.61
350.80 -28.76 -30.46 -44.90 330.47 238.38 67.06 -0.10
0.00 8401.66
326.00 -31.56 -33.11 -50.11 333.29 235.99 76.40 0.00
0.00 8923.21
303.70 -33.96 -35.35 -54.16 336.56 235.82 87.82 0.10
0.00 9421.83
283.60 -36.16 -37.40 -57.08 339.97 237.13 97.36 0.10
0.00 9899.07
265.50 -38.76 -39.80 -59.07 342.60 237.34 101.52 0.10
0.00 10354.07
248.70 -42.06 -42.89 -63.51 344.05 236.31 102.25 0.10
0.00 10799.41
233.50 -45.36 -45.97 -63.98 345.30 236.13 102.47 0.00
0.00 11222.96
219.60 -48.06 -48.56 -67.41 347.20 237.80 103.54 0.00
0.00 11629.77
205.60 -50.96 -51.36 -72.72 349.19 240.81 104.35 0.00
0.00 12061.01
191.70 -54.26 -54.55 -73.19 350.96 243.34 104.76 0.00
0.00 12512.90
177.70 -57.66 -57.86 -73.70 353.07 243.53 102.86 0.00
0.00 12995.02
163.80 -61.26 -61.39 -74.24 355.35 242.40 100.62 0.00
0.00 13504.50
149.80 -64.56 -9999.00 -9999.00 -9999.00 240.95 96.00 0.00
0.00 14054.33
135.90 -67.46 -9999.00 -9999.00 -9999.00 240.15 87.80 0.00
0.00 14644.79
121.90 -70.16 -9999.00 -9999.00 -9999.00 241.47 76.05 0.00
0.00 15295.06
107.90 -71.26 -9999.00 -9999.00 -9999.00 243.43 60.37 0.00
0.00 16017.98
94.00 -70.06 -9999.00 -9999.00 -9999.00 239.72 41.61 0.00
0.00 16835.39
81.00 -69.46 -9999.00 -9999.00 -9999.00 224.74 30.09 0.00
0.00 17721.55
70.60 -68.26 -9999.00 -9999.00 -9999.00 222.30 26.26 0.00
0.00 18543.29
62.20 -64.66 -9999.00 -9999.00 -9999.00 210.34 27.68 0.00
0.00 19309.69
54.30 -61.66 -9999.00 -9999.00 -9999.00 215.22 20.20 0.00
0.00 20144.60
46.90 -58.56 -9999.00 -9999.00 -9999.00 203.46 11.23 0.00
0.00 21058.21
40.10 -56.56 -9999.00 -9999.00 -9999.00 205.82 6.68 0.00
0.00 22046.72
33.80 -54.86 -9999.00 -9999.00 -9999.00 124.16 6.57 0.00
0.00 23134.56
27.80 -53.76 -9999.00 -9999.00 -9999.00 116.57 8.26 0.00
0.00 24386.40
22.30 -51.66 -9999.00 -9999.00 -9999.00 105.61 13.71 0.00
0.00 25808.87
17.10 -49.66 -9999.00 -9999.00 -9999.00 84.81 10.72 0.00
0.00 27538.02
12.30 -47.56 -9999.00 -9999.00 -9999.00 213.69 3.50 0.00
0.00 29703.55

STID = KDAL STNM = 722583 TIME = 191020/1400 
SLAT = 32.84 SLON = -96.85 SELV = 138.0
STIM = 1

SHOW = 10.46 LIFT = 7.16 SWET = 66.22 KINX = -1.04
LCLP = 935.47 PWAT = 15.95 TOTL = 30.78 CAPE = 0.00
LCLT = 284.44 CINS = 0.00 EQLV = -9999.00 LFCT = -9999.00
BRCH = 0.00

PRES TMPC TMWC DWPC THTE DRCT SKNT OMEG
CFRL HGHT
992.50 16.14 13.79 12.19 315.68 208.61 2.43 0.00
0.00 146.57
989.30 15.84 13.71 12.26 315.84 206.57 3.05 0.00
0.00 174.06
983.90 17.04 15.01 13.74 320.46 176.31 6.04 -0.10
0.00 220.72
974.40 17.84 15.60 14.26 323.56 153.90 10.61 -0.10
0.00 303.76
960.60 18.54 15.47 13.64 324.94 150.38 11.40 -0.10
5.00 426.17
942.70 19.04 13.83 10.38 322.03 158.63 9.60 0.00
0.00 587.82
921.50 17.94 11.45 6.42 317.62 180.00 8.74 0.00
0.00 782.87
898.40 19.04 8.81 -1.85 312.87 197.20 8.55 0.10
0.00 1000.27
873.30 19.04 7.45 -6.58 312.31 215.68 9.32 0.10
0.00 1243.10
845.40 16.74 6.24 -6.62 312.98 241.11 12.86 0.20
0.00 1520.16
814.50 14.54 4.43 -9.28 312.62 262.63 16.65 0.20
0.00 1835.41
780.70 12.74 2.33 -14.79 312.06 270.00 22.53 0.20
0.00 2191.63
744.10 10.04 0.75 -14.62 313.70 259.45 28.65 0.20
0.00 2591.94
704.40 6.94 -1.17 -14.99 315.30 252.32 32.61 0.20
0.00 3044.41
661.90 5.04 -2.33 -14.46 319.40 245.76 32.17 0.10
0.00 3553.45
616.40 1.54 -4.44 -14.28 322.41 240.52 30.79 0.00
0.00 4130.43
568.40 -3.26 -8.59 -20.01 321.99 237.55 34.75 -0.20
0.00 4777.26
522.00 -7.56 -12.88 -30.17 322.02 239.41 40.85 -0.30
0.00 5445.06
480.10 -12.56 -16.97 -36.28 322.75 242.28 43.01 -0.30
0.00 6089.61
442.60 -17.56 -20.82 -37.09 324.00 242.47 46.66 -0.30
0.00 6704.15
408.90 -21.66 -24.23 -39.32 325.92 241.00 55.30 -0.20
0.00 7292.02
378.30 -25.16 -27.26 -41.75 328.42 241.19 62.08 -0.20
0.00 7860.73
350.80 -28.96 -30.59 -44.02 330.28 240.52 66.72 -0.10
0.00 8404.46
326.10 -32.16 -33.57 -48.76 332.51 237.70 75.60 0.00
0.00 8922.97
303.70 -34.36 -35.72 -55.27 335.96 237.30 87.72 0.10
0.00 9422.71
283.60 -36.36 -37.60 -58.54 339.64 238.45 96.87 0.10
0.00 9899.35
265.50 -38.96 -39.98 -59.07 342.30 238.43 100.54 0.00
0.00 10353.96
248.70 -42.16 -42.95 -61.32 343.95 237.80 101.69 0.00
0.00 10799.01
233.50 -45.16 -45.79 -63.98 345.61 237.87 102.99 -0.10
0.00 11222.66
219.60 -47.86 -48.37 -67.41 347.51 238.56 104.27 -0.10
0.00 11629.83
205.60 -50.86 -51.27 -72.72 349.35 239.64 104.91 0.00
0.00 12061.36
191.70 -54.36 -54.65 -73.19 350.80 241.03 105.46 0.00
0.00 12513.25
177.70 -57.96 -58.15 -73.70 352.58 241.54 105.17 0.00
0.00 12994.93
163.80 -61.56 -61.69 -74.24 354.85 241.42 103.54 0.10
0.00 13503.69
149.80 -64.66 -9999.00 -9999.00 -9999.00 241.14 97.80 0.10
0.00 14053.00
135.90 -67.56 -9999.00 -9999.00 -9999.00 241.36 88.75 0.10
0.00 14643.17
121.90 -70.06 -9999.00 -9999.00 -9999.00 241.80 76.05 0.10
0.00 15293.45
108.00 -70.76 -9999.00 -9999.00 -9999.00 241.30 60.68 0.00
0.00 16011.93
94.00 -69.86 -9999.00 -9999.00 -9999.00 236.17 43.26 0.00
0.00 16836.26
81.00 -69.56 -9999.00 -9999.00 -9999.00 224.04 32.69 0.00
0.00 17722.63
70.60 -67.66 -9999.00 -9999.00 -9999.00 224.16 28.17 0.00
0.00 18545.38
62.20 -64.26 -9999.00 -9999.00 -9999.00 212.33 29.43 0.00
0.00 19313.64
54.30 -61.56 -9999.00 -9999.00 -9999.00 223.26 18.14 0.00
0.00 20149.54
46.90 -58.96 -9999.00 -9999.00 -9999.00 190.30 10.86 0.00
0.00 21062.51
40.10 -57.46 -9999.00 -9999.00 -9999.00 180.00 6.60 0.00
0.00 22048.03
33.80 -55.36 -9999.00 -9999.00 -9999.00 119.60 9.83 0.00
0.00 23132.37
27.80 -53.36 -9999.00 -9999.00 -9999.00 111.41 10.64 0.00
0.00 24383.93
22.30 -51.06 -9999.00 -9999.00 -9999.00 105.45 15.31 0.00
0.00 25809.62
17.10 -47.86 -9999.00 -9999.00 -9999.00 97.67 10.20 0.00
0.00 27548.09
12.30 -46.46 -9999.00 -9999.00 -9999.00 256.50 4.99 0.00
0.00 29727.61

STID = KDAL STNM = 722583 TIME = 191020/1500 
SLAT = 32.84 SLON = -96.85 SELV = 138.0
STIM = 2

SHOW = 10.45 LIFT = 7.03 SWET = 70.82 KINX = 1.10
LCLP = 906.61 PWAT = 15.94 TOTL = 30.54 CAPE = 0.00
LCLT = 285.61 CINS = 0.00 EQLV = -9999.00 LFCT = -9999.00
BRCH = 0.00

PRES TMPC TMWC DWPC THTE DRCT SKNT OMEG
CFRL HGHT
992.50 19.94 16.13 13.85 322.89 174.56 4.10 0.00
0.00 149.30
989.60 19.44 15.91 13.79 322.57 175.76 5.26 0.00
0.00 174.53
984.10 18.94 15.68 13.71 322.54 174.47 6.04 0.00
0.00 222.52
974.60 18.44 15.61 13.91 323.54 170.36 10.45 0.00
0.00 305.89
960.80 18.24 15.35 13.61 324.51 170.54 11.81 -0.10
6.00 428.33
942.90 19.14 13.77 10.18 321.79 176.42 12.45 -0.10
4.00 589.88
921.70 18.54 11.39 5.73 317.37 190.82 13.44 0.00
4.00 785.10
898.60 19.74 8.63 -3.58 312.27 200.66 12.67 0.00
0.00 1002.88
873.50 19.34 7.52 -6.87 312.43 223.73 12.37 0.10
0.00 1246.03
845.60 17.04 6.19 -7.44 312.77 249.53 15.56 0.20
0.00 1523.30
814.70 15.24 4.51 -10.53 312.68 262.03 19.62 0.10
0.00 1838.98
780.90 13.14 2.62 -14.18 312.72 262.28 23.14 0.10
0.00 2195.78
744.20 9.94 1.04 -12.77 314.42 257.55 28.85 0.10
0.00 2597.36
704.60 6.84 -0.72 -12.46 316.38 255.26 34.34 0.10
0.00 3048.53
662.00 4.94 -2.16 -13.41 319.81 248.44 33.84 0.10
0.00 3558.56
616.50 1.44 -4.57 -14.64 322.09 240.98 32.44 0.00
0.00 4135.25
568.50 -3.16 -8.76 -21.33 321.60 236.81 36.91 -0.10
0.00 4781.94
522.00 -7.66 -12.94 -30.17 321.90 236.84 40.83 -0.30
0.00 5451.08
480.20 -12.66 -17.07 -36.84 322.53 237.88 41.28 -0.30
0.00 6093.79
442.70 -17.56 -20.86 -37.65 323.90 238.79 46.11 -0.30
0.00 6708.07
409.00 -21.76 -24.25 -38.42 325.87 240.85 55.83 -0.20
0.00 7295.68
378.40 -25.36 -27.22 -38.62 328.50 243.75 63.25 -0.10
0.00 7863.93
350.90 -29.16 -30.56 -40.79 330.32 243.58 67.68 -0.10
0.00 8407.10
326.10 -32.46 -33.79 -47.57 332.18 239.84 76.17 0.00
0.00 8927.12
303.70 -34.96 -36.24 -55.27 335.11 238.06 88.13 0.00
0.00 9425.92
283.60 -37.16 -38.28 -57.08 338.54 237.91 96.52 0.00
0.00 9901.16
265.50 -39.66 -40.61 -59.07 341.28 237.67 100.23 0.00
0.00 10354.32
248.70 -42.56 -43.32 -61.32 343.35 237.28 102.06 -0.10
0.00 10798.32
233.50 -45.36 -45.97 -63.98 345.30 237.65 103.48 -0.10
0.00 11221.42
219.60 -48.06 -48.56 -67.41 347.20 238.39 103.79 -0.10
0.00 11628.23
205.60 -51.06 -51.46 -72.72 349.04 239.24 103.30 0.00
0.00 12059.37
191.70 -54.56 -54.84 -73.19 350.48 240.20 103.19 0.00
0.00 12510.85
177.70 -58.26 -58.45 -73.70 352.09 240.89 103.83 0.00
0.00 12991.98
163.80 -61.66 -61.78 -74.24 354.68 241.84 102.89 0.10
0.00 13500.26
149.80 -64.66 -9999.00 -9999.00 -9999.00 242.00 96.81 0.10
0.00 14049.44
135.90 -67.46 -9999.00 -9999.00 -9999.00 241.49 87.10 0.10
0.00 14639.75
121.90 -69.96 -9999.00 -9999.00 -9999.00 240.22 74.30 0.10
0.00 15290.35
108.00 -70.56 -9999.00 -9999.00 -9999.00 238.69 60.94 0.10
0.00 16009.36
94.00 -69.76 -9999.00 -9999.00 -9999.00 234.38 46.37 0.00
0.00 16834.30
81.00 -68.96 -9999.00 -9999.00 -9999.00 223.44 35.31 0.00
0.00 17722.20
70.60 -66.76 -9999.00 -9999.00 -9999.00 219.13 29.55 0.00
0.00 18547.97
62.20 -64.56 -9999.00 -9999.00 -9999.00 211.97 30.46 0.00
0.00 19317.33
54.30 -61.16 -9999.00 -9999.00 -9999.00 223.15 17.04 0.00
0.00 20153.43
46.90 -59.16 -9999.00 -9999.00 -9999.00 179.17 13.40 0.00
0.00 21066.83
40.10 -57.16 -9999.00 -9999.00 -9999.00 171.47 7.85 0.00
0.00 22052.58
33.80 -54.96 -9999.00 -9999.00 -9999.00 127.27 11.23 0.00
0.00 23138.67
27.80 -52.36 -9999.00 -9999.00 -9999.00 114.18 10.43 0.00
0.00 24394.23
22.30 -50.56 -9999.00 -9999.00 -9999.00 101.48 12.68 0.00
0.00 25824.77
17.10 -47.76 -9999.00 -9999.00 -9999.00 88.70 8.55 0.00
0.00 27565.57
12.30 -46.86 -9999.00 -9999.00 -9999.00 250.35 2.89 0.00
0.00 29743.64

STID = KDAL STNM = 722583 TIME = 191020/1600 
SLAT = 32.84 SLON = -96.85 SELV = 138.0
STIM = 3

SHOW = 9.67 LIFT = 6.72 SWET = 78.26 KINX = 5.22
LCLP = 869.64 PWAT = 16.53 TOTL = 31.99 CAPE = 0.00
LCLT = 285.17 CINS = 0.00 EQLV = -9999.00 LFCT = -9999.00
BRCH = 0.00

PRES TMPC TMWC DWPC THTE DRCT SKNT OMEG
CFRL HGHT
991.90 22.94 17.27 14.04 326.72 169.11 5.15 0.00
0.00 149.42
989.00 22.34 17.00 13.92 326.18 169.38 6.33 0.00
0.00 174.93
983.50 21.74 16.71 13.79 325.94 169.29 7.32 0.00
0.00 223.41
974.10 20.74 16.21 13.55 325.55 170.75 8.47 -0.10
0.00 306.67
960.20 19.54 15.54 13.15 325.21 173.29 9.98 -0.10
0.00 430.80
942.40 19.24 13.90 10.37 322.28 180.00 13.40 -0.10
5.00 591.92
921.20 19.34 11.24 4.58 316.92 188.24 14.92 0.00
7.00 787.53
898.10 20.74 8.49 -5.97 311.77 206.97 12.43 0.10
0.00 1006.04
873.10 19.74 8.11 -5.10 314.06 241.59 13.48 0.20
0.00 1248.91
845.10 17.84 6.60 -7.20 313.84 249.92 19.23 0.20
0.00 1527.93
814.30 15.74 5.23 -8.18 314.60 250.22 23.52 0.00
0.00 1843.51
780.50 12.94 3.26 -10.20 314.49 253.61 24.09 -0.10
0.00 2200.79
743.80 9.64 1.50 -9.89 315.70 255.26 26.71 -0.10
0.00 2602.36
704.20 6.34 -0.41 -10.03 317.27 255.55 32.69 0.00
0.00 3053.26
661.70 4.64 -2.13 -12.55 319.98 248.63 33.59 0.10
0.00 3561.72
616.20 1.54 -4.59 -14.95 322.09 239.09 34.42 0.10
0.00 4138.50
568.30 -2.96 -8.74 -22.01 321.63 234.92 39.88 0.00
0.00 4784.44
521.90 -7.76 -13.03 -30.35 321.76 233.66 41.96 -0.10
0.00 5452.43
480.00 -12.76 -17.18 -37.45 322.38 233.50 41.80 -0.20
0.00 6096.62
442.60 -17.66 -20.97 -38.24 323.73 235.50 45.96 -0.20
0.00 6709.21
408.90 -21.76 -24.17 -37.33 326.04 240.08 54.91 -0.20
0.00 7296.86
378.30 -25.36 -27.05 -36.65 328.82 243.91 63.15 -0.20
0.00 7865.27
350.80 -29.26 -30.60 -40.20 330.29 243.29 68.71 -0.10
0.00 8408.49
326.00 -32.56 -33.92 -48.76 331.99 238.81 76.52 -0.10
0.00 8928.45
303.70 -34.96 -36.27 -56.53 335.07 236.07 88.73 -0.10
0.00 9424.99
283.60 -37.16 -38.28 -57.08 338.54 235.45 96.93 -0.10
0.00 9900.23
265.50 -39.76 -40.70 -59.07 341.13 235.23 100.49 -0.10
0.00 10353.30
248.70 -42.76 -43.50 -61.32 343.05 235.53 102.27 -0.20
0.00 10797.01
233.50 -45.66 -46.25 -63.98 344.85 236.76 103.83 -0.20
0.00 11219.65
219.50 -48.36 -48.84 -67.42 346.78 238.23 104.41 -0.10
0.00 11628.93
205.60 -51.26 -51.65 -72.72 348.72 239.05 104.64 -0.10
0.00 12056.62
191.70 -54.76 -55.03 -73.19 350.16 239.71 105.52 -0.10
0.00 12507.69
177.70 -58.26 -58.45 -73.70 352.09 240.44 106.29 0.00
0.00 12988.59
163.80 -61.46 -61.59 -74.24 355.01 240.90 104.25 0.00
0.00 13497.11
149.80 -64.26 -9999.00 -9999.00 -9999.00 240.78 97.49 0.00
0.00 14047.08
135.90 -67.26 -9999.00 -9999.00 -9999.00 240.16 86.67 0.00
0.00 14638.24
121.90 -69.96 -9999.00 -9999.00 -9999.00 237.80 74.38 0.10
0.00 15289.16
108.00 -71.16 -9999.00 -9999.00 -9999.00 236.90 62.61 0.10
0.00 16007.11
94.00 -69.96 -9999.00 -9999.00 -9999.00 233.81 49.34 0.10
0.00 16830.42
81.00 -68.06 -9999.00 -9999.00 -9999.00 220.22 37.90 0.00
0.00 17719.84
70.60 -66.06 -9999.00 -9999.00 -9999.00 210.77 29.62 0.00
0.00 18548.83
62.20 -64.76 -9999.00 -9999.00 -9999.00 214.15 27.00 0.00
0.00 19319.12
54.30 -60.06 -9999.00 -9999.00 -9999.00 223.94 14.84 0.00
0.00 20157.01
46.90 -58.76 -9999.00 -9999.00 -9999.00 182.73 12.26 0.00
0.00 21073.63
40.10 -56.36 -9999.00 -9999.00 -9999.00 173.88 5.48 0.00
0.00 22062.13
33.80 -55.16 -9999.00 -9999.00 -9999.00 133.03 11.97 0.00
0.00 23149.72
27.80 -52.36 -9999.00 -9999.00 -9999.00 120.26 10.80 0.00
0.00 24404.71
22.30 -50.96 -9999.00 -9999.00 -9999.00 102.80 13.15 0.00
0.00 25833.95
17.10 -49.26 -9999.00 -9999.00 -9999.00 90.00 11.27 0.00
0.00 27567.37
12.30 -47.86 -9999.00 -9999.00 -9999.00 155.38 5.13 0.00
0.00 29733.39

STID = KDAL STNM = 722583 TIME = 191020/1700 
SLAT = 32.84 SLON = -96.85 SELV = 138.0
STIM = 4

SHOW = 7.76 LIFT = 5.71 SWET = 119.04 KINX = 12.19
LCLP = 815.19 PWAT = 18.45 TOTL = 36.31 CAPE = 0.00
LCLT = 282.61 CINS = 0.00 EQLV = -9999.00 LFCT = -9999.00
BRCH = 0.00

PRES TMPC TMWC DWPC THTE DRCT SKNT OMEG
CFRL HGHT
990.50 25.64 17.33 12.41 326.94 175.91 5.46 0.00
0.00 149.54
987.50 25.04 17.04 12.26 326.38 176.73 6.82 0.00
0.00 176.18
982.00 24.34 16.71 12.11 326.01 176.99 7.40 0.00
0.00 225.15
972.70 23.34 16.21 11.85 325.59 177.34 8.35 -0.10
0.00 308.32
958.80 22.14 15.55 11.46 325.30 178.78 9.13 -0.20
0.00 433.66
941.10 20.74 14.22 9.90 323.37 185.96 13.09 -0.20
0.00 595.16
920.00 19.64 12.38 7.01 320.48 190.05 15.58 -0.10
0.00 790.75
896.90 20.64 8.89 -4.06 313.08 192.53 16.12 -0.10
0.00 1009.72
871.90 19.74 8.25 -4.48 314.63 214.85 13.25 -0.10
0.00 1252.93
844.00 18.24 8.00 -2.47 317.86 228.72 21.19 -0.20
0.00 1531.62
813.20 15.84 7.20 -1.23 320.19 232.96 26.77 -0.20
0.00 1848.17
779.50 12.94 4.72 -4.45 318.49 243.03 24.84 -0.30
0.00 2205.25
742.80 9.44 2.48 -5.85 318.36 251.57 24.57 -0.20
0.00 2607.47
703.30 5.94 0.05 -7.62 318.56 252.55 28.52 -0.10
0.00 3057.55
660.90 4.34 -2.24 -12.34 319.87 244.84 31.97 0.00
0.00 3564.89
615.50 1.24 -4.88 -15.54 321.55 235.89 37.06 0.10
0.00 4140.44
567.70 -3.16 -8.81 -21.63 321.63 234.34 42.31 0.10
0.00 4785.14
521.40 -7.86 -13.03 -29.67 321.87 232.23 44.72 0.10
0.00 5452.01
479.70 -12.76 -17.06 -35.48 322.69 230.57 45.26 0.00
0.00 6093.53
442.30 -17.56 -20.82 -37.09 324.06 232.90 48.95 0.00
0.00 6706.66
408.70 -21.56 -23.90 -35.88 326.57 238.39 56.33 -0.10
0.00 7293.27
378.20 -25.46 -27.09 -36.21 328.78 241.81 64.14 -0.10
0.00 7860.17
350.70 -29.46 -30.71 -39.36 330.16 241.65 69.52 -0.10
0.00 8403.22
326.00 -32.66 -34.02 -49.41 331.81 236.55 78.22 -0.20
0.00 8920.83
303.60 -34.66 -36.03 -58.00 335.48 233.81 91.45 -0.20
0.00 9419.89
283.60 -37.06 -38.19 -57.08 338.68 233.31 98.83 -0.20
0.00 9893.24
265.50 -40.06 -40.97 -59.07 340.69 234.00 101.81 -0.20
0.00 10346.12
248.70 -43.16 -43.87 -61.32 342.46 235.15 103.67 -0.20
0.00 10789.16
233.50 -46.16 -46.72 -63.98 344.09 236.75 105.23 -0.20
0.00 11210.96
219.50 -48.66 -49.13 -67.42 346.32 237.90 107.09 -0.20
0.00 11619.52
205.60 -51.36 -51.72 -67.89 348.61 238.20 109.48 -0.20
0.00 12046.82
191.70 -54.66 -54.94 -73.19 350.32 238.43 110.57 -0.10
0.00 12497.90
177.70 -58.16 -58.35 -73.70 352.25 238.55 109.07 -0.10
0.00 12979.02
163.80 -61.36 -61.49 -74.24 355.18 238.55 106.10 0.00
0.00 13487.78
149.80 -64.16 -9999.00 -9999.00 -9999.00 239.17 99.30 0.00
0.00 14038.01
135.90 -66.76 -9999.00 -9999.00 -9999.00 239.76 86.79 0.00
0.00 14630.03
121.90 -69.36 -9999.00 -9999.00 -9999.00 238.19 74.07 0.00
0.00 15282.69
108.00 -70.96 -9999.00 -9999.00 -9999.00 237.62 63.48 0.10
0.00 16002.07
94.00 -70.06 -9999.00 -9999.00 -9999.00 233.61 51.40 0.10
0.00 16825.58
81.00 -67.86 -9999.00 -9999.00 -9999.00 219.04 41.03 0.00
0.00 17715.22
70.60 -65.26 -9999.00 -9999.00 -9999.00 209.84 30.46 0.00
0.00 18546.22
62.20 -63.96 -9999.00 -9999.00 -9999.00 220.70 23.83 0.00
0.00 19319.48
54.30 -59.56 -9999.00 -9999.00 -9999.00 229.97 12.68 0.00
0.00 20159.95
46.90 -58.86 -9999.00 -9999.00 -9999.00 185.10 10.92 0.00
0.00 21077.42
40.10 -56.36 -9999.00 -9999.00 -9999.00 149.42 4.97 0.00
0.00 22065.70
33.80 -55.56 -9999.00 -9999.00 -9999.00 132.34 11.83 0.00
0.00 23152.29
27.80 -52.36 -9999.00 -9999.00 -9999.00 123.15 11.36 0.00
0.00 24406.13
22.30 -50.96 -9999.00 -9999.00 -9999.00 100.62 12.65 0.00
0.00 25835.38
17.10 -48.56 -9999.00 -9999.00 -9999.00 94.16 10.70 0.00
0.00 27571.52
12.30 -47.36 -9999.00 -9999.00 -9999.00 200.85 4.37 0.00
0.00 29743.32

STID = KDAL STNM = 722583 TIME = 191020/1800 
SLAT = 32.84 SLON = -96.85 SELV = 138.0
STIM = 5

SHOW = 5.89 LIFT = 3.93 SWET = 175.68 KINX = 15.75
LCLP = 775.04 PWAT = 20.25 TOTL = 39.95 CAPE = 0.00
LCLT = 280.78 CINS = 0.00 EQLV = -9999.00 LFCT = -9999.00
BRCH = 0.00

PRES TMPC TMWC DWPC THTE DRCT SKNT OMEG
CFRL HGHT
990.80 28.04 17.61 11.30 327.68 176.82 7.01 0.00
0.00 149.62
987.80 27.24 17.25 11.13 326.88 176.10 8.57 0.00
0.00 176.46
982.40 26.64 16.96 10.99 326.64 176.50 9.54 -0.10
0.00 224.85
973.00 25.64 16.48 10.78 326.33 177.88 10.49 -0.10
0.00 309.51
959.20 24.34 15.82 10.44 326.02 178.06 11.46 -0.30
0.00 434.80
941.40 22.64 14.97 10.03 325.68 179.09 12.24 -0.40
0.00 598.26
920.20 21.04 13.44 8.16 323.66 188.64 15.52 -0.40
0.00 795.87
897.20 20.44 11.01 3.08 319.27 194.04 17.62 -0.20
0.00 1014.46
872.10 20.04 8.38 -4.52 314.90 197.46 18.12 0.00
0.00 1258.77
844.30 17.94 9.45 2.22 322.12 211.05 23.35 0.20
0.00 1536.51
813.30 15.74 8.51 2.44 324.00 227.62 27.08 0.20
0.00 1855.10
779.60 13.34 5.57 -2.35 320.76 236.31 26.61 0.10
0.00 2212.53
742.90 9.74 3.08 -4.39 319.87 240.09 25.33 0.00
0.00 2615.31
703.40 6.34 0.36 -7.24 319.29 242.72 27.97 0.00
0.00 3065.95
660.90 4.24 -2.32 -12.45 319.69 237.23 33.72 0.00
0.00 3574.74
615.60 1.14 -5.13 -16.47 320.97 232.90 38.97 0.00
0.00 4148.74
567.80 -3.16 -8.78 -21.44 321.68 233.23 44.13 0.00
0.00 4793.18
521.50 -7.96 -12.84 -27.23 322.28 232.00 47.32 0.00
0.00 5459.84
479.70 -12.76 -16.80 -32.16 323.22 230.71 49.69 0.00
0.00 6102.77
442.30 -17.36 -20.56 -35.55 324.53 232.16 52.87 0.00
0.00 6716.18
408.70 -21.76 -24.09 -36.34 326.23 236.58 57.48 -0.10
0.00 7302.80
378.20 -25.76 -27.48 -37.84 328.13 239.28 63.50 -0.10
0.00 7869.11
350.70 -29.86 -31.06 -39.63 329.58 238.70 68.43 -0.10
0.00 8411.38
326.00 -32.76 -34.11 -49.41 331.67 234.02 79.68 -0.10
0.00 8928.46
303.60 -34.66 -36.01 -56.53 335.53 231.40 93.71 -0.10
0.00 9427.41
283.60 -37.16 -38.28 -57.08 338.54 231.48 101.05 -0.10
0.00 9900.66
265.50 -40.26 -41.15 -59.07 340.40 232.51 104.04 -0.10
0.00 10353.25
248.70 -43.66 -44.33 -61.32 341.71 233.91 105.54 -0.10
0.00 10795.62
233.50 -46.46 -46.98 -61.80 343.68 235.42 107.11 -0.10
0.00 11216.69
219.50 -48.66 -49.13 -67.42 346.32 236.37 111.52 -0.10
0.00 11624.98
205.60 -51.26 -51.62 -67.89 348.77 236.92 117.07 -0.10
0.00 12052.37
191.70 -54.56 -54.84 -73.19 350.48 236.91 117.77 -0.10
0.00 12503.66
177.70 -58.06 -58.25 -73.70 352.42 236.77 113.79 -0.10
0.00 12985.00
163.80 -61.36 -61.49 -74.24 355.18 237.44 109.71 -0.10
0.00 13493.88
149.80 -64.26 -9999.00 -9999.00 -9999.00 239.31 102.78 -0.10
0.00 14043.97
135.90 -66.46 -9999.00 -9999.00 -9999.00 240.68 88.44 0.00
0.00 14636.28
121.90 -68.76 -9999.00 -9999.00 -9999.00 239.42 74.46 0.00
0.00 15290.38
108.00 -70.86 -9999.00 -9999.00 -9999.00 236.41 63.89 0.00
0.00 16010.99
94.00 -70.46 -9999.00 -9999.00 -9999.00 228.89 52.58 0.10
0.00 16833.90
81.00 -68.66 -9999.00 -9999.00 -9999.00 217.07 43.82 0.10
0.00 17720.92
70.60 -64.46 -9999.00 -9999.00 -9999.00 216.05 32.67 0.00
0.00 18551.92
62.20 -62.76 -9999.00 -9999.00 -9999.00 226.01 23.48 0.00
0.00 19328.88
54.30 -60.06 -9999.00 -9999.00 -9999.00 234.04 12.24 0.00
0.00 20170.75
46.90 -59.46 -9999.00 -9999.00 -9999.00 201.61 11.07 0.00
0.00 21085.87
40.10 -56.96 -9999.00 -9999.00 -9999.00 158.20 5.23 0.00
0.00 22071.39
33.80 -56.36 -9999.00 -9999.00 -9999.00 135.91 8.66 0.00
0.00 23154.48
27.80 -52.96 -9999.00 -9999.00 -9999.00 119.17 9.56 0.00
0.00 24404.32
22.30 -51.06 -9999.00 -9999.00 -9999.00 95.96 13.09 0.00
0.00 25831.30
17.10 -46.76 -9999.00 -9999.00 -9999.00 101.13 12.08 0.00
0.00 27574.05
12.30 -46.16 -9999.00 -9999.00 -9999.00 180.00 0.78 0.00
0.00 29760.32

STID = KDAL STNM = 722583 TIME = 191020/1900 
SLAT = 32.84 SLON = -96.85 SELV = 138.0
STIM = 6

SHOW = 3.45 LIFT = 1.62 SWET = 221.18 KINX = 19.55
LCLP = 767.42 PWAT = 22.85 TOTL = 43.85 CAPE = 0.00
LCLT = 281.35 CINS = 0.00 EQLV = -9999.00 LFCT = -9999.00
BRCH = 0.00

PRES TMPC TMWC DWPC THTE DRCT SKNT OMEG
CFRL HGHT
990.00 29.44 18.41 12.03 330.59 172.06 8.43 0.00
0.00 149.69
987.00 28.64 18.06 11.87 329.79 173.66 10.55 0.00
0.00 176.68
981.60 27.94 17.75 11.75 329.47 173.23 11.54 -0.10
0.00 225.34
972.20 26.94 17.30 11.57 329.21 173.85 12.70 -0.10
0.00 310.46
958.40 25.64 16.69 11.32 329.06 175.10 13.66 -0.30
0.00 436.44
940.60 24.04 15.94 11.02 329.02 176.95 14.59 -0.40
0.00 600.83
919.50 22.04 14.96 10.58 328.75 180.00 17.09 -0.50
0.00 798.58
896.30 20.24 13.85 9.77 328.41 187.56 19.21 -0.50
0.00 1019.87
871.40 19.44 11.41 5.33 324.13 192.71 20.32 -0.20
0.00 1262.59
843.40 18.44 10.55 4.46 325.54 217.49 25.21 0.00
0.00 1542.90
812.50 16.44 8.82 2.50 324.98 227.06 30.52 0.00
0.00 1861.53
778.80 13.64 6.05 -1.32 322.20 230.24 30.07 0.00
0.00 2219.98
742.20 10.14 3.34 -4.16 320.63 233.37 27.35 0.00
0.00 2622.61
702.70 6.44 0.35 -7.42 319.37 235.98 28.13 0.00
0.00 3074.09
660.40 4.14 -2.46 -12.80 319.45 231.59 34.71 0.10
0.00 3580.91
615.10 1.14 -5.38 -17.80 320.46 229.64 40.79 0.10
0.00 4155.22
567.40 -3.06 -8.78 -21.83 321.73 232.34 45.14 0.00
0.00 4798.88
521.20 -7.86 -12.65 -26.19 322.73 232.40 49.03 -0.10
0.00 5464.78
479.50 -12.66 -16.59 -30.72 323.67 232.07 52.45 -0.20
0.00 6106.77
442.10 -17.26 -20.46 -35.09 324.77 233.58 54.31 -0.20
0.00 6720.70
408.50 -21.96 -24.32 -37.34 325.87 236.20 56.57 -0.20
0.00 7307.47
378.10 -26.06 -27.84 -39.48 327.53 237.12 60.84 -0.20
0.00 7871.56
350.60 -30.06 -31.31 -40.80 329.18 235.94 67.29 -0.10
0.00 8413.40
325.90 -32.76 -34.11 -49.41 331.70 232.28 81.27 -0.10
0.00 8930.42
303.60 -34.86 -36.18 -56.53 335.25 230.54 95.36 -0.10
0.00 9427.02
283.50 -37.36 -38.44 -55.83 338.33 231.14 102.78 -0.10
0.00 9902.31
265.50 -40.66 -41.49 -57.61 339.86 231.65 105.52 0.00
0.00 10351.91
248.70 -43.96 -44.58 -59.58 341.31 233.15 106.57 0.00
0.00 10793.61
233.50 -46.66 -47.16 -61.80 343.38 234.92 109.19 0.00
0.00 11214.22
219.50 -48.56 -49.03 -67.42 346.48 235.94 115.83 0.00
0.00 11622.42
205.60 -51.16 -51.53 -67.89 348.93 235.88 122.24 0.00
0.00 12050.01
191.70 -54.56 -54.84 -73.19 350.48 235.76 122.90 0.10
0.00 12501.39
177.70 -58.06 -58.25 -73.70 352.42 236.44 117.72 0.10
0.00 12982.73
163.80 -61.26 -61.39 -74.24 355.35 238.37 112.24 0.10
0.00 13491.73
149.80 -63.86 -9999.00 -9999.00 -9999.00 240.98 103.30 0.10
0.00 14042.48
135.90 -65.86 -9999.00 -9999.00 -9999.00 241.40 88.05 0.10
0.00 14636.21
121.90 -67.96 -9999.00 -9999.00 -9999.00 238.68 75.49 0.00
0.00 15292.54
108.00 -69.96 -9999.00 -9999.00 -9999.00 233.23 64.26 0.00
0.00 16016.16
94.00 -70.06 -9999.00 -9999.00 -9999.00 229.15 53.17 0.00
0.00 16841.71
81.00 -67.96 -9999.00 -9999.00 -9999.00 226.84 42.87 0.00
0.00 17731.13
70.60 -64.16 -9999.00 -9999.00 -9999.00 227.59 33.41 0.00
0.00 18564.14
62.20 -62.06 -9999.00 -9999.00 -9999.00 231.34 26.13 0.00
0.00 19342.96
54.30 -61.56 -9999.00 -9999.00 -9999.00 235.75 11.05 0.00
0.00 20183.24
46.90 -60.16 -9999.00 -9999.00 -9999.00 212.20 12.39 0.00
0.00 21093.64
40.10 -57.46 -9999.00 -9999.00 -9999.00 156.80 7.40 0.00
0.00 22076.41
33.80 -55.96 -9999.00 -9999.00 -9999.00 125.10 8.78 0.00
0.00 23159.25
27.80 -52.26 -9999.00 -9999.00 -9999.00 101.53 9.71 0.00
0.00 24412.23
22.30 -50.66 -9999.00 -9999.00 -9999.00 87.68 14.39 0.00
0.00 25842.77
17.10 -47.16 -9999.00 -9999.00 -9999.00 96.17 14.45 0.00
0.00 27585.52
12.30 -46.36 -9999.00 -9999.00 -9999.00 90.00 4.86 0.00
0.00 29768.89

STID = KDAL STNM = 722583 TIME = 191020/2000 
SLAT = 32.84 SLON = -96.85 SELV = 138.0
STIM = 7

SHOW = -1.10 LIFT = -1.96 SWET = 326.45 KINX = 25.50
LCLP = 793.13 PWAT = 27.80 TOTL = 49.50 CAPE = 424.80
LCLT = 284.87 CINS = -121.74 EQLV = 309.03 LFCT = 701.57
BRCH = 6.31

PRES TMPC TMWC DWPC THTE DRCT SKNT OMEG
CFRL HGHT
987.60 30.14 20.15 15.10 337.63 178.90 10.10 0.00
0.00 148.85
984.60 29.34 19.83 14.97 336.84 179.14 13.01 0.00
0.00 176.00
979.20 28.64 19.54 14.87 336.55 179.24 14.57 0.00
0.00 224.96
969.80 27.74 19.15 14.72 336.46 180.00 15.73 -0.10
0.00 310.61
956.00 26.44 18.59 14.51 336.40 180.66 16.90 -0.30
0.00 437.39
938.30 24.74 17.86 14.25 336.33 181.87 17.87 -0.40
0.00 601.89
917.20 22.74 17.00 13.95 336.35 182.98 18.67 -0.50
0.00 800.86
894.10 20.64 16.11 13.67 336.64 187.52 20.77 -0.60
0.00 1022.47
869.00 18.54 15.02 13.08 336.63 197.24 23.60 -0.50
0.00 1268.08
841.20 17.14 12.89 10.29 333.55 211.39 26.85 -0.40
4.00 1546.73
810.40 16.34 9.45 4.12 327.22 220.28 30.05 -0.20
0.00 1864.76
776.80 13.74 6.38 -0.50 323.42 224.26 31.74 -0.10
0.00 2223.17
740.40 10.14 3.51 -3.64 321.34 227.16 29.14 -0.10
0.00 2624.73
701.10 6.44 0.44 -7.12 319.83 229.69 28.54 0.00
0.00 3075.01
658.90 3.74 -2.63 -12.60 319.32 228.52 35.78 0.10
0.00 3581.44
613.90 0.84 -5.60 -18.05 320.19 230.33 42.91 0.00
0.00 4152.43
566.40 -3.36 -8.95 -21.75 321.57 233.61 46.81 0.00
0.00 4793.87
520.30 -8.16 -12.80 -25.83 322.63 233.31 50.39 -0.10
0.00 5458.76
478.80 -12.76 -16.67 -30.74 323.68 232.51 53.61 -0.20
0.00 6098.21
441.70 -17.46 -20.62 -35.33 324.57 232.59 54.04 -0.30
0.00 6707.58
408.20 -22.06 -24.50 -38.73 325.63 233.21 55.79 -0.30
0.00 7292.73
377.80 -26.26 -28.09 -40.73 327.19 233.69 60.02 -0.30
0.00 7856.89
350.40 -30.16 -31.50 -42.47 328.92 233.39 67.75 -0.30
0.00 8396.79
325.80 -32.86 -34.20 -49.42 331.59 231.87 82.73 -0.30
0.00 8911.72
303.50 -35.06 -36.33 -55.27 335.04 231.27 96.87 -0.20
0.00 9408.16
283.50 -37.56 -38.62 -55.83 338.04 230.99 104.00 -0.20
0.00 9880.78
265.40 -40.86 -41.67 -57.62 339.60 231.39 106.16 -0.20
0.00 10332.57
248.60 -44.06 -44.68 -59.58 341.20 233.07 107.65 -0.20
0.00 10774.16
233.50 -46.56 -47.09 -63.98 343.49 234.51 111.42 -0.10
0.00 11192.08
219.50 -48.26 -48.75 -67.42 346.94 234.90 118.24 -0.10
0.00 11600.64
205.60 -50.96 -51.34 -67.89 349.24 234.73 122.77 -0.10
0.00 12028.71
191.70 -54.46 -54.74 -73.19 350.64 235.37 122.05 -0.10
0.00 12480.40
177.70 -57.86 -58.06 -73.70 352.75 237.30 117.95 -0.10
0.00 12962.08
163.80 -60.86 -61.00 -74.24 356.02 240.05 113.21 0.00
0.00 13471.79
149.80 -63.06 -63.17 -74.84 361.44 241.95 100.80 0.00
0.00 14024.11
135.90 -65.06 -9999.00 -9999.00 -9999.00 242.08 87.94 0.00
0.00 14620.12
121.90 -67.16 -9999.00 -9999.00 -9999.00 238.38 75.95 0.00
0.00 15279.00
108.00 -69.26 -9999.00 -9999.00 -9999.00 233.30 65.66 0.00
0.00 16005.28
94.00 -69.96 -9999.00 -9999.00 -9999.00 233.01 56.18 0.00
0.00 16832.45
81.00 -67.26 -9999.00 -9999.00 -9999.00 235.54 44.29 0.00
0.00 17723.62
70.60 -64.66 -9999.00 -9999.00 -9999.00 232.57 35.47 0.00
0.00 18557.03
62.20 -62.36 -9999.00 -9999.00 -9999.00 224.46 29.12 0.00
0.00 19334.36
54.30 -61.46 -9999.00 -9999.00 -9999.00 216.70 13.33 0.00
0.00 20174.24
46.90 -60.36 -9999.00 -9999.00 -9999.00 205.24 15.03 0.00
0.00 21084.43
40.10 -56.66 -9999.00 -9999.00 -9999.00 161.57 14.12 0.00
0.00 22068.57
33.80 -54.26 -9999.00 -9999.00 -9999.00 137.34 13.48 0.00
0.00 23157.66
27.80 -51.46 -9999.00 -9999.00 -9999.00 112.11 13.42 0.00
0.00 24417.80
22.30 -49.86 -9999.00 -9999.00 -9999.00 95.48 14.24 0.00
0.00 25853.50
17.10 -46.76 -9999.00 -9999.00 -9999.00 105.83 13.52 0.00
0.00 27600.91
12.30 -45.96 -9999.00 -9999.00 -9999.00 135.00 3.03 0.00
0.00 29788.14

STID = KDAL STNM = 722583 TIME = 191020/2100 
SLAT = 32.84 SLON = -96.85 SELV = 138.0
STIM = 8

SHOW = -3.13 LIFT = -4.41 SWET = 406.05 KINX = 28.14
LCLP = 811.67 PWAT = 30.88 TOTL = 52.05 CAPE = 1151.32
LCLT = 287.30 CINS = -58.10 EQLV = 256.51 LFCT = 736.05
BRCH = 20.94

PRES TMPC TMWC DWPC THTE DRCT SKNT OMEG
CFRL HGHT
986.80 30.64 21.44 17.21 343.12 185.01 11.11 0.00
0.00 148.89
983.80 29.94 21.16 17.09 342.43 185.33 14.63 0.00
0.00 176.14
978.40 29.34 20.91 16.97 342.20 185.38 16.59 0.00
0.00 225.29
969.00 28.34 20.48 16.79 341.93 185.59 17.95 0.00
0.00 311.27
955.20 27.04 19.92 16.54 341.79 186.40 19.15 -0.10
0.00 438.54
937.50 25.44 19.20 16.21 341.69 187.19 20.16 -0.20
0.00 603.68
916.40 23.44 18.30 15.79 341.45 188.95 21.23 -0.30
0.00 803.46
893.30 21.34 17.29 15.27 341.22 191.41 22.59 -0.50
0.00 1025.97
868.30 19.24 15.80 14.00 339.60 202.11 26.85 -0.60
0.00 1271.54
840.30 16.84 14.11 12.58 337.94 207.76 29.20 -0.80
12.00 1552.84
809.60 15.94 10.48 6.68 330.60 214.40 30.59 -0.80
4.00 1870.05
776.10 13.94 6.83 0.47 324.80 220.49 31.41 -0.70
0.00 2227.78
739.70 10.44 3.88 -2.96 322.41 221.33 30.01 -0.60
0.00 2630.13
700.50 6.54 0.61 -6.70 320.36 221.19 28.90 -0.50
0.00 3080.04
658.40 3.54 -2.60 -12.00 319.51 226.78 35.45 -0.30
0.00 3585.62
613.40 0.24 -5.73 -16.87 320.08 233.39 42.35 -0.20
0.00 4156.27
566.00 -4.06 -9.17 -20.48 321.26 235.23 45.65 0.00
0.00 4795.38
520.10 -8.56 -12.98 -25.24 322.34 232.82 49.49 0.20
0.00 5456.42
478.60 -12.96 -16.83 -30.91 323.43 230.99 54.00 0.20
0.00 6095.40
441.50 -17.46 -20.66 -35.81 324.54 230.37 55.73 0.20
0.00 6704.80
408.00 -22.16 -24.64 -39.66 325.43 230.32 57.81 0.10
0.00 7290.10
377.70 -26.56 -28.35 -41.06 326.78 230.52 61.40 0.00
0.00 7852.16
350.40 -30.26 -31.63 -43.22 328.70 231.12 69.62 0.00
0.00 8389.72
325.70 -33.06 -34.35 -48.77 331.39 232.18 84.60 0.00
0.00 8906.49
303.50 -35.36 -36.59 -55.27 334.62 231.34 98.25 0.00
0.00 9400.27
283.50 -37.86 -38.91 -57.09 337.57 230.04 104.66 0.00
0.00 9872.29
265.40 -40.96 -41.78 -59.07 339.42 230.59 107.09 0.00
0.00 10323.69
248.60 -43.76 -44.42 -61.32 341.60 232.36 110.39 0.10
0.00 10765.47
233.50 -45.96 -46.53 -63.98 344.40 233.79 115.07 0.10
0.00 11184.21
219.50 -48.06 -48.56 -67.42 347.25 234.15 120.07 0.00
0.00 11593.50
205.60 -51.06 -51.46 -72.72 349.04 234.20 122.86 0.00
0.00 12021.66
191.70 -54.46 -54.74 -73.19 350.64 234.92 122.01 0.00
0.00 12473.25
177.70 -57.86 -58.06 -73.70 352.75 237.16 119.99 0.00
0.00 12954.92
163.80 -60.66 -60.80 -74.24 356.36 239.77 114.20 0.00
0.00 13464.88
149.80 -62.86 -62.97 -74.84 361.78 241.80 100.29 0.00
0.00 14017.72
135.90 -64.86 -9999.00 -9999.00 -9999.00 242.52 87.14 0.00
0.00 14614.30
121.90 -66.56 -9999.00 -9999.00 -9999.00 238.67 73.23 0.00
0.00 15274.45
107.90 -68.66 -9999.00 -9999.00 -9999.00 234.91 63.87 -0.10
0.00 16008.43
94.00 -70.36 -9999.00 -9999.00 -9999.00 237.04 55.34 -0.10
0.00 16830.49
81.00 -68.36 -9999.00 -9999.00 -9999.00 235.24 43.28 0.00
0.00 17718.39
70.60 -64.96 -9999.00 -9999.00 -9999.00 226.54 35.86 0.00
0.00 18548.98
62.20 -62.06 -9999.00 -9999.00 -9999.00 219.51 28.71 0.00
0.00 19326.32
54.30 -60.36 -9999.00 -9999.00 -9999.00 209.36 17.83 0.00
0.00 20168.98
46.90 -59.26 -9999.00 -9999.00 -9999.00 200.22 15.73 0.00
0.00 21083.88
40.10 -55.76 -9999.00 -9999.00 -9999.00 175.29 16.57 0.00
0.00 22072.61
33.80 -54.06 -9999.00 -9999.00 -9999.00 141.50 10.92 0.00
0.00 23164.45
27.80 -52.56 -9999.00 -9999.00 -9999.00 107.10 10.57 0.00
0.00 24422.02
22.30 -51.26 -9999.00 -9999.00 -9999.00 98.26 12.16 0.00
0.00 25849.65
17.10 -47.06 -9999.00 -9999.00 -9999.00 112.87 13.50 0.00
0.00 27590.45
12.30 -45.16 -9999.00 -9999.00 -9999.00 184.09 2.72 0.00
0.00 29780.10

STID = KDAL STNM = 722583 TIME = 191020/2200 
SLAT = 32.84 SLON = -96.85 SELV = 138.0
STIM = 9

SHOW = -3.94 LIFT = -4.99 SWET = 441.78 KINX = 29.84
LCLP = 814.48 PWAT = 32.93 TOTL = 52.89 CAPE = 1455.29
LCLT = 287.88 CINS = -31.42 EQLV = 246.94 LFCT = 746.73
BRCH = 28.06

PRES TMPC TMWC DWPC THTE DRCT SKNT OMEG
CFRL HGHT
986.60 30.94 21.84 17.75 344.83 181.94 11.46 0.00
0.00 149.81
983.70 30.44 21.62 17.63 344.35 182.86 15.56 0.00
0.00 176.20
978.20 29.84 21.36 17.51 344.14 183.11 17.89 0.00
0.00 226.37
968.90 28.94 20.97 17.33 343.98 183.96 19.66 0.00
0.00 311.62
955.10 27.64 20.41 17.07 343.81 184.76 21.06 -0.10
0.00 439.19
937.30 25.94 19.67 16.74 343.61 185.56 22.05 -0.20
0.00 605.64
916.20 24.04 18.81 16.33 343.52 187.24 23.10 -0.30
0.00 805.89
893.10 21.84 17.79 15.83 343.21 189.24 24.20 -0.40
0.00 1028.92
868.10 19.54 16.57 15.08 342.54 193.61 25.58 -0.50
0.00 1274.98
840.20 17.24 14.71 13.35 340.15 203.92 28.26 -0.60
7.00 1555.77
809.40 15.34 11.78 9.57 334.90 211.15 30.42 -0.60
7.00 1874.18
775.90 13.84 7.67 2.63 327.31 218.10 30.85 -0.70
0.00 2231.84
739.50 10.54 4.35 -1.78 323.72 219.18 29.82 -0.60
0.00 2634.45
700.30 6.74 0.98 -5.86 321.29 217.87 31.00 -0.50
0.00 3084.80
658.20 3.54 -2.47 -11.48 319.85 229.10 36.50 -0.50
0.00 3590.76
613.30 -0.36 -5.74 -15.32 320.13 235.85 40.13 -0.30
0.00 4159.72
565.90 -4.46 -9.28 -19.73 321.09 233.79 44.06 -0.10
0.00 4797.82
519.90 -8.46 -13.06 -26.34 322.19 231.68 50.76 0.00
0.00 5460.11
478.50 -12.66 -16.78 -32.58 323.51 230.99 55.24 0.10
0.00 6098.20
441.40 -17.46 -20.81 -37.97 324.27 231.34 55.96 0.00
0.00 6708.05
408.00 -22.26 -24.84 -41.79 325.08 230.39 58.49 0.00
0.00 7291.53
377.70 -26.56 -28.39 -41.77 326.71 229.19 63.91 -0.10
0.00 7853.46
350.30 -30.36 -31.74 -43.62 328.56 231.60 72.86 -0.10
0.00 8392.95
325.70 -33.36 -34.58 -48.16 331.01 233.65 85.86 -0.10
0.00 8907.28
303.50 -35.86 -37.03 -55.27 333.91 231.87 97.53 -0.10
0.00 9400.24
283.50 -38.26 -39.29 -58.55 336.95 229.62 104.04 -0.10
0.00 9871.35
265.40 -40.76 -41.62 -60.82 339.67 230.44 108.59 0.00
0.00 10322.56
248.60 -43.26 -43.96 -61.32 342.35 232.91 113.71 0.00
0.00 10765.00
233.50 -45.76 -46.35 -63.98 344.70 234.44 117.25 0.00
0.00 11184.39
219.50 -48.06 -48.56 -67.42 347.25 234.71 119.70 0.10
0.00 11593.86
205.60 -51.06 -51.46 -72.72 349.04 234.53 121.17 0.10
0.00 12022.02
191.60 -54.36 -54.65 -73.19 350.85 235.44 121.23 0.20
0.00 12477.08
177.70 -57.56 -57.76 -73.70 353.24 237.85 120.45 0.20
0.00 12955.88
163.80 -60.06 -60.22 -74.24 357.36 240.92 110.70 0.20
0.00 13466.91
149.80 -62.16 -9999.00 -9999.00 -9999.00 244.85 98.72 0.20
0.00 14021.45
135.90 -64.46 -9999.00 -9999.00 -9999.00 247.18 85.14 0.10
0.00 14619.60
121.90 -66.76 -9999.00 -9999.00 -9999.00 246.01 71.66 0.00
0.00 15280.06
107.90 -69.06 -9999.00 -9999.00 -9999.00 240.05 61.87 -0.10
0.00 16012.97
94.00 -70.96 -9999.00 -9999.00 -9999.00 239.04 54.37 -0.10
0.00 16833.01
81.00 -68.96 -9999.00 -9999.00 -9999.00 237.39 42.89 0.00
0.00 17718.29
70.60 -65.46 -9999.00 -9999.00 -9999.00 228.66 34.40 0.00
0.00 18546.68
62.20 -63.16 -9999.00 -9999.00 -9999.00 225.86 27.33 0.00
0.00 19321.05
54.30 -61.26 -9999.00 -9999.00 -9999.00 217.20 20.24 0.00
0.00 20159.74
46.90 -58.86 -9999.00 -9999.00 -9999.00 204.66 13.03 0.00
0.00 21073.56
40.10 -56.06 -9999.00 -9999.00 -9999.00 198.43 12.28 0.00
0.00 22062.53
33.80 -54.76 -9999.00 -9999.00 -9999.00 111.04 2.70 0.00
0.00 23151.87
27.80 -54.86 -9999.00 -9999.00 -9999.00 66.45 8.26 0.00
0.00 24400.85
22.30 -54.26 -9999.00 -9999.00 -9999.00 91.71 13.01 0.00
0.00 25811.38
17.10 -47.66 -9999.00 -9999.00 -9999.00 117.76 16.69 0.00
0.00 27538.19
12.30 -44.36 -9999.00 -9999.00 -9999.00 126.87 1.94 0.00
0.00 29728.80

STID = KDAL STNM = 722583 TIME = 191020/2300 
SLAT = 32.84 SLON = -96.85 SELV = 138.0
STIM = 10

SHOW = -4.51 LIFT = -5.50 SWET = 478.20 KINX = 29.06
LCLP = 826.30 PWAT = 33.70 TOTL = 53.35 CAPE = 1760.23
LCLT = 288.79 CINS = -20.87 EQLV = 237.46 LFCT = 758.03
BRCH = 32.92

PRES TMPC TMWC DWPC THTE DRCT SKNT OMEG
CFRL HGHT
986.50 30.64 22.16 18.45 346.28 180.99 11.27 0.00
0.00 148.90
983.40 30.34 22.00 18.35 346.12 181.41 15.73 0.00
0.00 177.10
978.00 29.84 21.77 18.21 345.95 181.79 18.65 0.00
0.00 226.38
968.60 29.04 21.40 18.02 345.89 182.68 20.80 0.00
0.00 312.62
954.80 27.84 20.87 17.75 345.82 183.98 22.40 0.00
0.00 440.33
937.10 26.14 20.13 17.40 345.55 184.69 23.78 -0.10
0.00 606.06
916.00 24.24 19.25 16.95 345.36 186.24 25.02 -0.10
0.00 806.55
892.90 22.14 18.25 16.41 345.06 188.19 25.91 -0.20
0.00 1029.88
867.90 19.84 16.82 15.33 343.55 192.79 28.09 -0.20
0.00 1276.30
840.00 17.24 15.35 14.37 342.57 194.88 28.75 -0.30
9.00 1557.39
809.20 15.44 12.05 9.98 335.84 211.81 29.49 -0.30
13.00 1876.03
775.60 13.84 7.78 2.88 327.68 218.43 30.01 -0.30
0.00 2234.98
739.30 10.64 4.24 -2.18 323.46 220.00 29.91 -0.30
0.00 2636.68
700.10 7.24 0.92 -6.82 321.13 224.76 32.56 -0.30
0.00 3087.59
658.10 3.54 -2.30 -10.83 320.27 235.34 35.18 -0.30
0.00 3592.89
613.10 -0.66 -5.55 -13.77 320.63 237.20 38.36 -0.20
0.00 4163.00
565.80 -4.36 -9.32 -20.31 321.00 234.46 45.12 -0.10
0.00 4799.72
519.80 -8.16 -13.16 -28.89 321.96 233.82 51.98 -0.10
0.00 5462.58
478.50 -12.56 -17.02 -36.88 322.99 233.42 54.43 -0.10
0.00 6099.60
441.40 -17.46 -21.09 -43.75 323.71 234.32 54.29 -0.10
0.00 6709.52
408.00 -22.26 -25.03 -46.76 324.70 231.61 58.49 -0.20
0.00 7292.95
377.60 -26.66 -28.62 -44.69 326.34 229.84 65.07 -0.20
0.00 7856.67
350.30 -30.66 -32.08 -45.38 328.00 232.77 73.19 -0.20
0.00 8393.80
325.70 -33.86 -34.99 -47.58 330.36 235.22 85.14 -0.10
0.00 8907.28
303.50 -36.66 -37.67 -52.29 332.91 232.73 94.95 -0.10
0.00 9398.90
283.50 -38.86 -39.80 -57.09 336.13 229.69 102.39 -0.10
0.00 9868.62
265.40 -40.96 -41.81 -60.82 339.37 230.61 109.58 -0.10
0.00 10319.05
248.60 -43.06 -43.80 -63.51 342.60 233.53 116.67 0.00
0.00 10761.50
233.50 -45.36 -46.00 -66.97 345.26 234.61 120.09 0.00
0.00 11181.44
219.50 -47.96 -48.47 -67.42 347.40 234.50 121.45 0.10
0.00 11591.35
205.60 -51.06 -51.46 -72.72 349.04 234.98 122.86 0.10
0.00 12019.61
191.70 -54.16 -54.45 -73.19 351.12 236.66 123.00 0.20
0.00 12471.50
177.70 -56.96 -57.18 -73.70 354.22 239.35 116.96 0.20
0.00 12954.51
163.80 -59.56 -59.73 -74.24 358.20 242.97 105.98 0.20
0.00 13466.85
149.80 -61.86 -9999.00 -9999.00 -9999.00 247.35 95.34 0.20
0.00 14022.44
135.90 -64.56 -9999.00 -9999.00 -9999.00 249.83 83.39 0.10
0.00 14620.87
121.90 -67.06 -9999.00 -9999.00 -9999.00 247.87 69.62 0.00
0.00 15280.70
107.90 -68.86 -9999.00 -9999.00 -9999.00 239.23 58.10 0.00
0.00 16013.43
94.00 -70.26 -9999.00 -9999.00 -9999.00 236.90 52.64 0.00
0.00 16835.29
81.00 -68.86 -9999.00 -9999.00 -9999.00 241.27 43.65 0.00
0.00 17722.31
70.60 -65.56 -9999.00 -9999.00 -9999.00 233.58 35.00 0.00
0.00 18550.69
62.20 -63.06 -9999.00 -9999.00 -9999.00 233.05 26.50 0.00
0.00 19325.07
54.30 -61.86 -9999.00 -9999.00 -9999.00 223.43 20.07 0.00
0.00 20162.76
46.90 -58.26 -9999.00 -9999.00 -9999.00 219.14 10.76 0.00
0.00 21076.59
40.10 -57.36 -9999.00 -9999.00 -9999.00 212.47 7.60 0.00
0.00 22063.94
33.80 -56.46 -9999.00 -9999.00 -9999.00 115.87 7.13 0.00
0.00 23145.78
27.80 -55.66 -9999.00 -9999.00 -9999.00 109.40 14.63 0.00
0.00 24387.61
22.30 -51.46 -9999.00 -9999.00 -9999.00 108.69 13.95 0.00
0.00 25804.59
17.10 -44.66 -9999.00 -9999.00 -9999.00 83.88 5.48 0.00
0.00 27553.95
12.30 -44.36 -9999.00 -9999.00 -9999.00 345.38 4.62 0.00
0.00 29759.02

STID = KDAL STNM = 722583 TIME = 191021/0000 
SLAT = 32.84 SLON = -96.85 SELV = 138.0
STIM = 11

SHOW = -4.36 LIFT = -5.31 SWET = 485.96 KINX = 30.53
LCLP = 834.20 PWAT = 33.33 TOTL = 53.45 CAPE = 1692.45
LCLT = 288.87 CINS = -47.83 EQLV = 246.32 LFCT = 750.83
BRCH = 28.81

PRES TMPC TMWC DWPC THTE DRCT SKNT OMEG
CFRL HGHT
985.80 29.84 21.88 18.37 345.23 175.68 10.33 0.00
0.00 148.88
982.80 29.74 21.80 18.29 345.34 176.99 14.78 0.00
0.00 176.13
977.40 29.44 21.63 18.17 345.46 177.48 17.70 0.00
0.00 225.35
968.00 28.84 21.29 17.93 345.51 179.49 21.76 0.00
0.00 311.56
954.20 27.74 20.72 17.56 345.30 181.76 25.27 0.00
0.00 439.28
936.50 26.34 19.99 17.09 345.09 184.00 27.84 0.00
0.00 605.12
915.40 24.44 19.06 16.54 344.64 186.38 29.70 0.00
0.00 805.83
892.30 22.44 18.04 15.93 344.31 188.28 31.02 0.00
0.00 1029.46
867.30 20.14 16.83 15.20 343.69 190.56 31.82 0.00
0.00 1276.26
839.40 17.74 15.10 13.71 341.71 196.67 31.84 0.00
0.00 1557.88
808.70 15.84 11.92 9.50 335.48 214.30 30.34 -0.20
0.00 1876.11
775.20 13.94 8.04 3.38 328.52 220.88 30.57 -0.30
0.00 2234.50
738.90 10.74 4.70 -1.07 324.78 223.99 31.04 -0.40
0.00 2636.62
699.70 7.34 1.44 -5.33 322.53 230.19 31.86 -0.50
0.00 3088.05
657.70 3.54 -1.82 -9.12 321.49 236.12 32.75 -0.50
0.00 3593.86
612.80 -0.66 -5.44 -13.32 320.93 236.73 37.18 -0.30
0.00 4163.10
565.50 -4.26 -9.58 -22.26 320.47 237.70 44.35 0.00
0.00 4800.23
519.70 -8.16 -13.57 -33.68 321.10 237.90 50.45 0.30
0.00 5460.48
478.30 -12.66 -17.35 -42.50 322.35 236.84 52.91 0.40
0.00 6099.04
441.30 -17.66 -21.37 -48.22 323.21 236.77 53.88 0.30
0.00 6707.11
407.90 -22.36 -25.21 -50.66 324.40 232.09 57.85 0.20
0.00 7290.31
377.60 -26.86 -28.95 -49.59 325.76 230.88 64.36 0.10
0.00 7851.89
350.30 -30.86 -32.46 -51.97 327.34 236.22 71.97 0.10
0.00 8388.55
325.70 -34.36 -35.61 -53.58 329.35 236.31 79.14 0.10
0.00 8901.25
303.40 -36.96 -37.99 -54.17 332.44 231.70 91.82 0.10
0.00 9394.32
283.40 -38.76 -39.73 -58.55 336.27 230.29 102.76 0.10
0.00 9864.00
265.40 -40.66 -41.53 -60.82 339.81 233.13 111.69 0.10
0.00 10312.41
248.60 -42.46 -43.25 -63.51 343.50 234.99 119.52 0.10
0.00 10755.71
233.50 -44.96 -45.63 -66.97 345.87 235.10 122.92 0.20
0.00 11176.57
219.50 -47.86 -48.37 -67.42 347.56 235.09 123.89 0.20
0.00 11586.94
205.60 -51.06 -51.46 -72.72 349.04 235.89 124.34 0.20
0.00 12015.29
191.70 -54.16 -54.45 -73.19 351.12 237.53 121.56 0.20
0.00 12467.19
177.70 -56.86 -57.08 -73.70 354.38 240.01 113.48 0.10
0.00 12950.30
163.80 -59.36 -9999.00 -9999.00 -9999.00 243.87 102.33 0.10
0.00 13463.00
149.80 -62.06 -9999.00 -9999.00 -9999.00 247.37 92.39 0.00
0.00 14018.58
135.90 -64.66 -9999.00 -9999.00 -9999.00 248.02 82.54 0.00
0.00 14616.59
121.90 -66.96 -9999.00 -9999.00 -9999.00 245.20 67.62 -0.10
0.00 15276.42
108.00 -69.26 -9999.00 -9999.00 -9999.00 236.69 56.25 -0.10
0.00 16003.05
94.00 -70.76 -9999.00 -9999.00 -9999.00 232.52 51.40 -0.10
0.00 16828.60
81.00 -68.96 -9999.00 -9999.00 -9999.00 242.99 44.91 0.00
0.00 17714.32
70.60 -64.86 -9999.00 -9999.00 -9999.00 240.33 35.31 0.00
0.00 18543.91
62.20 -62.56 -9999.00 -9999.00 -9999.00 240.87 27.14 0.00
0.00 19320.50
54.30 -62.16 -9999.00 -9999.00 -9999.00 222.47 15.54 0.00
0.00 20158.60
46.90 -59.06 -9999.00 -9999.00 -9999.00 227.94 10.72 0.00
0.00 21070.06
40.10 -57.56 -9999.00 -9999.00 -9999.00 174.56 8.20 0.00
0.00 22055.13
33.80 -55.46 -9999.00 -9999.00 -9999.00 133.88 14.01 0.00
0.00 23138.96
27.80 -53.56 -9999.00 -9999.00 -9999.00 125.71 15.31 0.00
0.00 24389.66
22.30 -49.16 -9999.00 -9999.00 -9999.00 101.56 8.72 0.00
0.00 25820.84
17.10 -46.16 -9999.00 -9999.00 -9999.00 12.53 8.95 0.00
0.00 27573.31
12.30 -46.26 -9999.00 -9999.00 -9999.00 198.43 0.62 0.00
0.00 29761.99

STID = KDAL STNM = 722583 TIME = 191021/0100 
SLAT = 32.84 SLON = -96.85 SELV = 138.0
STIM = 12

SHOW = -3.89 LIFT = -5.80 SWET = 460.35 KINX = 33.42
LCLP = 854.13 PWAT = 35.24 TOTL = 53.28 CAPE = 1815.37
LCLT = 289.68 CINS = -71.80 EQLV = 248.89 LFCT = 756.47
BRCH = 22.56

PRES TMPC TMWC DWPC THTE DRCT SKNT OMEG
CFRL HGHT
985.80 28.64 21.80 18.81 344.96 165.14 9.85 0.00
0.00 148.84
982.80 28.74 21.78 18.73 345.31 166.61 16.76 0.00
0.00 175.99
977.40 28.54 21.64 18.62 345.57 167.47 19.70 0.00
0.00 225.07
968.10 28.24 21.40 18.40 346.01 171.41 27.31 -0.10
0.00 310.17
954.30 27.64 20.98 18.04 346.41 174.46 32.21 -0.20
0.00 437.76
936.50 26.24 20.31 17.65 346.42 176.75 34.25 -0.30
0.00 604.52
915.40 24.44 19.44 17.17 346.27 178.70 34.19 -0.30
0.00 805.26
892.30 22.34 18.34 16.47 345.56 180.67 33.02 -0.20
0.00 1028.91
867.30 20.24 16.77 15.05 343.44 187.52 31.16 -0.10
0.00 1275.74
839.50 18.54 14.57 12.40 339.72 204.75 30.17 -0.20
0.00 1556.67
808.80 16.64 12.08 9.26 335.96 218.03 30.57 -0.20
0.00 1875.63
775.30 13.84 9.54 6.58 333.16 228.01 31.35 -0.10
0.00 2234.56
738.90 10.84 6.48 2.99 329.85 233.90 31.97 -0.10
0.00 2638.16
699.70 7.44 2.67 -2.09 325.75 235.26 32.38 -0.20
0.00 3090.11
657.70 3.44 -1.15 -6.83 323.14 234.00 33.37 -0.30
0.00 3596.17
612.80 -0.86 -5.36 -12.58 321.13 235.89 37.06 -0.50
0.00 4165.21
565.50 -4.36 -9.78 -23.19 320.05 237.45 43.32 -0.60
0.00 4802.00
519.60 -8.16 -13.83 -38.34 320.54 237.08 47.90 -0.60
0.00 5463.59
478.30 -12.86 -17.62 -46.72 321.83 237.46 50.91 -0.50
0.00 6100.38
441.20 -17.76 -21.41 -46.73 323.18 237.69 53.79 -0.40
0.00 6709.79
407.90 -22.56 -25.33 -48.91 324.22 234.42 55.42 -0.30
0.00 7290.98
377.60 -27.16 -29.19 -49.59 325.37 236.41 60.39 -0.10
0.00 7852.00
350.30 -31.36 -32.89 -51.97 326.66 240.26 67.35 0.10
0.00 8387.78
325.70 -34.66 -35.94 -57.44 328.82 237.35 74.51 0.30
0.00 8899.62
303.40 -36.86 -38.01 -62.00 332.37 232.59 87.30 0.40
0.00 9392.47
283.40 -38.66 -39.69 -62.52 336.33 233.96 98.74 0.50
0.00 9862.34
265.40 -39.86 -40.83 -63.02 340.94 236.39 111.95 0.60
0.00 10311.61
248.60 -41.76 -42.64 -66.52 344.49 236.18 120.42 0.50
0.00 10756.35
233.50 -44.46 -45.16 -66.97 346.62 235.25 122.69 0.50
0.00 11178.30
219.50 -47.56 -48.11 -72.27 347.97 235.33 123.29 0.40
0.00 11589.40
205.60 -50.76 -51.17 -72.72 349.51 236.41 122.88 0.40
0.00 12018.32
191.70 -53.86 -54.16 -73.19 351.60 238.53 119.79 0.40
0.00 12470.83
177.70 -56.76 -56.99 -73.70 354.55 240.72 112.02 0.30
0.00 12954.39
163.80 -59.36 -9999.00 -9999.00 -9999.00 243.34 101.30 0.20
0.00 13467.21
149.80 -62.06 -9999.00 -9999.00 -9999.00 246.13 94.09 0.10
0.00 14022.79
135.90 -64.46 -9999.00 -9999.00 -9999.00 246.37 84.81 0.00
0.00 14621.08
121.90 -66.46 -9999.00 -9999.00 -9999.00 241.62 68.67 -0.10
0.00 15282.02
107.90 -68.86 -9999.00 -9999.00 -9999.00 233.57 56.25 -0.20
0.00 16015.83
94.00 -70.76 -9999.00 -9999.00 -9999.00 233.54 49.03 -0.10
0.00 16836.67
81.00 -70.16 -9999.00 -9999.00 -9999.00 246.50 43.84 0.00
0.00 17719.78
70.60 -65.36 -9999.00 -9999.00 -9999.00 246.21 39.49 0.00
0.00 18545.95
62.20 -62.26 -9999.00 -9999.00 -9999.00 233.13 24.28 0.00
0.00 19322.17
54.30 -61.86 -9999.00 -9999.00 -9999.00 212.69 15.46 0.00
0.00 20161.46
46.90 -58.16 -9999.00 -9999.00 -9999.00 227.73 8.66 0.00
0.00 21075.50
40.10 -56.36 -9999.00 -9999.00 -9999.00 161.57 9.83 0.00
0.00 22065.38
33.80 -53.96 -9999.00 -9999.00 -9999.00 136.51 10.45 0.00
0.00 23155.97
27.80 -51.86 -9999.00 -9999.00 -9999.00 113.07 11.40 0.00
0.00 24415.82
22.30 -49.46 -9999.00 -9999.00 -9999.00 57.43 8.29 0.00
0.00 25851.52
17.10 -47.46 -9999.00 -9999.00 -9999.00 48.37 9.36 0.00
0.00 27597.76
12.30 -46.26 -9999.00 -9999.00 -9999.00 351.87 1.38 0.00
0.00 29780.17

STID = KDAL STNM = 722583 TIME = 191021/0200 
SLAT = 32.84 SLON = -96.85 SELV = 138.0
STIM = 13

SHOW = -3.71 LIFT = -5.56 SWET = 453.36 KINX = 36.05
LCLP = 863.25 PWAT = 35.45 TOTL = 53.77 CAPE = 1741.51
LCLT = 290.03 CINS = -126.17 EQLV = 256.17 LFCT = 748.48
BRCH = 19.28

PRES TMPC TMWC DWPC THTE DRCT SKNT OMEG
CFRL HGHT
986.30 28.14 21.78 19.01 344.83 171.25 12.78 0.00
0.00 149.72
983.30 28.24 21.75 18.92 345.14 172.02 20.98 0.10
0.00 176.82
977.90 27.94 21.58 18.79 345.24 172.76 24.67 0.10
0.00 225.79
968.50 27.44 21.24 18.51 345.29 175.55 32.54 0.00
0.00 311.56
954.70 26.84 20.77 18.06 345.45 177.90 37.12 0.00
0.00 438.76
937.00 25.64 20.07 17.55 345.36 180.84 39.63 0.00
0.00 604.11
915.80 24.04 19.10 16.80 344.76 183.63 39.90 0.00
0.00 805.35
892.70 22.64 17.88 15.58 343.62 188.77 36.95 0.00
0.00 1028.79
867.80 21.44 16.36 13.74 341.73 196.73 33.06 0.00
0.00 1275.00
839.90 19.64 14.48 11.60 339.29 204.97 31.29 0.20
0.00 1557.77
809.20 17.04 12.41 9.60 337.02 214.30 30.34 0.50
0.00 1877.37
775.70 14.14 9.80 6.86 333.92 225.78 30.36 0.70
0.00 2236.59
739.20 10.84 6.82 3.70 330.81 235.92 31.90 0.80
0.00 2641.38
700.00 7.04 3.31 -0.14 327.44 240.95 33.99 0.50
0.00 3092.96
657.90 3.04 -0.68 -4.94 324.30 241.18 37.47 -0.10
0.00 3599.50
613.00 -0.96 -5.37 -12.42 321.08 240.95 42.00 -0.90
0.00 4167.95
565.60 -4.26 -9.89 -24.43 319.79 238.71 46.37 -1.50
0.00 4805.91
519.70 -8.26 -13.91 -38.71 320.37 236.37 48.76 -1.70
0.00 5467.35
478.40 -13.16 -17.74 -43.54 321.63 236.13 51.24 -1.60
0.00 6103.53
441.30 -18.06 -21.52 -43.25 323.01 236.14 54.74 -1.30
0.00 6712.13
407.90 -22.66 -25.27 -44.48 324.36 235.73 58.99 -1.00
0.00 7294.56
377.60 -27.06 -28.97 -45.19 325.77 237.04 63.21 -0.70
0.00 7855.60
350.30 -31.46 -32.76 -45.38 326.92 239.27 65.75 -0.30
0.00 8391.41
325.70 -34.96 -36.00 -48.77 328.76 238.16 71.79 0.10
0.00 8902.86
303.50 -37.16 -38.21 -56.53 332.04 237.14 81.62 0.40
0.00 9392.81
283.40 -38.36 -39.44 -65.56 336.71 237.68 92.64 0.60
0.00 9864.95
265.40 -39.36 -40.41 -66.04 341.62 237.44 106.49 0.80
0.00 10314.99
248.60 -41.36 -42.27 -66.52 345.09 236.74 116.16 0.80
0.00 10760.59
233.50 -44.16 -44.89 -66.97 347.08 236.16 119.99 0.80
0.00 11183.18
219.50 -47.26 -47.83 -72.27 348.43 236.41 120.78 0.70
0.00 11594.82
205.60 -50.46 -50.89 -72.72 349.98 237.32 119.77 0.60
0.00 12024.32
191.70 -53.66 -53.97 -73.19 351.92 238.86 116.43 0.50
0.00 12477.34
177.70 -56.76 -56.99 -73.70 354.55 240.67 109.85 0.40
0.00 12961.13
163.80 -59.56 -59.73 -74.24 358.20 243.04 101.55 0.30
0.00 13473.70
149.80 -62.46 -9999.00 -9999.00 -9999.00 247.03 97.05 0.20
0.00 14028.50
135.90 -65.06 -9999.00 -9999.00 -9999.00 248.48 87.90 0.10
0.00 14625.37
121.90 -66.76 -9999.00 -9999.00 -9999.00 241.81 70.30 0.00
0.00 15284.88
107.90 -69.16 -9999.00 -9999.00 -9999.00 236.11 60.61 -0.10
0.00 16017.61
94.00 -70.76 -9999.00 -9999.00 -9999.00 237.55 52.49 0.00
0.00 16837.85
81.00 -69.96 -9999.00 -9999.00 -9999.00 247.01 41.78 0.00
0.00 17721.39
70.60 -67.36 -9999.00 -9999.00 -9999.00 241.47 32.94 0.00
0.00 18543.94
62.20 -62.46 -9999.00 -9999.00 -9999.00 227.16 29.14 0.00
0.00 19316.09
54.30 -60.66 -9999.00 -9999.00 -9999.00 200.27 13.46 0.00
0.00 20157.36
46.90 -56.46 -9999.00 -9999.00 -9999.00 237.72 8.72 0.00
0.00 21077.62
40.10 -57.36 -9999.00 -9999.00 -9999.00 148.17 6.62 0.00
0.00 22069.11
33.80 -54.66 -9999.00 -9999.00 -9999.00 111.04 5.42 0.00
0.00 23155.45
27.80 -53.76 -9999.00 -9999.00 -9999.00 90.00 7.77 0.00
0.00 24407.86
22.30 -52.26 -9999.00 -9999.00 -9999.00 82.87 12.53 0.00
0.00 25828.39
17.10 -48.66 -9999.00 -9999.00 -9999.00 96.41 17.40 0.00
0.00 27559.10
12.30 -44.56 -9999.00 -9999.00 -9999.00 15.38 8.06 0.00
0.00 29743.92

STID = KDAL STNM = 722583 TIME = 191021/0300 
SLAT = 32.84 SLON = -96.85 SELV = 138.0
STIM = 14

SHOW = -4.18 LIFT = -5.97 SWET = 474.67 KINX = 37.91
LCLP = 862.06 PWAT = 35.03 TOTL = 55.15 CAPE = 1752.29
LCLT = 289.81 CINS = -158.04 EQLV = 259.92 LFCT = 743.53
BRCH = 17.47

PRES TMPC TMWC DWPC THTE DRCT SKNT OMEG
CFRL HGHT
985.30 27.94 21.59 18.79 344.15 177.65 14.20 0.10
0.00 149.72
982.30 27.94 21.54 18.72 344.40 178.04 22.75 0.10
0.00 176.82
976.90 27.74 21.41 18.62 344.69 178.76 27.00 0.10
0.00 225.80
967.60 27.24 21.15 18.46 345.05 180.62 35.74 0.00
0.00 310.68
953.80 26.64 20.77 18.17 345.64 182.47 40.64 0.00
0.00 437.92
936.10 25.74 20.10 17.55 345.62 185.96 44.91 0.10
0.00 603.41
914.90 24.44 18.65 15.87 343.06 189.86 46.52 0.10
0.00 804.96
891.90 23.34 17.34 14.30 341.56 194.36 42.31 0.10
0.00 1027.94
867.00 21.94 16.23 13.24 341.33 200.30 35.84 0.20
0.00 1274.78
839.20 20.04 14.22 10.88 338.42 208.87 34.60 0.30
0.00 1557.14
808.60 17.54 11.99 8.49 335.66 218.08 33.06 0.50
0.00 1876.33
775.10 14.44 9.43 5.90 332.81 229.80 32.81 0.60
0.00 2236.20
738.70 10.94 6.66 3.27 330.40 240.21 34.01 0.70
0.00 2640.37
699.50 6.84 3.69 0.90 328.57 246.13 36.97 0.40
0.00 3092.22
657.50 2.54 -0.26 -3.28 325.42 248.60 41.51 -0.20
0.00 3597.40
612.60 -1.16 -5.22 -11.48 321.50 246.52 46.81 -1.00
0.00 4165.61
565.30 -4.76 -9.95 -22.67 319.77 239.35 48.78 -1.50
0.00 4801.84
519.50 -9.06 -14.20 -34.17 319.97 235.46 50.70 -1.50
0.00 5460.59
478.20 -13.86 -18.04 -38.79 321.21 235.85 53.98 -1.20
0.00 6095.27
441.20 -18.46 -21.68 -40.29 322.78 238.01 59.77 -0.90
0.00 6701.16
407.80 -22.46 -24.95 -41.04 324.94 238.54 65.13 -0.70
0.00 7283.52
377.50 -26.76 -28.51 -41.07 326.57 238.21 66.72 -0.40
0.00 7845.29
350.20 -31.36 -32.56 -43.23 327.27 238.08 67.97 -0.10
0.00 8381.72
325.60 -34.96 -36.02 -49.42 328.75 237.87 73.41 0.10
0.00 8893.43
303.40 -36.76 -37.88 -58.01 332.59 238.85 81.49 0.30
0.00 9383.95
283.40 -37.66 -38.80 -62.52 337.76 238.95 91.14 0.40
0.00 9854.92
265.40 -38.86 -39.96 -66.04 342.35 238.28 103.44 0.50
0.00 10306.11
248.60 -41.26 -42.18 -66.52 345.24 237.37 110.96 0.60
0.00 10752.28
233.50 -44.16 -44.91 -71.85 347.03 236.71 115.03 0.60
0.00 11174.97
219.50 -47.26 -47.83 -72.27 348.43 237.10 117.29 0.50
0.00 11586.60
205.60 -50.36 -50.79 -72.72 350.14 238.40 116.76 0.50
0.00 12016.20
191.70 -53.56 -53.88 -73.19 352.08 240.10 113.38 0.40
0.00 12469.43
177.70 -56.86 -57.08 -73.70 354.38 241.45 107.69 0.40
0.00 12953.21
163.80 -59.96 -60.12 -74.24 357.53 243.48 100.95 0.30
0.00 13465.19
149.80 -62.96 -63.07 -74.84 361.61 247.71 96.78 0.20
0.00 14018.82
135.90 -65.26 -9999.00 -9999.00 -9999.00 249.93 86.03 0.10
0.00 14614.69
121.90 -66.76 -9999.00 -9999.00 -9999.00 242.86 69.41 0.00
0.00 15273.88
107.90 -69.36 -9999.00 -9999.00 -9999.00 236.52 59.85 0.00
0.00 16006.25
94.00 -70.96 -9999.00 -9999.00 -9999.00 241.05 54.18 0.00
0.00 16825.69
81.00 -69.76 -9999.00 -9999.00 -9999.00 251.09 44.35 0.00
0.00 17709.23
70.60 -65.86 -9999.00 -9999.00 -9999.00 246.90 28.73 0.00
0.00 18535.20
62.20 -63.46 -9999.00 -9999.00 -9999.00 235.62 26.83 0.00
0.00 19308.27
54.30 -59.46 -9999.00 -9999.00 -9999.00 209.74 12.53 0.00
0.00 20149.94
46.90 -58.06 -9999.00 -9999.00 -9999.00 209.74 6.25 0.00
0.00 21069.34
40.10 -57.56 -9999.00 -9999.00 -9999.00 140.39 7.30 0.00
0.00 22056.70
33.80 -54.46 -9999.00 -9999.00 -9999.00 159.44 4.97 0.00
0.00 23143.03
27.80 -54.76 -9999.00 -9999.00 -9999.00 94.18 7.98 0.00
0.00 24393.16
22.30 -52.76 -9999.00 -9999.00 -9999.00 85.49 14.80 0.00
0.00 25808.86
17.10 -49.76 -9999.00 -9999.00 -9999.00 98.62 12.98 0.00
0.00 27533.34
12.30 -45.26 -9999.00 -9999.00 -9999.00 9.31 12.00 0.00
0.00 29709.48

STID = KDAL STNM = 722583 TIME = 191021/0400 
SLAT = 32.84 SLON = -96.85 SELV = 138.0
STIM = 15

SHOW = -4.79 LIFT = -7.37 SWET = 515.26 KINX = 39.95
LCLP = 877.24 PWAT = 38.89 TOTL = 55.64 CAPE = 1916.58
LCLT = 290.87 CINS = -132.68 EQLV = 251.25 LFCT = 752.33
BRCH = 15.60

PRES TMPC TMWC DWPC THTE DRCT SKNT OMEG
CFRL HGHT
985.40 27.54 21.97 19.58 345.79 180.00 13.99 0.00
0.00 149.71
982.40 27.54 21.93 19.53 346.10 180.00 21.76 0.00
0.00 176.78
977.00 27.14 21.75 19.44 346.18 180.00 26.03 -0.10
0.00 225.69
967.60 26.64 21.51 19.31 346.64 180.99 33.80 -0.30
0.00 311.35
953.80 25.94 21.18 19.13 347.41 182.54 39.47 -0.60
0.00 438.38
936.10 25.24 20.76 18.83 348.49 185.10 43.69 -1.00
0.00 603.64
915.00 24.04 19.97 18.18 348.58 187.93 46.48 -1.20
0.00 804.11
892.00 22.44 18.68 16.96 347.01 192.70 48.58 -1.30
0.00 1026.86
867.10 20.94 16.68 14.54 343.09 198.97 46.02 -1.30
0.00 1273.10
839.20 19.64 14.49 11.62 339.44 208.89 38.60 -1.20
0.00 1555.92
808.50 17.64 11.84 8.12 335.15 219.06 34.52 -1.10
0.00 1876.03
775.10 14.64 9.31 5.49 332.40 230.45 33.26 -0.80
0.00 2234.99
738.70 11.04 6.80 3.48 330.81 242.38 33.10 -0.50
0.00 2639.36
699.50 6.84 4.49 2.56 330.82 254.18 36.34 -0.30
0.00 3091.40
657.50 2.04 1.11 0.23 328.93 260.91 44.27 -0.10
1.00 3596.45
612.50 -2.46 -3.64 -5.06 325.20 258.18 51.20 0.10
0.00 4164.62
565.30 -5.46 -9.36 -17.15 321.12 252.26 56.08 0.10
0.00 4797.67
519.40 -9.16 -14.38 -36.06 319.62 239.95 54.31 0.00
0.00 5457.05
478.10 -13.96 -18.33 -44.10 320.66 233.17 56.06 0.20
0.00 6091.57
441.10 -18.26 -21.44 -38.59 323.24 235.63 64.01 0.60
0.00 6697.69
407.80 -22.36 -24.78 -39.35 325.26 237.49 70.49 0.90
0.00 7278.74
377.50 -26.76 -28.45 -40.09 326.68 237.29 72.26 1.10
0.00 7840.65
350.20 -30.06 -31.59 -45.87 328.80 238.32 76.92 1.00
0.00 8378.49
325.60 -32.26 -33.79 -53.58 332.28 240.81 81.66 0.80
0.00 8894.45
303.40 -34.66 -36.01 -56.54 335.59 240.52 83.68 0.70
0.00 9389.93
283.40 -36.66 -37.87 -58.55 339.28 237.59 89.51 0.50
0.00 9864.00
265.40 -38.46 -39.58 -63.02 342.98 236.71 100.16 0.40
0.00 10316.53
248.60 -40.86 -41.82 -66.52 345.83 235.47 106.58 0.30
0.00 10763.48
233.50 -43.96 -44.73 -71.85 347.33 233.62 110.02 0.20
0.00 11186.71
219.50 -47.26 -47.83 -72.27 348.43 234.13 111.71 0.10
0.00 11598.53
205.60 -50.46 -50.89 -72.72 349.98 235.72 110.72 0.10
0.00 12028.03
191.70 -53.56 -53.88 -73.19 352.08 237.46 107.61 0.00
0.00 12481.15
177.70 -56.66 -56.89 -73.70 354.71 238.23 101.46 -0.10
0.00 12965.16
163.80 -60.06 -60.22 -74.24 357.36 240.20 95.36 -0.20
0.00 13477.26
149.80 -63.36 -63.47 -74.84 360.92 244.85 91.41 -0.30
0.00 14030.23
135.90 -65.76 -9999.00 -9999.00 -9999.00 249.01 81.35 -0.40
0.00 14624.82
121.90 -67.36 -9999.00 -9999.00 -9999.00 247.98 65.79 -0.40
0.00 15282.26
108.00 -70.26 -9999.00 -9999.00 -9999.00 241.88 57.71 -0.30
0.00 16006.41
94.00 -71.86 -9999.00 -9999.00 -9999.00 246.57 50.82 -0.10
0.00 16827.69
81.00 -69.86 -9999.00 -9999.00 -9999.00 252.20 44.48 0.00
0.00 17709.06
70.60 -63.36 -9999.00 -9999.00 -9999.00 243.09 28.75 0.10
0.00 18539.85
62.20 -61.56 -9999.00 -9999.00 -9999.00 225.00 21.97 0.00
0.00 19321.08
54.30 -58.76 -9999.00 -9999.00 -9999.00 238.67 10.47 0.00
0.00 20167.92
46.90 -59.26 -9999.00 -9999.00 -9999.00 210.96 4.53 0.00
0.00 21086.25
40.10 -56.56 -9999.00 -9999.00 -9999.00 150.26 7.83 0.00
0.00 22073.15
33.80 -54.16 -9999.00 -9999.00 -9999.00 159.15 8.72 0.00
0.00 23162.74
27.80 -54.26 -9999.00 -9999.00 -9999.00 100.20 9.87 0.00
0.00 24415.16
22.30 -52.06 -9999.00 -9999.00 -9999.00 89.25 14.76 0.00
0.00 25834.72
17.10 -50.56 -9999.00 -9999.00 -9999.00 67.46 11.15 0.00
0.00 27558.82
12.30 -46.66 -9999.00 -9999.00 -9999.00 9.93 15.77 0.00
0.00 29724.35

STID = KDAL STNM = 722583 TIME = 191021/0500 
SLAT = 32.84 SLON = -96.85 SELV = 138.0
STIM = 16

SHOW = -6.17 LIFT = -8.55 SWET = 566.62 KINX = 40.89
LCLP = 907.85 PWAT = 43.17 TOTL = 56.60 CAPE = 2259.89
LCLT = 292.74 CINS = -81.47 EQLV = 208.79 LFCT = 764.55
BRCH = 17.39

PRES TMPC TMWC DWPC THTE DRCT SKNT OMEG
CFRL HGHT
985.60 26.54 22.56 20.92 348.41 178.67 16.71 0.10
0.00 149.67
982.60 26.44 22.51 20.89 348.66 179.17 26.81 0.00
0.00 176.67
977.20 26.14 22.38 20.83 348.96 179.65 32.25 0.00
0.00 225.44
967.80 25.44 22.13 20.76 349.37 181.12 39.63 -0.10
0.00 310.84
954.00 24.54 21.84 20.72 350.34 183.56 46.91 -0.30
0.00 437.39
936.20 23.34 21.52 20.75 351.87 186.70 51.63 -0.40
0.00 602.81
915.10 22.14 21.14 20.70 353.78 189.77 53.81 -0.50
0.00 802.24
891.90 21.14 20.00 19.49 352.70 192.72 51.18 -0.60
6.00 1026.04
867.00 20.14 17.95 16.93 348.24 202.76 49.71 -0.60
5.00 1271.76
839.10 19.04 15.41 13.52 342.89 213.22 46.45 -0.50
0.00 1554.22
808.40 17.44 12.11 8.79 336.11 220.86 41.86 -0.50
0.00 1874.11
775.00 14.84 9.21 5.13 332.10 229.49 38.58 -0.40
0.00 2233.13
738.70 11.14 6.83 3.46 330.90 237.17 35.84 -0.20
0.00 2636.60
699.50 7.04 4.55 2.50 330.97 248.26 34.09 0.10
0.00 3088.88
657.50 2.54 1.10 -0.26 328.91 258.17 41.69 0.30
0.00 3594.53
612.60 -1.46 -3.68 -6.44 325.07 251.22 51.30 0.30
31.00 4162.84
565.30 -4.46 -8.45 -15.81 323.01 245.83 54.08 0.60
0.00 4799.49
519.40 -9.66 -11.41 -14.60 325.81 239.70 51.98 1.10
2.00 5459.94
478.10 -12.86 -15.67 -23.12 325.84 234.24 64.16 1.30
0.00 6095.79
441.10 -16.56 -20.52 -46.73 324.72 231.94 72.79 1.30
0.00 6705.39
407.80 -21.66 -24.12 -37.62 326.39 230.80 70.69 1.30
0.00 7289.17
377.50 -25.66 -27.71 -42.53 327.88 234.73 76.38 1.00
0.00 7853.11
350.20 -29.16 -30.97 -49.49 329.78 237.99 78.81 0.60
0.00 8393.13
325.60 -32.16 -33.73 -54.69 332.38 240.07 81.37 0.10
0.00 8910.14
303.40 -34.76 -36.14 -59.77 335.36 240.70 83.76 -0.20
0.00 9405.61
283.40 -37.76 -38.82 -57.09 337.74 236.90 83.24 -0.30
0.00 9878.48
265.40 -39.96 -40.90 -60.82 340.83 237.07 93.26 -0.20
0.00 10328.53
248.60 -41.86 -42.73 -66.52 344.34 237.73 102.23 -0.20
0.00 10773.08
233.50 -44.36 -45.09 -71.85 346.73 235.51 108.41 -0.10
0.00 11195.03
219.50 -47.46 -48.02 -72.27 348.13 234.99 112.41 -0.10
0.00 11606.30
205.60 -50.66 -51.08 -72.72 349.66 236.28 110.94 -0.20
0.00 12035.42
191.70 -53.66 -53.97 -73.19 351.92 238.41 106.04 -0.20
0.00 12488.23
177.70 -56.56 -56.79 -73.70 354.88 240.12 99.03 -0.20
0.00 12972.24
163.80 -59.86 -60.02 -74.24 357.70 243.98 92.09 -0.20
0.00 13484.70
149.80 -63.26 -63.37 -74.84 361.10 250.77 88.46 -0.20
0.00 14038.06
135.90 -66.26 -9999.00 -9999.00 -9999.00 255.79 79.95 -0.20
0.00 14632.08
121.90 -67.96 -9999.00 -9999.00 -9999.00 253.47 64.84 -0.20
0.00 15287.77
107.90 -70.16 -9999.00 -9999.00 -9999.00 244.42 55.79 -0.20
0.00 16016.57
94.00 -72.26 -9999.00 -9999.00 -9999.00 244.58 52.04 -0.10
0.00 16831.77
81.00 -69.16 -9999.00 -9999.00 -9999.00 248.60 46.31 0.00
0.00 17713.79
70.60 -63.76 -9999.00 -9999.00 -9999.00 232.91 29.95 0.10
0.00 18545.19
62.20 -63.06 -9999.00 -9999.00 -9999.00 220.14 25.91 0.10
0.00 19322.89
54.30 -59.06 -9999.00 -9999.00 -9999.00 250.46 12.78 0.00
0.00 20166.15
46.90 -57.36 -9999.00 -9999.00 -9999.00 216.87 6.80 0.00
0.00 21087.91
40.10 -55.26 -9999.00 -9999.00 -9999.00 176.70 10.12 0.00
0.00 22082.15
33.80 -54.56 -9999.00 -9999.00 -9999.00 155.70 6.60 0.00
0.00 23173.99
27.80 -52.86 -9999.00 -9999.00 -9999.00 93.75 11.87 0.00
0.00 24429.27
22.30 -51.56 -9999.00 -9999.00 -9999.00 88.05 17.11 0.00
0.00 25854.96
17.10 -50.16 -9999.00 -9999.00 -9999.00 55.30 12.28 0.00
0.00 27582.55
12.30 -47.86 -9999.00 -9999.00 -9999.00 35.84 12.94 0.00
0.00 29744.23

STID = KDAL STNM = 722583 TIME = 191021/0600 
SLAT = 32.84 SLON = -96.85 SELV = 138.0
STIM = 17

SHOW = -7.00 LIFT = -6.97 SWET = 570.28 KINX = 44.13
LCLP = 957.89 PWAT = 50.54 TOTL = 55.51 CAPE = 2374.39
LCLT = 295.12 CINS = -7.22 EQLV = 203.85 LFCT = 835.11
BRCH = 66.79

PRES TMPC TMWC DWPC THTE DRCT SKNT OMEG
CFRL HGHT
987.40 24.54 23.08 22.47 350.51 219.02 14.51 0.10
0.00 148.70
984.40 24.34 22.92 22.32 350.26 219.81 22.77 0.10
0.00 175.48
979.00 23.94 22.69 22.15 350.08 217.84 27.54 0.00
0.00 223.85
969.60 23.24 22.32 21.90 349.92 216.34 33.76 -0.10
0.00 308.53
955.70 22.14 21.76 21.55 349.70 215.50 39.14 -0.30
0.00 434.86
937.90 21.14 20.98 20.85 349.17 215.78 42.85 -0.70
0.00 598.75
916.70 20.44 20.31 20.19 349.77 216.19 45.73 -1.10
66.00 797.43
893.50 19.64 19.54 19.43 350.36 216.13 48.10 -1.60
77.00 1019.57
868.40 18.64 18.51 18.39 350.31 214.61 50.27 -2.10
26.00 1265.67
840.50 17.24 17.16 17.06 349.57 213.69 50.43 -2.20
0.00 1546.45
809.70 15.34 15.26 15.16 347.41 218.62 48.23 -1.60
5.00 1865.43
776.10 11.44 11.39 11.31 339.14 230.76 45.14 -0.40
7.00 2223.53
739.60 8.14 7.30 6.67 332.21 246.27 43.92 0.80
13.00 2624.81
700.20 4.84 4.17 3.59 329.80 257.91 47.28 1.40
26.00 3075.01
658.10 0.54 0.01 -0.54 326.03 255.96 46.45 0.70
87.00 3577.61
613.20 -2.36 -3.75 -5.45 324.81 238.87 45.84 -0.60
54.00 4142.41
565.80 -4.96 -7.33 -10.90 325.41 231.25 58.04 -1.70
40.00 4778.40
519.90 -8.16 -10.95 -16.22 326.61 230.53 64.16 -2.30
45.00 5439.62
478.50 -12.36 -14.83 -20.65 327.40 232.68 68.88 -2.60
36.00 6078.87
441.40 -16.86 -18.61 -23.49 328.45 234.84 71.52 -2.90
56.00 6690.16
408.00 -20.56 -21.95 -26.60 330.25 236.98 69.50 -2.90
71.00 7276.61
377.70 -22.96 -24.31 -29.42 333.78 236.36 61.36 -2.60
79.00 7844.78
350.30 -25.96 -27.12 -32.29 336.38 234.24 58.18 -2.10
78.00 8393.27
325.70 -30.56 -31.14 -34.23 336.77 233.64 56.68 -1.50
82.00 8915.44
303.50 -34.76 -35.34 -39.74 336.75 235.94 58.62 -1.10
44.00 9412.55
283.50 -38.86 -39.32 -44.09 336.97 237.36 61.60 -0.80
55.00 9884.24
265.40 -42.66 -42.93 -46.56 337.62 237.96 65.54 -0.50
3.00 10333.09
248.60 -44.76 -45.18 -53.17 340.41 236.86 78.19 -0.20
0.00 10772.31
233.50 -47.26 -47.68 -58.64 342.56 236.45 89.28 0.10
0.00 11188.96
219.50 -48.36 -48.87 -72.27 346.74 237.06 111.09 0.40
0.00 11596.80
205.60 -51.26 -51.65 -72.72 348.72 237.12 113.79 0.50
0.00 12024.49
191.70 -54.06 -54.36 -73.19 351.28 239.07 108.47 0.40
0.00 12476.28
177.70 -56.76 -56.99 -73.70 354.55 241.71 100.82 0.40
0.00 12959.62
163.80 -59.76 -59.92 -74.24 357.86 246.22 92.97 0.30
0.00 13471.96
149.80 -63.16 -63.27 -74.84 361.27 253.41 87.76 0.20
0.00 14025.58
135.90 -65.96 -9999.00 -9999.00 -9999.00 256.77 77.23 0.10
0.00 14620.17
121.90 -67.56 -9999.00 -9999.00 -9999.00 252.43 65.00 0.00
0.00 15276.97
107.90 -69.56 -9999.00 -9999.00 -9999.00 241.25 56.93 0.00
0.00 16007.56
94.00 -71.26 -9999.00 -9999.00 -9999.00 241.30 51.38 0.00
0.00 16825.99
81.00 -70.36 -9999.00 -9999.00 -9999.00 242.66 44.83 0.00
0.00 17707.57
70.60 -63.96 -9999.00 -9999.00 -9999.00 237.53 35.45 0.10
0.00 18536.15
62.20 -62.66 -9999.00 -9999.00 -9999.00 216.33 24.59 0.10
0.00 19314.23
54.30 -59.16 -9999.00 -9999.00 -9999.00 246.43 11.65 0.00
0.00 20158.09
46.90 -57.86 -9999.00 -9999.00 -9999.00 221.19 4.14 0.00
0.00 21078.56
40.10 -56.86 -9999.00 -9999.00 -9999.00 189.21 7.28 0.00
0.00 22067.98
33.80 -55.26 -9999.00 -9999.00 -9999.00 138.81 6.20 0.00
0.00 23154.07
27.80 -52.16 -9999.00 -9999.00 -9999.00 102.53 16.12 0.00
0.00 24409.35
22.30 -51.06 -9999.00 -9999.00 -9999.00 92.34 19.06 0.00
0.00 25838.91
17.10 -49.66 -9999.00 -9999.00 -9999.00 58.44 15.97 0.00
0.00 27570.39
12.30 -49.16 -9999.00 -9999.00 -9999.00 54.58 10.72 0.00
0.00 29728.21

STID = KDAL STNM = 722583 TIME = 191021/0700 
SLAT = 32.84 SLON = -96.85 SELV = 138.0
STIM = 18

SHOW = 2.51 LIFT = -1.47 SWET = 237.40 KINX = 33.95
LCLP = 963.61 PWAT = 40.12 TOTL = 44.22 CAPE = 1011.91
LCLT = 294.39 CINS = -19.40 EQLV = 256.69 LFCT = 863.52
BRCH = 33.69

PRES TMPC TMWC DWPC THTE DRCT SKNT OMEG
CFRL HGHT
989.00 23.44 22.22 21.67 346.38 232.31 10.80 0.10
0.00 148.63
986.00 23.24 21.99 21.43 345.87 235.11 18.01 0.30
0.00 175.26
980.50 22.94 21.71 21.15 345.50 237.02 21.78 0.60
0.00 224.25
971.10 22.34 21.05 20.46 344.18 239.72 28.13 1.10
24.00 308.46
957.20 21.74 19.80 18.88 341.14 242.23 32.93 1.90
92.00 434.16
939.30 20.94 17.73 16.09 335.83 245.71 34.95 2.50
94.00 598.20
918.20 19.74 15.53 13.13 331.02 252.18 34.29 3.00
94.00 794.73
895.20 18.14 13.59 10.73 327.81 256.98 31.90 3.20
96.00 1012.90
870.20 16.44 12.03 9.08 326.45 256.68 30.34 3.20
98.00 1254.97
842.30 14.44 11.04 8.74 327.47 254.74 31.00 3.00
100.00 1531.64
811.60 12.34 10.19 8.74 329.50 252.06 35.31 2.70
100.00 1844.67
777.90 10.24 9.09 8.29 331.40 246.34 41.14 2.00
100.00 2199.66
741.30 8.14 7.90 7.70 333.76 234.89 45.59 1.00
100.00 2600.09
701.80 5.44 5.42 5.36 333.08 223.01 47.55 -0.10
100.00 3051.08
659.40 2.24 2.19 2.11 331.45 223.46 46.04 -0.50
100.00 3558.61
614.20 -2.16 -2.21 -2.30 328.28 231.22 43.10 -0.30
100.00 4128.53
566.60 -4.86 -8.13 -13.70 323.50 236.81 61.75 -0.30
85.00 4766.69
520.60 -7.96 -12.96 -28.26 322.20 240.55 69.15 -0.50
58.00 5428.41
479.10 -12.56 -16.58 -31.25 323.76 239.12 70.40 -0.40
67.00 6067.92
441.90 -17.46 -19.49 -25.93 326.69 236.61 72.36 -0.10
94.00 6678.96
408.40 -20.76 -22.06 -26.39 329.96 234.48 72.55 0.10
95.00 7265.57
378.00 -22.86 -24.00 -28.05 334.26 229.16 64.45 0.10
90.00 7835.03
350.60 -26.66 -27.17 -29.18 336.24 227.52 53.21 0.10
96.00 8382.47
325.90 -30.76 -31.20 -33.47 336.61 225.69 57.01 0.20
100.00 8905.45
303.60 -34.76 -35.27 -39.04 336.83 224.02 64.30 0.20
97.00 9404.37
283.50 -38.36 -38.80 -43.11 337.81 223.54 64.57 0.20
88.00 9878.86
265.50 -41.76 -42.16 -47.41 338.82 227.84 74.94 0.00
78.00 10326.49
248.70 -43.76 -44.38 -58.14 341.65 234.17 98.23 -0.30
0.00 10767.35
233.50 -45.56 -46.21 -71.85 344.91 235.85 107.96 -0.50
0.00 11189.15
219.60 -48.06 -48.56 -67.41 347.20 236.12 115.35 -0.40
0.00 11595.78
205.60 -51.26 -51.65 -72.72 348.72 237.05 116.43 -0.30
0.00 12026.73
191.60 -54.36 -54.65 -73.19 350.85 238.85 110.76 -0.20
0.00 12481.58
177.70 -57.26 -57.47 -73.70 353.73 241.28 103.88 -0.10
0.00 12960.71
163.70 -60.36 -60.51 -74.25 356.92 244.51 97.49 0.00
0.00 13475.57
149.80 -63.26 -63.37 -74.84 361.10 249.25 88.29 0.10
0.00 14024.50
135.80 -65.66 -9999.00 -9999.00 -9999.00 253.14 73.68 0.20
0.00 14623.87
121.90 -67.56 -9999.00 -9999.00 -9999.00 251.45 62.30 0.20
0.00 15276.70
107.90 -69.06 -9999.00 -9999.00 -9999.00 244.32 56.47 0.20
0.00 16008.19
94.00 -70.76 -9999.00 -9999.00 -9999.00 240.90 51.13 0.10
0.00 16828.63
81.00 -70.26 -9999.00 -9999.00 -9999.00 241.51 43.98 0.10
0.00 17711.52
70.60 -64.56 -9999.00 -9999.00 -9999.00 237.48 34.32 0.00
0.00 18539.09
62.20 -62.56 -9999.00 -9999.00 -9999.00 222.61 26.40 0.00
0.00 19316.25
54.30 -60.66 -9999.00 -9999.00 -9999.00 251.90 10.63 0.00
0.00 20157.32
46.90 -58.96 -9999.00 -9999.00 -9999.00 178.45 7.19 0.00
0.00 21072.22
40.10 -57.66 -9999.00 -9999.00 -9999.00 178.75 8.94 0.00
0.00 22057.28
33.80 -53.86 -9999.00 -9999.00 -9999.00 127.18 7.07 0.00
0.00 23144.87
27.80 -52.76 -9999.00 -9999.00 -9999.00 103.57 11.60 0.00
0.00 24402.43
22.30 -52.26 -9999.00 -9999.00 -9999.00 105.85 16.36 0.00
0.00 25826.19
17.10 -50.36 -9999.00 -9999.00 -9999.00 61.09 14.86 0.00
0.00 27550.29
12.30 -48.06 -9999.00 -9999.00 -9999.00 39.52 10.08 0.00
0.00 29710.04

STID = KDAL STNM = 722583 TIME = 191021/0800 
SLAT = 32.84 SLON = -96.85 SELV = 138.0
STIM = 19

SHOW = 9.71 LIFT = 4.81 SWET = 107.63 KINX = 21.98
LCLP = 882.98 PWAT = 26.51 TOTL = 33.11 CAPE = 0.00
LCLT = 286.54 CINS = 0.00 EQLV = -9999.00 LFCT = -9999.00
BRCH = 0.00

PRES TMPC TMWC DWPC THTE DRCT SKNT OMEG
CFRL HGHT
989.20 22.84 17.86 15.15 329.16 278.58 10.41 0.00
0.00 150.33
986.20 22.84 17.44 14.42 328.07 282.04 14.90 0.00
0.00 176.82
980.80 22.64 16.89 13.57 326.89 284.81 17.48 -0.10
0.00 224.67
971.50 22.04 16.02 12.38 325.20 289.89 19.42 -0.10
0.00 307.56
957.60 21.04 14.86 10.88 323.24 297.32 19.89 -0.30
0.00 432.54
939.90 19.64 13.44 9.17 321.15 309.52 20.14 -0.50
28.00 593.61
918.80 18.14 11.84 7.12 319.11 319.28 20.24 -0.70
38.00 788.57
895.80 16.54 10.82 6.41 319.20 324.19 18.92 -0.80
42.00 1005.02
870.90 15.64 9.22 3.78 317.97 311.63 16.38 -0.50
45.00 1244.60
843.10 15.84 5.77 -6.79 312.16 293.91 20.61 -0.10
35.00 1519.64
812.30 14.34 3.62 -12.97 310.82 281.31 22.79 0.20
39.00 1834.06
778.70 11.24 4.87 -1.63 319.18 259.60 21.52 0.30
43.00 2188.29
742.20 8.34 6.53 5.14 329.53 238.39 35.59 0.50
47.00 2587.31
702.60 5.74 5.53 5.34 333.27 226.43 43.96 0.70
62.00 3039.12
660.10 1.74 1.53 1.30 329.56 224.83 45.47 0.70
100.00 3547.05
614.80 -2.56 -3.83 -5.38 324.36 239.26 51.30 0.30
78.00 4116.45
567.10 -5.96 -9.25 -15.47 321.06 243.35 60.20 0.00
0.00 4753.30
520.90 -8.86 -13.54 -28.25 321.05 242.32 66.90 -0.20
0.00 5414.86
479.30 -12.66 -16.86 -33.60 323.17 239.01 70.92 -0.20
0.00 6054.35
442.10 -16.56 -20.13 -37.66 325.30 234.84 75.56 -0.20
0.00 6665.91
408.50 -19.16 -22.60 -44.99 328.72 231.23 80.96 -0.10
0.00 7256.68
378.10 -22.16 -24.72 -38.63 332.82 228.16 79.78 -0.10
0.00 7828.32
350.60 -26.26 -27.64 -34.47 335.38 226.51 72.82 -0.10
48.00 8378.73
325.90 -30.26 -31.21 -36.86 336.57 225.43 73.35 -0.20
55.00 8902.58
303.60 -34.36 -34.99 -39.74 337.28 223.85 75.43 -0.20
56.00 9402.40
283.60 -38.26 -38.73 -43.43 337.88 223.61 79.41 -0.30
0.00 9874.93
265.50 -42.06 -42.57 -50.55 338.14 227.41 91.28 -0.30
0.00 10324.76
248.70 -44.66 -45.26 -61.32 340.22 233.06 96.97 -0.30
0.00 10764.47
233.50 -46.66 -47.21 -66.97 343.29 235.56 102.70 -0.20
0.00 11184.42
219.50 -48.76 -49.22 -67.42 346.17 235.90 112.61 -0.10
0.00 11592.44
205.60 -51.66 -52.01 -67.89 348.14 237.02 116.71 -0.10
0.00 12019.36
191.70 -54.86 -55.13 -73.19 349.99 238.36 112.94 0.00
0.00 12469.92
177.70 -57.86 -58.06 -73.70 352.75 240.01 106.08 0.10
0.00 12951.16
163.70 -60.66 -60.80 -74.25 356.42 242.99 99.65 0.20
0.00 13464.93
149.80 -62.96 -9999.00 -9999.00 -9999.00 247.67 89.45 0.20
0.00 14013.87
135.80 -65.06 -9999.00 -9999.00 -9999.00 250.28 73.68 0.20
0.00 14614.53
121.90 -66.76 -9999.00 -9999.00 -9999.00 246.13 60.96 0.20
0.00 15269.57
107.90 -68.46 -9999.00 -9999.00 -9999.00 238.51 54.66 0.10
0.00 16003.55
94.00 -70.26 -9999.00 -9999.00 -9999.00 234.25 49.53 0.00
0.00 16826.21
81.00 -70.06 -9999.00 -9999.00 -9999.00 239.82 41.34 0.00
0.00 17710.63
70.60 -66.66 -9999.00 -9999.00 -9999.00 243.58 34.48 0.00
0.00 18534.38
62.20 -62.36 -9999.00 -9999.00 -9999.00 236.42 27.04 0.00
0.00 19308.01
54.30 -60.66 -9999.00 -9999.00 -9999.00 261.87 12.35 0.00
0.00 20149.48
46.90 -58.46 -9999.00 -9999.00 -9999.00 177.27 12.26 0.00
0.00 21065.45
40.10 -55.76 -9999.00 -9999.00 -9999.00 186.95 8.02 0.00
0.00 22056.02
33.80 -51.96 -9999.00 -9999.00 -9999.00 100.49 5.34 0.00
0.00 23153.12
27.80 -52.76 -9999.00 -9999.00 -9999.00 80.18 10.26 0.00
0.00 24416.11
22.30 -53.26 -9999.00 -9999.00 -9999.00 100.98 13.25 0.00
0.00 25836.65
17.10 -49.16 -9999.00 -9999.00 -9999.00 76.53 14.18 0.00
0.00 27561.52
12.30 -46.56 -9999.00 -9999.00 -9999.00 48.45 11.42 0.00
0.00 29734.29

STID = KDAL STNM = 722583 TIME = 191021/0900 
SLAT = 32.84 SLON = -96.85 SELV = 138.0
STIM = 20

SHOW = 10.48 LIFT = 13.46 SWET = 98.56 KINX = 17.10
LCLP = 893.95 PWAT = 16.35 TOTL = 31.72 CAPE = 0.00
LCLT = 284.05 CINS = 0.00 EQLV = -9999.00 LFCT = -9999.00
BRCH = 0.00

PRES TMPC TMWC DWPC THTE DRCT SKNT OMEG
CFRL HGHT
990.40 19.34 15.13 12.46 319.97 303.69 5.59 0.00
0.00 148.43
987.40 19.84 14.35 10.63 317.90 303.94 12.18 0.00
0.00 174.56
982.00 20.04 13.45 8.63 315.82 309.90 15.44 0.00
0.00 221.82
972.60 19.84 12.06 5.67 312.88 321.51 20.59 0.00
0.00 304.67
958.80 19.44 10.34 1.63 309.72 330.52 25.66 0.00
0.00 427.53
941.20 19.14 8.26 -4.93 306.18 337.93 31.02 0.00
0.00 586.47
920.10 18.34 6.59 -10.79 304.37 339.74 34.79 0.00
0.00 780.47
897.10 16.64 5.94 -9.13 305.73 338.78 35.43 0.00
0.00 996.09
872.10 15.54 7.03 -2.18 311.81 333.65 22.77 0.00
0.00 1235.81
844.20 15.04 5.77 -5.33 312.13 300.43 14.20 0.20
0.00 1510.90
813.50 13.54 2.83 -15.52 308.79 292.07 23.27 0.40
0.00 1823.00
779.80 11.54 0.98 -20.32 309.00 273.28 23.74 0.40
0.00 2177.06
743.20 8.04 4.11 0.42 322.67 232.41 27.70 0.30
0.00 2575.96
703.50 5.74 3.72 1.97 328.02 221.50 40.46 0.30
11.00 3027.54
661.00 1.84 -1.23 -4.84 322.48 233.67 40.99 0.60
30.00 3534.27
615.60 -2.66 -4.44 -6.75 322.83 244.27 53.69 0.60
20.00 4103.69
567.70 -5.66 -9.84 -18.90 319.68 245.26 62.67 0.40
0.00 4742.52
521.40 -8.66 -14.18 -39.06 319.55 242.60 65.42 0.00
0.00 5405.27
479.70 -12.56 -17.45 -49.25 321.82 236.53 70.09 -0.40
0.00 6045.92
442.30 -16.46 -20.22 -40.64 325.05 232.38 77.00 -0.60
0.00 6660.52
408.70 -19.06 -22.51 -44.46 328.84 231.22 84.96 -0.70
0.00 7251.23
378.20 -21.66 -24.74 -46.83 332.65 228.41 87.78 -0.70
0.00 7825.18
350.70 -25.46 -27.75 -44.02 335.04 223.89 85.45 -0.60
0.00 8376.77
326.00 -29.96 -31.40 -42.12 336.17 221.82 84.19 -0.50
0.00 8901.56
303.70 -34.26 -35.17 -43.12 336.94 220.86 85.53 -0.40
0.00 9401.58
283.60 -38.36 -39.14 -49.38 337.18 222.34 91.71 -0.40
0.00 9876.36
265.50 -41.86 -42.58 -57.61 338.11 227.24 94.72 -0.40
0.00 10326.26
248.70 -44.56 -45.19 -63.51 340.33 232.88 97.20 -0.50
0.00 10766.24
233.50 -47.06 -47.59 -66.97 342.68 234.45 101.22 -0.50
0.00 11185.91
219.50 -49.26 -49.69 -67.42 345.40 234.63 110.06 -0.50
0.00 11593.12
205.60 -52.06 -52.39 -67.89 347.51 235.48 115.52 -0.40
0.00 12019.17
191.70 -55.26 -55.51 -73.19 349.35 236.12 113.25 -0.20
0.00 12468.92
177.70 -58.36 -58.54 -73.70 351.93 237.03 107.44 -0.10
0.00 12949.15
163.80 -60.86 -61.00 -74.24 356.02 240.02 100.68 0.10
0.00 13458.27
149.80 -62.96 -9999.00 -9999.00 -9999.00 245.36 90.40 0.20
0.00 14010.72
135.90 -65.06 -9999.00 -9999.00 -9999.00 246.76 74.84 0.20
0.00 14606.87
121.90 -66.66 -9999.00 -9999.00 -9999.00 244.70 62.74 0.20
0.00 15266.54
107.90 -68.56 -9999.00 -9999.00 -9999.00 240.16 56.22 0.00
0.00 16000.52
94.00 -70.86 -9999.00 -9999.00 -9999.00 232.74 51.01 -0.10
0.00 16821.77
81.00 -71.26 -9999.00 -9999.00 -9999.00 237.53 43.07 0.00
0.00 17702.26
70.60 -66.56 -9999.00 -9999.00 -9999.00 248.92 37.26 0.10
0.00 18523.81
62.20 -60.46 -9999.00 -9999.00 -9999.00 242.06 25.29 0.10
0.00 19301.15
54.30 -59.56 -9999.00 -9999.00 -9999.00 238.74 6.37 0.00
0.00 20148.58
46.90 -58.06 -9999.00 -9999.00 -9999.00 174.71 10.53 0.00
0.00 21067.77
40.10 -55.06 -9999.00 -9999.00 -9999.00 177.80 5.05 0.00
0.00 22060.86
33.80 -53.36 -9999.00 -9999.00 -9999.00 116.57 11.29 0.00
0.00 23156.20
27.80 -52.86 -9999.00 -9999.00 -9999.00 90.92 12.04 0.00
0.00 24414.91
22.30 -52.36 -9999.00 -9999.00 -9999.00 84.56 8.20 0.00
0.00 25838.02
17.10 -47.86 -9999.00 -9999.00 -9999.00 73.94 13.34 0.00
0.00 27571.45
12.30 -46.66 -9999.00 -9999.00 -9999.00 62.45 10.08 0.00
0.00 29750.00

STID = KDAL STNM = 722583 TIME = 191021/1000 
SLAT = 32.84 SLON = -96.85 SELV = 138.0
STIM = 21

SHOW = 11.45 LIFT = 13.70 SWET = 100.62 KINX = 9.84
LCLP = 900.42 PWAT = 13.74 TOTL = 29.72 CAPE = 0.00
LCLT = 283.02 CINS = 0.00 EQLV = -9999.00 LFCT = -9999.00
BRCH = 0.00

PRES TMPC TMWC DWPC THTE DRCT SKNT OMEG
CFRL HGHT
991.10 17.74 13.92 11.32 316.22 295.77 6.25 0.00
0.00 149.22
988.10 18.34 13.27 9.60 314.62 302.01 14.67 -0.10
0.00 175.18
982.70 18.44 12.51 7.95 313.06 304.73 17.74 -0.10
0.00 222.15
973.40 18.94 11.03 3.99 309.95 317.98 23.80 -0.20
0.00 303.68
959.60 18.74 9.67 0.48 307.85 331.36 28.77 -0.30
0.00 426.07
941.90 18.24 8.32 -3.07 306.39 341.78 32.93 -0.30
0.00 585.35
920.80 17.84 6.87 -8.04 305.10 347.20 35.06 -0.20
0.00 778.79
897.80 16.44 5.61 -10.43 304.82 342.92 33.74 -0.10
0.00 994.00
872.70 15.14 5.38 -7.75 307.49 331.23 27.04 0.00
0.00 1234.15
844.90 14.34 5.23 -6.16 310.73 301.33 15.70 0.10
0.00 1507.40
814.00 12.64 2.84 -12.66 308.92 293.37 24.96 0.30
0.00 1820.44
780.30 11.24 1.92 -12.71 311.36 276.50 30.89 0.40
0.00 2173.68
743.60 7.94 3.29 -1.47 320.44 230.85 28.30 0.20
0.00 2573.17
703.90 5.74 1.49 -3.09 322.09 225.22 36.40 0.30
0.00 3024.06
661.40 1.74 -2.84 -9.40 318.62 239.58 38.75 0.40
0.00 3529.92
615.90 -2.56 -6.11 -11.85 319.07 244.00 52.74 0.50
0.00 4099.86
568.10 -5.66 -10.58 -23.25 318.05 244.89 61.79 0.20
0.00 4736.76
521.70 -8.86 -14.40 -41.20 319.07 240.08 62.32 -0.20
0.00 5400.16
479.90 -12.76 -17.53 -46.69 321.65 234.76 69.68 -0.50
0.00 6041.54
442.50 -16.96 -20.60 -41.03 324.34 231.63 77.29 -0.60
0.00 6655.04
408.80 -20.16 -23.24 -42.18 327.58 231.09 84.13 -0.50
0.00 7245.45
378.30 -22.76 -25.57 -46.24 331.21 229.58 87.78 -0.30
0.00 7816.77
350.80 -25.76 -28.21 -50.23 334.18 225.09 88.33 -0.10
0.00 8366.65
326.00 -29.76 -31.59 -50.11 335.77 222.09 89.26 0.00
0.00 8893.33
303.70 -33.96 -35.29 -51.47 336.69 221.82 91.76 0.00
0.00 9393.82
283.60 -37.96 -39.02 -58.54 337.35 224.49 93.41 0.00
0.00 9869.26
265.50 -41.46 -42.24 -59.07 338.65 230.45 95.47 -0.20
0.00 10319.92
248.70 -44.66 -45.26 -61.32 340.22 233.96 97.07 -0.30
0.00 10760.18
233.50 -47.46 -47.96 -66.97 342.08 233.63 98.91 -0.40
0.00 11179.40
219.50 -49.46 -49.88 -67.42 345.09 233.44 108.59 -0.40
0.00 11586.06
205.60 -52.16 -52.48 -67.89 347.35 234.07 115.87 -0.30
0.00 12011.83
191.70 -55.26 -55.51 -73.19 349.35 234.20 114.24 -0.20
0.00 12461.47
177.70 -58.16 -58.35 -73.70 352.25 235.71 108.62 -0.20
0.00 12941.93
163.80 -60.36 -60.51 -74.24 356.86 240.52 100.64 -0.10
0.00 13451.88
149.80 -62.36 -9999.00 -9999.00 -9999.00 246.32 88.03 0.00
0.00 14005.77
135.90 -64.76 -9999.00 -9999.00 -9999.00 247.53 74.20 0.00
0.00 14603.20
121.90 -66.96 -9999.00 -9999.00 -9999.00 246.66 63.25 0.10
0.00 15262.87
107.90 -69.36 -9999.00 -9999.00 -9999.00 243.35 57.17 0.10
0.00 15994.89
94.00 -71.46 -9999.00 -9999.00 -9999.00 236.82 54.31 0.00
0.00 16813.32
81.00 -70.46 -9999.00 -9999.00 -9999.00 236.99 45.63 0.10
0.00 17694.24
70.60 -64.66 -9999.00 -9999.00 -9999.00 242.35 36.85 0.10
0.00 18521.22
62.20 -58.76 -9999.00 -9999.00 -9999.00 227.63 23.93 0.00
0.00 19305.23
54.30 -59.66 -9999.00 -9999.00 -9999.00 185.29 10.53 0.00
0.00 20155.84
46.90 -58.16 -9999.00 -9999.00 -9999.00 175.68 10.33 0.00
0.00 21074.60
40.10 -55.46 -9999.00 -9999.00 -9999.00 175.60 2.53 0.00
0.00 22066.54
33.80 -55.06 -9999.00 -9999.00 -9999.00 119.05 10.00 0.00
0.00 23156.63
27.80 -53.36 -9999.00 -9999.00 -9999.00 93.75 11.87 0.00
0.00 24409.05
22.30 -53.26 -9999.00 -9999.00 -9999.00 60.57 8.70 0.00
0.00 25827.65
17.10 -48.36 -9999.00 -9999.00 -9999.00 66.04 13.38 0.00
0.00 27555.63
12.30 -47.06 -9999.00 -9999.00 -9999.00 79.05 6.14 0.00
0.00 29729.84
STN YYMMDD/HHMM PMSL PRES SKTC STC1 SNFL WTNS
P01M C01M STC2 LCLD MCLD HCLD
SNRA UWND VWND R01M BFGR T2MS
Q2MS WXTS WXTP WXTZ WXTR USTM
VSTM HLCY SLLH WSYM CDBP VSBK
TD2M
722583 191020/1300 1009.60 993.20 12.64 285.80 -9999.00 0.00
-9999.00 -9999.00 286.40 0.00 0.00 0.00
-9999.00 1.10 1.30 -9999.00 -9999.00 13.14
8.75 0.00 0.00 0.00 0.00 12.70
-2.20 -24.80 -9999.00 999.00 -9999.00 20.00
11.68
722583 191020/1400 1009.80 993.50 17.34 290.50 0.00 100.00
0.00 0.00 289.90 5.00 0.00 0.00
-9999.00 0.40 0.80 -9999.00 -9999.00 16.14
9.04 0.00 0.00 0.00 0.00 12.70
-1.60 -16.90 -9999.00 999.00 -9999.00 20.00
12.17
722583 191020/1500 1009.90 993.80 23.44 296.60 0.00 100.00
0.00 0.00 295.20 6.00 0.00 0.00
-9999.00 -0.30 2.00 -9999.00 -9999.00 20.14
10.16 0.00 0.00 0.00 0.00 13.60
-0.80 37.30 -9999.00 999.00 -9999.00 20.00
13.93
722583 191020/1600 1009.30 993.20 28.44 301.60 0.00 100.00
0.00 0.00 300.00 7.00 0.00 0.00
-9999.00 -0.60 2.60 -9999.00 -9999.00 23.54
10.35 0.00 0.00 0.00 0.00 14.50
0.10 64.10 -9999.00 999.00 -9999.00 20.00
14.20
722583 191020/1700 1007.80 991.80 32.64 305.80 0.00 100.00
0.00 0.00 304.00 0.00 0.00 0.00
-9999.00 -0.50 2.90 -9999.00 -9999.00 26.34
9.35 0.00 0.00 0.00 0.00 14.80
1.80 106.30 -9999.00 999.00 -9999.00 20.00
12.65
722583 191020/1800 1008.00 992.10 35.34 308.50 0.00 100.00
0.00 0.00 306.80 0.00 0.00 0.00
-9999.00 -0.60 3.60 -9999.00 -9999.00 28.74
8.69 0.00 0.00 0.00 0.00 14.60
3.30 135.40 -9999.00 999.00 -9999.00 20.00
11.56
722583 191020/1900 1007.20 991.30 36.34 309.50 0.00 100.00
0.00 0.00 308.10 0.00 0.00 0.00
-9999.00 -1.00 4.30 -9999.00 -9999.00 30.24
9.11 0.00 0.00 0.00 0.00 14.30
4.30 144.80 -9999.00 999.00 -9999.00 20.00
12.25
722583 191020/2000 1004.70 988.80 36.04 309.20 0.00 100.00
0.00 0.00 308.10 4.00 0.00 0.00
-9999.00 -0.60 5.20 -9999.00 -9999.00 30.74
11.13 0.00 0.00 0.00 0.00 14.10
5.10 148.00 -9999.00 999.00 -9999.00 20.00
15.24
722583 191020/2100 1003.80 988.00 34.94 308.10 0.00 100.00
0.00 0.00 307.40 12.00 0.00 0.00
-9999.00 0.20 5.70 -9999.00 -9999.00 31.04
12.78 0.00 0.00 0.00 0.00 14.10
5.70 132.40 -9999.00 999.00 -9999.00 20.00
17.36
722583 191020/2200 1003.70 987.90 33.14 306.30 0.00 100.00
0.00 0.00 306.00 7.00 0.00 0.00
-9999.00 0.10 6.00 -9999.00 -9999.00 31.04
13.22 0.00 0.00 0.00 0.00 13.50
5.90 145.90 -9999.00 999.00 -9999.00 20.00
17.88
722583 191020/2300 1003.50 987.70 30.64 303.80 0.00 100.00
0.00 0.00 303.90 13.00 0.00 0.00
-9999.00 -0.10 5.80 -9999.00 -9999.00 30.34
13.81 0.00 0.00 0.00 0.00 13.10
5.50 185.90 -9999.00 999.00 -9999.00 20.00
18.56
722583 191021/0000 1002.80 987.00 28.34 301.50 0.00 100.00
0.00 0.00 301.70 0.00 0.00 0.00
-9999.00 -0.50 5.30 -9999.00 -9999.00 29.24
13.71 0.00 0.00 0.00 0.00 12.40
5.20 235.20 -9999.00 999.00 -9999.00 20.00
18.43
722583 191021/0100 1002.90 987.00 27.14 300.30 0.00 100.00
0.00 0.00 300.60 0.00 0.00 0.00
-9999.00 -1.50 4.50 -9999.00 -9999.00 28.14
14.08 0.00 0.00 0.00 0.00 11.10
5.20 296.70 -9999.00 999.00 -9999.00 20.00
18.85
722583 191021/0200 1003.40 987.60 26.74 299.90 0.00 100.00
0.00 0.00 300.10 0.00 0.00 0.00
-9999.00 -1.10 6.20 -9999.00 -9999.00 27.64
14.27 0.00 0.00 0.00 0.00 11.50
5.70 345.90 -9999.00 999.00 -9999.00 20.00
19.07
722583 191021/0300 1002.40 986.60 26.54 299.70 0.00 100.00
0.00 0.00 299.70 0.00 0.00 0.00
-9999.00 -0.40 7.00 -9999.00 -9999.00 27.44
14.06 0.00 0.00 0.00 0.00 13.00
6.20 425.30 -9999.00 999.00 -9999.00 20.00
18.82
722583 191021/0400 1002.50 986.70 26.24 299.40 0.00 100.00
0.00 0.00 299.50 1.00 0.00 0.00
-9999.00 -0.70 7.00 -9999.00 -9999.00 27.04
14.79 0.00 0.00 0.00 0.00 15.30
5.30 527.70 -9999.00 999.00 -9999.00 20.00
19.62
722583 191021/0500 1002.70 986.90 25.64 298.80 0.00 100.00
0.00 0.00 298.90 6.00 31.00 0.00
-9999.00 -0.50 8.00 -9999.00 -9999.00 26.04
16.06 0.00 0.00 0.00 0.00 15.40
7.40 647.70 -9999.00 999.00 -9999.00 20.00
20.92
722583 191021/0600 1004.60 988.60 24.04 297.20 0.00 100.00
5.11 4.95 297.70 87.00 82.00 0.00
-9999.00 4.70 5.50 -9999.00 -9999.00 24.04
17.80 0.00 0.00 0.00 1.00 22.10
8.40 381.30 -9999.00 60.00 937.90 0.00
22.58
722583 191021/0700 1006.20 990.20 23.24 296.40 0.00 100.00
17.88 6.05 296.80 100.00 100.00 0.00
-9999.00 5.50 4.40 -9999.00 -9999.00 23.04
16.97 0.00 0.00 0.00 1.00 23.80
5.60 -175.20 -9999.00 60.00 701.80 0.00
21.85
722583 191021/0800 1006.60 990.60 20.54 293.70 0.00 100.00
0.00 0.00 294.70 100.00 78.00 0.00
-9999.00 5.90 -1.50 -9999.00 -9999.00 22.24
11.61 0.00 0.00 0.00 0.00 22.30
1.50 -212.30 -9999.00 999.00 -9999.00 0.01
15.92
722583 191021/0900 1007.80 991.60 17.54 290.70 0.00 100.00
0.00 0.00 291.70 30.00 20.00 0.00
-9999.00 2.70 -1.50 -9999.00 -9999.00 18.74
9.75 0.00 0.00 0.00 0.00 22.10
-0.40 -181.00 -9999.00 999.00 -9999.00 20.00
13.28
722583 191021/1000 1008.70 992.40 15.84 289.00 0.00 100.00
0.00 0.00 290.10 0.00 0.00 0.00
-9999.00 3.00 -1.80 -9999.00 -9999.00 17.24
8.95 0.00 0.00 0.00 0.00 22.30
-0.70 -209.30 -9999.00 999.00 -9999.00 20.00
12.00


