
SNPARM = PRES;TMPC;TMWC;DWPC;THTE;DRCT;SKNT;OMEG;CFRL;HGHT 
STNPRM = SHOW;LIFT;SWET;KINX;LCLP;PWAT;TOTL;CAPE;LCLT;CINS;EQLV;LFCT;BRCH 

STID = KDAL STNM = 722583 TIME = 191020/2300 
SLAT = 32.84 SLON = -96.85 SELV = 138.0
STIM = 0

SHOW = -2.94 LIFT = -7.21 SWET = 402.03 KINX = 25.58
LCLP = 876.18 PWAT = 33.70 TOTL = 51.57 CAPE = 2199.52
LCLT = 291.95 CINS = -0.05 EQLV = 209.69 LFCT = 874.91
BRCH = 32.11

PRES TMPC TMWC DWPC THTE DRCT SKNT OMEG
CFRL HGHT
986.30 28.84 23.05 20.71 350.47 164.93 10.47 0.00
0.00 149.75
983.30 28.44 22.85 20.58 350.06 166.15 14.61 0.10
0.00 176.92
977.90 27.84 22.56 20.39 349.61 168.18 17.07 0.10
0.00 225.94
968.50 27.14 22.26 20.25 349.80 169.75 18.55 0.10
0.00 311.74
954.60 26.04 21.72 19.92 349.68 171.47 19.64 0.10
0.00 439.76
936.90 24.44 21.12 19.72 349.96 172.94 20.55 0.10
0.00 604.76
915.70 22.34 20.37 19.51 350.22 174.99 22.22 0.10
0.00 805.31
892.50 20.14 19.98 19.86 352.50 183.72 23.95 0.10
0.00 1028.59
867.50 17.74 17.62 17.50 346.77 189.39 25.00 0.00
51.00 1273.78
839.60 18.24 13.42 10.55 335.58 208.51 25.64 -0.10
6.00 1554.40
809.00 17.94 7.81 -2.05 322.32 214.93 27.49 -0.20
0.00 1872.22
775.60 14.34 6.47 -0.96 323.80 205.66 27.37 -0.20
0.00 2230.18
739.20 10.74 4.09 -2.74 323.04 205.36 29.02 -0.30
0.00 2633.23
700.10 7.84 0.87 -7.98 320.95 222.86 29.41 -0.40
0.00 3083.52
658.00 4.14 -2.19 -11.64 320.48 230.32 34.07 -0.50
0.00 3591.09
613.10 0.24 -5.28 -14.77 321.15 226.81 39.16 -0.40
0.00 4161.47
565.80 -3.76 -8.89 -19.89 321.88 230.78 46.39 -0.30
0.00 4799.93
519.90 -8.06 -12.70 -25.60 322.89 231.63 54.76 -0.10
0.00 5462.21
478.50 -12.56 -16.62 -31.62 323.81 229.58 58.43 0.00
0.00 6100.93
441.40 -17.36 -20.70 -37.39 324.47 229.91 59.42 0.00
0.00 6711.03
408.00 -22.16 -24.66 -39.99 325.40 230.05 60.82 0.00
0.00 7294.75
377.60 -26.66 -28.45 -41.41 326.64 230.53 64.16 0.00
0.00 7858.63
350.30 -29.96 -31.44 -44.46 329.02 232.49 76.88 0.00
0.00 8396.54
325.70 -32.66 -34.05 -50.12 331.86 231.72 91.55 0.00
0.00 8912.04
303.50 -35.06 -36.33 -55.27 335.04 229.78 102.27 0.00
0.00 9406.54
283.50 -37.66 -38.75 -58.55 337.81 229.35 108.55 0.00
0.00 9879.05
265.40 -40.36 -41.29 -63.02 340.21 231.00 112.98 0.00
0.00 10331.22
248.60 -42.76 -43.53 -63.51 343.05 233.15 117.25 0.00
0.00 10774.53
233.50 -45.06 -45.72 -66.97 345.71 234.74 120.12 -0.10
0.00 11195.02
219.50 -47.56 -48.11 -72.27 347.97 235.55 121.56 -0.10
0.00 11605.57
205.60 -50.86 -51.27 -72.72 349.35 236.31 123.27 -0.10
0.00 12034.40
191.70 -54.46 -54.74 -73.19 350.64 237.58 124.26 0.00
0.00 12486.19
177.70 -57.46 -57.67 -73.70 353.40 239.43 116.86 0.00
0.00 12968.31
163.80 -59.96 -60.12 -74.24 357.53 241.69 102.82 0.00
0.00 13479.57
149.80 -62.66 -9999.00 -9999.00 -9999.00 244.40 93.05 0.00
0.00 14033.59
135.80 -65.46 -9999.00 -9999.00 -9999.00 244.27 83.66 -0.10
0.00 14634.11
121.90 -68.06 -9999.00 -9999.00 -9999.00 239.19 73.95 -0.10
0.00 15286.46
107.90 -70.26 -9999.00 -9999.00 -9999.00 233.49 67.91 0.00
0.00 16014.91
94.00 -70.66 -9999.00 -9999.00 -9999.00 237.59 60.51 0.00
0.00 16833.13
81.00 -67.46 -9999.00 -9999.00 -9999.00 247.75 46.17 0.00
0.00 17722.34
70.60 -63.76 -9999.00 -9999.00 -9999.00 241.20 33.47 0.00
0.00 18557.16
62.20 -63.66 -9999.00 -9999.00 -9999.00 227.83 22.28 0.00
0.00 19333.75
54.30 -63.06 -9999.00 -9999.00 -9999.00 234.71 15.46 0.00
0.00 20167.87
46.90 -60.36 -9999.00 -9999.00 -9999.00 218.66 11.19 0.00
0.00 21074.62
40.10 -56.56 -9999.00 -9999.00 -9999.00 210.47 7.65 0.00
0.00 22058.99
33.80 -55.76 -9999.00 -9999.00 -9999.00 125.22 4.04 0.00
0.00 23144.58
27.80 -54.16 -9999.00 -9999.00 -9999.00 102.53 10.74 0.00
0.00 24392.71
22.30 -50.66 -9999.00 -9999.00 -9999.00 122.80 10.39 0.00
0.00 25817.11
17.10 -45.96 -9999.00 -9999.00 -9999.00 184.76 2.33 0.00
0.00 27564.52
12.30 -44.96 -9999.00 -9999.00 -9999.00 289.65 5.77 0.00
0.00 29760.44

STID = KDAL STNM = 722583 TIME = 191021/0000 
SLAT = 32.84 SLON = -96.85 SELV = 138.0
STIM = 1

SHOW = -3.14 LIFT = -7.35 SWET = 427.29 KINX = 32.14
LCLP = 883.74 PWAT = 33.54 TOTL = 52.29 CAPE = 2272.56
LCLT = 292.13 CINS = -50.80 EQLV = 209.31 LFCT = 766.64
BRCH = 27.25

PRES TMPC TMWC DWPC THTE DRCT SKNT OMEG
CFRL HGHT
985.70 28.24 22.91 20.75 349.95 151.50 7.73 0.00
0.00 148.84
982.70 28.14 22.83 20.68 350.09 153.00 11.56 0.00
0.00 175.98
977.30 27.74 22.65 20.57 350.11 154.50 13.99 0.10
0.00 225.00
967.90 27.14 22.34 20.37 350.25 158.92 17.29 0.10
0.00 310.85
954.10 26.24 21.85 20.04 350.36 164.93 20.92 0.10
0.00 438.07
936.30 24.84 21.16 19.61 350.22 171.00 23.60 0.10
0.00 604.27
915.10 23.14 20.25 19.00 349.80 177.47 26.44 0.10
0.00 805.32
892.00 21.04 19.03 18.11 348.46 183.09 28.79 0.10
0.00 1028.27
867.00 18.74 17.66 17.13 347.06 188.60 29.86 0.10
58.00 1274.25
839.20 18.34 13.13 9.97 334.66 202.03 27.45 -0.10
0.00 1554.48
808.60 17.74 7.61 -2.42 321.81 216.42 24.86 -0.20
0.00 1872.35
775.20 14.74 5.26 -5.33 320.39 217.14 25.10 -0.30
0.00 2230.46
739.00 11.14 3.91 -3.80 322.54 223.25 26.94 -0.30
0.00 2631.83
699.80 7.24 2.47 -2.38 325.19 233.52 28.75 -0.30
0.00 3083.43
657.70 3.54 -0.94 -6.35 323.66 232.66 32.98 -0.30
0.00 3590.57
612.80 -0.06 -5.29 -14.06 321.22 228.63 39.08 -0.30
0.00 4160.53
565.60 -4.06 -9.31 -21.30 321.02 231.04 45.73 -0.20
0.00 4797.19
519.70 -8.46 -13.03 -26.09 322.30 232.24 52.33 -0.10
0.00 5458.81
478.30 -12.86 -16.76 -30.92 323.61 231.22 57.07 -0.10
0.00 6096.93
441.30 -17.46 -20.70 -36.32 324.51 230.87 59.09 -0.10
0.00 6705.13
407.90 -22.26 -24.72 -39.66 325.33 231.02 60.22 -0.10
0.00 7288.77
377.60 -26.56 -28.47 -43.34 326.58 232.31 64.80 -0.20
0.00 7850.85
350.30 -30.26 -31.65 -43.62 328.69 234.83 73.19 -0.20
0.00 8388.54
325.70 -33.06 -34.28 -47.04 331.50 233.26 84.11 -0.20
0.00 8903.30
303.40 -35.16 -36.47 -58.01 334.84 229.86 97.32 -0.20
0.00 9399.60
283.40 -37.46 -38.62 -62.52 338.05 229.60 106.10 -0.20
0.00 9872.37
265.40 -39.66 -40.65 -63.02 341.23 231.63 112.98 -0.10
0.00 10322.98
248.60 -41.96 -42.80 -63.51 344.24 233.17 117.95 -0.10
0.00 10767.72
233.50 -44.46 -45.16 -66.97 346.62 234.26 120.38 -0.10
0.00 11189.49
219.50 -47.26 -47.83 -72.27 348.43 235.02 121.62 -0.10
0.00 11600.86
205.60 -50.66 -51.08 -72.72 349.66 235.83 122.79 -0.10
0.00 12030.17
191.70 -54.16 -54.45 -73.19 351.12 237.37 121.78 -0.10
0.00 12482.47
177.70 -57.06 -57.28 -73.70 354.06 239.46 112.76 0.00
0.00 12965.37
163.80 -59.76 -9999.00 -9999.00 -9999.00 241.92 101.94 0.00
0.00 13477.34
149.80 -62.76 -9999.00 -9999.00 -9999.00 244.75 94.29 0.00
0.00 14031.49
135.90 -65.66 -9999.00 -9999.00 -9999.00 245.22 83.88 -0.10
0.00 14627.08
121.90 -68.36 -9999.00 -9999.00 -9999.00 240.78 73.23 0.00
0.00 15283.08
107.90 -70.76 -9999.00 -9999.00 -9999.00 235.94 67.29 0.00
0.00 16010.10
94.00 -70.66 -9999.00 -9999.00 -9999.00 241.87 60.57 0.00
0.00 16827.32
81.00 -67.26 -9999.00 -9999.00 -9999.00 250.68 47.55 0.00
0.00 17716.95
70.60 -64.66 -9999.00 -9999.00 -9999.00 236.21 31.08 0.00
0.00 18550.36
62.20 -64.56 -9999.00 -9999.00 -9999.00 226.95 24.18 0.00
0.00 19323.62
54.30 -63.16 -9999.00 -9999.00 -9999.00 223.42 14.98 0.00
0.00 20155.75
46.90 -59.26 -9999.00 -9999.00 -9999.00 207.00 11.56 0.00
0.00 21064.64
40.10 -56.66 -9999.00 -9999.00 -9999.00 190.95 6.14 0.00
0.00 22051.31
33.80 -55.46 -9999.00 -9999.00 -9999.00 119.54 6.70 0.00
0.00 23137.40
27.80 -52.86 -9999.00 -9999.00 -9999.00 108.82 9.03 0.00
0.00 24390.10
22.30 -49.26 -9999.00 -9999.00 -9999.00 104.04 4.00 0.00
0.00 25823.22
17.10 -46.96 -9999.00 -9999.00 -9999.00 333.43 3.90 0.00
0.00 27572.18
12.30 -46.36 -9999.00 -9999.00 -9999.00 264.29 3.90 0.00
0.00 29756.53

STID = KDAL STNM = 722583 TIME = 191021/0100 
SLAT = 32.84 SLON = -96.85 SELV = 138.0
STIM = 2

SHOW = -3.46 LIFT = -7.86 SWET = 458.83 KINX = 36.18
LCLP = 901.74 PWAT = 35.95 TOTL = 53.51 CAPE = 2327.17
LCLT = 292.73 CINS = -81.32 EQLV = 222.85 LFCT = 765.43
BRCH = 24.09

PRES TMPC TMWC DWPC THTE DRCT SKNT OMEG
CFRL HGHT
985.90 27.14 22.80 21.03 349.42 143.97 7.93 0.00
0.00 149.69
983.00 27.24 22.77 20.96 349.79 147.59 14.49 0.00
0.00 175.84
977.50 27.04 22.63 20.83 350.01 149.70 17.33 0.00
0.00 225.64
968.10 26.94 22.37 20.50 350.37 155.52 23.91 0.00
0.00 311.34
954.30 26.44 21.87 19.98 350.39 161.31 27.27 0.00
0.00 438.55
936.60 25.24 21.15 19.43 350.14 169.06 29.68 0.00
0.00 603.92
915.40 23.74 20.18 18.64 349.44 177.97 32.85 0.00
0.00 805.21
892.30 21.94 18.90 17.52 347.87 183.98 36.42 0.00
0.00 1028.59
867.30 20.04 16.97 15.46 344.21 187.75 37.45 -0.20
16.00 1275.26
839.50 18.74 13.27 9.96 335.07 196.67 31.84 -0.30
0.00 1556.09
808.90 17.84 8.21 -0.68 323.53 208.36 24.94 -0.40
0.00 1874.16
775.50 14.84 6.96 -0.21 325.17 215.17 24.96 -0.40
0.00 2232.49
739.10 11.14 6.62 3.01 330.21 228.23 26.83 -0.40
0.00 2636.54
699.90 7.34 4.01 1.12 329.39 237.48 31.80 -0.60
0.00 3088.69
657.80 3.44 0.14 -3.36 326.36 239.04 36.25 -0.80
0.00 3596.10
612.90 -0.46 -4.30 -9.72 323.51 232.38 38.50 -0.90
0.00 4165.76
565.50 -4.66 -8.91 -17.28 321.99 229.43 42.72 -0.80
0.00 4804.21
519.60 -9.16 -13.57 -26.74 321.29 231.66 48.54 -0.50
0.00 5464.44
478.30 -13.36 -17.58 -36.88 322.03 234.17 53.42 -0.30
0.00 6099.56
441.30 -17.86 -21.37 -43.25 323.26 235.53 55.61 0.00
0.00 6706.61
407.90 -22.66 -25.23 -43.51 324.44 235.45 57.54 0.20
0.00 7289.28
377.60 -27.06 -29.07 -48.12 325.58 237.49 62.88 0.40
0.00 7850.31
350.30 -30.76 -32.34 -50.24 327.55 239.65 71.13 0.50
0.00 8386.87
325.70 -33.66 -34.98 -52.59 330.36 236.70 79.25 0.50
0.00 8900.42
303.40 -35.66 -36.90 -58.01 334.14 232.51 89.36 0.40
0.00 9395.56
283.40 -37.26 -38.44 -62.52 338.33 232.64 100.19 0.30
0.00 9868.03
265.40 -38.96 -40.05 -66.04 342.21 234.22 110.63 0.30
0.00 10319.51
248.60 -41.16 -42.09 -66.52 345.39 234.75 116.78 0.20
0.00 10765.68
233.50 -43.76 -44.52 -66.97 347.68 234.68 119.27 0.20
0.00 11188.83
219.50 -46.66 -47.27 -72.27 349.36 234.53 121.17 0.10
0.00 11601.37
205.60 -50.16 -50.60 -72.72 350.45 234.87 121.85 0.00
0.00 12031.73
191.70 -53.56 -53.88 -73.19 352.08 236.39 117.56 0.00
0.00 12485.16
177.70 -56.66 -56.89 -73.70 354.71 238.91 107.96 0.00
0.00 12969.17
163.80 -59.86 -60.02 -74.24 357.70 241.91 101.50 -0.10
0.00 13481.51
149.80 -62.96 -9999.00 -9999.00 -9999.00 244.80 94.89 -0.10
0.00 14035.26
135.90 -65.56 -9999.00 -9999.00 -9999.00 245.40 83.53 -0.10
0.00 14630.70
121.90 -67.96 -9999.00 -9999.00 -9999.00 241.01 71.74 -0.10
0.00 15287.51
107.90 -70.56 -9999.00 -9999.00 -9999.00 235.98 64.92 -0.10
0.00 16015.60
94.00 -71.26 -9999.00 -9999.00 -9999.00 241.48 58.59 0.00
0.00 16832.00
81.00 -68.66 -9999.00 -9999.00 -9999.00 250.88 46.25 0.00
0.00 17717.29
70.60 -64.96 -9999.00 -9999.00 -9999.00 236.85 34.11 0.00
0.00 18547.28
62.20 -64.96 -9999.00 -9999.00 -9999.00 221.71 23.93 0.00
0.00 19319.24
54.30 -61.56 -9999.00 -9999.00 -9999.00 223.99 15.66 0.00
0.00 20153.75
46.90 -57.96 -9999.00 -9999.00 -9999.00 186.98 9.60 0.00
0.00 21068.87
40.10 -55.56 -9999.00 -9999.00 -9999.00 135.00 3.03 0.00
0.00 22061.04
33.80 -54.76 -9999.00 -9999.00 -9999.00 87.61 4.66 0.00
0.00 23151.63
27.80 -53.26 -9999.00 -9999.00 -9999.00 90.00 5.83 0.00
0.00 24405.19
22.30 -50.06 -9999.00 -9999.00 -9999.00 79.51 5.34 0.00
0.00 25834.43
17.10 -47.46 -9999.00 -9999.00 -9999.00 23.96 3.83 0.00
0.00 27578.34
12.30 -46.46 -9999.00 -9999.00 -9999.00 274.09 5.46 0.00
0.00 29759.79

STID = KDAL STNM = 722583 TIME = 191021/0200 
SLAT = 32.84 SLON = -96.85 SELV = 138.0
STIM = 3

SHOW = -4.13 LIFT = -7.68 SWET = 513.24 KINX = 37.41
LCLP = 904.00 PWAT = 37.17 TOTL = 54.31 CAPE = 2315.90
LCLT = 292.73 CINS = -100.59 EQLV = 228.00 LFCT = 763.81
BRCH = 21.53

PRES TMPC TMWC DWPC THTE DRCT SKNT OMEG
CFRL HGHT
986.10 26.94 22.72 20.99 349.03 147.62 9.42 0.00
0.00 148.79
983.10 27.04 22.69 20.91 349.38 148.92 16.55 0.00
0.00 175.81
977.70 26.84 22.55 20.79 349.61 150.11 19.48 0.00
0.00 224.66
968.30 27.14 22.38 20.44 350.40 155.08 27.19 0.00
0.00 310.35
954.50 26.84 21.94 19.91 350.64 159.07 30.98 -0.10
0.00 437.65
936.70 25.84 21.22 19.27 350.39 167.08 33.88 -0.20
0.00 604.20
915.60 24.54 20.21 18.33 349.51 177.61 37.33 -0.30
0.00 804.94
892.50 22.94 18.98 17.19 348.16 184.03 41.47 -0.50
0.00 1028.92
867.50 20.94 17.28 15.51 345.40 185.79 44.33 -0.60
0.00 1276.31
839.70 19.04 14.01 11.12 337.63 188.62 41.45 -0.50
0.00 1557.72
809.00 17.74 10.21 4.62 329.72 201.01 28.71 -0.50
0.00 1877.15
775.50 14.84 9.07 4.84 331.59 211.03 27.87 -0.50
0.00 2236.93
739.10 11.44 7.20 3.97 331.94 222.78 28.32 -0.50
0.00 2641.50
699.90 7.44 4.21 1.44 329.93 236.52 29.58 -0.40
0.00 3094.05
657.80 3.04 0.63 -1.77 327.63 241.84 31.29 -0.20
0.00 3601.30
612.80 -0.66 -4.63 -10.41 322.79 242.31 39.70 -0.40
0.00 4171.72
565.50 -4.46 -9.81 -22.98 320.00 236.03 44.50 -0.70
0.00 4808.72
519.60 -8.76 -14.26 -39.09 319.74 235.35 48.17 -0.70
0.00 5469.44
478.30 -13.36 -18.04 -50.31 321.06 238.13 50.78 -0.50
0.00 6104.88
441.30 -18.16 -21.72 -47.44 322.62 239.14 53.40 -0.30
0.00 6711.52
407.90 -22.76 -25.45 -47.43 324.04 237.17 57.32 0.00
0.00 7293.70
377.60 -26.96 -28.95 -46.84 325.79 238.16 65.17 0.30
0.00 7854.72
350.30 -30.66 -32.14 -46.93 327.88 241.32 72.84 0.60
0.00 8391.51
325.70 -33.86 -34.99 -47.58 330.36 241.07 77.89 0.90
0.00 8904.98
303.40 -35.66 -36.81 -53.18 334.31 238.10 86.03 0.90
0.00 9399.93
283.40 -37.06 -38.26 -62.52 338.62 237.23 97.26 0.90
0.00 9872.60
265.40 -38.76 -39.87 -66.04 342.50 237.38 106.31 0.90
0.00 10324.46
248.60 -40.96 -41.91 -66.52 345.68 236.59 112.16 0.80
0.00 10771.02
233.50 -43.46 -44.27 -71.85 348.09 235.59 116.55 0.60
0.00 11194.62
219.50 -46.26 -46.90 -72.27 349.98 235.30 119.08 0.50
0.00 11607.80
205.60 -49.56 -50.03 -72.72 351.39 235.76 117.72 0.30
0.00 12039.12
191.70 -52.96 -53.30 -73.19 353.04 236.86 111.58 0.20
0.00 12493.78
177.70 -56.46 -56.70 -73.70 355.04 238.48 103.67 0.00
0.00 12978.67
163.80 -59.76 -59.92 -74.24 357.86 241.17 99.11 -0.10
0.00 13491.37
149.80 -62.96 -9999.00 -9999.00 -9999.00 244.89 92.46 -0.20
0.00 14045.25
135.90 -65.56 -9999.00 -9999.00 -9999.00 245.95 81.04 -0.30
0.00 14640.69
121.90 -67.76 -9999.00 -9999.00 -9999.00 241.26 68.69 -0.30
0.00 15297.82
107.90 -70.36 -9999.00 -9999.00 -9999.00 236.75 62.70 -0.20
0.00 16026.62
94.00 -71.16 -9999.00 -9999.00 -9999.00 243.94 58.82 0.00
0.00 16843.63
81.00 -68.66 -9999.00 -9999.00 -9999.00 257.97 45.69 0.00
0.00 17729.13
70.60 -66.26 -9999.00 -9999.00 -9999.00 245.16 34.67 0.00
0.00 18556.51
62.20 -64.36 -9999.00 -9999.00 -9999.00 226.16 27.19 0.00
0.00 19327.17
54.30 -61.36 -9999.00 -9999.00 -9999.00 202.38 14.28 0.00
0.00 20163.27
46.90 -58.36 -9999.00 -9999.00 -9999.00 173.23 11.54 0.00
0.00 21077.96
40.10 -55.66 -9999.00 -9999.00 -9999.00 282.53 1.79 0.00
0.00 22068.98
33.80 -55.96 -9999.00 -9999.00 -9999.00 42.27 5.77 0.00
0.00 23156.32
27.80 -54.86 -9999.00 -9999.00 -9999.00 74.05 7.07 0.00
0.00 24401.87
22.30 -51.36 -9999.00 -9999.00 -9999.00 102.20 7.36 0.00
0.00 25821.76
17.10 -47.66 -9999.00 -9999.00 -9999.00 47.29 3.44 0.00
0.00 27559.84
12.30 -46.16 -9999.00 -9999.00 -9999.00 315.00 9.34 0.00
0.00 29741.77

STID = KDAL STNM = 722583 TIME = 191021/0300 
SLAT = 32.84 SLON = -96.85 SELV = 138.0
STIM = 4

SHOW = -6.60 LIFT = -7.65 SWET = 588.28 KINX = 40.44
LCLP = 907.99 PWAT = 39.69 TOTL = 56.26 CAPE = 2228.22
LCLT = 292.87 CINS = -92.48 EQLV = 222.87 LFCT = 760.03
BRCH = 15.99

PRES TMPC TMWC DWPC THTE DRCT SKNT OMEG
CFRL HGHT
985.30 26.64 22.67 21.05 348.97 150.49 11.83 0.00
0.00 149.68
982.40 26.74 22.66 20.99 349.36 151.96 20.24 0.00
0.00 175.80
976.90 26.44 22.50 20.89 349.55 152.59 23.64 0.00
0.00 225.54
967.60 26.04 22.24 20.68 349.89 156.53 32.19 -0.10
0.00 310.18
953.70 26.14 21.97 20.25 350.93 161.20 38.58 -0.10
0.00 438.14
936.00 25.74 21.39 19.58 351.29 167.94 40.91 -0.20
0.00 603.69
914.90 24.44 20.53 18.86 351.02 177.35 42.00 -0.20
0.00 804.57
891.90 22.64 19.58 18.24 350.83 183.64 42.81 -0.20
0.00 1027.69
866.80 20.44 18.53 17.66 350.70 186.66 41.86 -0.10
0.00 1276.13
838.80 18.24 16.14 15.09 345.79 191.20 40.00 0.10
3.00 1559.61
808.20 17.44 11.42 7.44 333.80 204.96 34.07 0.20
0.00 1878.16
774.80 15.04 9.62 5.82 333.43 219.90 29.37 0.60
0.00 2237.35
738.50 11.54 7.31 4.12 332.37 234.88 28.03 1.00
0.00 2641.44
699.30 7.34 4.46 2.06 330.75 248.35 27.37 1.40
0.00 3094.42
657.20 2.84 0.48 -1.89 327.35 253.43 34.05 1.40
0.00 3601.87
612.40 -0.46 -4.67 -10.92 322.75 249.57 42.29 0.90
0.00 4170.18
565.20 -3.66 -9.81 -26.93 319.92 239.16 46.60 0.20
0.00 4807.30
519.40 -8.16 -14.20 -53.61 319.74 235.75 50.06 -0.20
0.00 5468.51
478.10 -13.26 -17.90 -46.73 321.38 236.60 53.98 -0.30
0.00 6105.03
441.10 -17.96 -21.35 -41.06 323.36 237.29 60.02 -0.20
0.00 6712.31
407.80 -21.96 -24.68 -43.51 325.37 237.27 67.19 -0.10
0.00 7294.13
377.50 -26.06 -28.11 -44.22 327.19 238.93 71.89 0.00
0.00 7857.24
350.20 -30.36 -31.76 -44.03 328.55 239.84 73.47 0.10
0.00 8395.51
325.60 -32.96 -34.28 -49.42 331.51 239.18 77.35 0.10
0.00 8910.42
303.40 -34.66 -36.07 -62.00 335.46 239.13 83.27 -0.10
0.00 9405.18
283.40 -37.06 -38.26 -62.52 338.62 238.42 90.52 -0.20
0.00 9878.84
265.40 -39.26 -40.29 -63.02 341.81 239.11 100.27 -0.30
0.00 10330.22
248.60 -41.06 -42.00 -66.52 345.53 238.35 107.71 -0.30
0.00 10776.21
233.50 -43.46 -44.27 -71.85 348.09 235.71 113.79 -0.30
0.00 11199.72
219.50 -46.56 -47.18 -72.27 349.51 235.14 118.61 -0.40
0.00 11612.62
205.60 -50.06 -50.51 -72.72 350.61 235.90 119.17 -0.30
0.00 12043.17
191.70 -53.56 -53.88 -73.19 352.08 237.07 113.64 -0.30
0.00 12496.71
177.70 -56.86 -57.08 -73.70 354.38 237.70 104.33 -0.20
0.00 12980.49
163.80 -60.26 -60.41 -74.24 357.03 239.98 99.38 -0.20
0.00 13492.11
149.80 -63.46 -63.56 -74.84 360.75 244.71 93.67 -0.30
0.00 14044.69
135.90 -66.26 -9999.00 -9999.00 -9999.00 248.30 84.05 -0.30
0.00 14638.43
121.90 -67.96 -9999.00 -9999.00 -9999.00 245.89 70.86 -0.30
0.00 15294.12
107.90 -70.36 -9999.00 -9999.00 -9999.00 241.43 62.16 -0.20
0.00 16022.56
94.00 -71.96 -9999.00 -9999.00 -9999.00 249.03 56.99 0.00
0.00 16837.96
81.00 -70.06 -9999.00 -9999.00 -9999.00 259.76 49.15 0.20
0.00 17718.67
70.60 -65.06 -9999.00 -9999.00 -9999.00 235.18 32.65 0.10
0.00 18545.64
62.20 -64.26 -9999.00 -9999.00 -9999.00 208.33 28.24 0.00
0.00 19318.72
54.30 -60.56 -9999.00 -9999.00 -9999.00 182.86 15.56 0.00
0.00 20156.61
46.90 -57.06 -9999.00 -9999.00 -9999.00 189.93 7.89 0.00
0.00 21075.80
40.10 -55.96 -9999.00 -9999.00 -9999.00 12.53 3.57 0.00
0.00 22069.12
33.80 -56.66 -9999.00 -9999.00 -9999.00 70.77 8.84 0.00
0.00 23153.95
27.80 -53.66 -9999.00 -9999.00 -9999.00 94.09 8.18 0.00
0.00 24400.93
22.30 -51.26 -9999.00 -9999.00 -9999.00 111.80 8.37 0.00
0.00 25825.01
17.10 -47.76 -9999.00 -9999.00 -9999.00 59.04 3.40 0.00
0.00 27563.10
12.30 -45.36 -9999.00 -9999.00 -9999.00 315.62 12.78 0.00
0.00 29748.40

STID = KDAL STNM = 722583 TIME = 191021/0400 
SLAT = 32.84 SLON = -96.85 SELV = 138.0
STIM = 5

SHOW = -2.76 LIFT = -7.91 SWET = 446.86 KINX = 38.13
LCLP = 903.73 PWAT = 40.49 TOTL = 52.31 CAPE = 2474.76
LCLT = 293.15 CINS = -109.14 EQLV = 192.81 LFCT = 761.05
BRCH = 18.84

PRES TMPC TMWC DWPC THTE DRCT SKNT OMEG
CFRL HGHT
984.30 27.24 23.06 21.39 350.90 173.81 16.22 0.10
0.00 149.72
981.40 27.14 23.00 21.35 351.11 173.52 25.80 0.00
0.00 175.92
976.00 26.84 22.86 21.27 351.35 173.86 30.87 -0.10
0.00 224.87
966.60 26.24 22.62 21.16 351.77 174.86 39.01 -0.20
0.00 310.61
952.80 25.24 22.22 21.00 352.27 176.28 44.97 -0.40
0.00 437.68
935.10 24.24 21.85 20.88 353.58 178.42 49.36 -0.60
0.00 602.83
913.90 23.54 21.27 20.33 354.55 182.45 49.96 -0.70
0.00 804.23
890.80 22.24 19.91 18.91 352.49 186.92 46.78 -0.80
0.00 1028.23
865.90 20.74 17.52 15.99 346.65 194.78 47.20 -0.80
0.00 1274.87
838.10 20.24 13.10 8.61 334.62 203.94 43.57 -0.90
0.00 1557.18
807.60 18.64 10.65 4.83 331.25 211.49 36.44 -0.80
0.00 1876.13
774.20 15.44 9.44 5.14 332.94 218.35 33.20 -0.70
0.00 2236.40
738.00 11.84 7.37 3.99 332.62 231.86 33.33 -0.50
0.00 2640.11
698.90 7.54 5.27 3.50 333.15 243.58 35.35 -0.20
0.00 3092.71
656.90 2.54 2.22 1.91 331.97 256.03 39.43 0.10
0.00 3599.48
612.00 -1.76 -3.19 -4.86 326.34 260.58 47.46 0.00
0.00 4168.27
564.80 -3.16 -9.24 -24.56 321.20 243.34 54.56 -0.60
0.00 4805.24
519.10 -7.76 -13.31 -33.70 321.69 231.05 53.46 -1.00
0.00 5466.65
477.90 -12.76 -17.25 -38.46 322.67 234.01 60.49 -0.70
0.00 6103.14
440.90 -17.26 -20.83 -41.06 324.29 238.12 66.57 -0.20
0.00 6712.14
407.60 -21.66 -24.33 -41.04 326.03 237.84 70.44 0.30
0.00 7295.39
377.40 -25.76 -27.73 -41.42 327.88 236.65 73.48 0.50
0.00 7857.55
350.20 -28.96 -30.44 -41.45 330.71 237.64 74.05 0.30
0.00 8395.81
325.60 -31.76 -33.10 -45.58 333.45 241.34 73.72 0.10
0.00 8913.51
303.40 -34.56 -35.83 -52.29 335.90 240.67 75.76 -0.10
0.00 9409.63
283.40 -37.36 -38.53 -62.52 338.19 237.75 81.55 -0.20
0.00 9883.11
265.40 -40.16 -41.10 -63.02 340.50 237.36 91.12 -0.10
0.00 10333.34
248.60 -41.66 -42.55 -66.52 344.64 237.59 103.30 -0.10
0.00 10777.88
233.50 -43.66 -44.45 -71.85 347.79 235.74 113.52 0.00
0.00 11200.66
219.50 -46.86 -47.46 -72.27 349.05 235.64 119.08 0.00
0.00 11613.11
205.60 -50.46 -50.89 -72.72 349.98 237.33 118.38 0.00
0.00 12042.99
191.70 -53.76 -54.07 -73.19 351.76 239.65 111.87 0.10
0.00 12495.91
177.70 -56.86 -57.08 -73.70 354.38 240.63 102.97 0.10
0.00 12979.48
163.80 -60.26 -60.41 -74.24 357.03 242.76 96.35 0.10
0.00 13491.10
149.80 -63.66 -63.76 -74.84 360.41 247.22 88.29 0.10
0.00 14043.42
135.90 -66.76 -66.83 -75.48 365.09 251.97 79.06 0.00
0.00 14636.15
121.90 -69.06 -9999.00 -9999.00 -9999.00 251.67 69.77 0.00
0.00 15289.30
108.00 -70.96 -9999.00 -9999.00 -9999.00 246.20 63.05 0.10
0.00 16009.20
94.00 -71.86 -9999.00 -9999.00 -9999.00 249.16 60.06 0.10
0.00 16829.06
81.00 -68.16 -9999.00 -9999.00 -9999.00 254.58 46.76 0.10
0.00 17714.13
70.60 -64.66 -9999.00 -9999.00 -9999.00 208.22 27.12 0.00
0.00 18545.73
62.20 -64.96 -9999.00 -9999.00 -9999.00 209.79 27.76 0.00
0.00 19318.24
54.30 -59.46 -9999.00 -9999.00 -9999.00 209.86 12.10 0.00
0.00 20156.93
46.90 -57.76 -9999.00 -9999.00 -9999.00 217.87 4.43 -0.10
0.00 21076.98
40.10 -58.16 -9999.00 -9999.00 -9999.00 46.22 6.45 0.00
0.00 22063.65
33.80 -56.46 -9999.00 -9999.00 -9999.00 106.56 7.50 0.00
0.00 23143.48
27.80 -51.96 -9999.00 -9999.00 -9999.00 118.18 12.33 0.00
0.00 24395.89
22.30 -50.76 -9999.00 -9999.00 -9999.00 81.09 10.02 0.00
0.00 25827.07
17.10 -48.46 -9999.00 -9999.00 -9999.00 2.39 4.66 0.00
0.00 27564.38
12.30 -47.36 -9999.00 -9999.00 -9999.00 313.26 13.60 0.00
0.00 29736.67

STID = KDAL STNM = 722583 TIME = 191021/0500 
SLAT = 32.84 SLON = -96.85 SELV = 138.0
STIM = 6

SHOW = -7.17 LIFT = -7.64 SWET = 583.51 KINX = 41.96
LCLP = 943.25 PWAT = 46.43 TOTL = 55.76 CAPE = 2362.55
LCLT = 294.91 CINS = -17.38 EQLV = 193.55 LFCT = 793.74
BRCH = 30.41

PRES TMPC TMWC DWPC THTE DRCT SKNT OMEG
CFRL HGHT
986.30 25.54 23.36 22.49 351.99 194.42 7.01 0.00
0.00 149.64
983.30 25.54 23.20 22.26 351.72 195.95 15.56 0.00
0.00 176.55
977.80 25.24 23.02 22.12 351.78 194.86 19.70 0.00
0.00 226.08
968.40 24.54 22.69 21.93 351.82 192.12 26.83 -0.20
0.00 311.24
954.60 23.54 22.25 21.70 352.10 190.66 33.61 -0.50
0.00 437.39
936.80 22.24 21.71 21.45 352.64 189.64 40.60 -0.90
0.00 602.21
915.60 21.24 21.08 20.95 353.37 191.45 46.97 -1.30
6.00 801.85
892.50 20.34 20.21 20.09 353.48 193.65 48.58 -1.60
8.00 1023.96
867.50 19.34 19.25 19.15 353.67 199.31 48.17 -1.70
16.00 1270.04
839.60 17.94 17.18 16.79 349.84 209.17 47.82 -1.50
4.00 1551.84
808.80 16.54 13.32 11.50 340.31 217.51 45.30 -1.20
0.00 1871.92
775.20 14.54 9.75 6.47 333.83 224.05 41.36 -0.90
2.00 2232.47
738.90 11.44 7.31 4.19 332.29 233.75 39.74 -0.50
2.00 2635.97
699.70 7.14 4.94 3.17 332.03 244.78 40.58 -0.10
6.00 3088.53
657.60 2.34 1.29 0.31 329.38 252.70 40.48 -0.20
100.00 3595.27
612.70 -2.06 -3.39 -4.96 325.75 251.97 43.92 -0.60
100.00 4162.77
565.40 -3.86 -8.46 -17.42 322.91 243.24 51.77 -0.90
40.00 4799.36
519.60 -7.86 -11.44 -19.04 325.59 233.55 52.64 -0.90
39.00 5460.95
478.20 -12.06 -16.52 -34.53 323.99 232.06 64.78 -0.90
13.00 6101.02
441.20 -16.86 -20.15 -34.88 325.51 231.89 66.41 -0.90
29.00 6710.98
407.80 -20.86 -23.47 -37.10 327.50 231.96 70.30 -0.80
37.00 7297.08
377.60 -23.96 -26.33 -42.14 330.14 234.25 71.81 -0.80
42.00 7861.91
350.30 -27.06 -28.95 -42.47 333.14 238.10 65.44 -0.90
28.00 8405.98
325.70 -31.06 -32.13 -39.55 335.07 238.59 63.73 -0.90
40.00 8926.32
303.40 -33.96 -35.29 -51.48 336.78 238.18 71.10 -0.80
0.00 9425.98
283.50 -37.36 -38.48 -58.55 338.24 235.00 77.54 -0.80
0.00 9897.60
265.40 -39.86 -40.83 -63.02 340.94 236.45 89.98 -0.80
0.00 10350.55
248.70 -41.46 -42.36 -66.51 344.90 237.51 102.70 -0.70
0.00 10792.83
233.50 -43.76 -44.54 -71.85 347.64 236.56 110.33 -0.70
0.00 11218.42
219.60 -46.96 -47.55 -72.27 348.85 236.91 113.15 -0.70
0.00 11627.65
205.60 -50.56 -50.98 -72.72 349.82 238.75 111.58 -0.60
0.00 12060.33
191.70 -53.76 -54.07 -73.19 351.76 240.73 104.88 -0.50
0.00 12513.15
177.70 -56.76 -56.99 -73.70 354.55 241.57 96.31 -0.40
0.00 12996.82
163.80 -59.96 -60.12 -74.24 357.53 242.87 88.62 -0.30
0.00 13508.92
149.80 -63.26 -63.37 -74.84 361.10 246.65 78.92 -0.30
0.00 14062.16
135.90 -66.46 -66.53 -75.48 365.62 251.77 69.54 -0.20
0.00 14655.89
121.90 -69.26 -9999.00 -9999.00 -9999.00 252.92 62.18 -0.20
0.00 15309.20
107.90 -71.56 -9999.00 -9999.00 -9999.00 247.63 58.18 -0.10
0.00 16033.18
94.00 -73.06 -9999.00 -9999.00 -9999.00 247.72 55.85 0.00
0.00 16843.93
81.00 -69.76 -9999.00 -9999.00 -9999.00 251.71 47.67 0.00
0.00 17722.90
70.60 -64.06 -9999.00 -9999.00 -9999.00 222.79 24.88 0.00
0.00 18552.49
62.20 -65.76 -9999.00 -9999.00 -9999.00 222.63 23.23 0.00
0.00 19324.63
54.30 -59.26 -9999.00 -9999.00 -9999.00 216.35 12.78 0.00
0.00 20162.13
46.90 -59.06 -9999.00 -9999.00 -9999.00 199.65 8.66 0.00
0.00 21079.82
40.10 -57.76 -9999.00 -9999.00 -9999.00 113.20 5.92 0.00
0.00 22064.42
33.80 -54.16 -9999.00 -9999.00 -9999.00 135.00 13.73 0.00
0.00 23151.01
27.80 -51.16 -9999.00 -9999.00 -9999.00 104.50 11.64 0.00
0.00 24412.29
22.30 -50.96 -9999.00 -9999.00 -9999.00 46.89 12.51 0.00
0.00 25845.41
17.10 -49.96 -9999.00 -9999.00 -9999.00 9.09 9.83 0.00
0.00 27576.11
12.30 -48.26 -9999.00 -9999.00 -9999.00 316.81 13.05 0.00
0.00 29736.82

STID = KDAL STNM = 722583 TIME = 191021/0600 
SLAT = 32.84 SLON = -96.85 SELV = 138.0
STIM = 7

SHOW = -5.13 LIFT = -4.97 SWET = 514.32 KINX = 40.28
LCLP = 979.33 PWAT = 48.94 TOTL = 51.47 CAPE = 2108.29
LCLT = 296.08 CINS = -10.38 EQLV = 191.53 LFCT = 814.72
BRCH = 36.74

PRES TMPC TMWC DWPC THTE DRCT SKNT OMEG
CFRL HGHT
986.40 23.54 23.23 23.05 351.35 209.74 10.96 0.00
0.00 147.79
983.40 23.34 23.08 22.92 351.15 210.63 17.15 0.00
0.00 174.52
977.90 23.04 22.87 22.74 351.07 210.60 20.98 0.00
0.00 223.70
968.60 22.44 22.32 22.20 350.06 211.18 27.02 -0.10
0.00 307.35
954.60 21.94 21.82 21.70 350.11 211.90 32.71 -0.30
0.00 434.54
936.80 21.34 21.19 21.07 350.29 212.70 37.39 -0.70
100.00 598.63
915.60 20.74 20.59 20.47 351.20 213.16 40.83 -1.10
100.00 797.75
892.50 19.74 19.64 19.54 351.00 211.98 43.28 -1.60
100.00 1019.37
867.40 18.74 18.63 18.53 351.03 206.25 47.44 -2.20
100.00 1265.86
839.40 17.54 17.47 17.38 351.07 204.59 50.41 -2.70
100.00 1548.22
808.60 15.84 15.74 15.64 349.53 214.19 49.09 -2.70
100.00 1868.15
775.30 11.64 11.58 11.49 339.91 231.27 47.80 -2.00
66.00 2223.97
738.70 9.24 7.38 6.03 332.60 244.97 48.66 -1.40
46.00 2627.70
699.50 6.14 4.30 2.77 330.28 250.10 45.65 -1.80
63.00 3077.93
657.50 1.74 0.16 -1.43 326.51 246.84 42.46 -2.50
86.00 3581.99
612.60 -1.56 -4.06 -7.31 324.17 239.04 47.57 -3.00
74.00 4149.24
565.40 -3.56 -8.27 -17.35 323.30 234.58 56.97 -3.40
59.00 4785.33
519.50 -6.16 -11.41 -24.91 325.48 233.23 65.23 -3.90
53.00 5450.79
478.30 -9.76 -14.81 -32.38 327.19 233.10 73.12 -4.30
51.00 6092.48
441.20 -14.66 -17.59 -26.27 330.32 232.94 68.65 -4.50
71.00 6709.47
407.90 -18.56 -20.31 -25.53 333.28 238.05 62.04 -4.30
83.00 7299.17
377.60 -21.86 -23.07 -27.04 336.06 241.37 50.68 -3.80
88.00 7871.04
350.30 -25.86 -26.92 -31.47 336.73 240.00 49.34 -3.20
93.00 8418.97
325.60 -30.16 -31.19 -37.48 336.69 236.70 54.84 -2.70
88.00 8943.86
303.40 -34.26 -34.99 -40.75 337.34 235.26 58.62 -2.20
85.00 9442.02
283.40 -38.26 -38.76 -43.76 337.91 235.14 60.84 -1.80
56.00 9914.97
265.40 -42.66 -42.70 -43.13 338.01 234.46 60.16 -1.40
12.00 10362.01
248.60 -45.16 -45.48 -51.12 339.94 237.23 80.40 -1.10
0.00 10800.87
233.40 -46.76 -47.28 -63.99 343.22 237.75 96.46 -0.80
0.00 11220.46
219.50 -48.46 -48.96 -72.27 346.58 236.48 106.24 -0.50
0.00 11625.83
205.60 -51.46 -51.84 -72.72 348.41 235.81 112.00 -0.20
0.00 12053.22
191.60 -54.96 -55.23 -73.19 349.89 236.98 111.21 0.00
0.00 12507.25
177.70 -57.66 -57.86 -73.70 353.07 238.42 102.37 0.10
0.00 12985.28
163.80 -60.26 -60.41 -74.24 357.03 240.15 92.50 0.10
0.00 13495.95
149.80 -63.06 -63.17 -74.84 361.44 244.89 81.95 0.10
0.00 14049.05
135.90 -66.56 -9999.00 -9999.00 -9999.00 252.54 71.87 0.10
0.00 14642.93
121.90 -70.06 -9999.00 -9999.00 -9999.00 252.90 63.40 0.10
0.00 15294.80
108.00 -72.36 -9999.00 -9999.00 -9999.00 245.18 56.93 0.20
0.00 16010.45
94.00 -73.66 -9999.00 -9999.00 -9999.00 240.43 56.27 0.20
0.00 16823.81
81.00 -69.76 -9999.00 -9999.00 -9999.00 243.04 50.12 0.10
0.00 17701.46
70.60 -62.06 -9999.00 -9999.00 -9999.00 231.56 31.25 0.00
0.00 18535.08
62.20 -63.36 -9999.00 -9999.00 -9999.00 214.31 19.99 0.00
0.00 19315.38
54.30 -58.96 -9999.00 -9999.00 -9999.00 241.31 11.73 0.00
0.00 20158.24
46.90 -58.86 -9999.00 -9999.00 -9999.00 202.38 7.15 0.10
0.00 21077.00
40.10 -57.56 -9999.00 -9999.00 -9999.00 130.60 5.38 0.00
0.00 22062.52
33.80 -55.16 -9999.00 -9999.00 -9999.00 139.09 15.42 0.00
0.00 23147.11
27.80 -52.06 -9999.00 -9999.00 -9999.00 94.40 10.14 0.00
0.00 24402.96
22.30 -51.86 -9999.00 -9999.00 -9999.00 46.04 15.11 0.00
0.00 25830.27
17.10 -49.76 -9999.00 -9999.00 -9999.00 17.35 13.03 0.00
0.00 27558.25
12.30 -47.26 -9999.00 -9999.00 -9999.00 331.82 12.33 0.00
0.00 29724.75

STID = KDAL STNM = 722583 TIME = 191021/0700 
SLAT = 32.84 SLON = -96.85 SELV = 138.0
STIM = 8

SHOW = -2.77 LIFT = -3.91 SWET = 344.83 KINX = 40.16
LCLP = 981.93 PWAT = 51.15 TOTL = 48.67 CAPE = 1593.43
LCLT = 295.54 CINS = 0.00 EQLV = 217.64 LFCT = 941.25
BRCH = 28.21

PRES TMPC TMWC DWPC THTE DRCT SKNT OMEG
CFRL HGHT
988.30 22.94 22.67 22.50 348.49 261.87 9.62 0.00
0.00 148.63
985.20 22.64 22.44 22.30 347.97 260.54 18.90 0.00
0.00 176.13
979.70 22.24 22.13 22.02 347.45 259.93 21.11 -0.10
0.00 225.07
970.30 21.74 21.61 21.49 346.67 258.27 25.80 -0.30
100.00 309.22
956.40 21.14 21.00 20.88 346.26 254.15 31.29 -0.60
100.00 434.88
938.60 20.34 20.25 20.15 345.92 248.78 35.43 -1.10
100.00 598.08
917.40 19.54 19.46 19.36 346.04 243.31 38.48 -1.70
100.00 795.94
894.20 18.54 18.40 18.28 345.50 239.41 40.85 -2.30
100.00 1017.02
869.10 17.14 17.02 16.91 344.14 236.60 42.35 -2.90
100.00 1261.65
841.20 15.54 15.46 15.36 342.75 235.67 43.75 -3.60
100.00 1540.41
810.30 13.64 13.58 13.50 341.03 234.41 45.40 -4.60
100.00 1858.02
776.60 11.44 11.35 11.25 338.92 230.97 47.51 -5.90
100.00 2215.72
740.00 9.04 9.00 8.92 337.41 226.44 49.32 -7.30
100.00 2618.66
700.60 6.24 6.19 6.11 335.56 222.88 48.25 -7.80
100.00 3070.83
658.40 2.74 2.69 2.60 332.98 229.43 42.72 -6.90
100.00 3578.08
613.40 -1.76 -1.81 -1.89 329.42 245.60 39.02 -4.90
90.00 4147.29
566.00 -6.86 -8.10 -9.98 323.75 240.45 50.02 -3.30
73.00 4781.82
520.00 -7.06 -11.19 -20.23 325.97 235.24 66.43 -2.70
64.00 5443.22
478.60 -9.86 -13.06 -19.93 330.87 235.56 69.72 -2.80
68.00 6086.62
441.50 -14.26 -16.28 -21.00 332.86 236.67 68.59 -3.00
82.00 6703.89
408.10 -18.56 -19.91 -23.62 333.99 235.83 64.34 -3.00
89.00 7295.62
377.80 -21.96 -23.10 -26.84 335.94 232.50 56.80 -2.80
87.00 7867.14
350.40 -25.36 -26.42 -30.70 337.60 229.21 52.33 -2.40
86.00 8417.30
325.80 -29.96 -30.29 -31.84 338.19 228.33 49.67 -2.00
87.00 8940.64
303.50 -34.06 -34.43 -36.80 338.27 227.35 53.61 -1.40
83.00 9441.31
283.50 -38.16 -38.53 -41.94 338.25 227.07 57.03 -0.70
83.00 9914.43
265.50 -41.56 -41.93 -46.56 339.19 225.67 58.66 -0.10
76.00 10362.45
248.70 -45.16 -45.36 -48.45 340.10 228.09 63.69 0.30
100.00 10802.18
233.50 -48.26 -48.50 -53.70 341.25 233.63 80.57 0.40
88.00 11220.23
219.60 -49.16 -49.57 -64.44 345.55 234.36 103.01 0.30
0.00 11623.46
205.60 -51.76 -52.13 -72.72 347.94 234.47 112.67 0.30
0.00 12052.87
191.70 -55.06 -55.32 -73.19 349.67 236.01 112.92 0.30
0.00 12503.12
177.70 -57.96 -58.15 -73.70 352.58 237.87 106.66 0.30
0.00 12984.02
163.80 -60.56 -60.71 -74.24 356.52 239.61 96.39 0.40
0.00 13493.97
149.80 -63.36 -63.47 -74.84 360.92 243.14 85.57 0.40
0.00 14046.29
135.80 -66.56 -9999.00 -9999.00 -9999.00 248.20 73.23 0.40
0.00 14644.23
121.90 -69.76 -9999.00 -9999.00 -9999.00 248.90 64.74 0.40
0.00 15292.16
107.90 -71.76 -9999.00 -9999.00 -9999.00 244.59 60.22 0.30
0.00 16014.89
94.00 -72.06 -9999.00 -9999.00 -9999.00 242.11 56.49 0.10
0.00 16827.26
81.00 -68.96 -9999.00 -9999.00 -9999.00 240.99 46.87 0.00
0.00 17710.15
70.60 -62.36 -9999.00 -9999.00 -9999.00 229.17 32.09 -0.10
0.00 18544.76
62.20 -62.56 -9999.00 -9999.00 -9999.00 211.14 21.79 0.00
0.00 19326.00
54.30 -59.56 -9999.00 -9999.00 -9999.00 229.72 15.02 0.00
0.00 20169.25
46.90 -57.66 -9999.00 -9999.00 -9999.00 187.52 10.39 0.00
0.00 21089.30
40.10 -57.26 -9999.00 -9999.00 -9999.00 118.30 8.61 0.00
0.00 22078.26
33.80 -56.06 -9999.00 -9999.00 -9999.00 138.27 9.63 0.00
0.00 23161.35
27.80 -53.16 -9999.00 -9999.00 -9999.00 73.89 9.09 0.00
0.00 24411.48
22.30 -51.66 -9999.00 -9999.00 -9999.00 74.67 12.49 0.00
0.00 25835.88
17.10 -48.56 -9999.00 -9999.00 -9999.00 28.35 13.91 0.00
0.00 27569.30
12.30 -48.56 -9999.00 -9999.00 -9999.00 347.47 10.74 0.00
0.00 29735.32

STID = KDAL STNM = 722583 TIME = 191021/0800 
SLAT = 32.84 SLON = -96.85 SELV = 138.0
STIM = 9

SHOW = 1.75 LIFT = -1.87 SWET = 222.40 KINX = 33.53
LCLP = 948.43 PWAT = 39.09 TOTL = 44.65 CAPE = 641.60
LCLT = 293.27 CINS = -4.31 EQLV = 251.60 LFCT = 901.80
BRCH = 23.90

PRES TMPC TMWC DWPC THTE DRCT SKNT OMEG
CFRL HGHT
987.70 23.54 21.63 20.78 344.04 251.57 12.28 0.00
0.00 149.53
984.70 23.44 21.42 20.52 343.62 250.80 18.30 0.00
0.00 176.20
979.30 23.14 21.13 20.23 343.24 251.23 21.13 -0.10
0.00 224.36
969.90 22.54 20.54 19.63 342.24 252.70 24.83 -0.30
0.00 308.69
956.10 21.64 19.58 18.60 340.44 255.86 26.24 -0.40
39.00 433.62
938.40 20.44 18.28 17.20 338.04 261.51 26.32 -0.50
43.00 595.87
917.30 18.74 16.84 15.83 335.82 274.12 24.34 -0.30
58.00 792.25
894.20 16.84 15.38 14.56 334.07 281.21 21.99 -0.10
69.00 1011.04
869.20 15.64 13.69 12.53 332.01 276.82 18.01 0.00
73.00 1252.86
841.20 15.14 11.59 9.27 329.35 258.58 19.62 0.10
53.00 1531.02
810.50 13.94 9.68 6.62 328.04 261.08 23.80 0.30
61.00 1845.65
777.00 11.84 8.16 5.41 328.69 258.29 32.54 0.50
71.00 2200.66
740.50 9.04 6.68 4.88 330.23 247.40 41.45 0.70
80.00 2601.84
701.10 6.04 5.14 4.42 332.39 236.52 44.02 0.80
100.00 3053.08
658.90 2.34 1.98 1.64 330.98 230.94 43.78 0.80
100.00 3559.19
613.70 -2.66 -3.17 -3.77 326.09 234.58 44.58 0.30
100.00 4129.01
566.20 -4.16 -7.77 -13.86 324.32 237.86 53.67 -0.40
0.00 4766.44
520.20 -7.76 -11.73 -20.78 324.85 235.82 57.05 -0.70
0.00 5429.90
478.70 -11.46 -15.77 -30.57 325.35 231.53 65.25 -0.70
0.00 6071.65
441.60 -14.76 -18.72 -35.81 327.95 229.66 74.42 -0.50
0.00 6685.88
408.20 -17.96 -21.44 -39.03 330.91 232.18 76.98 -0.30
0.00 7277.17
377.80 -21.76 -24.57 -41.06 333.12 235.54 76.55 -0.20
0.00 7851.07
350.50 -25.86 -27.68 -38.10 335.28 234.53 71.31 -0.10
9.00 8398.60
325.80 -30.16 -30.87 -34.71 337.18 228.99 59.21 -0.10
100.00 8923.14
303.60 -33.96 -34.45 -37.76 338.19 224.07 59.48 0.00
100.00 9421.34
283.50 -37.86 -38.29 -42.22 338.64 221.46 64.55 -0.10
19.00 9897.14
265.50 -41.46 -41.81 -46.16 339.38 223.23 71.19 -0.10
3.00 10345.55
248.70 -44.86 -45.25 -52.43 340.26 228.91 88.66 -0.20
0.00 10785.66
233.50 -47.46 -47.94 -63.98 342.12 231.76 94.46 -0.10
0.00 11204.70
219.50 -49.26 -49.72 -72.27 345.35 232.91 102.76 0.00
0.00 11611.54
205.60 -51.96 -52.29 -67.89 347.67 233.57 111.54 0.20
0.00 12037.69
191.70 -55.06 -55.32 -73.19 349.67 235.19 112.63 0.30
0.00 12487.75
177.70 -57.76 -57.96 -73.70 352.91 237.69 107.58 0.30
0.00 12968.87
163.70 -60.26 -60.41 -74.25 357.09 241.03 97.47 0.30
0.00 13483.24
149.80 -62.86 -62.97 -74.84 361.78 244.71 85.94 0.30
0.00 14032.83
135.80 -65.86 -9999.00 -9999.00 -9999.00 248.14 71.99 0.30
0.00 14632.48
121.90 -69.46 -9999.00 -9999.00 -9999.00 246.85 62.74 0.20
0.00 15281.99
107.90 -71.56 -9999.00 -9999.00 -9999.00 239.50 57.03 0.10
0.00 16005.62
94.00 -72.06 -9999.00 -9999.00 -9999.00 238.15 51.90 0.00
0.00 16818.40
81.00 -68.06 -9999.00 -9999.00 -9999.00 242.89 46.04 0.00
0.00 17703.24
70.60 -60.96 -9999.00 -9999.00 -9999.00 241.66 36.42 0.00
0.00 18542.49
62.20 -60.56 -9999.00 -9999.00 -9999.00 231.87 22.96 0.00
0.00 19330.02
54.30 -59.76 -9999.00 -9999.00 -9999.00 251.79 15.54 0.00
0.00 20176.86
46.90 -59.46 -9999.00 -9999.00 -9999.00 204.23 8.53 0.00
0.00 21092.62
40.10 -58.76 -9999.00 -9999.00 -9999.00 151.70 11.48 0.00
0.00 22074.01
33.80 -55.66 -9999.00 -9999.00 -9999.00 151.98 13.64 0.00
0.00 23154.35
27.80 -51.86 -9999.00 -9999.00 -9999.00 97.65 13.13 0.00
0.00 24409.34
22.30 -51.86 -9999.00 -9999.00 -9999.00 81.03 11.21 0.00
0.00 25837.29
17.10 -49.76 -9999.00 -9999.00 -9999.00 52.99 15.81 0.00
0.00 27565.27
12.30 -48.26 -9999.00 -9999.00 -9999.00 339.57 10.57 0.00
0.00 29726.95

STID = KDAL STNM = 722583 TIME = 191021/0900 
SLAT = 32.84 SLON = -96.85 SELV = 138.0
STIM = 10

SHOW = 6.06 LIFT = 10.31 SWET = 180.62 KINX = 19.93
LCLP = 879.76 PWAT = 21.58 TOTL = 38.96 CAPE = 0.00
LCLT = 284.11 CINS = 0.00 EQLV = -9999.00 LFCT = -9999.00
BRCH = 0.00

PRES TMPC TMWC DWPC THTE DRCT SKNT OMEG
CFRL HGHT
988.00 20.54 15.71 12.73 322.08 343.03 11.99 0.00
0.00 148.49
985.00 20.64 15.28 11.87 321.08 345.14 19.70 0.00
0.00 174.79
979.60 20.44 14.83 11.16 320.34 346.65 23.56 0.00
0.00 222.29
970.20 19.94 13.99 9.91 318.94 349.66 29.22 0.00
0.00 305.50
956.40 19.14 12.65 7.79 316.63 352.23 34.50 0.10
0.00 428.79
938.70 18.34 10.45 3.45 312.54 353.92 38.48 0.00
0.00 588.98
917.70 17.64 8.67 -0.57 310.28 355.03 40.37 -0.20
0.00 782.34
894.80 15.54 9.23 3.74 314.89 356.21 38.15 -0.40
19.00 997.28
869.80 13.44 11.66 10.47 325.41 352.00 23.74 -0.50
23.00 1236.94
842.00 14.94 8.89 3.90 321.04 309.74 20.96 -0.30
0.00 1511.40
811.30 14.84 4.35 -10.29 312.78 299.58 24.79 -0.20
11.00 1825.34
777.70 12.24 2.61 -11.66 313.29 288.84 25.85 0.00
21.00 2180.74
741.30 8.84 3.43 -2.17 321.11 256.47 26.57 0.30
30.00 2579.57
701.90 6.04 1.37 -3.79 322.07 244.00 35.00 0.70
34.00 3029.30
659.60 2.24 -1.00 -4.74 323.27 237.45 43.32 0.80
39.00 3535.06
614.40 -2.16 -3.91 -6.10 324.23 233.04 50.08 0.60
41.00 4104.11
566.80 -5.36 -8.49 -13.96 322.70 232.28 55.24 0.30
0.00 4741.20
520.70 -7.96 -12.65 -25.70 322.83 229.34 65.29 0.10
0.00 5403.58
479.10 -10.76 -15.88 -38.78 324.88 226.05 74.73 -0.10
0.00 6046.74
441.90 -13.86 -18.39 -41.04 328.39 225.78 80.23 -0.20
0.00 6663.96
408.40 -17.46 -21.40 -46.76 330.82 227.81 81.27 -0.20
0.00 7258.23
378.00 -21.66 -24.78 -48.11 332.62 229.86 81.06 -0.10
0.00 7832.46
350.60 -25.76 -28.03 -44.90 334.59 228.64 77.89 -0.10
0.00 8381.93
325.90 -30.16 -31.08 -36.47 336.78 224.44 70.75 -0.10
0.00 8906.37
303.60 -33.86 -34.69 -41.29 337.76 222.95 76.69 -0.10
0.00 9406.81
283.60 -37.86 -38.31 -42.51 338.57 220.11 75.68 -0.10
8.00 9880.23
265.50 -41.86 -42.13 -45.40 338.87 219.86 76.67 -0.30
100.00 10330.66
248.70 -45.46 -45.83 -53.17 339.33 225.43 91.34 -0.50
2.00 10769.82
233.50 -47.56 -48.03 -63.98 341.97 229.02 98.04 -0.60
0.00 11188.22
219.50 -49.26 -49.69 -67.42 345.40 231.41 107.11 -0.60
0.00 11594.97
205.60 -51.96 -52.29 -67.89 347.67 232.82 114.10 -0.50
0.00 12021.12
191.70 -54.96 -55.22 -73.19 349.83 234.91 114.90 -0.40
0.00 12471.27
177.70 -57.36 -57.57 -73.70 353.56 238.27 108.95 -0.30
0.00 12952.95
163.70 -59.36 -59.53 -74.25 358.60 242.76 96.35 -0.20
0.00 13468.89
149.80 -61.86 -9999.00 -9999.00 -9999.00 247.95 82.79 -0.20
0.00 14020.94
135.80 -65.06 -9999.00 -9999.00 -9999.00 249.66 66.49 -0.20
0.00 14623.18
121.90 -69.06 -9999.00 -9999.00 -9999.00 243.17 56.82 -0.20
0.00 15274.58
107.90 -72.06 -9999.00 -9999.00 -9999.00 237.31 55.40 -0.20
0.00 15998.03
94.00 -72.56 -9999.00 -9999.00 -9999.00 241.21 53.63 -0.10
0.00 16808.79
81.00 -69.76 -9999.00 -9999.00 -9999.00 246.18 47.14 0.00
0.00 17688.84
70.60 -64.86 -9999.00 -9999.00 -9999.00 241.83 40.33 0.10
0.00 18516.82
62.20 -61.16 -9999.00 -9999.00 -9999.00 229.25 31.55 0.10
0.00 19296.01
54.30 -60.16 -9999.00 -9999.00 -9999.00 212.47 15.19 0.10
0.00 20140.86
46.90 -58.36 -9999.00 -9999.00 -9999.00 191.31 12.88 0.10
0.00 21058.12
40.10 -56.96 -9999.00 -9999.00 -9999.00 163.84 13.95 0.00
0.00 22046.17
33.80 -54.06 -9999.00 -9999.00 -9999.00 147.88 9.87 0.00
0.00 23135.01
27.80 -51.96 -9999.00 -9999.00 -9999.00 65.56 11.73 -0.10
0.00 24394.29
22.30 -54.16 -9999.00 -9999.00 -9999.00 48.65 12.94 0.00
0.00 25814.50
17.10 -50.46 -9999.00 -9999.00 -9999.00 88.47 14.57 0.00
0.00 27530.82
12.30 -45.76 -9999.00 -9999.00 -9999.00 324.16 12.94 0.00
0.00 29701.18

STID = KDAL STNM = 722583 TIME = 191021/1000 
SLAT = 32.84 SLON = -96.85 SELV = 138.0
STIM = 11

SHOW = 9.24 LIFT = 13.88 SWET = 103.09 KINX = 12.28
LCLP = 895.93 PWAT = 14.09 TOTL = 34.54 CAPE = 0.00
LCLT = 282.81 CINS = 0.00 EQLV = -9999.00 LFCT = -9999.00
BRCH = 0.00

PRES TMPC TMWC DWPC THTE DRCT SKNT OMEG
CFRL HGHT
990.00 17.84 13.87 11.16 316.20 331.93 6.60 0.00
0.00 148.37
987.00 18.34 13.32 9.72 314.92 336.28 14.01 -0.10
0.00 174.37
981.60 18.44 12.81 8.60 314.06 339.74 17.39 -0.10
0.00 221.40
972.20 18.34 11.76 6.41 312.18 345.85 24.63 -0.20
0.00 303.85
958.40 17.84 10.29 3.41 309.78 350.30 31.14 -0.40
0.00 426.14
940.80 16.84 8.56 -0.09 307.32 354.56 36.89 -0.60
0.00 584.18
919.80 15.44 6.42 -4.96 304.45 358.86 39.04 -0.60
0.00 775.74
896.70 15.04 4.81 -11.05 303.17 5.11 34.91 -0.60
0.00 990.76
871.60 13.54 6.31 -1.55 310.20 359.60 28.17 -0.70
0.00 1230.05
843.80 14.44 7.02 -0.35 315.59 321.65 16.59 -0.50
0.00 1503.19
813.00 14.14 3.75 -11.67 311.12 292.66 19.15 -0.10
0.00 1816.65
779.30 12.44 2.24 -14.35 312.08 269.54 24.09 0.10
0.00 2172.00
742.80 9.24 2.90 -4.22 319.46 240.07 22.18 0.40
0.00 2571.41
703.20 5.94 0.60 -5.84 319.96 241.82 30.85 0.70
0.00 3022.61
660.80 2.54 -2.42 -9.42 319.63 246.06 43.57 0.70
0.00 3528.55
615.40 -0.76 -5.85 -14.84 319.56 244.60 55.69 0.10
0.00 4100.34
567.60 -4.16 -9.99 -25.90 319.18 240.95 60.00 -0.70
0.00 4741.55
521.30 -8.56 -14.13 -39.45 319.65 238.46 63.13 -1.10
0.00 5406.27
479.60 -12.36 -17.15 -42.98 322.43 231.86 70.14 -1.10
0.00 6047.43
442.30 -15.16 -19.37 -42.75 326.51 227.93 77.99 -1.00
0.00 6662.24
408.70 -18.06 -21.84 -46.75 329.98 227.31 81.66 -0.80
0.00 7255.58
378.20 -21.76 -24.92 -50.40 332.32 228.79 81.08 -0.60
0.00 7830.54
350.70 -25.66 -28.17 -51.96 334.26 229.40 80.59 -0.30
0.00 8381.77
326.00 -29.66 -31.60 -53.57 335.75 227.60 81.82 -0.20
0.00 8906.61
303.70 -33.96 -35.31 -52.28 336.65 223.73 80.65 -0.20
0.00 9407.20
283.60 -38.26 -39.10 -50.62 337.25 220.47 81.70 -0.10
0.00 9882.35
265.50 -42.36 -42.83 -49.95 337.74 219.28 84.07 -0.10
0.00 10331.87
248.70 -45.86 -46.28 -55.81 338.61 222.51 88.54 -0.20
4.00 10770.14
233.50 -48.26 -48.69 -63.98 340.91 226.36 92.33 -0.20
0.00 11187.52
219.50 -50.06 -50.45 -67.42 344.16 228.18 101.38 -0.10
0.00 11592.92
205.60 -52.46 -52.77 -67.89 346.88 229.01 111.95 0.00
0.00 12017.82
191.70 -55.36 -55.61 -73.19 349.19 230.83 116.26 0.10
0.00 12467.06
177.70 -58.06 -58.25 -73.70 352.42 233.90 112.76 0.20
0.00 12947.51
163.80 -60.26 -60.41 -74.24 357.03 237.82 102.14 0.20
0.00 13457.70
149.80 -63.06 -63.17 -74.84 361.44 242.94 91.39 0.20
0.00 14010.81
135.90 -66.26 -9999.00 -9999.00 -9999.00 244.89 78.73 0.20
0.00 14605.11
121.90 -69.06 -9999.00 -9999.00 -9999.00 239.70 66.59 0.10
0.00 15259.05
107.90 -71.96 -9999.00 -9999.00 -9999.00 231.20 61.07 0.10
0.00 15982.67
94.00 -73.56 -9999.00 -9999.00 -9999.00 233.99 59.79 0.00
0.00 16791.61
81.00 -69.16 -9999.00 -9999.00 -9999.00 239.18 51.57 0.00
0.00 17670.80
70.60 -61.36 -9999.00 -9999.00 -9999.00 242.31 35.53 0.00
0.00 18507.02
62.20 -59.36 -9999.00 -9999.00 -9999.00 256.43 23.17 0.00
0.00 19296.04
54.30 -60.36 -9999.00 -9999.00 -9999.00 234.64 7.38 0.00
0.00 20144.07
46.90 -60.56 -9999.00 -9999.00 -9999.00 216.16 6.25 0.00
0.00 21056.18
40.10 -59.96 -9999.00 -9999.00 -9999.00 184.76 9.36 0.00
0.00 22032.31
33.80 -56.66 -9999.00 -9999.00 -9999.00 159.55 12.24 0.00
0.00 23107.14
27.80 -53.46 -9999.00 -9999.00 -9999.00 89.10 12.43 0.00
0.00 24354.69
22.30 -52.76 -9999.00 -9999.00 -9999.00 59.98 10.10 0.00
0.00 25774.58
17.10 -49.86 -9999.00 -9999.00 -9999.00 56.31 7.71 0.00
0.00 27498.67
12.30 -46.66 -9999.00 -9999.00 -9999.00 328.61 13.42 0.00
0.00 29667.58

STID = KDAL STNM = 722583 TIME = 191021/1100 
SLAT = 32.84 SLON = -96.85 SELV = 138.0
STIM = 12

SHOW = 10.09 LIFT = 14.78 SWET = 98.14 KINX = 10.18
LCLP = 886.80 PWAT = 12.56 TOTL = 33.11 CAPE = 0.00
LCLT = 280.28 CINS = 0.00 EQLV = -9999.00 LFCT = -9999.00
BRCH = 0.00

PRES TMPC TMWC DWPC THTE DRCT SKNT OMEG
CFRL HGHT
991.90 16.24 12.03 8.78 310.74 346.22 10.61 0.00
0.00 149.14
989.00 16.44 11.64 7.80 309.99 347.54 18.90 -0.10
0.00 174.06
983.50 16.24 11.23 7.12 309.51 348.40 22.20 -0.10
0.00 221.50
974.20 15.84 10.47 5.84 308.56 351.87 28.85 -0.10
0.00 302.23
960.40 14.94 9.38 4.28 307.35 354.69 33.55 -0.10
0.00 423.14
942.60 13.74 7.86 1.91 305.59 358.84 38.46 -0.10
0.00 581.06
921.40 13.84 5.39 -6.03 301.93 1.63 41.01 -0.10
0.00 772.54
898.40 13.74 4.50 -9.29 302.44 3.00 33.45 -0.20
0.00 985.17
873.30 13.54 5.75 -3.36 308.57 350.54 22.46 -0.10
0.00 1223.44
845.40 13.74 5.95 -2.63 312.61 315.92 17.04 0.20
0.00 1496.61
814.50 13.24 3.28 -11.91 309.85 291.00 20.59 0.50
0.00 1809.56
780.70 11.44 1.32 -17.17 309.75 275.05 28.67 0.60
0.00 2164.09
744.00 9.04 1.52 -8.60 315.79 245.52 26.24 0.30
0.00 2563.98
704.40 5.04 -0.20 -6.94 317.88 241.82 24.69 0.00
0.00 3013.37
661.80 1.24 -3.12 -9.44 317.95 249.33 34.67 0.10
0.00 3518.82
616.30 -0.76 -6.62 -18.65 317.70 249.08 53.87 0.00
0.00 4089.57
568.40 -3.96 -10.56 -34.30 317.73 243.79 55.42 -0.30
0.00 4731.23
521.90 -8.56 -14.33 -45.94 319.10 241.71 60.66 -0.70
0.00 5398.10
480.10 -13.46 -17.96 -44.07 320.90 234.21 66.10 -0.80
0.00 6038.73
442.60 -16.56 -20.33 -41.43 324.79 229.01 76.69 -0.60
0.00 6653.33
408.90 -19.16 -22.66 -46.75 328.51 228.04 82.81 -0.50
0.00 7245.20
378.40 -21.86 -25.03 -52.31 332.06 228.06 82.26 -0.30
0.00 7818.50
350.80 -25.46 -28.05 -54.07 334.42 229.37 82.93 -0.20
0.00 8371.61
326.10 -29.46 -31.43 -53.57 335.99 226.01 85.59 -0.20
0.00 8896.72
303.70 -33.96 -35.35 -54.16 336.56 219.45 83.76 -0.20
0.00 9399.68
283.60 -38.76 -39.66 -54.73 336.33 215.43 85.10 -0.10
0.00 9874.32
265.50 -42.66 -43.34 -59.07 336.89 218.90 87.86 0.00
0.00 10323.05
248.70 -45.36 -45.91 -61.32 339.18 224.06 91.90 0.10
0.00 10761.50
233.50 -47.06 -47.59 -66.97 342.68 224.28 98.48 0.10
0.00 11180.44
219.60 -48.76 -49.22 -67.41 346.12 225.35 112.49 0.10
0.00 11585.09
205.60 -51.46 -51.84 -72.72 348.41 227.46 118.65 0.10
0.00 12015.17
191.70 -54.46 -54.74 -73.19 350.64 230.82 117.77 0.00
0.00 12466.35
177.70 -57.06 -57.28 -73.70 354.06 234.28 110.78 0.00
0.00 12948.91
163.80 -59.66 -59.83 -74.24 358.03 239.21 100.17 -0.10
0.00 13461.01
149.80 -63.06 -63.17 -74.84 361.44 243.27 90.70 0.00
0.00 14014.90
135.90 -66.36 -66.43 -75.48 365.80 244.31 79.33 0.00
0.00 14609.06
121.90 -69.06 -9999.00 -9999.00 -9999.00 243.00 68.45 0.10
0.00 15262.84
107.90 -72.06 -9999.00 -9999.00 -9999.00 240.50 62.72 0.10
0.00 15986.29
94.00 -73.06 -9999.00 -9999.00 -9999.00 234.64 57.40 0.10
0.00 16796.04
81.00 -68.76 -9999.00 -9999.00 -9999.00 237.41 50.49 0.10
0.00 17677.18
70.60 -59.26 -9999.00 -9999.00 -9999.00 253.24 33.68 0.00
0.00 18518.43
62.20 -59.76 -9999.00 -9999.00 -9999.00 251.37 18.24 -0.10
0.00 19310.60
54.30 -61.06 -9999.00 -9999.00 -9999.00 207.07 9.81 -0.10
0.00 20156.45
46.90 -61.16 -9999.00 -9999.00 -9999.00 194.74 11.44 0.00
0.00 21065.77
40.10 -59.26 -9999.00 -9999.00 -9999.00 184.51 14.80 0.00
0.00 22042.12
33.80 -55.86 -9999.00 -9999.00 -9999.00 166.83 9.38 0.00
0.00 23120.71
27.80 -53.76 -9999.00 -9999.00 -9999.00 84.52 14.24 0.00
0.00 24369.69
22.30 -52.16 -9999.00 -9999.00 -9999.00 68.52 12.74 0.00
0.00 25790.55
17.10 -49.16 -9999.00 -9999.00 -9999.00 53.75 7.23 0.00
0.00 27519.69
12.30 -47.36 -9999.00 -9999.00 -9999.00 321.34 8.70 0.00
0.00 29688.60

STID = KDAL STNM = 722583 TIME = 191021/1200 
SLAT = 32.84 SLON = -96.85 SELV = 138.0
STIM = 13

SHOW = 11.85 LIFT = 16.06 SWET = 106.19 KINX = 2.51
LCLP = 897.06 PWAT = 10.58 TOTL = 29.40 CAPE = 0.00
LCLT = 279.55 CINS = 0.00 EQLV = -9999.00 LFCT = -9999.00
BRCH = 0.00

PRES TMPC TMWC DWPC THTE DRCT SKNT OMEG
CFRL HGHT
993.10 14.64 10.93 7.89 307.69 345.65 8.62 0.00
0.00 149.07
990.10 14.84 10.58 6.97 307.09 347.86 15.70 -0.10
0.00 174.66
984.70 14.64 10.18 6.31 306.67 349.38 18.98 -0.10
0.00 220.92
975.30 14.34 9.44 4.96 305.83 353.95 25.78 -0.20
0.00 301.97
961.50 13.64 8.31 3.06 304.57 357.14 31.12 -0.30
0.00 422.13
943.70 13.24 6.32 -1.93 301.72 1.65 40.42 -0.40
0.00 579.29
922.50 14.04 4.74 -9.45 300.23 2.52 44.13 -0.40
0.00 770.35
899.40 13.74 4.45 -9.58 302.19 360.00 34.38 -0.30
0.00 983.68
874.40 14.04 5.03 -7.01 306.55 339.62 21.76 -0.10
0.00 1220.87
846.30 13.04 4.55 -6.42 308.98 317.49 18.98 0.20
0.00 1495.43
815.40 12.14 2.74 -11.90 308.56 290.08 19.23 0.40
0.00 1806.98
781.60 10.44 0.37 -20.77 307.48 280.23 28.42 0.60
0.00 2159.77
744.80 8.74 -0.55 -18.79 310.62 267.32 37.33 0.50
0.00 2559.16
705.10 5.14 -1.31 -11.15 315.10 243.43 29.97 0.20
0.00 3008.72
662.50 0.44 -3.51 -9.29 317.01 243.12 31.80 0.00
0.00 3512.88
616.90 -1.16 -6.84 -18.64 317.14 243.33 48.04 0.00
0.00 4083.06
568.80 -4.76 -10.86 -31.19 317.18 246.67 56.90 -0.30
0.00 4725.46
522.30 -8.96 -14.34 -38.29 319.10 241.08 63.46 -0.60
0.00 5390.40
480.40 -13.56 -17.83 -39.10 321.13 233.87 72.14 -0.70
0.00 6031.55
442.90 -17.46 -21.06 -43.22 323.44 232.60 79.95 -0.60
0.00 6644.57
409.10 -19.76 -23.18 -49.72 327.53 231.23 82.21 -0.50
0.00 7236.09
378.50 -22.46 -25.51 -53.44 331.20 229.47 81.00 -0.30
0.00 7809.68
350.90 -26.26 -28.71 -55.35 333.27 227.97 82.11 -0.10
0.00 8361.09
326.10 -29.76 -31.68 -53.57 335.58 221.64 86.83 0.00
0.00 8887.06
303.80 -34.46 -35.79 -54.16 335.83 214.44 86.21 0.10
0.00 9386.86
283.60 -39.06 -39.98 -57.08 335.81 216.12 86.32 0.20
0.00 9862.98
265.50 -42.06 -42.79 -59.07 337.77 221.20 91.12 0.20
0.00 10311.99
248.70 -43.76 -44.45 -63.51 341.52 221.61 97.69 0.20
0.00 10752.55
233.50 -45.06 -45.72 -66.97 345.71 222.17 111.11 0.20
0.00 11174.81
219.50 -47.66 -48.18 -67.42 347.86 225.72 119.64 0.10
0.00 11585.27
205.60 -50.76 -51.17 -72.72 349.51 228.97 118.96 -0.10
0.00 12014.10
191.70 -53.76 -54.07 -73.19 351.76 231.82 115.66 -0.20
0.00 12466.71
177.70 -56.76 -56.99 -73.70 354.55 234.16 107.83 -0.30
0.00 12950.39
163.80 -59.96 -60.12 -74.24 357.53 237.31 99.26 -0.40
0.00 13462.49
149.80 -63.26 -63.37 -74.84 361.10 239.52 90.38 -0.30
0.00 14015.72
135.80 -66.36 -66.43 -75.48 365.88 241.61 79.27 -0.20
0.00 14614.09
121.90 -69.26 -9999.00 -9999.00 -9999.00 243.73 67.58 -0.10
0.00 15263.12
107.90 -72.26 -9999.00 -9999.00 -9999.00 245.38 61.54 0.10
0.00 15985.86
94.00 -72.26 -9999.00 -9999.00 -9999.00 240.85 57.83 0.10
0.00 16796.82
81.00 -67.46 -9999.00 -9999.00 -9999.00 241.06 48.17 0.10
0.00 17682.53
70.60 -61.56 -9999.00 -9999.00 -9999.00 256.13 32.42 0.00
0.00 18521.78
62.20 -60.86 -9999.00 -9999.00 -9999.00 236.31 16.80 0.00
0.00 19307.64
54.30 -62.86 -9999.00 -9999.00 -9999.00 205.50 13.99 0.00
0.00 20147.72
46.90 -61.16 -9999.00 -9999.00 -9999.00 193.74 17.99 0.00
0.00 21053.19
40.10 -56.86 -9999.00 -9999.00 -9999.00 182.39 14.01 0.00
0.00 22035.04
33.80 -53.26 -9999.00 -9999.00 -9999.00 54.46 3.34 0.00
0.00 23126.13
27.80 -55.76 -9999.00 -9999.00 -9999.00 68.32 17.35 0.00
0.00 24376.83
22.30 -53.06 -9999.00 -9999.00 -9999.00 94.04 16.55 0.00
0.00 25788.33
17.10 -48.86 -9999.00 -9999.00 -9999.00 113.70 8.70 0.00
0.00 27515.14
12.30 -47.56 -9999.00 -9999.00 -9999.00 334.54 9.03 0.00
0.00 29684.54

STID = KDAL STNM = 722583 TIME = 191021/1300 
SLAT = 32.84 SLON = -96.85 SELV = 138.0
STIM = 14

SHOW = 13.67 LIFT = 16.77 SWET = 113.28 KINX = -5.76
LCLP = 904.50 PWAT = 9.16 TOTL = 23.94 CAPE = 0.00
LCLT = 279.05 CINS = 0.00 EQLV = -9999.00 LFCT = -9999.00
BRCH = 0.00

PRES TMPC TMWC DWPC THTE DRCT SKNT OMEG
CFRL HGHT
994.20 13.54 10.17 7.28 305.62 342.12 6.33 0.00
0.00 148.16
991.20 13.84 9.81 6.24 305.03 345.38 13.85 -0.10
0.00 173.63
985.70 13.64 9.38 5.49 304.55 347.25 16.72 -0.20
0.00 220.53
976.30 13.44 8.65 4.03 303.77 352.07 23.93 -0.30
0.00 301.21
962.50 12.84 7.55 2.05 302.64 355.91 29.99 -0.40
0.00 420.86
944.70 12.64 5.78 -2.75 300.39 358.29 39.06 -0.60
0.00 577.45
923.50 13.54 4.44 -9.75 299.46 358.18 42.75 -0.60
0.00 767.92
900.40 13.54 3.90 -12.06 300.78 357.70 33.82 -0.50
0.00 980.74
875.30 13.44 4.04 -10.24 304.09 337.82 21.60 -0.40
0.00 1218.22
847.20 12.94 3.19 -12.67 305.50 307.83 23.12 -0.20
0.00 1492.02
816.30 10.94 1.45 -16.00 305.50 298.34 19.64 -0.10
0.00 1802.36
782.40 9.04 -0.88 -26.57 304.64 290.25 25.25 0.20
0.00 2154.10
745.60 7.74 -1.75 -25.13 307.80 272.70 37.14 0.20
0.00 2551.28
705.80 5.74 -1.46 -13.23 314.58 244.22 37.98 0.00
0.00 3001.07
663.10 0.74 -3.83 -10.98 316.17 242.34 36.40 -0.20
0.00 3506.64
617.40 -2.56 -7.24 -16.44 316.35 244.06 47.96 -0.20
0.00 4076.42
569.30 -5.36 -11.09 -29.43 316.70 247.13 57.98 -0.30
0.00 4715.98
522.60 -9.26 -14.53 -37.93 318.72 238.59 64.86 -0.40
0.00 5382.18
480.60 -13.86 -18.07 -39.84 320.64 234.17 70.69 -0.40
0.00 6023.81
443.10 -17.76 -21.32 -44.25 322.94 234.00 76.34 -0.30
0.00 6635.84
409.20 -20.56 -23.81 -50.64 326.43 233.95 78.55 -0.10
0.00 7227.62
378.60 -23.76 -26.55 -54.72 329.41 230.74 78.28 0.10
0.00 7798.67
351.00 -26.76 -29.12 -55.35 332.57 226.12 84.07 0.20
0.00 8347.93
326.20 -29.96 -31.85 -53.57 335.28 221.50 90.00 0.30
0.00 8873.00
303.80 -33.96 -35.38 -55.27 336.49 216.92 91.84 0.30
0.00 9375.28
283.70 -38.46 -39.44 -57.08 336.64 218.16 93.38 0.30
0.00 9850.05
265.60 -41.86 -42.60 -59.06 338.03 221.73 96.31 0.30
0.00 10299.68
248.70 -43.86 -44.54 -63.51 341.37 221.49 100.87 0.40
0.00 10742.86
233.50 -45.16 -45.81 -66.97 345.56 224.73 114.82 0.50
0.00 11164.94
219.60 -47.66 -48.18 -67.41 347.82 228.91 120.88 0.40
0.00 11572.29
205.60 -50.56 -50.98 -72.72 349.82 232.61 119.31 0.30
0.00 12004.30
191.70 -53.56 -53.88 -73.19 352.08 234.76 113.44 0.20
0.00 12457.32
177.70 -56.56 -56.79 -73.70 354.88 236.40 106.35 0.00
0.00 12941.44
163.80 -59.56 -59.73 -74.24 358.20 238.21 99.18 -0.10
0.00 13454.25
149.80 -62.56 -62.68 -74.84 362.30 240.51 90.38 -0.30
0.00 14008.93
135.90 -65.46 -65.54 -75.48 367.39 242.66 76.98 -0.30
0.00 14605.08
121.90 -68.96 -9999.00 -9999.00 -9999.00 241.88 63.87 -0.30
0.00 15260.46
107.90 -72.36 -9999.00 -9999.00 -9999.00 240.06 57.61 -0.10
0.00 15983.55
94.00 -72.16 -9999.00 -9999.00 -9999.00 238.47 57.21 0.00
0.00 16794.50
81.00 -65.66 -9999.00 -9999.00 -9999.00 245.31 47.88 0.10
0.00 17684.36
70.60 -60.36 -9999.00 -9999.00 -9999.00 265.46 29.43 0.00
0.00 18529.64
62.20 -61.96 -9999.00 -9999.00 -9999.00 253.57 15.79 0.00
0.00 19315.69
54.30 -63.56 -9999.00 -9999.00 -9999.00 222.56 12.92 0.00
0.00 20152.19
46.90 -60.46 -9999.00 -9999.00 -9999.00 202.32 19.95 0.00
0.00 21057.66
40.10 -56.16 -9999.00 -9999.00 -9999.00 183.27 13.62 0.00
0.00 22042.72
33.80 -53.26 -9999.00 -9999.00 -9999.00 73.81 6.27 0.00
0.00 23135.56
27.80 -56.86 -9999.00 -9999.00 -9999.00 85.86 13.44 0.00
0.00 24383.12
22.30 -50.96 -9999.00 -9999.00 -9999.00 125.04 18.26 0.00
0.00 25797.84
17.10 -47.96 -9999.00 -9999.00 -9999.00 50.53 4.27 0.00
0.00 27536.31
12.30 -48.66 -9999.00 -9999.00 -9999.00 330.14 12.10 0.00
0.00 29704.74

STID = KDAL STNM = 722583 TIME = 191021/1400 
SLAT = 32.84 SLON = -96.85 SELV = 138.0
STIM = 15

SHOW = 14.13 LIFT = 16.55 SWET = 106.24 KINX = -10.85
LCLP = 899.63 PWAT = 8.67 TOTL = 22.11 CAPE = 0.00
LCLT = 278.74 CINS = 0.00 EQLV = -9999.00 LFCT = -9999.00
BRCH = 0.00

PRES TMPC TMWC DWPC THTE DRCT SKNT OMEG
CFRL HGHT
996.30 13.84 10.21 7.08 305.48 339.08 7.07 0.00
0.00 148.15
993.30 13.74 9.64 5.95 304.37 340.17 12.59 -0.10
0.00 173.57
987.80 13.44 9.20 5.27 303.87 341.80 14.92 -0.20
0.00 220.34
978.40 12.94 8.41 4.00 302.98 345.14 19.70 -0.30
0.00 300.75
964.50 12.24 7.27 2.05 301.79 349.54 25.68 -0.50
0.00 420.78
946.70 11.74 5.67 -1.70 299.99 353.77 33.99 -0.80
0.00 576.64
925.40 12.44 4.32 -7.70 299.12 354.68 39.80 -0.90
0.00 766.98
902.20 12.94 3.45 -12.95 299.62 352.34 36.46 -0.80
0.00 979.67
877.00 12.44 3.16 -12.31 301.93 346.32 23.00 -0.60
0.00 1216.93
848.90 12.34 2.52 -15.00 303.77 317.29 17.19 -0.30
0.00 1489.38
817.90 9.64 0.11 -21.41 302.36 318.63 17.35 0.10
0.00 1799.00
783.90 7.44 -1.75 -26.36 302.77 300.26 24.28 0.30
0.00 2149.24
746.90 7.54 -2.01 -27.27 307.03 268.45 35.96 0.30
0.00 2546.56
707.00 5.94 -1.87 -15.99 313.39 249.47 43.76 -0.10
0.00 2996.64
664.10 1.24 -3.95 -12.50 315.71 240.77 42.97 -0.40
0.00 3504.30
618.30 -2.46 -7.41 -17.58 315.83 247.15 51.01 -0.40
0.00 4075.02
570.00 -6.16 -11.46 -27.90 315.95 248.76 58.97 -0.40
0.00 4715.53
523.20 -10.06 -14.84 -34.10 318.11 239.29 67.33 -0.40
0.00 5380.41
481.10 -14.26 -18.12 -35.72 320.52 236.15 75.31 -0.40
0.00 6021.43
443.40 -17.16 -20.82 -42.73 323.75 234.70 76.63 -0.20
0.00 6636.47
409.50 -20.86 -23.98 -48.11 326.10 235.75 77.31 0.00
0.00 7228.19
378.80 -24.86 -27.42 -54.72 327.91 233.80 82.56 0.10
0.00 7799.16
351.10 -28.26 -30.39 -58.62 330.43 226.42 83.39 0.20
0.00 8347.29
326.30 -30.56 -32.41 -57.42 334.29 222.18 92.00 0.20
0.00 8869.94
303.90 -34.06 -35.46 -55.26 336.32 217.76 98.04 0.30
0.00 9371.33
283.70 -37.96 -38.99 -57.08 337.36 220.44 101.83 0.30
0.00 9848.79
265.60 -41.26 -42.06 -59.06 338.90 224.15 102.35 0.30
0.00 10299.47
248.70 -44.16 -44.82 -63.51 340.92 222.90 104.74 0.30
0.00 10742.95
233.50 -45.76 -46.37 -66.97 344.65 226.83 116.12 0.20
0.00 11164.20
219.60 -48.16 -48.65 -67.41 347.05 230.56 120.47 0.20
0.00 11570.55
205.60 -50.96 -51.36 -72.72 349.19 233.22 118.10 0.20
0.00 12001.70
191.70 -53.86 -54.16 -73.19 351.60 234.57 113.25 0.20
0.00 12454.00
177.70 -56.66 -56.89 -73.70 354.71 236.17 108.51 0.10
0.00 12937.68
163.80 -59.56 -59.73 -74.24 358.20 238.65 103.05 0.00
0.00 13450.37
149.80 -62.26 -62.39 -74.84 362.82 242.21 93.76 0.00
0.00 14005.44
135.90 -64.86 -64.95 -75.48 368.45 244.96 78.48 -0.10
0.00 14602.88
121.90 -68.26 -9999.00 -9999.00 -9999.00 242.82 65.07 -0.10
0.00 15260.32
108.00 -71.46 -9999.00 -9999.00 -9999.00 235.46 58.24 0.00
0.00 15980.75
94.00 -71.36 -9999.00 -9999.00 -9999.00 234.08 58.28 0.00
0.00 16800.61
81.00 -64.76 -9999.00 -9999.00 -9999.00 246.93 47.09 0.00
0.00 17694.17
70.60 -60.36 -9999.00 -9999.00 -9999.00 275.96 22.46 0.00
0.00 18541.26
62.20 -62.46 -9999.00 -9999.00 -9999.00 251.90 10.63 0.00
0.00 19326.38
54.30 -63.36 -9999.00 -9999.00 -9999.00 218.66 12.43 0.00
0.00 20162.29
46.90 -58.06 -9999.00 -9999.00 -9999.00 214.06 16.65 0.00
0.00 21073.33
40.10 -55.76 -9999.00 -9999.00 -9999.00 202.07 7.75 0.00
0.00 22064.81
33.80 -55.56 -9999.00 -9999.00 -9999.00 50.53 8.55 0.00
0.00 23152.90
27.80 -57.06 -9999.00 -9999.00 -9999.00 113.40 14.18 0.00
0.00 24393.30
22.30 -50.16 -9999.00 -9999.00 -9999.00 130.48 19.15 0.00
0.00 25809.96
17.10 -47.76 -9999.00 -9999.00 -9999.00 26.16 12.33 0.00
0.00 27552.32
12.30 -50.06 -9999.00 -9999.00 -9999.00 337.75 4.62 0.00
0.00 29714.96

STID = KDAL STNM = 722583 TIME = 191021/1500 
SLAT = 32.84 SLON = -96.85 SELV = 138.0
STIM = 16

SHOW = 14.97 LIFT = 16.77 SWET = 105.31 KINX = -10.55
LCLP = 885.16 PWAT = 8.88 TOTL = 21.46 CAPE = 0.00
LCLT = 278.15 CINS = 0.00 EQLV = -9999.00 LFCT = -9999.00
BRCH = 0.00

PRES TMPC TMWC DWPC THTE DRCT SKNT OMEG
CFRL HGHT
997.30 14.64 10.40 6.73 305.82 336.97 8.45 0.00
0.00 149.02
994.30 14.34 9.79 5.69 304.62 337.52 12.20 -0.10
0.00 174.47
988.80 13.94 9.30 4.98 303.99 338.20 14.65 -0.10
0.00 221.28
979.40 13.14 8.50 3.99 303.08 340.39 17.95 -0.20
0.00 301.70
965.50 12.04 7.46 2.75 302.13 342.24 21.02 -0.40
0.00 421.62
947.70 10.94 5.98 0.38 300.68 347.51 27.86 -0.50
0.00 577.08
926.40 11.44 4.23 -5.96 298.92 349.36 32.61 -0.70
0.00 766.67
903.10 12.34 3.30 -12.02 299.26 349.08 33.84 -0.70
0.00 979.48
877.90 12.04 2.62 -14.43 300.60 341.97 26.36 -0.60
0.00 1216.08
849.80 11.24 2.15 -13.76 302.96 319.47 15.85 -0.40
0.00 1487.52
818.70 9.04 0.26 -17.37 302.73 314.45 14.41 -0.10
0.00 1796.94
784.60 6.24 -2.11 -22.57 302.14 305.07 22.32 0.20
0.00 2146.83
747.60 6.14 -2.90 -28.73 305.19 273.75 35.63 0.10
0.00 2541.96
707.60 5.64 -1.93 -15.45 313.20 247.51 47.73 -0.20
0.00 2991.40
664.60 1.54 -3.98 -13.36 315.52 244.79 51.53 -0.60
0.00 3499.82
618.70 -2.86 -7.88 -18.85 314.79 251.43 53.69 -0.60
0.00 4071.23
570.40 -6.46 -11.73 -28.71 315.36 250.22 60.28 -0.60
0.00 4710.44
523.50 -9.86 -14.79 -35.41 318.13 245.49 70.24 -0.70
0.00 5376.16
481.30 -13.76 -17.98 -39.45 320.67 239.26 76.38 -0.60
0.00 6019.22
443.60 -18.16 -21.56 -42.72 322.44 237.23 77.16 -0.30
0.00 6633.37
409.60 -22.66 -25.30 -45.52 323.90 238.89 77.82 0.00
0.00 7223.37
378.90 -26.26 -28.45 -49.56 326.24 234.93 82.83 0.20
0.00 7790.55
351.20 -28.46 -30.51 -55.34 330.22 228.66 88.23 0.30
0.00 8336.77
326.30 -30.66 -32.52 -59.20 334.11 221.60 95.09 0.20
0.00 8861.14
303.90 -34.26 -35.66 -56.52 335.99 219.27 101.88 0.20
0.00 9362.20
283.70 -38.16 -39.17 -57.08 337.07 220.88 105.07 0.10
0.00 9839.26
265.60 -40.76 -41.60 -59.06 339.64 224.78 106.72 0.20
0.00 10290.24
248.70 -43.36 -44.08 -63.51 342.12 226.56 111.03 0.20
0.00 10734.96
233.50 -46.06 -46.65 -66.97 344.20 228.83 117.15 0.20
0.00 11156.67
219.60 -48.36 -48.84 -67.41 346.74 231.78 119.93 0.20
0.00 11562.58
205.60 -50.86 -51.27 -72.72 349.35 234.04 118.08 0.20
0.00 11993.63
191.70 -53.36 -53.68 -73.19 352.40 235.10 115.11 0.20
0.00 12446.55
177.70 -56.16 -56.41 -73.70 355.53 236.56 111.03 0.20
0.00 12931.33
163.80 -58.96 -59.14 -74.24 359.21 239.33 104.33 0.20
0.00 13445.34
149.80 -61.56 -61.70 -74.84 364.02 243.22 94.00 0.20
0.00 14002.10
135.90 -64.06 -64.17 -75.48 369.87 246.35 80.38 0.10
0.00 14601.68
121.90 -67.06 -9999.00 -9999.00 -9999.00 244.18 66.90 0.10
0.00 15262.30
107.90 -69.76 -9999.00 -9999.00 -9999.00 234.29 59.58 0.00
0.00 15993.43
94.00 -70.66 -9999.00 -9999.00 -9999.00 231.84 58.80 0.10
0.00 16812.66
81.00 -65.26 -9999.00 -9999.00 -9999.00 250.43 46.39 0.00
0.00 17706.66
70.60 -61.76 -9999.00 -9999.00 -9999.00 283.59 18.18 0.00
0.00 18549.92
62.20 -62.86 -9999.00 -9999.00 -9999.00 223.09 8.24 0.00
0.00 19331.71
54.30 -62.76 -9999.00 -9999.00 -9999.00 217.52 13.71 0.00
0.00 20168.01
46.90 -57.06 -9999.00 -9999.00 -9999.00 227.89 13.62 0.00
0.00 21082.48
40.10 -56.56 -9999.00 -9999.00 -9999.00 219.29 2.76 0.00
0.00 22074.43
33.80 -56.86 -9999.00 -9999.00 -9999.00 61.86 9.48 0.00
0.00 23157.26
27.80 -55.26 -9999.00 -9999.00 -9999.00 127.01 15.81 0.00
0.00 24399.09
22.30 -50.16 -9999.00 -9999.00 -9999.00 136.55 15.25 0.00
0.00 25821.56
17.10 -48.16 -9999.00 -9999.00 -9999.00 63.43 12.16 0.00
0.00 27562.37
12.30 -49.36 -9999.00 -9999.00 -9999.00 295.02 3.22 0.00
0.00 29726.46

STID = KDAL STNM = 722583 TIME = 191021/1600 
SLAT = 32.84 SLON = -96.85 SELV = 138.0
STIM = 17

SHOW = 14.92 LIFT = 15.62 SWET = 112.66 KINX = -13.82
LCLP = 879.92 PWAT = 8.96 TOTL = 21.74 CAPE = 0.00
LCLT = 278.33 CINS = 0.00 EQLV = -9999.00 LFCT = -9999.00
BRCH = 0.00

PRES TMPC TMWC DWPC THTE DRCT SKNT OMEG
CFRL HGHT
997.50 15.34 10.83 7.01 306.89 336.30 8.70 0.00
0.00 149.89
994.60 14.94 10.17 5.94 305.52 336.32 12.08 0.00
0.00 174.55
989.10 14.34 9.61 5.29 304.73 336.60 14.18 -0.10
0.00 221.43
979.70 13.54 8.94 4.61 304.12 337.69 16.38 -0.10
0.00 301.94
965.70 12.34 8.05 3.87 303.54 339.30 18.69 -0.20
0.00 422.86
947.90 10.84 6.75 2.49 302.44 341.42 23.78 -0.30
0.00 578.40
926.60 10.44 4.38 -3.54 299.36 343.45 27.97 -0.40
0.00 767.65
903.30 11.34 3.04 -10.62 298.78 344.31 29.45 -0.50
0.00 979.72
878.10 11.34 2.30 -14.09 299.96 339.98 26.67 -0.40
0.00 1215.58
849.90 10.64 1.79 -14.00 302.21 315.91 17.31 -0.30
0.00 1487.31
818.80 8.64 0.34 -15.35 302.96 299.54 13.40 -0.10
0.00 1796.17
784.70 5.74 -2.17 -20.48 302.09 300.33 21.15 0.10
0.00 2145.49
747.70 5.24 -3.40 -28.51 304.22 277.45 34.48 0.20
0.00 2539.60
707.70 4.74 -3.09 -19.68 310.62 255.15 50.04 0.00
0.00 2987.46
664.70 1.14 -4.61 -15.21 314.14 251.50 55.71 -0.20
0.00 3494.49
618.80 -3.06 -8.35 -20.93 313.80 253.76 57.65 -0.10
0.00 4065.10
570.40 -5.96 -11.60 -30.95 315.54 253.42 64.65 0.20
0.00 4705.86
523.60 -9.86 -14.75 -34.86 318.18 254.28 75.27 0.20
0.00 5370.71
481.40 -14.76 -18.61 -37.73 319.60 252.97 80.24 0.10
0.00 6012.42
443.60 -19.46 -22.48 -41.41 320.91 246.49 83.26 0.10
0.00 6625.40
409.60 -23.16 -25.69 -45.52 323.25 237.74 82.25 0.20
0.00 7213.31
378.90 -26.46 -28.59 -48.79 326.01 232.59 86.32 0.30
0.00 7779.70
351.20 -28.56 -30.57 -54.06 330.12 229.86 90.71 0.30
0.00 8325.58
326.30 -30.96 -32.77 -59.20 333.70 226.67 94.27 0.10
0.00 8849.52
303.90 -34.16 -35.64 -61.99 336.01 222.16 99.84 0.00
0.00 9350.37
283.70 -38.06 -39.15 -62.52 337.08 222.56 103.11 -0.10
0.00 9827.62
265.60 -41.66 -42.47 -63.02 338.23 224.55 105.77 0.00
0.00 10277.82
248.70 -44.16 -44.82 -63.51 340.92 226.21 110.31 0.20
0.00 10720.91
233.50 -46.16 -46.72 -63.98 344.09 228.94 117.99 0.30
0.00 11141.79
219.60 -47.96 -48.47 -67.41 347.36 232.32 122.98 0.30
0.00 11547.96
205.60 -50.06 -50.51 -72.72 350.61 234.65 121.21 0.20
0.00 11980.17
191.70 -52.26 -52.63 -73.19 354.16 235.46 115.79 0.10
0.00 12435.03
177.70 -55.06 -55.34 -73.70 357.33 236.90 109.21 0.00
0.00 12922.26
163.80 -57.76 -57.98 -74.24 361.22 240.13 101.03 -0.10
0.00 13439.01
149.80 -60.36 -60.53 -74.84 366.09 244.60 90.11 -0.10
0.00 13998.91
135.90 -63.36 -63.48 -75.48 371.11 247.53 77.78 -0.10
0.00 14601.20
121.90 -66.56 -9999.00 -9999.00 -9999.00 245.38 66.67 -0.10
0.00 15263.73
108.00 -69.36 -9999.00 -9999.00 -9999.00 234.87 60.08 0.00
0.00 15990.90
94.00 -70.06 -9999.00 -9999.00 -9999.00 230.72 59.23 0.10
0.00 16817.67
81.00 -65.96 -9999.00 -9999.00 -9999.00 243.76 46.56 0.00
0.00 17711.44
70.60 -61.06 -9999.00 -9999.00 -9999.00 280.25 18.55 0.00
0.00 18554.71
62.20 -63.36 -9999.00 -9999.00 -9999.00 195.95 5.65 0.00
0.00 19336.87
54.30 -61.46 -9999.00 -9999.00 -9999.00 222.05 13.34 0.00
0.00 20174.76
46.90 -57.66 -9999.00 -9999.00 -9999.00 240.46 13.40 0.00
0.00 21090.73
40.10 -58.06 -9999.00 -9999.00 -9999.00 194.62 4.62 0.00
0.00 22077.86
33.80 -56.86 -9999.00 -9999.00 -9999.00 112.71 9.05 0.00
0.00 23156.94
27.80 -53.86 -9999.00 -9999.00 -9999.00 135.00 11.81 0.00
0.00 24402.78
22.30 -51.26 -9999.00 -9999.00 -9999.00 82.23 4.31 0.00
0.00 25826.21
17.10 -49.76 -9999.00 -9999.00 -9999.00 66.45 8.26 0.00
0.00 27556.53
12.30 -48.46 -9999.00 -9999.00 -9999.00 287.59 8.35 0.00
0.00 29717.24

STID = KDAL STNM = 722583 TIME = 191021/1700 
SLAT = 32.84 SLON = -96.85 SELV = 138.0
STIM = 18

SHOW = 15.73 LIFT = 15.32 SWET = 117.66 KINX = -18.91
LCLP = 871.40 PWAT = 8.52 TOTL = 20.27 CAPE = 0.00
LCLT = 278.33 CINS = 0.00 EQLV = -9999.00 LFCT = -9999.00
BRCH = 0.00

PRES TMPC TMWC DWPC THTE DRCT SKNT OMEG
CFRL HGHT
997.50 16.14 11.23 7.15 307.92 336.80 8.88 0.00
0.00 149.07
994.50 15.64 10.54 6.09 306.45 336.68 12.28 0.00
0.00 174.65
989.00 15.04 10.00 5.47 305.69 336.90 14.36 -0.10
0.00 221.65
979.60 14.14 9.31 4.84 305.03 337.07 16.45 -0.10
0.00 302.36
965.70 12.94 8.43 4.12 304.45 337.75 18.47 -0.10
0.00 422.68
947.80 11.44 7.24 3.00 303.60 339.44 21.58 -0.20
0.00 579.44
926.50 10.24 4.89 -1.61 300.54 341.02 25.68 -0.30
4.00 768.88
903.20 11.14 3.01 -10.23 298.75 341.43 26.85 -0.20
0.00 980.86
878.00 11.14 2.18 -14.17 299.73 335.67 24.51 -0.20
0.00 1216.58
849.80 10.04 1.44 -14.24 301.49 311.94 18.03 0.00
0.00 1487.96
818.70 8.04 0.06 -15.02 302.45 291.94 15.07 0.10
0.00 1796.20
784.60 5.54 -2.23 -20.01 302.01 291.80 21.97 0.10
0.00 2145.08
747.60 4.34 -3.81 -26.88 303.51 278.53 31.43 0.20
0.00 2538.48
707.60 3.54 -4.30 -24.16 308.09 262.26 44.70 0.30
0.00 2984.67
664.70 1.44 -5.54 -21.91 312.03 251.06 56.27 0.30
0.00 3489.56
618.80 -2.26 -8.52 -26.08 313.32 253.65 57.28 0.30
0.00 4061.11
570.40 -5.96 -11.50 -29.78 315.75 260.82 64.55 0.50
0.00 4702.76
523.50 -9.66 -14.45 -32.48 318.79 258.41 77.33 0.70
0.00 5369.37
481.30 -14.36 -18.21 -35.98 320.33 252.76 85.22 0.70
0.00 6011.98
443.60 -19.46 -22.60 -44.24 320.68 251.32 84.89 0.50
0.00 6623.88
409.60 -22.76 -25.60 -55.58 323.34 248.46 87.30 0.20
0.00 7212.22
378.90 -26.06 -28.41 -56.21 326.26 243.66 88.44 -0.10
0.00 7779.49
351.20 -29.76 -31.55 -52.94 328.54 236.71 93.41 -0.20
0.00 8324.48
326.30 -32.56 -34.09 -55.94 331.58 233.69 95.45 -0.10
0.00 8845.40
303.90 -35.06 -36.42 -61.99 334.74 230.54 93.84 0.00
0.00 9343.66
283.70 -38.06 -39.15 -62.52 337.08 224.25 94.64 0.10
0.00 9820.00
265.60 -41.66 -42.49 -66.03 338.19 222.28 101.34 0.30
0.00 10270.20
248.70 -44.76 -45.37 -63.51 340.03 224.21 109.48 0.40
0.00 10712.71
233.50 -46.46 -47.00 -63.98 343.64 228.36 119.56 0.50
0.00 11132.76
219.60 -47.96 -48.47 -67.41 347.36 233.39 126.07 0.50
0.00 11538.67
205.60 -49.76 -50.22 -72.72 351.08 236.44 123.33 0.40
0.00 11971.16
191.70 -51.86 -52.25 -73.19 354.80 236.90 115.25 0.30
0.00 12426.74
177.70 -54.46 -54.77 -73.70 358.32 237.89 107.79 0.10
0.00 12915.08
163.80 -57.26 -57.49 -74.24 362.06 240.88 99.40 0.00
0.00 13433.14
149.80 -60.26 -60.43 -74.84 366.26 244.45 88.27 -0.10
0.00 13993.83
135.90 -63.36 -63.48 -75.48 371.11 245.46 76.24 -0.10
0.00 14596.25
121.90 -66.06 -9999.00 -9999.00 -9999.00 241.16 65.64 0.00
0.00 15259.58
107.90 -68.76 -9999.00 -9999.00 -9999.00 230.71 60.74 0.00
0.00 15994.28
94.00 -69.46 -9999.00 -9999.00 -9999.00 231.11 59.40 0.00
0.00 16817.95
81.00 -66.26 -9999.00 -9999.00 -9999.00 247.72 47.65 0.00
0.00 17712.38
70.60 -62.46 -9999.00 -9999.00 -9999.00 278.51 24.94 0.00
0.00 18552.23
62.20 -64.06 -9999.00 -9999.00 -9999.00 194.42 7.01 0.00
0.00 19330.50
54.30 -60.26 -9999.00 -9999.00 -9999.00 218.97 17.00 0.00
0.00 20169.38
46.90 -57.06 -9999.00 -9999.00 -9999.00 239.04 13.60 0.00
0.00 21089.21
40.10 -57.46 -9999.00 -9999.00 -9999.00 236.31 4.90 0.00
0.00 22079.09
33.80 -56.76 -9999.00 -9999.00 -9999.00 128.66 4.97 0.00
0.00 23159.93
27.80 -54.16 -9999.00 -9999.00 -9999.00 123.07 9.97 0.00
0.00 24405.19
22.30 -52.46 -9999.00 -9999.00 -9999.00 76.83 9.38 0.00
0.00 25823.79
17.10 -49.46 -9999.00 -9999.00 -9999.00 106.70 8.12 0.00
0.00 27550.60
12.30 -47.26 -9999.00 -9999.00 -9999.00 305.54 5.01 0.00
0.00 29718.55

STID = KDAL STNM = 722583 TIME = 191021/1800 
SLAT = 32.84 SLON = -96.85 SELV = 138.0
STIM = 19

SHOW = 16.09 LIFT = 14.94 SWET = 113.28 KINX = -18.62
LCLP = 863.14 PWAT = 8.80 TOTL = 19.73 CAPE = 0.00
LCLT = 278.28 CINS = 0.00 EQLV = -9999.00 LFCT = -9999.00
BRCH = 0.00

PRES TMPC TMWC DWPC THTE DRCT SKNT OMEG
CFRL HGHT
997.10 16.84 11.56 7.23 308.82 329.47 8.80 0.00
0.00 149.96
994.10 16.34 10.86 6.13 307.29 330.49 11.83 0.00
0.00 175.61
988.70 15.74 10.31 5.49 306.50 330.55 13.83 0.00
0.00 221.88
979.20 14.84 9.62 4.84 305.82 331.22 15.73 -0.10
0.00 303.68
965.30 13.64 8.75 4.11 305.23 332.30 17.56 -0.10
0.00 424.34
947.50 12.14 7.62 3.14 304.53 333.18 19.37 -0.10
0.00 580.67
926.20 10.64 5.40 -0.69 301.73 334.77 22.34 -0.10
7.00 770.56
902.90 11.54 3.16 -10.49 299.09 335.60 23.04 -0.10
0.00 982.92
877.70 11.14 2.21 -14.01 299.82 328.95 21.10 0.00
0.00 1218.88
849.60 9.74 1.29 -14.16 301.22 303.34 17.68 0.20
0.00 1489.24
818.40 7.64 -0.24 -15.53 301.87 288.99 19.11 0.40
0.00 1798.18
784.40 5.64 -2.25 -20.73 301.95 287.04 25.19 0.50
0.00 2145.94
747.40 3.84 -4.00 -25.61 303.22 281.04 32.46 0.60
0.00 2539.16
707.40 2.34 -5.00 -24.16 306.78 268.41 41.98 0.50
0.00 2984.11
664.50 1.34 -5.83 -23.89 311.41 257.40 54.33 0.30
0.00 3487.93
618.70 -2.06 -8.43 -26.39 313.50 259.04 56.20 0.10
0.00 4058.44
570.30 -5.76 -11.28 -28.71 316.20 260.68 63.58 0.10
0.00 4700.68
523.50 -9.06 -13.95 -31.25 319.73 253.77 76.48 0.20
0.00 5366.96
481.30 -14.56 -18.14 -33.13 320.50 253.88 79.06 0.50
0.00 6010.10
443.50 -18.96 -21.74 -35.53 322.25 261.47 86.42 0.80
0.00 6624.12
409.60 -22.86 -25.16 -39.31 324.20 262.55 94.42 1.00
0.00 7211.35
378.80 -27.56 -29.35 -44.66 324.85 259.29 90.95 0.80
0.00 7778.78
351.20 -30.56 -32.25 -54.06 327.42 243.20 85.31 0.40
0.00 8319.35
326.30 -32.76 -34.31 -59.20 331.22 232.11 94.27 0.00
0.00 8839.20
303.90 -35.16 -36.49 -59.76 334.64 232.62 96.31 -0.10
0.00 9337.14
283.70 -37.86 -39.00 -65.55 337.33 226.65 95.36 0.00
0.00 9813.58
265.60 -41.66 -42.49 -66.03 338.19 221.77 102.35 0.10
0.00 10263.97
248.70 -44.66 -45.28 -63.51 340.18 224.86 114.01 0.20
0.00 10706.57
233.50 -46.56 -47.09 -63.98 343.49 230.91 122.63 0.30
0.00 11126.62
219.60 -48.26 -48.75 -67.41 346.89 236.16 126.98 0.30
0.00 11532.17
205.60 -49.86 -50.32 -72.72 350.92 237.99 123.48 0.30
0.00 11964.28
191.70 -51.76 -52.15 -73.19 354.97 238.48 116.67 0.30
0.00 12419.86
177.70 -54.36 -54.67 -73.70 358.48 239.52 109.54 0.10
0.00 12908.42
163.80 -57.46 -57.69 -74.24 361.72 241.48 101.69 0.00
0.00 13426.36
149.80 -60.56 -60.72 -74.84 365.74 242.78 91.32 0.00
0.00 13986.40
135.90 -63.36 -63.48 -75.48 371.11 242.17 78.63 0.00
0.00 14588.40
121.90 -65.36 -9999.00 -9999.00 -9999.00 239.04 67.97 0.00
0.00 15252.84
107.90 -68.26 -9999.00 -9999.00 -9999.00 228.53 62.47 0.00
0.00 15989.68
94.00 -69.66 -9999.00 -9999.00 -9999.00 233.06 59.79 0.00
0.00 16813.96
81.00 -66.26 -9999.00 -9999.00 -9999.00 252.10 46.13 0.00
0.00 17707.95
70.60 -63.26 -9999.00 -9999.00 -9999.00 277.24 24.67 0.00
0.00 18546.19
62.20 -64.16 -9999.00 -9999.00 -9999.00 192.76 10.55 0.00
0.00 19322.79
54.30 -59.96 -9999.00 -9999.00 -9999.00 220.83 20.80 0.00
0.00 20162.07
46.90 -56.46 -9999.00 -9999.00 -9999.00 245.94 11.91 0.00
0.00 21083.83
40.10 -56.16 -9999.00 -9999.00 -9999.00 319.97 6.33 0.00
0.00 22078.07
33.80 -56.66 -9999.00 -9999.00 -9999.00 86.63 3.30 0.00
0.00 23162.41
27.80 -53.66 -9999.00 -9999.00 -9999.00 123.98 10.78 0.00
0.00 24409.39
22.30 -51.36 -9999.00 -9999.00 -9999.00 82.61 10.59 0.00
0.00 25833.15
17.10 -48.56 -9999.00 -9999.00 -9999.00 109.03 11.93 0.00
0.00 27567.73
12.30 -46.76 -9999.00 -9999.00 -9999.00 342.90 2.64 0.00
0.00 29742.43

STID = KDAL STNM = 722583 TIME = 191021/1900 
SLAT = 32.84 SLON = -96.85 SELV = 138.0
STIM = 20

SHOW = 16.50 LIFT = 14.80 SWET = 122.31 KINX = -18.12
LCLP = 856.62 PWAT = 9.11 TOTL = 19.16 CAPE = 0.00
LCLT = 278.28 CINS = 0.00 EQLV = -9999.00 LFCT = -9999.00
BRCH = 0.00

PRES TMPC TMWC DWPC THTE DRCT SKNT OMEG
CFRL HGHT
996.70 17.44 11.86 7.34 309.65 325.92 7.96 0.00
0.00 149.13
993.70 16.84 11.12 6.25 308.02 326.02 10.78 0.00
0.00 174.84
988.30 16.34 10.64 5.66 307.38 326.56 12.33 0.00
0.00 221.22
978.80 15.44 9.96 5.04 306.73 326.98 13.91 0.00
0.00 303.22
964.90 14.24 9.13 4.39 306.22 327.53 15.19 0.10
0.00 424.20
947.10 12.64 7.99 3.49 305.47 327.78 16.76 0.10
0.00 580.90
925.80 11.34 5.69 -0.83 302.41 328.39 20.77 0.00
0.00 771.28
902.50 11.74 3.37 -9.98 299.57 328.32 21.46 0.00
0.00 984.07
877.30 11.24 2.22 -14.26 299.87 322.72 21.48 0.00
0.00 1220.27
849.20 9.54 1.24 -13.77 301.20 298.41 21.64 0.00
0.00 1490.71
818.10 7.44 -0.30 -15.20 301.80 287.38 23.41 0.00
0.00 1798.57
784.10 5.24 -2.37 -19.79 301.80 286.00 26.07 0.10
0.00 2146.10
747.10 3.04 -4.35 -24.15 302.66 283.02 31.90 0.20
0.00 2538.65
707.20 1.84 -5.27 -23.88 306.31 277.34 45.63 0.20
0.00 2981.61
664.30 1.24 -5.88 -23.76 311.36 263.66 52.78 0.10
0.00 3485.04
618.50 -2.06 -8.32 -25.37 313.76 259.97 54.64 0.10
0.00 4055.63
570.20 -5.26 -10.91 -28.22 316.91 257.58 66.84 0.10
0.00 4697.32
523.30 -8.96 -13.80 -30.32 320.06 251.38 76.67 0.10
0.00 5365.98
481.20 -13.96 -17.61 -31.94 321.48 250.01 81.24 0.20
0.00 6008.66
443.50 -18.06 -21.00 -34.61 323.54 252.29 87.47 0.30
0.00 6622.93
409.50 -22.56 -24.90 -39.00 324.65 257.05 89.30 0.50
0.00 7213.38
378.80 -27.46 -29.18 -42.89 325.13 263.07 91.78 0.70
0.00 7779.50
351.20 -31.46 -32.88 -48.76 326.45 257.76 91.63 0.60
0.00 8319.20
326.30 -34.16 -35.48 -55.94 329.37 245.42 92.93 0.40
0.00 8836.58
303.90 -35.16 -36.53 -65.04 334.56 239.42 94.31 0.20
0.00 9333.07
283.70 -37.46 -38.62 -62.52 337.94 229.22 95.16 0.00
0.00 9809.91
265.60 -41.26 -42.10 -63.02 338.82 224.40 105.50 0.10
0.00 10261.07
248.70 -44.66 -45.28 -63.51 340.18 228.22 117.21 0.10
0.00 10704.07
233.50 -46.86 -47.40 -66.97 342.99 235.52 121.81 0.20
0.00 11123.84
219.50 -48.96 -49.41 -67.42 345.86 237.66 121.64 0.30
0.00 11531.49
205.60 -50.16 -50.60 -72.72 350.45 238.30 122.38 0.30
0.00 11959.65
191.70 -51.96 -52.34 -73.19 354.64 240.17 119.11 0.30
0.00 12414.72
177.70 -54.66 -54.96 -73.70 357.99 242.32 112.08 0.10
0.00 12902.73
163.80 -57.16 -57.40 -74.24 362.22 243.53 101.55 -0.10
0.00 13420.67
149.80 -59.76 -59.94 -74.84 367.12 243.32 86.52 -0.20
0.00 13982.14
135.90 -63.26 -9999.00 -9999.00 -9999.00 241.23 76.67 -0.20
0.00 14585.42
121.90 -65.76 -9999.00 -9999.00 -9999.00 240.43 69.68 0.00
0.00 15249.38
107.90 -67.66 -9999.00 -9999.00 -9999.00 229.49 64.90 0.00
0.00 15986.58
94.00 -69.66 -9999.00 -9999.00 -9999.00 234.67 62.14 0.00
0.00 16812.07
81.00 -65.76 -9999.00 -9999.00 -9999.00 256.40 42.97 0.00
0.00 17707.16
70.60 -63.96 -9999.00 -9999.00 -9999.00 275.65 17.75 0.00
0.00 18544.99
62.20 -63.26 -9999.00 -9999.00 -9999.00 182.57 17.31 0.00
0.00 19321.96
54.30 -58.96 -9999.00 -9999.00 -9999.00 223.92 21.85 0.00
0.00 20165.02
46.90 -56.56 -9999.00 -9999.00 -9999.00 259.94 12.24 0.00
0.00 21088.71
40.10 -56.56 -9999.00 -9999.00 -9999.00 342.07 6.93 0.00
0.00 22081.80
33.80 -56.36 -9999.00 -9999.00 -9999.00 85.03 4.49 0.00
0.00 23165.89
27.80 -53.16 -9999.00 -9999.00 -9999.00 113.55 8.26 0.00
0.00 24415.16
22.30 -51.46 -9999.00 -9999.00 -9999.00 65.73 10.86 0.00
0.00 25840.20
17.10 -49.66 -9999.00 -9999.00 -9999.00 116.57 10.43 0.00
0.00 27570.13
12.30 -46.96 -9999.00 -9999.00 -9999.00 303.69 3.50 0.00
0.00 29738.56

STID = KDAL STNM = 722583 TIME = 191021/2000 
SLAT = 32.84 SLON = -96.85 SELV = 138.0
STIM = 21

SHOW = 16.85 LIFT = 13.82 SWET = 130.45 KINX = -17.33
LCLP = 849.27 PWAT = 9.73 TOTL = 18.62 CAPE = 0.00
LCLT = 278.18 CINS = 0.00 EQLV = -9999.00 LFCT = -9999.00
BRCH = 0.00

PRES TMPC TMWC DWPC THTE DRCT SKNT OMEG
CFRL HGHT
996.60 18.04 12.11 7.36 310.34 318.12 7.56 0.00
0.00 150.87
993.70 17.54 11.44 6.32 308.85 318.18 9.91 0.00
0.00 175.78
988.20 17.04 10.97 5.73 308.22 317.79 11.29 0.00
0.00 223.14
978.80 16.14 10.33 5.19 307.65 318.14 12.51 0.00
0.00 304.48
964.90 14.94 9.52 4.58 307.18 317.83 13.89 0.10
0.00 425.75
947.00 13.34 8.48 3.89 306.66 317.58 15.27 0.10
0.00 583.74
925.80 11.64 6.98 2.25 305.47 318.76 18.86 0.10
0.00 773.63
902.50 11.14 4.07 -5.62 301.27 316.87 21.02 0.10
0.00 986.42
877.30 11.04 2.09 -14.43 299.60 315.36 22.11 0.10
0.00 1222.35
849.20 9.34 1.16 -13.61 301.05 295.39 25.37 0.20
0.00 1492.59
818.10 7.34 -0.47 -15.97 301.42 286.07 25.27 0.30
0.00 1800.29
784.00 4.54 -2.76 -19.68 301.08 286.74 26.98 0.40
0.00 2148.35
747.10 2.04 -4.74 -22.17 302.01 287.95 35.94 0.40
0.00 2538.68
707.10 1.64 -5.30 -23.06 306.29 278.29 48.48 0.40
0.00 2981.85
664.30 0.94 -5.92 -22.62 311.31 265.57 52.80 0.30
0.00 3483.70
618.40 -2.46 -8.54 -25.09 313.38 263.75 57.05 0.20
0.00 4054.87
570.10 -5.96 -11.31 -27.74 316.20 261.49 69.52 0.10
0.00 4695.37
523.30 -9.26 -13.82 -28.50 320.07 251.20 77.78 -0.10
0.00 5361.44
481.20 -13.26 -17.00 -30.68 322.59 245.80 81.99 -0.30
0.00 6004.65
443.40 -17.46 -20.57 -34.83 324.28 247.23 82.79 -0.40
0.00 6622.18
409.50 -21.86 -24.44 -40.29 325.41 254.16 83.99 -0.30
0.00 7212.46
378.80 -26.16 -28.31 -47.43 326.51 258.84 87.32 0.00
0.00 7780.84
351.10 -30.96 -32.50 -50.22 327.07 256.44 90.33 0.20
0.00 8324.56
326.30 -34.66 -35.89 -54.68 328.72 250.14 96.04 0.40
0.00 8839.93
303.90 -36.86 -37.99 -59.76 332.25 249.93 99.07 0.40
0.00 9334.13
283.70 -37.26 -38.46 -65.55 338.19 237.96 97.40 0.10
0.00 9809.47
265.60 -40.66 -41.58 -66.03 339.65 225.82 106.18 -0.10
0.00 10261.40
248.70 -44.56 -45.19 -63.51 340.33 230.05 117.07 -0.10
0.00 10705.06
233.50 -47.56 -48.06 -66.97 341.92 237.01 119.50 0.10
0.00 11124.28
219.50 -49.66 -50.07 -67.42 344.78 239.34 120.36 0.20
0.00 11530.67
205.60 -50.86 -51.27 -72.72 349.35 239.22 121.85 0.30
0.00 11957.49
191.70 -52.96 -53.30 -73.19 353.04 239.87 121.50 0.20
0.00 12410.82
177.70 -55.46 -55.73 -73.70 356.68 243.26 116.59 0.10
0.00 12896.82
163.80 -57.16 -57.40 -74.24 362.22 246.80 102.08 0.00
0.00 13413.81
149.80 -59.26 -9999.00 -9999.00 -9999.00 246.09 84.36 -0.10
0.00 13975.93
135.90 -62.96 -9999.00 -9999.00 -9999.00 239.84 73.47 -0.10
0.00 14580.36
121.90 -66.26 -9999.00 -9999.00 -9999.00 238.09 70.94 0.00
0.00 15244.00
107.90 -67.06 -9999.00 -9999.00 -9999.00 231.96 66.84 0.00
0.00 15981.38
94.00 -68.96 -9999.00 -9999.00 -9999.00 236.26 62.61 0.00
0.00 16809.49
81.00 -65.46 -9999.00 -9999.00 -9999.00 263.60 43.59 0.00
0.00 17706.75
70.60 -63.76 -9999.00 -9999.00 -9999.00 259.14 14.43 0.00
0.00 18545.59
62.20 -62.86 -9999.00 -9999.00 -9999.00 180.87 25.45 0.00
0.00 19323.67
54.30 -58.66 -9999.00 -9999.00 -9999.00 220.12 22.61 0.00
0.00 20168.13
46.90 -56.26 -9999.00 -9999.00 -9999.00 268.26 12.82 0.00
0.00 21093.10
40.10 -57.46 -9999.00 -9999.00 -9999.00 351.25 5.11 0.00
0.00 22084.82
33.80 -54.96 -9999.00 -9999.00 -9999.00 112.17 5.67 0.00
0.00 23170.15
27.80 -52.36 -9999.00 -9999.00 -9999.00 96.01 7.42 0.00
0.00 24425.71
22.30 -52.76 -9999.00 -9999.00 -9999.00 64.75 11.38 0.00
0.00 25849.15
17.10 -50.06 -9999.00 -9999.00 -9999.00 142.88 9.01 0.00
0.00 27572.47
12.30 -46.36 -9999.00 -9999.00 -9999.00 297.76 8.33 0.00
0.00 29741.86
STN YYMMDD/HHMM PMSL PRES SKTC STC1 SNFL WTNS
P01M C01M STC2 LCLD MCLD HCLD
SNRA UWND VWND R01M BFGR T2MS
Q2MS WXTS WXTP WXTZ WXTR USTM
VSTM HLCY SLLH WSYM CDBP VSBK
TD2M
722583 191020/2300 1003.40 987.60 29.04 302.20 -9999.00 0.00
-9999.00 -9999.00 302.40 51.00 0.00 0.00
-9999.00 -1.40 5.30 -9999.00 -9999.00 28.54
15.91 0.00 0.00 0.00 0.00 12.90
6.20 179.90 -9999.00 999.00 867.50 20.00
20.78
722583 191021/0000 1002.80 986.90 27.44 300.60 0.00 100.00
0.00 0.00 300.70 58.00 0.00 0.00
-9999.00 -2.00 3.70 -9999.00 -9999.00 27.84
15.94 0.00 0.00 0.00 0.00 12.70
5.50 242.50 -9999.00 999.00 -9999.00 20.00
20.80
722583 191021/0100 1003.10 987.20 25.94 299.10 0.00 100.00
0.00 0.00 299.40 16.00 0.00 0.00
-9999.00 -2.40 3.30 -9999.00 -9999.00 26.64
16.21 0.00 0.00 0.00 0.00 11.30
5.70 349.50 -9999.00 999.00 -9999.00 20.00
21.07
722583 191021/0200 1003.20 987.30 25.54 298.70 0.00 100.00
0.00 0.00 298.80 0.00 0.00 0.00
-9999.00 -2.80 4.00 -9999.00 -9999.00 26.34
16.16 0.00 0.00 0.00 0.00 10.10
6.00 426.60 -9999.00 999.00 -9999.00 20.00
21.02
722583 191021/0300 1002.50 986.60 25.44 298.60 0.00 100.00
0.00 0.00 298.70 3.00 0.00 0.00
-9999.00 -3.10 4.90 -9999.00 -9999.00 26.14
16.23 0.00 0.00 0.00 0.00 10.80
5.80 545.90 -9999.00 999.00 -9999.00 20.00
21.08
722583 191021/0400 1001.40 985.60 25.84 299.00 0.00 100.00
0.00 0.00 299.00 0.00 0.00 0.00
-9999.00 -1.40 7.70 -9999.00 -9999.00 26.64
16.59 0.00 0.00 0.00 0.00 13.20
7.40 563.60 -9999.00 999.00 -9999.00 0.16
21.41
722583 191021/0500 1003.50 987.60 24.44 297.60 0.00 100.00
3.72 3.72 297.90 100.00 100.00 0.00
-9999.00 1.50 3.30 -9999.00 -9999.00 24.94
17.94 0.00 0.00 0.00 1.00 17.40
7.70 509.00 -9999.00 60.00 915.60 0.00
22.69
722583 191021/0600 1003.40 987.50 23.94 297.10 0.00 100.00
14.80 12.65 297.40 100.00 93.00 0.00
-9999.00 2.70 4.70 -9999.00 -9999.00 23.24
18.02 0.00 0.00 0.00 1.00 21.60
9.00 409.20 -9999.00 60.00 968.60 0.00
22.76
722583 191021/0700 1005.50 989.50 23.34 296.50 0.00 100.00
29.89 14.33 296.80 100.00 100.00 0.00
-9999.00 4.70 0.70 -9999.00 -9999.00 22.54
17.25 0.00 0.00 0.00 1.00 25.10
8.10 -248.10 -9999.00 60.00 970.30 0.00
22.10
722583 191021/0800 1005.00 989.00 22.54 295.70 0.00 100.00
11.00 2.84 296.00 100.00 100.00 0.00
-9999.00 5.40 1.90 -9999.00 -9999.00 23.04
16.11 0.00 0.00 0.00 1.00 23.20
4.10 -139.70 -9999.00 60.00 -9999.00 0.00
21.00
722583 191021/0900 1005.30 989.20 18.34 291.50 0.00 100.00
0.09 0.08 292.80 39.00 100.00 0.00
-9999.00 2.30 -6.40 -9999.00 -9999.00 20.04
9.92 0.00 0.00 0.00 1.00 20.70
-0.50 -281.30 -9999.00 60.00 -9999.00 0.00
13.50
722583 191021/1000 1007.40 991.20 15.84 289.00 0.00 100.00
0.00 0.00 290.10 0.00 4.00 0.00
-9999.00 1.60 -3.20 -9999.00 -9999.00 17.34
8.88 0.00 0.00 0.00 0.00 20.70
-1.60 -120.00 -9999.00 999.00 -9999.00 20.00
11.87
722583 191021/1100 1009.50 993.20 14.04 287.20 0.00 100.00
0.00 0.00 288.40 0.00 0.00 0.00
-9999.00 1.60 -5.50 -9999.00 -9999.00 15.74
7.52 0.00 0.00 0.00 0.00 20.20
-3.00 -200.40 -9999.00 999.00 -9999.00 20.00
9.43
722583 191021/1200 1010.70 994.40 12.64 285.80 0.00 100.00
0.00 0.00 286.90 0.00 0.00 0.00
-9999.00 1.20 -4.70 -9999.00 -9999.00 14.14
7.05 0.00 0.00 0.00 0.00 20.70
-3.20 -323.40 -9999.00 999.00 -9999.00 20.00
8.51
722583 191021/1300 1011.90 995.40 11.74 284.90 0.00 100.00
0.00 0.00 286.00 0.00 0.00 0.00
-9999.00 1.00 -3.80 -9999.00 -9999.00 13.14
6.76 0.00 0.00 0.00 0.00 21.30
-3.10 -397.50 -9999.00 999.00 -9999.00 20.00
7.91
722583 191021/1400 1014.00 997.50 13.44 286.60 0.00 100.00
0.00 0.00 287.00 0.00 0.00 0.00
-9999.00 1.30 -3.90 -9999.00 -9999.00 13.74
6.78 0.00 0.00 0.00 0.00 21.80
-3.30 -375.90 -9999.00 999.00 -9999.00 20.00
7.98
722583 191021/1500 1015.10 998.60 15.24 288.40 0.00 100.00
0.00 0.00 288.50 0.00 0.00 0.00
-9999.00 1.70 -4.30 -9999.00 -9999.00 14.74
6.75 0.00 0.00 0.00 0.00 22.60
-3.60 -387.40 -9999.00 999.00 -9999.00 20.00
7.93
722583 191021/1600 1015.30 998.90 16.94 290.10 0.00 100.00
0.00 0.00 290.00 0.00 0.00 0.00
-9999.00 2.00 -4.30 -9999.00 -9999.00 15.54
6.96 0.00 0.00 0.00 0.00 23.00
-5.80 -336.30 -9999.00 999.00 -9999.00 20.00
8.38
722583 191021/1700 1015.20 998.80 18.64 291.80 0.00 100.00
0.00 0.00 291.50 4.00 0.00 0.00
-9999.00 2.10 -4.40 -9999.00 -9999.00 16.44
7.01 0.00 0.00 0.00 0.00 23.20
-6.30 -285.50 -9999.00 999.00 -9999.00 20.00
8.49
722583 191021/1800 1014.80 998.50 19.74 292.90 0.00 100.00
0.00 0.00 292.60 7.00 0.00 0.00
-9999.00 2.50 -4.10 -9999.00 -9999.00 17.24
7.11 0.00 0.00 0.00 0.00 23.10
-6.50 -228.40 -9999.00 999.00 -9999.00 20.00
8.69
722583 191021/1900 1014.40 998.00 20.24 293.40 0.00 100.00
0.00 0.00 293.20 0.00 0.00 0.00
-9999.00 2.60 -3.50 -9999.00 -9999.00 17.74
7.19 0.00 0.00 0.00 0.00 23.90
-6.20 -205.80 -9999.00 999.00 -9999.00 20.00
8.85
722583 191021/2000 1014.40 998.10 20.24 293.40 0.00 100.00
0.00 0.00 293.30 0.00 0.00 0.00
-9999.00 2.90 -3.00 -9999.00 -9999.00 18.24
7.22 0.00 0.00 0.00 0.00 25.20
-6.10 -220.50 -9999.00 999.00 -9999.00 20.00
8.91


