
SNPARM = PRES;TMPC;TMWC;DWPC;THTE;DRCT;SKNT;OMEG;CFRL;HGHT 
STNPRM = SHOW;LIFT;SWET;KINX;LCLP;PWAT;TOTL;CAPE;LCLT;CINS;EQLV;LFCT;BRCH 

STID = KDAL STNM = 722583 TIME = 200809/1200 
SLAT = 32.84 SLON = -96.85 SELV = 138.0
STIM = 0

SHOW = 0.41 LIFT = -1.76 SWET = 188.63 KINX = 25.33
LCLP = 943.29 PWAT = 42.27 TOTL = 44.64 CAPE = 1234.10
LCLT = 294.59 CINS = -189.83 EQLV = 198.89 LFCT = 663.34
BRCH = 79.18

PRES TMPC TMWC DWPC THTE DRCT SKNT OMEG
CFRL HGHT
1000.50 26.44 23.56 22.41 350.58 154.80 3.65 0.00
0.00 146.85
997.50 26.44 23.58 22.45 351.18 169.59 9.67 0.00
0.00 173.46
992.00 26.04 23.45 22.42 351.47 172.15 11.36 0.00
0.00 222.42
982.50 25.54 23.42 22.58 352.90 184.55 17.15 -0.10
0.00 307.52
968.40 25.14 23.02 22.17 353.35 197.35 19.54 -0.20
1.00 435.16
950.30 25.04 21.45 19.94 349.20 209.30 21.83 -0.20
0.00 601.51
928.80 25.24 19.88 17.45 345.88 210.36 22.28 -0.30
0.00 803.08
905.30 23.94 18.44 15.80 343.76 203.73 19.31 -0.30
0.00 1028.19
879.80 22.44 17.29 14.74 343.37 191.46 14.67 -0.30
0.00 1277.87
851.40 20.54 15.95 13.58 342.86 182.91 11.48 -0.20
0.00 1562.88
820.00 18.24 14.22 12.03 341.68 183.99 8.37 -0.20
0.00 1886.84
785.70 16.04 11.18 8.08 336.72 175.36 7.21 -0.10
0.00 2252.06
748.50 14.74 7.65 1.94 331.55 158.43 8.97 0.00
0.00 2663.52
708.30 12.94 5.42 -1.36 331.67 124.14 13.85 0.00
0.00 3128.78
665.20 9.04 2.74 -3.48 331.69 107.43 17.50 0.00
0.00 3652.42
619.20 4.34 -0.63 -6.20 331.15 102.34 19.09 0.00
0.00 4240.89
570.70 -1.46 -5.37 -10.92 328.78 116.26 16.24 0.00
0.00 4897.84
523.80 -4.46 -9.66 -20.54 328.32 167.32 7.96 -0.10
0.00 5576.95
481.60 -6.06 -12.58 -34.70 330.73 239.04 1.13 -0.10
0.00 6235.98
443.80 -11.16 -15.51 -28.19 333.64 194.04 3.21 0.00
0.00 6869.17
409.80 -15.26 -19.20 -34.77 334.68 225.00 5.77 0.00
0.00 7475.87
379.00 -19.76 -22.87 -38.08 335.85 262.09 7.05 0.00
0.00 8060.69
351.40 -24.36 -25.97 -32.99 338.07 267.34 8.35 0.10
0.00 8616.60
326.50 -28.56 -29.36 -33.16 339.57 261.87 9.62 0.10
8.00 9147.53
304.00 -32.26 -33.25 -40.22 340.05 262.75 10.76 0.10
0.00 9655.03
283.80 -35.86 -36.82 -46.82 340.91 273.47 12.84 0.10
0.00 10136.32
265.70 -39.26 -40.11 -52.61 342.04 293.29 15.23 0.00
0.00 10590.83
248.80 -42.36 -43.09 -58.13 343.70 313.53 16.08 0.00
0.00 11037.80
233.60 -44.96 -45.60 -63.98 345.87 326.31 15.40 0.00
0.00 11461.27
219.60 -47.36 -47.90 -67.41 348.28 337.38 15.15 0.00
0.00 11871.91
205.70 -50.46 -50.86 -67.88 349.98 343.07 14.01 -0.10
0.00 12301.12
191.70 -53.66 -53.97 -73.19 351.92 346.76 10.18 -0.10
0.00 12757.29
177.80 -57.26 -57.47 -73.70 353.67 351.38 6.49 0.00
0.00 13236.94
163.80 -60.86 -61.00 -74.24 356.02 339.08 7.07 0.00
0.00 13750.89
149.80 -64.16 -64.25 -74.84 359.55 332.49 10.51 0.00
0.00 14301.77
135.90 -67.06 -9999.00 -9999.00 -9999.00 335.56 11.73 0.00
0.00 14893.37
121.90 -69.76 -9999.00 -9999.00 -9999.00 345.72 11.03 0.00
0.00 15544.92
108.00 -70.86 -9999.00 -9999.00 -9999.00 357.71 9.71 0.00
0.00 16263.76
94.00 -69.56 -9999.00 -9999.00 -9999.00 46.85 4.25 0.00
0.00 17088.50
81.00 -67.86 -9999.00 -9999.00 -9999.00 100.71 7.32 0.00
0.00 17979.22
70.60 -66.56 -9999.00 -9999.00 -9999.00 93.07 10.90 0.00
0.00 18807.61
62.20 -65.26 -9999.00 -9999.00 -9999.00 84.29 15.62 0.00
0.00 19576.04
54.30 -62.96 -9999.00 -9999.00 -9999.00 94.17 18.71 0.00
0.00 20407.18
46.90 -60.16 -9999.00 -9999.00 -9999.00 94.62 19.29 0.00
0.00 21314.57
40.10 -57.46 -9999.00 -9999.00 -9999.00 84.13 20.90 0.00
0.00 22297.35
33.80 -55.16 -9999.00 -9999.00 -9999.00 80.61 26.18 0.00
0.00 23382.18
27.80 -53.16 -9999.00 -9999.00 -9999.00 81.25 30.65 0.00
0.00 24634.88
22.30 -50.76 -9999.00 -9999.00 -9999.00 81.23 31.84 0.00
0.00 26062.19
17.10 -47.06 -9999.00 -9999.00 -9999.00 84.26 36.91 0.00
0.00 27804.94
12.30 -44.66 -9999.00 -9999.00 -9999.00 85.49 44.42 0.00
0.00 29997.00

STID = KDAL STNM = 722583 TIME = 200809/1300 
SLAT = 32.84 SLON = -96.85 SELV = 138.0
STIM = 1

SHOW = 0.46 LIFT = -1.60 SWET = 188.77 KINX = 25.74
LCLP = 939.54 PWAT = 42.72 TOTL = 44.62 CAPE = 1145.97
LCLT = 294.92 CINS = -181.86 EQLV = 203.55 LFCT = 663.79
BRCH = 76.09

PRES TMPC TMWC DWPC THTE DRCT SKNT OMEG
CFRL HGHT
1000.80 27.14 24.02 22.81 352.69 180.00 6.80 0.00
0.00 146.87
997.80 26.64 23.85 22.76 352.39 181.06 10.49 0.00
0.00 173.52
992.30 26.14 23.65 22.66 352.32 182.77 12.06 0.00
0.00 222.50
982.70 25.34 23.30 22.48 352.29 187.13 15.66 -0.10
0.00 308.46
968.70 24.84 22.73 21.87 351.95 198.06 18.80 -0.20
6.00 435.04
950.60 24.94 21.08 19.42 347.52 212.70 21.93 -0.20
5.00 601.19
929.10 25.14 19.51 16.90 344.30 214.38 22.36 -0.30
0.00 802.57
905.60 23.84 18.46 15.88 343.79 208.52 20.34 -0.30
0.00 1027.50
880.10 22.24 17.36 14.96 343.61 199.75 16.10 -0.30
0.00 1276.99
851.70 20.34 15.82 13.48 342.35 189.02 12.39 -0.20
0.00 1561.71
820.30 18.04 14.15 12.03 341.39 182.44 9.13 -0.20
0.00 1885.32
785.90 15.74 11.44 8.78 337.61 173.99 7.42 0.00
0.00 2251.22
748.60 14.44 7.78 2.52 331.95 159.59 8.92 0.10
0.00 2663.37
708.50 12.54 5.34 -1.14 331.42 127.33 14.41 0.10
0.00 3126.86
665.40 8.84 2.72 -3.29 331.62 111.22 17.72 0.00
0.00 3649.81
619.30 4.04 -0.25 -4.79 332.16 102.53 19.70 0.00
0.00 4238.98
570.80 -1.56 -5.09 -9.88 329.44 118.84 15.31 0.00
0.00 4895.48
523.80 -4.56 -9.69 -20.38 328.26 176.73 6.82 0.00
0.00 5575.78
481.60 -6.26 -12.64 -33.77 330.63 236.31 1.40 0.00
0.00 6234.45
443.80 -11.16 -15.50 -28.06 333.68 194.62 4.62 0.00
0.00 6867.42
409.80 -15.26 -19.23 -35.19 334.61 225.00 6.59 0.00
0.00 7474.12
379.10 -19.76 -22.89 -38.34 335.79 258.02 6.55 0.10
0.00 8056.96
351.40 -24.36 -25.97 -32.99 338.07 258.96 8.12 0.10
0.00 8614.80
326.50 -28.46 -29.44 -34.36 339.41 255.14 9.85 0.10
0.00 9145.83
304.00 -32.16 -33.34 -42.46 339.88 264.09 11.32 0.10
0.00 9653.52
283.80 -35.86 -36.89 -48.27 340.79 282.34 12.72 0.00
0.00 10134.89
265.70 -39.46 -40.24 -51.18 341.83 300.83 14.02 0.00
0.00 10589.20
248.80 -42.56 -43.23 -55.81 343.48 318.58 13.21 0.00
0.00 11035.79
233.60 -44.86 -45.51 -63.98 346.02 334.84 14.16 0.00
0.00 11459.18
219.60 -47.56 -48.09 -67.41 347.97 347.01 15.54 0.00
0.00 11869.73
205.70 -50.56 -50.96 -67.88 349.82 345.96 13.62 0.00
0.00 12298.65
191.70 -53.66 -53.95 -68.39 351.97 341.92 10.00 0.00
0.00 12754.72
177.80 -57.16 -57.38 -73.70 353.84 337.01 6.95 0.00
0.00 13234.47
163.80 -60.86 -61.00 -74.24 356.02 329.47 8.80 0.00
0.00 13748.55
149.80 -64.26 -64.35 -74.84 359.38 328.09 12.12 0.00
0.00 14299.30
135.90 -67.06 -9999.00 -9999.00 -9999.00 336.04 11.48 0.00
0.00 14890.75
121.90 -69.36 -9999.00 -9999.00 -9999.00 354.29 9.75 0.00
0.00 15542.94
108.00 -69.96 -9999.00 -9999.00 -9999.00 1.43 7.77 0.00
0.00 16264.08
94.00 -68.96 -9999.00 -9999.00 -9999.00 42.51 3.17 0.00
0.00 17091.87
81.00 -67.96 -9999.00 -9999.00 -9999.00 80.84 6.10 0.00
0.00 17983.69
70.60 -66.86 -9999.00 -9999.00 -9999.00 81.74 12.16 0.00
0.00 18811.26
62.20 -65.46 -9999.00 -9999.00 -9999.00 86.67 16.72 0.00
0.00 19578.77
54.30 -63.16 -9999.00 -9999.00 -9999.00 97.87 18.43 0.00
0.00 20409.11
46.90 -60.36 -9999.00 -9999.00 -9999.00 91.23 18.07 0.00
0.00 21315.65
40.10 -57.46 -9999.00 -9999.00 -9999.00 79.41 21.15 0.00
0.00 22297.96
33.80 -55.56 -9999.00 -9999.00 -9999.00 79.18 26.90 0.00
0.00 23381.80
27.80 -52.96 -9999.00 -9999.00 -9999.00 82.48 31.16 0.00
0.00 24633.93
22.30 -50.26 -9999.00 -9999.00 -9999.00 79.67 33.57 0.00
0.00 26063.49
17.10 -46.96 -9999.00 -9999.00 -9999.00 81.23 39.51 0.00
0.00 27808.57
12.30 -44.86 -9999.00 -9999.00 -9999.00 83.10 42.07 0.00
0.00 30000.15

STID = KDAL STNM = 722583 TIME = 200809/1400 
SLAT = 32.84 SLON = -96.85 SELV = 138.0
STIM = 2

SHOW = 0.33 LIFT = -1.35 SWET = 191.52 KINX = 26.13
LCLP = 910.95 PWAT = 42.57 TOTL = 44.64 CAPE = 1145.69
LCLT = 293.96 CINS = -166.29 EQLV = 204.68 LFCT = 668.10
BRCH = 104.60

PRES TMPC TMWC DWPC THTE DRCT SKNT OMEG
CFRL HGHT
1001.00 28.84 24.16 22.36 353.29 192.53 7.17 0.00
0.00 146.92
997.90 28.24 23.94 22.28 352.78 192.01 9.34 0.00
0.00 174.59
992.40 27.64 23.70 22.16 352.53 192.76 10.55 0.00
0.00 223.81
982.80 26.64 23.27 21.94 352.13 194.93 12.06 -0.10
0.00 310.13
968.80 25.44 22.63 21.50 351.50 197.72 14.69 -0.20
0.00 437.06
950.80 24.44 21.29 19.95 348.42 211.76 19.19 -0.20
9.00 602.30
929.20 25.04 19.12 16.30 342.67 214.45 20.26 -0.20
0.00 804.38
905.70 23.84 18.19 15.43 342.69 209.67 19.23 -0.20
0.00 1029.19
880.30 22.14 17.44 15.14 343.89 203.20 16.28 -0.20
0.00 1277.60
851.80 20.24 15.98 13.80 342.95 194.70 12.26 -0.20
0.00 1563.22
820.40 17.94 14.15 12.08 341.36 185.08 8.78 0.00
0.00 1886.71
786.00 15.84 11.41 8.65 337.47 169.29 7.32 0.10
0.00 2252.55
748.70 14.64 7.87 2.55 332.21 151.78 9.03 0.10
0.00 2664.85
708.50 12.34 5.29 -1.03 331.31 126.25 14.45 0.10
0.00 3129.47
665.40 8.74 2.71 -3.21 331.59 111.92 17.17 0.10
0.00 3652.16
619.30 3.84 -0.03 -3.99 332.77 103.34 19.37 0.00
0.00 4241.07
570.80 -1.46 -5.09 -10.04 329.43 121.72 12.57 0.00
0.00 4897.49
523.80 -4.36 -9.79 -21.63 328.00 197.74 5.09 0.00
0.00 5578.14
481.60 -6.26 -12.61 -33.34 330.71 240.26 1.57 0.00
0.00 6237.03
443.80 -11.06 -15.42 -27.94 333.84 199.03 5.96 0.00
0.00 6870.12
409.80 -15.16 -19.23 -36.08 334.59 229.57 6.90 0.00
0.00 7477.05
379.10 -19.76 -22.89 -38.34 335.79 252.12 6.33 0.00
0.00 8059.99
351.40 -24.16 -25.80 -32.84 338.38 249.59 8.92 0.10
0.00 8618.06
326.50 -28.26 -29.45 -35.71 339.39 251.88 11.25 0.10
0.00 9149.50
304.00 -32.06 -33.36 -44.16 339.83 269.03 11.46 0.00
0.00 9657.49
283.90 -35.96 -36.96 -47.76 340.65 291.80 11.50 0.00
0.00 10136.39
265.70 -39.46 -40.24 -51.18 341.83 305.54 11.69 0.00
0.00 10593.03
248.80 -42.36 -43.07 -56.89 343.74 326.89 10.66 0.00
0.00 11039.81
233.60 -44.56 -45.26 -66.97 346.43 348.37 13.48 0.00
0.00 11463.66
219.60 -47.56 -48.09 -67.41 347.97 351.51 13.15 0.00
0.00 11874.48
205.70 -50.36 -50.77 -67.88 350.14 343.30 12.16 0.00
0.00 12303.59
191.70 -53.56 -53.85 -68.39 352.13 336.04 9.56 0.00
0.00 12759.97
177.80 -57.16 -57.38 -73.70 353.84 325.01 7.11 0.00
0.00 13239.83
163.80 -60.86 -61.00 -74.24 356.02 321.34 8.70 0.00
0.00 13753.91
149.80 -64.06 -64.15 -74.84 359.72 325.44 10.61 0.00
0.00 14304.92
135.90 -66.56 -9999.00 -9999.00 -9999.00 335.38 10.26 0.00
0.00 14897.37
121.90 -68.96 -9999.00 -9999.00 -9999.00 350.91 9.83 0.00
0.00 15550.99
108.00 -69.96 -9999.00 -9999.00 -9999.00 352.41 8.82 0.00
0.00 16272.84
94.00 -69.56 -9999.00 -9999.00 -9999.00 16.70 4.06 0.00
0.00 17099.41
81.00 -68.56 -9999.00 -9999.00 -9999.00 74.74 6.64 0.00
0.00 17988.61
70.60 -67.26 -9999.00 -9999.00 -9999.00 90.00 13.21 0.00
0.00 18814.18
62.20 -65.56 -9999.00 -9999.00 -9999.00 97.13 15.66 0.00
0.00 19580.76
54.30 -63.36 -9999.00 -9999.00 -9999.00 99.81 15.97 0.00
0.00 20410.50
46.90 -59.96 -9999.00 -9999.00 -9999.00 84.56 16.39 0.00
0.00 21317.47
40.10 -57.26 -9999.00 -9999.00 -9999.00 77.58 21.68 0.00
0.00 22301.16
33.80 -55.36 -9999.00 -9999.00 -9999.00 80.20 27.41 0.00
0.00 23386.00
27.80 -52.66 -9999.00 -9999.00 -9999.00 82.31 31.95 0.00
0.00 24639.55
22.30 -49.66 -9999.00 -9999.00 -9999.00 80.19 36.46 0.00
0.00 26072.03
17.10 -47.26 -9999.00 -9999.00 -9999.00 80.27 41.39 0.00
0.00 27818.27
12.30 -44.76 -9999.00 -9999.00 -9999.00 83.80 43.18 0.00
0.00 30008.88

STID = KDAL STNM = 722583 TIME = 200809/1500 
SLAT = 32.84 SLON = -96.85 SELV = 138.0
STIM = 3

SHOW = 0.32 LIFT = -1.35 SWET = 195.68 KINX = 26.58
LCLP = 871.90 PWAT = 42.02 TOTL = 44.44 CAPE = 1017.29
LCLT = 292.14 CINS = -148.12 EQLV = 210.22 LFCT = 664.85
BRCH = 134.90

PRES TMPC TMWC DWPC THTE DRCT SKNT OMEG
CFRL HGHT
1000.90 30.74 23.92 21.23 352.08 195.12 7.44 0.00
0.00 146.97
997.80 29.94 23.64 21.14 351.32 195.78 9.29 0.00
0.00 174.79
992.30 29.34 23.39 21.02 351.08 196.39 10.33 0.00
0.00 224.25
982.80 28.34 22.97 20.80 350.67 197.82 11.42 -0.10
0.00 310.10
968.70 27.04 22.38 20.48 350.34 200.14 12.41 -0.20
0.00 438.57
950.70 25.44 21.50 19.84 349.33 204.88 14.78 -0.30
0.00 604.49
929.20 24.24 20.00 18.11 346.37 208.66 16.61 -0.30
5.00 805.80
905.70 23.84 17.94 15.01 341.70 208.87 17.31 -0.20
0.00 1030.39
880.20 22.34 17.22 14.68 343.04 203.20 16.28 -0.20
0.00 1279.83
851.80 20.14 16.11 14.06 343.43 194.88 12.86 -0.20
0.00 1564.49
820.30 17.84 14.22 12.26 341.65 183.73 8.95 -0.10
0.00 1888.95
785.90 15.94 11.24 8.27 336.91 164.62 8.06 0.00
2.00 2254.83
748.70 14.54 7.95 2.82 332.46 147.26 9.69 0.10
0.00 2666.04
708.50 12.04 5.27 -0.76 331.26 126.87 13.60 0.10
0.00 3130.36
665.40 8.64 2.65 -3.24 331.44 113.39 15.66 0.10
0.00 3652.70
619.30 3.74 -0.26 -4.46 332.15 106.39 17.21 0.10
0.00 4241.37
570.80 -1.16 -5.26 -11.09 329.00 126.63 9.44 0.10
0.00 4897.95
523.80 -3.96 -9.85 -23.53 327.81 230.53 4.27 0.00
0.00 5579.38
481.60 -6.26 -12.58 -32.92 330.78 237.99 1.83 0.00
0.00 6238.73
443.80 -11.06 -15.48 -28.44 333.70 203.63 6.78 -0.10
0.00 6871.81
409.80 -15.26 -19.30 -36.08 334.46 227.20 7.15 -0.10
0.00 7478.62
379.10 -19.66 -22.84 -38.61 335.88 241.93 6.60 -0.10
0.00 8061.56
351.40 -24.16 -25.80 -32.84 338.38 243.95 9.73 0.00
0.00 8619.73
326.50 -28.36 -29.65 -36.84 339.03 252.76 11.79 0.00
0.00 9151.06
304.00 -32.06 -33.40 -44.93 339.75 274.32 10.33 0.00
0.00 9658.93
283.90 -35.96 -36.93 -47.27 340.69 293.20 10.35 0.00
0.00 10137.83
265.70 -39.36 -40.18 -51.87 341.94 309.04 9.25 0.00
0.00 10594.57
248.80 -42.06 -42.86 -61.32 344.06 341.20 9.63 0.00
0.00 11041.73
233.60 -44.66 -45.37 -71.85 346.23 359.08 12.04 0.00
0.00 11465.76
219.60 -47.46 -48.00 -67.41 348.13 353.54 10.35 0.00
0.00 11876.58
205.70 -50.36 -50.77 -67.88 350.14 343.91 10.51 0.00
0.00 12305.78
191.70 -53.66 -53.95 -68.39 351.97 333.43 8.26 0.00
0.00 12762.06
177.80 -57.26 -57.47 -73.70 353.67 313.60 5.63 0.00
0.00 13241.71
163.80 -60.96 -61.10 -74.24 355.85 310.03 6.33 0.00
0.00 13755.54
149.80 -63.96 -64.06 -74.84 359.89 319.54 8.68 0.00
0.00 14306.55
135.90 -66.46 -9999.00 -9999.00 -9999.00 331.93 9.91 0.00
0.00 14899.29
121.90 -69.16 -9999.00 -9999.00 -9999.00 348.69 9.91 0.00
0.00 15552.75
108.00 -70.56 -9999.00 -9999.00 -9999.00 357.40 8.55 0.00
0.00 16273.18
94.00 -69.46 -9999.00 -9999.00 -9999.00 33.69 4.20 0.00
0.00 17098.73
81.00 -67.86 -9999.00 -9999.00 -9999.00 82.30 7.25 0.00
0.00 17989.68
70.60 -66.96 -9999.00 -9999.00 -9999.00 98.39 11.99 0.00
0.00 18817.26
62.20 -65.06 -9999.00 -9999.00 -9999.00 96.44 12.12 0.00
0.00 19585.33
54.30 -62.36 -9999.00 -9999.00 -9999.00 90.00 13.99 0.00
0.00 20418.05
46.90 -58.96 -9999.00 -9999.00 -9999.00 78.45 18.43 0.00
0.00 21329.30
40.10 -56.86 -9999.00 -9999.00 -9999.00 76.30 23.80 0.00
0.00 22316.20
33.80 -55.06 -9999.00 -9999.00 -9999.00 78.85 28.11 0.00
0.00 23402.79
27.80 -52.96 -9999.00 -9999.00 -9999.00 78.89 32.26 0.00
0.00 24656.35
22.30 -50.46 -9999.00 -9999.00 -9999.00 82.29 37.65 0.00
0.00 26085.27
17.10 -47.66 -9999.00 -9999.00 -9999.00 82.25 41.76 0.00
0.00 27826.85
12.30 -44.46 -9999.00 -9999.00 -9999.00 85.01 44.66 0.00
0.00 30016.98

STID = KDAL STNM = 722583 TIME = 200809/1600 
SLAT = 32.84 SLON = -96.85 SELV = 138.0
STIM = 4

SHOW = 0.62 LIFT = -1.52 SWET = 193.47 KINX = 26.97
LCLP = 835.90 PWAT = 41.57 TOTL = 44.18 CAPE = 850.45
LCLT = 290.36 CINS = -124.90 EQLV = 219.06 LFCT = 661.31
BRCH = 158.74

PRES TMPC TMWC DWPC THTE DRCT SKNT OMEG
CFRL HGHT
1000.80 32.54 23.70 20.10 350.94 194.74 7.63 0.00
0.00 147.02
997.80 31.64 23.39 20.01 350.05 194.32 9.42 0.00
0.00 174.08
992.30 30.94 23.12 19.90 349.73 195.35 10.28 0.00
0.00 223.78
982.80 29.94 22.71 19.70 349.40 195.95 11.31 0.00
0.00 310.03
968.70 28.54 22.10 19.40 349.01 197.30 12.41 -0.10
0.00 439.08
950.70 26.84 21.36 19.02 348.67 198.97 13.15 -0.10
0.00 605.72
929.20 24.94 20.45 18.49 348.27 200.92 14.14 -0.20
0.00 807.71
905.70 23.44 18.91 16.81 345.64 203.59 15.05 -0.30
1.00 1032.54
880.20 22.24 17.25 14.77 343.14 203.96 15.31 -0.20
0.00 1281.87
851.70 20.34 15.92 13.64 342.71 196.16 13.95 -0.20
0.00 1567.58
820.30 17.74 14.29 12.42 341.88 182.12 10.49 -0.10
0.00 1891.07
785.90 15.84 11.10 8.08 336.45 166.24 9.79 0.00
2.00 2256.82
748.60 14.34 8.07 3.28 332.88 149.22 10.63 0.00
0.00 2668.96
708.50 11.74 5.32 -0.31 331.44 132.66 13.48 -0.10
0.00 3131.81
665.30 8.44 2.51 -3.36 331.09 119.28 14.70 -0.10
0.00 3654.95
619.30 3.84 -0.54 -5.29 331.41 113.01 15.40 -0.10
0.00 4242.24
570.80 -0.96 -5.44 -12.03 328.57 133.99 7.83 0.00
0.00 4899.08
523.80 -3.76 -9.97 -25.28 327.50 250.71 4.12 0.00
0.00 5580.93
481.60 -6.36 -12.61 -32.51 330.73 228.37 2.33 0.00
0.00 6240.38
443.80 -11.16 -15.66 -29.38 333.32 205.20 7.30 -0.10
0.00 6873.21
409.80 -15.36 -19.34 -35.63 334.40 220.76 7.44 -0.10
0.00 7479.78
379.10 -19.76 -22.93 -38.88 335.71 230.60 7.03 -0.10
0.00 8062.50
351.40 -24.26 -25.90 -32.99 338.21 238.47 10.02 -0.10
0.00 8620.44
326.50 -28.46 -29.77 -37.25 338.81 248.75 11.25 -0.10
0.00 9151.55
304.00 -32.16 -33.49 -44.93 339.61 272.73 8.16 -0.10
0.00 9659.21
283.90 -35.96 -36.93 -47.27 340.69 289.75 8.04 -0.10
0.00 10138.00
265.70 -39.26 -40.11 -52.61 342.04 312.40 6.04 0.00
0.00 10594.84
248.80 -41.86 -42.70 -63.51 344.31 6.63 8.41 0.00
0.00 11042.29
233.60 -44.66 -45.37 -71.85 346.23 12.01 9.34 0.00
0.00 11466.50
219.60 -47.46 -48.00 -67.41 348.13 1.36 8.16 0.00
0.00 11877.32
205.70 -50.56 -50.96 -67.88 349.82 348.96 8.12 0.00
0.00 12306.33
191.70 -53.76 -54.07 -73.19 351.76 329.86 6.95 0.00
0.00 12762.30
177.80 -57.36 -57.57 -73.70 353.51 301.33 5.23 0.00
0.00 13241.72
163.80 -60.96 -61.10 -74.24 355.85 298.74 6.88 0.00
0.00 13755.44
149.80 -64.16 -64.25 -74.84 359.55 313.41 9.89 0.00
0.00 14306.19
135.90 -66.86 -9999.00 -9999.00 -9999.00 327.68 11.27 0.00
0.00 14898.07
121.90 -69.66 -9999.00 -9999.00 -9999.00 351.87 9.62 0.00
0.00 15550.10
108.00 -70.56 -9999.00 -9999.00 -9999.00 2.79 7.96 0.00
0.00 16269.65
94.00 -68.96 -9999.00 -9999.00 -9999.00 23.96 3.83 0.00
0.00 17096.21
81.00 -67.56 -9999.00 -9999.00 -9999.00 90.00 6.02 0.00
0.00 17988.90
70.60 -67.06 -9999.00 -9999.00 -9999.00 109.13 10.08 0.00
0.00 18816.88
62.20 -64.56 -9999.00 -9999.00 -9999.00 97.13 10.96 0.00
0.00 19585.69
54.30 -61.46 -9999.00 -9999.00 -9999.00 87.85 15.56 0.00
0.00 20421.20
46.90 -58.66 -9999.00 -9999.00 -9999.00 82.52 19.39 0.00
0.00 21335.02
40.10 -56.86 -9999.00 -9999.00 -9999.00 79.47 22.32 0.00
0.00 22322.61
33.80 -55.36 -9999.00 -9999.00 -9999.00 81.57 26.52 0.00
0.00 23408.45
27.80 -53.46 -9999.00 -9999.00 -9999.00 80.65 32.28 0.00
0.00 24659.72
22.30 -51.36 -9999.00 -9999.00 -9999.00 82.23 38.81 0.00
0.00 26084.12
17.10 -48.16 -9999.00 -9999.00 -9999.00 82.34 43.71 0.00
0.00 27820.27
12.30 -44.46 -9999.00 -9999.00 -9999.00 87.32 45.71 0.00
0.00 30007.98

STID = KDAL STNM = 722583 TIME = 200809/1700 
SLAT = 32.84 SLON = -96.85 SELV = 138.0
STIM = 5

SHOW = 0.37 LIFT = -1.76 SWET = 195.53 KINX = 27.83
LCLP = 813.00 PWAT = 41.38 TOTL = 44.51 CAPE = 903.29
LCLT = 289.39 CINS = -83.88 EQLV = 215.62 LFCT = 665.69
BRCH = 263.14

PRES TMPC TMWC DWPC THTE DRCT SKNT OMEG
CFRL HGHT
1000.80 33.94 23.74 19.55 351.06 192.99 7.77 0.00
0.00 147.96
997.80 33.04 23.44 19.46 350.18 193.17 9.38 0.00
0.00 175.14
992.40 32.34 23.17 19.35 349.85 193.24 10.18 0.00
0.00 224.14
982.90 31.34 22.76 19.16 349.55 194.28 11.03 0.00
0.00 310.76
968.80 29.94 22.18 18.89 349.26 195.17 11.87 0.00
0.00 440.35
950.70 28.24 21.43 18.51 348.95 196.19 12.55 -0.10
0.00 608.64
929.20 26.24 20.51 18.01 348.52 197.35 13.03 -0.20
0.00 811.49
905.80 24.14 19.29 17.09 347.21 198.70 13.33 -0.20
0.00 1036.09
880.20 22.24 17.87 15.79 345.63 199.49 13.38 -0.10
0.00 1286.77
851.80 20.34 16.06 13.87 343.23 200.27 13.46 -0.10
0.00 1571.54
820.30 17.84 14.21 12.24 341.61 189.31 12.00 -0.10
0.00 1896.10
785.90 15.74 11.16 8.25 336.64 171.72 10.80 0.00
2.00 2261.85
748.70 14.14 8.09 3.50 332.94 157.07 10.98 0.00
0.00 2672.67
708.50 11.54 5.47 0.25 331.89 140.41 13.11 0.00
0.00 3136.36
665.40 8.34 2.38 -3.59 330.71 127.03 13.87 0.00
0.00 3658.00
619.30 3.84 -0.79 -5.96 330.76 120.55 13.75 0.00
0.00 4246.35
570.80 -0.76 -5.50 -12.65 328.39 142.82 7.07 0.00
0.00 4903.37
523.80 -3.66 -10.04 -26.39 327.31 264.56 4.10 0.00
0.00 5585.56
481.60 -6.56 -12.72 -32.31 330.52 232.43 3.19 -0.10
0.00 6244.86
443.80 -11.26 -15.84 -30.41 332.94 206.57 7.38 -0.10
0.00 6877.32
409.90 -15.46 -19.33 -34.77 334.40 217.41 8.31 -0.10
0.00 7481.79
379.10 -19.76 -22.95 -39.16 335.68 225.00 7.69 -0.10
0.00 8066.23
351.40 -24.36 -26.03 -33.45 337.96 235.38 9.91 -0.10
0.00 8624.06
326.50 -28.56 -29.83 -37.04 338.71 244.86 10.51 -0.10
0.00 9154.95
304.00 -32.26 -33.51 -43.80 339.58 262.09 7.05 -0.10
0.00 9662.40
283.90 -36.16 -37.09 -46.81 340.44 278.62 6.49 -0.10
0.00 10140.91
265.70 -39.46 -40.29 -52.61 341.75 302.28 4.37 0.00
0.00 10597.36
248.80 -42.06 -42.89 -63.51 344.01 23.43 6.35 0.00
0.00 11044.42
233.60 -44.76 -45.46 -71.85 346.08 23.43 6.35 0.00
0.00 11468.35
219.60 -47.56 -48.11 -72.27 347.93 5.71 5.85 0.00
0.00 11878.99
205.70 -50.66 -51.08 -72.71 349.62 340.97 5.96 0.00
0.00 12307.81
191.70 -53.86 -54.16 -73.19 351.60 315.00 6.88 0.00
0.00 12763.57
177.80 -57.36 -57.57 -73.70 353.51 292.38 7.15 0.00
0.00 13242.88
163.80 -61.06 -61.20 -74.24 355.68 294.94 9.21 0.00
0.00 13756.48
149.80 -64.26 -64.35 -74.84 359.38 308.96 11.73 0.00
0.00 14306.96
135.90 -66.96 -9999.00 -9999.00 -9999.00 323.70 11.81 0.00
0.00 14898.56
121.90 -69.46 -9999.00 -9999.00 -9999.00 343.41 9.52 0.00
0.00 15550.75
108.00 -70.46 -9999.00 -9999.00 -9999.00 348.96 8.12 0.00
0.00 16270.83
94.00 -69.26 -9999.00 -9999.00 -9999.00 11.31 3.96 0.00
0.00 17096.99
81.00 -67.66 -9999.00 -9999.00 -9999.00 99.73 6.90 0.00
0.00 17988.81
70.60 -66.46 -9999.00 -9999.00 -9999.00 114.78 11.13 0.00
0.00 18817.79
62.20 -63.66 -9999.00 -9999.00 -9999.00 97.54 13.33 0.00
0.00 19589.38
54.30 -61.76 -9999.00 -9999.00 -9999.00 84.23 17.39 0.00
0.00 20426.08
46.90 -59.76 -9999.00 -9999.00 -9999.00 79.59 19.35 0.00
0.00 21336.91
40.10 -57.86 -9999.00 -9999.00 -9999.00 79.56 22.51 0.00
0.00 22319.68
33.80 -56.56 -9999.00 -9999.00 -9999.00 84.73 27.51 0.00
0.00 23400.02
27.80 -54.26 -9999.00 -9999.00 -9999.00 85.94 32.91 0.00
0.00 24645.57
22.30 -51.26 -9999.00 -9999.00 -9999.00 78.80 38.01 0.00
0.00 26067.71
17.10 -46.96 -9999.00 -9999.00 -9999.00 79.00 41.74 0.00
0.00 27808.91
12.30 -43.36 -9999.00 -9999.00 -9999.00 86.15 43.41 0.00
0.00 30007.71

STID = KDAL STNM = 722583 TIME = 200809/1800 
SLAT = 32.84 SLON = -96.85 SELV = 138.0
STIM = 6

SHOW = -0.38 LIFT = -1.86 SWET = 203.74 KINX = 28.95
LCLP = 789.47 PWAT = 40.98 TOTL = 45.48 CAPE = 872.79
LCLT = 288.28 CINS = -63.71 EQLV = 216.85 LFCT = 662.96
BRCH = 426.85

PRES TMPC TMWC DWPC THTE DRCT SKNT OMEG
CFRL HGHT
1000.70 35.34 23.74 18.89 350.93 192.09 8.35 0.00
0.00 147.09
997.70 34.34 23.40 18.79 349.92 192.17 10.14 0.00
0.00 174.39
992.20 33.64 23.13 18.67 349.58 192.31 10.94 0.00
0.00 224.50
982.70 32.64 22.73 18.50 349.34 192.63 11.54 0.10
0.00 311.47
968.70 31.24 22.14 18.22 349.02 193.60 12.39 0.00
0.00 440.67
950.70 29.44 21.39 17.87 348.66 194.04 12.82 0.00
0.00 608.67
929.20 27.44 20.50 17.43 348.41 195.26 13.29 0.00
0.00 812.27
905.60 25.24 19.51 16.92 348.12 195.83 13.52 0.00
0.00 1039.64
880.20 22.74 18.35 16.32 347.61 197.40 13.64 -0.10
0.00 1289.08
851.70 20.44 16.48 14.52 344.92 197.40 13.64 -0.10
0.00 1575.25
820.20 18.04 14.40 12.45 342.33 196.86 13.40 -0.10
0.00 1900.07
785.90 15.74 11.31 8.54 337.17 186.34 12.32 0.00
3.00 2264.94
748.60 14.14 8.00 3.30 332.67 169.61 11.85 0.10
0.00 2676.90
708.40 11.44 5.57 0.59 332.21 151.19 13.31 0.10
0.00 3140.59
665.30 8.34 2.21 -4.06 330.25 136.17 13.46 0.10
0.00 3662.21
619.20 4.04 -0.96 -6.71 330.32 130.03 12.68 0.10
0.00 4250.80
570.70 -0.56 -5.60 -13.40 328.17 154.89 6.86 0.00
0.00 4908.33
523.80 -3.66 -10.15 -27.33 327.07 278.53 3.92 0.00
0.00 5589.33
481.60 -6.76 -12.82 -31.93 330.34 235.49 3.77 -0.10
0.00 6248.38
443.80 -11.36 -16.02 -31.53 332.56 209.20 7.56 -0.10
0.00 6880.48
409.80 -15.46 -19.32 -34.56 334.46 219.96 9.38 0.00
0.00 7486.67
379.10 -19.76 -22.95 -39.16 335.68 226.85 8.53 0.00
0.00 8069.29
351.40 -24.36 -26.09 -33.94 337.85 234.73 9.75 -0.10
0.00 8627.11
326.50 -28.66 -29.89 -36.84 338.61 242.45 10.08 -0.10
0.00 9157.89
304.00 -32.36 -33.55 -43.11 339.52 254.88 7.44 0.00
0.00 9665.14
283.90 -36.16 -37.09 -46.81 340.44 265.24 7.01 0.00
0.00 10143.54
265.70 -39.46 -40.26 -51.87 341.79 279.09 4.91 0.00
0.00 10600.00
248.80 -42.06 -42.89 -63.51 344.01 23.20 2.95 0.00
0.00 11047.06
233.60 -44.76 -45.44 -66.97 346.13 23.20 2.95 0.00
0.00 11470.99
219.60 -47.66 -48.18 -67.41 347.82 349.99 3.36 0.00
0.00 11881.54
205.70 -50.66 -51.08 -72.71 349.62 316.64 4.82 0.00
0.00 12310.27
191.70 -53.86 -54.16 -73.19 351.60 302.15 8.02 0.00
0.00 12766.02
177.80 -57.36 -57.57 -73.70 353.51 295.02 9.65 0.00
0.00 13245.34
163.80 -61.06 -61.20 -74.24 355.68 296.57 11.29 0.00
0.00 13758.93
149.80 -64.16 -64.25 -74.84 359.55 307.04 12.90 0.00
0.00 14309.55
135.90 -66.66 -9999.00 -9999.00 -9999.00 319.21 13.09 0.00
0.00 14901.72
121.90 -69.46 -9999.00 -9999.00 -9999.00 334.44 9.91 0.00
0.00 15554.38
108.00 -70.76 -9999.00 -9999.00 -9999.00 348.11 7.54 0.00
0.00 16273.93
94.00 -69.46 -9999.00 -9999.00 -9999.00 38.66 3.73 0.00
0.00 17099.08
81.00 -67.56 -9999.00 -9999.00 -9999.00 107.45 7.13 0.00
0.00 17990.67
70.60 -66.16 -9999.00 -9999.00 -9999.00 109.44 10.51 0.00
0.00 18820.47
62.20 -63.86 -9999.00 -9999.00 -9999.00 97.03 14.30 0.00
0.00 19592.24
54.30 -62.86 -9999.00 -9999.00 -9999.00 83.88 16.41 0.00
0.00 20426.36
46.90 -60.66 -9999.00 -9999.00 -9999.00 77.74 18.28 0.00
0.00 21332.89
40.10 -58.16 -9999.00 -9999.00 -9999.00 80.87 22.03 0.00
0.00 22312.91
33.80 -56.56 -9999.00 -9999.00 -9999.00 89.14 26.03 0.00
0.00 23392.50
27.80 -53.86 -9999.00 -9999.00 -9999.00 89.30 31.66 0.00
0.00 24639.19
22.30 -50.26 -9999.00 -9999.00 -9999.00 76.59 38.54 0.00
0.00 26065.86
17.10 -45.26 -9999.00 -9999.00 -9999.00 76.34 43.59 0.00
0.00 27817.54
12.30 -42.76 -9999.00 -9999.00 -9999.00 81.79 40.83 0.00
0.00 30027.44

STID = KDAL STNM = 722583 TIME = 200809/1900 
SLAT = 32.84 SLON = -96.85 SELV = 138.0
STIM = 7

SHOW = -1.25 LIFT = -1.81 SWET = 212.44 KINX = 30.17
LCLP = 771.53 PWAT = 40.81 TOTL = 46.63 CAPE = 834.31
LCLT = 287.41 CINS = -43.01 EQLV = 219.66 LFCT = 659.61
BRCH = 579.08

PRES TMPC TMWC DWPC THTE DRCT SKNT OMEG
CFRL HGHT
999.70 36.34 23.70 18.34 350.80 190.08 8.88 0.00
0.00 147.13
996.70 35.34 23.36 18.23 349.77 190.49 10.66 0.00
0.00 174.53
991.20 34.54 23.06 18.12 349.34 190.74 11.46 0.10
0.00 224.83
981.70 33.54 22.66 17.94 349.08 190.95 12.28 0.10
0.00 312.13
967.70 32.24 22.11 17.68 348.94 191.31 12.88 0.10
0.00 441.83
949.70 30.44 21.35 17.33 348.60 191.80 13.29 0.10
0.00 610.51
928.20 28.34 20.45 16.91 348.29 193.06 13.75 0.10
0.00 814.91
904.70 26.14 19.47 16.43 348.08 193.65 13.99 0.00
0.00 1042.18
879.30 23.64 18.35 15.89 347.73 194.42 14.04 0.00
0.00 1292.57
850.90 20.84 17.03 15.21 347.25 195.19 14.08 0.00
0.00 1578.66
819.40 18.54 14.31 12.02 342.12 195.40 13.91 -0.10
0.00 1904.32
785.20 15.24 12.41 10.78 341.10 194.04 13.62 -0.10
5.00 2268.60
747.90 13.74 8.15 3.97 333.27 186.91 12.92 0.00
0.00 2680.51
707.80 11.34 5.53 0.61 332.21 162.12 12.65 0.00
0.00 3143.10
664.70 8.34 2.07 -4.45 329.96 142.43 12.74 0.10
0.00 3665.06
618.80 4.14 -1.18 -7.51 329.80 135.69 11.40 0.10
0.00 4251.60
570.40 -0.36 -5.71 -14.26 327.93 159.68 5.59 0.10
0.00 4908.44
523.50 -3.56 -10.20 -28.35 327.00 308.66 3.73 0.00
0.00 5590.15
481.40 -6.86 -12.83 -31.38 330.36 246.80 2.95 0.00
0.00 6247.95
443.60 -11.36 -16.11 -32.41 332.42 211.50 7.07 0.00
0.00 6880.20
409.70 -15.46 -19.32 -34.57 334.48 226.68 9.34 0.00
0.00 7484.82
379.00 -19.76 -22.91 -38.61 335.78 233.39 8.47 0.00
0.00 8067.58
351.30 -24.36 -26.11 -34.11 337.84 238.24 9.60 0.00
0.00 8625.56
326.40 -28.56 -29.88 -37.46 338.67 245.92 10.00 0.00
0.00 9156.59
304.00 -32.36 -33.53 -42.78 339.56 253.69 8.29 0.00
0.00 9661.77
283.80 -36.16 -37.09 -46.82 340.48 260.31 8.08 0.00
0.00 10142.64
265.70 -39.36 -40.20 -52.61 341.90 270.00 6.02 0.00
0.00 10596.76
248.80 -41.96 -42.80 -63.51 344.16 338.20 1.05 0.00
0.00 11044.01
233.60 -44.66 -45.35 -66.97 346.28 352.87 1.57 0.00
0.00 11468.13
219.60 -47.56 -48.09 -67.41 347.97 322.43 3.19 0.00
0.00 11878.86
205.70 -50.56 -50.98 -72.71 349.77 306.16 6.25 0.00
0.00 12307.78
191.70 -53.66 -53.97 -73.19 351.92 305.79 10.30 0.00
0.00 12763.85
177.80 -57.26 -57.47 -73.70 353.67 305.07 11.15 0.00
0.00 13243.49
163.80 -60.86 -61.00 -74.24 356.02 302.40 11.97 0.00
0.00 13757.45
149.80 -63.96 -64.06 -74.84 359.89 309.13 14.78 0.00
0.00 14308.59
135.90 -66.76 -66.83 -75.48 365.09 321.34 14.92 0.00
0.00 14900.90
121.90 -69.46 -9999.00 -9999.00 -9999.00 336.95 9.93 0.00
0.00 15553.41
108.00 -70.46 -9999.00 -9999.00 -9999.00 355.36 7.21 0.00
0.00 16273.49
94.00 -68.86 -9999.00 -9999.00 -9999.00 54.46 5.01 0.00
0.00 17100.46
81.00 -67.36 -9999.00 -9999.00 -9999.00 105.26 6.64 0.00
0.00 17993.80
70.60 -65.96 -9999.00 -9999.00 -9999.00 101.53 9.71 0.00
0.00 18824.40
62.20 -64.26 -9999.00 -9999.00 -9999.00 97.77 12.94 0.00
0.00 19595.80
54.30 -62.96 -9999.00 -9999.00 -9999.00 81.87 13.73 0.00
0.00 20428.92
46.90 -60.46 -9999.00 -9999.00 -9999.00 79.58 17.19 0.00
0.00 21335.67
40.10 -58.26 -9999.00 -9999.00 -9999.00 86.22 20.63 0.00
0.00 22315.92
33.80 -56.56 -9999.00 -9999.00 -9999.00 91.83 24.30 0.00
0.00 23395.26
27.80 -53.56 -9999.00 -9999.00 -9999.00 90.35 31.66 0.00
0.00 24642.81
22.30 -49.36 -9999.00 -9999.00 -9999.00 82.77 40.13 0.00
0.00 26073.35
17.10 -44.66 -9999.00 -9999.00 -9999.00 83.03 44.81 0.00
0.00 27830.86
12.30 -43.06 -9999.00 -9999.00 -9999.00 83.60 40.07 0.00
0.00 30042.21

STID = KDAL STNM = 722583 TIME = 200809/2000 
SLAT = 32.84 SLON = -96.85 SELV = 138.0
STIM = 8

SHOW = -1.83 LIFT = -2.13 SWET = 214.61 KINX = 31.72
LCLP = 760.97 PWAT = 41.36 TOTL = 47.79 CAPE = 899.17
LCLT = 286.96 CINS = -10.99 EQLV = 216.35 LFCT = 754.43
BRCH = 638.01

PRES TMPC TMWC DWPC THTE DRCT SKNT OMEG
CFRL HGHT
998.20 36.94 23.71 18.07 351.02 187.13 9.40 0.00
0.00 147.16
995.20 35.94 23.37 17.96 349.99 186.88 11.34 0.00
0.00 174.65
989.70 35.24 23.10 17.85 349.69 187.35 12.14 0.10
0.00 225.13
980.20 34.24 22.71 17.69 349.49 187.77 12.94 0.10
0.00 312.75
966.30 32.94 22.17 17.45 349.39 188.37 13.34 0.10
0.00 442.00
948.30 31.14 21.43 17.13 349.13 188.81 13.95 0.10
0.00 611.30
926.90 29.14 20.58 16.75 349.04 189.46 14.18 0.10
0.00 815.53
903.40 26.84 19.60 16.31 348.82 190.86 14.43 0.10
0.00 1043.67
878.00 24.34 18.52 15.83 348.64 191.61 14.47 0.00
0.00 1295.01
849.70 21.54 17.26 15.23 348.36 193.11 14.57 0.00
0.00 1581.19
818.40 18.74 14.69 12.54 343.68 193.28 14.37 0.00
0.00 1905.75
784.10 16.04 12.12 9.81 340.26 193.28 14.37 -0.10
0.00 2272.17
747.00 12.34 9.84 8.25 338.93 192.88 13.95 -0.10
4.00 2682.19
706.80 11.04 5.49 0.81 332.27 182.77 12.06 0.00
0.00 3145.50
663.90 8.14 2.01 -4.34 329.96 152.53 10.96 0.00
0.00 3665.29
618.10 4.24 -1.31 -8.04 329.58 141.71 9.40 0.10
0.00 4251.11
569.80 -0.26 -5.77 -14.71 327.90 165.96 4.00 0.00
0.00 4907.51
523.10 -3.66 -10.29 -28.66 326.88 340.82 4.74 0.00
0.00 5586.90
481.00 -7.06 -12.92 -30.86 330.30 259.70 2.18 0.00
0.00 6244.86
443.40 -11.36 -16.19 -33.36 332.29 210.70 7.23 0.00
0.00 6873.93
409.50 -15.46 -19.32 -34.57 334.53 229.14 9.50 0.00
0.00 7478.82
378.80 -19.76 -22.87 -38.08 335.90 234.16 8.62 0.00
0.00 8061.88
351.20 -24.26 -26.03 -34.11 338.01 238.67 10.47 0.00
0.00 8618.19
326.40 -28.46 -29.82 -37.67 338.77 247.46 11.15 0.00
0.00 9147.38
303.90 -32.56 -33.63 -41.86 339.43 250.50 9.89 -0.10
0.00 9654.79
283.80 -36.26 -37.15 -46.38 340.37 253.54 8.92 -0.10
0.00 10133.07
265.70 -39.46 -40.26 -51.87 341.79 266.63 6.62 0.00
0.00 10587.00
248.80 -42.06 -42.89 -63.51 344.01 276.34 1.77 0.00
0.00 11034.06
233.60 -44.66 -45.35 -66.97 346.28 303.69 2.10 0.00
0.00 11458.08
219.60 -47.56 -48.09 -67.41 347.97 307.88 4.43 0.00
0.00 11868.82
205.70 -50.46 -50.86 -67.88 349.98 307.15 8.04 0.00
0.00 12297.83
191.70 -53.86 -54.14 -68.39 351.65 311.47 11.15 0.00
0.00 12753.79
177.80 -57.26 -57.47 -73.70 353.67 306.10 11.54 0.00
0.00 13233.22
163.80 -60.76 -60.90 -74.24 356.19 302.74 12.94 0.00
0.00 13747.30
149.80 -64.06 -64.15 -74.84 359.72 310.45 15.58 0.00
0.00 14298.44
135.90 -66.86 -66.92 -75.48 364.92 323.58 14.72 0.00
0.00 14890.46
121.90 -69.36 -9999.00 -9999.00 -9999.00 341.57 9.21 0.00
0.00 15542.97
108.00 -69.96 -9999.00 -9999.00 -9999.00 5.19 6.43 0.00
0.00 16264.12
94.00 -68.46 -9999.00 -9999.00 -9999.00 73.50 5.48 0.00
0.00 17092.92
81.00 -67.56 -9999.00 -9999.00 -9999.00 110.32 5.59 0.00
0.00 17986.69
70.60 -66.56 -9999.00 -9999.00 -9999.00 97.59 8.82 0.00
0.00 18815.68
62.20 -64.96 -9999.00 -9999.00 -9999.00 91.04 10.68 0.00
0.00 19584.67
54.30 -62.66 -9999.00 -9999.00 -9999.00 76.37 13.19 0.00
0.00 20417.00
46.90 -59.76 -9999.00 -9999.00 -9999.00 83.93 18.36 0.00
0.00 21325.90
40.10 -58.06 -9999.00 -9999.00 -9999.00 88.33 20.01 0.00
0.00 22308.21
33.80 -56.06 -9999.00 -9999.00 -9999.00 85.24 23.39 0.00
0.00 23389.29
27.80 -53.16 -9999.00 -9999.00 -9999.00 84.64 31.22 0.00
0.00 24639.42
22.30 -49.66 -9999.00 -9999.00 -9999.00 87.44 39.08 0.00
0.00 26070.28
17.10 -46.56 -9999.00 -9999.00 -9999.00 86.22 41.28 0.00
0.00 27819.24
12.30 -43.66 -9999.00 -9999.00 -9999.00 81.83 38.27 0.00
0.00 30018.53

STID = KDAL STNM = 722583 TIME = 200809/2100 
SLAT = 32.84 SLON = -96.85 SELV = 138.0
STIM = 9

SHOW = -1.96 LIFT = -2.28 SWET = 213.75 KINX = 33.44
LCLP = 754.64 PWAT = 42.25 TOTL = 48.25 CAPE = 954.11
LCLT = 286.72 CINS = -3.40 EQLV = 210.93 LFCT = 758.59
BRCH = 356.62

PRES TMPC TMWC DWPC THTE DRCT SKNT OMEG
CFRL HGHT
997.30 37.34 23.75 17.94 351.28 182.20 10.10 0.00
0.00 147.18
994.20 36.44 23.43 17.83 350.39 182.68 12.45 0.00
0.00 175.66
988.80 35.74 23.16 17.72 350.07 183.32 13.42 0.10
0.00 225.34
979.30 34.74 22.76 17.55 349.85 183.14 14.20 0.10
0.00 313.17
965.40 33.34 22.20 17.31 349.63 183.81 14.61 0.10
0.00 442.72
947.50 31.64 21.48 16.98 349.46 185.19 15.02 0.10
0.00 611.47
926.00 29.64 20.63 16.59 349.36 185.78 15.42 0.10
0.00 817.17
902.70 27.34 19.64 16.14 349.10 187.21 15.46 0.10
0.00 1043.93
877.30 24.84 18.55 15.63 348.85 188.75 15.33 0.00
0.00 1295.86
849.00 22.04 17.30 15.05 348.63 190.30 15.21 0.00
0.00 1582.73
817.70 18.84 15.82 14.33 348.20 192.94 14.74 0.00
0.00 1908.02
783.50 16.04 12.53 10.53 341.83 194.98 14.28 0.00
0.00 2273.94
746.30 12.04 10.51 9.57 341.32 195.83 13.52 0.00
15.00 2685.37
706.30 10.54 5.69 1.75 333.00 196.19 12.55 0.00
3.00 3146.29
663.40 8.04 2.01 -4.22 330.04 164.41 8.66 0.10
0.00 3665.97
617.70 4.24 -1.46 -8.52 329.26 147.99 7.32 0.10
0.00 4250.81
569.50 -0.26 -5.83 -14.95 327.81 174.81 2.14 0.00
0.00 4906.20
522.80 -3.76 -10.29 -28.06 326.95 3.95 5.65 0.00
0.00 5585.84
480.80 -7.06 -12.90 -30.69 330.38 251.57 1.22 0.10
0.00 6242.45
443.20 -11.26 -16.19 -34.18 332.31 208.50 7.73 0.10
0.00 6871.90
409.40 -15.36 -19.25 -34.57 334.68 229.27 9.23 0.10
0.00 7475.45
378.70 -19.66 -22.77 -37.58 336.14 235.22 8.51 0.10
0.00 8058.89
351.20 -24.16 -25.92 -33.78 338.22 239.89 11.23 0.00
0.00 8613.48
326.30 -28.56 -29.86 -37.25 338.74 250.35 11.56 0.00
0.00 9144.89
303.90 -32.66 -33.69 -41.57 339.32 249.44 9.97 0.00
0.00 9649.92
283.80 -36.36 -37.24 -46.38 340.23 249.90 8.49 0.10
0.00 10128.00
265.70 -39.36 -40.20 -52.61 341.90 270.00 6.80 0.10
0.00 10581.93
248.80 -41.96 -42.80 -63.51 344.16 283.24 3.40 0.00
0.00 11029.18
233.60 -44.66 -45.35 -66.97 346.28 303.69 4.20 0.00
0.00 11453.30
219.60 -47.66 -48.18 -67.41 347.82 307.57 6.37 0.00
0.00 11863.94
205.70 -50.76 -51.15 -67.88 349.51 311.53 9.09 0.00
0.00 12292.57
191.70 -54.16 -54.43 -68.39 351.16 311.91 10.18 0.00
0.00 12747.92
177.80 -57.36 -57.57 -73.70 353.51 302.32 11.27 0.00
0.00 13226.90
163.80 -60.96 -61.10 -74.24 355.85 301.11 13.15 0.00
0.00 13740.62
149.80 -64.36 -64.45 -74.84 359.20 312.27 14.43 0.00
0.00 14291.11
135.90 -66.96 -67.02 -75.48 364.74 326.53 13.73 0.00
0.00 14882.56
121.90 -69.16 -9999.00 -9999.00 -9999.00 344.74 8.86 0.00
0.00 15535.23
108.00 -69.96 -9999.00 -9999.00 -9999.00 15.42 5.85 0.00
0.00 16256.73
94.00 -68.96 -9999.00 -9999.00 -9999.00 99.46 5.91 0.00
0.00 17084.51
81.00 -68.16 -9999.00 -9999.00 -9999.00 133.60 5.63 0.00
0.00 17975.89
70.60 -67.06 -9999.00 -9999.00 -9999.00 114.78 8.35 0.00
0.00 18802.67
62.20 -64.76 -9999.00 -9999.00 -9999.00 94.76 9.36 0.00
0.00 19571.10
54.30 -61.56 -9999.00 -9999.00 -9999.00 76.16 13.81 0.00
0.00 20406.01
46.90 -58.56 -9999.00 -9999.00 -9999.00 79.49 19.17 0.00
0.00 21319.84
40.10 -57.36 -9999.00 -9999.00 -9999.00 78.91 20.18 0.00
0.00 22306.51
33.80 -55.56 -9999.00 -9999.00 -9999.00 78.97 23.35 0.00
0.00 23390.60
27.80 -52.66 -9999.00 -9999.00 -9999.00 83.53 29.33 0.00
0.00 24643.58
22.30 -49.96 -9999.00 -9999.00 -9999.00 91.52 36.73 0.00
0.00 26075.08
17.10 -48.16 -9999.00 -9999.00 -9999.00 87.73 39.28 0.00
0.00 27816.67
12.30 -44.16 -9999.00 -9999.00 -9999.00 82.11 39.61 0.00
0.00 30005.83

STID = KDAL STNM = 722583 TIME = 200809/2200 
SLAT = 32.84 SLON = -96.85 SELV = 138.0
STIM = 10

SHOW = -1.83 LIFT = -2.12 SWET = 214.30 KINX = 38.53
LCLP = 751.97 PWAT = 43.00 TOTL = 48.08 CAPE = 975.54
LCLT = 286.60 CINS = -6.87 EQLV = 205.55 LFCT = 738.92
BRCH = 282.20

PRES TMPC TMWC DWPC THTE DRCT SKNT OMEG
CFRL HGHT
997.40 37.54 23.77 17.88 351.35 184.32 10.33 0.00
0.00 147.18
994.40 36.74 23.48 17.77 350.56 184.40 12.67 0.10
0.00 174.76
989.00 36.04 23.21 17.66 350.24 184.83 13.85 0.10
0.00 224.48
979.50 35.04 22.81 17.49 350.02 185.33 14.63 0.10
0.00 312.38
965.50 33.74 22.28 17.25 349.94 185.86 15.23 0.10
0.00 442.98
947.60 32.04 21.57 16.94 349.82 186.42 15.64 0.10
0.00 611.93
926.20 29.94 20.69 16.54 349.56 187.64 16.06 0.00
0.00 816.87
902.80 27.74 19.73 16.09 349.44 189.01 16.12 0.00
0.00 1044.82
877.50 25.24 18.65 15.60 349.23 190.37 16.20 0.00
0.00 1296.05
849.10 22.44 17.39 15.00 348.98 192.53 16.12 -0.10
0.00 1584.27
817.80 19.24 15.89 14.25 348.47 195.75 15.73 -0.20
0.00 1909.95
783.60 16.04 13.48 12.11 345.30 199.15 14.80 -0.20
2.00 2276.20
746.40 13.24 9.91 7.80 339.28 200.92 14.14 -0.20
0.00 2688.44
706.40 9.04 7.29 6.07 337.91 202.75 13.05 -0.10
13.00 3149.19
663.50 7.94 2.02 -4.06 330.07 184.76 7.01 0.00
0.00 3667.68
617.70 4.34 -1.50 -8.79 329.16 157.38 5.05 0.10
0.00 4253.75
569.50 -0.06 -5.83 -15.42 327.79 225.00 0.27 0.10
0.00 4909.46
522.80 -3.56 -10.14 -27.77 327.26 17.82 5.71 0.10
0.00 5589.60
480.80 -6.76 -12.75 -31.04 330.68 232.13 2.21 0.10
0.00 6246.82
443.20 -11.06 -16.10 -34.62 332.49 217.87 8.86 0.00
0.00 6876.86
409.40 -15.26 -19.20 -34.78 334.77 236.31 9.81 0.00
0.00 7480.74
378.70 -19.56 -22.65 -37.10 336.34 241.29 9.30 -0.10
0.00 8064.42
351.20 -24.16 -25.86 -33.30 338.33 246.68 12.28 -0.10
0.00 8619.13
326.30 -28.66 -29.92 -37.05 338.63 250.62 11.11 -0.10
0.00 9150.44
303.90 -32.66 -33.78 -42.78 339.17 246.04 9.56 0.00
0.00 9655.36
283.80 -36.06 -37.07 -48.27 340.50 255.07 9.05 0.00
0.00 10133.73
265.70 -39.06 -39.95 -53.41 342.30 283.09 8.57 0.00
0.00 10588.23
248.80 -41.86 -42.70 -63.51 344.31 294.15 6.18 0.00
0.00 11035.86
233.60 -44.76 -45.44 -66.97 346.13 309.17 6.76 0.00
0.00 11459.98
219.60 -47.76 -48.25 -64.44 347.71 312.18 8.39 0.00
0.00 11870.44
205.70 -50.96 -51.31 -64.93 349.24 312.44 9.21 0.00
0.00 12298.79
191.70 -53.96 -54.24 -68.39 351.49 304.29 10.35 0.00
0.00 12754.14
177.80 -57.26 -57.47 -73.70 353.67 299.54 13.40 0.00
0.00 13233.45
163.80 -60.96 -61.10 -74.24 355.85 304.59 13.69 0.00
0.00 13747.29
149.80 -64.26 -64.35 -74.84 359.38 316.17 13.46 0.00
0.00 14297.91
135.90 -66.66 -66.73 -75.48 365.27 327.26 12.94 0.00
0.00 14889.93
121.90 -68.76 -9999.00 -9999.00 -9999.00 343.69 8.29 0.00
0.00 15543.71
108.00 -70.06 -9999.00 -9999.00 -9999.00 29.74 4.70 0.00
0.00 16265.74
94.00 -69.56 -9999.00 -9999.00 -9999.00 122.74 6.47 0.00
0.00 17092.10
81.00 -68.46 -9999.00 -9999.00 -9999.00 150.75 5.57 0.00
0.00 17981.53
70.60 -66.66 -9999.00 -9999.00 -9999.00 122.91 7.87 0.00
0.00 18808.50
62.20 -63.66 -9999.00 -9999.00 -9999.00 100.84 9.30 0.00
0.00 19579.72
54.30 -60.76 -9999.00 -9999.00 -9999.00 83.99 14.84 0.00
0.00 20418.41
46.90 -58.46 -9999.00 -9999.00 -9999.00 80.26 19.50 0.00
0.00 21334.16
40.10 -57.26 -9999.00 -9999.00 -9999.00 71.23 21.13 0.00
0.00 22321.29
33.80 -55.26 -9999.00 -9999.00 -9999.00 73.21 23.54 0.00
0.00 23406.38
27.80 -52.46 -9999.00 -9999.00 -9999.00 81.81 28.65 0.00
0.00 24660.80
22.30 -50.36 -9999.00 -9999.00 -9999.00 89.06 35.35 0.00
0.00 26091.65
17.10 -48.86 -9999.00 -9999.00 -9999.00 89.46 41.18 0.00
0.00 27828.96
12.30 -44.56 -9999.00 -9999.00 -9999.00 83.88 43.76 0.00
0.00 30012.82

STID = KDAL STNM = 722583 TIME = 200809/2300 
SLAT = 32.84 SLON = -96.85 SELV = 138.0
STIM = 11

SHOW = -1.72 LIFT = -1.99 SWET = 213.13 KINX = 39.56
LCLP = 751.98 PWAT = 43.83 TOTL = 47.93 CAPE = 995.29
LCLT = 286.53 CINS = -2.43 EQLV = 206.70 LFCT = 746.51
BRCH = 212.72

PRES TMPC TMWC DWPC THTE DRCT SKNT OMEG
CFRL HGHT
997.20 37.44 23.70 17.80 351.05 181.08 10.30 0.00
0.00 147.18
994.20 36.74 23.44 17.70 350.41 181.74 12.82 0.00
0.00 174.76
988.70 36.14 23.20 17.59 350.23 182.35 14.20 0.00
0.00 225.42
979.20 35.24 22.84 17.43 350.15 182.97 14.98 0.00
0.00 313.38
965.30 33.84 22.27 17.19 349.93 183.58 15.58 0.00
0.00 443.15
947.40 32.24 21.59 16.87 349.91 184.18 15.97 0.00
0.00 612.21
926.00 30.14 20.72 16.49 349.71 185.51 16.20 0.00
0.00 817.32
902.60 27.94 19.76 16.04 349.58 186.87 16.24 0.00
0.00 1045.47
877.30 25.44 18.68 15.55 349.37 188.90 16.32 -0.10
0.00 1296.92
848.90 22.64 17.41 14.93 349.08 191.71 16.26 -0.10
0.00 1585.39
817.60 19.54 15.92 14.14 348.60 195.75 15.73 -0.10
0.00 1911.41
783.40 16.04 13.98 12.91 347.23 202.22 14.90 -0.10
1.00 2278.00
746.30 12.84 10.76 9.51 342.18 205.53 14.41 -0.10
3.00 2689.13
706.20 8.94 7.77 6.97 339.46 210.19 12.35 0.00
26.00 3150.96
663.30 7.64 2.09 -3.49 330.33 207.30 6.78 0.00
1.00 3669.34
617.50 4.34 -1.54 -8.92 329.09 169.38 3.17 0.10
0.00 4255.31
569.40 -0.06 -5.88 -15.66 327.68 23.20 1.48 0.10
0.00 4909.81
522.70 -3.36 -9.99 -27.49 327.59 32.01 5.50 0.10
0.00 5590.32
480.80 -6.66 -12.73 -31.57 330.70 232.43 3.19 0.10
0.00 6246.41
443.20 -11.06 -16.06 -34.18 332.56 225.00 9.34 0.00
0.00 6876.56
409.40 -15.46 -19.36 -34.99 334.48 239.04 10.20 -0.10
0.00 7480.22
378.70 -19.76 -22.82 -37.34 336.04 240.95 10.00 -0.10
0.00 8063.43
351.10 -24.36 -26.09 -33.95 337.93 246.80 11.83 -0.20
0.00 8619.78
326.30 -28.86 -30.04 -36.65 338.43 242.97 10.68 -0.10
0.00 9148.61
303.90 -32.66 -33.87 -44.16 339.01 237.26 9.69 -0.10
0.00 9653.32
283.80 -35.86 -36.94 -49.37 340.71 256.26 8.99 0.00
0.00 10131.87
265.70 -39.06 -39.95 -53.41 342.30 289.18 9.46 0.00
0.00 10586.56
248.80 -41.96 -42.77 -61.32 344.21 299.20 7.56 0.00
0.00 11034.11
233.60 -44.86 -45.48 -61.80 346.06 310.91 7.71 0.00
0.00 11458.04
219.60 -47.86 -48.30 -60.55 347.65 313.15 8.53 0.00
0.00 11868.33
205.70 -50.86 -51.19 -62.77 349.44 304.38 8.94 0.00
0.00 12296.68
191.70 -53.86 -54.14 -68.39 351.65 301.26 12.72 0.00
0.00 12752.24
177.80 -57.56 -57.76 -73.70 353.18 306.87 13.60 0.00
0.00 13231.33
163.80 -60.96 -61.10 -74.24 355.85 310.50 12.26 0.00
0.00 13744.81
149.80 -63.96 -64.06 -74.84 359.89 318.22 12.24 0.00
0.00 14295.82
135.90 -66.36 -66.43 -75.48 365.80 326.58 11.64 0.00
0.00 14888.70
121.90 -68.56 -9999.00 -9999.00 -9999.00 345.58 7.01 0.00
0.00 15543.28
108.00 -70.26 -9999.00 -9999.00 -9999.00 37.87 4.43 0.00
0.00 16265.31
94.00 -69.96 -9999.00 -9999.00 -9999.00 133.53 5.36 0.00
0.00 17090.45
81.00 -68.26 -9999.00 -9999.00 -9999.00 165.26 3.81 0.00
0.00 17979.43
70.60 -65.76 -9999.00 -9999.00 -9999.00 121.61 5.92 0.00
0.00 18808.62
62.20 -62.46 -9999.00 -9999.00 -9999.00 94.40 7.60 0.00
0.00 19583.73
54.30 -59.96 -9999.00 -9999.00 -9999.00 83.83 14.45 0.00
0.00 20426.40
46.90 -58.86 -9999.00 -9999.00 -9999.00 85.43 19.48 0.00
0.00 21343.01
40.10 -58.06 -9999.00 -9999.00 -9999.00 71.22 20.51 0.00
0.00 22327.39
33.80 -55.56 -9999.00 -9999.00 -9999.00 65.36 23.29 0.00
0.00 23409.72
27.80 -52.36 -9999.00 -9999.00 -9999.00 78.01 29.00 0.00
0.00 24663.57
22.30 -50.76 -9999.00 -9999.00 -9999.00 86.65 33.28 0.00
0.00 26093.46
17.10 -48.06 -9999.00 -9999.00 -9999.00 85.75 39.36 0.00
0.00 27832.32
12.30 -43.86 -9999.00 -9999.00 -9999.00 78.02 45.86 0.00
0.00 30023.41

STID = KDAL STNM = 722583 TIME = 200810/0000 
SLAT = 32.84 SLON = -96.85 SELV = 138.0
STIM = 12

SHOW = -1.93 LIFT = -2.05 SWET = 221.19 KINX = 39.53
LCLP = 760.03 PWAT = 44.65 TOTL = 47.92 CAPE = 1117.71
LCLT = 287.03 CINS = -5.22 EQLV = 200.59 LFCT = 753.69
BRCH = 115.91

PRES TMPC TMWC DWPC THTE DRCT SKNT OMEG
CFRL HGHT
997.20 37.04 23.78 18.15 351.49 173.99 11.13 0.00
0.00 147.17
994.20 36.44 23.56 18.06 350.98 174.67 14.63 0.00
0.00 174.72
988.70 35.84 23.32 17.96 350.82 175.29 16.57 0.00
0.00 225.35
979.20 34.94 22.94 17.78 350.69 176.23 17.72 0.00
0.00 313.24
965.30 33.64 22.41 17.55 350.62 176.35 18.30 -0.10
0.00 442.92
947.40 32.04 21.75 17.25 350.64 177.61 18.67 -0.20
0.00 611.90
926.00 30.04 20.91 16.88 350.59 178.82 18.84 -0.30
0.00 816.95
902.60 27.74 19.95 16.46 350.42 180.60 18.65 -0.40
0.00 1045.03
877.20 25.34 18.91 15.99 350.40 183.04 18.28 -0.50
0.00 1297.42
848.90 22.54 17.68 15.43 350.24 187.59 17.64 -0.60
0.00 1584.86
817.60 19.34 16.26 14.78 349.99 191.96 16.88 -0.50
0.00 1910.81
783.40 16.24 13.92 12.70 346.97 205.16 14.16 -0.40
0.00 2277.44
746.20 12.64 11.27 10.47 344.00 211.39 13.42 -0.10
3.00 2689.77
706.10 9.04 7.73 6.84 339.36 219.43 11.32 0.20
20.00 3151.66
663.20 7.74 2.05 -3.73 330.22 226.27 6.18 0.20
0.00 3670.28
617.50 4.44 -1.61 -9.33 328.89 156.04 1.90 0.20
0.00 4255.19
569.40 0.04 -5.91 -16.03 327.60 41.99 2.62 0.10
0.00 4909.90
522.70 -3.16 -9.86 -27.35 327.87 46.64 4.82 0.10
0.00 5590.77
480.70 -6.46 -12.68 -32.53 330.78 237.72 4.37 0.00
0.00 6248.97
443.20 -11.06 -16.00 -33.37 332.71 232.43 9.56 0.00
0.00 6877.76
409.30 -15.56 -19.46 -35.42 334.30 240.52 10.26 -0.10
0.00 7483.16
378.70 -19.96 -23.00 -37.83 335.70 242.49 10.51 -0.10
0.00 8064.19
351.10 -24.56 -26.36 -34.98 337.44 249.33 10.99 -0.10
0.00 8620.09
326.30 -29.06 -30.22 -36.85 338.12 241.05 10.43 -0.10
0.00 9148.47
303.90 -32.86 -34.06 -44.54 338.69 238.11 10.30 -0.10
0.00 9652.76
283.80 -36.06 -37.09 -48.80 340.46 260.13 9.07 -0.10
0.00 10130.92
265.70 -39.26 -40.09 -51.87 342.09 295.51 9.48 -0.10
0.00 10585.23
248.80 -42.16 -42.91 -58.13 343.99 305.39 9.05 -0.10
0.00 11032.39
233.60 -45.16 -45.71 -58.63 345.70 314.12 8.94 -0.10
0.00 11455.87
219.60 -48.06 -48.46 -59.12 347.38 315.00 8.80 -0.10
0.00 11865.71
205.70 -50.86 -51.22 -64.93 349.40 307.50 10.53 -0.10
0.00 12293.87
191.70 -54.26 -54.52 -68.39 351.00 313.88 14.01 0.00
0.00 12749.01
177.80 -57.76 -57.96 -73.70 352.85 316.22 12.92 0.00
0.00 13227.45
163.80 -60.96 -61.10 -74.24 355.85 317.60 12.10 0.00
0.00 13740.68
149.80 -63.96 -64.06 -74.84 359.89 323.65 12.78 0.00
0.00 14291.69
135.90 -66.56 -66.63 -75.48 365.45 329.53 11.50 0.00
0.00 14884.29
121.90 -68.66 -9999.00 -9999.00 -9999.00 347.47 7.17 0.00
0.00 15538.39
108.00 -70.56 -9999.00 -9999.00 -9999.00 24.78 5.56 0.00
0.00 16259.71
94.00 -69.86 -9999.00 -9999.00 -9999.00 113.96 1.90 0.00
0.00 17084.44
81.00 -67.46 -9999.00 -9999.00 -9999.00 270.00 0.58 0.00
0.00 17975.39
70.60 -64.46 -9999.00 -9999.00 -9999.00 94.97 4.49 0.00
0.00 18808.80
62.20 -61.96 -9999.00 -9999.00 -9999.00 71.57 7.98 0.00
0.00 19587.25
54.30 -60.36 -9999.00 -9999.00 -9999.00 73.44 15.00 0.00
0.00 20430.11
46.90 -59.96 -9999.00 -9999.00 -9999.00 78.81 18.03 0.00
0.00 21343.51
40.10 -58.66 -9999.00 -9999.00 -9999.00 69.17 19.11 0.00
0.00 22323.99
33.80 -55.96 -9999.00 -9999.00 -9999.00 69.71 24.65 0.00
0.00 23403.83
27.80 -53.26 -9999.00 -9999.00 -9999.00 83.62 29.70 0.00
0.00 24653.95
22.30 -50.36 -9999.00 -9999.00 -9999.00 90.33 33.41 0.00
0.00 26082.23
17.10 -47.16 -9999.00 -9999.00 -9999.00 81.51 39.47 0.00
0.00 27826.14
12.30 -43.46 -9999.00 -9999.00 -9999.00 74.62 46.13 0.00
0.00 30023.50

STID = KDAL STNM = 722583 TIME = 200810/0100 
SLAT = 32.84 SLON = -96.85 SELV = 138.0
STIM = 13

SHOW = -1.38 LIFT = -1.46 SWET = 217.01 KINX = 37.42
LCLP = 767.10 PWAT = 43.11 TOTL = 47.14 CAPE = 873.40
LCLT = 286.89 CINS = -26.14 EQLV = 210.64 LFCT = 745.20
BRCH = 63.94

PRES TMPC TMWC DWPC THTE DRCT SKNT OMEG
CFRL HGHT
996.90 36.04 23.34 17.85 349.59 171.57 10.61 0.00
0.00 147.15
994.00 35.74 23.20 17.76 349.42 171.76 14.92 0.10
0.00 173.70
988.40 35.24 22.98 17.64 349.34 173.03 17.62 0.10
0.00 225.15
979.00 34.44 22.63 17.45 349.28 173.72 19.54 0.20
0.00 311.97
965.00 33.14 22.08 17.20 349.18 174.61 20.69 0.20
0.00 442.38
947.10 31.44 21.37 16.88 349.03 175.76 21.04 0.30
0.00 611.08
925.70 29.54 20.55 16.50 349.06 177.37 21.19 0.40
0.00 815.79
902.40 27.34 19.60 16.07 348.97 179.47 20.98 0.40
0.00 1042.57
877.00 24.94 18.56 15.60 348.94 182.75 20.22 0.40
0.00 1294.63
848.70 22.24 17.34 15.02 348.85 192.05 17.68 0.50
0.00 1581.74
817.40 19.44 15.81 14.02 348.21 202.07 15.50 0.50
0.00 1907.56
783.30 16.44 13.41 11.78 345.08 210.14 13.93 0.50
0.00 2273.23
746.10 12.64 11.03 10.07 343.15 212.99 13.21 0.40
0.00 2685.64
706.00 9.34 7.23 5.75 337.78 219.67 10.35 0.20
26.00 3147.71
663.20 8.04 1.79 -4.83 329.48 222.14 5.50 0.00
0.00 3665.56
617.50 4.24 -1.70 -9.29 328.68 129.29 2.76 -0.10
0.00 4250.51
569.30 -0.16 -5.91 -15.54 327.64 59.53 3.83 0.00
0.00 4906.18
522.70 -3.06 -9.73 -26.67 328.17 56.31 4.20 0.10
0.00 5585.55
480.70 -6.46 -12.76 -33.57 330.60 251.57 4.91 0.10
0.00 6243.88
443.20 -11.06 -15.95 -32.79 332.82 241.19 8.88 0.00
0.00 6872.66
409.30 -15.56 -19.50 -35.86 334.22 246.04 9.56 0.00
0.00 7478.06
378.70 -19.96 -22.99 -37.58 335.74 249.93 10.76 0.00
0.00 8059.10
351.10 -24.56 -26.40 -35.35 337.37 257.47 10.74 0.00
0.00 8614.99
326.30 -29.06 -30.36 -38.33 337.86 250.20 10.31 0.00
0.00 9143.36
303.90 -32.86 -34.10 -45.34 338.61 253.91 10.51 0.00
0.00 9647.64
283.80 -36.16 -37.13 -47.76 340.40 273.58 9.34 0.00
0.00 10125.69
265.70 -39.26 -40.06 -51.18 342.13 302.38 9.42 0.00
0.00 10579.91
248.80 -42.26 -42.97 -56.89 343.89 306.19 9.87 0.00
0.00 11026.98
233.60 -45.26 -45.76 -56.32 345.63 310.97 9.77 0.10
0.00 11450.28
219.60 -48.16 -48.53 -57.90 347.27 309.96 9.38 0.00
0.00 11859.94
205.70 -51.06 -51.41 -64.93 349.08 313.64 11.54 0.00
0.00 12287.81
191.70 -54.46 -54.72 -68.39 350.68 316.89 12.51 0.00
0.00 12742.54
177.80 -57.66 -57.86 -73.70 353.02 316.97 11.97 0.00
0.00 13220.87
163.80 -60.96 -61.10 -74.24 355.85 319.09 11.56 0.00
0.00 13734.22
149.80 -64.06 -64.15 -74.84 359.72 324.12 11.27 0.00
0.00 14285.10
135.90 -66.66 -66.73 -75.48 365.27 330.26 9.40 0.00
0.00 14877.41
121.90 -68.86 -9999.00 -9999.00 -9999.00 353.88 5.48 0.00
0.00 15531.03
108.00 -70.86 -9999.00 -9999.00 -9999.00 31.33 5.23 0.00
0.00 16251.47
94.00 -69.76 -9999.00 -9999.00 -9999.00 143.13 0.97 0.00
0.00 17075.80
81.00 -67.06 -9999.00 -9999.00 -9999.00 288.43 1.22 0.00
0.00 17967.83
70.60 -64.86 -9999.00 -9999.00 -9999.00 63.43 3.90 0.00
0.00 18801.24
62.20 -63.06 -9999.00 -9999.00 -9999.00 43.49 10.45 0.00
0.00 19576.91
54.30 -61.96 -9999.00 -9999.00 -9999.00 57.03 17.13 0.00
0.00 20414.41
46.90 -60.96 -9999.00 -9999.00 -9999.00 64.77 18.69 0.00
0.00 21322.23
40.10 -58.46 -9999.00 -9999.00 -9999.00 63.90 21.19 0.00
0.00 22300.88
33.80 -55.06 -9999.00 -9999.00 -9999.00 78.02 26.20 0.00
0.00 23383.46
27.80 -52.26 -9999.00 -9999.00 -9999.00 89.23 28.75 0.00
0.00 24639.02
22.30 -49.36 -9999.00 -9999.00 -9999.00 89.34 33.61 0.00
0.00 26073.75
17.10 -46.46 -9999.00 -9999.00 -9999.00 78.74 40.79 0.00
0.00 27824.27
12.30 -43.76 -9999.00 -9999.00 -9999.00 77.34 45.20 0.00
0.00 30023.56

STID = KDAL STNM = 722583 TIME = 200810/0200 
SLAT = 32.84 SLON = -96.85 SELV = 138.0
STIM = 14

SHOW = -0.14 LIFT = -0.39 SWET = 208.19 KINX = 35.45
LCLP = 773.33 PWAT = 41.47 TOTL = 45.36 CAPE = 602.92
LCLT = 286.64 CINS = -58.31 EQLV = 222.61 LFCT = 726.74
BRCH = 37.95

PRES TMPC TMWC DWPC THTE DRCT SKNT OMEG
CFRL HGHT
997.80 35.14 22.90 17.48 347.48 175.03 8.97 0.00
0.00 147.11
994.80 35.04 22.81 17.39 347.56 174.96 13.27 0.10
0.00 174.48
989.30 34.64 22.63 17.28 347.61 175.82 15.97 0.10
0.00 224.85
979.90 33.94 22.30 17.10 347.69 177.22 20.03 0.10
0.00 311.42
965.90 32.84 21.80 16.84 347.79 178.51 22.34 0.10
0.00 441.52
948.00 31.24 21.10 16.50 347.71 179.52 23.12 0.20
0.00 609.89
926.60 29.34 20.23 16.04 347.54 180.95 23.31 0.20
0.00 814.22
903.20 27.24 19.24 15.48 347.25 183.42 22.77 0.20
0.00 1041.60
877.80 24.94 18.12 14.85 346.95 188.95 21.23 0.20
0.00 1293.30
849.50 22.44 16.89 14.17 346.86 197.65 17.93 0.10
0.00 1580.13
818.20 19.64 15.28 13.05 345.98 202.07 15.50 0.10
0.00 1905.72
783.90 16.44 12.99 11.07 343.40 202.99 13.93 0.10
0.00 2273.19
746.70 12.84 10.53 9.13 341.33 209.51 11.83 0.10
0.00 2685.28
706.70 9.54 6.96 5.12 336.83 228.58 8.80 0.00
0.00 3145.96
663.70 7.74 1.87 -4.21 329.65 247.62 3.57 0.10
0.00 3665.66
617.90 4.24 -1.74 -9.44 328.50 63.43 2.18 0.20
0.00 4251.19
569.70 0.14 -5.88 -16.15 327.60 54.46 5.01 0.30
0.00 4906.75
523.00 -2.36 -9.46 -28.06 328.62 61.70 2.87 0.30
0.00 5588.36
481.00 -6.06 -12.52 -33.78 331.00 249.86 6.22 0.20
0.00 6247.61
443.30 -10.86 -15.81 -32.79 333.05 237.03 8.57 0.10
0.00 6880.19
409.50 -15.26 -19.36 -36.81 334.41 240.26 9.40 0.00
0.00 7484.17
378.80 -19.76 -22.67 -35.56 336.32 250.28 10.94 0.00
0.00 8067.46
351.20 -24.56 -26.42 -35.53 337.30 258.91 10.10 -0.10
0.00 8623.44
326.30 -28.96 -30.39 -39.53 337.80 257.59 9.95 -0.10
0.00 9153.96
303.90 -32.96 -34.14 -44.54 338.55 268.88 9.91 -0.10
0.00 9658.23
283.80 -36.36 -37.24 -46.38 340.23 277.28 9.21 -0.10
0.00 10135.99
265.70 -39.26 -40.02 -49.95 342.21 300.53 8.80 -0.10
0.00 10590.03
248.80 -42.36 -43.02 -54.84 343.82 302.13 9.87 -0.10
0.00 11037.00
233.60 -45.46 -45.95 -56.32 345.33 304.62 9.91 0.00
0.00 11460.03
219.60 -48.16 -48.58 -60.55 347.18 308.66 9.95 0.00
0.00 11869.51
205.70 -51.16 -51.53 -67.88 348.88 317.94 10.72 0.00
0.00 12297.28
191.70 -54.36 -54.62 -68.39 350.84 315.00 11.54 0.10
0.00 12752.01
177.80 -57.56 -57.76 -73.70 353.18 318.22 12.24 0.10
0.00 13230.55
163.80 -60.76 -60.90 -74.24 356.19 321.95 11.34 0.10
0.00 13744.27
149.80 -63.76 -63.86 -74.84 360.24 324.21 10.30 0.10
0.00 14295.80
135.90 -66.16 -9999.00 -9999.00 -9999.00 329.26 8.35 0.10
0.00 14889.25
121.90 -68.56 -9999.00 -9999.00 -9999.00 354.81 4.29 0.00
0.00 15544.15
108.00 -70.46 -9999.00 -9999.00 -9999.00 29.36 3.57 0.00
0.00 16265.82
94.00 -68.96 -9999.00 -9999.00 -9999.00 220.60 1.79 0.00
0.00 17092.59
81.00 -67.06 -9999.00 -9999.00 -9999.00 321.34 2.49 0.00
0.00 17986.37
70.60 -65.96 -9999.00 -9999.00 -9999.00 35.31 5.71 0.00
0.00 18817.57
62.20 -64.56 -9999.00 -9999.00 -9999.00 41.35 12.94 0.00
0.00 19588.42
54.30 -63.06 -9999.00 -9999.00 -9999.00 62.92 19.19 0.00
0.00 20420.74
46.90 -61.46 -9999.00 -9999.00 -9999.00 70.38 20.82 0.00
0.00 21325.13
40.10 -58.26 -9999.00 -9999.00 -9999.00 69.18 25.14 0.00
0.00 22303.09
33.80 -54.46 -9999.00 -9999.00 -9999.00 80.54 28.36 0.00
0.00 23387.68
27.80 -51.36 -9999.00 -9999.00 -9999.00 82.68 28.98 0.00
0.00 24647.53
22.30 -48.56 -9999.00 -9999.00 -9999.00 79.90 34.32 0.00
0.00 26087.74
17.10 -46.26 -9999.00 -9999.00 -9999.00 79.07 39.96 0.00
0.00 27842.15
12.30 -42.76 -50.56 -89.89 809.61 76.34 43.59 0.00
0.00 30047.23

STID = KDAL STNM = 722583 TIME = 200810/0300 
SLAT = 32.84 SLON = -96.85 SELV = 138.0
STIM = 15

SHOW = 0.06 LIFT = -1.10 SWET = 204.36 KINX = 33.46
LCLP = 815.94 PWAT = 41.34 TOTL = 45.15 CAPE = 985.35
LCLT = 289.35 CINS = -128.52 EQLV = 202.96 LFCT = 738.00
BRCH = 32.71

PRES TMPC TMWC DWPC THTE DRCT SKNT OMEG
CFRL HGHT
998.00 33.34 23.49 19.41 350.37 171.87 9.62 0.00
0.00 147.06
995.00 33.14 23.41 19.37 350.47 172.36 16.06 0.10
0.00 174.30
989.50 32.64 23.21 19.29 350.47 172.44 19.21 0.10
0.00 224.38
980.00 31.84 22.88 19.15 350.56 173.40 23.66 0.10
0.00 311.36
966.00 30.94 22.34 18.71 350.39 175.07 27.10 0.10
0.00 440.73
948.00 30.14 21.48 17.71 349.49 177.60 27.80 0.10
0.00 609.34
926.60 28.74 20.50 16.80 348.73 181.85 24.11 0.00
0.00 813.19
903.20 26.94 19.33 15.79 347.66 187.19 21.74 0.00
0.00 1040.29
877.80 24.74 18.10 14.92 346.88 194.04 20.03 0.00
0.00 1291.81
849.50 22.34 16.72 13.93 346.16 200.85 17.46 0.00
0.00 1578.48
818.20 19.64 14.86 12.34 344.35 204.88 14.78 0.00
0.00 1903.94
784.00 16.64 12.53 10.17 341.73 209.74 12.53 0.00
0.00 2270.32
746.80 13.14 10.06 8.13 339.71 229.51 10.47 0.00
0.00 2682.55
706.70 10.04 6.51 3.88 335.43 252.03 7.56 0.00
0.00 3144.83
663.80 8.14 1.65 -5.39 328.97 270.00 1.17 0.00
0.00 3663.94
618.00 4.44 -1.85 -10.17 328.18 90.00 4.66 0.10
0.00 4249.92
569.70 0.44 -5.85 -16.79 327.64 86.42 6.24 0.10
0.00 4907.32
523.00 -2.26 -9.44 -28.51 328.63 98.75 2.56 0.10
0.00 5589.41
481.00 -6.26 -12.65 -33.78 330.75 255.96 5.61 0.00
0.00 6248.54
443.40 -11.06 -15.93 -32.60 332.81 241.50 7.73 0.00
0.00 6878.89
409.50 -15.46 -19.51 -37.06 334.12 242.30 8.78 0.00
0.00 7484.12
378.80 -19.96 -22.74 -34.77 336.20 260.91 9.83 0.00
0.00 8066.96
351.20 -24.56 -26.40 -35.34 337.34 273.58 9.34 0.00
0.00 8622.73
326.30 -29.06 -30.41 -38.80 337.78 283.76 9.79 0.10
0.00 9153.15
303.90 -32.96 -34.10 -43.80 338.63 285.26 11.07 0.10
0.00 9657.32
283.80 -36.16 -37.06 -46.38 340.52 289.06 11.31 0.10
0.00 10135.29
265.70 -39.16 -39.88 -48.85 342.44 303.69 10.51 0.00
0.00 10589.61
248.80 -42.36 -43.00 -53.96 343.87 303.98 10.78 0.00
0.00 11036.69
233.60 -45.36 -45.90 -58.63 345.39 303.69 10.51 0.00
0.00 11459.81
219.60 -48.06 -48.51 -62.27 347.29 309.37 9.79 -0.10
0.00 11869.46
205.70 -51.06 -51.43 -67.88 349.04 310.97 9.77 -0.10
0.00 12297.42
191.70 -54.16 -54.43 -68.39 351.16 309.43 11.32 -0.10
0.00 12752.46
177.80 -57.46 -57.67 -73.70 353.34 316.43 10.99 -0.10
0.00 13231.33
163.80 -60.66 -60.80 -74.24 356.36 321.71 9.40 -0.10
0.00 13745.29
149.80 -63.56 -63.66 -74.84 360.58 323.13 8.74 0.00
0.00 14297.22
135.90 -66.06 -9999.00 -9999.00 -9999.00 334.06 7.98 0.00
0.00 14891.09
121.90 -68.76 -9999.00 -9999.00 -9999.00 347.74 4.56 0.00
0.00 15545.83
108.00 -70.56 -9999.00 -9999.00 -9999.00 351.87 4.12 0.00
0.00 16266.97
94.00 -69.06 -9999.00 -9999.00 -9999.00 273.58 3.11 0.00
0.00 17093.33
81.00 -67.66 -9999.00 -9999.00 -9999.00 350.54 2.37 0.00
0.00 17985.59
70.60 -66.96 -9999.00 -9999.00 -9999.00 48.65 6.47 0.00
0.00 18813.57
62.20 -65.66 -9999.00 -9999.00 -9999.00 49.90 14.47 0.00
0.00 19580.52
54.30 -64.16 -9999.00 -9999.00 -9999.00 67.30 20.63 0.00
0.00 20408.48
46.90 -61.66 -9999.00 -9999.00 -9999.00 68.89 21.04 0.00
0.00 21310.08
40.10 -56.96 -9999.00 -9999.00 -9999.00 70.02 27.29 0.00
0.00 22290.56
33.80 -53.76 -9999.00 -9999.00 -9999.00 81.11 28.90 0.00
0.00 23380.15
27.80 -50.96 -9999.00 -9999.00 -9999.00 79.66 29.22 0.00
0.00 24643.15
22.30 -49.06 -9999.00 -9999.00 -9999.00 76.43 34.77 0.00
0.00 26083.04
17.10 -46.26 -9999.00 -9999.00 -9999.00 77.92 39.92 0.00
0.00 27835.50
12.30 -42.56 -50.46 -89.89 810.31 76.08 45.22 0.00
0.00 30041.55

STID = KDAL STNM = 722583 TIME = 200810/0400 
SLAT = 32.84 SLON = -96.85 SELV = 138.0
STIM = 16

SHOW = -0.19 LIFT = -1.26 SWET = 209.76 KINX = 33.79
LCLP = 837.56 PWAT = 41.56 TOTL = 45.38 CAPE = 1125.42
LCLT = 290.47 CINS = -136.45 EQLV = 195.62 LFCT = 742.66
BRCH = 30.95

PRES TMPC TMWC DWPC THTE DRCT SKNT OMEG
CFRL HGHT
998.10 32.24 23.63 20.13 351.07 177.56 9.13 0.00
0.00 147.03
995.10 32.14 23.55 20.06 351.20 178.62 16.12 0.00
0.00 174.18
989.60 31.74 23.37 19.96 351.27 178.83 19.04 0.00
0.00 224.12
980.10 31.14 23.04 19.72 351.31 180.00 26.42 0.00
0.00 310.90
966.20 30.64 22.54 19.18 351.31 181.47 30.32 -0.10
0.00 439.15
948.20 29.84 21.60 18.05 350.01 182.83 31.51 -0.10
0.00 607.59
926.70 28.44 20.39 16.76 348.25 185.83 26.75 -0.10
0.00 812.18
903.30 26.74 19.29 15.83 347.50 189.22 23.02 -0.10
0.00 1039.06
878.00 24.54 18.16 15.13 347.12 196.39 20.65 -0.20
0.00 1289.40
849.60 22.14 16.84 14.24 346.64 202.80 18.55 -0.20
0.00 1576.87
818.30 19.54 14.81 12.30 344.13 205.62 15.73 -0.20
0.00 1902.15
784.00 16.54 12.35 9.90 341.06 213.44 12.33 -0.20
0.00 2269.42
746.90 13.24 10.00 7.95 339.48 237.62 9.42 -0.20
0.00 2680.48
706.80 9.94 6.59 4.10 335.64 263.88 5.48 0.00
0.00 3142.70
663.80 8.24 1.53 -5.87 328.66 71.57 1.22 0.10
0.00 3662.98
618.00 4.54 -1.92 -10.58 328.00 101.31 6.93 0.20
0.00 4249.12
569.80 0.64 -5.82 -17.19 327.66 104.83 6.84 0.10
0.00 4905.44
523.10 -2.16 -9.39 -28.66 328.70 116.57 2.60 0.00
0.00 5587.76
481.00 -6.46 -12.70 -32.72 330.69 267.61 4.66 -0.10
0.00 6248.28
443.40 -11.16 -15.98 -32.41 332.72 241.82 6.18 -0.10
0.00 6878.29
409.50 -15.56 -19.65 -38.13 333.84 240.26 7.83 -0.10
0.00 7483.28
378.80 -20.06 -22.82 -34.77 336.06 265.82 7.98 0.00
0.00 8065.88
351.20 -24.66 -26.40 -34.62 337.35 279.93 7.89 0.00
0.00 8621.43
326.30 -29.06 -30.32 -37.89 337.93 286.26 9.71 0.00
0.00 9151.76
303.90 -32.96 -34.12 -44.16 338.59 283.13 11.97 0.00
0.00 9655.94
283.80 -36.26 -37.20 -47.28 340.29 288.14 11.85 0.00
0.00 10133.80
265.70 -39.36 -39.99 -47.41 342.26 298.44 10.61 0.10
0.00 10587.84
248.80 -42.46 -43.06 -53.16 343.76 300.11 11.23 0.10
0.00 11034.63
233.60 -45.46 -46.02 -60.07 345.20 300.11 11.23 0.00
0.00 11457.56
219.60 -48.16 -48.63 -64.44 347.09 301.89 10.30 0.00
0.00 11867.03
205.70 -51.16 -51.53 -67.88 348.88 300.02 10.10 0.00
0.00 12294.81
191.70 -54.36 -54.62 -68.39 350.84 302.01 10.99 0.00
0.00 12749.53
177.80 -57.36 -57.57 -73.70 353.51 307.09 9.98 0.00
0.00 13228.30
163.80 -60.36 -60.51 -74.24 356.86 306.12 8.90 0.10
0.00 13742.73
149.80 -62.86 -62.97 -74.84 361.78 308.66 8.70 0.00
0.00 14295.97
135.90 -65.46 -9999.00 -9999.00 -9999.00 321.58 7.19 0.00
0.00 14891.70
121.90 -68.56 -9999.00 -9999.00 -9999.00 324.78 4.04 0.00
0.00 15547.70
108.00 -70.66 -9999.00 -9999.00 -9999.00 334.54 4.53 0.00
0.00 16269.03
94.00 -69.76 -9999.00 -9999.00 -9999.00 310.10 4.82 0.00
0.00 17093.76
81.00 -68.46 -9999.00 -9999.00 -9999.00 354.29 5.85 0.00
0.00 17982.75
70.60 -67.26 -9999.00 -9999.00 -9999.00 35.71 7.65 0.00
0.00 18808.51
62.20 -65.56 -9999.00 -9999.00 -9999.00 57.99 16.49 0.00
0.00 19575.10
54.30 -64.46 -9999.00 -9999.00 -9999.00 74.42 20.98 0.00
0.00 20402.65
46.90 -60.96 -9999.00 -9999.00 -9999.00 71.19 18.67 0.00
0.00 21305.12
40.10 -56.26 -9999.00 -9999.00 -9999.00 75.96 24.83 0.00
0.00 22288.80
33.80 -53.76 -9999.00 -9999.00 -9999.00 76.81 25.54 0.00
0.00 23380.14
27.80 -51.86 -9999.00 -9999.00 -9999.00 73.63 28.94 0.00
0.00 24640.57
22.30 -49.86 -9999.00 -9999.00 -9999.00 75.17 34.17 0.00
0.00 26074.97
17.10 -46.16 -9999.00 -9999.00 -9999.00 79.74 43.63 0.00
0.00 27824.72
12.30 -43.66 -51.04 -89.89 806.44 82.58 46.62 0.00
0.00 30025.94

STID = KDAL STNM = 722583 TIME = 200810/0500 
SLAT = 32.84 SLON = -96.85 SELV = 138.0
STIM = 17

SHOW = -0.87 LIFT = -2.01 SWET = 218.15 KINX = 33.98
LCLP = 846.76 PWAT = 42.67 TOTL = 46.15 CAPE = 1379.16
LCLT = 291.05 CINS = -121.65 EQLV = 188.50 LFCT = 755.39
BRCH = 35.92

PRES TMPC TMWC DWPC THTE DRCT SKNT OMEG
CFRL HGHT
998.50 31.94 23.81 20.56 351.90 180.00 10.10 0.00
0.00 147.02
995.50 31.84 23.74 20.50 352.06 180.67 16.71 0.00
0.00 174.14
990.00 31.44 23.56 20.40 352.12 180.57 19.62 0.00
0.00 224.03
980.50 30.94 23.30 20.23 352.48 181.24 27.00 -0.10
0.00 310.72
966.50 30.24 22.85 19.85 352.70 181.79 31.10 -0.20
0.00 439.76
948.50 29.24 22.11 19.16 352.33 183.03 33.06 -0.30
0.00 607.95
927.10 27.84 20.91 17.92 350.54 188.88 31.45 -0.40
0.00 811.23
903.60 26.44 19.43 16.22 348.08 194.66 26.11 -0.40
0.00 1038.74
878.20 24.34 18.25 15.37 347.44 198.43 22.11 -0.40
0.00 1289.82
849.80 21.84 17.17 14.93 347.95 205.23 18.69 -0.40
0.00 1577.05
818.50 19.14 15.12 13.05 345.32 208.11 16.08 -0.40
0.00 1901.97
784.20 16.44 12.46 10.16 341.43 217.63 11.77 -0.30
0.00 2268.92
747.00 13.14 10.13 8.25 339.91 241.39 7.30 -0.10
0.00 2680.91
706.90 9.94 6.48 3.90 335.31 282.09 2.78 0.10
0.00 3142.99
663.90 8.44 1.31 -6.86 328.02 79.38 3.17 0.20
0.00 3663.32
618.10 4.64 -1.98 -10.99 327.82 108.43 7.98 0.20
0.00 4249.63
569.90 0.94 -5.75 -17.67 327.78 117.30 6.78 0.10
0.00 4906.28
523.10 -2.36 -9.50 -28.51 328.49 131.63 2.33 0.00
0.00 5590.11
481.10 -6.66 -12.70 -31.21 330.71 280.30 4.35 0.00
0.00 6248.52
443.40 -11.26 -16.04 -32.41 332.60 240.52 5.13 0.00
0.00 6879.79
409.50 -15.56 -19.69 -38.70 333.76 235.89 7.26 0.00
0.00 7484.66
378.80 -20.06 -22.80 -34.58 336.10 263.09 6.45 0.00
0.00 8067.27
351.20 -24.66 -26.34 -34.11 337.46 273.47 6.43 0.00
0.00 8622.82
326.40 -29.16 -30.42 -38.10 337.72 275.39 10.33 0.00
0.00 9150.83
303.90 -33.06 -34.18 -43.80 338.49 278.53 11.79 0.00
0.00 9656.98
283.80 -36.26 -37.26 -48.80 340.17 279.82 10.26 0.00
0.00 10134.74
265.70 -39.36 -40.01 -47.87 342.22 287.70 9.58 0.00
0.00 10588.77
248.80 -42.46 -43.09 -53.96 343.72 293.96 11.48 0.00
0.00 11035.56
233.60 -45.46 -46.02 -60.07 345.20 296.10 10.61 0.00
0.00 11458.49
219.60 -48.16 -48.63 -64.44 347.09 292.01 9.85 0.00
0.00 11867.96
205.70 -51.06 -51.43 -67.88 349.04 288.43 10.45 0.10
0.00 12295.83
191.70 -54.16 -54.43 -68.39 351.16 293.86 11.05 0.10
0.00 12750.86
177.80 -57.06 -57.28 -73.70 354.00 297.05 10.26 0.10
0.00 13230.18
163.80 -59.96 -60.12 -74.24 357.53 300.02 10.10 0.00
0.00 13745.45
149.80 -62.66 -62.78 -74.84 362.13 304.90 10.18 0.00
0.00 14299.47
135.90 -65.56 -9999.00 -9999.00 -9999.00 317.05 7.69 0.00
0.00 14895.34
121.90 -68.76 -9999.00 -9999.00 -9999.00 315.00 4.66 0.00
0.00 15550.87
108.00 -70.66 -9999.00 -9999.00 -9999.00 323.84 6.25 0.00
0.00 16271.84
94.00 -69.66 -9999.00 -9999.00 -9999.00 326.73 7.44 0.00
0.00 17096.78
81.00 -68.46 -9999.00 -9999.00 -9999.00 10.71 7.32 0.00
0.00 17985.98
70.60 -66.86 -9999.00 -9999.00 -9999.00 55.01 9.48 0.00
0.00 18812.55
62.20 -65.16 -9999.00 -9999.00 -9999.00 73.64 18.63 0.00
0.00 19580.62
54.30 -63.66 -9999.00 -9999.00 -9999.00 83.33 18.38 0.00
0.00 20410.56
46.90 -59.86 -9999.00 -9999.00 -9999.00 76.25 18.80 0.00
0.00 21317.10
40.10 -56.86 -9999.00 -9999.00 -9999.00 82.38 24.88 0.00
0.00 22301.93
33.80 -54.36 -9999.00 -9999.00 -9999.00 74.71 27.99 0.00
0.00 23390.27
27.80 -52.86 -9999.00 -9999.00 -9999.00 72.09 33.49 0.00
0.00 24646.12
22.30 -51.16 -9999.00 -9999.00 -9999.00 75.17 37.18 0.00
0.00 26073.10
17.10 -46.46 -9999.00 -9999.00 -9999.00 83.04 41.69 0.00
0.00 27816.63
12.30 -43.36 -50.88 -89.89 807.50 85.33 40.54 0.00
0.00 30017.85

STID = KDAL STNM = 722583 TIME = 200810/0600 
SLAT = 32.84 SLON = -96.85 SELV = 138.0
STIM = 18

SHOW = -1.12 LIFT = -1.81 SWET = 220.53 KINX = 31.84
LCLP = 857.86 PWAT = 42.32 TOTL = 46.60 CAPE = 1060.41
LCLT = 291.38 CINS = -147.13 EQLV = 203.78 LFCT = 741.69
BRCH = 21.79

PRES TMPC TMWC DWPC THTE DRCT SKNT OMEG
CFRL HGHT
998.40 31.14 23.67 20.68 351.30 181.91 11.65 0.00
0.00 147.00
995.40 31.04 23.58 20.59 351.37 182.29 19.44 0.00
0.00 174.05
989.90 30.54 23.36 20.47 351.26 182.43 22.94 0.00
0.00 223.80
980.40 29.84 22.98 20.19 351.05 183.01 29.56 0.00
0.00 310.22
966.40 28.84 22.39 19.73 350.67 184.22 34.29 -0.10
0.00 438.74
948.40 28.24 21.32 18.33 348.81 186.31 37.14 -0.20
0.00 606.24
926.90 27.04 20.50 17.63 348.82 190.25 34.95 -0.40
0.00 809.83
903.50 25.54 19.71 17.11 349.33 195.58 29.64 -0.40
0.00 1035.81
878.20 23.94 18.46 15.92 348.35 205.52 23.89 -0.40
0.00 1285.46
849.70 21.64 17.12 14.95 347.77 211.16 19.52 -0.40
0.00 1573.46
818.40 18.84 15.30 13.50 346.04 211.85 15.09 -0.30
0.00 1898.18
784.10 16.24 12.51 10.36 341.62 224.17 9.48 -0.20
0.00 2264.92
746.90 13.04 10.08 8.23 339.76 254.05 4.23 0.00
0.00 2676.76
706.80 10.54 5.92 2.23 333.58 18.43 1.22 0.20
0.00 3139.20
663.90 8.94 0.97 -8.87 327.02 96.12 5.48 0.20
0.00 3659.16
618.10 4.84 -2.02 -11.52 327.70 122.38 9.42 0.20
0.00 4246.09
569.90 1.04 -5.81 -18.25 327.63 135.97 8.10 0.00
0.00 4903.06
523.10 -2.56 -9.59 -28.21 328.32 152.24 4.18 -0.10
0.00 5586.75
481.10 -7.06 -12.85 -30.19 330.43 270.00 3.11 -0.20
0.00 6244.45
443.40 -11.56 -16.21 -32.06 332.29 229.90 4.82 -0.20
0.00 6874.90
409.50 -15.76 -19.78 -37.85 333.62 230.19 7.60 -0.20
0.00 7479.20
378.80 -20.26 -22.98 -34.96 335.76 254.74 6.64 -0.20
0.00 8061.35
351.20 -24.86 -26.50 -34.11 337.19 265.10 6.82 -0.20
0.00 8616.46
326.40 -29.26 -30.47 -37.67 337.66 271.91 11.65 -0.10
0.00 9144.15
304.00 -33.36 -34.33 -42.15 338.23 280.06 12.24 -0.10
0.00 9647.55
283.80 -36.36 -37.40 -49.97 339.95 277.85 11.36 0.00
0.00 10127.21
265.70 -39.46 -40.15 -48.85 342.00 281.31 10.90 0.00
0.00 10581.04
248.80 -42.56 -43.18 -53.96 343.57 293.43 12.70 0.10
0.00 11027.64
233.60 -45.36 -45.92 -60.07 345.35 291.61 11.07 0.10
0.00 11450.57
219.60 -47.86 -48.35 -64.44 347.56 285.00 11.27 0.10
0.00 11860.40
205.70 -50.86 -51.24 -67.88 349.35 285.57 12.30 0.10
0.00 12288.75
191.70 -53.86 -54.14 -68.39 351.65 291.10 11.87 0.10
0.00 12744.30
177.80 -56.86 -57.08 -73.70 354.33 295.68 11.21 0.00
0.00 13224.17
163.80 -59.86 -60.02 -74.24 357.70 302.11 11.69 0.00
0.00 13739.80
149.80 -63.06 -63.17 -74.84 361.44 309.81 10.63 -0.10
0.00 14293.43
135.90 -65.96 -9999.00 -9999.00 -9999.00 320.19 7.60 -0.10
0.00 14888.16
121.90 -68.96 -9999.00 -9999.00 -9999.00 317.29 6.88 0.00
0.00 15542.74
108.00 -70.66 -9999.00 -9999.00 -9999.00 320.19 9.11 0.00
0.00 16263.35
94.00 -69.26 -9999.00 -9999.00 -9999.00 333.43 5.65 0.00
0.00 17089.10
81.00 -67.86 -9999.00 -9999.00 -9999.00 57.38 5.77 0.00
0.00 17980.48
70.60 -66.66 -9999.00 -9999.00 -9999.00 67.22 10.53 0.00
0.00 18808.67
62.20 -65.26 -9999.00 -9999.00 -9999.00 82.06 16.86 0.00
0.00 19576.92
54.30 -62.66 -9999.00 -9999.00 -9999.00 87.77 14.98 0.00
0.00 20408.65
46.90 -58.66 -9999.00 -9999.00 -9999.00 74.28 20.78 0.00
0.00 21319.90
40.10 -56.86 -9999.00 -9999.00 -9999.00 80.40 26.79 0.00
0.00 22307.49
33.80 -54.66 -9999.00 -9999.00 -9999.00 74.97 29.97 0.00
0.00 23395.08
27.80 -52.96 -9999.00 -9999.00 -9999.00 72.49 34.23 0.00
0.00 24649.78
22.30 -51.56 -9999.00 -9999.00 -9999.00 74.64 36.65 0.00
0.00 26075.15
17.10 -47.36 -9999.00 -9999.00 -9999.00 82.48 38.60 0.00
0.00 27813.63
12.30 -43.76 -51.10 -89.89 806.09 84.15 40.03 0.00
0.00 30008.58

STID = KDAL STNM = 722583 TIME = 200810/0700 
SLAT = 32.84 SLON = -96.85 SELV = 138.0
STIM = 19

SHOW = -0.97 LIFT = -1.27 SWET = 216.34 KINX = 29.46
LCLP = 864.15 PWAT = 40.74 TOTL = 46.74 CAPE = 761.61
LCLT = 291.01 CINS = -238.20 EQLV = 224.42 LFCT = 625.15
BRCH = 17.22

PRES TMPC TMWC DWPC THTE DRCT SKNT OMEG
CFRL HGHT
998.60 30.14 23.10 20.19 348.65 185.81 11.52 0.00
0.00 146.97
995.60 29.94 22.99 20.12 348.66 186.91 19.37 0.00
0.00 173.91
990.10 29.54 22.80 20.01 348.69 186.82 22.88 0.00
0.00 223.47
980.60 28.74 22.43 19.79 348.54 187.91 28.24 0.00
0.00 309.55
966.60 27.74 21.87 19.39 348.34 190.22 33.95 -0.10
0.00 437.55
948.70 27.24 20.88 18.08 346.89 193.46 37.55 -0.20
0.00 603.46
927.20 26.94 19.68 16.29 345.21 200.19 36.01 -0.20
0.00 806.54
903.70 25.84 19.03 15.84 346.39 206.74 28.92 -0.30
0.00 1033.34
878.30 23.84 18.23 15.60 347.40 211.04 24.49 -0.40
0.00 1283.92
850.00 21.44 16.73 14.41 346.14 214.14 20.42 -0.40
0.00 1569.63
818.60 18.84 14.89 12.82 344.40 214.59 13.69 -0.30
0.00 1895.09
784.30 16.24 12.48 10.32 341.51 226.08 7.28 -0.20
0.00 2261.67
747.10 13.14 9.90 7.84 339.11 236.31 2.10 0.00
0.00 2673.44
707.00 11.04 5.39 0.57 331.93 90.00 2.33 0.10
0.00 3136.10
664.10 9.14 0.79 -9.90 326.49 116.57 6.95 0.00
0.00 3656.41
618.30 4.84 -2.13 -11.96 327.38 138.81 10.33 -0.10
0.00 4243.31
570.00 0.64 -5.90 -17.60 327.43 154.54 9.03 -0.20
0.00 4901.00
523.20 -3.06 -9.77 -27.06 327.98 165.47 5.42 -0.20
0.00 5583.48
481.20 -7.46 -13.09 -30.02 329.95 265.24 2.33 -0.10
0.00 6239.95
443.50 -11.96 -16.44 -31.71 331.83 235.62 4.47 0.00
0.00 6869.32
409.60 -16.06 -19.88 -36.32 333.43 236.73 7.44 0.00
0.00 7472.67
378.90 -20.36 -22.98 -34.21 335.75 258.41 7.73 0.00
0.00 8054.24
351.20 -24.96 -26.57 -34.11 337.05 264.05 9.38 0.00
0.00 8611.07
326.40 -29.56 -30.67 -37.25 337.32 273.47 12.84 0.00
0.00 9138.33
304.00 -33.46 -34.39 -41.85 338.12 278.62 12.98 0.00
0.00 9641.33
283.80 -36.16 -37.24 -50.62 340.19 277.54 13.33 0.00
0.00 10121.09
265.70 -39.36 -40.13 -50.54 342.02 275.44 12.30 0.10
0.00 10575.20
248.80 -42.46 -43.11 -54.84 343.68 285.04 13.48 0.10
0.00 11021.99
233.60 -45.06 -45.65 -60.07 345.81 282.93 12.16 0.00
0.00 11445.29
219.60 -47.76 -48.23 -62.27 347.76 281.66 12.49 0.00
0.00 11855.48
205.70 -50.76 -51.12 -64.93 349.55 286.78 12.78 0.00
0.00 12284.02
191.70 -53.86 -54.14 -68.39 351.65 291.25 11.25 0.00
0.00 12739.68
177.80 -56.86 -57.08 -73.70 354.33 295.60 10.33 0.00
0.00 13219.54
163.80 -59.96 -60.12 -74.24 357.53 306.47 11.11 0.00
0.00 13735.06
149.80 -63.26 -63.37 -74.84 361.10 316.33 11.81 0.00
0.00 14288.29
135.90 -66.26 -9999.00 -9999.00 -9999.00 323.57 10.14 0.00
0.00 14882.31
121.90 -69.26 -9999.00 -9999.00 -9999.00 322.03 10.10 0.00
0.00 15535.93
108.00 -70.66 -9999.00 -9999.00 -9999.00 318.81 10.33 0.00
0.00 16256.01
94.00 -68.66 -9999.00 -9999.00 -9999.00 336.80 2.95 0.00
0.00 17082.99
81.00 -67.46 -9999.00 -9999.00 -9999.00 72.76 5.91 0.00
0.00 17976.55
70.60 -66.26 -9999.00 -9999.00 -9999.00 64.70 11.81 0.00
0.00 18806.34
62.20 -65.46 -9999.00 -9999.00 -9999.00 84.94 15.40 0.00
0.00 19574.96
54.30 -62.56 -9999.00 -9999.00 -9999.00 79.00 14.24 0.00
0.00 20406.49
46.90 -59.06 -9999.00 -9999.00 -9999.00 77.80 22.07 0.00
0.00 21317.10
40.10 -57.36 -9999.00 -9999.00 -9999.00 81.45 26.13 0.00
0.00 22302.62
33.80 -55.16 -9999.00 -9999.00 -9999.00 80.72 30.11 0.00
0.00 23387.71
27.80 -52.96 -9999.00 -9999.00 -9999.00 77.36 32.85 0.00
0.00 24640.98
22.30 -50.76 -9999.00 -9999.00 -9999.00 74.10 37.57 0.00
0.00 26068.94
17.10 -47.76 -9999.00 -9999.00 -9999.00 77.16 38.46 0.00
0.00 27808.96
12.30 -44.06 -51.26 -89.89 805.04 80.30 39.22 0.00
0.00 30000.54

STID = KDAL STNM = 722583 TIME = 200810/0800 
SLAT = 32.84 SLON = -96.85 SELV = 138.0
STIM = 20

SHOW = -0.60 LIFT = -1.01 SWET = 203.05 KINX = 27.62
LCLP = 874.40 PWAT = 39.48 TOTL = 46.55 CAPE = 661.94
LCLT = 291.15 CINS = -279.10 EQLV = 233.69 LFCT = 624.04
BRCH = 17.86

PRES TMPC TMWC DWPC THTE DRCT SKNT OMEG
CFRL HGHT
998.40 29.24 22.81 20.13 347.43 189.13 11.01 0.00
0.00 146.94
995.40 29.14 22.74 20.07 347.59 189.76 18.34 0.00
0.00 173.81
989.90 28.64 22.52 19.96 347.50 190.30 21.72 0.00
0.00 223.24
980.40 27.94 22.18 19.75 347.50 191.55 27.16 0.00
0.00 309.10
966.40 26.94 21.62 19.35 347.30 193.95 32.23 -0.10
0.00 436.78
948.40 26.44 20.70 18.16 346.19 198.53 35.45 -0.20
0.00 603.22
927.00 26.44 19.37 16.02 343.98 208.30 34.42 -0.20
0.00 804.96
903.60 25.44 18.26 14.72 343.24 215.31 28.57 -0.20
0.00 1030.42
878.20 23.54 17.36 14.28 343.86 215.54 23.39 -0.20
0.00 1280.59
849.80 21.34 16.29 13.73 344.43 211.94 17.62 -0.20
0.00 1567.03
818.50 19.04 14.52 12.10 343.04 209.25 11.13 -0.10
0.00 1891.46
784.20 16.34 12.39 10.10 341.19 203.75 5.30 0.00
0.00 2258.20
747.00 13.24 9.61 7.24 338.15 158.96 2.70 0.00
0.00 2670.11
707.00 11.34 4.98 -0.73 330.71 119.74 4.70 0.00
0.00 3131.85
664.10 9.04 0.69 -10.13 326.22 132.36 8.94 -0.10
0.00 3652.26
618.20 4.54 -2.36 -12.26 326.85 154.75 11.38 -0.10
0.00 4240.04
570.00 0.14 -6.00 -16.72 327.26 175.03 8.97 -0.20
0.00 4895.48
523.20 -3.46 -9.95 -26.53 327.63 198.43 4.91 -0.10
0.00 5576.87
481.10 -7.66 -13.21 -30.03 329.72 281.31 2.97 -0.10
0.00 6234.24
443.50 -12.06 -16.52 -31.88 331.66 245.56 4.70 -0.10
0.00 6861.65
409.60 -16.06 -19.72 -34.37 333.76 247.01 6.95 0.00
0.00 7464.90
378.90 -20.46 -22.87 -32.52 335.99 261.47 7.85 0.00
0.00 8046.38
351.20 -25.06 -26.63 -33.94 336.96 264.61 10.33 0.00
0.00 8603.01
326.40 -29.76 -30.81 -37.04 337.08 270.00 11.46 0.00
0.00 9129.96
304.00 -33.46 -34.46 -42.78 338.01 275.62 11.91 0.00
0.00 9632.74
283.80 -36.16 -37.22 -49.97 340.24 276.15 12.70 0.10
0.00 10112.50
265.70 -39.16 -40.02 -52.61 342.19 268.26 12.82 0.10
0.00 10566.80
248.80 -42.26 -42.95 -55.81 343.93 279.83 14.78 0.10
0.00 11013.97
233.60 -44.96 -45.55 -60.07 345.96 281.77 14.28 0.10
0.00 11437.54
219.60 -47.86 -48.32 -62.27 347.60 280.82 13.44 0.00
0.00 11847.74
205.70 -50.86 -51.24 -67.88 349.35 284.47 12.43 0.00
0.00 12276.08
191.70 -53.66 -53.97 -73.19 351.92 285.00 11.27 0.00
0.00 12731.84
177.80 -56.66 -56.89 -73.70 354.65 290.77 12.04 0.00
0.00 13212.15
163.80 -59.96 -60.12 -74.24 357.53 304.59 13.69 -0.10
0.00 13727.90
149.80 -63.56 -63.66 -74.84 360.58 316.15 13.73 -0.10
0.00 14280.75
135.90 -66.76 -66.83 -75.48 365.09 320.57 11.32 -0.10
0.00 14873.63
121.90 -69.76 -9999.00 -9999.00 -9999.00 316.68 9.34 0.00
0.00 15525.66
108.00 -71.16 -9999.00 -9999.00 -9999.00 313.32 9.34 0.00
0.00 16243.97
94.00 -69.06 -9999.00 -9999.00 -9999.00 333.43 3.05 0.00
0.00 17069.11
81.00 -67.36 -9999.00 -9999.00 -9999.00 61.82 6.18 0.00
0.00 17962.02
70.60 -65.96 -9999.00 -9999.00 -9999.00 80.81 13.38 0.00
0.00 18792.61
62.20 -65.16 -9999.00 -9999.00 -9999.00 95.26 14.82 0.00
0.00 19562.35
54.30 -61.96 -9999.00 -9999.00 -9999.00 80.11 16.96 0.00
0.00 20395.67
46.90 -59.66 -9999.00 -9999.00 -9999.00 88.07 23.14 0.00
0.00 21306.28
40.10 -58.16 -9999.00 -9999.00 -9999.00 87.76 24.88 0.00
0.00 22288.59
33.80 -55.76 -9999.00 -9999.00 -9999.00 87.24 28.21 0.00
0.00 23370.18
27.80 -52.56 -9999.00 -9999.00 -9999.00 79.51 32.01 0.00
0.00 24622.88
22.30 -50.36 -9999.00 -9999.00 -9999.00 72.75 38.64 0.00
0.00 26053.41
17.10 -47.86 -9999.00 -9999.00 -9999.00 74.09 40.40 0.00
0.00 27794.61
12.30 -44.46 -9999.00 -9999.00 -9999.00 83.39 40.48 0.00
0.00 29983.77

STID = KDAL STNM = 722583 TIME = 200810/0900 
SLAT = 32.84 SLON = -96.85 SELV = 138.0
STIM = 21

SHOW = -0.11 LIFT = -0.90 SWET = 192.51 KINX = 29.34
LCLP = 884.25 PWAT = 39.53 TOTL = 46.22 CAPE = 612.49
LCLT = 291.40 CINS = -279.39 EQLV = 234.87 LFCT = 637.69
BRCH = 20.10

PRES TMPC TMWC DWPC THTE DRCT SKNT OMEG
CFRL HGHT
998.40 28.54 22.67 20.21 346.82 192.17 10.14 0.00
0.00 147.81
995.40 28.44 22.60 20.15 346.98 193.09 17.15 0.00
0.00 174.63
989.90 27.94 22.39 20.05 346.92 193.37 20.16 0.00
0.00 223.94
980.40 27.24 22.05 19.85 346.94 194.68 25.29 -0.10
0.00 309.60
966.40 26.34 21.54 19.48 346.94 197.27 30.11 -0.20
0.00 437.02
948.50 25.84 20.62 18.31 345.86 202.54 33.45 -0.30
0.00 602.21
927.00 26.24 19.24 15.90 343.46 210.41 31.08 -0.40
0.00 804.61
903.60 25.84 18.06 14.15 342.42 213.30 23.70 -0.40
0.00 1030.11
878.20 23.84 17.13 13.71 342.91 210.14 20.88 -0.40
0.00 1280.51
849.90 21.64 15.91 12.91 342.91 206.27 17.11 -0.40
0.00 1566.12
818.60 19.14 14.24 11.55 341.96 198.15 12.47 -0.40
0.00 1890.64
784.30 16.24 12.27 9.95 340.75 185.31 8.39 -0.40
0.00 2257.28
747.10 12.94 9.64 7.50 338.24 168.02 6.55 -0.30
0.00 2668.85
707.00 10.74 5.29 0.64 331.67 148.74 6.37 -0.30
0.00 3131.08
664.10 8.24 0.93 -7.82 326.97 144.90 8.78 -0.30
0.00 3650.37
618.30 4.04 -2.55 -12.01 326.40 170.13 9.07 -0.20
0.00 4235.57
570.00 -0.36 -6.19 -16.33 326.86 201.80 6.27 -0.10
0.00 4891.15
523.20 -3.56 -10.09 -27.34 327.30 257.47 3.57 0.00
0.00 5571.78
481.10 -7.76 -13.25 -29.71 329.66 308.66 3.73 0.10
0.00 6228.90
443.50 -11.86 -16.39 -31.88 331.92 248.63 4.80 0.10
0.00 6856.43
409.60 -15.86 -19.33 -31.87 334.53 248.50 6.90 0.10
0.00 7460.17
378.90 -20.46 -22.70 -31.19 336.31 251.15 8.41 0.10
0.00 8041.92
351.20 -25.16 -26.75 -34.28 336.75 250.87 10.08 0.10
0.00 8598.45
326.40 -29.76 -30.98 -38.79 336.78 250.56 10.51 0.10
0.00 9125.28
303.90 -33.26 -34.44 -45.34 338.05 265.99 11.09 0.10
0.00 9630.57
283.80 -36.06 -37.13 -49.97 340.38 267.44 13.03 0.00
0.00 10108.32
265.70 -38.96 -39.86 -53.41 342.44 263.91 14.65 0.00
0.00 10562.92
248.80 -42.26 -42.97 -56.89 343.89 277.13 15.66 0.00
0.00 11010.27
233.60 -45.16 -45.71 -58.63 345.70 283.16 15.37 0.00
0.00 11433.66
219.60 -47.76 -48.28 -67.41 347.66 284.42 14.04 0.00
0.00 11843.76
205.70 -50.76 -51.15 -67.88 349.51 289.65 14.43 0.00
0.00 12272.30
191.70 -53.86 -54.16 -73.19 351.60 293.50 14.61 -0.10
0.00 12727.95
177.80 -57.16 -57.38 -73.70 353.84 298.30 14.34 -0.10
0.00 13207.49
163.80 -60.56 -60.71 -74.24 356.52 304.99 14.22 -0.10
0.00 13721.92
149.80 -64.06 -64.15 -74.84 359.72 315.57 13.87 0.00
0.00 14273.33
135.90 -67.36 -67.42 -75.48 364.03 322.55 11.50 0.00
0.00 14864.64
121.90 -69.96 -9999.00 -9999.00 -9999.00 315.88 8.94 0.00
0.00 15515.40
108.00 -70.96 -9999.00 -9999.00 -9999.00 312.65 10.04 0.00
0.00 16233.71
94.00 -68.96 -9999.00 -9999.00 -9999.00 326.31 3.50 0.00
0.00 17059.46
81.00 -67.66 -9999.00 -9999.00 -9999.00 76.37 6.60 0.00
0.00 17951.93
70.60 -66.66 -9999.00 -9999.00 -9999.00 92.45 13.62 0.00
0.00 18780.51
62.20 -64.36 -9999.00 -9999.00 -9999.00 102.87 13.95 0.00
0.00 19550.43
54.30 -60.86 -9999.00 -9999.00 -9999.00 91.87 17.87 0.00
0.00 20387.53
46.90 -59.36 -9999.00 -9999.00 -9999.00 97.19 20.16 0.00
0.00 21301.14
40.10 -57.96 -9999.00 -9999.00 -9999.00 94.99 20.09 0.00
0.00 22284.60
33.80 -55.86 -9999.00 -9999.00 -9999.00 89.10 24.67 0.00
0.00 23366.44
27.80 -53.26 -9999.00 -9999.00 -9999.00 80.31 32.32 0.00
0.00 24616.85
22.30 -50.76 -9999.00 -9999.00 -9999.00 76.09 41.22 0.00
0.00 26043.84
17.10 -47.56 -9999.00 -9999.00 -9999.00 78.49 43.80 0.00
0.00 27784.64
12.30 -44.06 -9999.00 -9999.00 -9999.00 79.38 41.10 0.00
0.00 29977.18
STN YYMMDD/HHMM PMSL PRES SKTC STC1 SNFL WTNS
P01M C01M STC2 LCLD MCLD HCLD
SNRA UWND VWND R01M BFGR T2MS
Q2MS WXTS WXTP WXTZ WXTR USTM
VSTM HLCY SLLH WSYM CDBP VSBK
TD2M
722583 200809/1200 1017.60 1001.50 25.94 299.10 -9999.00 0.00
-9999.00 -9999.00 299.60 1.00 8.00 0.00
-9999.00 -0.80 1.60 -9999.00 -9999.00 25.84
17.40 0.00 0.00 0.00 0.00 -9.40
7.30 -9.60 -9999.00 999.00 -9999.00 20.00
22.43
722583 200809/1300 1017.90 1001.80 28.64 301.80 0.00 100.00
0.00 0.00 301.50 6.00 0.00 0.00
-9999.00 -0.30 3.40 -9999.00 -9999.00 27.04
17.85 0.00 0.00 0.00 0.00 -8.90
8.00 -20.90 -9999.00 999.00 -9999.00 20.00
22.85
722583 200809/1400 1018.00 1002.00 33.14 306.30 0.00 100.00
0.00 0.00 305.30 9.00 0.00 0.00
-9999.00 0.60 3.60 -9999.00 -9999.00 29.14
17.39 0.00 0.00 0.00 0.00 -8.50
7.90 -36.40 -9999.00 999.00 -9999.00 20.00
22.43
722583 200809/1500 1017.90 1001.90 37.44 310.60 0.00 100.00
0.00 0.00 309.20 5.00 0.00 0.00
-9999.00 1.00 3.70 -9999.00 -9999.00 31.24
16.22 0.00 0.00 0.00 0.00 -8.70
6.60 -40.90 -9999.00 999.00 -9999.00 20.00
21.32
722583 200809/1600 1017.80 1001.80 41.34 314.50 0.00 100.00
0.00 0.00 312.90 2.00 0.00 0.00
-9999.00 0.90 3.90 -9999.00 -9999.00 33.34
15.13 0.00 0.00 0.00 0.00 -8.80
5.20 -41.00 -9999.00 999.00 -9999.00 20.00
20.22
722583 200809/1700 1017.80 1001.90 44.24 317.40 0.00 100.00
0.00 0.00 315.80 2.00 0.00 0.00
-9999.00 0.90 3.90 -9999.00 -9999.00 34.94
14.62 0.00 0.00 0.00 0.00 -8.40
3.90 -37.10 -9999.00 999.00 -9999.00 20.00
19.68
722583 200809/1800 1017.60 1001.70 46.24 319.40 0.00 100.00
0.00 0.00 317.80 3.00 0.00 0.00
-9999.00 1.00 4.30 -9999.00 -9999.00 36.44
14.04 0.00 0.00 0.00 0.00 -7.80
3.80 -21.20 -9999.00 999.00 -9999.00 20.00
19.04
722583 200809/1900 1016.60 1000.70 47.24 320.40 0.00 100.00
0.00 0.00 319.00 5.00 0.00 0.00
-9999.00 0.90 4.50 -9999.00 -9999.00 37.44
13.56 0.00 0.00 0.00 0.00 -7.40
3.70 -10.50 -9999.00 999.00 -9999.00 20.00
18.48
722583 200809/2000 1015.00 999.20 47.34 320.50 0.00 100.00
0.00 0.00 319.40 4.00 0.00 0.00
-9999.00 0.70 4.80 -9999.00 -9999.00 38.04
13.35 0.00 0.00 0.00 0.00 -6.90
3.20 2.00 -9999.00 999.00 -9999.00 20.00
18.21
722583 200809/2100 1014.10 998.30 46.14 319.30 0.00 100.00
0.00 0.00 318.60 15.00 0.00 0.00
-9999.00 0.30 5.20 -9999.00 -9999.00 38.24
13.24 0.00 0.00 0.00 0.00 -6.50
2.60 13.70 -9999.00 999.00 -9999.00 20.00
18.07
722583 200809/2200 1014.30 998.40 44.54 317.70 0.00 100.00
0.00 0.00 317.40 13.00 0.00 0.00
-9999.00 0.50 5.30 -9999.00 -9999.00 38.24
13.18 0.00 0.00 0.00 0.00 -5.70
1.60 19.50 -9999.00 999.00 -9999.00 20.00
18.00
722583 200809/2300 1014.00 998.20 42.14 315.30 0.00 100.00
0.00 0.00 315.20 26.00 0.00 0.00
-9999.00 0.10 5.30 -9999.00 -9999.00 37.84
13.11 0.00 0.00 0.00 0.00 -5.10
0.60 28.40 -9999.00 999.00 -9999.00 20.00
17.91
722583 200810/0000 1014.00 998.20 39.14 312.30 0.00 100.00
0.00 0.00 312.70 20.00 0.00 0.00
-9999.00 -0.60 5.60 -9999.00 -9999.00 36.94
13.40 0.00 0.00 0.00 0.00 -5.20
0.50 48.10 -9999.00 999.00 -9999.00 20.00
18.26
722583 200810/0100 1013.80 997.90 35.94 309.10 0.00 100.00
0.00 0.00 309.80 26.00 0.00 0.00
-9999.00 -0.60 5.50 -9999.00 -9999.00 35.64
13.13 0.00 0.00 0.00 0.00 -5.60
1.10 61.30 -9999.00 999.00 -9999.00 20.00
17.93
722583 200810/0200 1014.70 998.80 34.24 307.40 0.00 100.00
0.00 0.00 308.00 0.00 0.00 0.00
-9999.00 -0.30 4.70 -9999.00 -9999.00 34.64
12.78 0.00 0.00 0.00 0.00 -5.80
1.60 61.30 -9999.00 999.00 -9999.00 20.00
17.53
722583 200810/0300 1014.90 999.00 32.74 305.90 0.00 100.00
0.00 0.00 306.60 0.00 0.00 0.00
-9999.00 -0.70 5.10 -9999.00 -9999.00 32.84
14.42 0.00 0.00 0.00 0.00 -6.20
2.00 92.10 -9999.00 999.00 -9999.00 20.00
19.42
722583 200810/0400 1015.10 999.10 31.64 304.80 0.00 100.00
0.00 0.00 305.40 0.00 0.00 0.00
-9999.00 -0.20 4.70 -9999.00 -9999.00 31.74
15.13 0.00 0.00 0.00 0.00 -6.60
3.80 89.50 -9999.00 999.00 -9999.00 20.00
20.17
722583 200810/0500 1015.40 999.50 31.14 304.30 0.00 100.00
0.00 0.00 304.80 0.00 0.00 0.00
-9999.00 0.00 4.90 -9999.00 -9999.00 31.44
15.53 0.00 0.00 0.00 0.00 -6.70
4.50 105.20 -9999.00 999.00 -9999.00 20.00
20.59
722583 200810/0600 1015.40 999.40 30.64 303.80 0.00 100.00
0.00 0.00 304.30 0.00 0.00 0.00
-9999.00 0.20 5.70 -9999.00 -9999.00 30.74
15.65 0.00 0.00 0.00 0.00 -6.80
5.70 128.20 -9999.00 999.00 -9999.00 20.00
20.71
722583 200810/0700 1015.60 999.60 29.74 302.90 0.00 100.00
0.00 0.00 303.40 0.00 0.00 0.00
-9999.00 0.50 5.70 -9999.00 -9999.00 29.74
15.18 0.00 0.00 0.00 0.00 -6.30
6.80 132.90 -9999.00 999.00 -9999.00 20.00
20.23
722583 200810/0800 1015.40 999.40 28.84 302.00 0.00 100.00
0.00 0.00 302.50 0.00 0.00 0.00
-9999.00 0.80 5.40 -9999.00 -9999.00 28.84
15.11 0.00 0.00 0.00 0.00 -6.00
7.20 110.60 -9999.00 999.00 -9999.00 20.00
20.16
722583 200810/0900 1015.50 999.50 28.04 301.20 0.00 100.00
0.00 0.00 301.80 0.00 0.00 0.00
-9999.00 0.90 4.90 -9999.00 -9999.00 28.14
15.19 0.00 0.00 0.00 0.00 -5.70
7.30 48.00 -9999.00 999.00 -9999.00 20.00
20.24


