
SNPARM = PRES;TMPC;TMWC;DWPC;THTE;DRCT;SKNT;OMEG;CFRL;HGHT 
STNPRM = SHOW;LIFT;SWET;KINX;LCLP;PWAT;TOTL;CAPE;LCLT;CINS;EQLV;LFCT;BRCH 

STID = KDAL STNM = 722583 TIME = 191020/1700 
SLAT = 32.84 SLON = -96.85 SELV = 138.0
STIM = 0

SHOW = 6.84 LIFT = 5.36 SWET = 153.56 KINX = 17.24
LCLP = 867.60 PWAT = 20.38 TOTL = 38.32 CAPE = 0.00
LCLT = 286.50 CINS = 0.00 EQLV = -9999.00 LFCT = -9999.00
BRCH = 0.00

PRES TMPC TMWC DWPC THTE DRCT SKNT OMEG
CFRL HGHT
991.00 24.44 18.54 15.41 331.30 139.64 5.09 0.00
0.00 149.50
988.00 23.54 17.99 14.98 329.77 143.13 5.83 0.00
0.00 176.04
982.60 22.74 17.40 14.42 328.42 143.84 6.25 0.00
0.00 223.88
973.20 22.04 16.94 14.05 328.11 151.26 6.88 -0.10
0.00 307.57
959.30 20.84 16.11 13.35 327.19 157.93 7.75 -0.20
0.00 432.38
941.60 19.84 14.62 11.34 324.68 173.99 11.13 -0.20
5.00 593.30
920.50 20.74 12.31 5.85 320.11 196.53 18.43 -0.10
7.00 788.86
897.30 21.24 8.71 -5.98 312.39 198.97 19.72 0.10
0.00 1009.25
872.30 19.24 8.71 -2.03 315.94 206.57 16.94 0.00
0.00 1252.40
844.40 17.54 8.43 -0.16 319.15 213.84 21.29 -0.10
0.00 1530.50
813.60 15.24 7.73 0.98 321.72 224.67 24.03 -0.20
0.00 1846.33
779.80 13.24 4.87 -4.41 318.83 237.33 21.23 -0.20
0.00 2204.21
743.10 9.74 3.39 -3.46 320.66 246.60 22.01 -0.20
0.00 2606.78
703.60 5.64 0.95 -4.42 320.77 242.92 29.02 -0.10
0.00 3056.87
661.10 5.14 -1.58 -11.32 321.37 232.09 32.25 -0.10
0.00 3565.84
615.70 1.54 -4.78 -15.86 321.71 230.51 35.74 -0.10
0.00 4142.38
567.90 -3.06 -8.66 -21.07 321.91 232.92 41.88 0.00
0.00 4787.34
521.50 -7.96 -12.95 -28.24 322.04 231.94 46.64 0.00
0.00 5455.50
479.80 -12.96 -17.06 -33.59 322.71 230.63 48.99 0.00
0.00 6096.55
442.40 -17.86 -20.91 -35.32 323.91 233.79 50.31 0.00
0.00 6708.99
408.70 -21.86 -24.07 -35.22 326.28 239.45 55.03 0.00
0.00 7296.59
378.20 -25.66 -27.31 -36.88 328.41 242.06 61.34 -0.10
0.00 7862.92
350.70 -29.56 -30.96 -41.77 329.72 239.98 66.39 -0.10
0.00 8405.62
326.00 -32.26 -33.79 -53.57 332.16 234.12 78.88 -0.10
0.00 8923.54
303.70 -33.86 -35.36 -59.77 336.54 231.38 92.73 -0.20
0.00 9421.53
283.60 -36.36 -37.60 -58.54 339.64 231.22 98.93 -0.20
0.00 9898.66
265.50 -39.66 -40.61 -59.07 341.28 232.44 100.70 -0.20
0.00 10352.60
248.70 -43.16 -43.87 -61.32 342.46 233.81 101.32 -0.20
0.00 10796.02
233.50 -46.26 -46.81 -63.98 343.94 235.26 102.60 -0.20
0.00 11217.73
219.50 -48.66 -49.13 -67.42 346.32 236.40 104.95 -0.20
0.00 11626.20
205.60 -51.16 -51.53 -67.89 348.93 236.91 107.81 -0.20
0.00 12053.70
191.70 -54.56 -54.84 -73.19 350.48 237.21 109.75 -0.10
0.00 12505.08
177.70 -58.36 -58.54 -73.70 351.93 237.51 108.47 -0.10
0.00 12986.09
163.80 -61.56 -61.69 -74.24 354.85 238.09 104.35 -0.10
0.00 13494.37
149.80 -64.26 -9999.00 -9999.00 -9999.00 239.27 98.08 0.00
0.00 14044.21
135.90 -66.86 -9999.00 -9999.00 -9999.00 240.38 86.48 0.00
0.00 14635.94
121.90 -69.46 -9999.00 -9999.00 -9999.00 239.43 73.33 0.00
0.00 15288.29
108.00 -71.06 -9999.00 -9999.00 -9999.00 238.15 62.20 0.10
0.00 16007.31
94.00 -70.26 -9999.00 -9999.00 -9999.00 232.51 50.43 0.10
0.00 16830.22
81.00 -68.36 -9999.00 -9999.00 -9999.00 218.87 41.16 0.00
0.00 17718.33
70.60 -65.66 -9999.00 -9999.00 -9999.00 210.28 30.81 0.00
0.00 18547.52
62.20 -64.36 -9999.00 -9999.00 -9999.00 220.26 24.94 0.00
0.00 19319.29
54.30 -59.96 -9999.00 -9999.00 -9999.00 228.24 14.59 0.00
0.00 20158.18
46.90 -58.96 -9999.00 -9999.00 -9999.00 193.13 11.97 0.00
0.00 21074.58
40.10 -56.46 -9999.00 -9999.00 -9999.00 172.15 5.69 0.00
0.00 22062.40
33.80 -55.36 -9999.00 -9999.00 -9999.00 143.53 11.11 0.00
0.00 23149.23
27.80 -52.26 -9999.00 -9999.00 -9999.00 131.19 10.33 0.00
0.00 24403.94
22.30 -50.76 -9999.00 -9999.00 -9999.00 105.82 12.12 0.00
0.00 25834.15
17.10 -48.36 -9999.00 -9999.00 -9999.00 101.31 10.90 0.00
0.00 27571.85
12.30 -47.26 -9999.00 -9999.00 -9999.00 192.53 5.38 0.00
0.00 29745.10

STID = KDAL STNM = 722583 TIME = 191020/1800 
SLAT = 32.84 SLON = -96.85 SELV = 138.0
STIM = 1

SHOW = 6.26 LIFT = 2.94 SWET = 162.81 KINX = 18.14
LCLP = 815.38 PWAT = 22.12 TOTL = 39.35 CAPE = 0.00
LCLT = 283.65 CINS = 0.00 EQLV = -9999.00 LFCT = -9999.00
BRCH = 0.00

PRES TMPC TMWC DWPC THTE DRCT SKNT OMEG
CFRL HGHT
990.80 26.74 18.24 13.47 330.08 162.07 6.93 0.00
0.00 148.69
987.80 26.04 17.92 13.32 329.38 162.80 8.55 0.00
0.00 175.44
982.40 25.34 17.59 13.17 329.00 164.54 9.48 0.00
0.00 223.67
972.90 24.44 17.15 12.94 328.76 165.96 10.41 -0.10
0.00 308.94
959.10 23.14 16.51 12.63 328.48 168.11 11.31 -0.20
0.00 433.84
941.30 21.54 15.63 12.09 327.99 169.78 12.04 -0.30
0.00 596.80
920.10 20.04 14.02 10.12 325.62 188.70 16.71 -0.20
9.00 793.86
897.10 20.04 10.92 3.28 319.06 198.43 19.66 0.00
1.00 1012.03
872.00 19.64 8.39 -3.78 315.03 202.32 19.95 0.20
0.00 1256.05
844.10 17.64 9.00 1.33 320.82 212.43 22.09 0.20
0.00 1534.50
813.30 15.64 8.20 1.75 323.07 226.69 23.23 0.20
0.00 1850.79
779.50 13.44 5.71 -2.06 321.15 234.69 22.84 0.10
0.00 2209.28
742.90 9.64 4.10 -1.40 322.58 236.84 23.45 0.00
0.00 2611.12
703.30 6.14 1.31 -4.09 321.70 235.26 29.31 -0.10
0.00 3062.94
660.80 4.94 -1.68 -11.33 321.18 230.11 35.45 -0.10
0.00 3572.42
615.50 1.64 -4.89 -16.69 321.47 228.08 38.38 -0.10
0.00 4147.79
567.70 -2.96 -8.61 -21.16 322.03 230.56 42.50 -0.10
0.00 4793.18
521.40 -8.06 -12.76 -26.06 322.48 230.68 47.20 -0.10
0.00 5460.11
479.70 -12.96 -16.80 -30.72 323.25 230.68 49.96 -0.10
0.00 6101.23
442.30 -17.66 -20.69 -34.42 324.33 233.04 52.02 -0.20
0.00 6714.07
408.70 -21.96 -24.19 -35.65 326.08 237.19 55.92 -0.20
0.00 7300.12
378.10 -26.06 -27.63 -36.88 327.90 239.38 61.40 -0.20
0.00 7867.81
350.70 -30.16 -31.35 -40.20 329.10 237.85 66.08 -0.20
0.00 8407.52
325.90 -32.56 -33.98 -50.87 331.90 232.82 79.72 -0.20
0.00 8926.66
303.60 -34.06 -35.51 -58.00 336.33 230.06 93.49 -0.20
0.00 9424.29
283.60 -36.56 -37.75 -57.08 339.40 230.17 99.16 -0.20
0.00 9898.73
265.50 -39.96 -40.88 -59.07 340.84 231.41 100.89 -0.20
0.00 10352.19
248.70 -43.46 -44.15 -61.32 342.01 233.20 102.14 -0.20
0.00 10795.04
233.50 -46.66 -47.16 -61.80 343.38 234.85 103.57 -0.20
0.00 11216.10
219.50 -48.86 -49.29 -64.45 346.06 235.96 106.90 -0.20
0.00 11624.04
205.60 -51.26 -51.62 -67.89 348.77 236.09 112.12 -0.10
0.00 12051.24
191.70 -54.56 -54.84 -73.19 350.48 235.91 116.10 -0.10
0.00 12502.52
177.70 -58.36 -58.54 -73.70 351.93 236.07 114.49 0.00
0.00 12983.53
163.80 -61.86 -61.98 -74.24 354.34 237.28 108.53 0.00
0.00 13491.46
149.80 -64.56 -64.65 -74.84 358.86 239.90 101.48 0.00
0.00 14040.51
135.90 -66.56 -9999.00 -9999.00 -9999.00 241.44 87.35 0.10
0.00 14632.25
121.90 -68.66 -9999.00 -9999.00 -9999.00 240.18 73.45 0.10
0.00 15286.34
108.00 -70.56 -9999.00 -9999.00 -9999.00 236.61 62.12 0.10
0.00 16007.67
94.00 -70.36 -9999.00 -9999.00 -9999.00 227.92 51.30 0.10
0.00 16831.39
81.00 -68.86 -9999.00 -9999.00 -9999.00 217.90 43.32 0.10
0.00 17718.19
70.60 -64.56 -9999.00 -9999.00 -9999.00 216.05 32.67 0.00
0.00 18548.59
62.20 -62.76 -9999.00 -9999.00 -9999.00 223.36 24.05 0.00
0.00 19325.37
54.30 -59.86 -9999.00 -9999.00 -9999.00 227.34 13.48 0.00
0.00 20167.63
46.90 -58.86 -9999.00 -9999.00 -9999.00 201.45 11.69 0.00
0.00 21084.46
40.10 -56.36 -9999.00 -9999.00 -9999.00 160.35 5.77 0.00
0.00 22072.74
33.80 -55.56 -9999.00 -9999.00 -9999.00 137.56 9.21 0.00
0.00 23159.33
27.80 -52.56 -9999.00 -9999.00 -9999.00 123.69 9.81 0.00
0.00 24412.60
22.30 -51.16 -9999.00 -9999.00 -9999.00 103.60 12.39 0.00
0.00 25840.55
17.10 -47.46 -9999.00 -9999.00 -9999.00 113.33 10.78 0.00
0.00 27580.19
12.30 -46.36 -9999.00 -9999.00 -9999.00 221.63 4.68 0.00
0.00 29762.12

STID = KDAL STNM = 722583 TIME = 191020/1900 
SLAT = 32.84 SLON = -96.85 SELV = 138.0
STIM = 2

SHOW = 4.69 LIFT = 1.58 SWET = 187.95 KINX = 20.91
LCLP = 788.98 PWAT = 23.76 TOTL = 41.94 CAPE = 0.00
LCLT = 282.71 CINS = 0.00 EQLV = -9999.00 LFCT = -9999.00
BRCH = 0.00

PRES TMPC TMWC DWPC THTE DRCT SKNT OMEG
CFRL HGHT
989.30 28.44 18.55 12.99 331.29 167.01 7.77 0.00
0.00 148.76
986.30 27.74 18.22 12.82 330.57 167.35 9.75 0.00
0.00 175.70
980.90 27.04 17.91 12.69 330.22 168.49 10.70 0.00
0.00 224.27
971.50 26.14 17.47 12.47 330.00 169.44 11.65 -0.10
0.00 309.24
957.70 24.74 16.82 12.19 329.68 171.12 12.59 -0.20
0.00 434.99
940.00 23.14 16.02 11.80 329.46 173.29 13.31 -0.20
0.00 598.13
918.80 21.34 14.85 10.84 328.50 182.60 17.11 -0.20
0.00 796.45
895.70 19.64 13.42 9.35 327.11 191.20 19.02 -0.10
0.00 1016.45
870.80 19.34 10.32 2.71 320.87 197.91 20.20 0.10
0.00 1258.95
842.80 18.34 9.84 2.82 323.46 219.87 23.04 0.30
0.00 1539.21
812.10 16.04 8.47 2.04 324.03 226.79 26.38 0.20
0.00 1855.62
778.40 13.24 6.49 0.34 323.53 228.81 26.85 0.10
0.00 2213.79
741.80 9.64 4.58 -0.18 324.05 229.86 25.91 0.00
0.00 2616.23
702.30 6.34 1.39 -4.11 322.06 231.80 30.15 -0.10
0.00 3067.78
660.00 4.74 -1.86 -11.60 320.90 228.17 37.28 -0.20
0.00 3575.52
614.80 1.64 -5.20 -18.35 320.86 226.91 41.22 -0.20
0.00 4150.04
567.20 -2.86 -8.69 -22.03 321.93 230.36 44.15 -0.20
0.00 4793.43
521.00 -7.86 -12.66 -26.32 322.73 230.81 48.87 -0.20
0.00 5459.83
479.30 -12.76 -16.67 -30.73 323.58 230.81 52.87 -0.30
0.00 6101.95
442.00 -17.46 -20.55 -34.43 324.65 232.32 54.97 -0.30
0.00 6714.09
408.50 -22.06 -24.30 -36.11 325.93 234.64 57.40 -0.40
0.00 7298.85
378.00 -26.26 -27.84 -37.36 327.59 236.06 61.58 -0.30
0.00 7864.55
350.60 -30.36 -31.52 -40.20 328.85 234.94 67.64 -0.30
0.00 8403.96
325.90 -32.76 -34.13 -50.11 331.66 231.34 82.09 -0.30
0.00 8920.65
303.60 -34.66 -36.03 -58.00 335.48 229.65 94.81 -0.20
0.00 9417.45
283.50 -37.06 -38.22 -58.55 338.67 230.07 101.07 -0.20
0.00 9893.25
265.50 -40.26 -41.15 -59.07 340.40 231.16 103.75 -0.20
0.00 10343.51
248.70 -43.76 -44.40 -59.58 341.61 232.68 104.78 -0.10
0.00 10785.79
233.50 -47.06 -47.54 -61.80 342.77 233.93 105.26 -0.10
0.00 11206.21
219.50 -49.16 -49.60 -67.42 345.55 235.02 108.10 0.00
0.00 11613.51
205.60 -51.06 -51.43 -67.89 349.08 235.42 114.67 0.00
0.00 12040.62
191.70 -54.16 -54.43 -68.39 351.16 235.41 120.10 0.10
0.00 12492.51
177.70 -58.26 -58.45 -73.70 352.09 235.97 119.77 0.10
0.00 12974.08
163.80 -61.86 -61.98 -74.24 354.34 237.51 112.84 0.20
0.00 13482.13
149.80 -64.36 -9999.00 -9999.00 -9999.00 240.62 104.55 0.20
0.00 14031.44
135.90 -65.96 -9999.00 -9999.00 -9999.00 241.13 88.50 0.10
0.00 14624.31
121.90 -68.06 -9999.00 -9999.00 -9999.00 238.40 75.25 0.10
0.00 15280.32
108.00 -70.16 -9999.00 -9999.00 -9999.00 232.99 64.22 0.10
0.00 16003.41
94.00 -70.46 -9999.00 -9999.00 -9999.00 227.53 52.93 0.00
0.00 16827.74
81.00 -68.76 -9999.00 -9999.00 -9999.00 223.92 43.69 0.00
0.00 17714.55
70.60 -64.26 -9999.00 -9999.00 -9999.00 222.71 34.36 0.00
0.00 18545.75
62.20 -62.26 -9999.00 -9999.00 -9999.00 224.71 26.79 0.00
0.00 19324.01
54.30 -61.16 -9999.00 -9999.00 -9999.00 225.59 13.33 0.00
0.00 20164.68
46.90 -59.66 -9999.00 -9999.00 -9999.00 210.68 13.33 0.00
0.00 21077.01
40.10 -57.06 -9999.00 -9999.00 -9999.00 162.00 8.18 0.00
0.00 22061.85
33.80 -55.66 -9999.00 -9999.00 -9999.00 138.37 9.36 0.00
0.00 23146.43
27.80 -52.36 -9999.00 -9999.00 -9999.00 121.18 8.62 0.00
0.00 24399.99
22.30 -50.66 -9999.00 -9999.00 -9999.00 103.13 11.97 0.00
0.00 25830.20
17.10 -47.26 -9999.00 -9999.00 -9999.00 111.45 11.69 0.00
0.00 27572.56
12.30 -46.36 -9999.00 -9999.00 -9999.00 168.69 1.98 0.00
0.00 29755.46

STID = KDAL STNM = 722583 TIME = 191020/2000 
SLAT = 32.84 SLON = -96.85 SELV = 138.0
STIM = 3

SHOW = 1.36 LIFT = -0.25 SWET = 292.24 KINX = 25.51
LCLP = 781.18 PWAT = 26.44 TOTL = 46.43 CAPE = 151.58
LCLT = 283.31 CINS = -253.25 EQLV = 331.58 LFCT = 517.65
BRCH = 2.20

PRES TMPC TMWC DWPC THTE DRCT SKNT OMEG
CFRL HGHT
988.20 29.84 19.36 13.74 334.44 171.87 9.62 0.00
0.00 148.83
985.20 29.14 19.05 13.59 333.74 172.76 12.33 0.00
0.00 175.93
979.80 28.44 18.75 13.47 333.42 172.78 13.91 0.00
0.00 224.80
970.40 27.54 18.35 13.31 333.31 173.33 15.05 -0.10
0.00 310.28
956.60 26.14 17.74 13.08 333.08 174.56 16.39 -0.30
0.00 436.81
938.90 24.54 17.01 12.79 333.06 176.14 17.33 -0.40
0.00 600.97
917.80 22.54 16.10 12.43 332.94 177.56 18.28 -0.60
0.00 799.55
894.70 20.54 15.13 12.00 333.02 182.68 20.80 -0.50
0.00 1020.75
869.70 18.44 13.93 11.25 332.70 185.91 22.65 -0.40
2.00 1264.95
841.80 17.44 11.40 7.21 328.55 203.26 24.11 0.00
0.00 1544.22
811.00 16.24 8.68 2.38 324.81 217.62 26.73 0.10
0.00 1861.89
777.40 13.34 6.64 0.62 324.10 221.70 28.61 0.10
0.00 2219.69
740.90 9.84 4.55 -0.47 324.09 223.32 28.03 0.00
0.00 2621.73
701.50 6.44 1.42 -4.16 322.25 225.26 30.36 -0.10
0.00 3072.90
659.30 4.34 -2.02 -11.41 320.66 225.82 38.19 -0.20
0.00 3579.73
614.20 1.34 -5.43 -18.69 320.47 228.13 42.77 -0.30
0.00 4152.84
566.70 -2.96 -8.86 -22.74 321.66 231.07 45.45 -0.30
0.00 4794.98
520.60 -7.86 -12.75 -26.98 322.63 231.13 50.16 -0.30
0.00 5460.33
479.00 -12.56 -16.60 -31.43 323.75 230.48 54.64 -0.40
0.00 6101.59
441.80 -17.46 -20.59 -34.87 324.62 230.63 56.04 -0.40
0.00 6712.64
408.30 -22.16 -24.46 -37.09 325.70 231.70 57.67 -0.50
0.00 7297.55
377.90 -26.46 -28.08 -38.37 327.20 233.13 61.19 -0.50
0.00 7861.26
350.50 -30.36 -31.61 -41.44 328.73 233.03 68.80 -0.40
0.00 8400.58
325.80 -32.86 -34.22 -50.11 331.55 231.49 83.92 -0.40
0.00 8917.32
303.50 -34.96 -36.27 -56.53 335.14 230.62 96.76 -0.30
0.00 9413.86
283.50 -37.46 -38.55 -57.09 338.14 230.32 102.21 -0.30
0.00 9886.67
265.40 -40.56 -41.42 -59.07 340.00 230.92 103.85 -0.30
0.00 10338.85
248.70 -43.86 -44.52 -61.32 341.42 232.58 105.17 -0.20
0.00 10778.19
233.50 -46.76 -47.28 -63.98 343.18 234.06 107.25 -0.20
0.00 11198.80
219.50 -48.56 -49.03 -67.42 346.48 235.09 113.69 -0.20
0.00 11606.91
205.60 -50.76 -51.15 -67.89 349.56 235.26 120.32 -0.10
0.00 12034.88
191.70 -54.16 -54.43 -68.39 351.16 235.55 121.56 -0.10
0.00 12487.08
177.70 -57.96 -58.15 -73.70 352.58 236.65 116.96 0.00
0.00 12968.98
163.80 -61.46 -61.59 -74.24 355.01 239.05 111.44 0.00
0.00 13477.86
149.80 -63.76 -63.86 -74.84 360.24 241.22 101.28 0.10
0.00 14028.48
135.90 -65.56 -9999.00 -9999.00 -9999.00 241.44 87.35 0.10
0.00 14622.78
121.90 -67.76 -9999.00 -9999.00 -9999.00 237.74 75.35 0.10
0.00 15279.91
108.00 -69.86 -9999.00 -9999.00 -9999.00 231.55 64.98 0.00
0.00 16004.06
94.00 -70.26 -9999.00 -9999.00 -9999.00 230.14 55.17 0.00
0.00 16829.41
81.00 -67.46 -9999.00 -9999.00 -9999.00 230.59 43.75 0.00
0.00 17719.48
70.60 -63.86 -9999.00 -9999.00 -9999.00 228.01 33.97 0.00
0.00 18554.10
62.20 -62.16 -9999.00 -9999.00 -9999.00 226.11 28.30 0.00
0.00 19333.29
54.30 -60.66 -9999.00 -9999.00 -9999.00 227.20 14.30 0.00
0.00 20175.16
46.90 -59.56 -9999.00 -9999.00 -9999.00 216.87 13.60 0.00
0.00 21088.77
40.10 -56.56 -9999.00 -9999.00 -9999.00 168.49 10.70 0.00
0.00 22074.98
33.80 -54.66 -9999.00 -9999.00 -9999.00 145.10 10.18 0.00
0.00 23163.32
27.80 -51.66 -9999.00 -9999.00 -9999.00 117.65 9.21 0.00
0.00 24421.74
22.30 -49.86 -9999.00 -9999.00 -9999.00 101.50 11.69 0.00
0.00 25856.79
17.10 -46.76 -9999.00 -9999.00 -9999.00 113.09 12.88 0.00
0.00 27604.20
12.30 -45.96 -9999.00 -9999.00 -9999.00 184.40 2.53 0.00
0.00 29791.44

STID = KDAL STNM = 722583 TIME = 191020/2100 
SLAT = 32.84 SLON = -96.85 SELV = 138.0
STIM = 4

SHOW = -3.17 LIFT = -3.86 SWET = 420.61 KINX = 30.16
LCLP = 808.64 PWAT = 31.70 TOTL = 51.64 CAPE = 1015.25
LCLT = 286.92 CINS = -40.86 EQLV = 267.28 LFCT = 741.57
BRCH = 19.13

PRES TMPC TMWC DWPC THTE DRCT SKNT OMEG
CFRL HGHT
987.60 30.64 21.27 16.90 342.26 180.00 11.27 0.00
0.00 149.78
984.70 29.94 21.00 16.79 341.59 180.00 14.96 0.00
0.00 176.10
979.30 29.34 20.75 16.69 341.41 180.65 17.09 0.00
0.00 225.20
969.90 28.34 20.34 16.53 341.19 180.60 18.65 -0.10
0.00 311.09
956.10 27.04 19.79 16.31 341.11 181.11 20.01 -0.20
0.00 438.22
938.30 25.44 19.09 16.02 341.12 182.10 21.19 -0.40
0.00 604.13
917.20 23.44 18.23 15.67 341.05 183.01 22.18 -0.50
0.00 803.72
894.10 21.24 17.25 15.25 340.93 184.33 23.17 -0.60
0.00 1025.99
869.00 18.94 16.07 14.58 340.47 186.95 24.07 -0.60
0.00 1272.19
841.00 16.64 14.41 13.18 338.91 197.10 26.42 -0.70
13.00 1553.09
810.30 15.14 10.97 8.22 332.10 204.58 27.56 -0.60
4.00 1869.60
776.60 13.44 6.90 1.16 324.95 212.62 28.83 -0.50
0.00 2228.51
740.20 10.04 4.33 -1.24 323.60 217.64 28.94 -0.40
0.00 2630.06
700.90 6.54 1.33 -4.54 322.11 218.94 31.22 -0.30
0.00 3080.67
658.80 4.04 -2.17 -11.37 320.41 225.21 38.05 -0.20
0.00 3586.52
613.70 0.94 -5.57 -18.14 320.30 231.10 42.68 -0.20
0.00 4159.36
566.30 -3.36 -9.08 -22.55 321.32 232.88 45.07 -0.10
0.00 4799.72
520.30 -8.06 -12.93 -27.40 322.34 231.76 50.21 0.10
0.00 5463.30
478.80 -12.76 -16.76 -31.62 323.50 230.25 55.59 0.20
0.00 6102.84
441.60 -17.56 -20.62 -34.43 324.61 229.95 57.36 0.10
0.00 6713.81
408.10 -22.36 -24.66 -37.61 325.41 230.36 58.78 0.00
0.00 7298.65
377.80 -26.76 -28.37 -38.91 326.75 230.01 61.36 -0.10
0.00 7860.14
350.40 -30.46 -31.71 -41.77 328.58 230.52 69.97 -0.10
0.00 8399.17
325.70 -33.06 -34.32 -48.16 331.43 231.67 85.18 -0.10
0.00 8915.74
303.50 -35.26 -36.51 -55.27 334.76 230.91 97.36 -0.10
0.00 9409.62
283.50 -37.76 -38.84 -58.55 337.67 229.76 102.54 -0.10
0.00 9881.83
265.40 -40.66 -41.53 -60.82 339.81 230.61 105.30 -0.10
0.00 10333.62
248.60 -43.56 -44.24 -61.32 341.90 232.62 108.78 -0.10
0.00 10775.87
233.50 -45.96 -46.53 -63.98 344.40 233.94 113.19 -0.10
0.00 11194.80
219.50 -47.86 -48.37 -67.42 347.56 234.69 119.97 -0.20
0.00 11604.27
205.60 -50.66 -51.08 -72.72 349.66 234.80 124.34 -0.20
0.00 12033.01
191.70 -54.16 -54.45 -73.19 351.12 235.55 122.26 -0.10
0.00 12485.31
177.70 -57.76 -57.96 -73.70 352.91 237.36 117.40 -0.10
0.00 12967.43
163.80 -60.96 -61.10 -74.24 355.85 239.62 111.01 -0.10
0.00 13477.15
149.80 -63.36 -63.47 -74.84 360.92 240.83 97.65 -0.10
0.00 14028.94
135.90 -65.46 -9999.00 -9999.00 -9999.00 240.63 85.14 0.00
0.00 14623.96
121.90 -67.26 -9999.00 -9999.00 -9999.00 235.67 72.69 0.00
0.00 15282.03
108.00 -69.26 -9999.00 -9999.00 -9999.00 231.12 64.37 0.00
0.00 16008.14
94.00 -70.46 -9999.00 -9999.00 -9999.00 233.72 56.14 0.00
0.00 16834.30
81.00 -67.86 -9999.00 -9999.00 -9999.00 236.10 44.93 0.00
0.00 17723.06
70.60 -64.26 -9999.00 -9999.00 -9999.00 229.87 35.57 0.00
0.00 18556.07
62.20 -62.06 -9999.00 -9999.00 -9999.00 225.29 27.33 0.00
0.00 19334.71
54.30 -60.86 -9999.00 -9999.00 -9999.00 219.16 17.54 0.00
0.00 20176.38
46.90 -59.56 -9999.00 -9999.00 -9999.00 208.98 14.43 0.00
0.00 21089.56
40.10 -56.66 -9999.00 -9999.00 -9999.00 181.59 13.99 0.00
0.00 22075.54
33.80 -54.56 -9999.00 -9999.00 -9999.00 153.43 8.68 0.00
0.00 23163.88
27.80 -52.56 -9999.00 -9999.00 -9999.00 105.52 7.26 0.00
0.00 24420.01
22.30 -51.16 -9999.00 -9999.00 -9999.00 92.86 11.67 0.00
0.00 25847.97
17.10 -47.26 -9999.00 -9999.00 -9999.00 109.49 13.38 0.00
0.00 27588.38
12.30 -45.56 -9999.00 -9999.00 -9999.00 63.43 0.43 0.00
0.00 29775.13

STID = KDAL STNM = 722583 TIME = 191020/2200 
SLAT = 32.84 SLON = -96.85 SELV = 138.0
STIM = 5

SHOW = -4.06 LIFT = -5.38 SWET = 450.89 KINX = 31.25
LCLP = 828.63 PWAT = 34.38 TOTL = 52.69 CAPE = 1631.00
LCLT = 288.89 CINS = -7.57 EQLV = 240.51 LFCT = 770.17
BRCH = 37.78

PRES TMPC TMWC DWPC THTE DRCT SKNT OMEG
CFRL HGHT
987.00 30.54 22.16 18.51 346.25 182.86 11.67 0.00
0.00 149.80
984.00 30.04 21.94 18.39 345.78 183.49 15.97 0.00
0.00 177.06
978.60 29.44 21.69 18.27 345.54 183.58 18.69 0.00
0.00 226.25
969.20 28.44 21.28 18.09 345.27 183.81 20.44 -0.10
0.00 312.30
955.40 27.24 20.75 17.84 345.25 184.09 21.81 -0.20
0.00 439.68
937.70 25.54 20.01 17.50 345.00 184.89 22.80 -0.30
0.00 604.98
916.50 23.64 19.16 17.09 344.92 185.71 23.43 -0.40
0.00 805.90
893.40 21.44 18.15 16.59 344.60 186.95 24.07 -0.50
0.00 1028.64
868.40 19.04 16.94 15.90 343.93 187.74 24.51 -0.60
0.00 1274.34
840.40 16.94 14.81 13.67 340.49 197.35 26.05 -0.70
0.00 1555.75
809.60 14.64 12.24 10.80 336.43 202.65 26.73 -0.70
18.00 1873.63
776.00 13.24 7.60 3.03 327.12 208.94 27.29 -0.70
0.00 2231.59
739.60 10.24 4.21 -1.78 323.36 215.73 27.27 -0.60
0.00 2633.52
700.40 6.44 1.23 -4.68 321.95 217.84 29.76 -0.50
0.00 3083.38
658.30 3.64 -2.30 -11.02 320.24 227.60 36.31 -0.40
0.00 3589.15
613.40 0.34 -5.71 -17.09 320.10 234.17 40.48 -0.30
0.00 4158.81
566.00 -3.86 -9.26 -21.76 321.03 232.62 43.51 -0.10
0.00 4798.24
520.00 -8.16 -12.87 -26.34 322.54 231.24 50.56 0.00
0.00 5461.48
478.60 -12.66 -16.58 -30.57 323.87 230.63 56.04 0.10
0.00 6099.82
441.50 -17.56 -20.66 -34.88 324.55 231.28 56.53 0.00
0.00 6709.47
408.00 -22.46 -24.73 -37.62 325.30 230.00 58.31 0.00
0.00 7294.33
377.70 -26.96 -28.47 -38.11 326.62 227.65 62.30 -0.10
0.00 7855.63
350.40 -30.56 -31.82 -42.12 328.41 229.72 71.81 -0.10
0.00 8392.44
325.70 -33.36 -34.56 -47.58 331.05 232.17 85.84 -0.10
0.00 8908.58
303.50 -35.66 -36.84 -54.17 334.23 230.36 97.13 -0.10
0.00 9401.74
283.50 -37.96 -39.02 -58.55 337.38 229.05 103.13 -0.10
0.00 9873.36
265.40 -40.46 -41.35 -60.82 340.10 230.84 107.96 -0.10
0.00 10325.14
248.60 -42.96 -43.71 -63.51 342.75 233.58 113.21 -0.10
0.00 10768.16
233.50 -45.46 -46.09 -66.97 345.11 235.20 116.39 -0.10
0.00 11188.10
219.50 -47.86 -48.37 -67.42 347.56 235.25 119.62 -0.10
0.00 11598.02
205.60 -50.76 -51.17 -72.72 349.51 234.97 122.16 0.00
0.00 12026.66
191.60 -54.26 -54.55 -73.19 351.01 235.93 121.00 0.00
0.00 12482.13
177.70 -57.66 -57.86 -73.70 353.07 238.26 118.53 0.10
0.00 12960.93
163.80 -60.56 -60.71 -74.24 356.52 240.36 108.39 0.10
0.00 13471.24
149.80 -62.96 -9999.00 -9999.00 -9999.00 241.78 96.11 0.10
0.00 14024.08
135.90 -65.06 -9999.00 -9999.00 -9999.00 241.28 83.27 0.00
0.00 14620.24
121.90 -67.06 -9999.00 -9999.00 -9999.00 238.13 71.37 -0.10
0.00 15279.27
107.90 -69.36 -9999.00 -9999.00 -9999.00 235.15 63.91 -0.10
0.00 16011.11
94.00 -71.16 -9999.00 -9999.00 -9999.00 237.35 56.53 0.00
0.00 16830.14
81.00 -68.86 -9999.00 -9999.00 -9999.00 238.57 45.07 0.00
0.00 17715.20
70.60 -64.66 -9999.00 -9999.00 -9999.00 231.44 35.53 0.00
0.00 18545.40
62.20 -62.66 -9999.00 -9999.00 -9999.00 227.08 26.53 0.00
0.00 19322.18
54.30 -61.96 -9999.00 -9999.00 -9999.00 219.29 19.33 0.00
0.00 20160.47
46.90 -59.36 -9999.00 -9999.00 -9999.00 207.65 13.81 0.00
0.00 21071.72
40.10 -56.36 -9999.00 -9999.00 -9999.00 187.43 13.52 0.00
0.00 22058.85
33.80 -54.66 -9999.00 -9999.00 -9999.00 131.19 6.20 0.00
0.00 23147.69
27.80 -53.76 -9999.00 -9999.00 -9999.00 85.33 9.56 0.00
0.00 24400.11
22.30 -52.26 -9999.00 -9999.00 -9999.00 98.46 14.53 0.00
0.00 25820.64
17.10 -46.06 -9999.00 -9999.00 -9999.00 118.07 13.21 0.00
0.00 27561.45
12.30 -44.16 -9999.00 -9999.00 -9999.00 315.00 4.95 0.00
0.00 29760.73

STID = KDAL STNM = 722583 TIME = 191020/2300 
SLAT = 32.84 SLON = -96.85 SELV = 138.0
STIM = 6

SHOW = -3.61 LIFT = -5.51 SWET = 432.19 KINX = 29.55
LCLP = 841.10 PWAT = 32.88 TOTL = 52.20 CAPE = 1710.71
LCLT = 289.48 CINS = -29.57 EQLV = 240.88 LFCT = 760.53
BRCH = 34.79

PRES TMPC TMWC DWPC THTE DRCT SKNT OMEG
CFRL HGHT
986.70 29.84 22.18 18.87 346.41 177.04 11.29 0.00
0.00 149.78
983.80 29.54 22.03 18.77 346.22 178.62 16.12 0.10
0.00 176.09
978.40 29.04 21.80 18.64 346.07 178.83 19.04 0.10
0.00 225.23
969.00 28.14 21.40 18.44 345.86 180.00 21.17 0.00
0.00 311.21
955.20 26.94 20.86 18.16 345.76 180.98 22.73 0.00
0.00 438.51
937.40 25.34 20.13 17.78 345.54 182.79 23.91 0.00
0.00 604.68
916.30 23.34 19.21 17.32 345.19 184.50 24.75 0.00
0.00 804.57
893.10 21.24 18.13 16.66 344.59 187.77 25.87 0.00
0.00 1028.16
868.10 19.24 16.24 14.70 341.26 196.89 27.41 -0.10
0.00 1273.88
840.30 16.74 14.71 13.62 340.15 200.60 27.60 -0.20
7.00 1553.26
809.40 15.94 10.54 6.79 330.81 203.36 27.93 -0.30
8.00 1872.60
775.90 13.94 6.74 0.22 324.55 211.24 27.72 -0.50
0.00 2230.42
739.60 10.34 4.14 -2.11 323.14 214.04 26.73 -0.50
0.00 2631.69
700.30 6.74 1.07 -5.60 321.51 219.13 29.55 -0.50
0.00 3083.00
658.30 3.64 -2.35 -11.22 320.11 231.54 34.98 -0.40
0.00 3587.83
613.30 0.04 -5.61 -15.77 320.37 234.12 38.11 -0.30
0.00 4158.52
565.90 -4.06 -9.19 -20.57 321.24 231.74 43.30 -0.10
0.00 4797.53
520.00 -8.16 -12.88 -26.47 322.51 231.88 51.61 0.00
0.00 5459.17
478.60 -12.66 -16.74 -32.18 323.56 231.43 55.15 0.00
0.00 6097.49
441.50 -17.56 -21.00 -39.92 323.90 232.11 54.39 0.00
0.00 6707.09
408.00 -22.46 -25.03 -42.61 324.75 229.05 58.39 -0.10
0.00 7291.89
377.70 -26.76 -28.55 -41.77 326.44 227.30 65.02 -0.10
0.00 7853.37
350.40 -30.46 -31.89 -44.91 328.28 231.25 74.48 -0.20
0.00 8390.47
325.70 -33.46 -34.69 -48.77 330.83 233.44 87.06 -0.20
0.00 8906.60
303.50 -36.06 -37.17 -53.18 333.71 230.80 96.50 -0.20
0.00 9399.25
283.50 -38.26 -39.29 -58.55 336.95 228.96 103.54 -0.20
0.00 9870.16
265.40 -40.46 -41.35 -60.82 340.10 230.95 110.06 -0.20
0.00 10321.66
248.60 -42.66 -43.44 -63.51 343.20 233.84 116.20 -0.20
0.00 10764.97
233.50 -45.06 -45.72 -66.97 345.71 234.73 119.42 -0.10
0.00 11185.54
219.50 -47.66 -48.18 -67.42 347.86 234.72 120.40 -0.10
0.00 11596.00
205.60 -50.76 -51.17 -72.72 349.51 235.37 121.35 0.00
0.00 12024.84
191.70 -54.06 -54.36 -73.19 351.28 236.92 122.42 0.00
0.00 12477.14
177.70 -57.36 -57.57 -73.70 353.56 238.76 117.23 0.00
0.00 12959.82
163.80 -60.06 -60.22 -74.24 357.36 240.74 105.32 0.00
0.00 13471.08
149.80 -62.46 -9999.00 -9999.00 -9999.00 242.96 94.87 0.00
0.00 14025.23
135.90 -64.76 -9999.00 -9999.00 -9999.00 244.15 83.31 0.00
0.00 14622.52
121.90 -67.56 -9999.00 -9999.00 -9999.00 242.04 71.25 0.00
0.00 15281.23
107.90 -69.96 -9999.00 -9999.00 -9999.00 237.39 62.72 0.00
0.00 16011.11
94.00 -70.86 -9999.00 -9999.00 -9999.00 239.27 56.27 0.00
0.00 16829.54
81.00 -68.36 -9999.00 -9999.00 -9999.00 243.76 45.69 0.00
0.00 17716.34
70.60 -64.66 -9999.00 -9999.00 -9999.00 238.39 35.59 0.00
0.00 18547.54
62.20 -63.66 -9999.00 -9999.00 -9999.00 231.48 25.58 0.00
0.00 19322.47
54.30 -63.46 -9999.00 -9999.00 -9999.00 223.80 19.64 0.00
0.00 20155.79
46.90 -58.96 -9999.00 -9999.00 -9999.00 217.63 11.77 0.00
0.00 21064.68
40.10 -56.86 -9999.00 -9999.00 -9999.00 196.11 9.09 0.00
0.00 22051.58
33.80 -55.46 -9999.00 -9999.00 -9999.00 109.09 5.34 0.00
0.00 23137.17
27.80 -54.66 -9999.00 -9999.00 -9999.00 101.31 12.88 0.00
0.00 24384.72
22.30 -51.46 -9999.00 -9999.00 -9999.00 106.61 11.56 0.00
0.00 25804.93
17.10 -45.36 -9999.00 -9999.00 -9999.00 99.09 4.91 0.00
0.00 27551.56
12.30 -45.16 -9999.00 -9999.00 -9999.00 315.00 4.66 0.00
0.00 29749.41

STID = KDAL STNM = 722583 TIME = 191021/0000 
SLAT = 32.84 SLON = -96.85 SELV = 138.0
STIM = 7

SHOW = -2.92 LIFT = -5.93 SWET = 414.88 KINX = 27.94
LCLP = 861.36 PWAT = 31.88 TOTL = 51.64 CAPE = 1920.59
LCLT = 290.40 CINS = -51.98 EQLV = 234.95 LFCT = 761.82
BRCH = 30.39

PRES TMPC TMWC DWPC THTE DRCT SKNT OMEG
CFRL HGHT
986.70 28.74 22.21 19.42 346.59 170.05 11.25 0.00
0.00 149.74
983.70 28.64 22.14 19.36 346.76 171.20 16.51 0.00
0.00 176.88
978.30 28.24 21.97 19.29 346.89 172.11 19.81 0.00
0.00 225.90
968.90 27.54 21.66 19.14 347.06 173.51 24.05 0.00
0.00 311.72
955.10 26.44 21.18 18.90 347.18 175.48 27.08 0.00
0.00 438.85
937.30 24.94 20.48 18.52 347.07 177.29 28.79 0.00
0.00 604.85
916.10 23.14 19.51 17.88 346.48 179.63 29.72 0.10
0.00 805.59
893.00 21.14 18.25 16.89 345.08 182.62 29.76 0.20
0.00 1028.19
868.00 19.14 16.58 15.30 342.61 191.09 29.29 0.30
0.00 1273.90
840.00 17.44 13.82 11.76 336.98 203.50 29.23 0.20
13.00 1555.57
809.40 16.84 9.24 3.15 326.67 211.50 28.24 0.10
0.00 1872.45
775.90 14.24 6.21 -1.59 323.01 217.69 27.00 0.00
0.00 2230.76
739.50 10.54 3.75 -3.45 322.10 218.98 27.49 -0.20
0.00 2633.39
700.30 7.04 0.96 -6.39 321.21 229.24 29.76 -0.30
0.00 3083.89
658.30 3.64 -1.96 -9.78 321.05 235.20 33.35 -0.40
0.00 3589.01
613.30 -0.06 -5.49 -14.95 320.67 234.02 37.68 -0.50
0.00 4159.67
565.90 -3.86 -9.28 -21.86 321.02 233.79 44.06 -0.50
0.00 4798.80
520.00 -8.06 -13.16 -29.53 321.91 234.23 50.51 -0.40
0.00 5460.74
478.50 -12.76 -17.21 -37.79 322.63 232.79 52.68 -0.40
0.00 6100.58
441.40 -17.66 -21.35 -47.44 323.23 231.41 52.93 -0.40
0.00 6710.01
408.00 -22.46 -25.25 -48.91 324.33 227.47 57.46 -0.40
0.00 7292.96
377.70 -26.96 -28.97 -47.46 325.72 226.96 64.32 -0.40
0.00 7854.18
350.30 -30.76 -32.38 -51.97 327.47 232.85 72.38 -0.40
0.00 8392.74
325.70 -34.06 -35.39 -55.96 329.68 234.11 79.86 -0.30
0.00 8905.86
303.50 -36.46 -37.61 -58.00 332.98 230.49 91.90 -0.20
0.00 9397.46
283.50 -38.56 -39.58 -60.30 336.48 230.24 102.35 -0.10
0.00 9867.67
265.40 -40.76 -41.65 -63.02 339.62 232.65 110.45 -0.10
0.00 10318.58
248.60 -42.66 -43.44 -63.51 343.20 234.15 117.42 0.00
0.00 10761.60
233.50 -44.86 -45.53 -66.97 346.02 234.60 121.06 0.00
0.00 11182.36
219.50 -47.56 -48.11 -72.27 347.97 234.62 122.46 0.10
0.00 11593.09
205.60 -50.76 -51.17 -72.72 349.51 235.38 123.45 0.20
0.00 12022.02
191.70 -54.06 -54.36 -73.19 351.28 237.19 122.26 0.30
0.00 12474.33
177.70 -57.16 -57.38 -73.70 353.89 239.34 114.26 0.40
0.00 12957.22
163.80 -59.96 -9999.00 -9999.00 -9999.00 241.81 104.02 0.40
0.00 13468.84
149.80 -62.56 -9999.00 -9999.00 -9999.00 244.79 95.77 0.40
0.00 14022.99
135.90 -64.96 -9999.00 -9999.00 -9999.00 245.35 85.70 0.30
0.00 14619.86
121.90 -67.56 -9999.00 -9999.00 -9999.00 242.42 73.43 0.20
0.00 15278.25
107.90 -69.76 -9999.00 -9999.00 -9999.00 237.53 63.33 0.10
0.00 16008.48
94.00 -70.26 -9999.00 -9999.00 -9999.00 239.31 55.57 0.00
0.00 16828.52
81.00 -68.06 -9999.00 -9999.00 -9999.00 245.53 42.68 0.00
0.00 17717.29
70.60 -65.66 -9999.00 -9999.00 -9999.00 235.18 32.65 0.00
0.00 18547.08
62.20 -63.86 -9999.00 -9999.00 -9999.00 235.25 26.24 0.00
0.00 19319.78
54.30 -62.86 -9999.00 -9999.00 -9999.00 233.26 17.21 0.00
0.00 20153.90
46.90 -58.06 -9999.00 -9999.00 -9999.00 227.79 11.29 0.00
0.00 21066.01
40.10 -58.16 -9999.00 -9999.00 -9999.00 177.06 7.60 0.00
0.00 22051.99
33.80 -55.66 -9999.00 -9999.00 -9999.00 126.03 7.93 0.00
0.00 23133.83
27.80 -54.86 -9999.00 -9999.00 -9999.00 119.31 12.70 0.00
0.00 24380.23
22.30 -50.86 -9999.00 -9999.00 -9999.00 87.88 5.24 0.00
0.00 25801.73
17.10 -46.66 -9999.00 -9999.00 -9999.00 25.71 5.83 0.00
0.00 27545.65
12.30 -46.46 -9999.00 -9999.00 -9999.00 324.46 1.67 0.00
0.00 29730.95

STID = KDAL STNM = 722583 TIME = 191021/0100 
SLAT = 32.84 SLON = -96.85 SELV = 138.0
STIM = 8

SHOW = -0.76 LIFT = -5.94 SWET = 324.69 KINX = 30.64
LCLP = 890.47 PWAT = 31.72 TOTL = 50.10 CAPE = 2065.50
LCLT = 291.98 CINS = -107.76 EQLV = 238.33 LFCT = 765.54
BRCH = 28.41

PRES TMPC TMWC DWPC THTE DRCT SKNT OMEG
CFRL HGHT
987.00 27.54 22.55 20.49 348.14 166.22 10.61 0.00
0.00 148.79
984.00 27.54 22.50 20.42 348.39 167.68 17.31 0.10
0.00 175.84
978.50 27.14 22.31 20.30 348.40 168.58 20.61 0.10
0.00 225.60
969.10 26.64 21.99 20.05 348.52 171.75 27.08 0.10
0.00 311.17
955.30 25.84 21.42 19.55 348.25 174.25 31.04 0.10
0.00 438.01
937.50 24.94 20.35 18.32 346.49 176.95 32.87 0.20
0.00 603.83
916.30 23.64 18.96 16.77 344.13 181.74 32.07 0.20
0.00 804.62
893.20 21.94 17.48 15.27 341.95 190.18 30.79 0.20
0.00 1027.51
868.20 20.64 15.30 12.35 337.70 199.26 30.05 0.20
0.00 1273.86
840.40 19.44 12.20 7.32 331.22 208.74 27.47 0.10
0.00 1554.68
809.80 17.44 9.27 2.63 326.65 215.59 26.03 0.10
0.00 1872.55
776.20 14.24 7.54 1.91 326.83 222.38 27.08 0.10
0.00 2232.26
739.80 10.74 5.42 0.70 326.65 229.07 29.06 -0.10
0.00 2635.20
700.50 7.04 2.60 -1.82 325.44 232.13 31.00 -0.30
0.00 3087.24
658.40 3.44 -1.23 -7.08 322.82 231.13 33.43 -0.50
0.00 3593.58
613.40 -0.26 -5.52 -14.58 320.61 231.01 36.73 -0.50
0.00 4163.86
566.00 -4.16 -9.75 -23.84 320.01 233.60 42.23 -0.50
0.00 4802.27
520.00 -8.36 -13.76 -34.67 320.66 235.33 47.47 -0.40
0.00 5464.75
478.60 -13.06 -17.70 -44.69 321.64 236.19 50.27 -0.30
0.00 6102.19
441.50 -17.86 -21.56 -49.98 322.84 236.25 52.80 -0.30
0.00 6710.85
408.00 -22.76 -25.57 -52.81 323.78 231.15 55.13 -0.20
0.00 7294.90
377.70 -27.26 -29.36 -53.46 325.05 232.06 60.35 -0.20
0.00 7855.41
350.40 -31.26 -32.87 -55.36 326.65 237.08 68.26 -0.10
0.00 8391.04
325.70 -34.36 -35.68 -57.44 329.23 235.45 75.00 0.00
0.00 8905.31
303.50 -36.66 -37.81 -59.77 332.66 231.98 84.83 0.10
0.00 9396.39
283.50 -38.46 -39.51 -62.52 336.58 233.45 97.20 0.20
0.00 9866.50
265.40 -39.76 -40.77 -66.04 341.04 235.78 110.88 0.30
0.00 10318.47
248.60 -41.66 -42.55 -66.52 344.64 236.54 118.75 0.40
0.00 10763.40
233.50 -44.06 -44.82 -71.85 347.18 236.56 121.97 0.30
0.00 11185.81
219.50 -46.96 -47.55 -72.27 348.90 236.23 123.37 0.30
0.00 11597.81
205.60 -50.36 -50.79 -72.72 350.14 236.51 123.21 0.20
0.00 12027.69
191.70 -53.86 -54.16 -73.19 351.60 238.13 120.32 0.20
0.00 12480.61
177.70 -57.16 -57.38 -73.70 353.89 240.01 111.91 0.30
0.00 12963.73
163.80 -60.16 -9999.00 -9999.00 -9999.00 242.22 102.53 0.30
0.00 13475.11
149.80 -62.56 -9999.00 -9999.00 -9999.00 245.05 95.34 0.20
0.00 14029.00
135.90 -64.66 -9999.00 -9999.00 -9999.00 245.78 84.77 0.20
0.00 14626.29
121.90 -66.96 -9999.00 -9999.00 -9999.00 240.88 70.26 0.00
0.00 15286.12
107.90 -69.26 -9999.00 -9999.00 -9999.00 236.15 59.63 -0.10
0.00 16018.31
94.00 -70.46 -9999.00 -9999.00 -9999.00 239.56 51.38 -0.10
0.00 16838.96
81.00 -69.46 -9999.00 -9999.00 -9999.00 247.08 42.39 -0.10
0.00 17724.24
70.60 -65.66 -9999.00 -9999.00 -9999.00 237.26 32.32 0.00
0.00 18551.22
62.20 -64.36 -9999.00 -9999.00 -9999.00 228.81 24.79 0.00
0.00 19322.99
54.30 -60.76 -9999.00 -9999.00 -9999.00 225.00 15.93 0.00
0.00 20160.29
46.90 -58.36 -9999.00 -9999.00 -9999.00 201.50 6.90 0.00
0.00 21076.26
40.10 -57.56 -9999.00 -9999.00 -9999.00 152.59 5.91 0.00
0.00 22062.93
33.80 -53.96 -9999.00 -9999.00 -9999.00 129.14 10.76 0.00
0.00 23150.52
27.80 -53.76 -9999.00 -9999.00 -9999.00 108.43 8.61 0.00
0.00 24404.94
22.30 -50.16 -9999.00 -9999.00 -9999.00 68.20 6.27 0.00
0.00 25832.24
17.10 -47.36 -9999.00 -9999.00 -9999.00 46.22 6.45 0.00
0.00 27576.16
12.30 -46.16 -9999.00 -9999.00 -9999.00 324.46 5.01 0.00
0.00 29759.53

STID = KDAL STNM = 722583 TIME = 191021/0200 
SLAT = 32.84 SLON = -96.85 SELV = 138.0
STIM = 9

SHOW = -2.60 LIFT = -6.14 SWET = 402.16 KINX = 32.88
LCLP = 887.99 PWAT = 33.06 TOTL = 53.16 CAPE = 1838.80
LCLT = 291.52 CINS = -139.13 EQLV = 256.80 LFCT = 749.10
BRCH = 29.78

PRES TMPC TMWC DWPC THTE DRCT SKNT OMEG
CFRL HGHT
986.20 27.24 22.19 20.06 346.66 174.38 11.91 0.00
0.00 149.69
983.20 27.34 22.15 19.96 346.95 174.91 19.70 0.00
0.00 176.73
977.80 27.14 22.00 19.82 347.13 175.67 23.17 0.00
0.00 225.59
968.40 26.74 21.64 19.46 347.06 178.59 31.47 0.00
0.00 311.21
954.60 26.44 20.97 18.58 346.38 181.48 37.70 -0.10
0.00 438.24
936.90 25.74 19.82 17.10 344.34 183.87 40.31 -0.10
0.00 603.53
915.70 24.24 18.63 15.93 342.85 185.77 40.62 -0.20
0.00 804.82
892.70 22.54 17.39 14.82 341.68 190.55 37.14 -0.30
0.00 1027.26
867.70 21.44 15.39 12.03 338.06 198.54 32.98 -0.30
0.00 1274.29
839.90 19.94 13.14 8.89 334.49 207.74 29.62 -0.30
0.00 1555.96
809.20 17.24 11.54 7.83 334.07 216.11 29.33 -0.20
0.00 1875.57
775.70 14.34 9.32 5.76 332.38 225.53 29.95 -0.30
0.00 2234.86
739.30 11.04 6.35 2.53 329.40 232.09 30.03 -0.50
0.00 2638.66
700.00 7.34 2.81 -1.63 326.08 233.13 31.08 -0.70
0.00 3091.62
658.00 3.54 -1.27 -7.35 322.78 230.66 33.41 -1.00
0.00 3597.45
613.00 -0.66 -5.66 -14.23 320.39 229.07 36.77 -1.20
0.00 4167.78
565.70 -4.96 -10.17 -23.29 319.27 231.68 41.36 -1.40
0.00 4803.82
519.80 -9.16 -14.31 -34.94 319.69 234.35 45.67 -1.20
0.00 5463.20
478.40 -13.76 -18.23 -46.00 320.74 236.56 48.64 -0.90
0.00 6099.05
441.40 -18.46 -21.97 -48.22 322.18 237.42 53.03 -0.50
0.00 6704.74
407.90 -22.96 -25.56 -46.14 323.86 235.49 56.57 -0.20
0.00 7288.02
377.60 -27.26 -29.21 -47.46 325.35 236.26 63.31 0.10
0.00 7848.48
350.30 -31.26 -32.70 -48.13 326.99 239.28 69.60 0.40
0.00 8384.27
325.70 -34.56 -35.67 -49.42 329.28 238.88 74.42 0.60
0.00 8896.35
303.50 -36.46 -37.59 -56.53 333.03 236.83 83.78 0.70
0.00 9387.44
283.50 -37.36 -38.53 -62.52 338.16 237.33 97.14 0.80
0.00 9858.85
265.40 -38.66 -39.78 -66.04 342.65 237.60 107.67 0.80
0.00 10312.95
248.60 -40.96 -41.91 -66.52 345.68 237.28 114.28 0.90
0.00 10759.60
233.50 -43.76 -44.54 -71.85 347.64 236.78 119.11 0.80
0.00 11182.93
219.50 -46.76 -47.36 -72.27 349.21 236.59 121.00 0.70
0.00 11595.38
205.60 -50.16 -50.60 -72.72 350.45 237.01 119.50 0.60
0.00 12025.65
191.70 -53.56 -53.88 -73.19 352.08 238.22 114.70 0.50
0.00 12479.08
177.70 -56.76 -56.99 -73.70 354.55 239.45 107.38 0.40
0.00 12962.97
163.80 -59.86 -60.02 -74.24 357.70 241.95 100.37 0.20
0.00 13475.19
149.80 -62.76 -9999.00 -9999.00 -9999.00 246.24 95.94 0.10
0.00 14029.21
135.90 -65.16 -9999.00 -9999.00 -9999.00 246.46 85.61 -0.10
0.00 14625.50
121.90 -66.96 -9999.00 -9999.00 -9999.00 238.84 69.46 -0.10
0.00 15284.54
107.90 -69.16 -9999.00 -9999.00 -9999.00 235.55 60.78 -0.10
0.00 16016.91
94.00 -70.16 -9999.00 -9999.00 -9999.00 240.15 51.52 -0.10
0.00 16838.36
81.00 -69.36 -9999.00 -9999.00 -9999.00 249.87 39.51 0.00
0.00 17724.52
70.60 -66.76 -9999.00 -9999.00 -9999.00 242.56 34.15 0.00
0.00 18549.48
62.20 -63.56 -9999.00 -9999.00 -9999.00 231.80 26.69 0.00
0.00 19320.70
54.30 -60.96 -9999.00 -9999.00 -9999.00 215.62 16.01 0.00
0.00 20159.19
46.90 -57.26 -9999.00 -9999.00 -9999.00 177.40 8.55 0.00
0.00 21077.09
40.10 -56.06 -9999.00 -9999.00 -9999.00 160.97 5.96 0.00
0.00 22069.72
33.80 -54.66 -9999.00 -9999.00 -9999.00 113.81 7.23 0.00
0.00 23159.31
27.80 -53.96 -9999.00 -9999.00 -9999.00 78.37 6.74 0.00
0.00 24411.16
22.30 -51.26 -9999.00 -9999.00 -9999.00 90.00 10.68 0.00
0.00 25834.27
17.10 -47.66 -9999.00 -9999.00 -9999.00 88.78 9.13 0.00
0.00 27572.74
12.30 -45.06 -9999.00 -9999.00 -9999.00 353.80 8.99 0.00
0.00 29759.98

STID = KDAL STNM = 722583 TIME = 191021/0300 
SLAT = 32.84 SLON = -96.85 SELV = 138.0
STIM = 10

SHOW = -3.36 LIFT = -6.47 SWET = 453.02 KINX = 34.88
LCLP = 881.26 PWAT = 33.03 TOTL = 54.49 CAPE = 1854.28
LCLT = 291.09 CINS = -156.52 EQLV = 258.59 LFCT = 746.96
BRCH = 26.90

PRES TMPC TMWC DWPC THTE DRCT SKNT OMEG
CFRL HGHT
984.90 27.34 22.01 19.73 346.04 177.58 13.81 0.00
0.00 150.61
982.00 27.34 21.97 19.68 346.34 178.48 21.95 0.00
0.00 176.77
976.50 27.14 21.82 19.55 346.56 179.14 25.84 0.00
0.00 226.60
967.20 26.84 21.56 19.29 346.89 181.27 34.97 -0.10
0.00 311.42
953.40 26.44 21.02 18.65 346.75 183.58 40.48 -0.20
0.00 438.63
935.80 25.94 20.02 17.33 345.33 187.89 45.30 -0.20
0.00 603.26
914.70 24.94 18.43 15.24 342.19 190.16 47.36 -0.10
0.00 804.11
891.70 23.44 16.95 13.56 340.06 189.82 45.53 0.00
0.00 1027.30
866.70 21.54 15.20 11.63 337.52 193.08 39.49 0.10
0.00 1274.94
839.00 19.94 13.43 9.47 335.66 205.36 33.10 -0.10
0.00 1555.97
808.30 17.54 11.58 7.68 334.30 216.16 31.27 -0.20
0.00 1876.11
774.90 14.64 9.04 4.95 331.61 226.83 30.09 -0.20
0.00 2235.04
738.60 11.04 6.27 2.36 329.28 235.28 30.01 -0.20
0.00 2638.28
699.40 7.14 3.12 -0.67 327.02 238.39 32.61 -0.30
0.00 3090.37
657.40 3.24 -0.99 -6.07 323.60 239.77 36.65 -0.70
0.00 3596.31
612.50 -0.96 -5.51 -12.95 320.84 238.11 39.36 -1.10
0.00 4165.34
565.30 -5.36 -10.28 -22.36 319.16 235.86 41.53 -1.10
0.00 4799.76
519.50 -9.66 -14.67 -35.21 319.10 236.45 45.69 -0.70
0.00 5457.03
478.20 -14.26 -18.52 -43.54 320.31 237.53 50.66 -0.20
0.00 6090.46
441.20 -18.66 -21.95 -42.77 322.31 237.12 56.90 0.10
0.00 6695.61
407.80 -22.76 -25.33 -43.98 324.29 235.93 64.49 0.20
0.00 7277.37
377.50 -26.86 -28.76 -44.22 326.13 236.80 69.87 0.30
0.00 7838.67
350.20 -31.16 -32.42 -43.62 327.50 238.01 72.61 0.40
0.00 8375.19
325.60 -34.16 -35.28 -48.16 329.94 238.55 78.55 0.50
0.00 8887.96
303.40 -35.46 -36.73 -58.01 334.42 239.97 86.17 0.50
0.00 9380.66
283.40 -37.06 -38.26 -62.52 338.62 238.91 93.69 0.50
0.00 9853.53
265.40 -38.46 -39.60 -66.04 342.94 237.80 103.54 0.50
0.00 10305.68
248.60 -40.56 -41.57 -71.42 346.23 237.04 109.96 0.50
0.00 10752.90
233.50 -43.66 -44.45 -71.85 347.79 235.31 114.34 0.40
0.00 11176.69
219.50 -47.06 -47.65 -72.27 348.74 235.73 116.59 0.30
0.00 11588.95
205.60 -50.16 -50.60 -72.72 350.45 237.36 114.88 0.20
0.00 12018.94
191.70 -53.36 -53.68 -73.19 352.40 238.72 110.00 0.10
0.00 12472.57
177.70 -56.76 -56.99 -73.70 354.55 239.05 103.50 0.00
0.00 12956.69
163.80 -60.06 -60.22 -74.24 357.36 241.45 97.96 -0.10
0.00 13468.67
149.80 -63.46 -63.56 -74.84 360.75 246.43 94.74 -0.10
0.00 14021.51
135.90 -65.96 -9999.00 -9999.00 -9999.00 248.39 85.45 -0.20
0.00 14615.67
121.90 -67.56 -9999.00 -9999.00 -9999.00 241.81 70.30 -0.20
0.00 15272.47
108.00 -70.06 -9999.00 -9999.00 -9999.00 236.70 62.98 -0.10
0.00 15996.63
94.00 -70.36 -9999.00 -9999.00 -9999.00 242.69 53.34 0.00
0.00 16821.36
81.00 -68.86 -9999.00 -9999.00 -9999.00 253.35 39.34 0.00
0.00 17708.17
70.60 -66.56 -9999.00 -9999.00 -9999.00 240.66 30.54 0.00
0.00 18534.54
62.20 -62.66 -9999.00 -9999.00 -9999.00 234.46 28.40 0.00
0.00 19307.80
54.30 -59.96 -9999.00 -9999.00 -9999.00 206.19 13.21 0.00
0.00 20150.07
46.90 -56.16 -9999.00 -9999.00 -9999.00 202.62 7.58 0.00
0.00 21072.47
40.10 -56.06 -9999.00 -9999.00 -9999.00 166.76 3.40 0.00
0.00 22067.62
33.80 -54.66 -9999.00 -9999.00 -9999.00 127.48 7.34 0.00
0.00 23157.21
27.80 -53.06 -9999.00 -9999.00 -9999.00 113.96 9.56 0.00
0.00 24411.63
22.30 -51.66 -9999.00 -9999.00 -9999.00 105.04 13.48 0.00
0.00 25836.36
17.10 -48.26 -9999.00 -9999.00 -9999.00 107.53 15.48 0.00
0.00 27570.94
12.30 -45.16 -9999.00 -9999.00 -9999.00 6.01 11.13 0.00
0.00 29754.80

STID = KDAL STNM = 722583 TIME = 191021/0400 
SLAT = 32.84 SLON = -96.85 SELV = 138.0
STIM = 11

SHOW = -2.74 LIFT = -8.20 SWET = 406.57 KINX = 36.27
LCLP = 916.78 PWAT = 36.13 TOTL = 53.73 CAPE = 2494.88
LCLT = 293.51 CINS = -133.90 EQLV = 201.93 LFCT = 764.75
BRCH = 19.27

PRES TMPC TMWC DWPC THTE DRCT SKNT OMEG
CFRL HGHT
985.00 26.44 22.94 21.53 350.24 171.14 15.13 0.10
0.00 149.68
982.00 26.34 22.90 21.51 350.53 171.29 24.36 0.10
0.00 176.69
976.60 25.94 22.74 21.45 350.71 171.92 29.04 0.00
0.00 225.49
967.20 25.34 22.50 21.35 351.16 173.14 35.80 0.00
0.00 310.93
953.40 24.64 22.14 21.12 351.81 175.39 41.12 -0.10
0.00 437.60
935.60 24.64 21.41 20.07 351.47 180.50 44.87 -0.10
0.00 603.50
914.50 23.74 19.97 18.32 348.68 189.27 47.05 -0.10
0.00 803.86
891.50 22.64 18.02 15.80 344.35 194.61 46.97 0.00
0.00 1026.64
866.50 21.74 15.26 11.61 337.75 199.24 39.51 0.10
0.00 1274.22
838.80 20.64 12.98 8.07 334.06 210.84 31.45 0.10
0.00 1555.67
808.20 18.24 10.80 5.51 331.69 221.19 28.90 0.30
0.00 1875.41
774.80 15.14 8.51 3.35 329.93 232.65 27.86 0.60
0.00 2234.92
738.50 11.24 6.39 2.42 329.61 242.62 30.40 0.90
0.00 2638.62
699.30 7.04 3.92 1.20 329.23 250.39 35.88 0.90
0.00 3090.96
657.30 2.74 0.63 -1.46 327.71 253.23 44.42 0.70
0.00 3596.78
612.40 -1.16 -4.12 -8.05 324.07 250.07 49.59 0.10
0.00 4165.62
565.10 -4.86 -9.74 -20.94 320.28 241.17 48.33 -0.50
0.00 4802.15
519.40 -9.36 -14.67 -39.09 319.05 232.37 47.09 -0.80
0.00 5459.15
478.10 -14.16 -18.59 -49.28 320.15 229.84 52.10 -0.60
0.00 6093.16
441.10 -18.56 -21.87 -42.78 322.46 232.27 61.89 -0.30
0.00 6698.66
407.70 -22.46 -25.11 -44.48 324.67 233.86 70.47 -0.10
0.00 7281.02
377.50 -27.06 -28.80 -41.77 326.10 233.71 73.50 0.00
0.00 7840.66
350.20 -30.66 -31.97 -43.23 328.22 234.28 77.53 0.10
0.00 8377.52
325.60 -32.16 -33.68 -52.59 332.46 239.31 83.35 0.10
0.00 8892.95
303.40 -34.06 -35.53 -59.77 336.35 240.83 84.09 0.00
0.00 9389.15
283.40 -36.76 -37.95 -58.55 339.14 237.27 86.60 0.00
0.00 9863.72
265.40 -39.06 -40.12 -63.02 342.11 235.61 96.99 0.00
0.00 10315.58
248.60 -41.06 -42.00 -66.52 345.53 235.93 106.47 0.00
0.00 10761.76
233.50 -43.66 -44.45 -71.85 347.79 233.87 111.34 -0.10
0.00 11185.09
219.50 -47.06 -47.65 -72.27 348.74 233.54 112.78 -0.10
0.00 11597.35
205.60 -50.46 -50.89 -72.72 349.98 235.95 110.66 -0.10
0.00 12027.05
191.70 -53.66 -53.97 -73.19 351.92 237.93 106.82 -0.10
0.00 12480.07
177.70 -56.96 -57.18 -73.70 354.22 238.16 101.98 0.00
0.00 12963.63
163.80 -60.36 -60.51 -74.24 356.86 239.97 96.25 0.00
0.00 13475.01
149.80 -64.16 -64.25 -74.84 359.55 245.45 91.63 0.00
0.00 14026.55
135.90 -66.96 -9999.00 -9999.00 -9999.00 249.46 83.61 0.00
0.00 14618.29
121.90 -68.46 -9999.00 -9999.00 -9999.00 246.76 70.40 0.10
0.00 15272.06
108.00 -70.76 -9999.00 -9999.00 -9999.00 243.28 64.80 0.10
0.00 15993.39
94.00 -70.16 -9999.00 -9999.00 -9999.00 251.01 56.70 0.10
0.00 16817.10
81.00 -68.26 -9999.00 -9999.00 -9999.00 254.20 42.79 0.00
0.00 17705.66
70.60 -65.46 -9999.00 -9999.00 -9999.00 218.66 27.37 0.00
0.00 18535.45
62.20 -63.36 -9999.00 -9999.00 -9999.00 222.99 27.35 0.00
0.00 19309.45
54.30 -58.16 -9999.00 -9999.00 -9999.00 228.50 13.48 0.00
0.00 20153.90
46.90 -57.16 -9999.00 -9999.00 -9999.00 245.06 9.21 0.00
0.00 21078.02
40.10 -57.16 -9999.00 -9999.00 -9999.00 145.71 5.17 0.00
0.00 22068.36
33.80 -54.86 -9999.00 -9999.00 -9999.00 166.76 10.18 0.00
0.00 23154.70
27.80 -52.76 -9999.00 -9999.00 -9999.00 122.28 8.72 0.00
0.00 24409.40
22.30 -51.76 -9999.00 -9999.00 -9999.00 88.39 13.79 0.00
0.00 25834.77
17.10 -49.26 -9999.00 -9999.00 -9999.00 91.19 9.32 0.00
0.00 27565.08
12.30 -45.96 -9999.00 -9999.00 -9999.00 6.24 12.51 0.00
0.00 29740.26

STID = KDAL STNM = 722583 TIME = 191021/0500 
SLAT = 32.84 SLON = -96.85 SELV = 138.0
STIM = 12

SHOW = -4.22 LIFT = -8.84 SWET = 470.21 KINX = 39.12
LCLP = 938.00 PWAT = 44.33 TOTL = 53.98 CAPE = 2956.84
LCLT = 294.97 CINS = -41.71 EQLV = 183.08 LFCT = 784.06
BRCH = 28.25

PRES TMPC TMWC DWPC THTE DRCT SKNT OMEG
CFRL HGHT
985.80 26.04 23.60 22.64 353.18 181.53 14.57 0.10
0.00 149.66
982.90 25.94 23.52 22.57 353.30 182.84 23.52 0.10
0.00 175.74
977.40 25.54 23.34 22.47 353.37 183.18 28.01 0.10
0.00 225.35
968.00 24.94 23.07 22.31 353.63 183.81 35.04 0.10
0.00 310.66
954.20 23.94 22.60 22.04 353.78 185.31 41.94 0.10
0.00 437.08
936.40 23.04 22.07 21.65 354.37 187.77 47.44 0.10
0.00 602.32
915.20 21.94 21.37 21.09 354.79 191.35 50.33 0.10
4.00 802.58
892.10 21.04 20.22 19.83 353.61 196.08 46.29 0.10
6.00 1025.31
867.10 19.84 17.85 16.91 347.80 208.16 46.93 0.20
3.00 1271.83
839.20 19.24 14.07 11.11 337.92 216.44 41.53 0.30
0.00 1554.07
808.70 17.74 11.16 6.69 332.85 225.00 37.08 0.30
0.00 1871.78
775.20 14.84 9.24 5.20 332.18 231.15 35.92 0.40
0.00 2231.83
738.90 11.04 7.08 4.05 331.61 236.83 35.51 0.30
0.00 2635.16
699.70 6.84 4.50 2.57 330.80 245.16 37.45 0.20
0.00 3087.11
657.60 2.04 1.61 1.20 330.22 251.22 40.42 0.00
0.00 3593.32
612.60 -2.06 -2.11 -2.19 328.83 252.77 43.94 0.10
100.00 4162.07
565.30 -5.96 -7.97 -11.08 324.15 244.10 52.47 0.30
0.00 4796.70
519.50 -8.16 -12.34 -22.73 323.75 235.01 56.92 0.10
0.00 5455.60
478.20 -13.36 -16.36 -25.17 324.49 228.37 58.47 -0.30
0.00 6092.27
441.10 -17.76 -21.00 -37.40 324.02 227.32 67.91 -0.30
0.00 6701.44
407.80 -22.36 -24.82 -39.99 325.18 225.56 70.47 -0.20
0.00 7283.07
377.50 -26.56 -28.31 -40.41 326.91 226.67 75.31 -0.10
0.00 7845.19
350.20 -29.26 -31.01 -48.13 329.73 235.51 81.31 -0.20
0.00 8384.13
325.60 -31.66 -33.30 -54.69 333.07 239.97 83.47 -0.30
0.00 8901.57
303.40 -34.06 -35.49 -56.54 336.43 240.87 83.39 -0.30
0.00 9398.29
283.40 -37.06 -38.22 -58.55 338.71 238.11 84.19 -0.20
0.00 9872.56
265.40 -39.96 -40.90 -60.82 340.83 235.11 92.37 -0.20
0.00 10323.27
248.60 -41.96 -42.82 -66.52 344.19 236.73 104.10 -0.10
0.00 10767.72
233.50 -44.26 -45.00 -71.85 346.88 235.45 111.32 0.00
0.00 11189.67
219.50 -47.36 -47.93 -72.27 348.28 234.86 114.74 0.10
0.00 11601.13
205.60 -50.76 -51.17 -72.72 349.51 236.59 112.16 0.20
0.00 12030.25
191.70 -53.86 -54.16 -73.19 351.60 238.93 107.26 0.20
0.00 12482.75
177.70 -56.86 -57.08 -73.70 354.38 240.38 102.56 0.30
0.00 12966.21
163.80 -59.96 -60.12 -74.24 357.53 243.75 95.30 0.30
0.00 13478.19
149.80 -63.06 -63.17 -74.84 361.44 250.28 87.49 0.40
0.00 14031.68
135.90 -65.76 -9999.00 -9999.00 -9999.00 255.69 79.39 0.30
0.00 14626.70
121.90 -68.06 -9999.00 -9999.00 -9999.00 252.97 67.66 0.20
0.00 15283.02
108.00 -70.16 -9999.00 -9999.00 -9999.00 244.35 60.12 0.10
0.00 16006.12
94.00 -71.16 -9999.00 -9999.00 -9999.00 242.69 53.34 0.10
0.00 16829.02
81.00 -67.76 -9999.00 -9999.00 -9999.00 242.49 42.06 0.00
0.00 17716.48
70.60 -66.36 -9999.00 -9999.00 -9999.00 213.25 28.34 0.00
0.00 18545.47
62.20 -63.66 -9999.00 -9999.00 -9999.00 236.42 27.74 0.00
0.00 19317.25
54.30 -57.06 -9999.00 -9999.00 -9999.00 277.03 14.30 0.00
0.00 20163.29
46.90 -59.06 -9999.00 -9999.00 -9999.00 225.00 3.85 0.00
0.00 21085.69
40.10 -58.36 -9999.00 -9999.00 -9999.00 168.44 8.72 0.00
0.00 22068.92
33.80 -54.06 -9999.00 -9999.00 -9999.00 180.00 13.40 0.00
0.00 23154.26
27.80 -52.66 -9999.00 -9999.00 -9999.00 109.80 10.31 0.00
0.00 24411.54
22.30 -50.66 -9999.00 -9999.00 -9999.00 81.19 13.95 0.00
0.00 25840.78
17.10 -49.66 -9999.00 -9999.00 -9999.00 39.29 8.28 0.00
0.00 27573.81
12.30 -47.76 -9999.00 -9999.00 -9999.00 25.74 12.08 0.00
0.00 29738.38

STID = KDAL STNM = 722583 TIME = 191021/0600 
SLAT = 32.84 SLON = -96.85 SELV = 138.0
STIM = 13

SHOW = -5.47 LIFT = -7.93 SWET = 502.48 KINX = 41.32
LCLP = 938.79 PWAT = 46.89 TOTL = 54.25 CAPE = 2733.01
LCLT = 294.87 CINS = -8.99 EQLV = 185.76 LFCT = 845.88
BRCH = 44.78

PRES TMPC TMWC DWPC THTE DRCT SKNT OMEG
CFRL HGHT
985.50 25.84 23.46 22.52 352.59 203.67 15.48 0.00
0.00 149.66
982.50 25.64 23.36 22.45 352.59 200.77 24.11 0.00
0.00 176.62
977.10 25.24 23.17 22.34 352.61 199.04 29.18 -0.20
0.00 225.30
967.70 24.54 22.85 22.16 352.69 197.45 35.63 -0.50
0.00 310.52
953.90 23.44 22.36 21.89 352.71 196.98 41.24 -1.00
0.00 436.77
936.10 22.24 21.74 21.48 352.86 197.54 47.07 -1.60
4.00 601.69
915.00 21.24 20.99 20.83 353.09 199.82 50.99 -2.20
6.00 800.53
891.90 20.44 19.90 19.62 352.23 205.68 50.66 -2.60
10.00 1022.78
866.90 19.14 18.28 17.86 349.64 213.01 49.57 -2.70
5.00 1268.86
839.20 17.74 15.57 14.45 343.51 224.02 48.08 -2.60
0.00 1548.33
808.50 16.44 12.34 9.87 336.93 231.01 47.24 -2.70
0.00 1867.05
774.90 14.14 9.68 6.63 333.66 232.98 45.49 -3.20
0.00 2227.32
738.60 10.74 7.49 5.11 332.92 234.46 43.45 -3.90
0.00 2630.27
699.50 6.64 5.07 3.83 332.46 234.99 41.98 -4.20
0.00 3080.98
657.30 2.04 1.99 1.90 331.27 236.70 39.98 -3.80
0.00 3588.54
612.40 -2.76 -2.82 -2.92 327.14 240.60 40.37 -2.90
52.00 4155.53
565.10 -5.46 -8.41 -13.42 323.21 233.31 49.42 -1.80
0.00 4789.99
519.30 -8.76 -11.60 -17.31 325.39 229.17 58.53 -1.00
0.00 5449.05
478.00 -11.66 -16.35 -36.05 324.31 228.96 73.66 -0.80
0.00 6087.32
441.10 -16.66 -19.68 -31.43 326.42 229.08 75.33 -0.90
0.00 6696.56
407.70 -21.16 -23.27 -32.58 327.92 234.21 76.40 -1.20
0.00 7282.76
377.50 -24.26 -26.09 -35.60 330.66 241.07 71.46 -1.30
0.00 7847.13
350.20 -27.06 -28.34 -35.01 334.29 243.75 63.68 -1.00
0.00 8391.11
325.60 -31.26 -31.78 -34.71 335.71 241.45 60.16 -0.40
3.00 8911.47
303.40 -34.96 -35.42 -38.82 336.65 243.29 66.55 0.10
0.00 9407.81
283.40 -38.66 -39.11 -43.76 337.33 240.47 72.11 0.40
0.00 9879.68
265.40 -41.06 -41.83 -56.37 339.35 238.55 89.72 0.40
0.00 10327.83
248.60 -43.16 -43.92 -66.52 342.41 238.85 99.88 0.40
0.00 10770.09
233.50 -45.16 -45.81 -66.97 345.56 238.12 108.88 0.40
0.00 11190.12
219.50 -47.76 -48.30 -72.27 347.66 236.68 116.71 0.40
0.00 11600.39
205.60 -51.16 -51.55 -72.72 348.88 236.65 116.96 0.40
0.00 12028.75
191.70 -54.36 -54.65 -73.19 350.80 237.92 111.19 0.30
0.00 12480.33
177.70 -56.96 -57.18 -73.70 354.22 239.87 104.88 0.20
0.00 12963.12
163.80 -59.76 -59.92 -74.24 357.86 244.00 97.05 0.10
0.00 13475.22
149.80 -62.76 -62.88 -74.84 361.96 250.48 87.18 0.10
0.00 14029.37
135.90 -65.46 -9999.00 -9999.00 -9999.00 255.54 77.04 0.00
0.00 14625.24
121.90 -67.46 -9999.00 -9999.00 -9999.00 251.24 64.63 -0.10
0.00 15283.00
108.00 -69.46 -9999.00 -9999.00 -9999.00 241.63 58.06 -0.20
0.00 16008.39
94.00 -70.86 -9999.00 -9999.00 -9999.00 238.55 51.01 -0.20
0.00 16833.33
81.00 -70.76 -9999.00 -9999.00 -9999.00 237.47 42.62 -0.10
0.00 17714.91
70.60 -66.16 -9999.00 -9999.00 -9999.00 237.96 33.68 0.00
0.00 18538.27
62.20 -63.06 -9999.00 -9999.00 -9999.00 241.43 22.34 0.00
0.00 19311.52
54.30 -56.66 -9999.00 -9999.00 -9999.00 267.06 7.60 0.00
0.00 20159.56
46.90 -59.16 -9999.00 -9999.00 -9999.00 166.87 5.98 0.00
0.00 21082.60
40.10 -56.96 -9999.00 -9999.00 -9999.00 215.27 9.75 0.00
0.00 22068.81
33.80 -54.06 -9999.00 -9999.00 -9999.00 166.87 5.98 0.00
0.00 23157.65
27.80 -53.36 -9999.00 -9999.00 -9999.00 84.05 9.38 0.00
0.00 24412.93
22.30 -51.16 -9999.00 -9999.00 -9999.00 96.09 14.65 0.00
0.00 25838.30
17.10 -49.66 -9999.00 -9999.00 -9999.00 50.63 9.79 0.00
0.00 27569.39
12.30 -48.16 -9999.00 -9999.00 -9999.00 45.67 11.67 0.00
0.00 29732.03

STID = KDAL STNM = 722583 TIME = 191021/0700 
SLAT = 32.84 SLON = -96.85 SELV = 138.0
STIM = 14

SHOW = -2.96 LIFT = -5.26 SWET = 356.49 KINX = 40.07
LCLP = 980.35 PWAT = 48.38 TOTL = 49.69 CAPE = 2002.91
LCLT = 295.81 CINS = 0.00 EQLV = 208.16 LFCT = 947.91
BRCH = 66.52

PRES TMPC TMWC DWPC THTE DRCT SKNT OMEG
CFRL HGHT
988.30 23.34 22.99 22.79 349.93 241.26 13.73 0.00
0.00 148.65
985.30 23.14 22.83 22.64 349.67 239.53 22.98 0.00
0.00 175.30
979.90 22.74 22.59 22.46 349.45 239.11 26.48 -0.20
0.00 223.44
970.40 22.14 22.01 21.89 348.40 238.11 30.89 -0.50
0.00 308.62
956.50 21.44 21.35 21.24 347.72 238.13 35.68 -1.00
0.00 434.45
938.60 20.64 20.52 20.40 347.05 237.64 39.55 -1.80
99.00 598.75
917.40 19.54 19.44 19.33 345.95 237.19 42.29 -2.50
100.00 796.73
894.20 18.14 18.04 17.93 344.02 236.73 43.90 -3.20
100.00 1017.64
869.10 16.64 16.52 16.41 342.20 236.52 44.72 -3.70
100.00 1261.83
841.10 14.84 14.77 14.67 340.19 236.38 45.26 -4.00
100.00 1540.94
810.30 12.84 12.75 12.64 338.06 235.17 45.90 -4.30
100.00 1856.60
776.60 10.44 10.40 10.32 335.74 232.23 46.93 -4.60
100.00 2213.03
740.10 8.34 8.31 8.24 335.21 226.04 45.61 -4.50
100.00 2613.51
700.80 5.74 5.71 5.64 334.09 226.02 46.15 -3.80
85.00 3063.38
658.60 1.64 1.60 1.53 330.02 235.93 40.56 -2.80
80.00 3568.90
613.50 -2.56 -3.96 -5.70 324.28 232.27 41.26 -2.20
67.00 4136.93
566.10 -3.56 -7.84 -15.49 324.13 231.05 59.95 -2.10
48.00 4773.82
520.10 -6.86 -10.95 -19.61 326.47 234.52 68.94 -2.30
49.00 5439.24
478.70 -12.46 -15.24 -22.31 326.54 237.44 70.75 -2.40
60.00 6079.55
441.60 -16.46 -19.00 -27.27 327.62 238.03 71.91 -2.60
81.00 6690.82
408.20 -19.16 -20.84 -26.09 332.22 238.57 69.66 -2.60
85.00 7279.01
377.80 -21.96 -22.77 -25.22 336.57 237.80 60.14 -2.40
89.00 7851.64
350.40 -25.36 -26.26 -29.75 337.89 235.17 56.80 -2.20
93.00 8401.85
325.80 -30.26 -30.78 -33.47 337.34 233.21 55.79 -1.80
94.00 8924.86
303.50 -34.16 -34.80 -39.50 337.64 231.43 60.12 -1.40
81.00 9425.08
283.50 -38.06 -38.42 -41.67 338.43 229.27 57.17 -0.90
70.00 9898.18
265.50 -41.96 -42.15 -44.36 338.84 229.15 58.80 -0.60
66.00 10345.92
248.70 -45.76 -45.99 -49.96 339.08 232.50 74.67 -0.50
100.00 10784.71
233.50 -47.36 -47.80 -60.07 342.36 235.93 96.39 -0.60
0.00 11203.02
219.50 -48.96 -49.43 -72.27 345.81 236.53 111.31 -0.80
0.00 11610.23
205.60 -51.86 -52.22 -72.72 347.78 236.55 117.35 -0.70
0.00 12036.76
191.70 -55.46 -55.71 -73.19 349.03 237.43 116.18 -0.50
0.00 12486.50
177.70 -58.66 -58.84 -73.70 351.43 239.44 109.63 -0.30
0.00 12966.18
163.70 -61.26 -61.39 -74.25 355.41 243.04 101.55 -0.10
0.00 13478.27
149.80 -63.56 -63.66 -74.84 360.58 248.84 90.40 0.00
0.00 14025.65
135.80 -65.96 -9999.00 -9999.00 -9999.00 254.78 77.70 0.10
0.00 14624.16
121.90 -67.66 -9999.00 -9999.00 -9999.00 251.84 62.96 0.10
0.00 15276.35
107.90 -69.06 -9999.00 -9999.00 -9999.00 241.58 56.31 0.10
0.00 16007.66
94.00 -70.46 -9999.00 -9999.00 -9999.00 236.79 51.77 0.00
0.00 16828.71
81.00 -70.76 -9999.00 -9999.00 -9999.00 236.74 43.20 0.00
0.00 17711.16
70.60 -66.66 -9999.00 -9999.00 -9999.00 238.19 36.11 0.00
0.00 18533.51
62.20 -61.46 -9999.00 -9999.00 -9999.00 232.66 23.70 0.00
0.00 19308.81
54.30 -59.16 -9999.00 -9999.00 -9999.00 227.86 5.50 0.00
0.00 20155.05
46.90 -59.76 -9999.00 -9999.00 -9999.00 168.69 2.97 0.00
0.00 21071.45
40.10 -56.56 -9999.00 -9999.00 -9999.00 207.26 7.21 0.00
0.00 22057.20
33.80 -54.36 -9999.00 -9999.00 -9999.00 124.11 7.26 0.00
0.00 23146.29
27.80 -52.76 -9999.00 -9999.00 -9999.00 85.68 10.33 0.00
0.00 24402.42
22.30 -52.26 -9999.00 -9999.00 -9999.00 95.44 16.39 0.00
0.00 25826.18
17.10 -50.06 -9999.00 -9999.00 -9999.00 55.94 16.65 0.00
0.00 27551.44
12.30 -48.36 -9999.00 -9999.00 -9999.00 52.31 10.80 0.00
0.00 29711.19

STID = KDAL STNM = 722583 TIME = 191021/0800 
SLAT = 32.84 SLON = -96.85 SELV = 138.0
STIM = 15

SHOW = 7.88 LIFT = 2.51 SWET = 109.60 KINX = 18.45
LCLP = 913.02 PWAT = 25.78 TOTL = 36.49 CAPE = 0.32
LCLT = 289.93 CINS = -226.33 EQLV = 606.43 LFCT = 627.74
BRCH = 0.01

PRES TMPC TMWC DWPC THTE DRCT SKNT OMEG
CFRL HGHT
988.60 23.44 19.79 18.04 336.45 263.88 10.94 0.00
0.00 151.27
985.60 23.44 19.43 17.46 335.46 266.01 16.74 0.00
0.00 177.86
980.20 23.24 18.96 16.82 334.47 267.17 19.64 0.00
0.00 225.90
970.80 22.64 18.12 15.76 332.67 270.00 21.95 0.00
0.00 310.03
957.00 21.64 16.98 14.42 330.53 274.40 22.79 0.00
32.00 434.62
939.30 20.34 15.48 12.60 327.82 285.47 22.57 0.10
58.00 596.35
918.30 18.94 13.55 10.00 324.40 301.80 22.86 0.40
68.00 791.21
895.20 18.34 11.53 6.40 321.28 305.24 21.87 0.70
72.00 1009.81
870.20 17.74 9.70 2.80 319.27 289.69 19.60 1.00
73.00 1252.12
842.30 16.54 7.37 -2.08 316.53 284.77 22.11 1.00
73.00 1529.80
811.60 14.14 6.75 -0.37 319.33 270.49 22.92 0.90
63.00 1844.14
778.00 11.34 7.98 5.45 328.02 241.36 31.22 0.80
63.00 2199.23
741.40 8.94 5.84 3.30 327.65 229.99 41.08 0.80
62.00 2600.48
701.90 5.74 1.90 -2.05 323.46 233.46 40.13 0.60
65.00 3051.53
659.70 2.24 -1.98 -7.47 320.89 245.42 47.63 0.20
61.00 3555.76
614.50 -1.16 -4.89 -10.38 321.94 244.14 56.12 -0.20
21.00 4125.43
566.90 -4.36 -9.34 -20.47 320.75 239.47 61.56 -0.50
0.00 4764.37
520.80 -8.16 -13.72 -36.34 320.55 237.78 65.21 -0.70
0.00 5427.32
479.20 -12.26 -17.19 -46.71 322.40 234.69 68.55 -0.60
0.00 6068.14
442.00 -16.06 -20.01 -42.30 325.47 231.91 73.06 -0.40
0.00 6680.80
408.40 -19.26 -22.70 -45.55 328.57 232.21 77.68 -0.30
0.00 7272.15
378.00 -22.36 -25.32 -48.11 331.70 231.23 80.96 -0.10
0.00 7843.55
350.60 -26.16 -28.18 -41.77 334.36 228.50 78.85 0.00
0.00 8391.83
325.90 -30.16 -31.42 -40.07 336.18 227.35 77.12 0.00
0.00 8915.83
303.60 -34.26 -35.06 -41.57 337.16 225.72 76.79 -0.10
0.00 9415.82
283.60 -38.36 -38.85 -43.75 337.70 222.77 77.53 -0.10
3.00 9888.34
265.50 -42.26 -42.59 -46.98 338.13 222.51 79.06 -0.30
100.00 10337.89
248.70 -45.36 -45.81 -55.81 339.35 228.64 90.83 -0.40
0.00 10776.75
233.50 -47.76 -48.25 -66.97 341.62 233.81 97.71 -0.50
0.00 11195.05
219.50 -49.76 -50.17 -67.42 344.62 235.76 106.68 -0.50
0.00 11601.17
205.60 -52.36 -52.68 -67.89 347.04 235.83 115.52 -0.30
0.00 12026.46
191.60 -55.66 -55.90 -73.19 348.76 236.47 116.74 -0.20
0.00 12478.83
177.70 -58.86 -59.03 -73.70 351.11 238.19 110.18 0.00
0.00 12954.77
163.70 -60.96 -61.10 -74.25 355.91 241.95 100.37 0.10
0.00 13466.98
149.80 -63.06 -9999.00 -9999.00 -9999.00 248.39 88.60 0.20
0.00 14015.40
135.80 -65.56 -9999.00 -9999.00 -9999.00 252.28 74.03 0.20
0.00 14615.19
121.90 -67.36 -9999.00 -9999.00 -9999.00 246.92 62.92 0.20
0.00 15268.50
107.90 -68.86 -9999.00 -9999.00 -9999.00 236.10 58.51 0.00
0.00 16000.69
94.00 -71.06 -9999.00 -9999.00 -9999.00 230.43 53.67 0.00
0.00 16820.94
81.00 -71.16 -9999.00 -9999.00 -9999.00 235.77 45.57 0.00
0.00 17701.21
70.60 -64.66 -9999.00 -9999.00 -9999.00 242.77 37.35 0.10
0.00 18526.77
62.20 -59.46 -9999.00 -9999.00 -9999.00 229.86 21.10 0.00
0.00 19309.49
54.30 -59.86 -9999.00 -9999.00 -9999.00 214.70 6.14 0.00
0.00 20158.31
46.90 -58.76 -9999.00 -9999.00 -9999.00 197.88 6.33 0.00
0.00 21075.36
40.10 -54.96 -9999.00 -9999.00 -9999.00 175.76 10.51 0.00
0.00 22067.07
33.80 -53.66 -9999.00 -9999.00 -9999.00 85.10 6.82 0.00
0.00 23161.91
27.80 -51.86 -9999.00 -9999.00 -9999.00 70.10 11.99 0.00
0.00 24422.62
22.30 -54.06 -9999.00 -9999.00 -9999.00 95.26 14.82 0.00
0.00 25843.48
17.10 -49.06 -9999.00 -9999.00 -9999.00 81.12 12.59 0.00
0.00 27565.63
12.30 -46.76 -9999.00 -9999.00 -9999.00 30.26 10.80 0.00
0.00 29737.91

STID = KDAL STNM = 722583 TIME = 191021/0900 
SLAT = 32.84 SLON = -96.85 SELV = 138.0
STIM = 16

SHOW = 10.38 LIFT = 8.71 SWET = 106.98 KINX = 8.23
LCLP = 898.52 PWAT = 16.03 TOTL = 31.53 CAPE = 0.00
LCLT = 285.57 CINS = 0.00 EQLV = -9999.00 LFCT = -9999.00
BRCH = 0.00

PRES TMPC TMWC DWPC THTE DRCT SKNT OMEG
CFRL HGHT
990.00 20.44 16.33 13.91 323.88 305.17 10.45 0.00
0.00 148.47
987.00 20.54 16.01 13.27 323.18 307.26 17.33 0.00
0.00 174.72
981.60 20.34 15.62 12.71 322.61 309.67 20.69 0.00
0.00 222.14
972.20 20.04 14.95 11.71 321.70 314.70 25.95 0.00
0.00 305.22
958.30 19.44 13.82 10.00 319.95 323.20 31.78 -0.10
0.00 429.31
940.50 19.24 11.59 5.38 315.51 331.70 37.28 -0.10
0.00 590.52
919.40 18.34 9.19 0.09 311.42 335.40 40.60 -0.30
18.00 785.02
896.30 16.64 8.53 0.60 312.66 338.51 39.24 -0.50
22.00 1002.07
871.50 16.34 8.33 0.70 315.34 329.42 24.83 -0.40
23.00 1240.62
843.60 16.14 5.90 -6.83 312.40 295.58 20.24 0.00
23.00 1516.85
812.80 14.14 3.07 -15.96 309.36 287.63 26.30 0.20
13.00 1831.10
779.10 11.74 2.18 -12.66 312.08 265.78 23.76 0.00
13.00 2186.07
742.60 8.44 2.83 -3.30 319.39 239.19 24.65 0.00
12.00 2584.59
703.10 5.54 -0.17 -7.67 318.10 241.70 31.55 0.20
15.00 3033.76
660.60 1.94 -2.80 -9.60 318.84 249.70 45.36 0.20
0.00 3540.01
615.30 -1.36 -5.67 -12.74 320.04 249.36 60.61 -0.20
0.00 4109.49
567.60 -3.86 -10.32 -31.42 318.40 247.29 63.38 -0.80
0.00 4749.05
521.30 -7.96 -13.92 -45.22 319.96 240.86 63.83 -1.20
0.00 5414.81
479.60 -12.46 -17.24 -43.51 322.27 233.59 68.07 -1.30
0.00 6056.56
442.30 -16.46 -20.26 -41.43 324.98 230.74 72.75 -1.10
0.00 6669.71
408.70 -19.66 -23.01 -46.13 327.95 230.01 78.59 -0.80
0.00 7259.71
378.20 -22.56 -25.53 -50.40 331.26 228.01 83.62 -0.60
0.00 7831.94
350.70 -26.36 -28.75 -52.96 333.27 226.11 85.45 -0.50
0.00 8381.52
326.00 -30.16 -31.95 -50.86 335.18 225.46 85.57 -0.40
0.00 8905.07
303.70 -34.36 -35.48 -47.16 336.40 224.35 84.75 -0.30
0.00 9404.74
283.60 -38.56 -39.12 -45.17 337.25 222.26 83.20 -0.30
0.00 9879.22
265.50 -42.66 -42.91 -46.16 337.62 220.93 85.10 -0.30
100.00 10328.19
248.70 -46.06 -46.44 -54.84 338.35 227.44 90.46 -0.30
0.00 10766.00
233.50 -48.86 -49.29 -66.97 339.95 232.92 93.75 -0.20
0.00 11182.64
219.60 -50.66 -51.02 -67.41 343.19 233.97 103.05 -0.10
0.00 11583.97
205.60 -52.66 -52.96 -67.89 346.57 234.02 115.71 0.00
0.00 12011.06
191.70 -55.76 -56.00 -73.19 348.55 234.72 118.73 0.20
0.00 12459.68
177.70 -58.66 -58.84 -73.70 351.43 235.93 113.03 0.20
0.00 12939.02
163.80 -60.76 -60.90 -74.24 356.19 239.35 103.63 0.20
0.00 13447.90
149.80 -62.86 -9999.00 -9999.00 -9999.00 245.01 91.51 0.20
0.00 14000.61
135.80 -65.26 -9999.00 -9999.00 -9999.00 247.63 76.05 0.20
0.00 14601.13
121.90 -67.46 -9999.00 -9999.00 -9999.00 241.78 63.27 0.20
0.00 15254.75
107.90 -70.06 -9999.00 -9999.00 -9999.00 234.57 60.31 0.10
0.00 15984.63
94.00 -71.66 -9999.00 -9999.00 -9999.00 231.31 58.74 0.10
0.00 16801.24
81.00 -69.66 -9999.00 -9999.00 -9999.00 237.43 49.79 0.10
0.00 17683.47
70.60 -62.26 -9999.00 -9999.00 -9999.00 244.83 35.63 0.00
0.00 18516.88
62.20 -58.16 -9999.00 -9999.00 -9999.00 230.75 17.81 -0.10
0.00 19306.45
54.30 -60.26 -9999.00 -9999.00 -9999.00 212.74 3.22 -0.10
0.00 20157.07
46.90 -59.76 -9999.00 -9999.00 -9999.00 177.27 8.16 0.00
0.00 21071.11
40.10 -57.36 -9999.00 -9999.00 -9999.00 177.95 10.88 0.00
0.00 22055.03
33.80 -53.86 -9999.00 -9999.00 -9999.00 121.22 7.50 0.00
0.00 23143.36
27.80 -51.76 -9999.00 -9999.00 -9999.00 106.70 14.20 0.00
0.00 24403.79
22.30 -52.66 -9999.00 -9999.00 -9999.00 82.33 10.20 0.00
0.00 25829.48
17.10 -48.46 -9999.00 -9999.00 -9999.00 57.09 11.79 0.00
0.00 27559.41
12.30 -47.96 -9999.00 -9999.00 -9999.00 31.50 7.07 0.00
0.00 29728.80

STID = KDAL STNM = 722583 TIME = 191021/1000 
SLAT = 32.84 SLON = -96.85 SELV = 138.0
STIM = 17

SHOW = 11.96 LIFT = 10.84 SWET = 106.73 KINX = 3.52
LCLP = 905.30 PWAT = 13.30 TOTL = 28.49 CAPE = 0.00
LCLT = 283.96 CINS = 0.00 EQLV = -9999.00 LFCT = -9999.00
BRCH = 0.00

PRES TMPC TMWC DWPC THTE DRCT SKNT OMEG
CFRL HGHT
991.00 18.24 14.57 12.18 318.19 303.69 9.81 0.00
0.00 150.11
988.10 18.44 14.29 11.52 317.67 306.74 17.21 -0.10
0.00 175.25
982.60 18.34 13.95 10.96 317.32 308.40 20.32 -0.10
0.00 223.12
973.30 18.14 13.22 9.73 316.30 313.52 26.52 -0.30
0.00 304.63
959.50 17.94 12.15 7.73 314.87 323.48 31.66 -0.30
0.00 426.89
941.80 17.44 10.65 4.89 312.81 336.44 36.44 -0.30
0.00 586.01
920.60 16.44 8.71 1.10 310.15 342.66 38.46 -0.10
0.00 779.94
897.50 15.04 6.65 -3.07 307.71 344.10 37.57 0.10
0.00 995.35
872.50 14.24 5.59 -5.11 308.17 339.26 29.08 0.30
0.00 1233.80
844.60 14.94 5.22 -7.35 310.66 297.70 17.56 0.50
0.00 1507.99
813.80 13.04 2.60 -15.43 308.25 290.20 25.87 0.70
0.00 1820.61
780.10 10.94 1.00 -17.56 309.14 279.68 33.51 0.80
0.00 2173.89
743.40 7.94 0.09 -12.34 312.51 254.52 26.20 0.60
0.00 2572.88
703.90 4.34 -1.60 -10.59 314.68 240.78 26.26 0.30
0.00 3019.83
661.30 0.84 -3.85 -11.22 316.41 249.34 36.32 0.30
0.00 3524.46
615.90 -2.26 -6.70 -14.77 317.75 251.44 56.14 0.40
0.00 4092.41
568.10 -4.86 -10.61 -27.62 317.86 250.27 62.74 0.20
0.00 4730.44
521.70 -7.96 -13.95 -46.73 319.82 244.26 66.63 -0.10
0.00 5395.87
479.90 -12.56 -17.25 -41.99 322.20 234.98 72.11 -0.50
0.00 6038.59
442.50 -16.66 -20.42 -41.85 324.64 230.16 76.40 -0.60
0.00 6652.71
408.80 -19.56 -22.98 -47.41 327.98 228.76 81.62 -0.60
0.00 7244.13
378.30 -22.36 -25.42 -52.32 331.42 226.28 86.01 -0.50
0.00 7816.56
350.80 -25.96 -28.41 -51.96 333.82 224.28 87.65 -0.50
0.00 8366.64
326.00 -30.06 -31.80 -48.76 335.44 222.39 87.32 -0.40
0.00 8892.78
303.70 -34.46 -35.63 -48.78 336.14 221.49 87.39 -0.40
0.00 9392.45
283.60 -38.76 -39.55 -50.62 336.53 221.01 88.81 -0.40
0.00 9866.61
265.50 -42.96 -43.54 -55.27 336.58 223.17 90.56 -0.40
0.00 10315.06
248.70 -46.46 -46.92 -59.58 337.59 228.37 91.22 -0.40
0.00 10752.18
233.50 -49.06 -49.45 -63.98 339.70 230.96 95.30 -0.30
0.00 11168.26
219.50 -50.16 -50.55 -67.42 344.01 231.42 108.08 -0.20
0.00 11572.84
205.60 -52.26 -52.58 -67.89 347.20 231.88 119.25 -0.10
0.00 11997.84
191.70 -55.26 -55.51 -73.19 349.35 232.17 118.78 0.00
0.00 12447.38
177.70 -57.76 -57.96 -73.70 352.91 234.08 112.26 0.00
0.00 12928.28
163.80 -59.66 -9999.00 -9999.00 -9999.00 239.52 101.88 0.00
0.00 13439.54
149.80 -62.26 -9999.00 -9999.00 -9999.00 246.59 89.96 0.00
0.00 13994.47
135.90 -64.86 -9999.00 -9999.00 -9999.00 247.24 75.84 0.00
0.00 14591.91
121.90 -67.16 -9999.00 -9999.00 -9999.00 243.51 64.02 0.00
0.00 15251.10
107.90 -70.06 -9999.00 -9999.00 -9999.00 239.76 58.24 0.00
0.00 15981.51
94.00 -71.96 -9999.00 -9999.00 -9999.00 234.69 57.13 0.00
0.00 16797.51
81.00 -69.16 -9999.00 -9999.00 -9999.00 241.08 48.60 0.10
0.00 17680.18
70.60 -62.26 -9999.00 -9999.00 -9999.00 247.75 32.32 0.00
0.00 18514.60
62.20 -60.26 -9999.00 -9999.00 -9999.00 225.00 20.05 0.00
0.00 19300.28
54.30 -61.56 -9999.00 -9999.00 -9999.00 189.06 13.58 0.00
0.00 20144.14
46.90 -59.26 -9999.00 -9999.00 -9999.00 181.27 17.48 0.00
0.00 21056.46
40.10 -55.36 -9999.00 -9999.00 -9999.00 192.41 9.95 0.00
0.00 22046.11
33.80 -53.06 -9999.00 -9999.00 -9999.00 100.08 8.88 0.00
0.00 23141.46
27.80 -54.06 -9999.00 -9999.00 -9999.00 90.00 11.65 0.00
0.00 24397.59
22.30 -53.76 -9999.00 -9999.00 -9999.00 66.50 9.75 0.00
0.00 25812.31
17.10 -48.86 -9999.00 -9999.00 -9999.00 66.30 8.70 0.00
0.00 27536.41
12.30 -47.56 -9999.00 -9999.00 -9999.00 326.31 7.71 0.00
0.00 29705.80

STID = KDAL STNM = 722583 TIME = 191021/1100 
SLAT = 32.84 SLON = -96.85 SELV = 138.0
STIM = 18

SHOW = 14.10 LIFT = 14.38 SWET = 110.45 KINX = -5.09
LCLP = 896.49 PWAT = 10.87 TOTL = 22.53 CAPE = 0.00
LCLT = 282.01 CINS = 0.00 EQLV = -9999.00 LFCT = -9999.00
BRCH = 0.00

PRES TMPC TMWC DWPC THTE DRCT SKNT OMEG
CFRL HGHT
993.30 17.24 13.24 10.39 313.97 329.04 10.20 0.00
0.00 149.17
990.40 17.54 12.99 9.66 313.56 331.49 17.91 -0.10
0.00 174.16
985.00 17.44 12.61 9.00 313.13 332.97 21.37 -0.10
0.00 220.88
975.50 17.14 11.74 7.45 311.80 337.47 28.40 -0.10
0.00 303.62
961.70 16.64 10.33 4.79 309.60 342.66 35.20 -0.10
0.00 425.03
943.90 15.84 8.09 -0.19 305.84 345.82 38.87 -0.10
0.00 583.75
922.70 15.04 5.61 -7.68 302.14 347.59 39.78 -0.10
0.00 776.01
899.60 14.34 5.63 -5.62 304.99 346.98 31.90 0.00
0.00 989.96
874.60 14.84 5.56 -6.41 307.75 326.63 19.08 0.20
0.00 1227.74
846.50 14.14 3.66 -13.42 306.55 299.39 19.39 0.50
0.00 1503.05
815.60 12.14 1.59 -19.92 305.67 290.20 25.87 0.90
0.00 1814.92
781.80 10.84 0.62 -20.41 307.98 273.08 32.48 0.90
0.00 2167.77
745.00 8.74 0.12 -14.39 312.24 256.87 35.90 0.40
0.00 2567.41
705.30 4.84 -1.90 -13.05 313.71 246.29 31.39 -0.10
0.00 3016.64
662.60 0.64 -4.04 -11.55 315.78 249.85 34.97 -0.10
0.00 3521.65
617.00 -2.66 -7.10 -15.51 316.74 254.08 53.13 0.20
0.00 4090.37
568.90 -5.66 -10.95 -26.15 317.12 252.84 60.59 0.40
0.00 4729.96
522.40 -7.96 -13.83 -42.18 319.96 244.88 69.08 0.20
0.00 5394.94
480.40 -12.66 -17.27 -40.65 322.09 236.23 75.49 -0.20
0.00 6039.87
442.90 -16.86 -20.64 -43.72 324.16 232.14 78.50 -0.60
0.00 6654.66
409.10 -19.96 -23.37 -51.65 327.19 229.83 81.60 -0.70
0.00 7246.65
378.50 -22.86 -25.84 -54.72 330.63 227.37 86.32 -0.60
0.00 7819.54
351.00 -26.26 -28.67 -52.95 333.32 225.97 89.16 -0.30
0.00 8368.44
326.10 -30.26 -32.05 -51.68 334.97 223.87 90.27 -0.20
0.00 8895.92
303.80 -34.56 -35.81 -51.47 335.81 221.68 90.25 -0.20
0.00 9395.11
283.70 -38.86 -39.71 -52.86 336.23 220.65 90.64 -0.20
0.00 9868.90
265.50 -43.06 -43.64 -55.27 336.44 222.46 89.78 -0.20
0.00 10319.55
248.70 -46.76 -47.17 -58.14 337.18 225.43 91.34 -0.10
0.00 10756.28
233.50 -49.16 -49.55 -63.98 339.54 227.63 95.71 0.00
0.00 11171.99
219.60 -50.26 -50.64 -67.41 343.81 228.63 106.39 0.20
0.00 11573.41
205.60 -52.06 -52.39 -67.89 347.51 229.48 117.79 0.20
0.00 12001.47
191.70 -54.76 -55.03 -73.19 350.16 230.36 117.54 0.20
0.00 12451.73
177.70 -57.26 -57.47 -73.70 353.73 233.61 110.99 0.10
0.00 12933.74
163.80 -59.96 -9999.00 -9999.00 -9999.00 239.04 101.94 0.10
0.00 13445.24
149.80 -62.86 -9999.00 -9999.00 -9999.00 242.05 89.94 0.10
0.00 13998.99
135.90 -64.86 -9999.00 -9999.00 -9999.00 242.01 77.00 0.20
0.00 14595.57
121.90 -67.26 -9999.00 -9999.00 -9999.00 242.47 66.82 0.20
0.00 15254.60
107.90 -70.36 -9999.00 -9999.00 -9999.00 238.88 60.14 0.10
0.00 15984.30
94.00 -71.26 -9999.00 -9999.00 -9999.00 232.94 59.63 0.10
0.00 16801.11
81.00 -66.86 -9999.00 -9999.00 -9999.00 237.92 47.92 0.00
0.00 17690.32
70.60 -60.96 -9999.00 -9999.00 -9999.00 249.84 26.50 0.00
0.00 18531.97
62.20 -60.76 -9999.00 -9999.00 -9999.00 211.87 16.92 0.00
0.00 19319.13
54.30 -62.76 -9999.00 -9999.00 -9999.00 190.44 15.02 0.00
0.00 20159.61
46.90 -59.16 -9999.00 -9999.00 -9999.00 181.30 17.09 0.00
0.00 21069.58
40.10 -55.36 -9999.00 -9999.00 -9999.00 190.30 8.68 0.00
0.00 22059.46
33.80 -54.96 -9999.00 -9999.00 -9999.00 95.08 8.78 0.00
0.00 23150.05
27.80 -55.06 -9999.00 -9999.00 -9999.00 83.29 9.98 0.00
0.00 24397.88
22.30 -52.56 -9999.00 -9999.00 -9999.00 82.57 9.01 0.00
0.00 25813.26
17.10 -49.46 -9999.00 -9999.00 -9999.00 46.43 10.99 0.00
0.00 27539.68
12.30 -48.46 -9999.00 -9999.00 -9999.00 329.74 2.70 0.00
0.00 29701.84

STID = KDAL STNM = 722583 TIME = 191021/1200 
SLAT = 32.84 SLON = -96.85 SELV = 138.0
STIM = 19

SHOW = 15.43 LIFT = 16.17 SWET = 113.31 KINX = -7.74
LCLP = 892.05 PWAT = 9.44 TOTL = 19.82 CAPE = 0.00
LCLT = 280.30 CINS = 0.00 EQLV = -9999.00 LFCT = -9999.00
BRCH = 0.00

PRES TMPC TMWC DWPC THTE DRCT SKNT OMEG
CFRL HGHT
993.80 15.94 11.90 8.75 310.16 331.39 9.73 0.00
0.00 148.26
990.70 16.24 11.62 7.92 309.73 332.61 18.16 -0.10
0.00 174.82
985.30 16.14 11.23 7.20 309.31 333.90 21.64 -0.10
0.00 221.29
975.90 15.94 10.32 5.38 307.96 338.06 29.12 -0.20
0.00 302.74
962.10 15.44 8.94 2.58 305.97 341.05 34.09 -0.20
0.00 423.54
944.30 14.64 6.59 -3.29 302.18 343.77 38.23 -0.10
0.00 581.45
923.10 14.54 4.79 -10.55 300.19 344.79 39.26 0.00
0.00 772.99
900.00 14.04 4.48 -10.21 302.15 344.01 31.72 0.00
0.00 986.47
874.90 13.34 4.28 -8.81 304.74 334.42 20.24 0.10
0.00 1224.26
846.90 12.34 2.53 -14.86 304.03 309.01 19.76 0.30
0.00 1496.86
816.00 10.34 0.21 -24.46 302.68 296.57 23.89 0.40
0.00 1806.57
782.10 8.74 -1.22 -29.18 303.95 285.32 29.41 0.40
0.00 2157.80
745.30 8.64 -0.57 -18.58 310.51 263.32 43.41 0.20
0.00 2555.60
705.60 5.24 -1.50 -12.21 314.56 241.28 39.20 -0.30
0.00 3004.83
662.90 0.84 -3.90 -11.44 316.04 245.21 42.15 -0.70
0.00 3510.19
617.20 -3.36 -7.39 -14.99 316.14 250.95 51.17 -0.60
0.00 4079.44
569.10 -6.16 -11.29 -26.28 316.46 255.27 61.87 -0.30
0.00 4717.39
522.50 -8.36 -13.99 -39.43 319.68 244.54 72.30 -0.10
0.00 5382.51
480.50 -12.96 -17.51 -41.51 321.63 237.85 75.93 0.00
0.00 6026.45
443.00 -16.26 -20.36 -49.95 324.55 234.36 79.35 0.00
0.00 6641.45
409.20 -19.36 -22.94 -52.78 327.90 231.73 84.36 -0.10
0.00 7234.67
378.50 -23.26 -26.16 -54.72 330.10 228.97 85.24 -0.20
0.00 7809.60
351.00 -27.46 -29.69 -55.35 331.62 226.55 86.15 -0.20
0.00 8356.73
326.20 -31.56 -33.24 -55.95 332.99 224.64 88.19 -0.10
0.00 8879.32
303.80 -35.46 -36.66 -54.16 334.42 222.74 90.73 0.00
0.00 9378.37
283.70 -39.06 -39.91 -53.75 335.90 221.22 91.69 0.10
0.00 9851.05
265.50 -42.86 -43.43 -54.30 336.77 221.89 93.67 0.20
0.00 10301.70
248.70 -46.26 -46.70 -58.14 337.93 225.00 97.51 0.20
0.00 10739.10
233.50 -48.06 -48.50 -63.98 341.21 226.85 102.25 0.20
0.00 11156.29
219.60 -49.26 -49.69 -67.41 345.35 228.35 112.82 0.20
0.00 11559.60
205.60 -51.26 -51.65 -72.72 348.72 230.62 120.63 0.20
0.00 11989.39
191.70 -53.96 -54.26 -73.19 351.44 233.41 117.33 0.20
0.00 12441.29
177.70 -56.76 -56.99 -73.70 354.55 236.48 109.75 0.10
0.00 12924.74
163.80 -59.56 -9999.00 -9999.00 -9999.00 239.11 100.27 0.00
0.00 13437.31
149.80 -61.96 -9999.00 -9999.00 -9999.00 240.33 88.31 0.00
0.00 13992.77
135.90 -64.06 -9999.00 -9999.00 -9999.00 240.26 75.17 0.00
0.00 14591.77
121.90 -67.26 -9999.00 -9999.00 -9999.00 240.83 64.96 0.00
0.00 15252.07
107.90 -70.96 -9999.00 -9999.00 -9999.00 238.01 59.77 0.10
0.00 15980.70
94.00 -70.66 -9999.00 -9999.00 -9999.00 237.31 58.62 0.10
0.00 16797.51
81.00 -64.86 -9999.00 -9999.00 -9999.00 241.75 44.33 0.00
0.00 17692.38
70.60 -62.36 -9999.00 -9999.00 -9999.00 253.51 25.33 -0.10
0.00 18535.24
62.20 -61.76 -9999.00 -9999.00 -9999.00 211.30 16.82 0.00
0.00 19317.95
54.30 -62.56 -9999.00 -9999.00 -9999.00 204.88 14.78 0.00
0.00 20156.84
46.90 -58.46 -9999.00 -9999.00 -9999.00 187.21 15.46 0.00
0.00 21068.74
40.10 -55.46 -9999.00 -9999.00 -9999.00 177.51 4.47 0.00
0.00 22059.99
33.80 -56.06 -9999.00 -9999.00 -9999.00 79.46 8.49 0.00
0.00 23147.58
27.80 -55.26 -9999.00 -9999.00 -9999.00 86.35 9.15 0.00
0.00 24391.70
22.30 -51.86 -9999.00 -9999.00 -9999.00 94.69 11.89 0.00
0.00 25808.69
17.10 -49.36 -9999.00 -9999.00 -9999.00 48.53 11.15 0.00
0.00 27538.22
12.30 -48.46 -9999.00 -9999.00 -9999.00 104.04 1.59 0.00
0.00 29700.87

STID = KDAL STNM = 722583 TIME = 191021/1300 
SLAT = 32.84 SLON = -96.85 SELV = 138.0
STIM = 20

SHOW = 16.04 LIFT = 17.06 SWET = 115.95 KINX = -12.88
LCLP = 908.90 PWAT = 8.54 TOTL = 19.12 CAPE = 0.00
LCLT = 280.47 CINS = 0.00 EQLV = -9999.00 LFCT = -9999.00
BRCH = 0.00

PRES TMPC TMWC DWPC THTE DRCT SKNT OMEG
CFRL HGHT
994.70 14.64 11.31 8.65 308.50 325.01 7.11 0.00
0.00 149.05
991.70 15.04 10.97 7.62 307.94 328.07 15.79 -0.10
0.00 174.62
986.20 15.04 10.55 6.73 307.44 330.04 19.06 -0.10
0.00 221.72
976.80 15.04 9.41 4.14 305.55 337.35 26.73 -0.10
0.00 302.79
963.00 14.44 7.97 1.15 303.49 341.34 30.96 -0.10
0.00 423.04
945.20 13.44 5.99 -3.40 300.74 345.27 35.14 0.00
0.00 580.18
924.00 13.94 4.52 -10.40 299.54 344.10 36.15 0.10
0.00 770.94
900.80 14.44 3.99 -14.46 300.79 336.07 32.09 0.30
0.00 985.03
875.70 12.84 3.25 -13.00 302.21 330.20 26.18 0.30
0.00 1222.48
847.70 11.14 2.00 -14.27 302.88 320.12 19.99 0.40
0.00 1493.96
816.70 9.24 -0.17 -21.97 301.94 308.96 23.48 0.50
0.00 1803.16
782.80 7.54 -1.94 -30.18 302.44 294.86 29.12 0.70
0.00 2152.67
746.00 7.44 -2.17 -28.76 306.80 267.52 40.44 0.50
0.00 2548.33
706.10 5.54 -2.21 -16.71 312.77 251.27 47.79 -0.10
0.00 2998.54
663.40 0.94 -4.08 -12.35 315.55 241.02 45.30 -0.60
0.00 3503.77
617.60 -3.86 -7.60 -14.62 315.68 248.99 52.02 -0.80
0.00 4073.42
569.50 -6.36 -11.33 -25.60 316.33 252.70 62.06 -0.70
0.00 4710.13
522.80 -8.66 -13.97 -35.15 319.74 241.65 72.40 -0.40
0.00 5375.66
480.80 -13.06 -17.47 -39.10 321.67 238.67 77.33 0.00
0.00 6018.77
443.10 -16.46 -20.47 -48.18 324.35 238.58 78.98 0.30
0.00 6636.44
409.30 -19.96 -23.37 -51.65 327.15 235.65 79.53 0.30
0.00 7228.60
378.60 -23.96 -26.71 -54.72 329.15 234.93 82.83 0.10
0.00 7801.90
351.00 -27.76 -29.95 -56.83 331.18 231.32 86.09 -0.10
0.00 8349.83
326.20 -31.76 -33.45 -59.20 332.63 224.73 88.33 -0.20
0.00 8871.89
303.80 -35.66 -36.88 -56.53 334.06 221.67 92.33 -0.10
0.00 9370.51
283.70 -39.16 -40.00 -53.75 335.76 221.12 95.42 0.10
0.00 9842.88
265.60 -42.66 -43.27 -55.27 336.98 223.24 98.39 0.30
0.00 10291.07
248.70 -45.66 -46.17 -59.58 338.78 227.40 101.86 0.50
0.00 10731.76
233.50 -47.86 -48.32 -63.98 341.51 227.85 104.80 0.60
0.00 11149.69
219.60 -49.16 -49.60 -67.41 345.51 228.64 114.65 0.60
0.00 11553.26
205.60 -50.86 -51.27 -72.72 349.35 232.25 121.85 0.60
0.00 11983.54
191.70 -53.66 -53.97 -73.19 351.92 235.65 116.71 0.40
0.00 12436.15
177.70 -56.46 -56.70 -73.70 355.04 237.49 109.87 0.20
0.00 12920.27
163.80 -58.96 -59.14 -74.24 359.21 239.07 101.67 0.00
0.00 13433.92
149.80 -61.26 -61.41 -74.84 364.54 240.09 90.75 -0.20
0.00 13991.07
135.90 -63.96 -9999.00 -9999.00 -9999.00 239.53 77.76 -0.30
0.00 14591.22
121.90 -67.36 -9999.00 -9999.00 -9999.00 238.32 66.20 -0.30
0.00 15251.52
107.90 -71.36 -9999.00 -9999.00 -9999.00 235.35 61.15 -0.10
0.00 15979.26
94.00 -70.76 -9999.00 -9999.00 -9999.00 238.13 59.25 0.00
0.00 16795.06
81.00 -63.96 -9999.00 -9999.00 -9999.00 252.14 43.07 0.00
0.00 17691.67
70.60 -62.96 -9999.00 -9999.00 -9999.00 265.13 25.16 0.00
0.00 18535.14
62.20 -63.26 -9999.00 -9999.00 -9999.00 227.82 16.78 0.00
0.00 19313.96
54.30 -62.96 -9999.00 -9999.00 -9999.00 203.03 16.88 0.00
0.00 20149.07
46.90 -59.26 -9999.00 -9999.00 -9999.00 192.18 17.48 0.00
0.00 21058.39
40.10 -56.76 -9999.00 -9999.00 -9999.00 173.99 3.71 0.00
0.00 22044.83
33.80 -56.36 -9999.00 -9999.00 -9999.00 85.76 10.51 0.00
0.00 23128.42
27.80 -54.86 -9999.00 -9999.00 -9999.00 111.50 13.77 0.00
0.00 24372.82
22.30 -50.66 -9999.00 -9999.00 -9999.00 104.21 15.83 0.00
0.00 25794.97
17.10 -47.56 -9999.00 -9999.00 -9999.00 67.71 12.80 0.00
0.00 27536.16
12.30 -48.16 -9999.00 -9999.00 -9999.00 343.30 4.06 0.00
0.00 29708.93

STID = KDAL STNM = 722583 TIME = 191021/1400 
SLAT = 32.84 SLON = -96.85 SELV = 138.0
STIM = 21

SHOW = 16.98 LIFT = 17.71 SWET = 120.29 KINX = -17.47
LCLP = 880.28 PWAT = 7.73 TOTL = 15.59 CAPE = 0.00
LCLT = 278.18 CINS = 0.00 EQLV = -9999.00 LFCT = -9999.00
BRCH = 0.00

PRES TMPC TMWC DWPC THTE DRCT SKNT OMEG
CFRL HGHT
996.20 15.04 10.61 6.83 306.49 330.83 9.56 0.00
0.00 149.89
993.30 15.04 10.10 5.68 305.47 333.13 16.34 -0.10
0.00 174.57
987.80 14.64 9.56 4.86 304.72 334.21 19.19 -0.10
0.00 221.54
978.40 14.24 8.60 2.99 303.38 337.79 25.17 -0.10
0.00 302.29
964.60 13.44 7.32 0.62 301.81 340.95 28.57 -0.10
0.00 421.94
946.70 12.44 5.63 -2.96 299.83 346.68 33.74 -0.10
0.00 579.16
925.50 13.24 4.42 -9.10 299.25 347.64 35.39 0.10
0.00 769.06
902.30 13.94 3.63 -15.25 299.85 337.74 31.27 0.30
0.00 982.36
877.10 12.84 2.76 -16.36 300.88 324.37 27.00 0.40
0.00 1220.12
849.00 10.84 1.39 -17.55 301.33 317.32 23.78 0.50
0.00 1491.95
817.90 8.34 -0.45 -20.00 301.32 313.67 23.64 0.70
0.00 1801.01
783.90 6.24 -2.48 -26.95 301.38 303.06 29.20 0.80
0.00 2149.70
747.00 5.74 -3.19 -29.67 304.69 274.74 35.28 0.60
0.00 2543.79
707.10 5.24 -2.61 -18.25 311.73 251.99 50.25 0.00
0.00 2991.74
664.20 1.24 -4.03 -12.84 315.51 246.53 53.15 -0.60
0.00 3498.63
618.30 -2.96 -7.83 -18.21 314.99 246.80 53.26 -0.80
0.00 4070.01
570.00 -6.26 -11.62 -28.89 315.62 250.68 63.40 -0.70
0.00 4709.78
523.20 -8.66 -14.15 -38.64 319.27 247.18 73.14 -0.60
0.00 5376.24
481.10 -13.16 -17.70 -42.95 321.15 242.40 72.11 -0.30
0.00 6020.27
443.40 -17.46 -21.15 -46.01 323.14 241.70 71.70 0.20
0.00 6636.21
409.50 -20.96 -24.09 -49.71 325.89 244.98 77.18 0.50
0.00 7227.46
378.80 -24.96 -27.48 -53.43 327.82 244.54 81.33 0.50
0.00 7798.19
351.10 -28.36 -30.45 -56.83 330.34 236.91 81.84 0.20
0.00 8346.10
326.30 -31.56 -33.28 -59.20 332.87 230.08 89.92 0.00
0.00 8867.58
303.90 -35.56 -36.84 -59.76 334.08 221.75 94.52 0.00
0.00 9366.35
283.70 -39.46 -40.29 -54.73 335.29 218.98 98.19 0.10
0.00 9840.79
265.60 -42.86 -43.43 -54.30 336.73 221.70 102.51 0.40
0.00 10288.50
248.70 -45.56 -46.07 -59.58 338.93 226.64 105.81 0.60
0.00 10729.09
233.50 -47.86 -48.32 -63.98 341.51 227.17 108.59 0.70
0.00 11147.11
219.50 -49.16 -49.60 -67.42 345.55 228.75 117.56 0.70
0.00 11553.68
205.60 -51.06 -51.46 -72.72 349.04 233.17 120.86 0.70
0.00 11980.79
191.70 -53.56 -53.88 -73.19 352.08 236.10 115.62 0.50
0.00 12433.30
177.70 -55.96 -56.21 -73.70 355.86 237.95 110.92 0.20
0.00 12918.08
163.80 -58.06 -58.27 -74.24 360.72 241.51 103.44 -0.10
0.00 13433.40
149.80 -60.36 -60.53 -74.84 366.09 244.90 91.59 -0.30
0.00 13992.91
135.90 -63.46 -9999.00 -9999.00 -9999.00 244.55 80.03 -0.50
0.00 14595.06
121.90 -67.26 -9999.00 -9999.00 -9999.00 238.35 69.60 -0.40
0.00 15256.31
107.90 -71.46 -9999.00 -9999.00 -9999.00 230.22 63.44 -0.20
0.00 15984.05
94.00 -71.66 -9999.00 -9999.00 -9999.00 233.61 60.57 0.00
0.00 16797.83
81.00 -64.96 -9999.00 -9999.00 -9999.00 252.34 45.45 0.10
0.00 17690.30
70.60 -61.96 -9999.00 -9999.00 -9999.00 257.26 22.90 0.00
0.00 18533.77
62.20 -63.36 -9999.00 -9999.00 -9999.00 213.89 15.68 0.00
0.00 19314.25
54.30 -62.06 -9999.00 -9999.00 -9999.00 205.75 18.34 0.00
0.00 20150.96
46.90 -57.96 -9999.00 -9999.00 -9999.00 217.94 14.53 0.00
0.00 21065.00
40.10 -55.76 -9999.00 -9999.00 -9999.00 180.00 1.55 0.00
0.00 22056.71
33.80 -55.06 -9999.00 -9999.00 -9999.00 82.75 10.76 0.00
0.00 23146.05
27.80 -54.66 -9999.00 -9999.00 -9999.00 101.66 12.49 0.00
0.00 24394.75
22.30 -51.96 -9999.00 -9999.00 -9999.00 100.71 14.63 0.00
0.00 25813.35
17.10 -47.96 -9999.00 -9999.00 -9999.00 94.90 13.66 0.00
0.00 27547.93
12.30 -47.46 -9999.00 -9999.00 -9999.00 357.14 3.88 0.00
0.00 29722.15
STN YYMMDD/HHMM PMSL PRES SKTC STC1 SNFL WTNS
P01M C01M STC2 LCLD MCLD HCLD
SNRA UWND VWND R01M BFGR T2MS
Q2MS WXTS WXTP WXTZ WXTR USTM
VSTM HLCY SLLH WSYM CDBP VSBK
TD2M
722583 191020/1700 1008.30 992.30 31.54 304.70 -9999.00 0.00
-9999.00 -9999.00 302.90 7.00 0.00 0.00
-9999.00 -1.50 2.60 -9999.00 -9999.00 25.24
11.36 0.00 0.00 0.00 0.00 14.20
2.90 103.00 -9999.00 999.00 -9999.00 20.00
15.61
722583 191020/1800 1008.00 992.00 34.04 307.20 0.00 100.00
0.00 0.00 305.50 9.00 0.00 0.00
-9999.00 -1.40 3.50 -9999.00 -9999.00 27.54
10.04 0.00 0.00 0.00 0.00 13.90
3.70 105.60 -9999.00 999.00 -9999.00 20.00
13.72
722583 191020/1900 1006.50 990.50 35.54 308.70 0.00 100.00
0.00 0.00 307.20 0.00 0.00 0.00
-9999.00 -1.30 4.00 -9999.00 -9999.00 29.24
9.73 0.00 0.00 0.00 0.00 14.20
4.60 112.40 -9999.00 999.00 -9999.00 20.00
13.23
722583 191020/2000 1005.30 989.40 35.64 308.80 0.00 100.00
0.00 0.00 307.70 2.00 0.00 0.00
-9999.00 -1.10 4.90 -9999.00 -9999.00 30.44
10.21 0.00 0.00 0.00 0.00 13.50
5.60 137.90 -9999.00 999.00 -9999.00 20.00
13.94
722583 191020/2100 1004.70 988.90 34.84 308.00 0.00 100.00
0.00 0.00 307.20 13.00 0.00 0.00
-9999.00 -0.30 5.70 -9999.00 -9999.00 30.94
12.49 0.00 0.00 0.00 0.00 13.00
6.20 140.00 -9999.00 999.00 -9999.00 20.00
17.02
722583 191020/2200 1004.10 988.30 32.94 306.10 0.00 100.00
0.00 0.00 305.70 18.00 0.00 0.00
-9999.00 0.10 6.00 -9999.00 -9999.00 30.64
13.86 0.00 0.00 0.00 0.00 12.70
5.90 130.60 -9999.00 999.00 -9999.00 20.00
18.62
722583 191020/2300 1003.80 988.00 29.94 303.10 0.00 100.00
0.00 0.00 303.20 8.00 0.00 0.00
-9999.00 -0.30 5.90 -9999.00 -9999.00 29.54
14.17 0.00 0.00 0.00 0.00 12.40
5.80 160.00 -9999.00 999.00 -9999.00 20.00
18.97
722583 191021/0000 1003.80 988.00 27.44 300.60 0.00 100.00
0.00 0.00 300.90 13.00 0.00 0.00
-9999.00 -1.00 5.60 -9999.00 -9999.00 28.24
14.61 0.00 0.00 0.00 0.00 11.70
5.40 230.40 -9999.00 999.00 -9999.00 20.00
19.44
722583 191021/0100 1004.00 988.20 26.34 299.50 0.00 100.00
0.00 0.00 299.70 0.00 0.00 0.00
-9999.00 -1.30 5.20 -9999.00 -9999.00 27.04
15.65 0.00 0.00 0.00 0.00 10.70
5.10 250.60 -9999.00 999.00 -9999.00 20.00
20.53
722583 191021/0200 1003.30 987.50 25.84 299.00 0.00 100.00
0.00 0.00 299.20 0.00 0.00 0.00
-9999.00 -0.70 5.70 -9999.00 -9999.00 26.74
15.25 0.00 0.00 0.00 0.00 9.80
6.10 277.10 -9999.00 999.00 -9999.00 20.00
20.11
722583 191021/0300 1002.10 986.30 25.84 299.00 0.00 100.00
0.00 0.00 299.00 0.00 0.00 0.00
-9999.00 -0.50 6.70 -9999.00 -9999.00 26.84
14.94 0.00 0.00 0.00 0.00 10.40
6.50 334.70 -9999.00 999.00 -9999.00 20.00
19.77
722583 191021/0400 1002.10 986.30 25.34 298.50 0.00 100.00
0.00 0.00 298.70 0.00 0.00 0.00
-9999.00 -1.50 7.50 -9999.00 -9999.00 25.94
16.70 0.00 0.00 0.00 0.00 13.00
5.70 484.90 -9999.00 999.00 -9999.00 20.00
21.53
722583 191021/0500 1003.00 987.10 25.24 298.40 0.00 100.00
0.07 0.07 298.40 6.00 100.00 0.00
-9999.00 0.10 7.50 -9999.00 -9999.00 25.54
17.93 0.00 0.00 0.00 1.00 15.70
6.90 528.20 -9999.00 60.00 612.60 0.00
22.68
722583 191021/0600 1002.60 986.80 25.04 298.20 0.00 100.00
0.16 0.16 298.30 10.00 52.00 0.00
-9999.00 2.20 7.00 -9999.00 -9999.00 25.34
17.82 0.00 0.00 0.00 1.00 19.10
9.50 402.20 -9999.00 60.00 657.30 0.00
22.57
722583 191021/0700 1005.50 989.50 23.64 296.80 0.00 100.00
13.02 7.60 297.10 100.00 100.00 0.00
-9999.00 5.80 3.00 -9999.00 -9999.00 23.04
17.73 0.00 0.00 0.00 1.00 24.10
8.40 -85.30 -9999.00 60.00 970.40 0.00
22.54
722583 191021/0800 1006.10 990.10 21.64 294.80 0.00 100.00
3.59 1.10 295.60 73.00 100.00 0.00
-9999.00 5.60 0.80 -9999.00 -9999.00 22.94
13.78 0.00 0.00 0.00 1.00 24.10
3.00 -70.20 -9999.00 60.00 -9999.00 0.00
18.56
722583 191021/0900 1007.30 991.20 18.34 291.50 0.00 100.00
0.00 0.00 292.50 23.00 100.00 0.00
-9999.00 4.70 -3.50 -9999.00 -9999.00 19.94
10.52 0.00 0.00 0.00 0.00 24.10
-1.10 -89.40 -9999.00 999.00 -9999.00 20.00
14.42
722583 191021/1000 1008.60 992.40 16.24 289.40 0.00 100.00
0.00 0.00 290.40 0.00 0.00 0.00
-9999.00 4.30 -3.20 -9999.00 -9999.00 17.74
9.33 0.00 0.00 0.00 0.00 23.60
-2.60 -124.20 -9999.00 999.00 -9999.00 20.00
12.62
722583 191021/1100 1010.90 994.60 14.94 288.10 0.00 100.00
0.00 0.00 289.10 0.00 0.00 0.00
-9999.00 2.90 -4.90 -9999.00 -9999.00 16.74
8.29 0.00 0.00 0.00 0.00 23.50
-3.10 -252.60 -9999.00 999.00 -9999.00 20.00
10.89
722583 191021/1200 1011.40 995.00 13.54 286.70 0.00 100.00
0.00 0.00 287.70 0.00 0.00 0.00
-9999.00 2.60 -4.80 -9999.00 -9999.00 15.44
7.43 0.00 0.00 0.00 0.00 24.10
-3.20 -374.10 -9999.00 999.00 -9999.00 20.00
9.28
722583 191021/1300 1012.30 996.00 12.74 285.90 0.00 100.00
0.00 0.00 286.80 0.00 0.00 0.00
-9999.00 2.20 -3.40 -9999.00 -9999.00 14.14
7.35 0.00 0.00 0.00 0.00 24.20
-3.40 -442.50 -9999.00 999.00 -9999.00 20.00
9.14
722583 191021/1400 1014.00 997.60 14.04 287.20 0.00 100.00
0.00 0.00 287.60 0.00 0.00 0.00
-9999.00 2.50 -4.60 -9999.00 -9999.00 14.74
6.65 0.00 0.00 0.00 0.00 24.30
-4.30 -457.00 -9999.00 999.00 -9999.00 20.00
7.70


