
SNPARM = PRES;TMPC;TMWC;DWPC;THTE;DRCT;SKNT;OMEG;CFRL;HGHT 
STNPRM = SHOW;LIFT;SWET;KINX;LCLP;PWAT;TOTL;CAPE;LCLT;CINS;EQLV;LFCT;BRCH 

STID = KDAL STNM = 722583 TIME = 200809/1700 
SLAT = 32.84 SLON = -96.85 SELV = 138.0
STIM = 0

SHOW = 2.98 LIFT = -2.03 SWET = 171.89 KINX = 25.83
LCLP = 858.39 PWAT = 41.76 TOTL = 40.87 CAPE = 1278.05
LCLT = 292.22 CINS = -51.79 EQLV = 203.16 LFCT = 730.07
BRCH = 288.30

PRES TMPC TMWC DWPC THTE DRCT SKNT OMEG
CFRL HGHT
1000.40 32.14 24.49 21.56 354.88 188.88 6.29 0.00
0.00 147.02
997.40 31.34 24.23 21.49 354.15 189.21 7.28 0.00
0.00 174.08
991.90 30.64 23.97 21.38 353.82 191.59 7.73 0.00
0.00 223.79
982.40 29.84 23.47 20.96 353.04 192.68 7.96 0.00
0.00 310.09
968.30 28.54 22.59 20.17 351.30 194.68 8.43 0.00
0.00 439.25
950.30 26.84 21.82 19.74 350.81 196.82 8.72 0.00
0.00 606.03
928.70 24.74 21.35 19.95 352.36 198.82 9.03 -0.10
0.00 809.11
905.30 22.94 19.89 18.56 349.89 204.70 10.68 -0.10
0.00 1033.03
879.80 21.54 17.70 15.87 345.05 204.90 11.99 -0.10
2.00 1282.16
851.40 20.24 14.83 11.81 338.66 192.26 13.71 0.00
0.00 1566.56
820.00 17.94 12.89 9.86 336.90 174.67 14.63 0.10
0.00 1889.92
785.60 15.64 10.60 7.26 334.83 162.65 13.03 0.10
0.00 2255.57
748.40 13.64 7.82 3.34 332.17 158.01 10.90 0.10
0.00 2666.04
708.20 11.34 5.82 1.26 332.99 137.83 13.89 0.00
0.00 3129.40
665.10 8.84 2.56 -3.72 331.22 119.16 21.13 -0.10
0.00 3651.61
619.10 4.04 -0.36 -5.07 331.91 121.46 19.35 -0.10
0.00 4239.69
570.60 -0.86 -5.94 -14.09 327.40 151.29 9.30 -0.10
0.00 4897.05
523.70 -2.96 -9.88 -28.81 327.58 246.37 3.40 -0.10
0.00 5578.63
481.50 -5.76 -12.39 -34.70 331.13 196.93 4.66 -0.10
0.00 6239.85
443.80 -11.26 -15.92 -31.20 332.76 207.65 9.21 -0.10
0.00 6871.63
409.80 -15.26 -19.62 -41.37 333.78 240.64 7.13 -0.10
0.00 7478.14
379.00 -19.76 -22.91 -38.61 335.78 260.84 6.10 -0.10
0.00 8062.91
351.40 -24.46 -26.05 -32.99 337.94 255.58 7.01 -0.10
0.00 8618.70
326.50 -28.66 -30.02 -38.10 338.39 259.88 5.52 0.00
0.00 9149.37
304.00 -32.46 -33.74 -44.93 339.18 280.78 4.16 0.00
0.00 9656.50
283.80 -36.26 -37.24 -48.27 340.21 270.00 4.66 0.00
0.00 10137.16
265.70 -39.76 -40.56 -52.61 341.31 258.69 2.97 0.00
0.00 10590.79
248.80 -42.36 -43.14 -61.32 343.61 16.70 2.02 0.00
0.00 11037.28
233.60 -44.56 -45.26 -66.97 346.43 334.98 3.22 0.00
0.00 11461.12
219.60 -46.86 -47.43 -67.41 349.05 312.40 6.04 0.00
0.00 11872.57
205.70 -49.76 -50.20 -67.88 351.08 310.31 8.41 0.00
0.00 12302.93
191.70 -53.16 -53.49 -73.19 352.72 305.94 9.60 0.00
0.00 12760.33
177.80 -57.06 -57.28 -73.70 354.00 294.23 8.53 0.00
0.00 13240.75
163.80 -60.96 -61.10 -74.24 355.85 294.94 9.21 0.00
0.00 13754.83
149.80 -64.16 -64.25 -74.84 359.55 309.14 10.76 0.00
0.00 14305.58
135.90 -66.76 -9999.00 -9999.00 -9999.00 325.18 10.88 0.00
0.00 14897.60
121.90 -69.36 -9999.00 -9999.00 -9999.00 347.20 8.76 0.00
0.00 15550.26
108.00 -70.56 -9999.00 -9999.00 -9999.00 352.09 7.05 0.00
0.00 16270.35
94.00 -69.36 -9999.00 -9999.00 -9999.00 29.74 3.13 0.00
0.00 17096.10
81.00 -67.66 -9999.00 -9999.00 -9999.00 102.99 7.77 0.00
0.00 17987.70
70.60 -66.66 -9999.00 -9999.00 -9999.00 113.78 12.53 0.00
0.00 18816.28
62.20 -63.96 -9999.00 -9999.00 -9999.00 99.71 14.98 0.00
0.00 19586.94
54.30 -62.06 -9999.00 -9999.00 -9999.00 88.15 18.07 0.00
0.00 20422.45
46.90 -59.86 -9999.00 -9999.00 -9999.00 83.72 19.54 0.00
0.00 21332.42
40.10 -57.76 -9999.00 -9999.00 -9999.00 84.99 22.22 0.00
0.00 22315.19
33.80 -56.26 -9999.00 -9999.00 -9999.00 90.84 26.61 0.00
0.00 23396.53
27.80 -54.16 -9999.00 -9999.00 -9999.00 91.41 31.47 0.00
0.00 24643.22
22.30 -51.26 -9999.00 -9999.00 -9999.00 82.43 36.85 0.00
0.00 26065.69
17.10 -46.96 -9999.00 -9999.00 -9999.00 81.43 43.03 0.00
0.00 27806.88
12.30 -43.76 -9999.00 -9999.00 -9999.00 86.53 44.95 0.00
0.00 30003.76

STID = KDAL STNM = 722583 TIME = 200809/1800 
SLAT = 32.84 SLON = -96.85 SELV = 138.0
STIM = 1

SHOW = 1.07 LIFT = -1.95 SWET = 198.09 KINX = 27.93
LCLP = 818.53 PWAT = 41.39 TOTL = 42.95 CAPE = 1231.80
LCLT = 290.25 CINS = -40.56 EQLV = 204.06 LFCT = 702.89
BRCH = 633.37

PRES TMPC TMWC DWPC THTE DRCT SKNT OMEG
CFRL HGHT
1000.60 34.24 24.28 20.32 353.64 186.91 6.45 0.00
0.00 147.07
997.50 33.34 23.97 20.22 352.74 188.75 7.67 0.00
0.00 175.20
992.00 32.64 23.71 20.11 352.42 188.33 8.04 0.10
0.00 225.20
982.50 31.64 23.30 19.92 352.12 189.04 8.66 0.10
0.00 311.97
968.50 30.24 22.72 19.64 351.78 190.62 9.48 0.10
0.00 440.88
950.40 28.54 21.98 19.26 351.46 192.41 9.95 0.10
0.00 609.45
928.90 26.44 21.06 18.79 350.99 193.78 10.61 0.10
0.00 812.62
905.30 24.24 20.04 18.23 350.54 195.26 11.07 0.00
0.00 1039.47
879.90 22.04 18.26 16.51 347.30 196.97 11.99 0.10
0.00 1288.38
851.40 20.04 16.12 14.13 343.54 198.17 13.09 0.10
3.00 1574.10
820.00 18.14 13.18 10.27 337.93 193.28 14.37 0.20
0.00 1897.65
785.70 15.94 10.67 7.17 335.02 181.64 13.60 0.30
0.00 2262.55
748.40 13.94 7.94 3.34 332.52 170.54 11.81 0.30
0.00 2674.52
708.20 11.44 5.96 1.49 333.41 147.41 14.06 0.20
0.00 3138.23
665.10 8.84 2.43 -4.09 330.84 129.29 19.33 0.20
0.00 3660.52
619.10 4.24 -0.57 -5.90 331.33 131.25 16.80 0.10
0.00 4248.75
570.60 -0.56 -6.05 -15.22 327.10 164.98 8.24 0.10
0.00 4906.61
523.70 -2.86 -9.97 -30.50 327.35 251.57 3.07 0.00
0.00 5588.63
481.50 -5.86 -12.58 -36.82 330.70 199.03 5.96 -0.10
0.00 6249.82
443.80 -11.16 -15.96 -32.23 332.67 211.16 9.75 -0.10
0.00 6881.57
409.80 -15.26 -19.58 -40.63 333.85 241.39 7.30 -0.10
0.00 7488.19
379.00 -19.76 -22.89 -38.34 335.81 253.30 6.08 -0.10
0.00 8072.97
351.40 -24.56 -26.15 -33.14 337.76 242.65 6.33 -0.10
0.00 8628.64
326.50 -28.76 -30.10 -38.10 338.25 238.24 4.80 -0.10
0.00 9159.10
304.00 -32.56 -33.83 -44.93 339.04 241.93 3.30 0.00
0.00 9666.02
283.80 -36.36 -37.33 -48.27 340.07 243.43 5.21 0.00
0.00 10146.47
265.70 -39.76 -40.56 -52.61 341.31 233.13 4.86 0.00
0.00 10600.01
248.80 -42.26 -43.07 -63.51 343.71 210.96 1.13 0.00
0.00 11046.59
233.60 -44.46 -45.16 -66.97 346.58 284.04 2.41 0.00
0.00 11470.62
219.60 -46.86 -47.43 -67.41 349.05 301.33 5.23 0.00
0.00 11882.16
205.70 -49.86 -50.29 -67.88 350.92 306.87 7.77 0.00
0.00 12312.42
191.70 -53.26 -53.59 -73.19 352.56 306.19 9.87 0.00
0.00 12769.62
177.80 -57.06 -57.28 -73.70 354.00 299.17 9.56 0.00
0.00 13249.93
163.80 -61.06 -61.20 -74.24 355.68 294.54 9.83 0.00
0.00 13763.88
149.80 -64.16 -64.25 -74.84 359.55 307.27 11.23 0.00
0.00 14314.50
135.90 -66.76 -9999.00 -9999.00 -9999.00 322.55 11.50 0.00
0.00 14906.52
121.90 -69.56 -9999.00 -9999.00 -9999.00 342.35 8.97 0.00
0.00 15558.87
108.00 -70.96 -9999.00 -9999.00 -9999.00 355.10 6.82 0.00
0.00 16277.89
94.00 -69.66 -9999.00 -9999.00 -9999.00 53.75 3.61 0.00
0.00 17102.22
81.00 -67.76 -9999.00 -9999.00 -9999.00 111.80 8.37 0.00
0.00 17992.95
70.60 -66.26 -9999.00 -9999.00 -9999.00 112.62 12.63 0.00
0.00 18822.13
62.20 -64.06 -9999.00 -9999.00 -9999.00 102.38 16.32 0.00
0.00 19593.35
54.30 -62.76 -9999.00 -9999.00 -9999.00 89.37 17.68 0.00
0.00 20427.27
46.90 -60.26 -9999.00 -9999.00 -9999.00 83.09 19.37 0.00
0.00 21334.88
40.10 -57.66 -9999.00 -9999.00 -9999.00 86.05 22.59 0.00
0.00 22316.96
33.80 -56.06 -9999.00 -9999.00 -9999.00 93.81 26.28 0.00
0.00 23399.05
27.80 -53.66 -9999.00 -9999.00 -9999.00 92.49 31.31 0.00
0.00 24647.75
22.30 -50.36 -9999.00 -9999.00 -9999.00 79.96 37.88 0.00
0.00 26074.73
17.10 -45.96 -9999.00 -9999.00 -9999.00 81.37 44.02 0.00
0.00 27823.31
12.30 -43.56 -9999.00 -9999.00 -9999.00 87.30 41.22 0.00
0.00 30025.97

STID = KDAL STNM = 722583 TIME = 200809/1900 
SLAT = 32.84 SLON = -96.85 SELV = 138.0
STIM = 2

SHOW = -0.41 LIFT = -1.62 SWET = 211.38 KINX = 29.31
LCLP = 789.71 PWAT = 40.83 TOTL = 44.87 CAPE = 1027.94
LCLT = 288.61 CINS = -48.75 EQLV = 215.29 LFCT = 657.61
BRCH = 2540.87

PRES TMPC TMWC DWPC THTE DRCT SKNT OMEG
CFRL HGHT
999.30 35.54 23.96 19.20 352.21 184.51 7.40 0.00
0.00 147.11
996.30 34.64 23.66 19.10 351.32 185.08 8.78 0.00
0.00 174.47
990.70 33.94 23.38 18.97 350.96 184.67 9.56 0.10
0.00 225.63
981.30 32.94 22.98 18.80 350.71 185.49 10.14 0.10
0.00 311.91
967.30 31.54 22.39 18.51 350.37 186.23 10.74 0.10
0.00 441.45
949.30 29.74 21.62 18.13 349.93 187.99 11.19 0.10
0.00 609.88
927.80 27.74 20.72 17.65 349.58 189.46 11.81 0.20
0.00 814.01
904.30 25.44 19.65 17.06 348.95 190.95 12.28 0.10
0.00 1040.97
878.80 23.04 18.48 16.39 348.38 192.53 12.53 0.00
0.00 1292.00
850.50 20.34 16.88 15.21 346.71 194.88 12.86 0.00
0.00 1576.74
819.10 17.94 14.50 12.66 342.86 196.29 13.15 0.10
2.00 1900.94
784.80 15.94 10.95 7.72 336.11 195.48 13.09 0.10
0.00 2266.34
747.60 13.94 8.11 3.73 333.21 182.64 12.65 0.10
0.00 2677.73
707.50 11.64 5.93 1.25 333.44 157.44 13.68 0.10
0.00 3140.93
664.50 8.84 2.34 -4.32 330.71 139.76 16.53 0.10
0.00 3662.66
618.60 4.44 -0.87 -7.01 330.63 142.48 13.71 0.10
0.00 4250.25
570.20 -0.36 -6.08 -15.82 327.09 181.64 6.80 0.00
0.00 4907.65
523.40 -3.06 -10.14 -31.06 327.06 274.40 2.53 -0.10
0.00 5588.62
481.30 -6.06 -12.90 -41.05 330.04 202.17 5.67 -0.20
0.00 6248.05
443.60 -11.26 -16.12 -33.36 332.37 214.99 9.48 -0.20
0.00 6879.69
409.70 -15.46 -19.65 -39.31 333.77 242.78 7.65 -0.10
0.00 7484.37
378.90 -19.86 -22.97 -38.34 335.71 246.04 5.73 -0.10
0.00 8068.96
351.30 -24.66 -26.26 -33.46 337.58 229.97 6.33 -0.10
0.00 8624.57
326.40 -28.86 -30.14 -37.67 338.21 218.37 5.94 -0.10
0.00 9154.96
304.00 -32.66 -33.89 -44.54 338.94 214.99 4.74 -0.10
0.00 9659.50
283.80 -36.36 -37.31 -47.76 340.11 232.13 6.64 0.00
0.00 10139.86
265.70 -39.76 -40.56 -52.61 341.31 230.60 7.03 0.00
0.00 10593.40
248.80 -42.16 -42.98 -63.51 343.86 222.71 3.44 0.00
0.00 11040.08
233.60 -44.46 -45.16 -66.97 346.58 266.42 3.11 0.00
0.00 11464.20
219.60 -46.96 -47.53 -67.41 348.90 303.11 5.34 0.00
0.00 11875.65
205.70 -49.96 -50.39 -67.88 350.76 310.16 8.14 -0.10
0.00 12305.72
191.70 -53.36 -53.66 -68.39 352.45 312.06 10.72 -0.10
0.00 12762.72
177.80 -57.16 -57.38 -73.70 353.84 305.17 10.45 0.00
0.00 13242.80
163.80 -61.16 -61.29 -74.24 355.52 297.51 10.51 0.00
0.00 13756.52
149.80 -64.36 -64.45 -74.84 359.20 306.16 12.51 0.00
0.00 14306.75
135.90 -67.06 -67.12 -75.48 364.56 321.20 12.70 0.00
0.00 14898.06
121.90 -69.86 -9999.00 -9999.00 -9999.00 340.43 9.29 0.00
0.00 15549.45
108.00 -70.96 -9999.00 -9999.00 -9999.00 354.81 6.43 0.00
0.00 16267.94
94.00 -69.16 -9999.00 -9999.00 -9999.00 69.78 3.92 0.00
0.00 17093.28
81.00 -67.36 -9999.00 -9999.00 -9999.00 121.70 7.77 0.00
0.00 17985.97
70.60 -65.86 -9999.00 -9999.00 -9999.00 112.69 11.58 0.00
0.00 18816.77
62.20 -64.06 -9999.00 -9999.00 -9999.00 105.52 14.51 0.00
0.00 19588.73
54.30 -62.26 -9999.00 -9999.00 -9999.00 87.71 14.59 0.00
0.00 20423.64
46.90 -59.66 -9999.00 -9999.00 -9999.00 83.86 18.16 0.00
0.00 21333.61
40.10 -57.66 -9999.00 -9999.00 -9999.00 87.88 21.00 0.00
0.00 22317.07
33.80 -56.36 -9999.00 -9999.00 -9999.00 90.47 23.89 0.00
0.00 23398.40
27.80 -53.96 -9999.00 -9999.00 -9999.00 87.05 30.15 0.00
0.00 24645.38
22.30 -50.36 -9999.00 -9999.00 -9999.00 81.91 38.66 0.00
0.00 26071.40
17.10 -46.06 -9999.00 -9999.00 -9999.00 84.85 43.30 0.00
0.00 27819.59
12.30 -43.86 -9999.00 -9999.00 -9999.00 84.83 38.81 0.00
0.00 30020.32

STID = KDAL STNM = 722583 TIME = 200809/2000 
SLAT = 32.84 SLON = -96.85 SELV = 138.0
STIM = 3

SHOW = -1.42 LIFT = -1.77 SWET = 213.56 KINX = 30.76
LCLP = 768.27 PWAT = 40.84 TOTL = 46.74 CAPE = 929.79
LCLT = 287.35 CINS = -37.18 EQLV = 221.23 LFCT = 652.70
BRCH = 2650.13

PRES TMPC TMWC DWPC THTE DRCT SKNT OMEG
CFRL HGHT
998.40 36.54 23.74 18.33 351.19 178.67 8.35 0.00
0.00 147.15
995.40 35.54 23.41 18.23 350.19 178.88 9.91 0.00
0.00 174.60
989.90 34.84 23.14 18.12 349.88 180.00 10.68 0.10
0.00 225.01
980.50 33.94 22.77 17.96 349.78 180.00 11.27 0.10
0.00 311.60
966.50 32.54 22.20 17.71 349.55 180.94 11.85 0.10
0.00 441.61
948.50 30.74 21.45 17.37 349.24 181.82 12.24 0.10
0.00 610.67
927.10 28.74 20.60 16.98 349.12 182.64 12.65 0.10
0.00 814.62
903.60 26.44 19.62 16.53 348.87 184.33 12.86 0.10
0.00 1042.43
878.20 23.94 18.52 16.03 348.64 185.96 13.09 0.10
0.00 1293.40
849.80 21.14 17.26 15.42 348.34 188.49 13.15 0.10
0.00 1580.18
818.50 18.64 14.41 12.13 342.63 190.15 13.23 0.10
0.00 1904.41
784.20 15.14 12.67 11.28 342.22 191.14 13.07 0.00
7.00 2270.24
747.00 13.64 8.49 4.77 334.50 190.46 12.84 0.00
1.00 2681.51
707.00 11.54 5.78 1.00 333.08 172.65 12.14 0.10
0.00 3143.64
664.00 8.64 2.30 -4.18 330.70 150.36 12.96 0.10
0.00 3665.47
618.20 4.54 -1.13 -7.93 330.02 151.56 10.61 0.10
0.00 4252.05
569.90 -0.46 -6.15 -15.89 326.98 199.98 4.55 0.00
0.00 4908.42
523.10 -3.46 -10.31 -30.15 326.80 323.13 2.91 0.00
0.00 5589.15
481.10 -6.46 -13.29 -45.95 329.24 210.07 4.27 0.00
0.00 6246.35
443.40 -11.26 -16.23 -34.61 332.19 219.64 8.84 -0.10
0.00 6877.75
409.60 -15.66 -19.72 -38.12 333.69 240.80 7.56 0.00
0.00 7480.63
378.90 -19.96 -23.02 -38.08 335.61 235.78 5.87 0.00
0.00 8063.06
351.20 -24.66 -26.28 -33.62 337.57 219.81 7.60 0.10
0.00 8620.65
326.40 -28.96 -30.18 -37.25 338.15 216.61 8.47 0.10
0.00 9148.88
304.00 -32.76 -33.93 -43.80 338.88 215.71 7.65 0.10
0.00 9653.22
283.80 -36.46 -37.39 -47.76 339.97 230.53 8.55 0.10
0.00 10133.38
265.70 -39.66 -40.47 -52.61 341.46 237.72 8.72 0.10
0.00 10586.92
248.80 -42.06 -42.89 -63.51 344.01 240.52 5.13 0.10
0.00 11033.79
233.60 -44.46 -45.16 -66.97 346.58 274.97 4.49 0.10
0.00 11458.00
219.60 -47.06 -47.60 -64.44 348.79 307.57 6.37 0.00
0.00 11869.36
205.70 -50.06 -50.46 -64.93 350.65 314.14 9.21 0.00
0.00 12299.24
191.70 -53.56 -53.85 -68.39 352.13 312.88 11.13 0.00
0.00 12755.93
177.80 -57.16 -57.38 -73.70 353.84 303.42 11.64 0.00
0.00 13235.80
163.80 -61.06 -61.20 -74.24 355.68 297.38 12.26 0.00
0.00 13749.63
149.80 -64.46 -64.55 -74.84 359.03 305.45 14.06 0.00
0.00 14299.86
135.90 -67.16 -67.22 -75.48 364.39 320.30 13.38 0.00
0.00 14890.89
121.90 -69.66 -9999.00 -9999.00 -9999.00 339.15 8.72 0.00
0.00 15542.44
108.00 -70.26 -9999.00 -9999.00 -9999.00 355.60 5.07 0.00
0.00 16262.52
94.00 -68.36 -9999.00 -9999.00 -9999.00 102.80 4.39 0.00
0.00 17090.92
81.00 -67.16 -9999.00 -9999.00 -9999.00 141.34 7.46 0.00
0.00 17985.78
70.60 -66.26 -9999.00 -9999.00 -9999.00 120.96 10.20 0.00
0.00 18816.18
62.20 -64.56 -9999.00 -9999.00 -9999.00 107.78 10.82 0.00
0.00 19586.47
54.30 -62.16 -9999.00 -9999.00 -9999.00 81.87 12.35 0.00
0.00 20420.58
46.90 -59.56 -9999.00 -9999.00 -9999.00 84.41 17.95 0.00
0.00 21330.98
40.10 -58.16 -9999.00 -9999.00 -9999.00 87.19 19.83 0.00
0.00 22313.52
33.80 -56.66 -9999.00 -9999.00 -9999.00 84.09 22.65 0.00
0.00 23392.86
27.80 -53.86 -9999.00 -9999.00 -9999.00 83.70 30.09 0.00
0.00 24639.26
22.30 -50.06 -9999.00 -9999.00 -9999.00 88.87 39.24 0.00
0.00 26066.57
17.10 -46.56 -9999.00 -9999.00 -9999.00 90.25 43.90 0.00
0.00 27813.98
12.30 -43.96 -9999.00 -9999.00 -9999.00 86.38 43.01 0.00
0.00 30011.83

STID = KDAL STNM = 722583 TIME = 200809/2100 
SLAT = 32.84 SLON = -96.85 SELV = 138.0
STIM = 4

SHOW = -1.25 LIFT = -1.67 SWET = 208.95 KINX = 31.26
LCLP = 757.34 PWAT = 41.16 TOTL = 46.90 CAPE = 874.67
LCLT = 286.78 CINS = -8.87 EQLV = 222.54 LFCT = 754.88
BRCH = 544.12

PRES TMPC TMWC DWPC THTE DRCT SKNT OMEG
CFRL HGHT
997.80 37.14 23.70 17.96 351.03 175.24 9.36 0.00
0.00 147.17
994.90 36.24 23.40 17.86 350.13 176.05 11.29 0.00
0.00 173.78
989.40 35.54 23.13 17.75 349.83 176.37 12.26 0.10
0.00 224.32
979.90 34.54 22.72 17.57 349.58 176.53 12.84 0.10
0.00 312.04
965.90 33.24 22.18 17.32 349.47 177.47 13.23 0.10
0.00 442.38
948.00 31.44 21.43 16.99 349.17 178.36 13.60 0.10
0.00 610.96
926.60 29.44 20.56 16.57 348.98 179.20 13.99 0.10
0.00 815.44
903.20 27.14 19.56 16.10 348.68 180.78 14.18 0.10
0.00 1042.88
877.80 24.64 18.45 15.57 348.37 182.35 14.20 0.00
0.00 1294.50
849.40 21.84 17.17 14.94 348.04 184.76 14.02 0.00
0.00 1582.02
818.10 18.74 15.63 14.09 347.41 187.22 13.91 0.00
0.00 1906.96
783.80 16.24 12.17 9.77 340.47 189.87 13.60 -0.10
0.00 2273.78
746.70 12.24 10.26 9.04 340.41 190.98 13.25 -0.10
8.00 2684.09
706.60 11.24 5.65 0.99 332.77 189.78 11.44 0.00
0.00 3146.57
663.70 8.54 2.26 -4.15 330.66 163.74 9.71 0.10
0.00 3667.08
617.90 4.64 -1.34 -8.75 329.52 160.64 7.61 0.10
0.00 4253.91
569.70 -0.26 -6.20 -16.59 326.90 228.37 2.33 0.10
0.00 4909.49
523.00 -3.36 -10.25 -30.15 326.94 356.99 3.69 0.00
0.00 5589.30
480.90 -6.46 -13.37 -50.26 329.08 215.84 4.31 0.00
0.00 6248.37
443.30 -11.26 -16.28 -35.29 332.10 222.36 8.94 0.00
0.00 6878.29
409.50 -15.56 -19.64 -37.85 333.88 234.29 7.65 0.10
0.00 7481.42
378.80 -19.86 -22.89 -37.34 335.88 226.08 7.28 0.10
0.00 8064.24
351.20 -24.46 -26.17 -33.94 337.77 220.36 10.20 0.10
0.00 8620.22
326.30 -28.86 -30.14 -37.67 338.24 224.29 11.13 0.10
0.00 9150.98
303.90 -32.66 -33.82 -43.45 339.09 225.00 9.89 0.10
0.00 9655.69
283.80 -36.26 -37.22 -47.76 340.25 236.00 10.08 0.10
0.00 10133.85
265.70 -39.36 -40.24 -54.29 341.82 246.64 9.30 0.10
0.00 10587.87
248.80 -41.76 -42.61 -63.51 344.46 260.54 5.91 0.10
0.00 11035.31
233.60 -44.26 -44.95 -63.98 346.93 293.20 5.92 0.00
0.00 11459.99
219.60 -47.06 -47.60 -64.44 348.79 311.88 7.56 0.00
0.00 11871.53
205.70 -50.26 -50.65 -64.93 350.34 317.49 9.48 0.00
0.00 12301.22
191.70 -53.66 -53.95 -68.39 351.97 310.60 10.74 0.00
0.00 12757.60
177.80 -57.26 -57.47 -73.70 353.67 299.86 12.10 0.00
0.00 13237.25
163.80 -61.16 -61.29 -74.24 355.52 295.02 12.86 0.00
0.00 13750.84
149.80 -64.56 -64.65 -74.84 358.86 304.14 13.85 0.00
0.00 14300.81
135.90 -67.06 -67.12 -75.48 364.56 321.89 12.59 0.00
0.00 14891.83
121.90 -69.26 -9999.00 -9999.00 -9999.00 341.11 7.81 0.00
0.00 15544.18
108.00 -69.66 -9999.00 -9999.00 -9999.00 14.74 3.81 0.00
0.00 16266.04
94.00 -68.46 -9999.00 -9999.00 -9999.00 125.13 6.41 0.00
0.00 17095.45
81.00 -67.66 -9999.00 -9999.00 -9999.00 154.13 7.13 0.00
0.00 17989.01
70.60 -66.96 -9999.00 -9999.00 -9999.00 125.39 9.05 0.00
0.00 18816.99
62.20 -65.06 -9999.00 -9999.00 -9999.00 99.04 8.66 0.00
0.00 19585.05
54.30 -62.26 -9999.00 -9999.00 -9999.00 72.10 13.27 0.00
0.00 20417.98
46.90 -59.66 -9999.00 -9999.00 -9999.00 75.96 19.23 0.00
0.00 21327.95
40.10 -58.26 -9999.00 -9999.00 -9999.00 77.64 20.88 0.00
0.00 22310.03
33.80 -56.36 -9999.00 -9999.00 -9999.00 80.07 23.66 0.00
0.00 23389.86
27.80 -53.06 -9999.00 -9999.00 -9999.00 85.57 30.21 0.00
0.00 24639.42
22.30 -49.76 -9999.00 -9999.00 -9999.00 94.06 38.36 0.00
0.00 26070.28
17.10 -47.56 -9999.00 -9999.00 -9999.00 93.22 41.43 0.00
0.00 27814.96
12.30 -44.46 -9999.00 -9999.00 -9999.00 88.62 40.23 0.00
0.00 30005.57

STID = KDAL STNM = 722583 TIME = 200809/2200 
SLAT = 32.84 SLON = -96.85 SELV = 138.0
STIM = 5

SHOW = -1.34 LIFT = -1.64 SWET = 210.72 KINX = 34.43
LCLP = 754.02 PWAT = 41.70 TOTL = 47.07 CAPE = 875.89
LCLT = 286.63 CINS = -5.51 EQLV = 216.99 LFCT = 749.48
BRCH = 264.32

PRES TMPC TMWC DWPC THTE DRCT SKNT OMEG
CFRL HGHT
997.50 37.34 23.71 17.87 351.07 176.57 9.73 0.00
0.00 147.18
994.50 36.54 23.42 17.76 350.29 177.18 11.87 0.00
0.00 174.73
989.00 35.84 23.16 17.66 350.01 177.44 13.03 0.10
0.00 225.34
979.60 34.94 22.78 17.48 349.86 177.55 13.62 0.10
0.00 312.26
965.60 33.54 22.22 17.24 349.66 177.65 14.20 0.10
0.00 442.79
947.70 31.84 21.51 16.93 349.54 178.47 14.57 0.10
0.00 611.61
926.30 29.84 20.65 16.53 349.40 180.00 14.76 0.10
0.00 816.42
902.90 27.54 19.67 16.09 349.18 181.49 14.96 0.10
0.00 1044.24
877.50 25.04 18.58 15.59 348.96 183.01 14.78 0.10
0.00 1296.28
849.20 22.24 17.32 14.99 348.69 186.09 14.65 0.10
0.00 1583.26
817.80 19.14 15.83 14.20 348.23 190.23 14.22 0.10
0.00 1909.80
783.60 16.14 12.73 10.80 342.51 194.83 13.66 0.10
0.00 2275.94
746.40 12.64 10.39 9.01 340.89 198.97 13.15 0.00
19.00 2687.80
706.50 10.24 6.32 3.33 334.87 202.14 12.37 0.00
4.00 3147.75
663.50 8.44 2.17 -4.28 330.44 187.50 7.44 0.10
0.00 3668.74
617.70 4.74 -1.44 -9.24 329.28 170.54 4.72 0.10
0.00 4255.72
569.50 -0.16 -6.31 -17.40 326.65 330.26 1.57 0.10
0.00 4911.71
522.90 -3.16 -10.14 -30.33 327.17 15.95 4.23 0.20
0.00 5590.60
480.90 -6.36 -13.37 -56.09 329.04 223.45 5.09 0.10
0.00 6248.53
443.30 -11.06 -16.11 -34.84 332.43 228.27 9.63 0.10
0.00 6878.80
409.40 -15.36 -19.48 -37.58 334.20 233.39 8.47 0.00
0.00 7484.27
378.80 -19.76 -22.80 -37.10 336.05 225.86 9.21 0.00
0.00 8065.60
351.20 -24.36 -26.15 -34.45 337.80 227.54 12.37 0.00
0.00 8621.80
326.30 -28.86 -30.14 -37.67 338.24 234.04 12.24 0.00
0.00 9152.66
303.90 -32.66 -33.82 -43.45 339.09 233.13 10.68 0.10
0.00 9657.37
283.80 -36.06 -37.09 -48.80 340.46 244.40 10.33 0.10
0.00 10135.73
265.70 -38.96 -39.91 -55.27 342.36 263.16 9.79 0.10
0.00 10590.32
248.80 -41.56 -42.43 -63.51 344.76 280.71 7.32 0.00
0.00 11038.34
233.60 -44.36 -45.02 -61.80 346.82 305.71 7.65 0.00
0.00 11463.11
219.60 -47.26 -47.76 -62.27 348.53 316.91 8.24 0.00
0.00 11874.38
205.70 -50.46 -50.81 -62.77 350.07 316.79 8.80 0.00
0.00 12303.69
191.70 -53.76 -54.04 -68.39 351.81 305.07 11.15 0.00
0.00 12759.76
177.80 -57.36 -57.57 -73.70 353.51 296.57 12.59 0.00
0.00 13239.19
163.80 -61.16 -61.29 -74.24 355.52 293.88 12.96 0.00
0.00 13752.66
149.80 -64.46 -64.55 -74.84 359.03 302.99 13.21 0.00
0.00 14302.76
135.90 -66.76 -66.83 -75.48 365.09 319.60 11.99 0.00
0.00 14894.36
121.90 -68.96 -9999.00 -9999.00 -9999.00 338.50 6.90 0.00
0.00 15547.66
108.00 -69.66 -9999.00 -9999.00 -9999.00 36.87 2.91 0.00
0.00 16270.04
94.00 -69.16 -9999.00 -9999.00 -9999.00 140.19 7.60 0.00
0.00 17098.03
81.00 -68.46 -9999.00 -9999.00 -9999.00 168.69 6.93 0.00
0.00 17988.33
70.60 -67.36 -9999.00 -9999.00 -9999.00 133.92 7.28 0.00
0.00 18813.89
62.20 -64.66 -9999.00 -9999.00 -9999.00 100.44 7.50 0.00
0.00 19581.96
54.30 -61.56 -9999.00 -9999.00 -9999.00 82.09 14.12 0.00
0.00 20417.07
46.90 -59.16 -9999.00 -9999.00 -9999.00 85.01 20.09 0.00
0.00 21329.61
40.10 -57.76 -9999.00 -9999.00 -9999.00 80.79 21.83 0.00
0.00 22313.98
33.80 -55.26 -9999.00 -9999.00 -9999.00 82.93 23.68 0.00
0.00 23397.82
27.80 -51.86 -9999.00 -9999.00 -9999.00 89.25 29.53 0.00
0.00 24653.95
22.30 -50.06 -9999.00 -9999.00 -9999.00 94.13 35.06 0.00
0.00 26087.71
17.10 -47.86 -9999.00 -9999.00 -9999.00 90.00 38.85 0.00
0.00 27830.07
12.30 -44.56 -9999.00 -9999.00 -9999.00 82.09 42.37 0.00
0.00 30018.76

STID = KDAL STNM = 722583 TIME = 200809/2300 
SLAT = 32.84 SLON = -96.85 SELV = 138.0
STIM = 6

SHOW = -1.38 LIFT = -1.63 SWET = 213.85 KINX = 37.72
LCLP = 755.62 PWAT = 42.38 TOTL = 47.11 CAPE = 914.99
LCLT = 286.71 CINS = -7.95 EQLV = 212.31 LFCT = 735.31
BRCH = 144.54

PRES TMPC TMWC DWPC THTE DRCT SKNT OMEG
CFRL HGHT
996.40 37.14 23.67 17.90 351.07 172.33 10.20 0.00
0.00 146.26
993.30 36.44 23.41 17.80 350.45 173.09 12.92 0.10
0.00 174.76
987.90 35.84 23.17 17.69 350.24 173.75 14.26 0.10
0.00 224.50
978.40 34.94 22.80 17.52 350.14 174.07 15.03 0.10
0.00 312.45
964.50 33.54 22.23 17.27 349.90 175.00 15.60 0.10
0.00 442.20
946.60 31.94 21.56 16.97 349.93 175.82 15.97 0.10
0.00 611.25
925.20 29.84 20.68 16.58 349.70 177.24 16.14 0.10
0.00 816.34
901.80 27.64 19.74 16.15 349.63 179.31 16.12 0.00
0.00 1044.48
876.50 25.14 18.65 15.66 349.42 181.40 15.93 0.00
0.00 1295.92
848.20 22.34 17.39 15.05 349.13 185.00 15.60 0.00
0.00 1583.34
817.00 19.24 15.92 14.30 348.74 190.44 15.02 -0.10
0.00 1908.27
782.80 15.84 13.80 12.72 346.63 205.80 12.94 -0.10
5.00 2274.82
745.70 13.34 10.08 8.03 339.95 208.54 12.61 0.00
0.00 2686.36
705.70 9.24 7.32 5.99 338.13 210.47 11.50 0.10
16.00 3147.81
662.90 8.64 1.90 -5.31 329.78 208.30 5.73 0.10
0.00 3666.35
617.20 4.74 -1.66 -10.02 328.78 188.75 2.56 0.10
0.00 4252.67
569.10 -0.06 -6.40 -18.12 326.51 12.99 2.58 0.10
0.00 4907.86
522.50 -2.96 -10.04 -30.52 327.45 32.01 3.67 0.10
0.00 5587.60
480.60 -6.36 -13.39 -58.42 329.05 228.99 5.92 0.10
0.00 6244.66
443.10 -10.96 -16.03 -34.62 332.64 231.17 10.22 0.00
0.00 6873.71
409.30 -15.36 -19.48 -37.59 334.22 232.43 9.56 0.00
0.00 7477.71
378.60 -19.76 -22.86 -37.83 335.99 227.17 10.86 -0.10
0.00 8061.17
351.10 -24.46 -26.25 -34.62 337.65 231.98 13.56 -0.10
0.00 8615.46
326.30 -28.96 -30.18 -37.25 338.18 235.81 12.45 -0.10
0.00 9144.06
303.90 -32.66 -33.82 -43.45 339.09 233.75 10.84 0.00
0.00 9648.66
283.80 -35.86 -36.94 -49.37 340.71 250.56 10.51 0.00
0.00 10127.22
265.60 -38.86 -39.82 -55.27 342.54 278.75 10.22 0.00
0.00 10584.70
248.80 -41.66 -42.52 -63.51 344.61 292.31 8.20 -0.10
0.00 11030.15
233.60 -44.56 -45.18 -60.07 346.56 314.06 8.37 -0.10
0.00 11454.64
219.60 -47.46 -47.92 -60.55 348.26 322.85 8.04 -0.10
0.00 11865.56
205.70 -50.46 -50.84 -64.93 350.02 313.21 8.80 0.00
0.00 12294.68
191.70 -53.76 -54.04 -68.39 351.81 304.92 12.55 0.00
0.00 12750.75
177.80 -57.56 -57.74 -68.92 353.23 300.68 13.33 0.00
0.00 13229.95
163.80 -61.16 -61.29 -74.24 355.52 298.12 12.78 0.00
0.00 13743.19
149.80 -64.16 -64.25 -74.84 359.55 307.37 13.44 0.00
0.00 14293.68
135.90 -66.46 -66.53 -75.48 365.62 320.91 12.00 0.00
0.00 14886.13
121.90 -68.76 -9999.00 -9999.00 -9999.00 339.08 7.07 0.00
0.00 15540.23
108.00 -70.26 -9999.00 -9999.00 -9999.00 25.35 4.08 0.00
0.00 16261.91
94.00 -70.16 -9999.00 -9999.00 -9999.00 135.00 4.39 0.00
0.00 17086.64
81.00 -68.96 -9999.00 -9999.00 -9999.00 194.04 3.21 0.00
0.00 17973.67
70.60 -67.06 -9999.00 -9999.00 -9999.00 116.57 3.05 0.00
0.00 18798.83
62.20 -63.36 -9999.00 -9999.00 -9999.00 83.48 6.84 0.00
0.00 19569.86
54.30 -60.46 -9999.00 -9999.00 -9999.00 87.10 15.37 0.00
0.00 20409.75
46.90 -58.86 -9999.00 -9999.00 -9999.00 91.61 20.78 0.00
0.00 21325.29
40.10 -57.36 -9999.00 -9999.00 -9999.00 82.02 20.98 0.00
0.00 22311.27
33.80 -54.46 -9999.00 -9999.00 -9999.00 75.50 23.27 0.00
0.00 23398.11
27.80 -51.56 -9999.00 -9999.00 -9999.00 82.30 29.00 0.00
0.00 24657.39
22.30 -50.86 -9999.00 -9999.00 -9999.00 87.67 33.43 0.00
0.00 26089.54
17.10 -49.26 -9999.00 -9999.00 -9999.00 84.78 38.42 0.00
0.00 27823.35
12.30 -45.16 -9999.00 -9999.00 -9999.00 82.97 42.87 0.00
0.00 30002.38

STID = KDAL STNM = 722583 TIME = 200810/0000 
SLAT = 32.84 SLON = -96.85 SELV = 138.0
STIM = 7

SHOW = -1.19 LIFT = -1.34 SWET = 218.87 KINX = 38.08
LCLP = 760.02 PWAT = 42.47 TOTL = 46.67 CAPE = 904.76
LCLT = 286.81 CINS = -15.93 EQLV = 211.92 LFCT = 736.47
BRCH = 95.31

PRES TMPC TMWC DWPC THTE DRCT SKNT OMEG
CFRL HGHT
996.50 36.74 23.56 17.91 350.62 169.70 10.86 0.00
0.00 147.17
993.60 36.24 23.37 17.82 350.22 169.90 14.39 0.10
0.00 173.79
988.00 35.64 23.12 17.70 350.02 170.43 16.36 0.10
0.00 225.33
978.60 34.74 22.75 17.53 349.90 171.06 17.50 0.10
0.00 312.29
964.70 33.44 22.21 17.29 349.81 171.44 18.26 0.20
0.00 441.95
946.70 31.74 21.51 16.98 349.70 172.13 18.43 0.20
0.00 611.83
925.40 29.74 20.67 16.61 349.63 172.87 18.78 0.30
0.00 815.84
902.00 27.54 19.73 16.19 349.58 174.64 18.73 0.30
0.00 1043.85
876.70 25.04 18.65 15.70 349.37 176.96 18.28 0.40
0.00 1295.15
848.40 22.34 17.44 15.13 349.30 181.27 17.48 0.40
0.00 1582.47
817.10 19.24 15.85 14.19 348.44 191.89 15.09 0.40
0.00 1908.38
782.90 16.34 13.49 11.96 345.44 211.24 13.85 0.40
0.00 2275.13
745.80 13.24 10.41 8.68 341.07 211.66 13.69 0.30
0.00 2686.87
705.80 9.14 7.63 6.60 339.09 212.47 12.67 0.10
26.00 3148.21
662.90 8.64 1.80 -5.61 329.51 216.87 5.83 0.00
0.00 3667.87
617.30 4.64 -1.76 -10.19 328.52 173.66 1.77 0.00
0.00 4252.74
569.20 -0.06 -6.31 -17.69 326.69 53.13 3.88 0.00
0.00 4907.70
522.60 -2.66 -9.89 -30.89 327.72 60.64 3.57 0.10
0.00 5587.70
480.60 -6.16 -13.22 -52.73 329.43 229.76 6.62 0.00
0.00 6246.88
443.10 -10.76 -15.90 -34.62 332.89 232.13 11.07 -0.10
0.00 6876.41
409.30 -15.46 -19.53 -37.32 334.13 231.50 10.92 -0.10
0.00 7480.53
378.70 -19.96 -23.10 -39.17 335.51 229.82 11.44 -0.10
0.00 8061.66
351.10 -24.66 -26.44 -34.98 337.31 236.08 13.58 -0.10
0.00 8617.44
326.30 -29.16 -30.28 -36.65 338.02 236.31 12.61 -0.10
0.00 9145.61
303.90 -32.76 -33.93 -43.80 338.91 234.93 11.15 0.00
0.00 9649.90
283.80 -35.86 -36.96 -49.97 340.67 258.06 10.33 0.00
0.00 10128.36
265.60 -39.16 -40.04 -53.42 342.19 293.63 10.18 0.00
0.00 10585.55
248.80 -41.96 -42.75 -59.58 344.25 302.97 8.57 -0.10
0.00 11030.44
233.60 -44.86 -45.46 -60.07 346.11 322.85 8.04 -0.10
0.00 11454.37
219.60 -47.66 -48.09 -59.12 348.00 324.29 7.65 -0.10
0.00 11864.84
205.70 -50.56 -50.93 -64.93 349.87 311.08 10.04 -0.10
0.00 12293.67
191.70 -54.06 -54.33 -68.39 351.32 309.59 13.11 -0.10
0.00 12749.33
177.80 -57.76 -57.93 -68.92 352.90 304.16 13.15 0.00
0.00 13227.99
163.80 -61.06 -61.20 -74.24 355.68 302.28 13.09 0.00
0.00 13741.10
149.80 -63.96 -64.06 -74.84 359.89 310.43 13.77 0.00
0.00 14291.98
135.90 -66.36 -66.43 -75.48 365.80 320.71 11.05 0.00
0.00 14884.86
121.90 -68.76 -9999.00 -9999.00 -9999.00 348.69 5.94 0.00
0.00 15539.12
108.00 -70.66 -9999.00 -9999.00 -9999.00 30.96 4.53 0.00
0.00 16260.09
94.00 -70.36 -9999.00 -9999.00 -9999.00 146.31 2.80 0.00
0.00 17083.61
81.00 -68.36 -9999.00 -9999.00 -9999.00 206.57 3.05 0.00
0.00 17971.50
70.60 -65.76 -9999.00 -9999.00 -9999.00 116.57 4.35 0.00
0.00 18800.49
62.20 -62.36 -9999.00 -9999.00 -9999.00 92.49 8.94 0.00
0.00 19575.79
54.30 -60.46 -9999.00 -9999.00 -9999.00 90.68 16.32 0.00
0.00 20417.66
46.90 -59.46 -9999.00 -9999.00 -9999.00 90.00 19.62 0.00
0.00 21331.91
40.10 -57.36 -9999.00 -9999.00 -9999.00 79.11 20.57 0.00
0.00 22316.52
33.80 -54.66 -9999.00 -9999.00 -9999.00 73.64 25.51 0.00
0.00 23402.86
27.80 -52.56 -9999.00 -9999.00 -9999.00 82.50 29.78 0.00
0.00 24658.70
22.30 -50.56 -9999.00 -9999.00 -9999.00 89.36 34.58 0.00
0.00 26088.59
17.10 -47.86 -9999.00 -9999.00 -9999.00 86.91 39.69 0.00
0.00 27829.01
12.30 -44.16 -9999.00 -9999.00 -9999.00 83.46 42.62 0.00
0.00 30019.62

STID = KDAL STNM = 722583 TIME = 200810/0100 
SLAT = 32.84 SLON = -96.85 SELV = 138.0
STIM = 8

SHOW = -0.63 LIFT = -0.83 SWET = 214.49 KINX = 37.26
LCLP = 764.01 PWAT = 41.90 TOTL = 45.95 CAPE = 725.78
LCLT = 286.59 CINS = -35.28 EQLV = 220.38 LFCT = 732.81
BRCH = 69.35

PRES TMPC TMWC DWPC THTE DRCT SKNT OMEG
CFRL HGHT
997.60 36.14 23.25 17.62 349.02 173.16 9.79 0.00
0.00 148.05
994.60 35.84 23.11 17.53 348.87 173.48 13.69 0.10
0.00 175.52
989.20 35.34 22.88 17.40 348.74 173.13 16.24 0.10
0.00 225.09
979.70 34.54 22.53 17.21 348.70 173.86 18.16 0.10
0.00 312.79
965.80 33.24 21.98 16.96 348.57 174.23 19.33 0.10
0.00 442.20
947.80 31.64 21.29 16.64 348.56 174.96 19.89 0.20
0.00 611.77
926.40 29.64 20.44 16.25 348.44 175.60 20.26 0.20
0.00 816.40
903.00 27.44 19.48 15.81 348.34 176.70 20.24 0.20
0.00 1044.05
877.60 25.04 18.42 15.32 348.26 178.32 19.81 0.30
0.00 1295.98
849.30 22.34 17.15 14.65 347.94 184.92 18.12 0.30
0.00 1582.94
818.00 19.64 15.65 13.66 347.47 197.72 14.69 0.20
0.00 1908.63
783.80 16.74 13.39 11.58 344.91 206.93 13.73 0.20
0.00 2275.39
746.60 13.14 10.82 9.44 342.35 207.72 12.94 0.10
0.00 2688.03
706.50 9.14 7.63 6.60 338.97 210.96 11.32 0.10
32.00 3150.03
663.50 8.54 1.74 -5.67 329.24 228.37 4.68 0.00
0.00 3670.31
617.80 4.54 -1.82 -10.22 328.30 104.04 0.80 0.00
0.00 4255.74
569.60 0.04 -6.14 -17.13 327.01 63.43 5.21 0.00
0.00 4911.58
522.90 -2.46 -9.81 -31.46 327.80 69.44 3.32 0.10
0.00 5592.99
480.90 -6.16 -13.10 -45.95 329.65 241.26 6.88 0.00
0.00 6252.03
443.30 -10.76 -15.95 -35.29 332.74 240.64 10.70 0.00
0.00 6882.91
409.40 -15.46 -19.57 -37.85 334.03 240.38 11.40 -0.10
0.00 7488.60
378.80 -20.06 -23.23 -40.06 335.24 242.59 11.81 0.00
0.00 8069.46
351.20 -24.76 -26.54 -35.16 337.10 248.36 13.17 0.00
0.00 8624.85
326.30 -29.16 -30.38 -37.67 337.83 245.41 12.61 0.00
0.00 9154.96
303.90 -32.66 -33.98 -46.20 338.82 249.78 11.79 0.00
0.00 9659.34
283.80 -35.86 -36.98 -50.62 340.63 278.43 10.61 0.00
0.00 10137.89
265.70 -39.26 -40.11 -52.61 342.04 310.49 10.47 0.00
0.00 10592.39
248.80 -42.06 -42.84 -59.58 344.10 313.26 9.07 0.00
0.00 11039.64
233.60 -44.96 -45.53 -58.63 346.00 324.46 8.35 0.00
0.00 11463.40
219.60 -47.76 -48.20 -60.55 347.80 313.15 8.53 0.00
0.00 11873.69
205.70 -50.86 -51.24 -67.88 349.35 312.27 11.56 0.00
0.00 12302.13
191.70 -54.26 -54.52 -68.39 351.00 307.04 12.90 0.00
0.00 12757.27
177.80 -57.76 -57.96 -73.70 352.85 301.39 13.42 0.00
0.00 13235.70
163.80 -61.06 -61.20 -74.24 355.68 301.50 14.12 0.00
0.00 13748.82
149.80 -63.96 -64.06 -74.84 359.89 308.78 13.95 0.00
0.00 14299.70
135.90 -66.36 -66.43 -75.48 365.80 317.56 9.21 0.00
0.00 14892.58
121.90 -68.66 -9999.00 -9999.00 -9999.00 350.54 3.54 0.00
0.00 15547.00
108.00 -70.66 -9999.00 -9999.00 -9999.00 32.74 3.22 0.00
0.00 16268.14
94.00 -69.76 -9999.00 -9999.00 -9999.00 198.43 2.45 0.00
0.00 17092.88
81.00 -67.46 -9999.00 -9999.00 -9999.00 240.26 3.13 0.00
0.00 17984.04
70.60 -64.96 -9999.00 -9999.00 -9999.00 83.99 3.71 0.00
0.00 18816.45
62.20 -62.46 -9999.00 -9999.00 -9999.00 68.20 9.42 0.00
0.00 19593.04
54.30 -61.36 -9999.00 -9999.00 -9999.00 69.95 15.31 0.00
0.00 20432.92
46.90 -60.26 -9999.00 -9999.00 -9999.00 72.94 17.87 0.00
0.00 21343.53
40.10 -57.86 -9999.00 -9999.00 -9999.00 68.30 20.49 0.00
0.00 22325.16
33.80 -55.06 -9999.00 -9999.00 -9999.00 75.86 26.24 0.00
0.00 23409.25
27.80 -53.36 -9999.00 -9999.00 -9999.00 86.95 29.18 0.00
0.00 24661.66
22.30 -50.76 -9999.00 -9999.00 -9999.00 91.00 33.41 0.00
0.00 26088.32
17.10 -47.16 -9999.00 -9999.00 -9999.00 82.21 37.26 0.00
0.00 27830.68
12.30 -43.36 -9999.00 -9999.00 -9999.00 79.22 41.53 0.00
0.00 30028.53

STID = KDAL STNM = 722583 TIME = 200810/0200 
SLAT = 32.84 SLON = -96.85 SELV = 138.0
STIM = 9

SHOW = 0.46 LIFT = -0.20 SWET = 210.25 KINX = 35.85
LCLP = 773.66 PWAT = 41.29 TOTL = 44.54 CAPE = 602.72
LCLT = 286.70 CINS = -57.25 EQLV = 222.90 LFCT = 731.58
BRCH = 53.90

PRES TMPC TMWC DWPC THTE DRCT SKNT OMEG
CFRL HGHT
997.50 35.14 22.93 17.53 347.64 172.87 7.83 0.00
0.00 147.11
994.50 35.04 22.85 17.45 347.75 173.35 11.73 0.00
0.00 174.50
989.00 34.74 22.68 17.34 347.92 173.91 14.65 0.10
0.00 224.88
979.60 34.04 22.35 17.14 347.95 175.24 18.71 0.10
0.00 311.51
965.60 32.94 21.84 16.85 347.98 176.85 21.21 0.10
0.00 441.70
947.70 31.34 21.13 16.49 347.84 178.52 22.53 0.10
0.00 610.18
926.30 29.44 20.27 16.06 347.75 180.00 23.12 0.00
0.00 814.64
902.90 27.24 19.24 15.49 347.32 182.39 23.33 0.00
0.00 1042.14
877.60 25.04 18.00 14.59 346.48 185.37 22.82 -0.10
0.00 1292.95
849.20 22.54 16.65 13.70 345.91 189.55 21.08 -0.20
0.00 1580.92
817.90 19.74 15.27 12.98 345.99 195.59 17.35 -0.40
0.00 1906.69
783.70 16.54 13.37 11.65 344.84 197.45 14.26 -0.50
0.00 2273.38
746.50 12.84 10.93 9.79 342.73 196.78 12.78 -0.40
0.00 2685.75
706.40 9.24 7.34 6.02 338.06 211.89 10.30 -0.30
0.00 3147.64
663.50 8.04 1.88 -4.57 329.68 261.47 3.92 -0.20
0.00 3666.37
617.70 4.34 -1.87 -10.05 328.20 24.44 2.35 0.00
0.00 4252.46
569.50 0.04 -6.06 -16.73 327.22 62.65 6.33 0.20
0.00 4908.20
522.90 -1.96 -9.65 -33.39 328.08 63.43 2.18 0.40
0.00 5588.83
480.90 -5.96 -12.74 -38.74 330.47 250.25 8.04 0.40
0.00 6248.74
443.30 -10.56 -15.81 -35.29 332.99 242.97 10.68 0.30
0.00 6880.12
409.40 -15.26 -19.53 -39.63 334.06 241.23 11.31 0.20
0.00 7486.27
378.70 -19.96 -23.08 -38.89 335.55 247.17 12.00 0.10
0.00 8069.44
351.20 -24.76 -26.64 -36.12 336.92 251.85 12.47 0.10
0.00 8623.00
326.30 -29.06 -30.57 -40.89 337.47 249.34 12.67 0.00
0.00 9153.19
303.90 -32.66 -34.06 -48.20 338.66 259.44 11.65 -0.10
0.00 9657.65
283.80 -35.96 -37.07 -50.62 340.48 287.28 9.15 -0.10
0.00 10136.09
265.70 -39.36 -40.18 -51.87 341.94 314.14 9.21 -0.10
0.00 10590.40
248.80 -42.16 -42.91 -58.13 343.99 313.26 9.07 -0.20
0.00 11037.46
233.60 -45.16 -45.71 -58.63 345.70 316.91 8.24 -0.20
0.00 11460.94
219.60 -48.06 -48.51 -62.27 347.29 313.15 8.53 -0.20
0.00 11870.78
205.70 -51.16 -51.53 -67.88 348.88 313.36 9.62 -0.20
0.00 12298.65
191.70 -54.46 -54.72 -68.39 350.68 303.96 11.48 -0.10
0.00 12753.27
177.80 -57.76 -57.96 -73.70 352.85 300.51 12.63 0.00
0.00 13231.48
163.80 -61.06 -61.20 -74.24 355.68 302.54 13.36 0.00
0.00 13744.60
149.80 -63.86 -63.96 -74.84 360.06 309.23 12.30 0.00
0.00 14295.61
135.90 -65.96 -9999.00 -9999.00 -9999.00 320.39 7.30 0.10
0.00 14889.20
121.90 -68.46 -9999.00 -9999.00 -9999.00 355.91 2.72 0.00
0.00 15544.57
108.00 -70.26 -9999.00 -9999.00 -9999.00 33.69 2.10 0.00
0.00 16266.78
94.00 -68.86 -9999.00 -9999.00 -9999.00 212.91 3.92 0.00
0.00 17094.16
81.00 -66.76 -9999.00 -9999.00 -9999.00 243.43 3.05 0.00
0.00 17988.81
70.60 -64.96 -9999.00 -9999.00 -9999.00 64.80 3.65 0.00
0.00 18822.62
62.20 -63.46 -9999.00 -9999.00 -9999.00 52.70 10.26 0.00
0.00 19597.36
54.30 -62.46 -9999.00 -9999.00 -9999.00 61.61 16.34 0.00
0.00 20433.07
46.90 -60.96 -9999.00 -9999.00 -9999.00 68.20 18.82 0.00
0.00 21339.82
40.10 -58.06 -9999.00 -9999.00 -9999.00 69.93 21.50 0.00
0.00 22319.38
33.80 -55.36 -9999.00 -9999.00 -9999.00 85.16 25.35 0.00
0.00 23402.21
27.80 -52.96 -9999.00 -9999.00 -9999.00 89.58 26.61 0.00
0.00 24654.92
22.30 -50.06 -9999.00 -9999.00 -9999.00 88.59 31.66 0.00
0.00 26085.13
17.10 -47.56 -9999.00 -9999.00 -9999.00 76.46 38.17 0.00
0.00 27828.65
12.30 -43.76 -9999.00 -9999.00 -9999.00 70.28 43.75 0.00
0.00 30022.64

STID = KDAL STNM = 722583 TIME = 200810/0300 
SLAT = 32.84 SLON = -96.85 SELV = 138.0
STIM = 10

SHOW = 0.24 LIFT = -1.24 SWET = 212.82 KINX = 33.53
LCLP = 823.78 PWAT = 42.40 TOTL = 44.56 CAPE = 1182.81
LCLT = 289.90 CINS = -128.08 EQLV = 192.11 LFCT = 753.53
BRCH = 34.56

PRES TMPC TMWC DWPC THTE DRCT SKNT OMEG
CFRL HGHT
997.50 33.04 23.65 19.81 351.21 173.77 10.74 0.00
0.00 147.06
994.50 32.74 23.55 19.79 351.24 174.41 17.95 0.10
0.00 174.28
989.00 32.34 23.40 19.74 351.45 174.71 21.08 0.10
0.00 224.35
979.50 31.44 23.07 19.64 351.53 175.60 25.33 0.10
0.00 311.30
965.50 30.34 22.57 19.36 351.56 176.59 29.39 0.10
0.00 440.56
947.50 29.74 21.82 18.47 351.14 177.83 30.71 0.10
0.00 609.04
926.10 28.44 20.94 17.70 350.83 179.57 25.64 0.10
0.00 812.86
902.70 26.74 19.72 16.57 349.48 182.06 21.58 0.10
0.00 1039.99
877.30 24.64 18.38 15.44 348.13 187.59 20.57 0.20
0.00 1291.60
849.00 22.24 16.83 14.17 346.70 194.04 19.23 0.20
0.00 1578.39
817.70 19.54 15.09 12.79 345.34 199.52 16.28 0.10
0.00 1903.99
783.50 16.44 13.08 11.23 343.82 201.80 12.55 0.20
0.00 2270.53
746.30 12.84 10.51 9.09 341.32 207.51 10.51 0.30
0.00 2682.85
706.30 9.94 6.55 4.03 335.61 240.42 8.26 0.30
0.00 3144.03
663.40 8.24 1.66 -5.47 329.08 298.30 2.87 0.20
0.00 3663.46
617.70 4.54 -1.87 -10.40 328.18 77.20 4.39 0.10
0.00 4248.67
569.50 0.54 -5.95 -17.54 327.43 90.00 7.19 0.00
0.00 4905.19
522.80 -1.56 -9.56 -36.00 328.22 143.13 1.94 -0.20
0.00 5588.43
480.80 -6.16 -12.62 -34.24 330.84 247.62 7.15 -0.20
0.00 6248.73
443.20 -10.76 -15.96 -35.53 332.72 238.84 9.75 -0.30
0.00 6879.80
409.40 -15.46 -19.69 -39.96 333.76 239.22 10.63 -0.30
0.00 7483.76
378.70 -20.16 -23.23 -38.89 335.28 250.28 10.94 -0.20
0.00 8066.47
351.20 -24.96 -26.89 -37.16 336.46 260.71 10.82 -0.10
0.00 8619.59
326.30 -29.36 -30.80 -40.60 337.10 271.02 10.88 0.00
0.00 9149.23
303.90 -32.96 -34.23 -46.20 338.39 283.30 10.98 0.10
0.00 9653.07
283.80 -36.16 -37.22 -49.97 340.24 299.17 9.56 0.20
0.00 10131.02
265.70 -39.26 -40.09 -51.87 342.09 315.73 10.86 0.20
0.00 10585.23
248.80 -42.36 -43.04 -55.81 343.78 316.36 11.54 0.20
0.00 11032.20
233.60 -45.46 -46.02 -60.07 345.20 315.78 10.02 0.20
0.00 11455.22
219.60 -48.26 -48.72 -64.44 346.94 315.86 9.21 0.20
0.00 11864.60
205.70 -51.16 -51.53 -67.88 348.88 305.27 9.75 0.10
0.00 12292.28
191.70 -54.36 -54.62 -68.39 350.84 297.41 11.81 0.10
0.00 12747.01
177.80 -57.66 -57.86 -73.70 353.02 296.57 12.59 0.10
0.00 13225.44
163.80 -60.66 -60.80 -74.24 356.36 298.18 12.33 0.00
0.00 13739.16
149.80 -63.06 -63.17 -74.84 361.44 304.62 9.91 0.00
0.00 14291.74
135.90 -65.46 -9999.00 -9999.00 -9999.00 316.64 4.82 0.00
0.00 14887.18
121.90 -68.56 -9999.00 -9999.00 -9999.00 315.00 1.11 0.00
0.00 15543.19
108.00 -70.76 -9999.00 -9999.00 -9999.00 323.13 0.97 0.00
0.00 16264.33
94.00 -69.56 -9999.00 -9999.00 -9999.00 229.09 3.85 0.00
0.00 17089.27
81.00 -67.56 -9999.00 -9999.00 -9999.00 299.05 2.00 0.00
0.00 17980.65
70.60 -65.86 -9999.00 -9999.00 -9999.00 50.19 6.06 0.00
0.00 18811.05
62.20 -64.46 -9999.00 -9999.00 -9999.00 57.05 12.51 0.00
0.00 19582.27
54.30 -63.56 -9999.00 -9999.00 -9999.00 68.20 17.77 0.00
0.00 20413.80
46.90 -61.36 -9999.00 -9999.00 -9999.00 70.31 19.60 0.00
0.00 21317.33
40.10 -57.36 -9999.00 -9999.00 -9999.00 68.37 24.24 0.00
0.00 22297.58
33.80 -53.76 -9999.00 -9999.00 -9999.00 77.75 25.64 0.00
0.00 23386.17
27.80 -50.96 -9999.00 -9999.00 -9999.00 87.51 26.83 0.00
0.00 24649.17
22.30 -50.16 -9999.00 -9999.00 -9999.00 83.35 31.88 0.00
0.00 26085.51
17.10 -48.06 -9999.00 -9999.00 -9999.00 78.53 40.03 0.00
0.00 27826.70
12.30 -43.66 -51.04 -89.89 806.44 76.20 45.61 0.00
0.00 30018.77

STID = KDAL STNM = 722583 TIME = 200810/0400 
SLAT = 32.84 SLON = -96.85 SELV = 138.0
STIM = 11

SHOW = 0.05 LIFT = -1.41 SWET = 213.24 KINX = 32.91
LCLP = 849.81 PWAT = 42.26 TOTL = 44.77 CAPE = 1350.17
LCLT = 291.31 CINS = -136.09 EQLV = 185.65 LFCT = 756.35
BRCH = 33.86

PRES TMPC TMWC DWPC THTE DRCT SKNT OMEG
CFRL HGHT
997.90 31.84 23.90 20.75 352.43 177.84 10.30 0.00
0.00 147.93
995.00 31.74 23.82 20.68 352.55 178.07 17.31 0.00
0.00 174.15
989.40 31.34 23.64 20.58 352.63 177.80 20.22 0.00
0.00 224.96
979.90 30.74 23.34 20.38 352.78 178.77 27.19 0.00
0.00 311.67
966.00 30.04 22.84 19.93 352.78 179.30 31.66 -0.10
0.00 439.79
948.00 29.34 21.90 18.78 351.45 180.33 33.41 -0.10
0.00 608.02
926.50 28.14 20.74 17.50 349.86 183.01 29.56 -0.10
0.00 812.47
903.10 26.64 19.70 16.58 349.32 184.36 22.98 -0.20
0.00 1039.33
877.70 24.54 18.40 15.53 348.17 189.73 20.69 -0.30
0.00 1290.76
849.40 22.14 16.92 14.38 347.02 197.88 18.98 -0.30
0.00 1577.34
818.10 19.34 15.03 12.79 345.03 203.29 16.71 -0.30
0.00 1902.63
783.80 16.44 12.72 10.62 342.46 206.18 12.76 -0.20
0.00 2269.90
746.70 13.04 10.11 8.27 339.87 218.66 9.95 -0.10
0.00 2680.94
706.60 10.14 6.38 3.53 335.03 256.76 6.78 0.00
0.00 3143.27
663.70 8.34 1.52 -6.05 328.63 5.19 2.14 0.10
0.00 3662.68
617.90 4.54 -1.87 -10.40 328.15 96.01 7.42 0.20
0.00 4249.02
569.70 0.64 -5.93 -17.75 327.41 99.21 7.28 0.10
0.00 4905.44
523.00 -1.46 -9.54 -36.92 328.19 135.00 1.38 0.00
0.00 5588.66
480.90 -6.36 -12.59 -32.13 330.94 253.74 4.86 0.00
0.00 6250.23
443.30 -10.86 -16.00 -35.06 332.65 238.57 8.20 -0.10
0.00 6880.83
409.50 -15.46 -19.74 -41.00 333.62 240.83 9.56 -0.20
0.00 7484.53
378.80 -20.16 -23.19 -38.35 335.33 254.85 9.65 -0.20
0.00 8067.09
351.20 -24.96 -26.91 -37.39 336.42 268.81 9.32 -0.20
0.00 8622.15
326.30 -29.26 -30.63 -39.53 337.39 293.63 10.18 -0.10
0.00 9151.90
303.90 -32.96 -34.12 -44.16 338.59 296.57 10.86 -0.10
0.00 9655.86
283.80 -36.06 -37.09 -48.80 340.46 297.07 9.81 -0.10
0.00 10133.92
265.70 -39.16 -40.00 -51.87 342.23 312.71 10.31 -0.10
0.00 10588.32
248.80 -42.36 -43.02 -54.84 343.82 317.73 11.56 0.00
0.00 11035.39
233.60 -45.36 -45.92 -60.07 345.35 313.45 10.16 0.00
0.00 11458.51
219.60 -48.26 -48.72 -64.44 346.94 305.27 9.75 0.00
0.00 11867.98
205.70 -51.26 -51.62 -67.88 348.72 295.64 10.78 0.00
0.00 12295.56
191.70 -54.46 -54.72 -68.39 350.68 291.45 11.69 0.00
0.00 12750.08
177.80 -57.46 -57.67 -73.70 353.34 291.97 11.95 0.10
0.00 13228.62
163.80 -60.06 -60.22 -74.24 357.36 294.06 11.91 0.10
0.00 13743.30
149.80 -62.36 -62.48 -74.84 362.64 301.16 9.75 0.10
0.00 14297.58
135.90 -65.16 -9999.00 -9999.00 -9999.00 306.03 5.28 0.00
0.00 14894.45
121.90 -68.56 -9999.00 -9999.00 -9999.00 277.13 3.13 0.00
0.00 15550.93
108.00 -70.76 -9999.00 -9999.00 -9999.00 298.61 2.43 0.00
0.00 16272.08
94.00 -69.76 -9999.00 -9999.00 -9999.00 259.38 3.17 0.00
0.00 17096.61
81.00 -68.06 -9999.00 -9999.00 -9999.00 354.56 4.10 0.00
0.00 17986.47
70.60 -66.46 -9999.00 -9999.00 -9999.00 42.09 8.12 0.00
0.00 18814.65
62.20 -65.26 -9999.00 -9999.00 -9999.00 61.33 14.16 0.00
0.00 19583.27
54.30 -64.06 -9999.00 -9999.00 -9999.00 73.54 17.83 0.00
0.00 20412.22
46.90 -60.66 -9999.00 -9999.00 -9999.00 70.59 18.12 0.00
0.00 21316.18
40.10 -55.86 -9999.00 -9999.00 -9999.00 73.03 23.97 0.00
0.00 22301.48
33.80 -53.16 -9999.00 -9999.00 -9999.00 77.96 27.02 0.00
0.00 23395.32
27.80 -51.36 -9999.00 -9999.00 -9999.00 78.17 29.37 0.00
0.00 24658.89
22.30 -49.66 -9999.00 -9999.00 -9999.00 75.81 35.66 0.00
0.00 26095.55
17.10 -46.56 -9999.00 -9999.00 -9999.00 82.46 42.91 0.00
0.00 27844.52
12.30 -43.56 -50.99 -89.89 806.80 88.28 45.28 0.00
0.00 30044.30

STID = KDAL STNM = 722583 TIME = 200810/0500 
SLAT = 32.84 SLON = -96.85 SELV = 138.0
STIM = 12

SHOW = -0.18 LIFT = -2.02 SWET = 211.77 KINX = 32.68
LCLP = 860.78 PWAT = 42.55 TOTL = 45.11 CAPE = 1660.31
LCLT = 292.06 CINS = -120.98 EQLV = 179.91 LFCT = 766.29
BRCH = 40.93

PRES TMPC TMWC DWPC THTE DRCT SKNT OMEG
CFRL HGHT
998.30 31.54 24.17 21.31 353.70 182.12 10.49 0.00
0.00 147.02
995.30 31.44 24.10 21.25 353.86 182.57 17.31 0.00
0.00 174.12
989.80 31.04 23.93 21.16 353.96 182.73 20.42 0.00
0.00 223.97
980.20 30.44 23.65 20.99 354.21 183.27 27.23 0.00
0.00 311.51
966.30 29.74 23.21 20.64 354.50 184.21 31.74 -0.10
0.00 439.51
948.20 28.74 22.38 19.81 353.67 185.81 34.56 -0.10
0.00 608.47
926.80 27.44 21.05 18.34 351.27 189.46 34.27 -0.20
0.00 811.57
903.40 26.34 19.44 16.28 348.14 193.03 26.71 -0.20
0.00 1038.02
877.90 24.34 18.18 15.26 347.22 194.42 21.06 -0.30
0.00 1290.11
849.60 21.94 16.95 14.53 347.11 201.80 17.77 -0.30
0.00 1576.43
818.30 19.14 15.14 13.08 345.42 208.78 15.73 -0.30
0.00 1901.45
784.00 16.34 12.51 10.30 341.64 213.69 11.91 -0.30
0.00 2268.45
746.80 13.14 10.00 8.02 339.50 232.85 8.04 -0.20
0.00 2680.47
706.80 10.14 6.32 3.40 334.80 277.43 4.51 -0.10
0.00 3141.59
663.80 8.64 1.33 -7.12 328.05 62.24 4.18 0.20
0.00 3662.32
618.00 4.54 -1.98 -10.81 327.84 103.50 9.98 0.30
0.00 4248.82
569.80 1.04 -5.94 -19.01 327.31 109.75 8.04 0.10
0.00 4905.55
523.10 -1.66 -9.67 -37.24 327.89 135.00 2.74 -0.10
0.00 5588.86
481.00 -6.56 -12.71 -32.13 330.67 237.53 2.53 -0.30
0.00 6249.80
443.40 -11.16 -16.11 -33.97 332.43 228.65 6.47 -0.30
0.00 6879.68
409.50 -15.66 -19.83 -39.95 333.48 235.22 8.51 -0.30
0.00 7484.53
378.80 -20.36 -23.34 -38.35 335.07 253.69 8.29 -0.20
0.00 8066.64
351.20 -25.06 -26.93 -36.73 336.40 271.36 8.16 -0.10
0.00 8621.37
326.30 -29.36 -30.59 -38.11 337.48 295.60 10.33 0.00
0.00 9150.92
303.90 -33.06 -34.12 -42.78 338.60 295.25 11.38 0.10
0.00 9654.69
283.80 -36.16 -37.11 -47.28 340.44 292.62 10.10 0.10
0.00 10132.56
265.70 -39.06 -39.88 -51.18 342.42 303.34 8.84 0.10
0.00 10586.97
248.80 -42.26 -42.93 -54.84 343.97 310.49 10.47 0.10
0.00 11034.23
233.60 -45.36 -45.90 -58.63 345.39 303.69 9.81 0.10
0.00 11457.44
219.60 -48.16 -48.60 -62.27 347.14 289.89 9.71 0.10
0.00 11867.00
205.70 -51.16 -51.50 -64.93 348.92 279.29 10.82 0.10
0.00 12294.78
191.70 -54.26 -54.52 -68.39 351.00 275.81 11.52 0.10
0.00 12749.61
177.80 -57.06 -57.28 -73.70 354.00 278.39 11.99 0.00
0.00 13228.81
163.80 -59.56 -59.73 -74.24 358.20 285.33 12.49 0.00
0.00 13744.57
149.80 -62.16 -62.29 -74.84 362.99 295.08 10.08 -0.10
0.00 14299.77
135.90 -65.46 -9999.00 -9999.00 -9999.00 296.57 4.78 -0.10
0.00 14896.49
121.90 -68.86 -9999.00 -9999.00 -9999.00 267.51 4.47 0.00
0.00 15552.02
108.00 -70.46 -9999.00 -9999.00 -9999.00 288.43 4.91 0.00
0.00 16273.17
94.00 -69.16 -9999.00 -9999.00 -9999.00 291.45 5.85 0.00
0.00 17099.53
81.00 -68.06 -9999.00 -9999.00 -9999.00 358.32 6.60 0.00
0.00 17990.69
70.60 -67.06 -9999.00 -9999.00 -9999.00 45.83 9.48 0.00
0.00 18817.67
62.20 -65.66 -9999.00 -9999.00 -9999.00 65.12 14.78 0.00
0.00 19584.44
54.30 -63.36 -9999.00 -9999.00 -9999.00 75.96 15.21 0.00
0.00 20413.98
46.90 -60.26 -9999.00 -9999.00 -9999.00 73.54 17.83 0.00
0.00 21320.30
40.10 -57.56 -9999.00 -9999.00 -9999.00 76.18 24.40 0.00
0.00 22302.62
33.80 -55.06 -9999.00 -9999.00 -9999.00 75.04 29.35 0.00
0.00 23387.45
27.80 -52.76 -9999.00 -9999.00 -9999.00 71.87 34.95 0.00
0.00 24641.58
22.30 -50.16 -9999.00 -9999.00 -9999.00 70.88 40.91 0.00
0.00 26072.12
17.10 -45.16 -9999.00 -9999.00 -9999.00 80.19 42.19 0.00
0.00 27824.58
12.30 -42.76 -50.56 -89.89 809.61 91.48 37.51 0.00
0.00 30034.97

STID = KDAL STNM = 722583 TIME = 200810/0600 
SLAT = 32.84 SLON = -96.85 SELV = 138.0
STIM = 13

SHOW = -0.56 LIFT = -1.98 SWET = 212.94 KINX = 31.86
LCLP = 872.51 PWAT = 42.21 TOTL = 45.78 CAPE = 1434.88
LCLT = 292.50 CINS = -141.94 EQLV = 187.56 LFCT = 758.57
BRCH = 31.75

PRES TMPC TMWC DWPC THTE DRCT SKNT OMEG
CFRL HGHT
998.50 30.84 24.14 21.54 353.53 182.96 11.29 0.00
0.00 146.99
995.50 30.74 24.05 21.46 353.63 182.98 18.67 0.10
0.00 174.03
990.00 30.34 23.86 21.34 353.63 183.51 22.18 0.10
0.00 223.76
980.50 29.54 23.47 21.09 353.38 184.73 28.26 0.00
0.00 310.15
966.50 28.54 22.90 20.65 353.03 186.15 32.63 0.00
0.00 438.59
948.50 27.64 21.85 19.45 351.22 189.56 36.25 -0.10
0.00 605.92
927.00 26.64 20.70 18.13 349.68 194.26 35.47 -0.10
0.00 809.24
903.50 25.64 19.54 16.79 348.60 199.57 27.84 -0.10
0.00 1036.06
878.20 24.34 18.17 15.24 347.12 205.05 19.74 -0.10
0.00 1285.86
849.80 21.84 16.98 14.62 347.18 209.83 16.80 -0.10
0.00 1573.06
818.40 18.94 15.20 13.29 345.66 213.25 14.16 -0.10
0.00 1898.92
784.20 16.34 12.37 10.07 341.13 222.58 9.75 0.00
0.00 2264.65
747.00 13.14 9.99 8.00 339.43 250.20 5.17 0.10
0.00 2676.54
706.90 10.44 6.08 2.67 334.07 329.04 2.27 0.30
0.00 3138.92
663.90 9.04 1.17 -8.32 327.55 88.36 6.80 0.30
0.00 3660.12
618.10 4.94 -2.05 -11.86 327.60 116.13 11.46 0.20
0.00 4247.26
569.90 1.24 -5.97 -19.81 327.20 126.87 11.65 0.00
0.00 4904.54
523.10 -2.06 -9.84 -35.70 327.59 141.63 5.94 -0.20
0.00 5588.99
481.10 -6.86 -12.99 -33.35 330.06 199.65 2.89 -0.20
0.00 6247.43
443.40 -11.46 -16.24 -33.17 332.19 220.43 6.90 -0.10
0.00 6878.20
409.50 -15.76 -19.81 -38.41 333.54 233.62 9.17 -0.10
0.00 7482.60
378.80 -20.46 -23.34 -37.34 335.09 252.35 8.97 -0.10
0.00 8064.50
351.20 -25.06 -26.87 -36.12 336.51 268.73 8.74 -0.10
0.00 8619.13
326.40 -29.36 -30.59 -38.10 337.45 283.35 11.77 -0.10
0.00 9146.48
304.00 -33.16 -34.23 -43.11 338.39 288.14 11.85 -0.10
0.00 9649.98
283.80 -36.16 -37.11 -47.28 340.44 288.78 10.26 -0.10
0.00 10130.04
265.70 -39.06 -39.88 -51.18 342.42 296.00 8.86 -0.10
0.00 10584.45
248.80 -42.36 -43.02 -54.84 343.82 306.66 10.41 -0.10
0.00 11031.62
233.60 -45.36 -45.90 -58.63 345.39 301.76 9.60 -0.10
0.00 11454.74
219.60 -48.16 -48.58 -60.55 347.18 285.80 10.70 0.00
0.00 11864.30
205.70 -51.16 -51.48 -62.77 348.97 278.00 12.55 0.00
0.00 12292.08
191.70 -54.06 -54.33 -68.39 351.32 276.05 12.90 0.00
0.00 12747.12
177.80 -56.86 -57.08 -73.70 354.33 282.09 13.91 0.10
0.00 13226.76
163.80 -59.66 -59.83 -74.24 358.03 290.11 14.69 0.00
0.00 13742.64
149.80 -62.66 -62.78 -74.84 362.13 295.68 11.21 0.00
0.00 14297.05
135.90 -65.76 -9999.00 -9999.00 -9999.00 283.50 4.99 0.00
0.00 14892.64
121.90 -68.86 -9999.00 -9999.00 -9999.00 259.70 6.51 0.00
0.00 15547.69
108.00 -69.96 -9999.00 -9999.00 -9999.00 284.42 7.01 0.00
0.00 16269.72
94.00 -69.06 -9999.00 -9999.00 -9999.00 301.83 6.62 0.00
0.00 17097.30
81.00 -67.96 -9999.00 -9999.00 -9999.00 8.13 6.88 0.00
0.00 17988.90
70.60 -65.96 -9999.00 -9999.00 -9999.00 47.73 8.66 0.00
0.00 18818.29
62.20 -64.66 -9999.00 -9999.00 -9999.00 73.14 13.40 0.00
0.00 19588.95
54.30 -62.96 -9999.00 -9999.00 -9999.00 70.35 14.43 0.00
0.00 20421.27
46.90 -59.66 -9999.00 -9999.00 -9999.00 67.80 20.55 0.00
0.00 21329.74
40.10 -57.86 -9999.00 -9999.00 -9999.00 80.47 28.17 0.00
0.00 22312.74
33.80 -55.56 -9999.00 -9999.00 -9999.00 75.44 30.91 0.00
0.00 23395.58
27.80 -52.96 -9999.00 -9999.00 -9999.00 71.57 35.63 0.00
0.00 24647.71
22.30 -49.96 -9999.00 -9999.00 -9999.00 74.74 37.65 0.00
0.00 26078.24
17.10 -44.16 -9999.00 -9999.00 -9999.00 81.65 36.13 0.00
0.00 27835.37
12.30 -42.36 -50.35 -89.89 811.01 86.12 31.55 0.00
0.00 30052.51

STID = KDAL STNM = 722583 TIME = 200810/0700 
SLAT = 32.84 SLON = -96.85 SELV = 138.0
STIM = 14

SHOW = -0.50 LIFT = -1.28 SWET = 212.39 KINX = 29.36
LCLP = 874.28 PWAT = 40.71 TOTL = 45.93 CAPE = 986.28
LCLT = 291.91 CINS = -205.29 EQLV = 206.29 LFCT = 633.99
BRCH = 26.36

PRES TMPC TMWC DWPC THTE DRCT SKNT OMEG
CFRL HGHT
998.30 30.04 23.52 20.91 350.67 187.13 10.96 0.00
0.00 146.97
995.30 29.84 23.41 20.82 350.62 187.43 18.03 0.00
0.00 173.92
989.80 29.44 23.21 20.69 350.60 188.28 21.60 0.00
0.00 223.50
980.30 28.74 22.83 20.43 350.44 189.53 26.98 -0.10
0.00 309.63
966.30 27.74 22.24 19.97 350.05 192.00 31.78 -0.20
0.00 437.71
948.30 26.74 21.26 18.92 348.65 195.17 35.63 -0.30
0.00 604.54
926.90 26.44 19.88 16.89 346.16 200.19 36.01 -0.30
0.00 806.48
903.40 25.64 19.01 15.91 346.37 206.91 28.75 -0.40
0.00 1033.14
878.00 24.14 18.02 15.10 346.57 213.83 21.99 -0.40
0.00 1283.82
849.70 21.64 16.71 14.28 346.12 216.75 18.18 -0.50
0.00 1569.83
818.30 18.84 14.98 12.98 344.82 216.55 14.02 -0.50
0.00 1895.51
784.10 16.24 12.34 10.08 341.05 223.99 7.83 -0.40
0.00 2261.13
746.90 13.14 9.88 7.81 339.09 261.87 2.74 -0.20
0.00 2672.99
706.80 11.04 5.52 0.88 332.36 48.37 2.33 0.00
0.00 3135.80
663.90 9.44 0.92 -9.95 326.84 112.89 9.48 0.00
0.00 3656.55
618.10 5.04 -2.14 -12.42 327.36 133.94 14.84 0.00
0.00 4244.14
569.90 0.74 -6.03 -18.55 327.13 144.57 12.39 -0.20
0.00 4900.94
523.10 -2.56 -10.00 -33.38 327.32 157.01 6.95 -0.20
0.00 5584.19
481.10 -7.06 -13.21 -34.71 329.59 199.65 2.89 -0.20
0.00 6241.78
443.40 -11.56 -16.29 -32.97 332.10 225.00 6.59 -0.10
0.00 6872.18
409.50 -15.76 -19.71 -36.81 333.77 241.70 8.61 -0.10
0.00 7476.48
378.80 -20.46 -23.21 -35.77 335.35 260.54 8.28 0.00
0.00 8058.40
351.20 -25.06 -26.81 -35.53 336.62 274.67 9.56 0.00
0.00 8613.05
326.40 -29.56 -30.75 -38.10 337.17 283.39 12.59 0.00
0.00 9140.19
304.00 -33.36 -34.42 -43.45 338.07 287.82 11.42 0.00
0.00 9643.27
283.80 -36.16 -37.15 -48.27 340.36 287.42 10.39 0.10
0.00 10123.13
265.70 -39.16 -39.97 -51.18 342.27 290.56 9.97 0.10
0.00 10577.44
248.80 -42.46 -43.13 -55.81 343.63 298.95 10.43 0.10
0.00 11024.41
233.60 -45.36 -45.90 -58.63 345.39 290.96 9.77 0.10
0.00 11447.44
219.60 -48.06 -48.51 -62.27 347.29 280.06 12.24 0.10
0.00 11857.09
205.70 -50.96 -51.31 -64.93 349.24 277.70 14.51 0.10
0.00 12285.15
191.70 -53.96 -54.24 -68.39 351.49 277.40 15.07 0.10
0.00 12740.50
177.80 -56.86 -57.08 -73.70 354.33 282.77 14.94 0.00
0.00 13220.25
163.80 -59.86 -60.02 -74.24 357.70 291.37 14.39 0.00
0.00 13735.89
149.80 -62.86 -62.97 -74.84 361.78 295.20 10.96 -0.10
0.00 14289.78
135.90 -66.16 -9999.00 -9999.00 -9999.00 285.42 5.85 -0.10
0.00 14884.51
121.90 -69.56 -9999.00 -9999.00 -9999.00 282.09 8.35 -0.10
0.00 15537.81
108.00 -70.96 -9999.00 -9999.00 -9999.00 302.80 10.39 0.00
0.00 16256.83
94.00 -69.26 -9999.00 -9999.00 -9999.00 313.03 7.96 0.00
0.00 17081.97
81.00 -67.36 -9999.00 -9999.00 -9999.00 28.44 5.30 0.00
0.00 17974.44
70.60 -66.56 -9999.00 -9999.00 -9999.00 64.92 10.08 0.00
0.00 18803.83
62.20 -65.76 -9999.00 -9999.00 -9999.00 67.62 14.28 0.00
0.00 19571.34
54.30 -62.46 -9999.00 -9999.00 -9999.00 70.07 16.53 0.00
0.00 20402.48
46.90 -59.46 -9999.00 -9999.00 -9999.00 77.52 24.28 0.00
0.00 21312.44
40.10 -57.66 -9999.00 -9999.00 -9999.00 83.39 26.98 0.00
0.00 22296.36
33.80 -55.06 -9999.00 -9999.00 -9999.00 81.31 30.85 0.00
0.00 23380.95
27.80 -52.86 -9999.00 -9999.00 -9999.00 73.27 35.08 0.00
0.00 24634.79
22.30 -50.16 -9999.00 -9999.00 -9999.00 72.85 38.21 0.00
0.00 26065.00
17.10 -46.26 -9999.00 -9999.00 -9999.00 74.85 38.64 0.00
0.00 27813.19
12.30 -43.56 -50.99 -89.89 806.80 78.56 34.29 0.00
0.00 30014.42

STID = KDAL STNM = 722583 TIME = 200810/0800 
SLAT = 32.84 SLON = -96.85 SELV = 138.0
STIM = 15

SHOW = 0.00 LIFT = -1.02 SWET = 199.53 KINX = 27.25
LCLP = 876.19 PWAT = 39.42 TOTL = 45.71 CAPE = 745.99
LCLT = 291.38 CINS = -267.20 EQLV = 224.05 LFCT = 627.54
BRCH = 26.21

PRES TMPC TMWC DWPC THTE DRCT SKNT OMEG
CFRL HGHT
998.80 29.34 22.97 20.34 348.09 189.82 10.26 0.00
0.00 146.94
995.70 29.14 22.86 20.26 348.09 191.18 17.04 0.00
0.00 174.71
990.30 28.74 22.68 20.16 348.13 191.09 20.18 0.00
0.00 223.23
980.80 28.04 22.34 19.95 348.13 192.86 25.31 -0.10
0.00 309.09
966.80 27.04 21.80 19.59 348.04 195.12 29.78 -0.20
0.00 436.78
948.80 26.24 20.94 18.64 347.19 199.79 33.86 -0.30
0.00 603.16
927.30 26.34 19.63 16.51 345.02 206.71 34.15 -0.30
0.00 805.71
903.90 25.34 18.55 15.27 344.37 211.96 28.61 -0.30
0.00 1031.08
878.50 23.84 17.53 14.41 344.47 213.55 22.14 -0.30
0.00 1281.28
850.10 21.64 16.13 13.29 343.73 216.36 17.37 -0.30
0.00 1567.90
818.80 19.04 14.52 12.09 342.97 215.43 12.39 -0.20
0.00 1892.34
784.50 16.24 12.31 10.01 340.84 213.69 6.29 -0.20
0.00 2258.87
747.30 13.24 9.73 7.47 338.52 195.95 1.42 -0.10
0.00 2670.56
707.20 11.44 5.13 -0.47 331.10 92.86 3.88 0.00
0.00 3133.41
664.20 9.24 0.89 -9.71 326.72 127.06 11.93 0.00
0.00 3655.22
618.40 4.64 -2.40 -12.67 326.68 152.10 14.94 -0.10
0.00 4241.90
570.10 0.34 -6.08 -17.67 327.02 170.05 11.25 -0.10
0.00 4898.85
523.30 -3.06 -10.17 -31.45 327.00 172.50 7.44 -0.10
0.00 5580.77
481.20 -7.36 -13.51 -36.54 328.94 180.00 3.69 0.00
0.00 6238.75
443.50 -11.86 -16.51 -33.16 331.67 219.81 6.06 0.00
0.00 6868.28
409.60 -16.06 -19.79 -35.19 333.61 244.06 7.98 0.00
0.00 7471.75
378.90 -20.56 -23.15 -34.39 335.45 261.47 7.85 0.00
0.00 8053.09
351.30 -25.16 -26.87 -35.34 336.50 274.32 10.33 0.00
0.00 8607.38
326.40 -29.76 -30.90 -37.88 336.93 281.89 11.31 0.00
0.00 9136.25
304.00 -33.46 -34.53 -43.80 337.89 283.76 9.79 0.00
0.00 9639.02
283.80 -36.16 -37.24 -50.62 340.19 279.66 9.27 0.00
0.00 10118.77
265.70 -39.16 -40.02 -52.61 342.19 278.47 9.23 0.00
0.00 10573.08
248.80 -42.36 -43.04 -55.81 343.78 283.17 9.38 0.00
0.00 11020.14
233.60 -45.16 -45.74 -60.07 345.65 276.46 10.35 0.00
0.00 11443.44
219.60 -47.96 -48.44 -64.44 347.40 274.40 12.67 0.00
0.00 11853.36
205.70 -50.96 -51.34 -67.88 349.19 274.64 14.41 0.00
0.00 12281.52
191.70 -53.86 -54.14 -68.39 351.65 272.94 15.17 0.00
0.00 12736.97
177.80 -56.86 -57.08 -73.70 354.33 276.58 15.25 -0.10
0.00 13216.83
163.80 -59.86 -60.02 -74.24 357.70 286.35 15.19 -0.10
0.00 13732.47
149.80 -63.16 -63.27 -74.84 361.27 293.30 13.75 -0.10
0.00 14285.96
135.90 -66.66 -9999.00 -9999.00 -9999.00 288.43 9.83 -0.10
0.00 14879.56
121.90 -70.06 -9999.00 -9999.00 -9999.00 287.85 12.04 0.00
0.00 15531.27
108.00 -71.06 -9999.00 -9999.00 -9999.00 301.83 13.27 0.00
0.00 16249.22
94.00 -69.36 -9999.00 -9999.00 -9999.00 322.25 7.61 0.00
0.00 17073.96
81.00 -68.26 -9999.00 -9999.00 -9999.00 51.34 6.22 0.00
0.00 17964.25
70.60 -67.16 -9999.00 -9999.00 -9999.00 65.82 10.43 0.00
0.00 18790.62
62.20 -65.46 -9999.00 -9999.00 -9999.00 87.85 15.56 0.00
0.00 19557.58
54.30 -63.16 -9999.00 -9999.00 -9999.00 93.54 18.88 0.00
0.00 20387.91
46.90 -60.06 -9999.00 -9999.00 -9999.00 93.01 22.18 0.00
0.00 21295.09
40.10 -58.06 -9999.00 -9999.00 -9999.00 90.48 23.31 0.00
0.00 22276.72
33.80 -55.66 -9999.00 -9999.00 -9999.00 83.27 28.17 0.00
0.00 23358.81
27.80 -52.96 -9999.00 -9999.00 -9999.00 79.11 35.99 0.00
0.00 24610.65
22.30 -50.76 -9999.00 -9999.00 -9999.00 73.38 42.77 0.00
0.00 26038.60
17.10 -48.06 -9999.00 -9999.00 -9999.00 75.38 41.55 0.00
0.00 27777.46
12.30 -44.26 -51.37 -89.89 804.34 84.62 37.26 0.00
0.00 29966.63

STID = KDAL STNM = 722583 TIME = 200810/0900 
SLAT = 32.84 SLON = -96.85 SELV = 138.0
STIM = 16

SHOW = 0.74 LIFT = -0.51 SWET = 189.24 KINX = 27.90
LCLP = 887.33 PWAT = 38.98 TOTL = 44.78 CAPE = 679.89
LCLT = 291.69 CINS = -276.18 EQLV = 224.16 LFCT = 629.18
BRCH = 27.43

PRES TMPC TMWC DWPC THTE DRCT SKNT OMEG
CFRL HGHT
998.50 28.54 22.82 20.44 347.46 191.07 9.11 0.00
0.00 146.92
995.60 28.34 22.72 20.38 347.48 191.45 15.66 0.00
0.00 172.83
990.00 27.94 22.53 20.28 347.56 192.01 18.67 0.00
0.00 223.04
980.50 27.24 22.20 20.09 347.61 194.15 23.83 -0.10
0.00 308.70
966.50 26.24 21.68 19.74 347.54 197.33 28.69 -0.30
0.00 436.10
948.50 25.84 20.79 18.57 346.56 203.02 32.28 -0.40
0.00 602.20
927.10 26.34 19.31 15.97 343.73 209.26 31.39 -0.50
0.00 803.70
903.60 25.84 18.21 14.42 343.03 210.74 25.08 -0.50
0.00 1030.21
878.30 24.04 17.09 13.53 342.73 211.61 20.77 -0.40
0.00 1279.69
849.90 21.74 15.74 12.56 342.26 212.62 17.29 -0.40
0.00 1566.42
818.60 19.04 14.12 11.39 341.50 209.22 13.13 -0.40
0.00 1890.89
784.40 16.14 12.21 9.90 340.51 194.68 8.43 -0.40
0.00 2256.30
747.10 12.84 9.76 7.78 338.64 168.69 4.95 -0.30
0.00 2668.83
707.00 11.04 5.27 0.30 331.60 112.93 5.48 -0.20
0.00 3131.23
664.10 8.54 1.05 -7.91 327.25 133.70 12.08 -0.10
0.00 3651.04
618.30 4.54 -2.41 -12.47 326.70 163.93 11.93 0.00
0.00 4237.06
570.00 0.34 -6.23 -18.47 326.67 188.75 7.67 0.00
0.00 4893.99
523.20 -2.96 -10.23 -33.15 326.85 174.81 4.29 0.00
0.00 5576.12
481.20 -7.16 -13.40 -36.82 329.15 170.54 3.54 0.00
0.00 6232.95
443.50 -11.66 -16.37 -33.16 331.92 216.87 6.80 0.00
0.00 6862.95
409.60 -15.96 -19.60 -33.79 334.00 241.61 8.18 0.00
0.00 7466.78
378.90 -20.56 -23.03 -33.33 335.67 250.25 8.04 -0.10
0.00 8048.26
351.20 -25.36 -27.01 -35.16 336.29 260.91 9.83 -0.10
0.00 8604.42
326.40 -29.96 -31.12 -38.56 336.54 264.05 9.38 -0.10
0.00 9130.81
304.00 -33.66 -34.70 -43.80 337.61 263.66 8.80 -0.10
0.00 9633.17
283.80 -36.36 -37.44 -51.31 339.87 262.88 9.40 -0.10
0.00 10112.51
265.70 -39.26 -40.15 -54.29 341.96 263.66 10.55 -0.10
0.00 10566.52
248.80 -42.46 -43.16 -56.89 343.59 273.75 11.87 -0.10
0.00 11013.39
233.60 -45.36 -45.97 -63.98 345.26 285.04 13.48 -0.10
0.00 11436.41
219.60 -48.36 -48.84 -67.41 346.74 290.11 14.69 -0.10
0.00 11845.79
205.70 -51.36 -51.72 -67.88 348.56 285.56 15.93 0.00
0.00 12273.17
191.70 -54.26 -54.52 -68.39 351.00 283.42 17.58 0.00
0.00 12727.80
177.80 -57.16 -57.38 -73.70 353.84 286.11 18.20 0.00
0.00 13206.89
163.80 -60.16 -60.32 -74.24 357.19 294.09 18.08 0.00
0.00 13721.81
149.80 -63.46 -63.56 -74.84 360.75 302.07 17.19 0.00
0.00 14274.52
135.90 -66.96 -67.02 -75.48 364.74 302.95 12.51 0.00
0.00 14867.26
121.90 -70.16 -9999.00 -9999.00 -9999.00 300.38 13.05 0.00
0.00 15518.33
108.00 -71.26 -9999.00 -9999.00 -9999.00 312.80 14.30 0.00
0.00 16235.76
94.00 -69.66 -9999.00 -9999.00 -9999.00 341.57 6.76 0.00
0.00 17059.48
81.00 -67.76 -9999.00 -9999.00 -9999.00 62.45 5.03 0.00
0.00 17950.21
70.60 -65.76 -9999.00 -9999.00 -9999.00 85.53 12.47 0.00
0.00 18780.40
62.20 -64.76 -9999.00 -9999.00 -9999.00 96.26 16.03 0.00
0.00 19551.25
54.30 -61.96 -9999.00 -9999.00 -9999.00 94.76 16.38 0.00
0.00 20385.36
46.90 -59.36 -9999.00 -9999.00 -9999.00 95.41 18.53 0.00
0.00 21296.62
40.10 -57.46 -9999.00 -9999.00 -9999.00 89.43 19.42 0.00
0.00 22281.22
33.80 -54.96 -9999.00 -9999.00 -9999.00 83.66 26.38 0.00
0.00 23366.56
27.80 -51.86 -9999.00 -9999.00 -9999.00 79.95 34.52 0.00
0.00 24623.55
22.30 -49.96 -9999.00 -9999.00 -9999.00 76.23 40.79 0.00
0.00 26057.64
17.10 -47.76 -9999.00 -9999.00 -9999.00 80.80 41.32 0.00
0.00 27800.77
12.30 -44.66 -9999.00 -9999.00 -9999.00 77.71 40.15 0.00
0.00 29989.45

STID = KDAL STNM = 722583 TIME = 200810/1000 
SLAT = 32.84 SLON = -96.85 SELV = 138.0
STIM = 17

SHOW = 1.00 LIFT = -0.29 SWET = 184.09 KINX = 28.32
LCLP = 899.57 PWAT = 38.79 TOTL = 44.43 CAPE = 628.13
LCLT = 292.08 CINS = -270.01 EQLV = 227.57 LFCT = 631.43
BRCH = 31.96

PRES TMPC TMWC DWPC THTE DRCT SKNT OMEG
CFRL HGHT
998.20 27.74 22.70 20.61 347.03 190.18 7.69 0.00
0.00 146.90
995.20 27.64 22.63 20.55 347.19 191.77 14.28 0.00
0.00 173.65
989.70 27.24 22.45 20.45 347.25 191.96 16.88 -0.10
0.00 222.87
980.20 26.54 22.10 20.24 347.24 194.41 21.85 -0.20
0.00 308.37
966.20 25.74 21.59 19.83 347.24 199.35 26.96 -0.40
0.00 435.56
948.20 25.44 20.48 18.27 345.31 205.59 30.57 -0.60
0.00 601.45
926.80 26.04 19.07 15.71 342.79 211.53 30.09 -0.70
0.00 802.75
903.40 25.44 18.09 14.41 342.56 211.67 24.42 -0.80
0.00 1028.08
878.00 23.84 16.95 13.39 342.23 209.60 19.66 -0.80
0.00 1278.37
849.70 21.54 15.53 12.30 341.50 207.79 16.24 -0.70
0.00 1563.94
818.40 18.94 13.91 11.09 340.78 201.64 13.17 -0.70
0.00 1888.29
784.10 15.94 12.07 9.79 340.10 181.10 10.10 -0.50
0.00 2254.67
747.00 12.64 9.65 7.73 338.32 161.57 7.36 -0.30
0.00 2664.79
706.90 10.74 5.29 0.64 331.68 125.36 7.38 -0.10
0.00 3126.86
663.90 7.94 1.09 -6.82 327.46 146.04 11.48 0.00
0.00 3647.24
618.10 4.44 -2.50 -12.63 326.52 178.81 9.32 0.10
0.00 4232.75
569.90 0.44 -6.47 -20.15 326.11 214.82 5.44 0.00
0.00 4888.44
523.20 -3.06 -10.30 -33.38 326.69 194.04 3.21 0.00
0.00 5569.12
481.10 -7.16 -13.47 -38.06 329.02 187.77 4.31 -0.10
0.00 6227.45
443.40 -11.76 -16.49 -33.76 331.70 220.16 8.14 -0.10
0.00 6857.46
409.50 -16.06 -19.56 -32.71 334.11 241.19 8.88 -0.10
0.00 7461.20
378.80 -20.76 -23.11 -32.68 335.57 245.66 8.95 -0.10
0.00 8042.51
351.20 -25.56 -27.14 -34.98 336.05 251.57 9.83 0.00
0.00 8596.30
326.40 -30.06 -31.27 -39.28 336.29 250.82 9.46 0.00
0.00 9122.37
303.90 -33.76 -34.83 -44.54 337.42 258.69 9.91 0.00
0.00 9626.83
283.80 -36.46 -37.53 -51.31 339.72 266.25 11.87 0.00
0.00 10103.67
265.70 -39.36 -40.27 -55.27 341.77 270.00 13.99 0.00
0.00 10557.49
248.80 -42.56 -43.27 -58.13 343.40 284.38 15.64 -0.10
0.00 11004.17
233.60 -45.56 -46.16 -63.98 344.96 298.30 17.21 -0.10
0.00 11426.91
219.60 -48.46 -48.94 -67.41 346.59 301.81 18.07 -0.10
0.00 11836.01
205.70 -51.56 -51.91 -67.88 348.25 298.66 19.04 0.00
0.00 12263.11
191.70 -54.56 -54.81 -68.39 350.52 295.84 20.51 0.00
0.00 12717.22
177.80 -57.36 -57.57 -73.70 353.51 297.03 21.37 0.10
0.00 13195.76
163.80 -60.26 -60.41 -74.24 357.03 304.29 20.69 0.10
0.00 13710.32
149.80 -63.46 -63.56 -74.84 360.75 311.58 18.43 0.10
0.00 14262.90
135.90 -66.96 -9999.00 -9999.00 -9999.00 312.71 13.75 0.00
0.00 14855.64
121.90 -70.26 -9999.00 -9999.00 -9999.00 304.70 12.28 0.00
0.00 15506.55
108.00 -71.26 -9999.00 -9999.00 -9999.00 315.63 12.51 0.00
0.00 16223.80
94.00 -69.06 -9999.00 -9999.00 -9999.00 357.51 4.47 0.00
0.00 17048.74
81.00 -67.06 -9999.00 -9999.00 -9999.00 96.12 5.48 0.00
0.00 17942.30
70.60 -65.96 -9999.00 -9999.00 -9999.00 104.78 14.47 0.00
0.00 18773.50
62.20 -64.66 -9999.00 -9999.00 -9999.00 110.56 14.94 0.00
0.00 19544.16
54.30 -61.76 -9999.00 -9999.00 -9999.00 93.67 15.19 0.00
0.00 20378.87
46.90 -59.46 -9999.00 -9999.00 -9999.00 84.53 18.34 0.00
0.00 21290.34
40.10 -57.36 -9999.00 -9999.00 -9999.00 86.04 19.66 0.00
0.00 22274.95
33.80 -54.36 -9999.00 -9999.00 -9999.00 90.00 27.58 0.00
0.00 23362.03
27.80 -52.96 -9999.00 -9999.00 -9999.00 87.07 34.23 0.00
0.00 24617.59
22.30 -51.56 -9999.00 -9999.00 -9999.00 82.84 38.97 0.00
0.00 26042.97
17.10 -48.96 -9999.00 -9999.00 -9999.00 82.09 42.37 0.00
0.00 27775.22
12.30 -44.36 -9999.00 -9999.00 -9999.00 71.73 43.98 0.00
0.00 29959.56

STID = KDAL STNM = 722583 TIME = 200810/1100 
SLAT = 32.84 SLON = -96.85 SELV = 138.0
STIM = 18

SHOW = 0.77 LIFT = -0.28 SWET = 186.50 KINX = 29.84
LCLP = 909.89 PWAT = 39.17 TOTL = 44.67 CAPE = 577.03
LCLT = 292.36 CINS = -255.10 EQLV = 232.57 LFCT = 626.18
BRCH = 43.97

PRES TMPC TMWC DWPC THTE DRCT SKNT OMEG
CFRL HGHT
999.20 27.14 22.62 20.73 346.51 183.58 6.24 0.00
0.00 146.87
996.20 27.04 22.54 20.66 346.64 186.24 12.51 0.00
0.00 173.55
990.70 26.74 22.38 20.56 346.81 188.24 14.92 -0.10
0.00 222.63
981.20 26.04 22.03 20.34 346.77 192.29 20.09 -0.20
0.00 307.90
967.10 25.24 21.52 19.93 346.78 197.86 24.69 -0.30
0.00 435.67
949.10 24.84 20.36 18.35 344.67 206.92 28.32 -0.50
0.00 601.11
927.70 25.54 18.89 15.66 341.95 213.58 27.74 -0.60
0.00 801.84
904.20 25.04 18.03 14.53 342.24 213.16 23.45 -0.70
0.00 1027.59
878.80 23.34 17.02 13.79 342.40 209.11 19.56 -0.80
0.00 1277.30
850.50 21.14 15.58 12.62 341.58 206.24 15.38 -0.80
0.00 1562.22
819.10 18.74 13.81 11.03 340.31 198.15 12.47 -0.70
0.00 1887.00
784.80 15.84 11.96 9.65 339.58 179.01 11.27 -0.50
0.00 2252.85
747.60 12.54 9.60 7.69 338.02 164.54 9.48 -0.30
0.00 2663.57
707.40 10.24 5.57 1.75 332.46 138.37 9.36 -0.20
0.00 3126.01
664.40 7.64 1.23 -5.93 327.80 162.22 10.82 -0.10
0.00 3645.39
618.50 4.44 -2.60 -13.05 326.20 192.53 8.95 0.00
0.00 4231.48
570.20 0.34 -6.72 -21.39 325.47 220.10 4.82 -0.10
0.00 4887.98
523.40 -3.36 -10.47 -33.14 326.33 186.34 3.52 -0.10
0.00 5569.28
481.30 -7.26 -13.56 -38.73 328.79 183.95 5.65 -0.10
0.00 6226.86
443.60 -11.76 -16.54 -34.39 331.55 215.54 8.35 -0.10
0.00 6856.47
409.70 -16.16 -19.51 -31.56 334.19 240.57 8.70 -0.10
0.00 7459.81
378.90 -20.86 -23.13 -32.21 335.53 243.95 9.73 0.00
0.00 8042.58
351.30 -25.56 -27.20 -35.53 335.92 244.86 10.51 0.00
0.00 8596.11
326.40 -29.86 -31.23 -40.89 336.34 248.39 11.07 0.10
0.00 9124.42
304.00 -33.46 -34.66 -46.20 337.66 265.53 12.47 0.10
0.00 9627.06
283.80 -36.56 -37.59 -50.62 339.62 276.42 15.64 0.10
0.00 10106.40
265.70 -39.56 -40.45 -55.27 341.48 281.82 17.07 0.10
0.00 10559.93
248.80 -42.66 -43.41 -61.32 343.16 294.50 16.86 0.10
0.00 11006.32
233.60 -45.56 -46.16 -63.98 344.96 304.70 18.43 0.10
0.00 11428.96
219.60 -48.56 -49.03 -67.41 346.43 306.87 19.42 0.10
0.00 11837.97
205.70 -51.66 -52.01 -67.88 348.09 304.16 19.72 0.10
0.00 12264.88
191.70 -54.56 -54.81 -68.39 350.52 302.06 20.86 0.10
0.00 12718.89
177.80 -57.16 -57.38 -73.70 353.84 305.54 21.72 0.10
0.00 13197.65
163.80 -60.06 -60.22 -74.24 357.36 312.38 21.04 0.00
0.00 13712.69
149.80 -63.26 -63.37 -74.84 361.10 318.11 17.75 0.00
0.00 14265.79
135.90 -66.86 -9999.00 -9999.00 -9999.00 320.65 12.57 0.00
0.00 14858.95
121.90 -70.16 -9999.00 -9999.00 -9999.00 306.03 10.57 0.00
0.00 15510.19
108.00 -70.86 -9999.00 -9999.00 -9999.00 314.27 10.86 0.00
0.00 16228.32
94.00 -68.26 -9999.00 -9999.00 -9999.00 352.87 3.13 0.00
0.00 17055.70
81.00 -66.26 -9999.00 -9999.00 -9999.00 120.96 5.67 0.00
0.00 17952.74
70.60 -66.46 -9999.00 -9999.00 -9999.00 121.83 13.27 0.00
0.00 18784.55
62.20 -64.56 -9999.00 -9999.00 -9999.00 111.60 10.02 0.00
0.00 19554.47
54.30 -61.56 -9999.00 -9999.00 -9999.00 76.53 14.18 0.00
0.00 20389.77
46.90 -59.96 -9999.00 -9999.00 -9999.00 78.58 19.62 0.00
0.00 21300.60
40.10 -57.46 -9999.00 -9999.00 -9999.00 84.76 21.27 0.00
0.00 22283.83
33.80 -55.76 -9999.00 -9999.00 -9999.00 89.61 28.36 0.00
0.00 23367.17
27.80 -53.86 -9999.00 -9999.00 -9999.00 86.78 34.63 0.00
0.00 24616.15
22.30 -52.36 -9999.00 -9999.00 -9999.00 84.73 38.03 0.00
0.00 26036.04
17.10 -48.06 -9999.00 -9999.00 -9999.00 84.81 40.77 0.00
0.00 27768.68
12.30 -44.46 -9999.00 -9999.00 -9999.00 72.44 48.29 0.00
0.00 29956.88

STID = KDAL STNM = 722583 TIME = 200810/1200 
SLAT = 32.84 SLON = -96.85 SELV = 138.0
STIM = 19

SHOW = 0.76 LIFT = -0.11 SWET = 186.70 KINX = 30.78
LCLP = 919.09 PWAT = 39.01 TOTL = 44.63 CAPE = 481.56
LCLT = 292.58 CINS = -256.19 EQLV = 249.34 LFCT = 615.34
BRCH = 44.05

PRES TMPC TMWC DWPC THTE DRCT SKNT OMEG
CFRL HGHT
999.70 26.54 22.49 20.79 345.89 176.05 5.65 0.00
0.00 146.85
996.60 26.44 22.41 20.72 346.03 180.94 11.85 0.00
0.00 174.35
991.10 26.04 22.23 20.62 346.08 183.14 14.20 0.00
0.00 223.30
981.60 25.44 21.88 20.37 346.07 189.65 19.70 -0.10
0.00 308.36
967.60 24.74 21.36 19.91 346.04 196.52 23.91 -0.20
0.00 434.93
949.60 24.34 20.21 18.35 343.99 207.12 26.85 -0.30
0.00 600.00
928.10 25.14 18.79 15.70 341.51 214.92 25.12 -0.40
0.00 801.28
904.60 24.84 17.78 14.20 341.20 210.87 20.82 -0.50
0.00 1026.68
879.20 23.14 16.80 13.51 341.48 204.09 18.08 -0.50
0.00 1276.07
850.80 20.84 15.53 12.70 341.35 200.56 14.94 -0.50
0.00 1561.63
819.50 18.44 13.79 11.17 340.17 191.31 11.89 -0.50
0.00 1884.92
785.20 15.74 11.79 9.41 338.93 177.14 11.67 -0.30
0.00 2250.33
747.90 12.54 9.43 7.39 337.42 167.91 11.13 -0.10
0.00 2661.86
707.70 9.74 5.74 2.55 332.93 156.37 10.18 0.00
0.00 3123.73
664.60 7.54 1.23 -5.79 327.77 184.40 10.14 0.00
0.00 3643.63
618.70 4.34 -2.85 -13.94 325.53 209.43 8.70 0.00
0.00 4229.31
570.40 0.24 -6.96 -22.67 324.88 237.09 3.92 0.00
0.00 4885.29
523.50 -3.46 -10.54 -33.37 326.16 196.39 3.44 0.00
0.00 5567.58
481.40 -7.36 -13.62 -38.73 328.64 192.34 6.37 0.00
0.00 6224.78
443.70 -11.86 -16.66 -35.05 331.29 211.87 8.47 0.00
0.00 6854.01
409.70 -16.26 -19.51 -30.95 334.21 236.31 8.41 0.00
0.00 7458.84
379.00 -20.86 -23.13 -32.21 335.50 242.93 9.81 0.00
0.00 8039.53
351.30 -25.56 -27.30 -36.52 335.73 242.05 10.78 0.10
0.00 8594.98
326.40 -29.66 -31.21 -43.14 336.35 256.20 11.40 0.10
0.00 9123.49
304.00 -33.36 -34.57 -46.20 337.80 276.61 13.50 0.20
0.00 9626.43
283.80 -36.66 -37.61 -48.80 339.60 279.69 16.16 0.20
0.00 10105.77
265.70 -39.26 -40.22 -57.61 341.83 287.74 15.29 0.10
0.00 10559.50
248.80 -42.06 -42.89 -63.51 344.01 301.52 17.09 0.10
0.00 11006.74
233.60 -45.36 -45.97 -63.98 345.26 310.86 19.00 0.10
0.00 11430.12
219.60 -48.56 -49.03 -67.41 346.43 311.99 18.30 0.00
0.00 11839.32
205.70 -51.66 -52.01 -67.88 348.09 308.85 17.97 0.00
0.00 12266.23
191.70 -54.46 -54.72 -68.39 350.68 308.48 19.35 0.00
0.00 12720.33
177.80 -57.16 -57.38 -73.70 353.84 312.27 20.22 0.00
0.00 13199.21
163.80 -59.96 -60.12 -74.24 357.53 316.20 19.64 -0.10
0.00 13714.37
149.80 -63.36 -63.47 -74.84 360.92 319.25 16.67 -0.10
0.00 14267.47
135.90 -66.96 -9999.00 -9999.00 -9999.00 320.71 11.05 -0.10
0.00 14860.35
121.90 -70.16 -9999.00 -9999.00 -9999.00 298.14 9.48 0.00
0.00 15511.42
108.00 -70.16 -9999.00 -9999.00 -9999.00 306.43 10.14 0.00
0.00 16230.79
94.00 -67.46 -9999.00 -9999.00 -9999.00 339.44 1.65 0.00
0.00 17061.22
81.00 -66.76 -9999.00 -9999.00 -9999.00 137.29 6.88 0.00
0.00 17958.92
70.60 -68.06 -9999.00 -9999.00 -9999.00 128.48 9.67 0.00
0.00 18786.50
62.20 -65.06 -9999.00 -9999.00 -9999.00 92.79 7.96 0.00
0.00 19552.52
54.30 -61.36 -9999.00 -9999.00 -9999.00 80.43 16.36 0.00
0.00 20387.24
46.90 -59.46 -9999.00 -9999.00 -9999.00 88.90 20.20 0.00
0.00 21299.56
40.10 -57.26 -9999.00 -9999.00 -9999.00 86.85 21.21 0.00
0.00 22284.40
33.80 -56.36 -9999.00 -9999.00 -9999.00 85.70 25.91 0.00
0.00 23366.73
27.80 -55.06 -9999.00 -9999.00 -9999.00 83.82 30.67 0.00
0.00 24610.57
22.30 -53.16 -9999.00 -9999.00 -9999.00 87.20 35.78 0.00
0.00 26024.00
17.10 -49.36 -9999.00 -9999.00 -9999.00 84.18 42.17 0.00
0.00 27748.49
12.30 -45.56 -9999.00 -9999.00 -9999.00 72.17 52.64 0.00
0.00 29925.11

STID = KDAL STNM = 722583 TIME = 200810/1300 
SLAT = 32.84 SLON = -96.85 SELV = 138.0
STIM = 20

SHOW = 1.24 LIFT = -0.23 SWET = 178.43 KINX = 31.69
LCLP = 912.25 PWAT = 39.17 TOTL = 44.20 CAPE = 476.84
LCLT = 292.40 CINS = -235.08 EQLV = 253.15 LFCT = 719.61
BRCH = 59.49

PRES TMPC TMWC DWPC THTE DRCT SKNT OMEG
CFRL HGHT
1000.20 27.04 22.60 20.74 346.27 188.53 7.85 0.00
0.00 146.86
997.20 26.64 22.44 20.67 346.03 189.02 12.39 0.00
0.00 173.49
991.60 26.04 22.19 20.56 345.83 190.10 14.39 0.00
0.00 223.32
982.10 25.24 21.82 20.36 345.73 193.13 17.95 -0.10
0.00 308.30
968.10 24.14 21.25 19.99 345.47 198.11 21.87 -0.30
0.00 434.63
950.10 23.54 20.35 18.92 344.50 208.54 25.21 -0.40
4.00 599.26
928.60 24.44 18.95 16.32 342.09 215.48 24.09 -0.40
0.00 799.98
905.10 24.54 17.52 13.90 340.11 210.76 19.00 -0.40
0.00 1024.91
879.70 23.04 16.16 12.42 338.96 199.07 16.65 -0.50
0.00 1273.92
851.30 20.84 15.13 11.99 339.76 194.22 15.03 -0.50
0.00 1559.15
819.90 18.24 13.70 11.13 339.79 186.81 13.11 -0.50
0.00 1883.14
785.60 15.54 11.74 9.45 338.70 177.36 12.65 -0.40
0.00 2248.11
748.20 12.54 9.35 7.25 337.12 172.87 12.53 -0.30
0.00 2660.40
708.00 9.24 6.00 3.50 333.67 172.28 11.56 -0.20
0.00 3121.73
664.90 7.04 1.51 -4.32 328.51 198.12 11.25 -0.20
0.00 3640.62
618.90 4.04 -2.98 -13.82 325.21 217.87 8.86 -0.20
0.00 4226.59
570.60 0.14 -7.11 -23.42 324.49 250.71 4.12 -0.10
0.00 4881.86
523.70 -3.66 -10.66 -33.37 325.88 220.60 3.57 -0.10
0.00 5563.52
481.50 -7.46 -13.61 -37.11 328.69 207.35 6.33 0.00
0.00 6221.72
443.80 -11.76 -16.57 -34.82 331.44 217.65 8.59 0.00
0.00 6850.82
409.80 -16.26 -19.44 -30.37 334.33 239.47 8.80 0.00
0.00 7455.63
379.00 -20.96 -23.24 -32.52 335.29 242.97 10.68 0.00
0.00 8038.03
351.30 -25.46 -27.34 -37.84 335.64 243.43 11.73 0.10
0.00 8593.48
326.40 -29.46 -31.11 -44.27 336.51 264.19 11.52 0.10
0.00 9122.29
304.00 -33.46 -34.44 -42.46 338.05 278.46 14.53 0.10
0.00 9625.35
283.80 -36.66 -37.61 -48.80 339.60 278.86 15.13 0.10
0.00 10104.60
265.70 -38.76 -39.87 -66.03 342.39 293.81 14.43 0.00
0.00 10558.80
248.80 -41.96 -42.80 -63.51 344.16 311.37 17.35 0.00
0.00 11006.62
233.60 -45.46 -46.07 -63.98 345.11 316.94 16.22 0.00
0.00 11430.00
219.60 -48.56 -49.03 -67.41 346.43 316.55 15.25 0.00
0.00 11839.11
205.70 -51.66 -52.01 -67.88 348.09 313.51 15.79 0.00
0.00 12266.02
191.70 -54.56 -54.84 -73.19 350.48 310.95 17.48 0.00
0.00 12720.02
177.80 -57.26 -57.47 -73.70 353.67 311.19 18.59 0.00
0.00 13198.67
163.80 -60.26 -60.41 -74.24 357.03 313.24 17.87 0.00
0.00 13713.35
149.80 -63.46 -63.56 -74.84 360.75 311.63 14.02 0.00
0.00 14265.93
135.90 -66.96 -9999.00 -9999.00 -9999.00 299.60 9.83 0.00
0.00 14858.67
121.90 -69.86 -9999.00 -9999.00 -9999.00 281.31 11.89 0.00
0.00 15510.22
108.00 -69.86 -9999.00 -9999.00 -9999.00 300.26 10.80 0.00
0.00 16230.65
94.00 -67.76 -9999.00 -9999.00 -9999.00 90.00 1.55 0.00
0.00 17061.08
81.00 -68.06 -9999.00 -9999.00 -9999.00 139.09 7.71 0.00
0.00 17955.29
70.60 -68.16 -9999.00 -9999.00 -9999.00 127.69 5.40 0.00
0.00 18780.05
62.20 -63.76 -9999.00 -9999.00 -9999.00 78.41 7.73 0.00
0.00 19548.31
54.30 -60.96 -9999.00 -9999.00 -9999.00 86.13 14.41 0.00
0.00 20386.40
46.90 -59.36 -9999.00 -9999.00 -9999.00 94.29 15.58 0.00
0.00 21299.79
40.10 -57.86 -9999.00 -9999.00 -9999.00 86.92 18.08 0.00
0.00 22283.48
33.80 -56.76 -9999.00 -9999.00 -9999.00 82.00 25.12 0.00
0.00 23363.32
27.80 -54.76 -9999.00 -9999.00 -9999.00 82.06 32.36 0.00
0.00 24606.87
22.30 -52.26 -9999.00 -9999.00 -9999.00 87.32 37.33 0.00
0.00 26024.17
17.10 -48.96 -9999.00 -9999.00 -9999.00 79.49 43.67 0.00
0.00 27753.71
12.30 -45.76 -9999.00 -9999.00 -9999.00 74.23 52.87 0.00
0.00 29931.30

STID = KDAL STNM = 722583 TIME = 200810/1400 
SLAT = 32.84 SLON = -96.85 SELV = 138.0
STIM = 21

SHOW = 2.45 LIFT = -0.62 SWET = 161.47 KINX = 31.52
LCLP = 893.15 PWAT = 39.47 TOTL = 42.83 CAPE = 565.78
LCLT = 291.85 CINS = -195.71 EQLV = 237.93 LFCT = 730.60
BRCH = 203.42

PRES TMPC TMWC DWPC THTE DRCT SKNT OMEG
CFRL HGHT
1000.70 28.34 22.83 20.54 347.18 197.20 8.55 0.00
0.00 147.79
997.80 27.74 22.61 20.46 346.66 197.53 11.62 0.00
0.00 173.61
992.30 27.14 22.37 20.36 346.48 197.65 13.46 0.00
0.00 222.69
982.80 26.14 21.95 20.17 346.16 198.67 15.17 0.00
0.00 307.88
968.70 24.94 21.41 19.89 346.06 199.93 16.53 -0.10
0.00 435.39
950.70 24.04 20.44 18.84 344.79 209.55 21.66 -0.20
0.00 600.27
929.20 22.94 19.39 17.76 343.86 212.06 22.69 -0.30
10.00 800.59
905.70 23.44 17.67 14.76 340.65 211.57 18.92 -0.30
3.00 1024.50
880.20 23.04 15.14 10.48 335.12 197.35 16.28 -0.30
0.00 1273.83
851.80 20.94 14.30 10.40 336.65 185.71 15.62 -0.40
0.00 1558.75
820.40 18.34 13.45 10.62 338.80 181.51 14.76 -0.40
0.00 1882.52
786.10 15.44 11.66 9.36 338.32 176.82 14.01 -0.30
0.00 2247.22
748.70 12.44 9.38 7.36 337.12 173.48 13.69 -0.10
0.00 2659.09
708.40 9.04 6.31 4.26 334.53 180.87 12.82 -0.10
0.00 3121.10
665.30 6.54 2.17 -2.04 330.26 206.57 13.03 -0.10
0.00 3639.23
619.20 3.74 -2.73 -12.14 325.81 225.76 10.30 -0.10
0.00 4225.50
570.80 -0.06 -7.19 -23.19 324.29 258.69 4.95 -0.10
0.00 4881.33
523.90 -3.76 -10.72 -33.37 325.72 235.49 3.77 0.00
0.00 5562.36
481.60 -7.46 -13.46 -34.70 329.00 216.87 6.80 0.10
0.00 6221.82
443.90 -11.56 -16.37 -33.96 331.81 224.14 9.21 0.00
0.00 6851.05
409.90 -16.26 -19.38 -29.95 334.41 243.43 9.56 0.00
0.00 7455.97
379.10 -20.96 -23.24 -32.52 335.27 241.63 11.03 0.00
0.00 8038.22
351.40 -25.36 -27.28 -38.07 335.71 241.76 11.91 0.00
0.00 8593.62
326.50 -29.36 -30.99 -43.50 336.69 270.00 10.30 0.00
0.00 9122.50
304.00 -33.66 -34.50 -41.00 337.96 277.70 14.51 0.00
0.00 9627.63
283.80 -36.36 -37.46 -52.05 339.83 281.93 14.10 0.00
0.00 10106.99
265.70 -38.56 -9999.00 -9999.00 -9999.00 298.84 15.31 -0.10
0.00 10561.66
248.80 -42.16 -42.98 -63.51 343.86 309.90 15.44 -0.10
0.00 11009.47
233.60 -45.56 -46.16 -63.98 344.96 314.43 13.87 -0.10
0.00 11432.58
219.60 -48.56 -49.03 -67.41 346.43 313.19 13.05 -0.10
0.00 11841.59
205.70 -51.66 -52.01 -67.88 348.09 310.10 14.47 -0.10
0.00 12268.50
191.70 -54.76 -55.01 -68.39 350.20 307.82 16.47 -0.10
0.00 12722.30
177.80 -57.66 -57.86 -73.70 353.02 306.87 17.48 -0.10
0.00 13200.29
163.80 -60.36 -60.51 -74.24 356.86 304.78 17.04 -0.10
0.00 13714.37
149.80 -63.46 -63.56 -74.84 360.75 301.76 14.39 -0.10
0.00 14266.82
135.90 -67.06 -9999.00 -9999.00 -9999.00 291.25 11.25 0.00
0.00 14859.41
121.90 -69.86 -9999.00 -9999.00 -9999.00 277.24 12.33 0.00
0.00 15510.80
108.00 -69.36 -9999.00 -9999.00 -9999.00 293.55 8.26 0.00
0.00 16232.13
94.00 -68.06 -9999.00 -9999.00 -9999.00 128.29 4.70 0.00
0.00 17062.96
81.00 -68.76 -9999.00 -9999.00 -9999.00 143.13 4.86 0.00
0.00 17954.99
70.60 -67.56 -9999.00 -9999.00 -9999.00 90.00 1.17 0.00
0.00 18779.56
62.20 -63.46 -9999.00 -9999.00 -9999.00 75.96 8.00 0.00
0.00 19549.48
54.30 -61.46 -9999.00 -9999.00 -9999.00 94.21 13.25 0.00
0.00 20387.17
46.90 -59.56 -9999.00 -9999.00 -9999.00 99.83 14.78 0.00
0.00 21299.07
40.10 -58.26 -9999.00 -9999.00 -9999.00 82.95 18.98 0.00
0.00 22281.38
33.80 -56.16 -9999.00 -9999.00 -9999.00 79.25 27.08 0.00
0.00 23361.71
27.80 -53.16 -9999.00 -9999.00 -9999.00 85.16 34.50 0.00
0.00 24611.56
22.30 -50.86 -9999.00 -9999.00 -9999.00 87.66 38.11 0.00
0.00 26038.54
17.10 -48.16 -9999.00 -9999.00 -9999.00 82.44 44.29 0.00
0.00 27776.62
12.30 -45.26 -9999.00 -9999.00 -9999.00 79.49 52.16 0.00
0.00 29960.48
STN YYMMDD/HHMM PMSL PRES SKTC STC1 SNFL WTNS
P01M C01M STC2 LCLD MCLD HCLD
SNRA UWND VWND R01M BFGR T2MS
Q2MS WXTS WXTP WXTZ WXTR USTM
VSTM HLCY SLLH WSYM CDBP VSBK
TD2M
722583 200809/1700 1017.40 1001.40 42.64 315.80 -9999.00 0.00
-9999.00 -9999.00 314.10 2.00 0.00 0.00
-9999.00 0.70 3.10 -9999.00 -9999.00 33.34
16.59 0.00 0.00 0.00 0.00 -1.60
-2.60 -58.10 -9999.00 999.00 -9999.00 20.00
21.67
722583 200809/1800 1017.50 1001.60 45.54 318.70 0.00 100.00
0.00 0.00 317.00 3.00 0.00 0.00
-9999.00 0.50 3.40 -9999.00 -9999.00 35.34
15.37 0.00 0.00 0.00 0.00 -2.30
-2.10 -26.00 -9999.00 999.00 -9999.00 20.00
20.46
722583 200809/1900 1016.20 1000.30 46.84 320.00 0.00 100.00
0.00 0.00 318.50 2.00 0.00 0.00
-9999.00 0.40 3.90 -9999.00 -9999.00 36.64
14.35 0.00 0.00 0.00 0.00 -4.30
-1.10 -11.70 -9999.00 999.00 -9999.00 20.00
19.36
722583 200809/2000 1015.30 999.40 47.04 320.20 0.00 100.00
0.00 0.00 319.00 7.00 0.00 0.00
-9999.00 0.10 4.30 -9999.00 -9999.00 37.64
13.57 0.00 0.00 0.00 0.00 -5.00
-0.60 3.20 -9999.00 999.00 -9999.00 20.00
18.47
722583 200809/2100 1014.70 998.80 46.04 319.20 0.00 100.00
0.00 0.00 318.40 8.00 0.00 0.00
-9999.00 -0.30 4.80 -9999.00 -9999.00 38.04
13.26 0.00 0.00 0.00 0.00 -4.90
-0.50 13.20 -9999.00 999.00 -9999.00 20.00
18.10
722583 200809/2200 1014.40 998.50 44.54 317.70 0.00 100.00
0.00 0.00 317.20 19.00 0.00 0.00
-9999.00 -0.30 5.00 -9999.00 -9999.00 38.04
13.17 0.00 0.00 0.00 0.00 -4.60
-0.70 22.30 -9999.00 999.00 -9999.00 20.00
17.99
722583 200809/2300 1013.10 997.30 41.94 315.10 0.00 100.00
0.00 0.00 315.00 16.00 0.00 0.00
-9999.00 -0.60 5.20 -9999.00 -9999.00 37.54
13.20 0.00 0.00 0.00 0.00 -4.30
-1.00 36.00 -9999.00 999.00 -9999.00 20.00
18.01
722583 200810/0000 1013.30 997.50 38.64 311.80 0.00 100.00
0.00 0.00 312.20 26.00 0.00 0.00
-9999.00 -0.80 5.50 -9999.00 -9999.00 36.74
13.20 0.00 0.00 0.00 0.00 -4.60
-0.50 49.30 -9999.00 999.00 -9999.00 20.00
18.01
722583 200810/0100 1014.50 998.70 36.04 309.20 0.00 100.00
0.00 0.00 309.70 32.00 0.00 0.00
-9999.00 -0.60 5.10 -9999.00 -9999.00 35.74
12.92 0.00 0.00 0.00 0.00 -5.20
0.10 46.10 -9999.00 999.00 -9999.00 20.00
17.70
722583 200810/0200 1014.40 998.50 34.14 307.30 0.00 100.00
0.00 0.00 307.80 0.00 0.00 0.00
-9999.00 -0.50 4.20 -9999.00 -9999.00 34.54
12.83 0.00 0.00 0.00 0.00 -5.40
0.80 51.70 -9999.00 999.00 -9999.00 20.00
17.58
722583 200810/0300 1014.40 998.50 32.54 305.70 0.00 100.00
0.00 0.00 306.30 0.00 0.00 0.00
-9999.00 -0.50 5.60 -9999.00 -9999.00 32.54
14.79 0.00 0.00 0.00 0.00 -6.30
2.20 66.40 -9999.00 999.00 -9999.00 20.00
19.81
722583 200810/0400 1014.90 999.00 31.34 304.50 0.00 100.00
0.00 0.00 305.00 0.00 0.00 0.00
-9999.00 -0.30 5.10 -9999.00 -9999.00 31.44
15.73 0.00 0.00 0.00 0.00 -6.70
3.40 75.70 -9999.00 999.00 -9999.00 20.00
20.79
722583 200810/0500 1015.20 999.30 30.84 304.00 0.00 100.00
0.00 0.00 304.50 0.00 0.00 0.00
-9999.00 0.20 5.10 -9999.00 -9999.00 31.04
16.28 0.00 0.00 0.00 0.00 -6.80
4.80 89.70 -9999.00 999.00 -9999.00 20.00
21.34
722583 200810/0600 1015.50 999.50 30.34 303.50 0.00 100.00
0.00 0.00 303.90 0.00 0.00 0.00
-9999.00 0.30 5.50 -9999.00 -9999.00 30.44
16.51 0.00 0.00 0.00 0.00 -7.00
5.50 120.00 -9999.00 999.00 -9999.00 20.00
21.56
722583 200810/0700 1015.30 999.30 29.54 302.70 0.00 100.00
0.00 0.00 303.20 0.00 0.00 0.00
-9999.00 0.50 5.40 -9999.00 -9999.00 29.64
15.89 0.00 0.00 0.00 0.00 -6.70
6.70 126.30 -9999.00 999.00 -9999.00 20.00
20.95
722583 200810/0800 1015.80 999.80 28.84 302.00 0.00 100.00
0.00 0.00 302.50 0.00 0.00 0.00
-9999.00 0.80 5.00 -9999.00 -9999.00 28.94
15.31 0.00 0.00 0.00 0.00 -6.20
7.70 101.80 -9999.00 999.00 -9999.00 20.00
20.37
722583 200810/0900 1015.60 999.50 27.94 301.10 0.00 100.00
0.00 0.00 301.60 0.00 0.00 0.00
-9999.00 0.70 4.50 -9999.00 -9999.00 28.04
15.40 0.00 0.00 0.00 0.00 -6.00
7.80 58.70 -9999.00 999.00 -9999.00 20.00
20.46
722583 200810/1000 1015.30 999.20 27.24 300.40 0.00 100.00
0.00 0.00 300.90 0.00 0.00 0.00
-9999.00 0.50 3.80 -9999.00 -9999.00 27.34
15.58 0.00 0.00 0.00 0.00 -5.90
7.40 30.50 -9999.00 999.00 -9999.00 20.00
20.64
722583 200810/1100 1016.30 1000.20 26.64 299.80 0.00 100.00
0.00 0.00 300.30 0.00 0.00 0.00
-9999.00 0.00 3.10 -9999.00 -9999.00 26.74
15.68 0.00 0.00 0.00 0.00 -5.90
7.30 27.60 -9999.00 999.00 -9999.00 20.00
20.76
722583 200810/1200 1016.80 1000.70 26.04 299.20 0.00 100.00
0.00 0.00 299.70 0.00 0.00 0.00
-9999.00 -0.30 2.80 -9999.00 -9999.00 26.14
15.73 0.00 0.00 0.00 0.00 -5.80
7.00 32.60 -9999.00 999.00 -9999.00 20.00
20.81
722583 200810/1300 1017.30 1001.20 28.44 301.60 0.00 100.00
0.00 0.00 301.30 4.00 0.00 0.00
-9999.00 0.40 3.90 -9999.00 -9999.00 26.94
15.69 0.00 0.00 0.00 0.00 -5.50
7.00 15.40 -9999.00 999.00 -9999.00 20.00
20.78
722583 200810/1400 1017.90 1001.80 32.34 305.50 0.00 100.00
0.00 0.00 304.70 10.00 0.00 0.00
-9999.00 1.20 4.30 -9999.00 -9999.00 28.64
15.49 0.00 0.00 0.00 0.00 -5.40
6.10 -8.20 -9999.00 999.00 -9999.00 20.00
20.59


