
SNPARM = PRES;TMPC;TMWC;DWPC;THTE;DRCT;SKNT;OMEG;CFRL;HGHT 
STNPRM = SHOW;LIFT;SWET;KINX;LCLP;PWAT;TOTL;CAPE;LCLT;CINS;EQLV;LFCT;BRCH 

STID = KDAL STNM = 722583 TIME = 191020/2200 
SLAT = 32.84 SLON = -96.85 SELV = 138.0
STIM = 0

SHOW = -3.62 LIFT = -6.38 SWET = 423.60 KINX = 28.82
LCLP = 869.81 PWAT = 34.38 TOTL = 52.30 CAPE = 2038.31
LCLT = 291.77 CINS = -46.18 EQLV = 215.46 LFCT = 769.77
BRCH = 26.68

PRES TMPC TMWC DWPC THTE DRCT SKNT OMEG
CFRL HGHT
986.90 29.34 23.15 20.66 350.83 161.57 12.28 0.00
0.00 149.77
983.90 28.74 22.85 20.45 349.95 164.98 16.49 0.00
0.00 176.95
978.50 28.04 22.47 20.17 349.11 165.68 18.84 0.00
0.00 225.98
969.10 27.34 22.02 19.79 348.61 167.17 20.12 0.00
0.00 311.76
955.30 26.14 21.28 19.19 347.59 168.79 21.00 -0.10
0.00 438.80
937.50 24.44 20.77 19.19 348.32 170.62 21.46 -0.10
0.00 604.58
916.30 22.24 20.29 19.43 349.76 173.49 22.28 -0.20
0.00 804.93
893.10 20.44 19.08 18.45 348.51 177.14 23.33 -0.20
0.00 1028.04
868.10 18.64 16.92 16.06 343.90 190.76 23.93 -0.20
7.00 1273.37
840.10 18.44 14.73 12.73 340.23 210.53 26.38 -0.10
22.00 1555.36
809.40 17.34 9.28 2.77 326.76 214.26 27.25 -0.20
0.00 1874.13
776.00 14.24 6.74 -0.11 324.52 210.43 28.38 -0.20
0.00 2231.69
739.60 10.44 5.11 0.28 325.83 205.40 29.90 -0.20
0.00 2634.42
700.30 7.84 1.57 -5.68 322.72 219.14 32.30 -0.20
0.00 3086.80
658.30 4.54 -2.23 -12.66 320.31 231.01 36.73 -0.20
0.00 3593.40
613.30 0.24 -5.49 -15.71 320.64 227.42 39.04 -0.10
0.00 4165.19
565.90 -3.46 -8.72 -19.97 322.19 230.53 47.05 0.10
0.00 4805.16
520.00 -7.76 -12.54 -25.84 323.17 232.26 56.49 0.30
0.00 5468.05
478.60 -12.36 -16.45 -31.26 324.11 230.34 59.05 0.40
0.00 6107.25
441.50 -17.26 -20.53 -36.06 324.76 230.24 58.62 0.30
0.00 6717.58
408.00 -22.16 -24.62 -39.35 325.47 231.04 58.70 0.20
0.00 7303.12
377.70 -26.86 -28.53 -40.09 326.50 231.43 61.36 0.10
0.00 7864.85
350.40 -30.36 -31.67 -42.47 328.64 231.89 72.09 0.10
0.00 8401.97
325.70 -32.66 -33.96 -47.58 332.02 231.18 89.26 0.10
0.00 8919.07
303.50 -35.06 -36.27 -52.29 335.16 229.17 101.92 0.00
0.00 9413.58
283.50 -37.96 -38.99 -57.09 337.42 228.63 108.45 0.00
0.00 9885.80
265.40 -40.86 -41.72 -60.82 339.52 229.86 111.79 -0.10
0.00 10337.20
248.60 -43.76 -44.45 -63.51 341.56 231.89 114.55 -0.10
0.00 10779.07
233.50 -46.16 -46.74 -66.97 344.05 233.45 116.78 -0.10
0.00 11197.63
219.50 -48.26 -48.75 -67.42 346.94 233.86 118.57 -0.10
0.00 11606.56
205.60 -50.96 -51.36 -72.72 349.19 234.38 121.39 -0.10
0.00 12034.62
191.60 -54.26 -54.55 -73.19 351.01 236.11 123.33 -0.10
0.00 12489.88
177.70 -57.56 -57.76 -73.70 353.24 239.10 119.52 -0.10
0.00 12968.80
163.80 -60.26 -60.41 -74.24 357.03 241.93 105.67 0.00
0.00 13479.58
149.80 -62.86 -9999.00 -9999.00 -9999.00 244.07 93.75 -0.10
0.00 14032.95
135.80 -65.46 -9999.00 -9999.00 -9999.00 243.20 84.44 -0.10
0.00 14633.18
121.90 -67.76 -9999.00 -9999.00 -9999.00 236.93 74.40 -0.10
0.00 15286.01
107.90 -70.06 -9999.00 -9999.00 -9999.00 230.78 68.20 -0.10
0.00 16015.35
94.00 -71.16 -9999.00 -9999.00 -9999.00 232.91 59.91 0.00
0.00 16832.97
81.00 -68.56 -9999.00 -9999.00 -9999.00 240.85 46.27 0.00
0.00 17718.68
70.60 -63.26 -9999.00 -9999.00 -9999.00 235.18 32.65 0.00
0.00 18552.30
62.20 -62.96 -9999.00 -9999.00 -9999.00 216.76 21.10 0.00
0.00 19331.12
54.30 -61.66 -9999.00 -9999.00 -9999.00 235.86 13.85 0.00
0.00 20169.41
46.90 -60.06 -9999.00 -9999.00 -9999.00 222.65 10.04 0.00
0.00 21079.80
40.10 -56.36 -9999.00 -9999.00 -9999.00 207.90 7.48 0.00
0.00 22065.33
33.80 -54.86 -9999.00 -9999.00 -9999.00 163.30 4.06 0.00
0.00 23153.66
27.80 -53.36 -9999.00 -9999.00 -9999.00 107.74 10.20 0.00
0.00 24406.65
22.30 -50.96 -9999.00 -9999.00 -9999.00 121.36 14.55 0.00
0.00 25832.67
17.10 -46.16 -9999.00 -9999.00 -9999.00 151.86 9.48 0.00
0.00 27578.13
12.30 -44.26 -9999.00 -9999.00 -9999.00 268.60 7.96 0.00
0.00 29776.46

STID = KDAL STNM = 722583 TIME = 191020/2300 
SLAT = 32.84 SLON = -96.85 SELV = 138.0
STIM = 1

SHOW = -2.54 LIFT = -7.11 SWET = 378.74 KINX = 25.18
LCLP = 874.02 PWAT = 32.99 TOTL = 51.65 CAPE = 2252.05
LCLT = 291.84 CINS = -3.53 EQLV = 207.09 LFCT = 868.66
BRCH = 30.08

PRES TMPC TMWC DWPC THTE DRCT SKNT OMEG
CFRL HGHT
986.30 28.94 23.03 20.64 350.38 164.93 10.47 0.00
0.00 149.76
983.30 28.54 22.86 20.55 350.09 166.33 14.80 0.10
0.00 176.93
977.90 28.04 22.64 20.44 350.00 167.20 17.52 0.10
0.00 225.98
968.50 27.14 22.27 20.26 349.83 168.47 19.42 0.10
0.00 311.81
954.60 25.94 21.75 20.01 349.82 170.45 21.08 0.10
0.00 439.81
936.90 24.34 21.06 19.67 349.69 172.57 22.53 0.10
0.00 604.76
915.70 22.44 20.20 19.22 349.48 176.77 24.13 0.10
0.00 805.28
892.50 20.44 19.03 18.38 348.41 187.45 25.47 0.10
0.00 1028.60
867.50 18.24 17.68 17.38 347.05 195.71 25.84 0.00
51.00 1274.01
839.60 19.14 12.86 8.90 333.62 214.53 25.70 -0.10
6.00 1555.21
809.00 17.84 8.40 -0.12 324.09 217.39 25.91 -0.20
0.00 1873.43
775.60 14.44 6.29 -1.59 323.28 212.54 26.73 -0.20
0.00 2231.44
739.20 10.94 4.05 -3.10 322.93 213.69 28.71 -0.30
0.00 2634.66
700.10 7.94 0.88 -8.15 320.94 228.34 30.69 -0.40
0.00 3085.16
658.00 4.14 -2.09 -11.23 320.73 234.16 34.50 -0.50
0.00 3592.83
613.10 -0.06 -5.41 -14.58 320.90 230.08 38.75 -0.40
0.00 4162.93
565.80 -3.96 -9.07 -20.23 321.51 230.69 45.69 -0.30
0.00 4800.79
519.90 -8.26 -12.91 -26.22 322.47 231.15 53.88 -0.10
0.00 5462.56
478.50 -12.76 -16.81 -32.19 323.45 229.90 57.91 0.00
0.00 6100.77
441.40 -17.46 -20.79 -37.68 324.30 229.71 58.57 0.00
0.00 6710.52
408.00 -22.36 -24.83 -40.33 325.10 229.54 58.97 0.00
0.00 7293.89
377.60 -26.96 -28.72 -41.77 326.20 230.47 61.95 0.00
0.00 7857.19
350.30 -30.26 -31.74 -45.38 328.54 232.86 75.29 0.00
0.00 8394.44
325.70 -32.76 -34.13 -50.12 331.72 232.20 90.97 0.00
0.00 8909.51
303.50 -35.06 -36.33 -55.27 335.04 230.10 102.04 0.00
0.00 9403.91
283.50 -37.76 -38.86 -60.30 337.63 229.81 108.06 0.00
0.00 9876.32
265.40 -40.46 -41.38 -63.02 340.06 231.65 112.70 0.00
0.00 10328.30
248.60 -42.86 -43.64 -66.52 342.85 233.78 117.02 0.00
0.00 10771.41
233.50 -45.26 -45.90 -66.97 345.41 234.97 119.79 -0.10
0.00 11191.62
219.50 -47.76 -48.30 -72.27 347.66 235.24 121.29 -0.10
0.00 11601.81
205.60 -50.96 -51.36 -72.72 349.19 235.33 122.59 -0.10
0.00 12030.35
191.70 -54.46 -54.74 -73.19 350.64 236.06 123.85 0.00
0.00 12482.04
177.70 -57.46 -57.67 -73.70 353.40 237.65 117.27 0.00
0.00 12964.16
163.80 -59.96 -60.12 -74.24 357.53 240.01 103.38 0.00
0.00 13475.42
149.80 -62.66 -9999.00 -9999.00 -9999.00 243.17 93.40 0.00
0.00 14029.44
135.80 -65.46 -9999.00 -9999.00 -9999.00 243.67 83.66 -0.10
0.00 14629.96
121.90 -68.06 -9999.00 -9999.00 -9999.00 238.98 73.89 -0.10
0.00 15282.31
107.90 -70.36 -9999.00 -9999.00 -9999.00 233.49 67.91 0.00
0.00 16010.58
94.00 -70.66 -9999.00 -9999.00 -9999.00 237.90 60.31 0.00
0.00 16828.60
81.00 -67.46 -9999.00 -9999.00 -9999.00 247.97 46.10 0.00
0.00 17717.81
70.60 -63.66 -9999.00 -9999.00 -9999.00 241.65 33.55 0.00
0.00 18552.83
62.20 -63.56 -9999.00 -9999.00 -9999.00 227.83 22.28 0.00
0.00 19329.79
54.30 -62.86 -9999.00 -9999.00 -9999.00 234.71 15.46 0.00
0.00 20164.51
46.90 -60.16 -9999.00 -9999.00 -9999.00 217.07 10.96 0.00
0.00 21072.12
40.10 -56.36 -9999.00 -9999.00 -9999.00 207.90 7.48 0.00
0.00 22057.41
33.80 -55.56 -9999.00 -9999.00 -9999.00 121.76 4.80 0.00
0.00 23144.00
27.80 -53.86 -9999.00 -9999.00 -9999.00 102.63 11.54 0.00
0.00 24393.55
22.30 -50.36 -9999.00 -9999.00 -9999.00 120.96 11.32 0.00
0.00 25819.89
17.10 -45.56 -9999.00 -9999.00 -9999.00 167.01 2.58 0.00
0.00 27570.02
12.30 -44.56 -9999.00 -9999.00 -9999.00 289.80 5.17 0.00
0.00 29769.79

STID = KDAL STNM = 722583 TIME = 191021/0000 
SLAT = 32.84 SLON = -96.85 SELV = 138.0
STIM = 2

SHOW = -1.69 LIFT = -7.45 SWET = 373.06 KINX = 31.18
LCLP = 884.62 PWAT = 33.22 TOTL = 51.25 CAPE = 2295.84
LCLT = 292.14 CINS = -72.66 EQLV = 207.90 LFCT = 765.94
BRCH = 26.51

PRES TMPC TMWC DWPC THTE DRCT SKNT OMEG
CFRL HGHT
985.40 28.14 22.88 20.74 349.85 157.11 9.48 0.00
0.00 148.84
982.40 28.14 22.83 20.68 350.13 158.05 14.02 0.00
0.00 175.98
977.00 27.74 22.65 20.57 350.16 159.29 17.04 0.10
0.00 225.02
967.60 27.04 22.32 20.38 350.21 162.58 20.77 0.10
0.00 310.88
953.80 26.04 21.83 20.08 350.28 165.96 24.03 0.00
0.00 438.08
936.00 24.64 21.11 19.62 350.06 170.40 26.79 0.00
0.00 604.23
914.80 23.04 20.16 18.91 349.46 178.13 29.74 0.00
0.00 805.23
891.80 21.24 18.90 17.83 347.95 183.20 31.33 0.10
0.00 1027.30
866.70 19.64 16.69 15.22 343.23 190.68 31.43 0.00
25.00 1274.65
839.00 19.64 12.05 6.87 330.95 203.58 26.71 -0.10
0.00 1554.73
808.40 17.54 8.59 0.78 324.80 212.44 24.63 -0.10
0.00 1873.20
775.00 14.64 5.96 -2.86 322.38 220.65 25.35 -0.20
0.00 2231.42
738.80 11.44 4.28 -3.10 323.56 231.16 28.19 -0.40
0.00 2633.13
699.60 7.54 2.84 -1.78 326.22 238.98 31.27 -0.40
0.00 3085.40
657.60 3.64 -0.52 -5.31 324.72 237.50 33.62 -0.50
0.00 3591.89
612.70 -0.26 -5.11 -12.89 321.68 231.84 38.03 -0.40
0.00 4161.92
565.40 -4.26 -9.39 -21.03 320.92 231.15 44.89 -0.20
0.00 4799.68
519.60 -8.66 -13.32 -27.41 321.73 231.81 52.16 0.00
0.00 5459.52
478.20 -13.06 -17.14 -33.62 322.89 230.74 57.71 0.20
0.00 6097.24
441.20 -17.66 -21.07 -39.93 323.84 230.10 60.26 0.20
0.00 6705.05
407.80 -22.46 -25.09 -43.98 324.68 230.15 61.23 0.10
0.00 7288.33
377.50 -26.96 -28.97 -47.46 325.77 231.66 65.13 0.00
0.00 7849.84
350.20 -30.36 -32.04 -51.97 328.04 234.22 73.76 -0.10
0.00 8387.09
325.60 -32.96 -34.42 -54.69 331.27 232.48 85.47 -0.10
0.00 8901.97
303.40 -35.26 -36.55 -58.01 334.70 229.52 97.55 -0.20
0.00 9396.10
283.40 -37.66 -38.80 -62.52 337.76 229.80 105.03 -0.20
0.00 9868.57
265.40 -39.86 -40.83 -63.02 340.94 232.31 111.21 -0.20
0.00 10318.80
248.60 -41.96 -42.82 -66.52 344.19 233.97 116.26 -0.20
0.00 10763.35
233.50 -44.46 -45.16 -66.97 346.62 234.68 119.27 -0.20
0.00 11185.12
219.50 -47.36 -47.93 -72.27 348.28 234.84 121.43 -0.20
0.00 11596.39
205.60 -50.76 -51.17 -72.72 349.51 235.08 123.19 -0.20
0.00 12025.51
191.70 -54.26 -54.55 -73.19 350.96 236.28 122.84 -0.10
0.00 12477.61
177.70 -57.16 -57.38 -73.70 353.89 237.93 114.16 -0.10
0.00 12960.28
163.80 -59.86 -60.02 -74.24 357.70 240.36 102.14 -0.10
0.00 13472.02
149.80 -62.86 -9999.00 -9999.00 -9999.00 243.75 94.00 -0.10
0.00 14025.91
135.90 -65.76 -9999.00 -9999.00 -9999.00 244.92 83.86 -0.10
0.00 14621.21
121.90 -68.46 -9999.00 -9999.00 -9999.00 240.92 73.14 0.00
0.00 15276.90
108.00 -70.76 -9999.00 -9999.00 -9999.00 235.94 67.29 0.00
0.00 15998.22
94.00 -70.56 -9999.00 -9999.00 -9999.00 241.55 60.76 0.10
0.00 16821.12
81.00 -67.06 -9999.00 -9999.00 -9999.00 250.38 47.44 0.00
0.00 17711.42
70.60 -64.56 -9999.00 -9999.00 -9999.00 235.01 30.83 0.00
0.00 18545.43
62.20 -64.36 -9999.00 -9999.00 -9999.00 226.93 24.46 0.00
0.00 19319.25
54.30 -62.86 -9999.00 -9999.00 -9999.00 222.32 14.70 0.00
0.00 20152.37
46.90 -58.76 -9999.00 -9999.00 -9999.00 205.68 11.21 0.00
0.00 21062.98
40.10 -56.16 -9999.00 -9999.00 -9999.00 185.91 5.67 0.00
0.00 22051.94
33.80 -55.06 -9999.00 -9999.00 -9999.00 114.57 7.48 0.00
0.00 23140.28
27.80 -52.36 -9999.00 -9999.00 -9999.00 104.57 10.04 0.00
0.00 24395.55
22.30 -48.66 -9999.00 -9999.00 -9999.00 94.76 4.68 0.00
0.00 25832.22
17.10 -46.46 -9999.00 -9999.00 -9999.00 347.74 4.56 0.00
0.00 27585.45
12.30 -45.96 -9999.00 -9999.00 -9999.00 270.00 2.72 0.00
0.00 29774.14

STID = KDAL STNM = 722583 TIME = 191021/0100 
SLAT = 32.84 SLON = -96.85 SELV = 138.0
STIM = 3

SHOW = -2.38 LIFT = -7.88 SWET = 416.19 KINX = 35.84
LCLP = 898.83 PWAT = 36.00 TOTL = 52.74 CAPE = 2353.11
LCLT = 292.65 CINS = -104.75 EQLV = 221.26 LFCT = 764.76
BRCH = 24.49

PRES TMPC TMWC DWPC THTE DRCT SKNT OMEG
CFRL HGHT
986.00 27.34 22.83 21.00 349.56 151.39 9.73 0.00
0.00 148.80
983.00 27.34 22.78 20.93 349.82 153.43 16.51 0.00
0.00 175.86
977.60 27.14 22.64 20.81 350.05 154.46 19.37 0.00
0.00 224.77
968.20 26.74 22.35 20.55 350.26 158.75 26.26 0.00
0.00 310.45
954.30 26.14 21.87 20.11 350.41 162.84 30.28 0.00
0.00 438.47
936.60 25.14 21.14 19.45 350.07 170.11 33.92 0.00
0.00 603.74
915.40 23.94 20.07 18.38 348.95 178.52 37.70 0.00
0.00 805.05
892.30 22.44 18.51 16.68 346.22 183.35 39.90 0.00
0.00 1028.63
867.30 20.94 16.06 13.50 340.67 187.02 38.17 -0.10
0.00 1275.72
839.60 19.64 12.54 7.89 332.49 195.19 30.40 -0.20
0.00 1556.15
809.00 17.74 9.49 2.91 327.45 207.34 25.80 -0.30
0.00 1874.63
775.50 14.84 8.77 4.19 330.65 220.29 26.73 -0.30
0.00 2234.30
739.10 11.24 7.42 4.57 332.60 231.99 29.33 -0.40
0.00 2638.72
699.90 7.34 4.31 1.74 330.21 237.61 33.35 -0.70
0.00 3091.09
657.80 3.54 0.23 -3.27 326.58 236.81 36.91 -0.90
0.00 3598.64
612.80 -0.26 -4.63 -11.15 322.76 230.27 38.89 -1.10
0.00 4169.88
565.50 -4.56 -9.48 -20.49 320.74 227.39 42.75 -1.00
0.00 4807.25
519.60 -9.16 -13.81 -28.89 320.78 229.78 47.82 -0.70
0.00 5467.48
478.30 -13.76 -17.83 -36.32 321.61 232.25 53.30 -0.20
0.00 6102.09
441.30 -18.26 -21.70 -44.28 322.68 234.03 56.88 0.10
0.00 6708.20
407.90 -22.76 -25.53 -50.66 323.88 234.37 59.03 0.30
0.00 7290.27
377.60 -27.16 -29.22 -50.42 325.33 236.50 63.36 0.50
0.00 7851.05
350.30 -30.76 -32.34 -50.24 327.55 238.75 72.26 0.60
0.00 8387.49
325.70 -33.46 -34.85 -54.69 330.55 235.51 81.31 0.50
0.00 8901.26
303.40 -35.66 -36.93 -59.77 334.10 231.88 90.62 0.50
0.00 9396.61
283.40 -37.56 -38.71 -62.52 337.90 232.97 100.00 0.40
0.00 9868.77
265.40 -39.26 -40.32 -66.04 341.77 234.83 110.26 0.40
0.00 10319.67
248.60 -41.46 -42.36 -66.52 344.94 235.23 116.82 0.30
0.00 10765.27
233.50 -43.96 -44.70 -66.97 347.38 235.15 120.01 0.20
0.00 11187.96
219.50 -46.76 -47.36 -72.27 349.21 234.84 122.12 0.10
0.00 11600.23
205.60 -50.06 -50.51 -72.72 350.61 235.07 122.49 0.10
0.00 12030.59
191.70 -53.36 -53.68 -73.19 352.40 236.49 117.87 0.00
0.00 12484.33
177.70 -56.46 -56.70 -73.70 355.04 239.02 108.29 0.00
0.00 12968.78
163.80 -59.66 -59.83 -74.24 358.03 241.91 101.50 0.00
0.00 13481.59
149.80 -62.76 -9999.00 -9999.00 -9999.00 244.75 94.29 -0.10
0.00 14035.87
135.90 -65.46 -9999.00 -9999.00 -9999.00 245.60 82.77 -0.10
0.00 14631.74
121.90 -67.76 -9999.00 -9999.00 -9999.00 241.33 70.84 -0.10
0.00 15289.02
107.90 -70.36 -9999.00 -9999.00 -9999.00 236.36 64.16 -0.10
0.00 16017.83
94.00 -71.06 -9999.00 -9999.00 -9999.00 242.31 57.69 0.00
0.00 16835.04
81.00 -68.36 -9999.00 -9999.00 -9999.00 252.03 45.34 0.00
0.00 17721.41
70.60 -64.66 -9999.00 -9999.00 -9999.00 237.71 33.08 0.00
0.00 18552.61
62.20 -64.86 -9999.00 -9999.00 -9999.00 221.84 22.42 0.00
0.00 19325.31
54.30 -61.46 -9999.00 -9999.00 -9999.00 225.53 14.98 0.00
0.00 20160.22
46.90 -58.16 -9999.00 -9999.00 -9999.00 185.95 9.38 0.00
0.00 21075.12
40.10 -55.76 -9999.00 -9999.00 -9999.00 129.81 3.03 0.00
0.00 22066.38
33.80 -54.86 -9999.00 -9999.00 -9999.00 87.71 4.86 0.00
0.00 23156.22
27.80 -53.46 -9999.00 -9999.00 -9999.00 91.74 6.41 0.00
0.00 24408.92
22.30 -50.26 -9999.00 -9999.00 -9999.00 81.12 6.29 0.00
0.00 25836.87
17.10 -47.66 -9999.00 -9999.00 -9999.00 37.41 4.16 0.00
0.00 27579.23
12.30 -46.16 -9999.00 -9999.00 -9999.00 274.97 4.49 0.00
0.00 29761.16

STID = KDAL STNM = 722583 TIME = 191021/0200 
SLAT = 32.84 SLON = -96.85 SELV = 138.0
STIM = 4

SHOW = -3.21 LIFT = -7.78 SWET = 477.45 KINX = 37.63
LCLP = 899.38 PWAT = 37.72 TOTL = 53.69 CAPE = 2357.09
LCLT = 292.61 CINS = -116.93 EQLV = 222.85 LFCT = 762.85
BRCH = 23.21

PRES TMPC TMWC DWPC THTE DRCT SKNT OMEG
CFRL HGHT
985.90 27.24 22.77 20.95 349.31 152.99 11.11 0.00
0.00 148.80
982.90 27.34 22.75 20.88 349.68 154.25 18.34 0.00
0.00 175.86
977.50 27.14 22.61 20.76 349.92 155.51 21.56 0.00
0.00 224.76
968.10 27.14 22.40 20.46 350.49 160.02 29.56 0.00
0.00 310.51
954.20 26.94 21.98 19.93 350.87 163.55 33.62 -0.10
0.00 438.79
936.50 26.14 21.19 19.10 350.29 171.03 37.37 -0.10
0.00 604.55
915.30 24.84 20.10 18.03 349.09 178.64 40.81 -0.30
0.00 806.48
892.30 23.24 18.71 16.63 347.07 182.26 44.33 -0.30
0.00 1029.72
867.40 21.44 16.55 14.07 342.54 183.41 45.73 -0.20
0.00 1276.38
839.50 19.74 13.28 9.31 335.06 187.58 39.78 -0.10
0.00 1559.23
808.90 18.04 11.03 6.17 332.36 201.01 28.71 -0.10
0.00 1878.19
775.40 14.94 10.12 6.89 334.97 211.81 29.49 -0.10
0.00 2238.46
739.00 11.44 7.83 5.23 333.89 225.00 31.31 0.00
0.00 2643.36
699.70 7.44 4.71 2.48 331.39 237.32 33.47 -0.10
0.00 3097.32
657.60 2.94 1.02 -0.82 328.67 242.72 34.75 -0.20
0.00 3604.75
612.70 -0.86 -4.38 -9.30 323.38 240.60 40.37 -0.60
0.00 4173.84
565.40 -4.66 -9.74 -21.68 320.21 233.03 44.25 -0.90
0.00 4810.55
519.60 -8.96 -14.35 -37.98 319.61 231.66 48.54 -1.00
0.00 5469.42
478.20 -13.56 -18.20 -51.46 320.79 234.26 51.22 -0.80
0.00 6105.99
441.20 -18.36 -21.89 -48.22 322.35 235.45 53.77 -0.40
0.00 6712.29
407.80 -22.86 -25.55 -48.15 323.89 234.87 57.71 0.00
0.00 7294.25
377.60 -26.86 -28.86 -46.84 325.92 238.23 66.03 0.40
0.00 7853.49
350.30 -30.46 -31.97 -46.93 328.15 242.07 73.00 0.70
0.00 8390.61
325.70 -33.56 -34.78 -48.77 330.70 241.52 77.80 0.90
0.00 8904.61
303.40 -35.76 -36.95 -55.28 334.08 238.97 85.92 0.90
0.00 9399.76
283.40 -37.16 -38.35 -62.52 338.48 238.13 96.76 0.90
0.00 9872.23
265.40 -38.76 -39.87 -66.04 342.50 238.36 107.01 0.90
0.00 10324.00
248.60 -41.06 -42.00 -66.52 345.53 237.92 113.01 0.80
0.00 10770.46
233.50 -43.66 -44.45 -71.85 347.79 237.00 116.98 0.70
0.00 11193.79
219.50 -46.56 -47.18 -72.27 349.51 236.65 119.08 0.50
0.00 11606.51
205.60 -49.76 -50.22 -72.72 351.08 236.89 118.05 0.40
0.00 12037.35
191.70 -53.06 -53.40 -73.19 352.88 237.66 112.20 0.30
0.00 12491.70
177.70 -56.36 -56.60 -73.70 355.20 238.89 105.26 0.20
0.00 12976.59
163.80 -59.56 -59.73 -74.24 358.20 241.35 100.49 0.00
0.00 13489.65
149.80 -62.66 -9999.00 -9999.00 -9999.00 244.88 93.34 -0.20
0.00 14044.19
135.90 -65.26 -9999.00 -9999.00 -9999.00 245.76 81.37 -0.30
0.00 14640.49
121.90 -67.46 -9999.00 -9999.00 -9999.00 241.12 68.76 -0.30
0.00 15298.56
107.90 -70.06 -9999.00 -9999.00 -9999.00 237.50 62.18 -0.20
0.00 16028.44
94.00 -71.26 -9999.00 -9999.00 -9999.00 245.51 57.63 -0.10
0.00 16845.85
81.00 -69.16 -9999.00 -9999.00 -9999.00 259.22 45.69 0.00
0.00 17730.05
70.60 -67.16 -9999.00 -9999.00 -9999.00 247.31 34.73 0.00
0.00 18554.61
62.20 -64.76 -9999.00 -9999.00 -9999.00 226.40 28.17 0.00
0.00 19322.86
54.30 -62.06 -9999.00 -9999.00 -9999.00 203.96 15.31 0.00
0.00 20156.78
46.90 -58.36 -9999.00 -9999.00 -9999.00 174.56 12.30 0.00
0.00 21069.96
40.10 -55.46 -9999.00 -9999.00 -9999.00 239.04 1.13 0.00
0.00 22061.45
33.80 -55.76 -9999.00 -9999.00 -9999.00 55.78 5.87 0.00
0.00 23149.78
27.80 -54.86 -9999.00 -9999.00 -9999.00 82.87 7.83 0.00
0.00 24395.91
22.30 -51.06 -9999.00 -9999.00 -9999.00 101.04 8.12 0.00
0.00 25816.76
17.10 -47.36 -9999.00 -9999.00 -9999.00 49.90 4.82 0.00
0.00 27557.18
12.30 -45.96 -9999.00 -9999.00 -9999.00 323.97 7.93 0.00
0.00 29741.52

STID = KDAL STNM = 722583 TIME = 191021/0300 
SLAT = 32.84 SLON = -96.85 SELV = 138.0
STIM = 5

SHOW = -5.88 LIFT = -7.54 SWET = 567.63 KINX = 40.37
LCLP = 893.49 PWAT = 40.62 TOTL = 55.49 CAPE = 2189.25
LCLT = 292.31 CINS = -89.83 EQLV = 215.17 LFCT = 760.41
BRCH = 16.17

PRES TMPC TMWC DWPC THTE DRCT SKNT OMEG
CFRL HGHT
985.30 27.44 22.69 20.74 349.01 158.84 12.92 0.00
0.00 149.71
982.30 27.44 22.64 20.67 349.27 158.89 21.04 0.00
0.00 176.80
976.90 27.24 22.50 20.56 349.54 159.44 24.90 -0.10
0.00 225.74
967.50 26.94 22.26 20.33 349.95 162.19 33.66 -0.20
0.00 311.52
953.80 26.74 21.92 19.93 350.69 164.94 39.63 -0.30
0.00 437.93
936.10 25.94 21.36 19.45 351.13 171.43 43.03 -0.40
0.00 603.67
915.00 24.44 20.61 18.99 351.39 178.51 44.70 -0.40
0.00 804.60
891.90 22.54 19.72 18.50 351.46 182.76 44.35 -0.30
0.00 1028.66
866.80 20.44 18.53 17.66 350.70 185.74 42.75 -0.10
0.00 1277.08
838.90 18.64 15.53 13.93 343.40 191.79 40.87 0.00
0.00 1559.64
808.30 17.74 11.51 7.40 334.07 206.15 36.13 0.10
0.00 1878.44
774.90 15.04 10.36 7.27 335.82 217.33 33.95 0.40
0.00 2237.86
738.50 11.44 7.90 5.36 334.18 228.97 33.74 0.80
0.00 2643.13
699.30 7.54 4.91 2.79 332.02 243.72 34.65 1.00
0.00 3096.32
657.30 2.74 1.70 0.75 330.51 250.77 35.39 1.10
0.00 3602.85
612.30 -1.06 -3.84 -7.42 324.73 248.15 42.27 0.90
0.00 4173.30
565.10 -3.46 -10.01 -30.45 319.45 239.63 51.11 0.30
0.00 4810.19
519.40 -7.96 -9999.00 -9999.00 -9999.00 236.19 53.07 -0.10
0.00 5470.45
478.10 -13.16 -17.76 -44.10 321.65 235.63 54.37 -0.10
0.00 6107.33
441.10 -17.86 -21.29 -41.46 323.45 234.73 58.53 0.00
0.00 6714.86
407.80 -21.96 -24.70 -43.98 325.33 234.80 65.37 0.10
0.00 7296.79
377.50 -26.06 -28.09 -43.77 327.23 237.32 70.16 0.10
0.00 7859.90
350.20 -30.36 -31.76 -44.03 328.55 238.85 71.72 0.00
0.00 8398.17
325.60 -32.86 -34.17 -48.77 331.69 237.82 75.50 -0.10
0.00 8913.18
303.40 -34.36 -35.79 -59.77 335.93 237.44 82.28 -0.20
0.00 9408.36
283.40 -36.56 -37.82 -62.52 339.34 238.36 93.32 -0.40
0.00 9882.82
265.40 -38.66 -39.76 -63.02 342.69 240.62 102.54 -0.50
0.00 10335.26
248.60 -40.96 -41.91 -66.52 345.68 240.58 106.37 -0.60
0.00 10781.91
233.50 -43.76 -44.54 -71.85 347.64 237.86 109.19 -0.70
0.00 11205.24
219.50 -46.96 -47.55 -72.27 348.90 237.02 112.76 -0.80
0.00 11617.51
205.60 -50.36 -50.79 -72.72 350.14 237.59 113.44 -0.80
0.00 12047.39
191.70 -53.56 -53.88 -73.19 352.08 238.77 109.03 -0.70
0.00 12500.62
177.70 -56.96 -57.18 -73.70 354.22 239.78 102.27 -0.60
0.00 12984.29
163.80 -60.36 -60.51 -74.24 356.86 242.37 98.00 -0.50
0.00 13495.68
149.80 -63.76 -63.86 -74.84 360.24 246.83 92.33 -0.50
0.00 14047.73
135.90 -66.96 -9999.00 -9999.00 -9999.00 250.36 84.36 -0.40
0.00 14640.04
121.90 -68.76 -9999.00 -9999.00 -9999.00 247.44 73.41 -0.20
0.00 15293.34
107.90 -70.56 -9999.00 -9999.00 -9999.00 240.61 65.33 0.00
0.00 16020.00
94.00 -71.66 -9999.00 -9999.00 -9999.00 246.04 59.30 0.10
0.00 16835.60
81.00 -69.76 -9999.00 -9999.00 -9999.00 258.41 47.40 0.20
0.00 17717.62
70.60 -65.66 -9999.00 -9999.00 -9999.00 234.13 31.16 0.10
0.00 18543.99
62.20 -64.46 -9999.00 -9999.00 -9999.00 209.69 27.06 0.00
0.00 19315.58
54.30 -60.26 -9999.00 -9999.00 -9999.00 188.25 13.54 0.00
0.00 20153.67
46.90 -56.56 -9999.00 -9999.00 -9999.00 192.20 7.36 0.00
0.00 21074.58
40.10 -55.86 -9999.00 -9999.00 -9999.00 20.22 3.92 0.00
0.00 22069.27
33.80 -56.16 -9999.00 -9999.00 -9999.00 68.88 9.17 0.00
0.00 23155.61
27.80 -52.66 -9999.00 -9999.00 -9999.00 92.60 8.55 0.00
0.00 24406.88
22.30 -50.76 -9999.00 -9999.00 -9999.00 111.80 9.42 0.00
0.00 25835.80
17.10 -47.16 -9999.00 -9999.00 -9999.00 87.27 4.08 0.00
0.00 27578.16
12.30 -44.86 -9999.00 -9999.00 -9999.00 316.47 10.72 0.00
0.00 29768.77

STID = KDAL STNM = 722583 TIME = 191021/0400 
SLAT = 32.84 SLON = -96.85 SELV = 138.0
STIM = 6

SHOW = -3.39 LIFT = -8.24 SWET = 467.93 KINX = 37.45
LCLP = 907.29 PWAT = 39.25 TOTL = 53.22 CAPE = 2534.94
LCLT = 293.42 CINS = -99.36 EQLV = 188.41 LFCT = 766.80
BRCH = 18.00

PRES TMPC TMWC DWPC THTE DRCT SKNT OMEG
CFRL HGHT
985.00 27.24 23.21 21.61 351.47 174.56 16.39 0.10
0.00 149.71
982.00 27.14 23.15 21.56 351.67 174.88 26.13 0.10
0.00 176.80
976.60 26.84 23.01 21.48 351.91 175.03 31.39 0.00
0.00 225.73
967.20 26.14 22.73 21.37 352.21 176.05 39.53 0.00
0.00 311.42
953.40 25.24 22.37 21.22 352.87 177.33 45.90 -0.10
0.00 438.39
935.70 24.34 22.01 21.07 354.22 180.00 50.31 -0.10
0.00 603.49
914.50 23.44 21.34 20.47 354.77 184.58 51.05 -0.20
0.00 804.77
891.40 22.34 19.87 18.80 352.19 190.03 47.94 -0.20
0.00 1028.63
866.40 20.94 17.59 16.00 346.84 198.51 48.35 -0.30
3.00 1276.22
838.60 20.14 13.60 9.65 336.28 207.52 47.09 -0.50
0.00 1558.47
808.00 18.44 11.00 5.79 332.37 214.80 41.86 -0.50
0.00 1878.23
774.60 15.24 9.85 6.14 334.21 223.01 39.59 -0.40
0.00 2238.18
738.30 12.04 7.38 3.85 332.60 237.25 39.49 -0.20
0.00 2642.87
699.10 7.74 4.74 2.27 331.55 246.80 38.46 -0.10
0.00 3096.69
657.10 3.04 1.03 -0.91 328.77 254.62 40.29 0.10
0.00 3603.68
612.30 -0.66 -4.46 -9.86 323.27 256.71 47.30 0.10
0.00 4172.18
565.10 -3.06 -9.87 -31.90 319.68 246.37 50.89 -0.10
0.00 4809.87
519.30 -7.76 -13.87 -48.56 320.40 233.76 53.22 -0.30
0.00 5472.39
478.10 -13.16 -17.63 -40.69 321.92 232.31 57.19 -0.40
0.00 6108.06
441.10 -17.76 -21.11 -39.24 323.80 234.82 64.39 -0.40
0.00 6715.73
407.70 -22.06 -24.62 -40.68 325.52 234.57 69.37 -0.30
0.00 7299.50
377.50 -26.26 -28.15 -41.77 327.16 232.67 72.07 -0.20
0.00 7860.51
350.20 -29.06 -30.76 -45.87 330.15 233.34 75.80 -0.20
0.00 8399.99
325.60 -30.66 -32.50 -57.44 334.36 237.80 78.73 -0.30
0.00 8918.72
303.40 -33.56 -35.10 -59.77 337.05 238.60 79.43 -0.50
0.00 9416.98
283.40 -36.96 -38.13 -58.55 338.85 237.61 85.57 -0.50
0.00 9891.84
265.40 -39.66 -40.65 -63.02 341.23 239.54 94.64 -0.50
0.00 10342.94
248.60 -41.66 -42.55 -66.52 344.64 239.36 101.38 -0.50
0.00 10787.96
233.50 -44.06 -44.82 -71.85 347.18 236.71 107.60 -0.50
0.00 11210.37
219.50 -47.16 -47.74 -72.27 348.59 236.20 112.43 -0.40
0.00 11622.19
205.60 -50.66 -51.08 -72.72 349.66 238.10 112.12 -0.40
0.00 12051.60
191.60 -53.86 -54.16 -73.19 351.65 240.35 106.39 -0.20
0.00 12507.58
177.70 -56.96 -57.18 -73.70 354.22 241.95 100.37 -0.10
0.00 12987.60
163.80 -60.46 -60.61 -74.24 356.69 244.22 94.70 0.00
0.00 13498.86
149.80 -63.96 -64.06 -74.84 359.89 247.56 87.00 0.00
0.00 14050.53
135.80 -67.26 -67.32 -75.48 364.28 251.57 78.01 0.00
0.00 14646.59
121.90 -69.66 -9999.00 -9999.00 -9999.00 250.90 68.86 0.00
0.00 15293.58
107.90 -71.56 -9999.00 -9999.00 -9999.00 244.62 63.00 0.10
0.00 16016.85
94.00 -72.06 -9999.00 -9999.00 -9999.00 248.16 61.11 0.10
0.00 16829.62
81.00 -68.06 -9999.00 -9999.00 -9999.00 255.74 47.30 0.10
0.00 17714.47
70.60 -64.56 -9999.00 -9999.00 -9999.00 203.36 26.46 0.00
0.00 18546.47
62.20 -64.86 -9999.00 -9999.00 -9999.00 210.69 27.78 0.00
0.00 19319.36
54.30 -59.16 -9999.00 -9999.00 -9999.00 208.69 11.73 0.00
0.00 20158.84
46.90 -57.06 -9999.00 -9999.00 -9999.00 218.29 4.70 0.00
0.00 21081.03
40.10 -57.56 -9999.00 -9999.00 -9999.00 46.33 5.91 0.00
0.00 22070.69
33.80 -55.96 -9999.00 -9999.00 -9999.00 114.86 8.78 0.00
0.00 23153.27
27.80 -52.06 -9999.00 -9999.00 -9999.00 118.61 14.61 0.00
0.00 24406.83
22.30 -50.96 -9999.00 -9999.00 -9999.00 87.88 10.49 0.00
0.00 25837.04
17.10 -48.36 -9999.00 -9999.00 -9999.00 2.49 4.47 0.00
0.00 27573.96
12.30 -47.06 -9999.00 -9999.00 -9999.00 315.66 11.95 0.00
0.00 29748.17

STID = KDAL STNM = 722583 TIME = 191021/0500 
SLAT = 32.84 SLON = -96.85 SELV = 138.0
STIM = 7

SHOW = -4.07 LIFT = -8.65 SWET = 483.30 KINX = 38.72
LCLP = 928.85 PWAT = 41.42 TOTL = 54.24 CAPE = 2692.80
LCLT = 294.64 CINS = -101.03 EQLV = 180.44 LFCT = 764.68
BRCH = 19.19

PRES TMPC TMWC DWPC THTE DRCT SKNT OMEG
CFRL HGHT
984.60 26.44 23.57 22.45 353.25 183.99 16.74 0.10
0.00 149.69
981.70 26.34 23.52 22.42 353.49 183.32 26.85 0.00
0.00 175.83
976.20 25.94 23.34 22.32 353.56 183.10 32.28 -0.10
0.00 225.57
966.90 25.24 23.05 22.18 353.76 183.37 39.70 -0.30
0.00 310.17
953.00 24.24 22.62 21.95 354.06 184.12 45.96 -0.70
0.00 437.77
935.30 23.14 22.08 21.62 354.58 186.22 51.98 -1.10
1.00 602.39
914.20 22.94 21.42 20.78 355.20 191.94 55.40 -1.40
2.00 802.28
891.10 22.54 19.94 18.83 352.58 198.37 52.39 -1.50
0.00 1026.12
866.10 21.24 17.98 16.48 348.52 208.69 53.81 -1.50
0.00 1274.04
838.40 20.44 13.87 9.97 337.26 217.52 51.67 -1.40
0.00 1555.70
807.80 18.74 10.67 4.79 331.28 223.26 45.36 -1.30
0.00 1875.83
774.40 15.74 9.22 4.40 332.17 234.13 42.42 -1.10
0.00 2236.23
738.20 12.04 7.31 3.70 332.39 247.06 45.36 -0.80
0.00 2640.12
699.00 7.84 5.03 2.78 332.42 254.32 46.00 -0.30
0.00 3094.11
657.00 3.14 1.80 0.59 330.83 254.97 43.45 0.10
0.00 3601.48
612.10 -2.06 -3.17 -4.46 326.37 254.02 44.44 0.30
19.00 4170.41
564.90 -4.36 -9.36 -20.51 321.08 249.28 47.77 0.70
0.00 4805.61
519.20 -8.46 -12.74 -24.04 323.00 234.56 51.26 0.80
0.00 5464.76
477.90 -12.66 -17.21 -39.15 322.72 230.24 61.65 0.60
0.00 6102.12
441.00 -17.56 -20.78 -36.33 324.44 229.58 65.31 0.40
0.00 6709.19
407.60 -21.56 -24.14 -39.05 326.38 229.20 71.35 0.30
0.00 7293.94
377.40 -24.86 -27.17 -44.70 328.77 231.45 78.24 0.20
0.00 7857.22
350.20 -27.56 -29.77 -55.37 331.70 237.05 79.64 0.00
0.00 8397.95
325.60 -29.96 -31.91 -57.44 335.33 239.06 77.45 -0.20
0.00 8919.00
303.40 -33.16 -34.73 -58.01 337.66 237.15 77.00 -0.40
0.00 9418.40
283.40 -36.76 -37.98 -60.31 339.09 235.72 83.45 -0.60
0.00 9893.86
265.40 -39.16 -40.20 -63.02 341.96 237.65 94.74 -0.60
0.00 10345.63
248.60 -41.26 -42.18 -66.52 345.24 238.25 101.88 -0.70
0.00 10791.52
233.50 -43.96 -44.73 -71.85 347.33 236.63 106.99 -0.80
0.00 11214.39
219.50 -47.26 -47.83 -72.27 348.43 236.76 110.55 -0.80
0.00 11626.20
205.60 -50.76 -51.17 -72.72 349.51 238.63 108.97 -0.70
0.00 12055.42
191.70 -53.96 -54.26 -73.19 351.44 240.96 102.43 -0.60
0.00 12507.82
177.70 -57.06 -57.28 -73.70 354.06 242.71 95.75 -0.50
0.00 12990.94
163.80 -60.26 -60.41 -74.24 357.03 244.44 88.71 -0.30
0.00 13502.33
149.80 -63.56 -63.66 -74.84 360.58 247.91 79.04 -0.20
0.00 14054.78
135.90 -66.86 -66.92 -75.48 364.92 253.35 69.13 -0.10
0.00 14647.51
121.90 -69.86 -9999.00 -9999.00 -9999.00 254.92 61.97 -0.10
0.00 15299.23
108.00 -72.06 -9999.00 -9999.00 -9999.00 249.15 58.41 0.00
0.00 16015.76
94.00 -73.26 -9999.00 -9999.00 -9999.00 249.26 56.49 0.10
0.00 16830.54
81.00 -69.06 -9999.00 -9999.00 -9999.00 253.77 47.94 0.10
0.00 17710.60
70.60 -63.46 -9999.00 -9999.00 -9999.00 219.63 24.96 0.00
0.00 18542.80
62.20 -65.36 -9999.00 -9999.00 -9999.00 219.92 24.83 0.00
0.00 19316.80
54.30 -58.76 -9999.00 -9999.00 -9999.00 223.73 12.37 0.00
0.00 20156.09
46.90 -59.46 -9999.00 -9999.00 -9999.00 225.00 5.50 0.00
0.00 21073.99
40.10 -58.36 -9999.00 -9999.00 -9999.00 94.97 4.49 0.00
0.00 22056.30
33.80 -53.96 -9999.00 -9999.00 -9999.00 138.89 14.18 0.00
0.00 23141.89
27.80 -51.36 -9999.00 -9999.00 -9999.00 106.07 11.93 0.00
0.00 24403.17
22.30 -50.96 -9999.00 -9999.00 -9999.00 54.66 13.09 0.00
0.00 25835.64
17.10 -49.56 -9999.00 -9999.00 -9999.00 11.77 9.52 0.00
0.00 27567.90
12.30 -48.06 -9999.00 -9999.00 -9999.00 322.05 12.32 0.00
0.00 29731.50

STID = KDAL STNM = 722583 TIME = 191021/0600 
SLAT = 32.84 SLON = -96.85 SELV = 138.0
STIM = 8

SHOW = -6.07 LIFT = -6.41 SWET = 536.87 KINX = 41.38
LCLP = 948.11 PWAT = 48.86 TOTL = 53.25 CAPE = 2579.91
LCLT = 295.42 CINS = -0.27 EQLV = 181.27 LFCT = 911.23
BRCH = 51.56

PRES TMPC TMWC DWPC THTE DRCT SKNT OMEG
CFRL HGHT
985.30 25.54 23.66 22.91 353.55 210.26 16.20 0.00
0.00 147.86
982.30 25.44 23.53 22.77 353.44 207.76 25.02 0.00
0.00 174.81
976.90 25.04 23.32 22.63 353.36 205.57 30.15 -0.20
0.00 223.48
967.50 24.24 22.97 22.43 353.24 203.72 36.71 -0.70
0.00 308.66
953.60 23.04 22.45 22.16 353.16 203.06 42.64 -1.40
0.00 435.73
935.90 21.84 21.69 21.57 352.68 203.47 48.29 -2.40
2.00 599.56
914.60 20.94 20.80 20.68 352.29 203.56 52.97 -3.60
47.00 800.11
891.40 19.94 19.81 19.70 351.94 205.20 54.74 -4.80
17.00 1023.13
866.30 19.04 18.89 18.77 352.33 207.03 52.99 -5.70
15.00 1270.17
838.50 17.54 17.45 17.35 351.14 215.17 49.90 -5.50
0.00 1551.01
808.30 15.14 14.46 14.07 344.60 228.50 49.53 -4.60
0.00 1864.42
774.60 12.84 10.70 9.36 337.07 238.77 50.21 -3.90
0.00 2224.76
738.10 10.14 7.80 6.14 333.97 247.07 49.36 -3.80
0.00 2629.06
699.00 6.44 4.63 3.16 331.29 250.67 43.43 -4.10
0.00 3079.48
657.00 2.24 0.31 -1.63 326.96 243.17 37.00 -4.20
0.00 3584.65
612.20 -1.56 -3.72 -6.42 325.04 232.33 41.96 -4.10
0.00 4151.59
565.00 -3.76 -7.92 -15.34 324.16 232.47 50.70 -3.80
0.00 4787.99
519.30 -7.06 -11.11 -19.78 326.30 232.79 58.78 -3.80
0.00 5449.73
478.00 -10.36 -14.66 -27.26 327.66 232.91 70.86 -4.10
0.00 6091.67
441.10 -14.76 -17.57 -25.75 330.39 234.72 71.62 -4.50
0.00 6704.84
407.70 -19.06 -20.56 -24.99 332.88 240.40 67.25 -4.70
0.00 7295.84
377.50 -22.66 -24.08 -29.42 334.23 245.47 63.64 -4.40
0.00 7864.56
350.20 -26.06 -27.56 -35.19 335.61 245.62 61.64 -3.90
0.00 8411.46
325.60 -30.06 -31.10 -37.48 336.83 243.52 60.12 -3.20
0.00 8934.15
303.40 -34.56 -35.01 -38.17 337.33 242.22 61.27 -2.50
0.00 9432.13
283.40 -38.16 -38.76 -45.18 337.90 241.72 66.84 -1.90
0.00 9904.88
265.40 -41.16 -41.87 -54.30 339.29 240.53 78.98 -1.40
0.00 10353.42
248.60 -44.26 -44.72 -53.17 341.16 238.11 80.54 -0.90
0.00 10794.54
233.50 -46.06 -46.60 -61.80 344.29 239.85 95.92 -0.60
0.00 11212.75
219.50 -48.16 -48.68 -72.27 347.05 237.88 105.96 -0.40
0.00 11621.86
205.60 -51.46 -51.84 -72.72 348.41 237.47 111.99 -0.30
0.00 12049.54
191.70 -54.76 -55.03 -73.19 350.16 239.12 108.64 -0.20
0.00 12500.41
177.70 -57.36 -57.57 -73.70 353.56 240.86 98.52 -0.10
0.00 12982.31
163.80 -60.16 -60.32 -74.24 357.19 242.99 89.39 -0.10
0.00 13493.45
149.80 -62.96 -63.07 -74.84 361.61 247.43 78.46 0.00
0.00 14046.82
135.90 -66.46 -9999.00 -9999.00 -9999.00 254.03 68.49 0.00
0.00 14640.98
121.90 -69.56 -9999.00 -9999.00 -9999.00 254.13 58.97 0.10
0.00 15293.80
108.00 -71.96 -9999.00 -9999.00 -9999.00 248.55 52.58 0.10
0.00 16011.05
94.00 -73.56 -9999.00 -9999.00 -9999.00 244.37 52.99 0.10
0.00 16825.42
81.00 -70.96 -9999.00 -9999.00 -9999.00 244.04 49.26 0.10
0.00 17700.68
70.60 -63.36 -9999.00 -9999.00 -9999.00 232.24 32.67 0.00
0.00 18529.27
62.20 -64.36 -9999.00 -9999.00 -9999.00 216.36 21.95 0.10
0.00 19305.31
54.30 -57.86 -9999.00 -9999.00 -9999.00 241.19 13.31 0.10
0.00 20148.37
46.90 -58.26 -9999.00 -9999.00 -9999.00 173.37 8.41 0.10
0.00 21070.77
40.10 -57.56 -9999.00 -9999.00 -9999.00 137.49 9.48 0.00
0.00 22057.67
33.80 -54.46 -9999.00 -9999.00 -9999.00 135.00 14.57 0.00
0.00 23144.01
27.80 -51.66 -9999.00 -9999.00 -9999.00 86.88 10.70 0.00
0.00 24403.00
22.30 -52.16 -9999.00 -9999.00 -9999.00 54.62 16.43 0.00
0.00 25830.63
17.10 -50.46 -9999.00 -9999.00 -9999.00 25.46 13.56 0.00
0.00 27554.73
12.30 -47.26 -9999.00 -9999.00 -9999.00 334.29 11.64 0.00
0.00 29717.85

STID = KDAL STNM = 722583 TIME = 191021/0700 
SLAT = 32.84 SLON = -96.85 SELV = 138.0
STIM = 9

SHOW = -3.59 LIFT = -4.68 SWET = 406.21 KINX = 41.24
LCLP = 979.66 PWAT = 51.05 TOTL = 49.90 CAPE = 1881.23
LCLT = 295.78 CINS = -0.19 EQLV = 207.11 LFCT = 907.58
BRCH = 54.66

PRES TMPC TMWC DWPC THTE DRCT SKNT OMEG
CFRL HGHT
987.90 23.34 22.98 22.77 349.93 246.22 12.53 0.00
0.00 148.65
984.90 23.04 22.77 22.60 349.48 245.43 22.44 0.00
0.00 175.31
979.50 22.64 22.53 22.42 349.26 245.01 25.29 0.00
0.00 223.45
970.00 22.14 21.98 21.85 348.34 243.60 29.70 -0.20
100.00 308.65
956.20 21.44 21.35 21.24 347.77 241.19 35.47 -0.40
100.00 433.62
938.30 20.74 20.59 20.47 347.43 238.85 40.17 -0.80
100.00 598.01
917.10 19.94 19.80 19.68 347.53 236.66 43.47 -1.30
100.00 796.24
894.00 18.94 18.82 18.70 347.23 235.03 45.75 -1.90
100.00 1016.78
868.90 17.64 17.51 17.39 346.10 234.13 46.74 -2.40
100.00 1261.91
840.90 15.94 15.83 15.72 344.22 233.13 47.59 -3.10
100.00 1542.24
810.00 13.84 13.76 13.66 341.70 230.66 48.72 -4.10
100.00 1860.34
776.40 11.54 11.48 11.40 339.40 227.83 50.06 -5.20
100.00 2217.30
739.80 8.84 8.77 8.68 336.72 225.63 49.73 -6.00
100.00 2620.28
700.50 5.24 5.21 5.15 332.70 227.43 45.38 -5.90
100.00 3070.34
658.40 2.14 2.09 2.01 331.36 238.63 42.54 -4.50
93.00 3574.84
613.40 -2.26 -2.31 -2.40 328.18 244.76 41.45 -2.90
89.00 4142.81
565.90 -5.26 -7.91 -12.18 324.12 234.02 52.56 -2.10
74.00 4779.90
520.00 -6.96 -11.04 -19.77 326.30 233.50 66.94 -2.40
66.00 5441.94
478.60 -10.36 -13.20 -19.18 330.60 237.79 70.71 -2.90
66.00 6084.89
441.50 -14.86 -16.90 -21.95 331.65 240.84 70.96 -3.10
79.00 6700.85
408.10 -18.76 -20.43 -25.43 333.00 239.74 67.46 -3.10
93.00 7291.60
377.70 -22.06 -23.12 -26.56 335.94 235.73 58.99 -2.90
92.00 7864.71
350.40 -25.36 -26.30 -29.98 337.82 232.72 54.20 -2.50
86.00 8412.84
325.80 -29.96 -30.23 -31.46 338.30 231.07 50.70 -2.10
88.00 8936.19
303.50 -33.96 -34.21 -35.75 338.63 229.35 54.27 -1.50
94.00 9436.98
283.50 -37.76 -38.11 -41.14 338.94 227.02 58.41 -0.90
87.00 9910.61
265.50 -41.46 -41.81 -46.16 339.38 227.07 60.74 -0.40
87.00 10359.12
248.70 -45.46 -45.69 -49.43 339.57 230.96 68.78 -0.10
100.00 10798.66
233.50 -48.06 -48.36 -55.36 341.47 235.71 82.05 -0.10
100.00 11216.61
219.60 -49.26 -49.69 -67.41 345.35 234.64 103.38 -0.10
0.00 11619.92
205.60 -51.86 -52.22 -72.72 347.78 234.82 113.62 -0.10
0.00 12049.14
191.70 -55.16 -55.42 -73.19 349.51 236.50 113.68 0.00
0.00 12499.19
177.70 -57.86 -58.06 -73.70 352.75 238.64 106.00 0.00
0.00 12980.09
163.80 -60.46 -60.61 -74.24 356.69 240.88 95.40 0.10
0.00 13490.28
149.80 -62.96 -63.07 -74.84 361.61 244.15 83.74 0.10
0.00 14043.25
135.90 -65.86 -9999.00 -9999.00 -9999.00 249.20 70.03 0.10
0.00 14638.27
121.90 -69.16 -9999.00 -9999.00 -9999.00 249.55 61.15 0.10
0.00 15292.68
107.90 -71.46 -9999.00 -9999.00 -9999.00 244.87 55.36 0.10
0.00 16017.02
94.00 -72.66 -9999.00 -9999.00 -9999.00 242.09 51.88 0.00
0.00 16828.79
81.00 -70.46 -9999.00 -9999.00 -9999.00 239.62 45.71 0.10
0.00 17707.10
70.60 -63.36 -9999.00 -9999.00 -9999.00 232.74 34.65 0.10
0.00 18536.69
62.20 -60.86 -9999.00 -9999.00 -9999.00 221.60 25.45 0.00
0.00 19319.22
54.30 -57.96 -9999.00 -9999.00 -9999.00 230.31 11.87 0.00
0.00 20169.04
46.90 -57.96 -9999.00 -9999.00 -9999.00 153.43 8.26 0.00
0.00 21091.87
40.10 -56.86 -9999.00 -9999.00 -9999.00 132.14 5.50 0.00
0.00 22081.06
33.80 -56.26 -9999.00 -9999.00 -9999.00 128.05 11.34 0.00
0.00 23164.65
27.80 -54.06 -9999.00 -9999.00 -9999.00 91.25 8.94 0.00
0.00 24411.63
22.30 -51.46 -9999.00 -9999.00 -9999.00 79.38 12.65 0.00
0.00 25833.77
17.10 -48.56 -9999.00 -9999.00 -9999.00 25.24 15.03 0.00
0.00 27567.97
12.30 -48.66 -9999.00 -9999.00 -9999.00 354.05 9.38 0.00
0.00 29733.51

STID = KDAL STNM = 722583 TIME = 191021/0800 
SLAT = 32.84 SLON = -96.85 SELV = 138.0
STIM = 10

SHOW = 3.74 LIFT = -2.57 SWET = 189.00 KINX = 31.24
LCLP = 947.81 PWAT = 36.88 TOTL = 42.73 CAPE = 891.39
LCLT = 293.62 CINS = -4.97 EQLV = 240.67 LFCT = 898.83
BRCH = 53.54

PRES TMPC TMWC DWPC THTE DRCT SKNT OMEG
CFRL HGHT
987.60 23.94 21.99 21.14 345.60 237.72 13.09 0.00
0.00 150.44
984.70 23.84 21.79 20.90 345.21 237.09 19.66 0.00
0.00 176.26
979.30 23.54 21.52 20.63 344.88 237.12 22.90 0.00
0.00 224.49
969.80 22.94 20.97 20.08 344.01 238.04 26.79 0.00
0.00 309.86
956.00 21.94 19.97 19.06 342.05 240.68 28.96 0.00
27.00 434.99
938.30 20.84 18.47 17.30 338.78 245.46 29.47 0.00
48.00 597.47
917.20 19.14 16.86 15.67 335.93 256.94 27.53 0.20
54.00 794.14
894.20 17.34 15.20 14.00 333.43 266.82 24.51 0.40
68.00 1012.29
869.10 16.34 12.78 10.54 329.01 274.12 21.62 0.50
72.00 1255.47
841.20 15.54 9.77 5.33 323.70 282.02 21.45 0.50
53.00 1532.91
810.50 14.04 7.19 0.93 320.72 286.28 22.86 0.50
60.00 1847.37
777.10 11.54 6.24 1.55 323.15 274.37 28.05 0.60
66.00 2200.73
740.70 8.64 5.77 3.43 327.59 258.00 41.10 0.60
72.00 2599.93
701.30 5.74 4.88 4.18 331.61 243.86 46.74 0.40
100.00 3050.37
659.00 3.04 3.01 2.95 333.78 229.96 47.71 0.10
100.00 3558.01
613.70 -2.16 -2.19 -2.26 328.42 230.32 44.42 -0.10
100.00 4130.51
566.30 -4.06 -7.85 -14.40 324.10 236.14 55.44 -0.30
0.00 4767.34
520.20 -8.06 -12.03 -21.37 324.24 235.47 58.95 -0.40
0.00 5431.90
478.80 -12.06 -16.26 -31.44 324.41 231.47 65.79 -0.20
0.00 6070.92
441.70 -15.16 -19.02 -36.06 327.38 229.94 73.35 0.00
0.00 6683.82
408.20 -17.96 -21.18 -35.45 331.43 232.92 75.72 0.30
0.00 7276.38
377.80 -21.96 -24.53 -38.11 333.24 235.91 76.94 0.30
0.00 7850.10
350.50 -26.16 -27.82 -36.97 335.06 233.85 71.45 0.30
3.00 8397.11
325.80 -30.26 -30.97 -34.87 337.01 227.58 61.05 0.20
37.00 8921.22
303.50 -34.16 -34.73 -38.81 337.75 224.39 64.43 0.00
29.00 9421.43
283.50 -38.06 -38.49 -42.51 338.32 223.40 68.71 -0.20
5.00 9894.53
265.50 -41.56 -41.93 -46.56 339.19 225.29 80.07 -0.30
0.00 10342.65
248.70 -44.86 -45.30 -53.97 340.18 229.42 92.58 -0.40
30.00 10782.66
233.50 -47.26 -47.77 -66.97 342.38 232.38 97.36 -0.50
0.00 11201.88
219.60 -49.06 -49.53 -72.27 345.61 233.65 106.84 -0.40
0.00 11606.08
205.60 -52.06 -52.39 -67.89 347.51 234.35 113.31 -0.30
0.00 12035.30
191.70 -55.26 -55.51 -73.19 349.35 235.71 113.09 -0.20
0.00 12485.04
177.70 -57.96 -58.15 -73.70 352.58 238.03 107.85 -0.10
0.00 12965.72
163.70 -60.16 -60.32 -74.25 357.26 241.63 96.48 0.00
0.00 13479.98
149.80 -62.36 -9999.00 -9999.00 -9999.00 246.43 83.08 0.00
0.00 14030.34
135.80 -65.26 -9999.00 -9999.00 -9999.00 251.20 66.90 0.00
0.00 14631.57
121.90 -69.06 -9999.00 -9999.00 -9999.00 247.23 57.73 0.00
0.00 15282.66
107.90 -71.66 -9999.00 -9999.00 -9999.00 238.42 52.68 0.00
0.00 16006.83
94.00 -72.96 -9999.00 -9999.00 -9999.00 236.06 49.40 0.00
0.00 16817.58
81.00 -69.26 -9999.00 -9999.00 -9999.00 241.29 46.50 0.00
0.00 17697.85
70.60 -61.76 -9999.00 -9999.00 -9999.00 240.95 38.00 0.10
0.00 18533.07
62.20 -59.36 -9999.00 -9999.00 -9999.00 238.74 25.45 0.00
0.00 19321.35
54.30 -58.96 -9999.00 -9999.00 -9999.00 251.57 11.67 0.00
0.00 20172.16
46.90 -59.46 -9999.00 -9999.00 -9999.00 186.71 6.64 0.00
0.00 21089.63
40.10 -58.16 -9999.00 -9999.00 -9999.00 154.20 12.94 0.00
0.00 22072.41
33.80 -56.06 -9999.00 -9999.00 -9999.00 142.13 13.29 0.00
0.00 23153.24
27.80 -51.46 -9999.00 -9999.00 -9999.00 98.97 11.21 0.00
0.00 24408.23
22.30 -52.56 -9999.00 -9999.00 -9999.00 67.13 13.50 0.00
0.00 25835.22
17.10 -49.86 -9999.00 -9999.00 -9999.00 46.97 15.95 0.00
0.00 27560.09
12.30 -48.06 -9999.00 -9999.00 -9999.00 340.67 11.73 0.00
0.00 29722.25

STID = KDAL STNM = 722583 TIME = 191021/0900 
SLAT = 32.84 SLON = -96.85 SELV = 138.0
STIM = 11

SHOW = 7.10 LIFT = 3.99 SWET = 135.31 KINX = 19.09
LCLP = 910.35 PWAT = 23.82 TOTL = 37.89 CAPE = 0.00
LCLT = 287.94 CINS = 0.00 EQLV = -9999.00 LFCT = -9999.00
BRCH = 0.00

PRES TMPC TMWC DWPC THTE DRCT SKNT OMEG
CFRL HGHT
988.40 21.64 18.01 16.08 329.85 332.45 10.08 0.00
0.00 148.54
985.40 21.64 17.65 15.48 328.96 334.98 16.08 0.00
0.00 174.96
980.00 21.24 17.23 15.01 328.23 337.34 19.15 -0.10
0.00 222.66
970.60 20.64 16.55 14.21 327.16 341.86 23.72 -0.10
0.00 306.17
956.70 19.64 15.54 13.09 325.66 346.92 28.32 -0.10
0.00 430.77
939.00 18.44 14.18 11.48 323.67 351.42 31.24 -0.20
0.00 591.41
917.80 17.34 12.84 9.80 322.33 354.39 31.82 -0.40
0.00 786.98
894.60 15.04 12.43 10.71 324.28 360.00 28.36 -0.80
18.00 1004.96
869.90 14.64 11.73 9.79 325.60 340.87 20.14 -1.00
22.00 1242.26
842.00 16.04 7.58 -0.73 317.23 310.08 20.82 -0.70
0.00 1518.62
811.30 14.94 3.58 -15.05 310.74 298.27 26.24 -0.40
10.00 1832.98
777.80 12.44 2.64 -12.03 313.31 284.93 24.13 -0.20
16.00 2187.41
741.30 8.94 3.68 -1.63 321.76 253.23 29.62 0.10
22.00 2587.53
702.00 6.04 1.70 -2.91 322.91 241.05 39.74 0.40
32.00 3036.23
659.60 2.34 -0.73 -4.20 323.91 236.51 46.11 0.20
49.00 3543.32
614.40 -1.76 -4.82 -9.14 322.14 240.15 51.52 -0.20
46.00 4112.77
566.80 -4.86 -9.15 -17.88 321.25 236.64 56.51 -0.40
0.00 4750.64
520.70 -8.26 -13.43 -31.12 321.22 232.92 63.79 -0.50
0.00 5413.07
479.20 -11.76 -16.67 -41.10 323.40 229.53 71.23 -0.70
0.00 6052.96
441.90 -14.66 -19.02 -42.76 327.23 227.73 77.97 -0.80
0.00 6669.61
408.40 -17.86 -21.64 -44.99 330.42 228.00 81.29 -0.80
0.00 7262.49
378.00 -22.06 -24.99 -45.18 332.29 229.15 81.66 -0.80
0.00 7835.83
350.60 -26.26 -28.49 -46.38 333.79 228.53 80.36 -0.70
0.00 8384.32
325.90 -30.46 -31.65 -39.80 335.81 226.56 75.72 -0.50
3.00 8907.87
303.60 -34.36 -35.04 -40.23 337.21 224.49 77.87 -0.40
16.00 9407.46
283.60 -38.06 -38.42 -41.66 338.40 220.35 77.99 -0.30
100.00 9880.20
265.50 -41.86 -42.04 -44.04 339.03 216.16 75.06 -0.30
100.00 10330.45
248.70 -45.46 -45.81 -52.43 339.37 223.95 90.11 -0.30
0.00 10769.61
233.50 -47.56 -48.06 -66.97 341.92 229.57 98.25 -0.30
0.00 11188.01
219.50 -49.36 -49.79 -67.42 345.24 231.44 106.57 -0.20
0.00 11594.66
205.60 -52.26 -52.58 -67.89 347.20 231.95 113.46 -0.10
0.00 12020.44
191.70 -55.16 -55.42 -73.19 349.51 233.48 114.57 0.00
0.00 12470.08
177.70 -57.56 -57.76 -73.70 353.24 236.68 109.27 0.10
0.00 12951.31
163.70 -59.46 -59.63 -74.25 358.43 241.44 97.09 0.10
0.00 13466.89
149.80 -61.76 -9999.00 -9999.00 -9999.00 247.40 82.91 0.10
0.00 14018.94
135.80 -64.96 -9999.00 -9999.00 -9999.00 250.25 66.67 0.00
0.00 14621.46
121.90 -68.46 -9999.00 -9999.00 -9999.00 244.39 57.09 0.00
0.00 15273.98
107.90 -71.26 -9999.00 -9999.00 -9999.00 237.12 53.67 -0.10
0.00 15999.92
94.00 -72.76 -9999.00 -9999.00 -9999.00 238.48 51.26 0.00
0.00 16811.89
81.00 -70.46 -9999.00 -9999.00 -9999.00 247.28 49.28 0.00
0.00 17689.99
70.60 -63.86 -9999.00 -9999.00 -9999.00 249.66 42.46 0.10
0.00 18518.57
62.20 -60.96 -9999.00 -9999.00 -9999.00 237.76 29.86 0.00
0.00 19299.99
54.30 -59.86 -9999.00 -9999.00 -9999.00 212.68 12.24 0.00
0.00 20145.83
46.90 -59.56 -9999.00 -9999.00 -9999.00 181.76 12.63 0.10
0.00 21061.16
40.10 -57.46 -9999.00 -9999.00 -9999.00 164.23 17.15 0.00
0.00 22045.31
33.80 -53.66 -9999.00 -9999.00 -9999.00 143.90 11.54 0.00
0.00 23133.90
27.80 -51.56 -9999.00 -9999.00 -9999.00 66.22 12.53 0.00
0.00 24395.46
22.30 -54.16 -9999.00 -9999.00 -9999.00 43.83 13.46 0.00
0.00 25816.96
17.10 -49.96 -9999.00 -9999.00 -9999.00 87.36 12.65 0.00
0.00 27535.23
12.30 -45.86 -9999.00 -9999.00 -9999.00 327.76 14.94 0.00
0.00 29707.52

STID = KDAL STNM = 722583 TIME = 191021/1000 
SLAT = 32.84 SLON = -96.85 SELV = 138.0
STIM = 12

SHOW = 9.26 LIFT = 12.69 SWET = 96.11 KINX = 13.41
LCLP = 893.03 PWAT = 13.96 TOTL = 34.27 CAPE = 0.00
LCLT = 283.53 CINS = 0.00 EQLV = -9999.00 LFCT = -9999.00
BRCH = 0.00

PRES TMPC TMWC DWPC THTE DRCT SKNT OMEG
CFRL HGHT
989.80 18.84 14.67 11.94 318.61 338.75 7.50 0.00
0.00 148.41
986.80 19.24 14.20 10.77 317.52 341.57 14.12 0.00
0.00 174.51
981.40 19.24 13.68 9.76 316.62 344.58 17.52 -0.10
0.00 221.70
972.00 19.14 12.66 7.72 314.74 350.23 24.05 -0.10
0.00 304.42
958.20 18.84 11.08 4.37 311.91 354.74 29.64 -0.20
0.00 427.15
940.60 18.24 8.72 -1.63 307.59 357.76 34.79 -0.30
0.00 585.87
919.50 17.34 6.58 -8.23 304.61 360.00 36.52 -0.30
0.00 779.43
896.30 15.64 5.89 -7.09 305.85 3.18 35.02 -0.40
0.00 996.40
871.50 14.54 8.01 1.94 314.61 355.85 24.15 -0.40
0.00 1233.69
843.60 15.44 6.36 -3.82 313.74 309.99 15.71 -0.10
0.00 1508.82
812.80 13.74 3.27 -13.32 309.96 293.27 21.15 0.20
0.00 1822.57
779.20 12.44 1.94 -16.29 311.33 268.35 27.02 0.40
0.00 2176.63
742.60 8.94 2.70 -4.40 318.99 238.39 23.72 0.50
0.00 2576.96
703.10 5.64 0.97 -4.36 320.90 238.25 31.76 0.70
0.00 3026.69
660.60 2.44 -2.35 -8.98 319.85 245.43 42.50 0.60
0.00 3533.65
615.30 -0.56 -5.97 -15.87 319.30 245.46 56.59 0.00
0.00 4104.41
567.60 -3.96 -10.32 -30.60 318.42 243.00 57.77 -0.80
0.00 4744.71
521.30 -8.56 -14.42 -50.72 319.01 241.93 59.44 -1.20
0.00 5409.59
479.60 -12.96 -17.69 -47.48 321.42 234.65 67.15 -1.30
0.00 6049.97
442.30 -15.86 -19.84 -41.85 325.70 228.60 76.65 -1.10
0.00 6663.23
408.60 -18.46 -22.14 -46.75 329.48 226.64 81.49 -0.70
0.00 7257.14
378.10 -21.86 -24.99 -50.41 332.21 227.87 82.25 -0.30
0.00 7831.68
350.70 -25.86 -28.29 -50.23 334.07 228.52 82.71 -0.10
0.00 8380.65
326.00 -29.86 -31.72 -51.68 335.55 226.98 83.43 -0.10
0.00 8905.07
303.70 -34.16 -35.44 -50.72 336.45 223.95 82.28 -0.10
0.00 9405.25
283.60 -38.66 -39.44 -49.98 336.71 219.20 80.21 -0.20
0.00 9879.80
265.50 -42.96 -43.50 -53.42 336.66 219.20 82.98 -0.20
53.00 10328.35
248.70 -45.96 -46.45 -59.58 338.33 225.44 89.41 -0.10
0.00 10765.95
233.50 -48.16 -48.60 -63.98 341.06 229.37 93.67 0.00
0.00 11183.32
219.50 -49.96 -50.36 -67.42 344.32 229.64 101.98 0.10
0.00 11588.90
205.60 -52.46 -52.77 -67.89 346.88 229.71 112.04 0.20
0.00 12013.90
191.70 -55.36 -55.61 -73.19 349.19 231.19 115.91 0.20
0.00 12463.13
177.70 -57.86 -58.06 -73.70 352.75 234.22 112.30 0.20
0.00 12943.81
163.80 -60.06 -60.22 -74.24 357.36 237.89 101.59 0.20
0.00 13454.48
149.80 -62.86 -62.97 -74.84 361.78 242.60 89.92 0.20
0.00 14008.10
135.90 -66.06 -9999.00 -9999.00 -9999.00 244.47 77.06 0.20
0.00 14602.98
121.90 -69.26 -9999.00 -9999.00 -9999.00 240.02 65.70 0.10
0.00 15256.92
107.90 -72.26 -9999.00 -9999.00 -9999.00 233.24 60.37 0.10
0.00 15979.65
94.00 -73.56 -9999.00 -9999.00 -9999.00 231.40 59.15 0.10
0.00 16787.98
81.00 -68.56 -9999.00 -9999.00 -9999.00 234.31 50.95 0.00
0.00 17668.47
70.60 -59.86 -9999.00 -9999.00 -9999.00 246.35 35.84 0.00
0.00 18508.92
62.20 -58.36 -9999.00 -9999.00 -9999.00 252.65 19.54 -0.10
0.00 19302.58
54.30 -60.56 -9999.00 -9999.00 -9999.00 222.14 5.50 -0.10
0.00 20152.20
46.90 -61.56 -9999.00 -9999.00 -9999.00 198.43 6.14 0.00
0.00 21061.74
40.10 -59.66 -9999.00 -9999.00 -9999.00 200.28 9.52 0.00
0.00 22036.26
33.80 -55.76 -9999.00 -9999.00 -9999.00 156.80 11.83 0.00
0.00 23114.09
27.80 -53.66 -9999.00 -9999.00 -9999.00 103.36 15.97 0.00
0.00 24363.64
22.30 -51.86 -9999.00 -9999.00 -9999.00 79.88 11.05 0.00
0.00 25785.79
17.10 -49.16 -9999.00 -9999.00 -9999.00 34.25 11.05 0.00
0.00 27516.10
12.30 -47.16 -9999.00 -9999.00 -9999.00 337.07 10.98 0.00
0.00 29685.98

STID = KDAL STNM = 722583 TIME = 191021/1100 
SLAT = 32.84 SLON = -96.85 SELV = 138.0
STIM = 13

SHOW = 10.05 LIFT = 12.28 SWET = 96.93 KINX = 10.74
LCLP = 894.55 PWAT = 13.85 TOTL = 32.96 CAPE = 0.00
LCLT = 281.97 CINS = 0.00 EQLV = -9999.00 LFCT = -9999.00
BRCH = 0.00

PRES TMPC TMWC DWPC THTE DRCT SKNT OMEG
CFRL HGHT
991.60 17.24 13.22 10.36 314.12 333.43 9.56 0.00
0.00 149.19
988.60 17.44 12.78 9.34 313.20 336.48 18.01 -0.10
0.00 175.07
983.20 17.24 12.36 8.65 312.63 338.69 20.84 -0.20
0.00 221.86
973.90 16.94 11.47 7.05 311.25 345.68 28.26 -0.20
0.00 302.93
960.10 16.34 10.28 4.97 309.65 352.10 33.94 -0.20
0.00 424.44
942.30 15.44 8.83 2.44 307.97 358.20 37.12 -0.10
0.00 583.27
921.10 14.14 7.48 0.54 307.10 4.28 36.42 0.00
0.00 775.59
898.10 13.34 6.06 -2.37 306.34 9.12 31.88 0.10
0.00 988.46
873.00 14.34 6.66 -1.63 310.85 349.27 18.78 0.10
0.00 1227.12
845.10 14.34 5.84 -3.91 312.29 303.87 17.07 0.20
0.00 1501.06
814.20 12.94 3.32 -10.90 310.05 291.11 21.04 0.40
0.00 1814.27
780.50 11.84 1.58 -16.72 310.37 271.14 29.33 0.40
0.00 2167.94
743.80 9.04 1.81 -7.50 316.55 240.21 27.76 0.10
0.00 2568.26
704.10 4.84 -0.10 -6.32 318.17 240.87 27.14 -0.10
0.00 3018.83
661.60 1.34 -3.18 -9.81 317.84 253.30 38.54 -0.10
0.00 3523.20
616.10 -0.76 -6.57 -18.41 317.82 249.33 55.01 -0.20
0.00 4094.23
568.20 -4.26 -10.61 -32.07 317.73 243.61 55.52 -0.50
0.00 4735.77
521.80 -8.66 -14.28 -41.68 319.26 243.11 61.42 -0.60
0.00 5400.93
480.00 -13.36 -17.90 -44.66 321.00 234.64 66.45 -0.50
0.00 6041.69
442.60 -16.46 -20.27 -41.85 324.88 227.76 77.14 -0.20
0.00 6654.95
408.90 -19.46 -22.90 -47.41 328.08 227.93 83.22 -0.10
0.00 7246.59
378.30 -22.46 -25.51 -53.44 331.25 228.41 83.12 -0.20
0.00 7820.81
350.80 -26.06 -28.55 -55.35 333.57 228.31 83.24 -0.20
0.00 8370.67
326.10 -29.76 -31.68 -53.57 335.58 225.73 86.27 -0.20
0.00 8894.81
303.70 -34.06 -35.42 -53.18 336.46 220.63 86.52 -0.20
0.00 9397.35
283.60 -39.06 -39.91 -53.75 335.94 216.29 84.34 -0.10
0.00 9871.59
265.50 -42.96 -43.54 -55.27 336.58 220.16 87.94 0.10
0.00 10319.75
248.70 -45.56 -46.10 -61.32 338.88 225.08 93.26 0.30
0.00 10757.72
233.50 -47.16 -47.68 -66.97 342.53 225.32 99.16 0.40
0.00 11176.39
219.50 -48.76 -49.22 -67.42 346.17 225.98 112.92 0.40
0.00 11583.95
205.60 -51.16 -51.55 -72.72 348.88 229.11 120.77 0.30
0.00 12011.35
191.70 -53.86 -54.16 -73.19 351.60 232.77 118.80 0.20
0.00 12463.45
177.70 -56.36 -56.60 -73.70 355.20 236.00 109.42 0.10
0.00 12947.46
163.80 -59.06 -59.24 -74.24 359.04 241.00 98.17 0.00
0.00 13461.10
149.80 -62.46 -62.58 -74.84 362.47 244.68 88.11 -0.10
0.00 14016.56
135.90 -65.56 -65.64 -75.48 367.22 245.60 75.72 -0.10
0.00 14612.72
121.90 -68.86 -9999.00 -9999.00 -9999.00 243.59 64.63 0.00
0.00 15268.09
107.90 -72.36 -9999.00 -9999.00 -9999.00 239.26 59.67 0.00
0.00 15991.36
94.00 -73.26 -9999.00 -9999.00 -9999.00 236.09 56.41 0.00
0.00 16800.10
81.00 -68.46 -9999.00 -9999.00 -9999.00 238.20 50.51 0.00
0.00 17681.46
70.60 -60.66 -9999.00 -9999.00 -9999.00 252.66 35.20 -0.10
0.00 18520.50
62.20 -59.96 -9999.00 -9999.00 -9999.00 246.16 18.26 -0.10
0.00 19309.70
54.30 -62.06 -9999.00 -9999.00 -9999.00 193.82 12.20 0.00
0.00 20153.16
46.90 -60.96 -9999.00 -9999.00 -9999.00 197.16 13.83 0.00
0.00 21060.77
40.10 -57.26 -9999.00 -9999.00 -9999.00 205.77 12.51 0.00
0.00 22042.17
33.80 -54.66 -9999.00 -9999.00 -9999.00 152.18 7.91 0.00
0.00 23128.76
27.80 -54.06 -9999.00 -9999.00 -9999.00 74.05 14.14 0.00
0.00 24380.31
22.30 -52.66 -9999.00 -9999.00 -9999.00 70.29 13.83 0.00
0.00 25798.59
17.10 -49.56 -9999.00 -9999.00 -9999.00 53.13 6.80 0.00
0.00 27524.23
12.30 -46.66 -9999.00 -9999.00 -9999.00 319.84 8.14 0.00
0.00 29694.59

STID = KDAL STNM = 722583 TIME = 191021/1200 
SLAT = 32.84 SLON = -96.85 SELV = 138.0
STIM = 14

SHOW = 12.09 LIFT = 15.12 SWET = 107.46 KINX = 0.37
LCLP = 900.03 PWAT = 10.91 TOTL = 29.10 CAPE = 0.00
LCLT = 280.69 CINS = 0.00 EQLV = -9999.00 LFCT = -9999.00
BRCH = 0.00

PRES TMPC TMWC DWPC THTE DRCT SKNT OMEG
CFRL HGHT
993.00 15.54 11.85 9.00 310.15 339.90 8.49 0.00
0.00 149.96
990.10 15.74 11.53 8.17 309.58 342.90 15.85 -0.10
0.00 174.79
984.70 15.64 11.17 7.54 309.25 344.54 18.94 -0.10
0.00 221.22
975.30 15.34 10.45 6.29 308.43 349.11 25.72 -0.20
0.00 302.57
961.50 14.64 9.32 4.45 307.08 353.33 30.11 -0.40
0.00 423.19
943.70 13.94 7.19 -0.26 303.77 0.62 36.13 -0.50
0.00 580.86
922.60 14.64 5.11 -9.14 301.00 4.62 38.58 -0.50
0.00 771.47
899.40 14.04 4.95 -7.90 303.37 359.33 33.22 -0.30
0.00 986.08
874.30 13.74 5.33 -5.22 307.36 343.09 20.71 -0.10
0.00 1224.28
846.30 12.74 4.45 -6.23 308.78 321.34 19.89 0.10
0.00 1497.62
815.40 11.94 2.51 -12.57 308.03 290.22 19.66 0.40
0.00 1808.89
781.60 10.54 0.43 -20.65 307.62 277.96 28.05 0.50
0.00 2161.60
744.80 8.74 -0.60 -19.19 310.49 267.02 37.35 0.40
0.00 2561.07
705.10 5.34 -1.65 -13.12 314.27 250.52 33.80 0.00
0.00 3010.74
662.50 0.44 -3.83 -10.36 316.30 250.30 33.43 -0.10
0.00 3514.99
616.90 -1.56 -6.89 -17.61 317.09 245.39 48.50 0.00
0.00 4084.73
568.80 -4.76 -10.73 -29.62 317.46 244.41 56.22 -0.10
0.00 4726.70
522.30 -8.76 -14.14 -36.93 319.49 239.37 63.66 -0.30
0.00 5391.91
480.40 -13.36 -17.70 -39.47 321.34 232.14 71.85 -0.40
0.00 6033.56
442.90 -17.36 -20.99 -43.22 323.56 230.75 79.53 -0.40
0.00 6646.93
409.10 -20.26 -23.56 -49.72 326.88 231.84 80.79 -0.30
0.00 7237.99
378.50 -23.16 -26.06 -53.44 330.27 231.45 78.24 -0.30
0.00 7810.21
350.90 -26.86 -29.22 -56.84 332.42 228.38 79.25 -0.20
0.00 8360.18
326.10 -30.16 -32.03 -54.68 334.99 224.19 86.95 -0.10
0.00 8885.08
303.80 -34.16 -35.53 -54.16 336.25 218.41 89.74 0.00
0.00 9384.78
283.60 -38.96 -39.82 -53.75 336.08 217.04 89.32 0.00
0.00 9861.30
265.50 -42.56 -43.22 -57.61 337.08 222.03 92.83 0.20
0.00 10309.93
248.70 -44.66 -45.26 -61.32 340.22 224.11 97.67 0.30
0.00 10749.15
233.50 -45.76 -46.37 -66.97 344.65 224.35 108.66 0.30
0.00 11169.94
219.60 -47.66 -48.21 -72.27 347.77 228.39 120.80 0.30
0.00 11576.74
205.60 -50.46 -50.89 -72.72 349.98 232.29 122.28 0.20
0.00 12008.85
191.70 -53.46 -53.78 -73.19 352.24 234.75 116.78 0.00
0.00 12462.07
177.70 -56.16 -56.41 -73.70 355.53 237.78 106.76 -0.10
0.00 12946.75
163.80 -59.06 -59.24 -74.24 359.04 241.39 97.36 -0.30
0.00 13460.63
149.80 -62.26 -62.39 -74.84 362.82 244.06 87.49 -0.40
0.00 14016.35
135.90 -65.36 -65.45 -75.48 367.57 245.46 73.89 -0.40
0.00 14613.08
121.90 -68.86 -9999.00 -9999.00 -9999.00 244.16 61.52 -0.30
0.00 15268.77
107.90 -72.66 -9999.00 -9999.00 -9999.00 240.55 56.88 -0.10
0.00 15991.50
94.00 -73.26 -9999.00 -9999.00 -9999.00 236.69 56.25 0.00
0.00 16799.64
81.00 -67.76 -9999.00 -9999.00 -9999.00 239.69 49.28 0.10
0.00 17682.52
70.60 -60.56 -9999.00 -9999.00 -9999.00 255.29 32.13 0.00
0.00 18523.17
62.20 -60.66 -9999.00 -9999.00 -9999.00 236.50 16.53 0.00
0.00 19311.26
54.30 -63.16 -9999.00 -9999.00 -9999.00 208.91 14.86 0.00
0.00 20151.14
46.90 -60.96 -9999.00 -9999.00 -9999.00 207.15 17.04 0.00
0.00 21056.39
40.10 -57.06 -9999.00 -9999.00 -9999.00 183.95 11.29 0.00
0.00 22038.25
33.80 -54.76 -9999.00 -9999.00 -9999.00 95.53 6.04 0.00
0.00 23125.09
27.80 -55.56 -9999.00 -9999.00 -9999.00 72.20 16.53 0.00
0.00 24372.07
22.30 -53.06 -9999.00 -9999.00 -9999.00 97.13 17.23 0.00
0.00 25784.21
17.10 -49.16 -9999.00 -9999.00 -9999.00 101.09 10.10 0.00
0.00 27509.86
12.30 -47.26 -9999.00 -9999.00 -9999.00 342.41 8.35 0.00
0.00 29679.25

STID = KDAL STNM = 722583 TIME = 191021/1300 
SLAT = 32.84 SLON = -96.85 SELV = 138.0
STIM = 15

SHOW = 13.77 LIFT = 16.26 SWET = 112.54 KINX = -7.56
LCLP = 907.37 PWAT = 9.21 TOTL = 23.93 CAPE = 0.00
LCLT = 280.10 CINS = 0.00 EQLV = -9999.00 LFCT = -9999.00
BRCH = 0.00

PRES TMPC TMWC DWPC THTE DRCT SKNT OMEG
CFRL HGHT
994.00 14.34 11.00 8.29 307.78 337.38 7.58 0.00
0.00 149.04
991.00 14.54 10.63 7.35 307.13 340.85 14.80 -0.10
0.00 174.59
985.50 14.34 10.22 6.67 306.68 342.16 17.75 -0.20
0.00 221.62
976.10 14.14 9.41 5.10 305.68 348.16 24.61 -0.30
0.00 302.54
962.30 13.54 8.20 2.90 304.22 352.83 29.56 -0.40
0.00 422.54
944.50 12.84 6.06 -2.15 301.05 358.14 35.96 -0.50
0.00 579.42
923.40 13.54 4.45 -9.69 299.50 0.59 37.68 -0.50
0.00 769.10
900.20 13.94 4.41 -10.33 301.97 0.81 27.58 -0.40
0.00 983.04
875.10 13.74 4.52 -8.64 305.24 336.21 19.74 -0.20
0.00 1220.91
847.10 12.84 3.19 -12.38 305.53 309.74 22.47 0.00
0.00 1493.90
816.10 10.74 1.02 -18.44 304.52 301.83 19.89 0.20
0.00 1805.12
782.30 8.94 -0.95 -26.77 304.51 288.73 24.20 0.40
0.00 2155.68
745.50 7.84 -1.70 -25.13 307.92 272.09 37.32 0.50
0.00 2552.91
705.70 6.04 -1.65 -15.04 314.08 251.40 43.24 0.30
0.00 3003.04
663.00 1.04 -3.86 -11.70 316.10 246.50 38.97 0.00
0.00 3509.17
617.30 -2.16 -7.17 -17.23 316.49 243.23 49.16 -0.10
0.00 4079.73
569.20 -5.26 -11.02 -29.26 316.87 245.92 58.08 -0.30
0.00 4719.97
522.60 -8.96 -14.31 -37.58 319.12 237.72 65.48 -0.50
0.00 5385.31
480.60 -13.76 -17.95 -38.75 320.88 233.63 71.41 -0.50
0.00 6027.43
443.00 -17.96 -21.41 -42.74 322.82 234.23 77.10 -0.50
0.00 6641.06
409.20 -20.76 -23.94 -49.72 326.21 233.62 77.93 -0.30
0.00 7230.70
378.60 -24.36 -27.00 -53.44 328.66 233.27 77.31 -0.10
0.00 7800.85
351.00 -27.66 -29.89 -58.62 331.27 228.36 82.15 0.10
0.00 8348.44
326.20 -30.36 -32.22 -55.95 334.64 224.04 89.98 0.10
0.00 8872.11
303.80 -33.96 -35.38 -55.27 336.49 220.78 95.16 0.20
0.00 9373.97
283.70 -38.36 -39.35 -57.08 336.78 220.07 97.47 0.10
0.00 9848.84
265.50 -42.16 -42.88 -59.07 337.63 222.86 99.11 0.10
0.00 10300.84
248.70 -44.86 -45.44 -61.32 339.93 222.95 100.06 0.20
0.00 10740.25
233.50 -46.06 -46.65 -66.97 344.20 225.14 111.54 0.20
0.00 11160.57
219.60 -47.96 -48.47 -67.41 347.36 229.92 121.60 0.20
0.00 11566.84
205.60 -50.66 -51.08 -72.72 349.66 233.92 121.39 0.20
0.00 11998.47
191.70 -53.66 -53.97 -73.19 351.92 236.42 115.89 0.10
0.00 12451.28
177.70 -56.56 -56.79 -73.70 354.88 238.86 108.94 0.00
0.00 12935.29
163.80 -59.56 -59.73 -74.24 358.20 241.72 101.69 -0.10
0.00 13448.11
149.80 -62.56 -62.68 -74.84 362.30 244.46 91.92 -0.20
0.00 14002.78
135.90 -65.26 -65.35 -75.48 367.75 245.54 75.54 -0.20
0.00 14599.22
121.90 -68.86 -9999.00 -9999.00 -9999.00 241.66 61.79 -0.20
0.00 15255.07
107.90 -72.36 -9999.00 -9999.00 -9999.00 233.96 56.45 0.00
0.00 15978.34
94.00 -72.36 -9999.00 -9999.00 -9999.00 230.79 57.15 0.10
0.00 16788.89
81.00 -66.56 -9999.00 -9999.00 -9999.00 239.74 48.58 0.10
0.00 17676.35
70.60 -60.56 -9999.00 -9999.00 -9999.00 265.30 30.79 0.00
0.00 18519.42
62.20 -61.66 -9999.00 -9999.00 -9999.00 247.20 14.53 0.00
0.00 19305.66
54.30 -63.36 -9999.00 -9999.00 -9999.00 231.75 12.86 0.00
0.00 20143.15
46.90 -59.96 -9999.00 -9999.00 -9999.00 220.16 16.26 0.00
0.00 21050.12
40.10 -56.66 -9999.00 -9999.00 -9999.00 170.25 12.61 0.00
0.00 22035.18
33.80 -54.46 -9999.00 -9999.00 -9999.00 115.64 5.38 0.00
0.00 23123.77
27.80 -55.46 -9999.00 -9999.00 -9999.00 96.95 16.05 0.00
0.00 24371.90
22.30 -51.76 -9999.00 -9999.00 -9999.00 116.06 19.89 0.00
0.00 25788.56
17.10 -49.26 -9999.00 -9999.00 -9999.00 74.25 7.87 0.00
0.00 27518.87
12.30 -49.16 -9999.00 -9999.00 -9999.00 339.19 10.39 0.00
0.00 29678.62

STID = KDAL STNM = 722583 TIME = 191021/1400 
SLAT = 32.84 SLON = -96.85 SELV = 138.0
STIM = 16

SHOW = 14.45 LIFT = 16.59 SWET = 106.28 KINX = -12.16
LCLP = 897.98 PWAT = 8.53 TOTL = 21.46 CAPE = 0.00
LCLT = 279.10 CINS = 0.00 EQLV = -9999.00 LFCT = -9999.00
BRCH = 0.00

PRES TMPC TMWC DWPC THTE DRCT SKNT OMEG
CFRL HGHT
996.00 14.34 10.61 7.47 306.53 336.45 8.26 0.00
0.00 149.02
993.10 14.24 10.07 6.41 305.46 338.63 14.39 -0.10
0.00 173.65
987.60 13.94 9.62 5.72 304.93 339.68 16.78 -0.10
0.00 220.51
978.20 13.34 8.77 4.43 303.88 343.30 22.30 -0.30
0.00 301.07
964.30 12.64 7.60 2.41 302.58 347.07 26.90 -0.40
0.00 421.31
946.50 12.04 5.71 -2.04 300.08 352.19 34.30 -0.60
0.00 577.39
925.20 12.54 4.24 -8.27 298.95 353.85 38.09 -0.60
0.00 767.89
902.00 12.64 3.38 -12.41 299.53 355.60 32.93 -0.60
0.00 980.55
876.80 12.64 3.46 -11.19 302.64 349.03 19.39 -0.40
0.00 1217.84
848.70 12.24 2.44 -15.18 303.62 316.33 17.72 -0.10
0.00 1490.41
817.70 9.74 0.02 -22.99 302.14 316.37 17.17 0.20
0.00 1800.10
783.70 7.84 -1.61 -27.57 303.03 294.81 22.69 0.40
0.00 2150.72
746.80 7.74 -1.90 -27.28 307.26 269.11 37.49 0.30
0.00 2547.46
706.90 5.94 -2.02 -16.86 313.06 252.11 44.91 0.00
0.00 2997.74
664.00 1.44 -4.00 -13.19 315.58 241.87 44.50 -0.40
0.00 3505.62
618.20 -2.16 -7.38 -18.37 315.88 248.20 52.31 -0.60
0.00 4076.92
569.90 -5.86 -11.30 -28.22 316.25 248.16 59.01 -0.70
0.00 4718.23
523.20 -9.56 -14.57 -35.14 318.58 236.68 67.19 -0.70
0.00 5382.73
481.00 -14.26 -18.14 -35.99 320.51 234.48 74.22 -0.70
0.00 6025.95
443.40 -18.06 -21.41 -41.01 322.76 234.05 77.76 -0.50
0.00 6638.36
409.50 -21.56 -24.48 -46.73 325.27 234.03 77.04 -0.20
0.00 7228.23
378.70 -25.36 -27.78 -52.31 327.36 234.92 79.76 0.00
0.00 7799.76
351.10 -28.26 -30.36 -56.83 330.47 229.98 85.49 0.10
0.00 8345.44
326.30 -30.66 -32.52 -59.20 334.11 223.55 92.19 0.10
0.00 8867.98
303.80 -34.06 -35.46 -55.27 336.35 220.99 100.10 0.20
0.00 9371.58
283.70 -38.16 -39.15 -55.83 337.11 222.96 104.04 0.30
0.00 9846.56
265.60 -41.36 -42.15 -59.06 338.76 226.35 104.70 0.30
0.00 10296.96
248.70 -44.36 -44.98 -61.32 340.67 225.15 106.04 0.30
0.00 10740.14
233.50 -46.26 -46.84 -66.97 343.89 227.61 114.67 0.30
0.00 11160.75
219.60 -48.36 -48.84 -67.41 346.74 231.71 121.02 0.30
0.00 11566.48
205.60 -51.06 -51.46 -72.72 349.04 235.22 119.19 0.30
0.00 11997.33
191.70 -53.76 -54.07 -73.19 351.76 236.82 115.35 0.30
0.00 12449.63
177.70 -56.66 -56.89 -73.70 354.71 238.28 111.21 0.20
0.00 12933.42
163.80 -59.56 -59.73 -74.24 358.20 240.36 105.26 0.20
0.00 13446.11
149.80 -62.16 -62.29 -74.84 362.99 243.06 93.90 0.10
0.00 14001.31
135.90 -64.66 -64.76 -75.48 368.81 244.65 77.60 0.00
0.00 14599.18
121.90 -68.06 -9999.00 -9999.00 -9999.00 239.45 63.83 0.00
0.00 15257.26
107.90 -71.16 -9999.00 -9999.00 -9999.00 230.41 59.73 0.00
0.00 15984.10
94.00 -70.56 -9999.00 -9999.00 -9999.00 230.41 59.73 0.10
0.00 16800.71
81.00 -64.86 -9999.00 -9999.00 -9999.00 246.77 47.77 0.00
0.00 17695.79
70.60 -60.66 -9999.00 -9999.00 -9999.00 277.28 26.05 0.00
0.00 18542.08
62.20 -61.96 -9999.00 -9999.00 -9999.00 265.91 10.90 0.00
0.00 19327.57
54.30 -63.26 -9999.00 -9999.00 -9999.00 231.01 10.49 0.00
0.00 20164.67
46.90 -58.16 -9999.00 -9999.00 -9999.00 222.17 13.89 0.00
0.00 21075.71
40.10 -56.26 -9999.00 -9999.00 -9999.00 171.42 10.41 0.00
0.00 22065.82
33.80 -54.96 -9999.00 -9999.00 -9999.00 45.00 3.03 0.00
0.00 23154.15
27.80 -55.26 -9999.00 -9999.00 -9999.00 114.03 15.73 0.00
0.00 24401.42
22.30 -49.36 -9999.00 -9999.00 -9999.00 125.81 18.92 0.00
0.00 25826.47
17.10 -47.06 -9999.00 -9999.00 -9999.00 39.69 11.87 0.00
0.00 27574.66
12.30 -49.86 -9999.00 -9999.00 -9999.00 327.80 6.20 0.00
0.00 29741.64

STID = KDAL STNM = 722583 TIME = 191021/1500 
SLAT = 32.84 SLON = -96.85 SELV = 138.0
STIM = 17

SHOW = 14.72 LIFT = 16.63 SWET = 99.66 KINX = -11.23
LCLP = 882.43 PWAT = 8.71 TOTL = 21.97 CAPE = 0.00
LCLT = 278.22 CINS = 0.00 EQLV = -9999.00 LFCT = -9999.00
BRCH = 0.00

PRES TMPC TMWC DWPC THTE DRCT SKNT OMEG
CFRL HGHT
997.00 14.94 10.58 6.84 306.31 337.11 9.48 0.00
0.00 149.88
994.10 14.64 9.96 5.76 305.04 337.32 14.10 -0.10
0.00 174.52
988.60 14.24 9.44 5.00 304.36 338.44 16.92 -0.10
0.00 221.38
979.20 13.44 8.60 3.91 303.34 340.20 20.65 -0.20
0.00 301.90
965.30 12.44 7.54 2.48 302.32 342.59 24.03 -0.30
0.00 421.99
947.50 11.34 5.75 -0.84 300.14 348.26 30.56 -0.50
0.00 577.68
926.20 11.74 4.13 -6.98 298.69 349.91 32.17 -0.50
0.00 767.52
903.00 12.54 3.39 -12.10 299.45 351.03 29.90 -0.50
0.00 979.62
877.80 11.94 2.88 -12.45 301.25 345.26 19.08 -0.30
0.00 1216.31
849.60 11.34 2.21 -13.68 303.11 312.75 14.02 -0.10
0.00 1488.78
818.50 8.94 0.02 -18.84 302.21 314.05 16.49 0.20
0.00 1798.26
784.50 6.84 -1.92 -24.24 302.45 299.05 23.99 0.40
0.00 2147.47
747.50 6.84 -2.50 -28.73 305.97 270.29 38.46 0.30
0.00 2543.56
707.50 5.84 -2.00 -16.45 313.02 250.13 49.16 -0.10
0.00 2993.77
664.60 1.54 -4.02 -13.54 315.43 245.79 50.68 -0.40
0.00 3501.20
618.60 -2.76 -7.80 -18.69 314.99 253.05 54.62 -0.40
0.00 4074.01
570.30 -6.06 -11.45 -28.54 315.88 248.40 60.16 -0.40
0.00 4713.92
523.40 -9.96 -14.79 -34.35 318.16 243.22 68.55 -0.60
0.00 5380.16
481.30 -13.96 -18.09 -38.73 320.50 239.27 74.13 -0.60
0.00 6021.39
443.50 -18.16 -21.56 -42.73 322.46 240.09 75.97 -0.50
0.00 6637.01
409.60 -22.96 -25.51 -44.97 323.55 243.31 77.84 -0.20
0.00 7225.00
378.80 -26.56 -28.63 -47.43 325.98 238.76 82.01 0.10
0.00 7793.42
351.20 -28.66 -30.65 -54.06 329.99 231.46 85.43 0.20
0.00 8337.19
326.30 -30.56 -32.45 -61.44 334.21 224.84 96.15 0.10
0.00 8861.45
303.90 -34.06 -35.53 -59.76 336.19 221.56 103.07 0.00
0.00 9362.82
283.70 -38.26 -39.26 -57.08 336.93 222.47 105.87 0.00
0.00 9839.98
265.60 -41.36 -42.15 -59.06 338.76 225.88 106.88 0.10
0.00 10290.28
248.70 -43.86 -44.52 -61.32 341.42 228.05 110.99 0.10
0.00 10733.95
233.50 -46.46 -47.00 -63.98 343.64 229.40 116.41 0.20
0.00 11154.83
219.60 -48.86 -49.31 -67.41 345.97 232.30 120.07 0.20
0.00 11559.93
205.60 -51.16 -51.53 -67.89 348.93 235.10 119.85 0.20
0.00 11990.21
191.70 -53.46 -53.78 -73.19 352.24 236.57 117.07 0.20
0.00 12442.72
177.70 -56.16 -56.41 -73.70 355.53 237.66 112.20 0.20
0.00 12927.39
163.80 -58.76 -58.95 -74.24 359.54 239.91 104.62 0.20
0.00 13441.63
149.80 -61.06 -61.21 -74.84 364.88 243.76 93.12 0.20
0.00 13999.31
135.90 -63.56 -63.68 -75.48 370.75 246.80 78.40 0.10
0.00 14600.32
121.90 -66.86 -9999.00 -9999.00 -9999.00 242.45 65.95 0.00
0.00 15262.06
108.00 -69.66 -9999.00 -9999.00 -9999.00 231.66 60.43 0.00
0.00 15988.16
94.00 -70.66 -9999.00 -9999.00 -9999.00 229.84 60.24 0.00
0.00 16813.10
81.00 -66.16 -9999.00 -9999.00 -9999.00 249.68 48.68 0.00
0.00 17705.13
70.60 -62.36 -9999.00 -9999.00 -9999.00 285.34 22.77 0.00
0.00 18545.38
62.20 -62.66 -9999.00 -9999.00 -9999.00 256.43 5.79 0.00
0.00 19326.43
54.30 -62.66 -9999.00 -9999.00 -9999.00 211.48 11.17 0.00
0.00 20163.33
46.90 -57.56 -9999.00 -9999.00 -9999.00 223.23 13.33 0.00
0.00 21076.94
40.10 -56.46 -9999.00 -9999.00 -9999.00 191.31 5.94 0.00
0.00 22067.96
33.80 -54.96 -9999.00 -9999.00 -9999.00 36.12 8.90 0.00
0.00 23155.80
27.80 -55.06 -9999.00 -9999.00 -9999.00 118.25 14.78 0.00
0.00 24403.64
22.30 -49.56 -9999.00 -9999.00 -9999.00 134.49 15.52 0.00
0.00 25828.69
17.10 -47.46 -9999.00 -9999.00 -9999.00 64.29 11.64 0.00
0.00 27574.54
12.30 -48.96 -9999.00 -9999.00 -9999.00 274.40 2.53 0.00
0.00 29743.94

STID = KDAL STNM = 722583 TIME = 191021/1600 
SLAT = 32.84 SLON = -96.85 SELV = 138.0
STIM = 18

SHOW = 14.84 LIFT = 15.99 SWET = 106.20 KINX = -12.73
LCLP = 874.72 PWAT = 8.82 TOTL = 22.58 CAPE = 0.00
LCLT = 277.98 CINS = 0.00 EQLV = -9999.00 LFCT = -9999.00
BRCH = 0.00

PRES TMPC TMWC DWPC THTE DRCT SKNT OMEG
CFRL HGHT
997.30 15.44 10.74 6.73 306.68 337.99 9.85 0.00
0.00 149.05
994.30 15.04 10.07 5.62 305.30 339.08 14.14 -0.10
0.00 174.57
988.90 14.54 9.52 4.88 304.52 339.06 16.84 -0.10
0.00 220.63
979.40 13.64 8.77 4.10 303.73 340.11 19.42 -0.10
0.00 302.05
965.50 12.44 7.83 3.21 303.01 341.09 22.18 -0.10
0.00 422.17
947.70 11.04 6.55 1.77 302.01 343.30 26.36 -0.20
0.00 577.80
926.40 10.54 4.07 -4.81 298.66 345.59 28.88 -0.20
0.00 767.16
903.10 11.64 3.14 -10.89 299.00 346.24 29.39 -0.20
0.00 979.40
877.90 11.64 2.54 -13.60 300.48 335.77 21.31 -0.20
0.00 1215.56
849.70 10.44 1.91 -12.70 302.53 307.81 14.26 -0.10
0.00 1487.43
818.60 8.44 0.25 -15.19 302.83 299.20 15.13 0.10
0.00 1796.16
784.60 6.34 -2.12 -23.30 302.09 296.57 24.77 0.30
0.00 2144.75
747.60 6.04 -2.97 -28.96 305.04 271.52 36.54 0.30
0.00 2539.87
707.60 5.24 -2.72 -18.99 311.41 252.87 51.44 0.00
0.00 2988.85
664.60 1.34 -4.48 -15.14 314.41 250.80 54.91 -0.20
0.00 3496.61
618.70 -2.86 -8.19 -20.64 314.15 252.19 56.51 0.00
0.00 4067.73
570.40 -6.16 -11.61 -29.59 315.54 253.33 63.68 0.30
0.00 4707.24
523.50 -9.96 -14.81 -34.60 318.11 255.82 74.53 0.30
0.00 5373.21
481.30 -14.46 -18.43 -38.39 319.91 253.67 80.15 0.20
0.00 6015.30
443.60 -18.96 -22.12 -41.83 321.50 247.80 83.29 0.20
0.00 6627.67
409.60 -22.76 -25.36 -44.97 323.81 240.69 83.31 0.30
0.00 7216.63
378.90 -26.06 -28.27 -48.79 326.54 237.49 86.38 0.30
0.00 7783.93
351.20 -28.36 -30.40 -54.06 330.39 235.00 89.39 0.20
0.00 8330.48
326.30 -31.06 -32.85 -59.20 333.56 232.08 91.36 0.00
0.00 8854.52
303.90 -34.46 -35.87 -59.76 335.63 227.23 95.26 -0.10
0.00 9354.96
283.70 -38.16 -39.24 -62.52 336.94 224.92 100.68 -0.20
0.00 9831.81
265.60 -41.76 -42.56 -63.02 338.09 225.38 104.53 -0.20
0.00 10281.81
248.70 -44.86 -45.47 -63.51 339.88 227.05 107.75 -0.10
0.00 10724.13
233.50 -47.16 -47.66 -63.98 342.58 229.13 114.30 0.10
0.00 11143.44
219.60 -48.96 -49.41 -67.41 345.81 232.45 121.76 0.20
0.00 11547.83
205.60 -50.86 -51.24 -67.89 349.40 235.86 123.21 0.20
0.00 11978.29
191.70 -52.76 -53.11 -73.19 353.36 237.17 117.89 0.10
0.00 12431.83
177.70 -55.16 -55.44 -73.70 357.17 237.74 110.26 0.00
0.00 12918.39
163.80 -57.76 -57.98 -74.24 361.22 240.16 101.88 0.00
0.00 13435.02
149.80 -60.46 -60.62 -74.84 365.91 244.75 91.06 -0.10
0.00 13994.79
135.90 -63.36 -63.48 -75.48 371.11 247.43 78.46 -0.10
0.00 14596.93
121.90 -66.36 -9999.00 -9999.00 -9999.00 243.28 66.10 0.00
0.00 15259.78
107.90 -69.26 -9999.00 -9999.00 -9999.00 230.71 60.74 0.00
0.00 15993.05
94.00 -70.06 -9999.00 -9999.00 -9999.00 229.26 61.01 0.10
0.00 16814.50
81.00 -66.66 -9999.00 -9999.00 -9999.00 247.10 48.91 0.10
0.00 17706.76
70.60 -62.36 -9999.00 -9999.00 -9999.00 279.94 27.02 0.00
0.00 18546.00
62.20 -63.06 -9999.00 -9999.00 -9999.00 202.83 4.00 0.00
0.00 19326.31
54.30 -61.66 -9999.00 -9999.00 -9999.00 203.43 12.70 0.00
0.00 20164.40
46.90 -58.06 -9999.00 -9999.00 -9999.00 223.78 12.92 0.00
0.00 21079.08
40.10 -57.26 -9999.00 -9999.00 -9999.00 191.59 7.73 0.00
0.00 22067.13
33.80 -55.06 -9999.00 -9999.00 -9999.00 74.98 8.24 0.00
0.00 23152.71
27.80 -54.86 -9999.00 -9999.00 -9999.00 113.05 9.93 0.00
0.00 24400.84
22.30 -51.86 -9999.00 -9999.00 -9999.00 111.50 6.90 0.00
0.00 25819.11
17.10 -49.16 -9999.00 -9999.00 -9999.00 88.57 7.77 0.00
0.00 27549.43
12.30 -47.56 -9999.00 -9999.00 -9999.00 284.04 7.21 0.00
0.00 29717.37

STID = KDAL STNM = 722583 TIME = 191021/1700 
SLAT = 32.84 SLON = -96.85 SELV = 138.0
STIM = 19

SHOW = 14.99 LIFT = 15.29 SWET = 114.72 KINX = -15.45
LCLP = 867.06 PWAT = 8.71 TOTL = 22.65 CAPE = 0.00
LCLT = 277.96 CINS = 0.00 EQLV = -9999.00 LFCT = -9999.00
BRCH = 0.00

PRES TMPC TMWC DWPC THTE DRCT SKNT OMEG
CFRL HGHT
997.20 16.14 11.09 6.84 307.58 338.20 9.42 0.00
0.00 149.92
994.20 15.54 10.36 5.79 306.04 338.36 13.17 0.00
0.00 175.51
988.80 15.04 9.86 5.16 305.37 338.60 15.44 -0.10
0.00 221.65
979.30 14.14 9.15 4.47 304.66 338.78 17.72 -0.10
0.00 303.23
965.50 12.94 8.27 3.73 304.06 339.44 19.91 -0.10
0.00 422.71
947.60 11.44 7.11 2.69 303.32 340.14 22.30 -0.20
0.00 579.49
926.30 10.04 4.84 -1.47 300.46 341.70 25.99 -0.20
5.00 768.90
903.00 11.34 3.20 -9.78 299.19 342.22 26.73 -0.20
0.00 980.93
877.80 11.54 2.54 -13.28 300.50 329.82 22.03 -0.10
0.00 1216.97
849.60 10.14 1.85 -12.13 302.46 300.30 17.33 0.00
0.00 1488.69
818.50 8.04 0.13 -14.61 302.62 292.52 17.25 0.10
0.00 1797.09
784.50 6.14 -2.22 -23.15 301.91 290.50 23.85 0.20
0.00 2145.35
747.50 4.64 -3.72 -28.08 303.66 276.61 32.07 0.20
0.00 2539.41
707.50 4.34 -3.67 -22.53 309.39 259.86 48.54 0.10
0.00 2986.55
664.60 1.44 -5.14 -19.06 312.94 250.49 55.85 0.00
0.00 3492.31
618.70 -2.56 -8.52 -24.42 313.39 253.89 57.42 0.00
0.00 4063.71
570.30 -6.06 -11.60 -30.16 315.57 260.65 63.38 0.20
0.00 4705.00
523.50 -9.86 -14.62 -32.92 318.48 259.84 75.97 0.40
0.00 5369.87
481.30 -14.36 -18.21 -35.98 320.33 254.90 83.49 0.50
0.00 6012.23
443.50 -19.06 -22.31 -44.79 321.17 255.54 82.44 0.60
0.00 6626.30
409.60 -22.76 -25.52 -50.63 323.50 257.60 84.13 0.60
0.00 7213.45
378.80 -26.36 -28.60 -52.31 326.01 249.98 84.56 0.40
0.00 7782.31
351.20 -29.06 -30.97 -52.94 329.49 239.08 92.62 0.30
0.00 8325.85
326.30 -31.76 -33.43 -57.42 332.64 237.67 97.71 0.20
0.00 8848.39
303.90 -34.76 -36.16 -61.99 335.16 234.94 94.68 0.00
0.00 9347.79
283.70 -37.86 -39.00 -65.55 337.33 227.83 91.72 -0.10
0.00 9824.63
265.60 -41.86 -42.65 -63.02 337.94 222.71 96.23 0.00
0.00 10274.83
248.70 -45.16 -45.75 -63.51 339.44 223.88 105.09 0.20
0.00 10716.76
233.50 -47.36 -47.84 -63.98 342.27 227.81 114.82 0.30
0.00 11135.61
219.60 -48.96 -49.41 -67.41 345.81 233.13 123.35 0.40
0.00 11539.81
205.60 -50.56 -50.98 -72.72 349.82 237.18 124.36 0.40
0.00 11970.57
191.70 -52.36 -52.73 -73.19 354.00 238.50 117.09 0.30
0.00 12424.82
177.70 -54.66 -54.96 -73.70 357.99 239.23 108.97 0.10
0.00 12912.38
163.80 -57.36 -57.59 -74.24 361.89 241.75 100.54 0.00
0.00 13430.08
149.80 -60.56 -60.72 -74.84 365.74 244.98 90.03 -0.10
0.00 13990.25
135.90 -63.66 -63.77 -75.48 370.58 245.98 78.26 -0.10
0.00 14591.82
121.90 -65.96 -9999.00 -9999.00 -9999.00 241.27 66.69 0.00
0.00 15254.83
107.90 -68.36 -9999.00 -9999.00 -9999.00 228.71 61.52 0.00
0.00 15990.42
94.00 -69.56 -9999.00 -9999.00 -9999.00 231.86 59.77 0.10
0.00 16814.70
81.00 -66.76 -9999.00 -9999.00 -9999.00 251.57 47.30 0.00
0.00 17707.83
70.60 -63.26 -9999.00 -9999.00 -9999.00 273.29 27.04 0.00
0.00 18545.06
62.20 -63.26 -9999.00 -9999.00 -9999.00 174.99 11.11 0.00
0.00 19323.32
54.30 -59.86 -9999.00 -9999.00 -9999.00 211.40 17.52 0.00
0.00 20164.59
46.90 -56.96 -9999.00 -9999.00 -9999.00 231.48 12.16 0.00
0.00 21085.50
40.10 -56.86 -9999.00 -9999.00 -9999.00 249.78 3.92 0.00
0.00 22076.98
33.80 -57.36 -9999.00 -9999.00 -9999.00 63.43 3.90 0.00
0.00 23157.82
27.80 -55.06 -9999.00 -9999.00 -9999.00 120.76 9.50 0.00
0.00 24398.79
22.30 -51.16 -9999.00 -9999.00 -9999.00 98.13 9.62 0.00
0.00 25818.68
17.10 -49.36 -9999.00 -9999.00 -9999.00 90.00 7.77 0.00
0.00 27550.93
12.30 -47.76 -9999.00 -9999.00 -9999.00 287.10 5.28 0.00
0.00 29716.95

STID = KDAL STNM = 722583 TIME = 191021/1800 
SLAT = 32.84 SLON = -96.85 SELV = 138.0
STIM = 20

SHOW = 16.00 LIFT = 15.00 SWET = 115.28 KINX = -17.80
LCLP = 860.62 PWAT = 8.76 TOTL = 20.35 CAPE = 0.00
LCLT = 278.04 CINS = 0.00 EQLV = -9999.00 LFCT = -9999.00
BRCH = 0.00

PRES TMPC TMWC DWPC THTE DRCT SKNT OMEG
CFRL HGHT
997.20 16.84 11.47 7.03 308.57 332.35 9.21 0.00
0.00 149.10
994.20 16.24 10.73 5.94 306.96 332.65 12.68 0.00
0.00 174.75
988.70 15.64 10.18 5.28 306.16 333.09 14.59 0.00
0.00 221.85
979.30 14.84 9.53 4.63 305.59 333.73 16.69 -0.10
0.00 302.77
965.40 13.54 8.62 3.92 304.92 333.97 18.59 -0.10
0.00 423.39
947.50 12.04 7.49 2.94 304.22 334.65 20.42 -0.10
0.00 580.53
926.20 10.54 5.39 -0.58 301.71 335.60 23.04 -0.10
0.00 770.35
902.90 11.44 3.37 -9.23 299.57 335.94 23.83 -0.10
0.00 982.65
877.70 11.24 2.38 -13.28 300.19 324.96 20.65 0.00
0.00 1218.63
849.60 9.64 1.38 -13.30 301.44 302.70 18.71 0.20
0.00 1489.01
818.50 7.84 -0.13 -15.53 302.07 290.30 20.71 0.30
0.00 1797.00
784.40 5.94 -2.28 -22.57 301.83 289.25 25.93 0.30
0.00 2146.06
747.40 4.04 -3.97 -26.69 303.24 282.63 34.63 0.40
0.00 2539.61
707.40 3.24 -4.37 -23.19 308.01 265.77 44.79 0.40
0.00 2985.45
664.50 1.54 -5.64 -23.24 311.81 256.31 54.18 0.30
0.00 3490.30
618.70 -1.96 -8.38 -26.54 313.58 257.40 54.33 0.20
0.00 4061.13
570.30 -5.86 -11.41 -29.41 315.95 260.28 63.27 0.20
0.00 4703.36
523.50 -9.26 -14.12 -31.65 319.41 256.25 75.99 0.30
0.00 5369.25
481.30 -14.26 -17.98 -33.78 320.77 257.43 79.41 0.50
0.00 6012.50
443.50 -18.06 -21.13 -36.27 323.29 262.03 88.27 0.60
0.00 6627.95
409.60 -22.76 -25.18 -41.00 324.15 260.80 89.94 0.60
0.00 7216.33
378.80 -27.36 -29.31 -48.09 324.88 255.28 86.36 0.60
0.00 7784.08
351.20 -30.36 -32.08 -54.06 327.69 246.72 89.45 0.40
0.00 8325.09
326.30 -32.76 -34.28 -57.42 331.26 240.05 94.15 0.10
0.00 8845.15
303.90 -35.46 -36.77 -61.99 334.18 236.34 94.29 0.00
0.00 9342.78
283.70 -37.96 -39.09 -65.55 337.18 228.07 92.44 0.00
0.00 9818.82
265.60 -41.86 -42.67 -66.03 337.90 219.78 99.59 0.10
0.00 10268.92
248.70 -44.96 -45.56 -63.51 339.73 223.24 111.71 0.20
0.00 10711.04
233.50 -46.86 -47.37 -63.98 343.03 230.33 119.87 0.30
0.00 11130.53
219.60 -48.86 -49.31 -67.41 345.97 235.72 124.84 0.30
0.00 11535.28
205.60 -50.36 -50.79 -72.72 350.14 238.20 122.75 0.30
0.00 11966.32
191.70 -52.06 -52.44 -73.19 354.48 239.32 116.10 0.20
0.00 12421.09
177.70 -54.46 -54.77 -73.70 358.32 240.45 108.29 0.10
0.00 12909.20
163.80 -57.36 -57.59 -74.24 361.89 241.74 99.69 -0.10
0.00 13427.14
149.80 -60.46 -60.62 -74.84 365.91 243.04 89.14 -0.10
0.00 13987.44
135.90 -63.46 -63.58 -75.48 370.93 243.18 77.49 -0.10
0.00 14589.44
121.90 -65.56 -9999.00 -9999.00 -9999.00 240.58 68.03 0.00
0.00 15253.40
107.90 -67.96 -9999.00 -9999.00 -9999.00 228.88 62.92 0.00
0.00 15990.42
94.00 -69.96 -9999.00 -9999.00 -9999.00 233.97 60.76 0.00
0.00 16814.70
81.00 -66.66 -9999.00 -9999.00 -9999.00 254.83 45.28 0.00
0.00 17707.17
70.60 -63.06 -9999.00 -9999.00 -9999.00 277.37 22.73 0.00
0.00 18545.01
62.20 -63.86 -9999.00 -9999.00 -9999.00 172.78 13.91 0.00
0.00 19322.53
54.30 -59.66 -9999.00 -9999.00 -9999.00 218.16 20.75 0.00
0.00 20163.00
46.90 -56.36 -9999.00 -9999.00 -9999.00 243.00 11.56 0.00
0.00 21085.62
40.10 -56.26 -9999.00 -9999.00 -9999.00 326.69 8.14 0.00
0.00 22079.86
33.80 -56.96 -9999.00 -9999.00 -9999.00 38.66 4.97 0.00
0.00 23163.20
27.80 -53.46 -9999.00 -9999.00 -9999.00 120.47 11.50 0.00
0.00 24409.89
22.30 -51.16 -9999.00 -9999.00 -9999.00 89.01 11.27 0.00
0.00 25834.94
17.10 -48.56 -9999.00 -9999.00 -9999.00 101.94 10.33 0.00
0.00 27570.30
12.30 -46.36 -9999.00 -9999.00 -9999.00 323.75 3.61 0.00
0.00 29746.93

STID = KDAL STNM = 722583 TIME = 191021/1900 
SLAT = 32.84 SLON = -96.85 SELV = 138.0
STIM = 21

SHOW = 16.76 LIFT = 15.04 SWET = 126.68 KINX = -18.18
LCLP = 854.47 PWAT = 9.01 TOTL = 18.77 CAPE = 0.00
LCLT = 278.07 CINS = 0.00 EQLV = -9999.00 LFCT = -9999.00
BRCH = 0.00

PRES TMPC TMWC DWPC THTE DRCT SKNT OMEG
CFRL HGHT
996.90 17.44 11.78 7.16 309.41 326.31 8.41 0.00
0.00 149.98
993.90 16.94 11.09 6.08 307.91 325.75 11.05 0.00
0.00 175.69
988.50 16.34 10.56 5.48 307.15 325.58 12.72 0.00
0.00 222.07
979.00 15.44 9.89 4.86 306.51 326.09 14.28 0.00
0.00 304.05
965.20 14.24 9.06 4.21 306.00 326.50 15.83 0.00
0.00 424.12
947.30 12.74 7.96 3.30 305.36 326.84 17.40 0.00
0.00 581.68
926.00 11.34 5.66 -0.93 302.31 326.75 20.90 0.00
0.00 772.05
902.80 11.64 3.46 -9.29 299.76 326.45 21.45 0.00
0.00 983.83
877.50 11.04 2.23 -13.52 299.91 319.51 20.94 0.00
0.00 1220.80
849.40 9.44 1.22 -13.61 301.13 295.50 23.47 0.00
0.00 1491.03
818.30 7.44 -0.32 -15.36 301.72 288.57 26.22 0.10
0.00 1798.77
784.20 5.54 -2.40 -21.49 301.68 288.18 28.01 0.20
0.00 2147.43
747.30 3.54 -4.08 -24.46 303.12 280.01 33.53 0.30
0.00 2539.38
707.30 2.24 -4.99 -23.46 306.84 273.90 45.75 0.30
0.00 2984.09
664.40 1.24 -5.82 -23.24 311.48 261.66 52.21 0.20
0.00 3487.82
618.60 -2.16 -8.44 -25.94 313.50 257.47 53.73 0.20
0.00 4058.22
570.20 -5.56 -11.18 -29.06 316.39 257.10 64.37 0.10
0.00 4700.69
523.40 -9.06 -13.87 -30.32 319.92 252.82 75.64 0.00
0.00 5367.35
481.20 -13.46 -17.29 -32.32 322.03 250.30 83.57 0.00
0.00 6011.99
443.50 -17.66 -20.78 -35.53 323.90 251.92 89.51 0.00
0.00 6627.32
409.60 -22.56 -24.94 -39.62 324.55 257.02 89.10 0.20
0.00 7216.42
378.80 -27.46 -29.23 -43.74 325.06 260.76 90.73 0.30
0.00 7784.30
351.20 -31.76 -33.14 -48.76 326.04 255.93 92.72 0.40
0.00 8323.67
326.30 -34.56 -35.83 -55.94 328.82 251.21 98.89 0.40
0.00 8840.30
303.90 -35.06 -36.42 -61.99 334.74 244.73 96.02 0.40
0.00 9336.47
283.70 -37.16 -38.37 -65.55 338.33 225.73 96.56 0.30
0.00 9813.72
265.60 -41.46 -42.29 -63.02 338.53 221.46 108.86 0.20
0.00 10264.98
248.70 -44.66 -45.28 -63.51 340.18 227.61 117.56 0.30
0.00 10707.77
233.50 -46.96 -47.49 -66.97 342.83 235.78 121.23 0.30
0.00 11127.45
219.60 -48.96 -49.41 -67.41 345.81 238.43 122.44 0.30
0.00 11532.01
205.60 -50.16 -50.60 -72.72 350.45 239.08 122.49 0.30
0.00 11963.16
191.70 -51.96 -52.34 -73.19 354.64 241.42 118.57 0.20
0.00 12418.23
177.70 -54.46 -54.77 -73.70 358.32 243.39 109.71 0.10
0.00 12906.45
163.80 -57.06 -57.30 -74.24 362.39 243.89 98.43 -0.10
0.00 13424.75
149.80 -59.96 -60.14 -74.84 366.77 243.32 85.22 -0.30
0.00 13986.09
135.90 -63.56 -9999.00 -9999.00 -9999.00 241.85 75.35 -0.20
0.00 14588.66
121.90 -66.06 -9999.00 -9999.00 -9999.00 240.28 69.35 0.00
0.00 15251.67
107.90 -67.66 -9999.00 -9999.00 -9999.00 230.83 64.90 0.00
0.00 15988.33
94.00 -69.96 -9999.00 -9999.00 -9999.00 233.97 63.40 0.10
0.00 16813.21
81.00 -66.06 -9999.00 -9999.00 -9999.00 259.40 43.28 0.00
0.00 17706.99
70.60 -62.66 -9999.00 -9999.00 -9999.00 270.00 16.51 0.00
0.00 18546.84
62.20 -63.06 -9999.00 -9999.00 -9999.00 178.90 20.20 0.00
0.00 19326.59
54.30 -58.76 -9999.00 -9999.00 -9999.00 227.79 22.55 0.00
0.00 20170.44
46.90 -55.96 -9999.00 -9999.00 -9999.00 269.09 12.24 0.00
0.00 21095.85
40.10 -56.66 -9999.00 -9999.00 -9999.00 336.95 9.93 0.00
0.00 22090.09
33.80 -56.06 -9999.00 -9999.00 -9999.00 74.93 5.23 0.00
0.00 23174.67
27.80 -52.26 -9999.00 -9999.00 -9999.00 105.35 10.28 0.00
0.00 24427.37
22.30 -51.16 -9999.00 -9999.00 -9999.00 60.64 10.70 0.00
0.00 25856.29
17.10 -49.06 -9999.00 -9999.00 -9999.00 117.95 10.78 0.00
0.00 27589.72
12.30 -46.26 -9999.00 -9999.00 -9999.00 323.13 3.88 0.00
0.00 29764.41
STN YYMMDD/HHMM PMSL PRES SKTC STC1 SNFL WTNS
P01M C01M STC2 LCLD MCLD HCLD
SNRA UWND VWND R01M BFGR T2MS
Q2MS WXTS WXTP WXTZ WXTR USTM
VSTM HLCY SLLH WSYM CDBP VSBK
TD2M
722583 191020/2200 1004.00 988.20 31.64 304.80 -9999.00 0.00
-9999.00 -9999.00 304.60 22.00 0.00 0.00
-9999.00 -1.20 6.30 -9999.00 -9999.00 29.34
15.88 0.00 0.00 0.00 0.00 12.80
6.40 187.90 -9999.00 999.00 -9999.00 20.00
20.76
722583 191020/2300 1003.40 987.60 29.24 302.40 0.00 100.00
0.00 0.00 302.60 51.00 0.00 0.00
-9999.00 -1.40 5.30 -9999.00 -9999.00 28.64
15.84 0.00 0.00 0.00 0.00 13.20
5.80 204.10 -9999.00 999.00 -9999.00 20.00
20.71
722583 191021/0000 1002.40 986.60 27.14 300.30 0.00 100.00
0.00 0.00 300.50 25.00 0.00 0.00
-9999.00 -2.00 4.60 -9999.00 -9999.00 27.74
15.92 0.00 0.00 0.00 0.00 12.80
5.50 276.20 -9999.00 999.00 -9999.00 20.00
20.78
722583 191021/0100 1003.10 987.20 26.04 299.20 0.00 100.00
0.00 0.00 299.40 0.00 0.00 0.00
-9999.00 -2.40 4.30 -9999.00 -9999.00 26.74
16.18 0.00 0.00 0.00 0.00 11.00
6.40 365.40 -9999.00 999.00 -9999.00 20.00
21.04
722583 191021/0200 1003.00 987.10 25.84 299.00 0.00 100.00
0.00 0.00 299.10 0.00 0.00 0.00
-9999.00 -2.70 4.90 -9999.00 -9999.00 26.74
16.13 0.00 0.00 0.00 0.00 10.40
6.90 447.80 -9999.00 999.00 -9999.00 20.00
20.99
722583 191021/0300 1002.40 986.60 26.04 299.20 0.00 100.00
0.00 0.00 299.20 0.00 0.00 0.00
-9999.00 -2.80 5.80 -9999.00 -9999.00 26.84
15.93 0.00 0.00 0.00 0.00 11.50
7.00 575.40 -9999.00 999.00 -9999.00 20.00
20.79
722583 191021/0400 1002.10 986.30 26.04 299.20 0.00 100.00
0.00 0.00 299.20 3.00 0.00 0.00
-9999.00 -1.10 8.10 -9999.00 -9999.00 26.74
16.80 0.00 0.00 0.00 0.00 13.80
7.70 671.60 -9999.00 999.00 -9999.00 20.00
21.62
722583 191021/0500 1001.80 985.90 25.44 298.60 0.00 100.00
0.00 0.00 298.70 2.00 19.00 0.00
-9999.00 0.10 8.10 -9999.00 -9999.00 25.94
17.73 0.00 0.00 0.00 0.00 16.70
7.40 782.40 -9999.00 999.00 -9999.00 0.20
22.48
722583 191021/0600 1002.20 986.40 24.54 297.70 0.00 100.00
2.23 2.22 298.00 47.00 0.00 0.00
-9999.00 3.30 6.20 -9999.00 -9999.00 25.04
18.35 0.00 0.00 0.00 1.00 19.40
9.00 499.70 -9999.00 60.00 935.90 0.00
23.04
722583 191021/0700 1005.10 989.10 23.64 296.80 0.00 100.00
25.79 13.71 297.10 100.00 100.00 0.00
-9999.00 5.60 2.50 -9999.00 -9999.00 22.94
17.65 0.00 0.00 0.00 1.00 24.60
8.40 -106.90 -9999.00 60.00 970.00 0.00
22.46
722583 191021/0800 1005.00 989.00 22.94 296.10 0.00 100.00
6.72 2.06 296.40 100.00 100.00 0.00
-9999.00 5.70 3.50 -9999.00 -9999.00 23.44
16.46 0.00 0.00 0.00 1.00 23.10
3.40 -163.00 -9999.00 60.00 659.00 0.00
21.34
722583 191021/0900 1005.70 989.60 20.04 293.20 0.00 100.00
0.00 0.00 294.20 49.00 100.00 0.00
-9999.00 3.10 -5.40 -9999.00 -9999.00 21.24
12.16 0.00 0.00 0.00 0.00 21.30
-0.30 -274.70 -9999.00 999.00 -9999.00 0.03
16.61
722583 191021/1000 1007.20 991.00 16.74 289.90 0.00 100.00
0.00 0.00 291.00 0.00 53.00 0.00
-9999.00 1.40 -3.60 -9999.00 -9999.00 18.34
9.33 0.00 0.00 0.00 0.00 20.50
-2.10 -180.40 -9999.00 999.00 -9999.00 20.00
12.60
722583 191021/1100 1009.20 992.90 15.14 288.30 0.00 100.00
0.00 0.00 289.40 0.00 0.00 0.00
-9999.00 2.40 -4.90 -9999.00 -9999.00 16.74
8.36 0.00 0.00 0.00 0.00 20.80
-2.50 -121.70 -9999.00 999.00 -9999.00 20.00
10.99
722583 191021/1200 1010.70 994.40 13.54 286.70 0.00 100.00
0.00 0.00 287.80 0.00 0.00 0.00
-9999.00 1.50 -4.60 -9999.00 -9999.00 15.14
7.58 0.00 0.00 0.00 0.00 21.00
-2.90 -265.60 -9999.00 999.00 -9999.00 20.00
9.57
722583 191021/1300 1011.70 995.30 12.54 285.70 0.00 100.00
0.00 0.00 286.70 0.00 0.00 0.00
-9999.00 1.50 -4.10 -9999.00 -9999.00 13.94
7.21 0.00 0.00 0.00 0.00 21.70
-2.70 -323.00 -9999.00 999.00 -9999.00 20.00
8.85
722583 191021/1400 1013.70 997.30 13.84 287.00 0.00 100.00
0.00 0.00 287.40 0.00 0.00 0.00
-9999.00 1.60 -4.30 -9999.00 -9999.00 14.24
6.94 0.00 0.00 0.00 0.00 22.10
-2.70 -316.70 -9999.00 999.00 -9999.00 20.00
8.32
722583 191021/1500 1014.80 998.40 15.44 288.60 0.00 100.00
0.00 0.00 288.80 0.00 0.00 0.00
-9999.00 2.00 -4.80 -9999.00 -9999.00 14.94
6.79 0.00 0.00 0.00 0.00 22.90
-3.20 -351.10 -9999.00 999.00 -9999.00 20.00
8.02
722583 191021/1600 1015.00 998.60 16.84 290.00 0.00 100.00
0.00 0.00 290.00 0.00 0.00 0.00
-9999.00 2.00 -5.00 -9999.00 -9999.00 15.54
6.82 0.00 0.00 0.00 0.00 23.20
-5.60 -335.00 -9999.00 999.00 -9999.00 20.00
8.08
722583 191021/1700 1015.00 998.60 18.74 291.90 0.00 100.00
0.00 0.00 291.60 5.00 0.00 0.00
-9999.00 2.00 -4.80 -9999.00 -9999.00 16.44
6.86 0.00 0.00 0.00 0.00 23.30
-6.40 -309.40 -9999.00 999.00 -9999.00 20.00
8.17
722583 191021/1800 1014.80 998.50 19.84 293.00 0.00 100.00
0.00 0.00 292.70 0.00 0.00 0.00
-9999.00 2.40 -4.40 -9999.00 -9999.00 17.24
6.98 0.00 0.00 0.00 0.00 23.00
-7.00 -277.40 -9999.00 999.00 -9999.00 20.00
8.42
722583 191021/1900 1014.60 998.30 20.44 293.60 0.00 100.00
0.00 0.00 293.40 0.00 0.00 0.00
-9999.00 2.70 -3.60 -9999.00 -9999.00 17.84
7.09 0.00 0.00 0.00 0.00 24.10
-6.00 -226.20 -9999.00 999.00 -9999.00 20.00
8.65


