
SNPARM = PRES;TMPC;TMWC;DWPC;THTE;DRCT;SKNT;OMEG;CFRL;HGHT 
STNPRM = SHOW;LIFT;SWET;KINX;LCLP;PWAT;TOTL;CAPE;LCLT;CINS;EQLV;LFCT;BRCH 

STID = KDAL STNM = 722583 TIME = 191020/1800 
SLAT = 32.84 SLON = -96.85 SELV = 138.0
STIM = 0

SHOW = 5.76 LIFT = 2.51 SWET = 172.57 KINX = 18.06
LCLP = 844.05 PWAT = 21.85 TOTL = 40.26 CAPE = 0.00
LCLT = 286.37 CINS = 0.00 EQLV = -9999.00 LFCT = -9999.00
BRCH = 0.00

PRES TMPC TMWC DWPC THTE DRCT SKNT OMEG
CFRL HGHT
990.80 26.64 19.41 15.71 334.49 152.70 6.78 0.00
0.00 148.69
987.80 25.94 18.95 15.30 333.21 155.22 8.35 0.00
0.00 175.46
982.40 25.24 18.29 14.53 331.53 155.14 8.78 0.00
0.00 223.71
972.90 24.44 17.33 13.29 329.42 157.75 9.23 -0.10
0.00 308.99
959.10 23.34 16.25 12.00 327.57 161.20 9.63 -0.20
0.00 433.92
941.30 21.54 15.10 11.08 326.20 165.43 10.04 -0.30
0.00 596.90
920.10 19.74 14.23 10.74 326.32 190.44 15.02 -0.20
9.00 793.84
897.10 19.44 11.67 5.73 321.38 202.20 20.55 0.00
1.00 1011.77
872.00 19.04 9.58 0.98 318.54 206.35 23.19 0.20
0.00 1255.46
844.10 17.84 8.97 1.02 320.72 214.20 24.18 0.20
0.00 1533.83
813.30 16.34 7.74 -0.28 321.67 225.31 25.68 0.20
0.00 1850.53
779.50 13.84 4.94 -5.10 318.99 227.86 27.51 0.10
0.00 2209.54
742.90 9.84 3.65 -2.84 321.38 227.59 27.37 0.00
0.00 2611.63
703.30 5.64 0.55 -5.55 319.84 232.19 28.52 -0.10
0.00 3063.09
660.80 4.74 -2.01 -12.23 320.41 230.36 33.80 -0.10
0.00 3571.84
615.50 1.84 -4.87 -17.12 321.51 226.96 40.13 -0.10
0.00 4147.17
567.70 -3.16 -8.62 -20.45 322.06 228.58 44.04 -0.10
0.00 4792.56
521.40 -8.06 -12.71 -25.69 322.59 229.20 48.76 -0.10
0.00 5459.26
479.70 -13.06 -16.80 -30.06 323.27 230.25 52.54 -0.10
0.00 6100.28
442.30 -17.96 -20.87 -33.99 324.02 232.38 53.46 -0.20
0.00 6712.65
408.70 -22.26 -24.42 -35.65 325.69 236.53 55.65 -0.20
0.00 7298.01
378.10 -26.06 -27.61 -36.65 327.94 239.13 60.20 -0.20
0.00 7865.36
350.70 -30.16 -31.31 -39.63 329.17 237.65 64.61 -0.20
0.00 8405.07
325.90 -32.46 -33.90 -50.87 332.04 232.54 78.55 -0.20
0.00 8924.32
303.60 -33.86 -35.33 -58.00 336.61 229.57 93.14 -0.20
0.00 9422.26
283.60 -36.36 -37.58 -57.08 339.69 229.53 99.07 -0.20
0.00 9897.11
265.50 -39.76 -40.70 -59.07 341.13 230.87 100.66 -0.20
0.00 10350.95
248.70 -43.36 -44.06 -61.32 342.16 232.54 101.55 -0.20
0.00 10794.09
233.50 -46.46 -46.98 -61.80 343.68 234.21 102.97 -0.20
0.00 11215.43
219.50 -48.66 -49.10 -64.45 346.37 235.38 105.98 -0.20
0.00 11623.72
205.60 -50.96 -51.34 -67.89 349.24 235.92 110.94 -0.10
0.00 12051.41
191.70 -54.26 -54.55 -73.19 350.96 236.12 114.65 -0.10
0.00 12503.31
177.70 -58.06 -58.25 -73.70 352.42 236.34 113.19 0.00
0.00 12984.98
163.80 -61.66 -61.78 -74.24 354.68 237.34 107.98 0.00
0.00 13493.50
149.80 -64.46 -64.55 -74.84 359.03 239.86 101.75 0.00
0.00 14042.95
135.90 -66.56 -9999.00 -9999.00 -9999.00 241.12 88.07 0.10
0.00 14634.83
121.90 -68.66 -9999.00 -9999.00 -9999.00 239.73 73.99 0.10
0.00 15288.92
108.00 -70.56 -9999.00 -9999.00 -9999.00 236.01 62.55 0.10
0.00 16010.25
94.00 -70.36 -9999.00 -9999.00 -9999.00 227.44 51.69 0.10
0.00 16833.96
81.00 -68.86 -9999.00 -9999.00 -9999.00 217.58 43.63 0.10
0.00 17720.77
70.60 -64.46 -9999.00 -9999.00 -9999.00 215.66 32.98 0.00
0.00 18551.37
62.20 -62.66 -9999.00 -9999.00 -9999.00 223.05 24.18 0.00
0.00 19328.52
54.30 -59.76 -9999.00 -9999.00 -9999.00 226.74 13.60 0.00
0.00 20171.18
46.90 -58.76 -9999.00 -9999.00 -9999.00 201.10 11.87 0.00
0.00 21088.44
40.10 -56.26 -9999.00 -9999.00 -9999.00 162.76 5.91 0.00
0.00 22077.17
33.80 -55.46 -9999.00 -9999.00 -9999.00 141.91 9.13 0.00
0.00 23164.26
27.80 -52.56 -9999.00 -9999.00 -9999.00 128.29 9.40 0.00
0.00 24417.82
22.30 -51.06 -9999.00 -9999.00 -9999.00 107.24 11.79 0.00
0.00 25846.09
17.10 -47.36 -9999.00 -9999.00 -9999.00 117.05 10.26 0.00
0.00 27586.51
12.30 -46.36 -9999.00 -9999.00 -9999.00 225.00 5.23 0.00
0.00 29768.92

STID = KDAL STNM = 722583 TIME = 191020/1900 
SLAT = 32.84 SLON = -96.85 SELV = 138.0
STIM = 1

SHOW = 4.69 LIFT = 1.31 SWET = 175.84 KINX = 18.57
LCLP = 788.41 PWAT = 23.28 TOTL = 41.99 CAPE = 0.00
LCLT = 282.71 CINS = 0.00 EQLV = -9999.00 LFCT = -9999.00
BRCH = 0.00

PRES TMPC TMWC DWPC THTE DRCT SKNT OMEG
CFRL HGHT
989.70 28.54 18.59 13.01 331.39 164.62 8.06 0.00
0.00 147.87
986.60 27.74 18.23 12.84 330.57 165.43 10.04 0.00
0.00 175.69
981.20 27.04 17.92 12.71 330.22 166.70 10.98 0.00
0.00 224.25
971.80 26.14 17.49 12.51 330.03 167.77 11.93 -0.10
0.00 309.19
958.00 24.84 16.88 12.25 329.86 169.38 12.65 -0.20
0.00 434.93
940.30 23.14 16.06 11.87 329.54 171.75 13.54 -0.30
0.00 598.05
919.10 21.34 15.05 11.23 329.15 176.33 15.19 -0.20
0.00 796.32
896.00 19.64 13.62 9.74 327.72 192.14 18.47 -0.10
3.00 1016.28
871.00 18.94 11.01 4.85 322.99 208.19 21.39 0.20
0.00 1259.60
843.00 18.94 9.56 1.42 322.52 225.00 25.00 0.40
0.00 1539.92
812.30 16.94 8.47 1.07 323.91 228.74 29.45 0.40
0.00 1856.98
778.60 13.54 6.47 -0.07 323.40 227.05 30.79 0.40
0.00 2215.76
742.00 9.84 4.37 -0.92 323.44 226.68 28.03 0.30
0.00 2618.38
702.50 6.54 0.79 -6.16 320.49 229.96 30.19 0.20
0.00 3070.01
660.20 5.34 -1.93 -13.26 320.62 227.71 37.82 0.10
0.00 3578.20
614.90 1.94 -5.15 -19.01 320.93 227.76 42.77 0.00
0.00 4154.73
567.30 -2.96 -8.72 -21.83 321.87 230.26 46.48 0.00
0.00 4798.24
521.00 -7.96 -12.74 -26.45 322.57 231.01 52.49 0.00
0.00 5465.77
479.40 -12.86 -16.77 -31.07 323.37 231.59 55.03 -0.10
0.00 6106.03
442.10 -17.66 -20.71 -34.64 324.34 232.89 55.05 -0.20
0.00 6717.68
408.50 -21.96 -24.21 -35.88 326.09 235.33 56.68 -0.30
0.00 7304.00
378.00 -26.06 -27.66 -37.12 327.89 236.57 60.30 -0.30
0.00 7870.04
350.60 -30.06 -31.31 -40.80 329.18 234.64 66.45 -0.40
0.00 8410.00
325.90 -32.26 -33.75 -51.68 332.27 230.87 81.88 -0.40
0.00 8927.55
303.60 -34.16 -35.59 -58.00 336.19 229.25 94.62 -0.40
0.00 9425.38
283.50 -36.66 -37.84 -57.09 339.29 229.87 100.35 -0.40
0.00 9902.08
265.50 -40.06 -40.97 -59.07 340.69 231.00 102.49 -0.30
0.00 10352.92
248.70 -43.76 -44.40 -59.58 341.61 232.27 103.17 -0.30
0.00 10795.39
233.50 -47.06 -47.54 -61.80 342.77 233.56 103.34 -0.20
0.00 11215.81
219.50 -49.06 -49.48 -64.45 345.75 234.78 106.76 -0.20
0.00 11623.20
205.60 -50.86 -51.24 -67.89 349.40 235.28 113.91 -0.10
0.00 12050.60
191.70 -53.96 -54.24 -68.39 351.49 234.99 119.52 0.00
0.00 12502.91
177.70 -58.16 -58.35 -73.70 352.25 235.74 118.69 0.00
0.00 12984.81
163.80 -61.76 -61.88 -74.24 354.51 237.44 111.54 0.10
0.00 13493.09
149.80 -64.46 -9999.00 -9999.00 -9999.00 240.31 103.54 0.10
0.00 14042.40
135.90 -66.16 -9999.00 -9999.00 -9999.00 240.33 88.31 0.10
0.00 14634.85
121.90 -68.26 -9999.00 -9999.00 -9999.00 237.21 75.33 0.10
0.00 15290.22
108.00 -70.36 -9999.00 -9999.00 -9999.00 231.50 64.28 0.00
0.00 16012.60
94.00 -70.76 -9999.00 -9999.00 -9999.00 225.88 53.57 0.00
0.00 16835.92
81.00 -68.96 -9999.00 -9999.00 -9999.00 221.99 44.42 0.00
0.00 17721.64
70.60 -64.26 -9999.00 -9999.00 -9999.00 220.71 34.85 0.00
0.00 18552.43
62.20 -62.36 -9999.00 -9999.00 -9999.00 222.69 27.21 0.00
0.00 19330.51
54.30 -60.96 -9999.00 -9999.00 -9999.00 222.71 13.75 0.00
0.00 20171.39
46.90 -59.66 -9999.00 -9999.00 -9999.00 209.85 13.66 0.00
0.00 21084.14
40.10 -56.96 -9999.00 -9999.00 -9999.00 164.41 8.66 0.00
0.00 22069.20
33.80 -55.56 -9999.00 -9999.00 -9999.00 142.65 9.29 0.00
0.00 23154.29
27.80 -52.36 -9999.00 -9999.00 -9999.00 127.41 8.31 0.00
0.00 24408.14
22.30 -50.66 -9999.00 -9999.00 -9999.00 107.18 11.19 0.00
0.00 25838.35
17.10 -47.26 -9999.00 -9999.00 -9999.00 116.11 11.03 0.00
0.00 27580.71
12.30 -46.26 -9999.00 -9999.00 -9999.00 194.93 3.01 0.00
0.00 29764.08

STID = KDAL STNM = 722583 TIME = 191020/2000 
SLAT = 32.84 SLON = -96.85 SELV = 138.0
STIM = 2

SHOW = 1.78 LIFT = -0.22 SWET = 276.08 KINX = 23.14
LCLP = 784.09 PWAT = 25.74 TOTL = 45.85 CAPE = 168.15
LCLT = 283.56 CINS = -291.21 EQLV = 329.94 LFCT = 514.78
BRCH = 2.17

PRES TMPC TMWC DWPC THTE DRCT SKNT OMEG
CFRL HGHT
987.70 29.74 19.42 13.93 334.77 172.03 9.81 0.00
0.00 149.73
984.70 29.04 19.12 13.79 334.08 172.00 12.55 0.00
0.00 176.84
979.40 28.34 18.82 13.67 333.74 172.87 14.10 0.00
0.00 224.81
970.00 27.44 18.42 13.50 333.62 173.42 15.25 -0.10
0.00 310.31
956.20 26.14 17.84 13.27 333.51 174.62 16.59 -0.20
0.00 436.88
938.50 24.44 17.07 12.97 333.35 176.19 17.52 -0.40
0.00 601.09
917.40 22.54 16.18 12.59 333.31 178.21 18.65 -0.50
0.00 799.74
894.30 20.44 15.13 12.07 333.09 182.18 20.42 -0.50
0.00 1021.01
869.30 18.44 13.89 11.18 332.63 192.26 22.86 -0.30
0.00 1265.28
841.50 17.84 11.17 6.40 327.82 212.60 25.60 0.00
0.00 1543.82
810.70 16.74 8.64 1.76 324.69 222.02 29.02 0.20
0.00 1862.03
777.10 13.54 6.51 0.07 323.76 222.69 30.65 0.10
0.00 2220.35
740.60 10.04 4.32 -1.26 323.52 222.56 29.00 0.10
0.00 2622.78
701.30 6.74 0.99 -5.84 321.16 224.50 31.59 0.00
0.00 3073.25
659.10 5.04 -2.01 -12.88 320.64 226.62 38.75 -0.10
0.00 3581.03
614.00 1.84 -5.21 -19.03 320.95 229.63 42.58 -0.10
0.00 4155.51
566.50 -2.86 -8.82 -22.85 321.78 232.23 46.93 -0.10
0.00 4798.57
520.50 -7.66 -12.68 -27.53 322.75 232.42 53.19 -0.20
0.00 5463.02
478.90 -12.46 -16.62 -32.37 323.71 231.28 56.53 -0.20
0.00 6104.76
441.70 -17.46 -20.64 -35.57 324.53 231.22 57.07 -0.30
0.00 6716.05
408.20 -22.16 -24.46 -37.09 325.72 232.83 58.51 -0.40
0.00 7301.09
377.80 -26.46 -28.06 -38.11 327.26 234.15 61.34 -0.40
0.00 7864.94
350.50 -30.36 -31.59 -41.12 328.77 233.55 68.34 -0.40
0.00 8402.37
325.80 -32.76 -34.13 -50.11 331.69 231.74 83.12 -0.40
0.00 8919.21
303.50 -34.76 -36.12 -58.00 335.38 230.74 96.08 -0.40
0.00 9416.07
283.50 -37.26 -38.40 -58.55 338.39 230.26 101.81 -0.40
0.00 9889.28
265.40 -40.36 -41.24 -59.07 340.29 230.79 103.54 -0.30
0.00 10341.84
248.70 -43.86 -44.52 -61.32 341.42 231.81 104.29 -0.30
0.00 10781.37
233.50 -46.96 -47.47 -63.98 342.88 232.84 105.79 -0.30
0.00 11201.79
219.50 -48.76 -49.22 -67.42 346.17 234.01 111.40 -0.20
0.00 11609.54
205.60 -50.96 -51.34 -67.89 349.24 234.76 117.48 -0.20
0.00 12037.13
191.70 -54.26 -54.55 -73.19 350.96 235.25 118.92 -0.20
0.00 12489.02
177.70 -58.06 -58.25 -73.70 352.42 236.42 115.19 -0.10
0.00 12970.70
163.80 -61.66 -61.78 -74.24 354.68 238.64 110.10 0.00
0.00 13479.22
149.80 -64.06 -64.15 -74.84 359.72 240.76 100.62 0.00
0.00 14029.19
135.90 -65.86 -9999.00 -9999.00 -9999.00 240.51 86.81 0.00
0.00 14622.64
121.90 -68.06 -9999.00 -9999.00 -9999.00 236.31 74.94 0.00
0.00 15278.80
108.00 -70.36 -9999.00 -9999.00 -9999.00 229.60 65.03 0.00
0.00 16001.54
94.00 -70.86 -9999.00 -9999.00 -9999.00 228.22 56.27 0.10
0.00 16824.65
81.00 -67.76 -9999.00 -9999.00 -9999.00 229.50 45.47 0.00
0.00 17712.77
70.60 -63.66 -9999.00 -9999.00 -9999.00 227.02 35.04 0.00
0.00 18547.18
62.20 -62.06 -9999.00 -9999.00 -9999.00 226.11 28.30 0.00
0.00 19326.93
54.30 -60.56 -9999.00 -9999.00 -9999.00 227.16 14.57 0.00
0.00 20169.20
46.90 -59.46 -9999.00 -9999.00 -9999.00 217.52 13.71 0.00
0.00 21083.24
40.10 -56.56 -9999.00 -9999.00 -9999.00 172.61 10.59 0.00
0.00 22069.68
33.80 -54.86 -9999.00 -9999.00 -9999.00 148.24 9.60 0.00
0.00 23157.52
27.80 -51.86 -9999.00 -9999.00 -9999.00 123.31 8.14 0.00
0.00 24414.79
22.30 -50.06 -9999.00 -9999.00 -9999.00 103.78 10.61 0.00
0.00 25848.56
17.10 -46.86 -9999.00 -9999.00 -9999.00 117.38 12.26 0.00
0.00 27594.80
12.30 -45.96 -9999.00 -9999.00 -9999.00 195.52 3.63 0.00
0.00 29781.55

STID = KDAL STNM = 722583 TIME = 191020/2100 
SLAT = 32.84 SLON = -96.85 SELV = 138.0
STIM = 3

SHOW = -3.02 LIFT = -4.00 SWET = 410.28 KINX = 28.02
LCLP = 814.46 PWAT = 31.17 TOTL = 51.26 CAPE = 1115.85
LCLT = 287.45 CINS = -44.78 EQLV = 258.57 LFCT = 743.40
BRCH = 20.12

PRES TMPC TMWC DWPC THTE DRCT SKNT OMEG
CFRL HGHT
987.20 30.54 21.48 17.32 343.21 179.03 11.46 0.00
0.00 148.88
984.20 29.94 21.23 17.21 342.66 179.27 15.15 0.00
0.00 176.12
978.80 29.24 20.96 17.11 342.37 179.36 17.29 0.00
0.00 225.24
969.40 28.34 20.58 16.96 342.29 180.00 18.84 -0.10
0.00 311.18
955.60 27.04 20.04 16.75 342.24 180.55 20.20 -0.30
0.00 438.40
937.90 25.34 19.32 16.45 342.10 181.05 21.17 -0.40
0.00 603.47
916.70 23.34 18.44 16.08 341.99 182.03 21.97 -0.50
0.00 804.08
893.60 21.24 17.49 15.64 341.94 183.91 22.79 -0.60
0.00 1026.47
868.60 19.04 16.18 14.71 340.97 188.46 23.76 -0.70
0.00 1271.90
840.60 16.64 14.42 13.20 339.02 201.41 26.09 -0.70
12.00 1552.98
809.90 15.74 10.31 6.48 330.01 209.25 27.84 -0.60
1.00 1869.89
776.30 13.64 6.50 -0.08 323.83 215.27 29.27 -0.40
0.00 2228.24
739.90 10.24 3.98 -2.42 322.67 217.25 29.53 -0.40
0.00 2630.12
700.70 6.94 0.97 -6.19 321.20 217.69 32.40 -0.30
0.00 3080.10
658.50 4.64 -2.16 -12.60 320.43 224.79 38.05 -0.30
0.00 3588.14
613.60 1.34 -5.38 -18.38 320.69 230.54 41.26 -0.20
0.00 4159.62
566.10 -3.26 -9.02 -22.55 321.47 233.53 44.44 -0.10
0.00 4802.07
520.10 -7.86 -12.83 -27.68 322.55 233.26 50.66 0.10
0.00 5466.27
478.70 -12.46 -16.55 -31.62 323.89 231.78 55.89 0.10
0.00 6105.06
441.60 -17.46 -20.55 -34.43 324.73 231.01 57.73 0.10
0.00 6714.92
408.10 -22.36 -24.62 -37.09 325.48 230.87 59.09 0.00
0.00 7299.88
377.70 -26.86 -28.39 -38.11 326.75 230.31 60.84 -0.10
0.00 7863.19
350.40 -30.56 -31.76 -41.12 328.52 230.96 68.78 -0.10
0.00 8400.11
325.70 -33.16 -34.41 -48.16 331.29 232.23 84.05 -0.10
0.00 8916.47
303.50 -35.36 -36.59 -55.27 334.62 231.30 96.33 -0.10
0.00 9410.15
283.50 -37.76 -38.84 -58.55 337.67 230.43 101.55 -0.10
0.00 9882.26
265.40 -40.56 -41.44 -60.82 339.96 231.77 104.86 -0.10
0.00 10334.15
248.60 -43.46 -44.15 -61.32 342.05 233.48 108.04 -0.10
0.00 10776.59
233.50 -45.86 -46.46 -66.97 344.50 234.44 112.24 -0.20
0.00 11195.70
219.50 -47.96 -48.47 -67.42 347.40 235.03 118.28 -0.20
0.00 11605.17
205.60 -50.86 -51.27 -72.72 349.35 235.05 122.07 -0.20
0.00 12033.62
191.70 -54.36 -54.65 -73.19 350.80 235.87 120.14 -0.10
0.00 12485.51
177.70 -58.06 -58.25 -73.70 352.42 237.69 116.30 -0.10
0.00 12967.08
163.80 -61.16 -61.29 -74.24 355.52 239.56 109.27 -0.10
0.00 13476.20
149.80 -63.46 -63.56 -74.84 360.75 240.40 96.74 -0.10
0.00 14027.60
135.90 -65.56 -9999.00 -9999.00 -9999.00 239.85 84.69 0.00
0.00 14622.33
121.90 -67.36 -9999.00 -9999.00 -9999.00 234.57 72.71 0.00
0.00 15280.09
108.00 -69.46 -9999.00 -9999.00 -9999.00 229.73 64.92 0.00
0.00 16005.66
94.00 -70.66 -9999.00 -9999.00 -9999.00 232.70 57.38 0.00
0.00 16831.01
81.00 -67.76 -9999.00 -9999.00 -9999.00 236.38 46.66 0.00
0.00 17719.56
70.60 -63.76 -9999.00 -9999.00 -9999.00 230.00 36.27 0.00
0.00 18553.77
62.20 -61.66 -9999.00 -9999.00 -9999.00 224.71 26.79 0.00
0.00 19334.08
54.30 -60.86 -9999.00 -9999.00 -9999.00 218.05 17.02 0.00
0.00 20176.54
46.90 -59.56 -9999.00 -9999.00 -9999.00 208.67 14.16 0.00
0.00 21089.72
40.10 -56.66 -9999.00 -9999.00 -9999.00 182.32 14.39 0.00
0.00 22075.71
33.80 -54.66 -9999.00 -9999.00 -9999.00 154.49 9.48 0.00
0.00 23163.79
27.80 -52.36 -9999.00 -9999.00 -9999.00 115.20 7.30 0.00
0.00 24420.21
22.30 -50.86 -9999.00 -9999.00 -9999.00 96.01 11.13 0.00
0.00 25849.78
17.10 -46.76 -9999.00 -9999.00 -9999.00 114.59 12.61 0.00
0.00 27593.31
12.30 -45.26 -9999.00 -9999.00 -9999.00 257.47 1.79 0.00
0.00 29783.92

STID = KDAL STNM = 722583 TIME = 191020/2200 
SLAT = 32.84 SLON = -96.85 SELV = 138.0
STIM = 4

SHOW = -3.92 LIFT = -5.47 SWET = 443.07 KINX = 29.54
LCLP = 834.27 PWAT = 34.09 TOTL = 52.35 CAPE = 1719.71
LCLT = 289.37 CINS = -8.51 EQLV = 234.81 LFCT = 771.49
BRCH = 38.32

PRES TMPC TMWC DWPC THTE DRCT SKNT OMEG
CFRL HGHT
986.80 30.44 22.36 18.89 347.16 181.85 12.04 0.00
0.00 149.80
983.80 29.94 22.14 18.77 346.69 182.00 16.72 0.10
0.00 177.06
978.40 29.34 21.88 18.64 346.43 182.31 19.25 0.00
0.00 226.25
969.00 28.34 21.46 18.45 346.13 183.15 21.21 0.00
0.00 312.31
955.20 27.14 20.93 18.19 346.08 183.45 22.57 -0.10
0.00 439.70
937.50 25.44 20.19 17.83 345.78 184.25 23.56 -0.10
0.00 605.01
916.30 23.54 19.32 17.39 345.62 185.48 24.40 -0.20
0.00 805.94
893.20 21.34 18.28 16.84 345.16 187.13 25.06 -0.30
0.00 1028.69
868.20 19.04 17.05 16.07 344.40 189.25 25.39 -0.40
0.00 1274.42
840.20 16.94 14.79 13.63 340.43 200.56 26.55 -0.50
13.00 1555.91
809.50 14.94 11.83 9.92 335.08 205.46 27.12 -0.60
15.00 1872.92
775.90 13.44 7.20 1.91 325.95 213.24 27.64 -0.60
0.00 2231.12
739.50 10.24 3.98 -2.42 322.73 217.84 27.54 -0.60
0.00 2633.17
700.30 6.84 1.03 -5.86 321.41 218.60 30.83 -0.50
0.00 3083.34
658.20 4.14 -2.28 -12.01 320.23 227.79 36.71 -0.40
0.00 3589.92
613.30 0.74 -5.51 -17.23 320.52 232.57 39.63 -0.30
0.00 4160.57
565.90 -3.66 -9.11 -21.57 321.36 232.08 42.35 -0.20
0.00 4800.81
520.00 -7.96 -12.74 -26.34 322.79 232.28 49.84 0.00
0.00 5463.17
478.60 -12.46 -16.45 -30.57 324.12 232.13 55.36 0.00
0.00 6102.00
441.50 -17.46 -20.53 -34.22 324.79 231.87 56.31 0.00
0.00 6712.00
408.00 -22.36 -24.54 -36.13 325.65 229.58 58.43 -0.10
0.00 7297.11
377.70 -26.96 -28.36 -36.89 326.80 227.30 61.58 -0.10
0.00 7858.54
350.30 -30.66 -31.86 -41.44 328.38 230.23 70.77 -0.10
0.00 8397.29
325.70 -33.46 -34.65 -47.58 330.91 233.05 84.34 -0.10
0.00 8911.21
303.50 -35.86 -37.01 -54.17 333.95 231.38 95.22 -0.10
0.00 9404.06
283.50 -38.16 -39.20 -58.55 337.09 230.04 101.63 -0.10
0.00 9875.28
265.40 -40.46 -41.35 -60.82 340.10 231.76 107.34 -0.10
0.00 10326.87
248.60 -42.86 -43.62 -63.51 342.90 234.31 112.88 -0.10
0.00 10769.99
233.50 -45.46 -46.09 -66.97 345.11 235.46 115.79 -0.10
0.00 11190.02
219.50 -47.86 -48.40 -72.27 347.51 235.32 118.10 0.00
0.00 11599.93
205.60 -50.96 -51.36 -72.72 349.19 235.08 120.12 0.00
0.00 12028.38
191.60 -54.46 -54.74 -73.19 350.69 236.16 119.99 0.10
0.00 12483.44
177.70 -57.86 -58.06 -73.70 352.75 238.45 118.07 0.10
0.00 12961.80
163.80 -60.66 -60.80 -74.24 356.36 240.19 107.46 0.10
0.00 13471.75
149.80 -62.96 -9999.00 -9999.00 -9999.00 241.46 95.96 0.10
0.00 14024.46
135.90 -65.06 -9999.00 -9999.00 -9999.00 240.87 83.39 0.00
0.00 14620.62
121.90 -67.16 -9999.00 -9999.00 -9999.00 237.64 72.20 0.00
0.00 15279.49
107.90 -69.36 -9999.00 -9999.00 -9999.00 234.16 64.70 0.00
0.00 16011.15
94.00 -71.16 -9999.00 -9999.00 -9999.00 236.47 57.32 0.00
0.00 16830.18
81.00 -68.46 -9999.00 -9999.00 -9999.00 238.46 46.04 0.00
0.00 17716.11
70.60 -63.96 -9999.00 -9999.00 -9999.00 231.34 36.07 0.00
0.00 18548.52
62.20 -62.26 -9999.00 -9999.00 -9999.00 228.58 26.42 0.00
0.00 19327.34
54.30 -61.76 -9999.00 -9999.00 -9999.00 222.16 19.39 0.00
0.00 20166.83
46.90 -59.26 -9999.00 -9999.00 -9999.00 212.01 14.67 0.00
0.00 21078.72
40.10 -56.16 -9999.00 -9999.00 -9999.00 193.28 14.37 0.00
0.00 22066.54
33.80 -54.36 -9999.00 -9999.00 -9999.00 150.02 5.83 0.00
0.00 23156.63
27.80 -53.46 -9999.00 -9999.00 -9999.00 88.45 7.19 0.00
0.00 24410.76
22.30 -52.26 -9999.00 -9999.00 -9999.00 98.13 12.35 0.00
0.00 25832.26
17.10 -46.26 -9999.00 -9999.00 -9999.00 119.51 11.83 0.00
0.00 27572.29
12.30 -44.46 -9999.00 -9999.00 -9999.00 309.47 4.27 0.00
0.00 29769.17

STID = KDAL STNM = 722583 TIME = 191020/2300 
SLAT = 32.84 SLON = -96.85 SELV = 138.0
STIM = 5

SHOW = -3.61 LIFT = -5.64 SWET = 428.36 KINX = 28.21
LCLP = 842.17 PWAT = 32.77 TOTL = 52.19 CAPE = 1748.47
LCLT = 289.60 CINS = -31.97 EQLV = 238.92 LFCT = 761.80
BRCH = 35.19

PRES TMPC TMWC DWPC THTE DRCT SKNT OMEG
CFRL HGHT
986.50 29.84 22.24 18.97 346.71 178.06 11.46 0.00
0.00 148.87
983.40 29.54 22.09 18.87 346.54 178.62 16.12 0.10
0.00 177.01
978.00 29.04 21.85 18.73 346.37 179.42 19.23 0.10
0.00 226.17
968.70 28.14 21.47 18.55 346.20 180.52 21.37 0.00
0.00 311.27
954.80 26.84 20.90 18.28 346.02 181.94 22.94 0.00
0.00 439.53
937.10 25.24 20.18 17.92 345.84 183.23 24.13 0.00
0.00 604.78
916.00 23.34 19.31 17.47 345.63 185.80 25.00 0.00
0.00 804.72
892.90 21.24 18.23 16.82 345.04 189.39 26.18 0.10
0.00 1027.43
867.80 19.24 16.44 15.02 342.08 193.03 26.71 0.10
0.00 1274.22
839.90 16.74 14.57 13.39 339.68 204.41 27.74 0.10
12.00 1554.73
809.20 16.24 10.00 5.43 329.11 206.92 27.89 -0.10
0.00 1872.20
775.70 13.94 6.68 0.08 324.43 214.93 27.49 -0.30
0.00 2230.22
739.40 10.34 4.04 -2.36 322.92 217.69 27.00 -0.30
0.00 2631.58
700.20 7.04 0.87 -6.66 321.01 224.75 30.91 -0.30
0.00 3082.03
658.10 3.94 -2.32 -11.74 320.18 233.26 35.39 -0.40
0.00 3588.66
613.20 0.34 -5.46 -15.84 320.71 232.31 37.80 -0.30
0.00 4158.82
565.90 -3.86 -9.02 -20.31 321.58 229.83 42.46 -0.30
0.00 4797.13
519.90 -8.16 -12.79 -25.72 322.73 231.20 50.84 -0.20
0.00 5460.53
478.50 -12.66 -16.64 -31.09 323.79 231.43 55.15 -0.20
0.00 6099.01
441.40 -17.46 -20.74 -36.84 324.41 231.59 55.03 -0.20
0.00 6708.88
408.00 -22.36 -24.70 -38.16 325.36 228.74 58.92 -0.30
0.00 7292.27
377.70 -26.86 -28.45 -38.92 326.64 227.22 63.77 -0.30
0.00 7853.79
350.30 -30.66 -31.99 -43.62 328.15 231.68 72.05 -0.30
0.00 8392.63
325.70 -33.76 -34.95 -48.77 330.42 234.35 83.66 -0.20
0.00 8906.21
303.50 -36.36 -37.45 -54.17 333.25 231.82 93.65 -0.20
0.00 9398.24
283.50 -38.36 -39.38 -58.55 336.81 229.55 102.10 -0.20
0.00 9868.76
265.40 -40.56 -41.44 -60.82 339.96 231.13 109.27 -0.20
0.00 10320.06
248.60 -42.66 -43.44 -63.51 343.20 233.75 115.62 -0.10
0.00 10763.27
233.50 -45.06 -45.72 -66.97 345.71 234.67 118.57 -0.10
0.00 11183.85
219.50 -47.76 -48.28 -67.42 347.71 234.66 119.54 -0.10
0.00 11594.22
205.60 -50.86 -51.27 -72.72 349.35 235.34 120.92 0.00
0.00 12022.86
191.60 -54.26 -54.55 -73.19 351.01 236.89 121.99 0.00
0.00 12478.22
177.70 -57.46 -57.67 -73.70 353.40 238.89 116.16 0.00
0.00 12957.25
163.80 -60.36 -60.51 -74.24 356.86 240.98 105.30 0.10
0.00 13468.03
149.80 -62.66 -9999.00 -9999.00 -9999.00 243.07 95.22 0.00
0.00 14021.53
135.90 -65.06 -9999.00 -9999.00 -9999.00 243.49 83.57 0.00
0.00 14618.11
121.90 -67.66 -9999.00 -9999.00 -9999.00 240.58 71.58 0.00
0.00 15276.19
107.90 -69.86 -9999.00 -9999.00 -9999.00 236.07 63.68 0.00
0.00 16006.06
94.00 -70.66 -9999.00 -9999.00 -9999.00 238.64 57.11 0.00
0.00 16825.09
81.00 -67.96 -9999.00 -9999.00 -9999.00 243.54 46.21 0.00
0.00 17713.21
70.60 -64.46 -9999.00 -9999.00 -9999.00 238.45 36.01 0.00
0.00 18545.61
62.20 -63.56 -9999.00 -9999.00 -9999.00 233.91 25.72 0.00
0.00 19321.10
54.30 -63.06 -9999.00 -9999.00 -9999.00 224.20 19.77 0.00
0.00 20155.41
46.90 -58.66 -9999.00 -9999.00 -9999.00 216.53 13.05 0.00
0.00 21065.81
40.10 -56.66 -9999.00 -9999.00 -9999.00 193.50 9.98 0.00
0.00 22053.85
33.80 -55.36 -9999.00 -9999.00 -9999.00 114.44 4.70 0.00
0.00 23140.19
27.80 -54.66 -9999.00 -9999.00 -9999.00 98.82 11.40 0.00
0.00 24388.03
22.30 -51.76 -9999.00 -9999.00 -9999.00 105.95 11.31 0.00
0.00 25807.27
17.10 -45.36 -9999.00 -9999.00 -9999.00 107.10 5.28 0.00
0.00 27552.74
12.30 -44.96 -9999.00 -9999.00 -9999.00 302.47 5.07 0.00
0.00 29751.54

STID = KDAL STNM = 722583 TIME = 191021/0000 
SLAT = 32.84 SLON = -96.85 SELV = 138.0
STIM = 6

SHOW = -2.03 LIFT = -5.73 SWET = 382.86 KINX = 29.52
LCLP = 858.84 PWAT = 31.63 TOTL = 51.05 CAPE = 1769.72
LCLT = 290.15 CINS = -75.33 EQLV = 241.27 LFCT = 756.95
BRCH = 28.54

PRES TMPC TMWC DWPC THTE DRCT SKNT OMEG
CFRL HGHT
986.70 28.74 22.08 19.22 346.05 172.48 10.39 0.00
0.00 148.83
983.70 28.64 22.00 19.14 346.15 173.42 15.25 0.00
0.00 175.97
978.20 28.34 21.84 19.04 346.34 173.93 18.36 0.10
0.00 225.90
968.90 27.64 21.50 18.84 346.35 175.99 22.20 0.10
0.00 310.83
955.10 26.54 20.98 18.54 346.31 178.26 25.66 0.10
0.00 437.99
937.30 25.14 20.26 18.08 346.12 180.40 27.78 0.10
0.00 604.03
916.10 23.34 19.26 17.39 345.41 183.41 29.39 0.10
0.00 804.85
893.00 21.44 17.94 16.27 343.84 189.05 30.89 0.10
0.00 1027.58
868.00 19.54 16.09 14.30 340.70 194.82 31.14 0.10
0.00 1273.48
840.10 18.14 13.08 10.00 334.35 205.06 29.80 0.00
0.00 1554.50
809.50 17.24 8.87 1.82 325.49 213.69 28.01 -0.20
0.00 1871.77
776.00 14.24 6.38 -1.10 323.48 220.02 26.88 -0.30
0.00 2230.25
739.60 10.64 4.27 -2.11 323.48 225.84 28.17 -0.40
0.00 2632.97
700.40 7.14 1.83 -3.95 323.43 233.57 30.42 -0.40
0.00 3083.72
658.30 3.74 -1.61 -8.77 321.88 235.58 33.68 -0.50
0.00 3590.33
613.30 0.14 -5.39 -15.01 320.87 232.54 37.68 -0.40
0.00 4161.34
565.90 -3.96 -9.14 -20.66 321.33 232.17 44.02 -0.40
0.00 4800.61
520.00 -8.26 -12.96 -26.60 322.35 233.39 50.82 -0.30
0.00 5462.24
478.60 -12.86 -16.96 -33.19 323.13 232.63 53.77 -0.20
0.00 6100.18
441.40 -17.56 -21.05 -41.05 323.81 231.31 53.75 -0.20
0.00 6711.24
408.00 -22.36 -24.95 -42.61 324.88 227.97 58.31 -0.30
0.00 7294.47
377.70 -26.86 -28.78 -44.69 326.05 228.06 64.24 -0.30
0.00 7855.94
350.30 -30.76 -32.36 -51.06 327.51 233.64 70.44 -0.30
0.00 8394.62
325.70 -33.96 -35.33 -57.44 329.78 234.23 77.10 -0.20
0.00 8907.85
303.50 -36.16 -37.34 -58.00 333.41 230.46 90.93 -0.10
0.00 9399.86
283.50 -38.16 -39.22 -60.30 337.05 230.06 102.87 -0.10
0.00 9870.77
265.40 -40.26 -41.20 -63.02 340.35 232.33 110.94 -0.10
0.00 10322.55
248.60 -42.36 -43.16 -63.51 343.64 233.89 117.35 -0.10
0.00 10766.33
233.50 -44.76 -45.44 -66.97 346.17 234.31 120.53 -0.10
0.00 11187.46
219.50 -47.46 -48.02 -72.27 348.13 234.59 122.03 0.00
0.00 11598.37
205.60 -50.66 -51.08 -72.72 349.66 235.66 123.27 0.00
0.00 12027.49
191.70 -54.06 -54.36 -73.19 351.28 237.48 121.41 0.10
0.00 12479.90
177.70 -57.26 -57.47 -73.70 353.73 239.42 113.03 0.20
0.00 12962.68
163.80 -60.16 -9999.00 -9999.00 -9999.00 241.80 103.59 0.20
0.00 13473.95
149.80 -62.76 -9999.00 -9999.00 -9999.00 244.89 96.11 0.20
0.00 14027.57
135.90 -65.26 -9999.00 -9999.00 -9999.00 245.51 86.23 0.20
0.00 14623.72
121.90 -67.86 -9999.00 -9999.00 -9999.00 242.16 74.03 0.20
0.00 15281.16
107.90 -70.06 -9999.00 -9999.00 -9999.00 237.41 64.55 0.10
0.00 16010.33
94.00 -70.26 -9999.00 -9999.00 -9999.00 240.04 57.17 0.00
0.00 16829.76
81.00 -67.56 -9999.00 -9999.00 -9999.00 246.57 44.46 0.00
0.00 17719.62
70.60 -65.26 -9999.00 -9999.00 -9999.00 236.02 32.32 0.00
0.00 18551.22
62.20 -63.96 -9999.00 -9999.00 -9999.00 234.84 27.33 0.00
0.00 19324.48
54.30 -62.86 -9999.00 -9999.00 -9999.00 229.05 17.48 0.00
0.00 20158.39
46.90 -58.36 -9999.00 -9999.00 -9999.00 219.92 12.41 0.00
0.00 21069.86
40.10 -57.96 -9999.00 -9999.00 -9999.00 177.21 7.96 0.00
0.00 22055.62
33.80 -55.56 -9999.00 -9999.00 -9999.00 126.03 7.93 0.00
0.00 23138.20
27.80 -54.96 -9999.00 -9999.00 -9999.00 116.15 11.91 0.00
0.00 24384.61
22.30 -51.36 -9999.00 -9999.00 -9999.00 92.20 5.05 0.00
0.00 25804.17
17.10 -47.26 -9999.00 -9999.00 -9999.00 33.11 5.34 0.00
0.00 27543.81
12.30 -46.66 -9999.00 -9999.00 -9999.00 260.54 1.18 0.00
0.00 29725.26

STID = KDAL STNM = 722583 TIME = 191021/0100 
SLAT = 32.84 SLON = -96.85 SELV = 138.0
STIM = 7

SHOW = -1.45 LIFT = -6.35 SWET = 358.24 KINX = 32.61
LCLP = 881.80 PWAT = 34.05 TOTL = 51.17 CAPE = 2070.22
LCLT = 291.38 CINS = -96.76 EQLV = 237.36 LFCT = 769.54
BRCH = 25.43

PRES TMPC TMWC DWPC THTE DRCT SKNT OMEG
CFRL HGHT
986.70 27.74 22.32 20.04 347.13 161.57 9.21 0.00
0.00 148.80
983.70 27.84 22.30 19.98 347.53 163.57 15.79 0.00
0.00 175.87
978.30 27.54 22.15 19.88 347.70 164.38 18.76 0.00
0.00 224.78
968.90 27.24 21.93 19.70 348.27 168.77 25.95 0.00
0.00 310.49
955.10 26.54 21.47 19.32 348.47 171.87 30.23 0.00
0.00 437.62
937.30 25.24 20.64 18.64 347.77 174.90 32.77 0.00
0.00 603.75
916.10 23.74 19.26 17.20 345.39 178.33 33.43 0.10
0.00 804.76
893.00 22.24 17.49 15.14 342.03 186.12 32.83 0.10
0.00 1027.87
868.00 20.84 15.24 12.13 337.52 196.53 31.41 0.00
0.00 1274.47
840.20 19.44 12.60 8.17 332.63 207.43 28.67 0.00
0.00 1555.48
809.60 17.14 10.82 6.43 331.61 216.30 27.23 0.00
0.00 1873.47
776.00 14.04 9.30 5.95 332.27 225.54 29.12 -0.10
0.00 2233.35
739.60 10.74 6.83 3.79 330.76 234.21 30.89 -0.30
0.00 2636.65
700.30 7.24 3.25 -0.47 327.23 237.24 33.02 -0.70
0.00 3089.24
658.20 3.74 -1.08 -7.08 323.21 233.13 33.99 -0.90
0.00 3596.26
613.20 -0.06 -5.41 -14.58 320.88 230.16 36.69 -0.80
0.00 4167.24
565.80 -4.26 -9.50 -21.76 320.59 232.08 42.35 -0.70
0.00 4806.02
519.90 -8.66 -13.57 -29.70 321.16 234.95 47.69 -0.50
0.00 5466.84
478.50 -13.26 -17.63 -39.14 321.86 236.19 50.97 -0.30
0.00 6103.86
441.40 -17.96 -21.57 -47.44 322.85 236.19 52.37 -0.20
0.00 6712.33
408.00 -22.76 -25.53 -50.66 323.86 231.59 55.03 -0.20
0.00 7294.59
377.60 -27.26 -29.34 -52.33 325.12 233.24 60.37 -0.10
0.00 7857.04
350.30 -31.16 -32.79 -55.36 326.81 237.41 67.09 0.10
0.00 8392.92
325.70 -34.16 -35.50 -57.44 329.51 235.18 73.82 0.10
0.00 8905.50
303.50 -36.26 -37.46 -59.77 333.22 231.81 85.76 0.20
0.00 9397.20
283.50 -38.26 -39.33 -62.52 336.86 232.93 98.60 0.30
0.00 9867.91
265.40 -39.76 -40.77 -66.04 341.04 235.37 111.42 0.30
0.00 10320.08
248.60 -41.66 -42.55 -66.52 344.64 236.26 118.90 0.30
0.00 10765.00
233.50 -44.06 -44.79 -66.97 347.23 236.06 121.76 0.20
0.00 11187.42
219.50 -47.06 -47.65 -72.27 348.74 235.53 123.23 0.20
0.00 11599.32
205.60 -50.46 -50.89 -72.72 349.98 236.03 123.43 0.10
0.00 12029.02
191.70 -53.86 -54.16 -73.19 351.60 237.83 120.03 0.10
0.00 12481.83
177.70 -57.26 -57.47 -73.70 353.73 239.62 111.01 0.20
0.00 12964.84
163.80 -60.46 -9999.00 -9999.00 -9999.00 242.17 102.35 0.20
0.00 13475.75
149.80 -63.16 -9999.00 -9999.00 -9999.00 245.34 96.83 0.20
0.00 14028.45
135.90 -65.06 -9999.00 -9999.00 -9999.00 246.26 86.36 0.10
0.00 14624.32
121.90 -67.16 -9999.00 -9999.00 -9999.00 240.51 71.41 0.00
0.00 15283.19
108.00 -69.36 -9999.00 -9999.00 -9999.00 235.71 61.36 0.00
0.00 16009.30
94.00 -70.26 -9999.00 -9999.00 -9999.00 240.15 53.07 -0.10
0.00 16835.66
81.00 -68.96 -9999.00 -9999.00 -9999.00 248.34 43.69 0.00
0.00 17722.47
70.60 -64.96 -9999.00 -9999.00 -9999.00 238.35 33.31 0.00
0.00 18551.86
62.20 -64.46 -9999.00 -9999.00 -9999.00 223.99 23.48 0.00
0.00 19324.74
54.30 -60.96 -9999.00 -9999.00 -9999.00 225.91 17.31 0.00
0.00 20161.44
46.90 -58.26 -9999.00 -9999.00 -9999.00 198.43 7.36 0.00
0.00 21077.20
40.10 -57.26 -9999.00 -9999.00 -9999.00 166.50 4.99 0.00
0.00 22064.79
33.80 -54.46 -9999.00 -9999.00 -9999.00 127.57 9.56 0.00
0.00 23151.87
27.80 -54.26 -9999.00 -9999.00 -9999.00 102.53 8.95 0.00
0.00 24403.43
22.30 -50.66 -9999.00 -9999.00 -9999.00 70.46 6.39 0.00
0.00 25827.51
17.10 -47.66 -9999.00 -9999.00 -9999.00 46.27 6.18 0.00
0.00 27568.32
12.30 -46.06 -9999.00 -9999.00 -9999.00 323.13 6.80 0.00
0.00 29750.73

STID = KDAL STNM = 722583 TIME = 191021/0200 
SLAT = 32.84 SLON = -96.85 SELV = 138.0
STIM = 8

SHOW = -3.07 LIFT = -6.52 SWET = 435.31 KINX = 33.94
LCLP = 883.63 PWAT = 34.40 TOTL = 53.53 CAPE = 1942.02
LCLT = 291.43 CINS = -118.32 EQLV = 249.85 LFCT = 757.45
BRCH = 26.79

PRES TMPC TMWC DWPC THTE DRCT SKNT OMEG
CFRL HGHT
985.90 27.54 22.26 20.04 347.01 169.26 11.46 0.00
0.00 149.70
983.00 27.64 22.23 19.95 347.31 169.96 18.94 0.00
0.00 175.87
977.50 27.34 22.05 19.81 347.39 170.95 22.22 0.00
0.00 225.69
968.10 27.14 21.74 19.44 347.53 174.90 30.61 -0.10
0.00 311.42
954.30 26.84 21.19 18.75 347.37 178.51 37.32 -0.20
0.00 438.67
936.60 26.14 20.30 17.68 346.36 181.39 40.03 -0.20
0.00 604.26
915.50 24.54 19.13 16.61 344.93 183.58 40.48 -0.20
0.00 804.96
892.40 22.74 17.64 15.13 342.70 187.20 38.77 -0.20
0.00 1028.67
867.50 21.24 15.55 12.44 338.70 193.28 35.53 -0.20
0.00 1274.82
839.70 19.64 13.60 9.99 336.16 203.89 31.66 -0.10
0.00 1556.40
809.00 17.14 12.42 9.57 337.11 214.00 30.23 -0.10
0.00 1876.03
775.40 14.24 9.86 6.89 334.14 226.03 30.50 -0.10
0.00 2236.56
739.00 10.94 6.69 3.34 330.45 235.01 30.83 -0.30
0.00 2640.50
699.80 7.34 3.05 -1.06 326.75 237.66 31.95 -0.40
0.00 3092.46
657.80 3.64 -1.23 -7.36 322.92 234.54 34.83 -0.70
0.00 3598.57
612.90 -0.36 -5.58 -14.59 320.57 230.42 37.80 -1.10
0.00 4168.16
565.60 -4.66 -10.00 -23.41 319.61 232.08 42.35 -1.30
0.00 4805.01
519.70 -8.96 -14.15 -34.42 320.02 235.30 46.08 -1.30
0.00 5465.12
478.30 -13.76 -18.20 -44.70 320.83 238.33 48.83 -1.00
0.00 6101.36
441.30 -18.46 -21.97 -48.22 322.20 238.27 52.08 -0.80
0.00 6707.18
407.90 -22.96 -25.60 -47.43 323.78 235.47 55.17 -0.50
0.00 7288.78
377.60 -27.26 -29.24 -48.12 325.31 236.41 61.79 -0.20
0.00 7849.24
350.30 -31.26 -32.70 -48.13 326.99 239.46 67.66 0.10
0.00 8385.03
325.70 -34.56 -35.67 -49.42 329.28 238.25 73.10 0.40
0.00 8897.11
303.50 -36.16 -37.34 -58.00 333.41 235.24 83.47 0.50
0.00 9388.51
283.40 -37.16 -38.38 -65.56 338.43 236.91 97.14 0.60
0.00 9862.86
265.40 -38.66 -39.78 -66.04 342.65 237.69 107.58 0.70
0.00 10314.72
248.60 -41.06 -42.00 -66.52 345.53 237.06 115.03 0.80
0.00 10761.28
233.50 -43.66 -44.45 -71.85 347.79 236.46 119.54 0.70
0.00 11184.60
219.50 -46.76 -47.36 -72.27 349.21 236.28 120.03 0.70
0.00 11597.14
205.60 -50.16 -50.60 -72.72 350.45 237.20 117.62 0.60
0.00 12027.41
191.70 -53.56 -53.88 -73.19 352.08 238.83 112.61 0.50
0.00 12480.84
177.70 -56.86 -57.08 -73.70 354.38 239.80 105.42 0.40
0.00 12964.63
163.80 -60.16 -60.32 -74.24 357.19 242.53 99.40 0.30
0.00 13476.37
149.80 -63.36 -9999.00 -9999.00 -9999.00 247.28 97.09 0.20
0.00 14029.21
135.90 -65.56 -9999.00 -9999.00 -9999.00 247.70 87.55 0.10
0.00 14624.08
121.90 -66.96 -9999.00 -9999.00 -9999.00 239.41 70.63 0.00
0.00 15282.47
107.90 -69.16 -9999.00 -9999.00 -9999.00 236.21 63.58 -0.10
0.00 16014.85
94.00 -70.06 -9999.00 -9999.00 -9999.00 240.33 54.55 -0.10
0.00 16836.50
81.00 -69.06 -9999.00 -9999.00 -9999.00 249.71 39.76 0.00
0.00 17723.53
70.60 -67.16 -9999.00 -9999.00 -9999.00 239.62 32.65 0.00
0.00 18548.29
62.20 -63.66 -9999.00 -9999.00 -9999.00 225.85 27.89 0.00
0.00 19318.58
54.30 -60.96 -9999.00 -9999.00 -9999.00 213.87 17.07 0.00
0.00 20156.87
46.90 -56.96 -9999.00 -9999.00 -9999.00 180.00 9.71 0.00
0.00 21075.42
40.10 -56.46 -9999.00 -9999.00 -9999.00 177.27 4.08 0.00
0.00 22067.82
33.80 -54.96 -9999.00 -9999.00 -9999.00 104.74 7.63 0.00
0.00 23155.65
27.80 -53.86 -9999.00 -9999.00 -9999.00 83.29 6.64 0.00
0.00 24406.93
22.30 -50.86 -9999.00 -9999.00 -9999.00 97.13 9.40 0.00
0.00 25831.65
17.10 -47.26 -9999.00 -9999.00 -9999.00 86.57 9.73 0.00
0.00 27573.23
12.30 -44.56 -9999.00 -9999.00 -9999.00 346.50 9.98 0.00
0.00 29764.81

STID = KDAL STNM = 722583 TIME = 191021/0300 
SLAT = 32.84 SLON = -96.85 SELV = 138.0
STIM = 9

SHOW = -3.35 LIFT = -6.22 SWET = 464.50 KINX = 35.62
LCLP = 871.05 PWAT = 32.97 TOTL = 54.56 CAPE = 1769.65
LCLT = 290.63 CINS = -155.04 EQLV = 264.59 LFCT = 741.47
BRCH = 27.02

PRES TMPC TMWC DWPC THTE DRCT SKNT OMEG
CFRL HGHT
984.70 27.84 21.96 19.44 345.87 178.32 13.21 0.00
0.00 149.73
981.70 27.94 21.93 19.35 346.19 178.96 21.37 0.00
0.00 176.85
976.30 27.74 21.78 19.21 346.37 179.56 25.06 -0.10
0.00 225.87
967.00 27.54 21.48 18.86 346.58 182.26 34.40 -0.10
0.00 310.87
953.20 27.34 20.88 18.01 346.14 184.25 39.36 -0.20
0.00 438.41
935.50 26.64 19.75 16.53 344.19 186.68 43.41 -0.20
0.00 604.40
914.50 25.34 18.26 14.72 341.49 189.11 46.62 -0.10
0.00 804.66
891.50 23.84 16.82 13.10 339.58 189.73 47.11 0.10
0.00 1028.15
866.60 21.94 15.08 11.15 337.07 191.51 42.81 0.10
0.00 1275.13
838.80 20.04 13.51 9.55 335.95 201.63 35.31 0.00
0.00 1557.44
808.20 17.54 11.93 8.38 335.53 213.40 32.11 -0.20
0.00 1876.70
774.70 14.64 9.38 5.64 332.70 225.26 30.63 -0.30
0.00 2236.85
738.40 11.14 6.55 2.87 330.12 236.31 30.11 -0.40
0.00 2640.34
699.30 7.14 3.41 -0.01 327.82 240.81 32.26 -0.50
0.00 3091.51
657.30 3.24 -0.82 -5.59 324.04 240.83 36.27 -0.80
0.00 3597.59
612.40 -0.86 -5.47 -13.01 320.94 238.11 39.36 -1.20
0.00 4166.83
565.20 -5.26 -10.26 -22.67 319.19 235.79 41.80 -1.30
0.00 4801.59
519.40 -9.66 -14.65 -34.95 319.16 236.92 45.20 -0.80
0.00 5459.10
478.10 -14.26 -18.47 -42.02 320.44 239.34 49.90 -0.30
0.00 6092.66
441.10 -18.76 -22.02 -42.78 322.20 238.90 56.04 0.10
0.00 6697.83
407.80 -22.76 -25.35 -44.48 324.25 237.04 63.21 0.30
0.00 7277.81
377.50 -26.86 -28.76 -44.22 326.13 237.62 68.55 0.40
0.00 7839.10
350.20 -31.26 -32.52 -44.03 327.33 238.77 71.56 0.60
0.00 8375.51
325.60 -34.16 -35.30 -48.77 329.90 237.66 77.70 0.60
0.00 8888.18
303.40 -35.56 -36.84 -59.77 334.24 237.82 86.07 0.70
0.00 9380.77
283.40 -36.86 -38.09 -62.52 338.91 238.01 94.60 0.60
0.00 9853.73
265.40 -38.16 -39.34 -66.04 343.38 237.24 103.03 0.60
0.00 10306.36
248.60 -40.46 -41.48 -71.42 346.38 235.91 108.84 0.50
0.00 10753.97
233.50 -43.66 -44.45 -71.85 347.79 235.35 112.39 0.40
0.00 11177.85
219.50 -46.86 -47.46 -72.27 349.05 236.17 112.70 0.30
0.00 11590.29
205.60 -50.06 -50.51 -72.72 350.61 237.54 110.74 0.20
0.00 12020.56
191.70 -53.36 -53.68 -73.19 352.40 238.02 106.72 0.10
0.00 12474.30
177.70 -56.86 -57.08 -73.70 354.38 237.77 101.26 0.00
0.00 12958.31
163.80 -60.36 -60.51 -74.24 356.86 240.64 96.29 0.00
0.00 13469.81
149.80 -64.06 -64.15 -74.84 359.72 245.55 94.33 -0.10
0.00 14021.48
135.90 -66.36 -9999.00 -9999.00 -9999.00 248.25 85.96 -0.20
0.00 14614.21
121.90 -67.66 -9999.00 -9999.00 -9999.00 240.88 70.26 -0.20
0.00 15270.22
108.00 -70.16 -9999.00 -9999.00 -9999.00 235.40 64.67 -0.10
0.00 15994.02
94.00 -69.86 -9999.00 -9999.00 -9999.00 242.63 55.34 0.00
0.00 16819.57
81.00 -68.16 -9999.00 -9999.00 -9999.00 253.90 39.22 0.00
0.00 17708.99
70.60 -65.96 -9999.00 -9999.00 -9999.00 237.06 28.92 0.00
0.00 18537.98
62.20 -63.06 -9999.00 -9999.00 -9999.00 234.28 28.94 0.00
0.00 19311.60
54.30 -60.36 -9999.00 -9999.00 -9999.00 212.17 14.22 0.00
0.00 20152.28
46.90 -56.56 -9999.00 -9999.00 -9999.00 201.25 7.50 0.00
0.00 21072.97
40.10 -55.76 -9999.00 -9999.00 -9999.00 165.96 2.41 0.00
0.00 22067.89
33.80 -54.56 -9999.00 -9999.00 -9999.00 124.08 7.96 0.00
0.00 23158.48
27.80 -52.86 -9999.00 -9999.00 -9999.00 105.12 7.44 0.00
0.00 24413.76
22.30 -51.36 -9999.00 -9999.00 -9999.00 100.22 12.04 0.00
0.00 25840.10
17.10 -48.16 -9999.00 -9999.00 -9999.00 105.73 14.34 0.00
0.00 27576.24
12.30 -45.06 -9999.00 -9999.00 -9999.00 15.64 10.08 0.00
0.00 29761.06

STID = KDAL STNM = 722583 TIME = 191021/0400 
SLAT = 32.84 SLON = -96.85 SELV = 138.0
STIM = 10

SHOW = -3.16 LIFT = -8.29 SWET = 436.48 KINX = 36.59
LCLP = 912.41 PWAT = 36.47 TOTL = 54.22 CAPE = 2332.20
LCLT = 293.05 CINS = -141.60 EQLV = 213.07 LFCT = 759.93
BRCH = 16.48

PRES TMPC TMWC DWPC THTE DRCT SKNT OMEG
CFRL HGHT
984.50 26.34 22.65 21.14 349.00 168.26 15.27 0.10
0.00 149.68
981.50 26.24 22.61 21.12 349.29 169.22 24.92 0.00
0.00 176.69
976.10 25.94 22.48 21.06 349.58 169.80 29.60 0.00
0.00 225.49
966.70 25.34 22.26 20.99 350.12 171.62 37.32 0.00
0.00 310.95
952.90 24.64 21.98 20.88 351.14 174.57 43.12 -0.10
0.00 437.67
935.20 24.64 21.50 20.21 351.96 178.79 45.86 -0.10
0.00 602.71
914.00 23.84 20.26 18.71 350.00 185.17 45.24 -0.10
0.00 804.19
891.00 22.54 18.32 16.34 345.67 193.12 47.07 -0.10
0.00 1027.14
866.10 21.64 15.59 12.28 339.06 198.35 43.18 -0.10
0.00 1273.84
838.40 20.54 13.17 8.53 334.79 208.03 33.90 0.00
0.00 1555.39
807.80 18.34 11.16 6.21 332.93 221.33 30.01 0.20
0.00 1875.35
774.40 15.24 8.72 3.74 330.64 233.29 28.59 0.40
0.00 2235.22
738.20 11.34 6.49 2.55 329.95 242.94 29.88 0.70
0.00 2638.17
699.00 7.04 3.84 1.03 329.06 251.67 35.20 0.80
0.00 3090.77
657.00 2.84 0.60 -1.63 327.69 254.46 44.97 0.60
0.00 3596.89
612.20 -1.06 -4.21 -8.47 323.88 250.87 50.37 0.10
0.00 4164.87
565.00 -4.86 -9.83 -21.50 320.10 242.20 48.31 -0.50
0.00 4800.29
519.20 -9.36 -14.67 -39.10 319.09 233.75 46.97 -0.70
0.00 5458.91
478.00 -14.16 -18.58 -48.36 320.21 231.54 51.85 -0.50
0.00 6091.57
441.00 -18.46 -21.76 -41.88 322.68 233.53 61.11 -0.20
0.00 6697.32
407.70 -22.36 -24.97 -43.06 324.91 234.44 69.48 0.00
0.00 7278.25
377.40 -26.86 -28.66 -42.14 326.35 234.11 72.90 0.10
0.00 7840.15
350.20 -30.16 -31.63 -44.91 328.74 234.11 77.21 0.20
0.00 8375.87
325.60 -31.56 -33.19 -53.58 333.24 238.55 82.65 0.10
0.00 8892.47
303.40 -33.96 -35.42 -58.01 336.53 240.40 83.78 0.00
0.00 9389.40
283.40 -36.76 -37.98 -60.31 339.09 236.70 87.39 0.00
0.00 9864.06
265.40 -38.56 -39.69 -66.04 342.79 235.87 97.63 0.00
0.00 10316.41
248.60 -40.56 -41.57 -71.42 346.23 235.31 105.13 0.00
0.00 10763.54
233.50 -43.46 -44.27 -71.85 348.09 233.33 108.97 -0.10
0.00 11187.50
219.50 -46.86 -47.46 -72.27 349.05 233.72 109.63 -0.20
0.00 11600.13
205.60 -50.16 -50.60 -72.72 350.45 235.88 106.99 -0.20
0.00 12030.30
191.70 -53.46 -53.78 -73.19 352.24 237.09 102.97 -0.20
0.00 12483.84
177.70 -57.06 -57.28 -73.70 354.06 236.91 98.54 -0.10
0.00 12967.51
163.80 -60.66 -60.80 -74.24 356.36 238.85 94.64 -0.10
0.00 13478.42
149.80 -64.36 -64.45 -74.84 359.20 244.26 90.37 -0.10
0.00 14029.30
135.90 -67.36 -9999.00 -9999.00 -9999.00 249.49 83.16 -0.10
0.00 14620.18
121.90 -69.06 -9999.00 -9999.00 -9999.00 247.36 71.13 0.00
0.00 15272.37
108.00 -71.46 -9999.00 -9999.00 -9999.00 242.61 66.30 0.10
0.00 15991.39
94.00 -70.86 -9999.00 -9999.00 -9999.00 250.56 59.54 0.10
0.00 16812.26
81.00 -67.86 -9999.00 -9999.00 -9999.00 256.38 45.38 0.00
0.00 17700.16
70.60 -64.96 -9999.00 -9999.00 -9999.00 218.73 26.40 0.00
0.00 18531.76
62.20 -64.36 -9999.00 -9999.00 -9999.00 217.77 27.27 0.00
0.00 19304.83
54.30 -58.56 -9999.00 -9999.00 -9999.00 229.24 14.88 0.00
0.00 20146.50
46.90 -57.06 -9999.00 -9999.00 -9999.00 246.97 8.45 0.00
0.00 21069.98
40.10 -57.06 -9999.00 -9999.00 -9999.00 131.01 5.92 0.00
0.00 22060.78
33.80 -55.46 -9999.00 -9999.00 -9999.00 158.88 9.17 0.00
0.00 23145.86
27.80 -52.66 -9999.00 -9999.00 -9999.00 125.10 8.78 0.00
0.00 24399.13
22.30 -51.86 -9999.00 -9999.00 -9999.00 86.68 13.42 0.00
0.00 25824.51
17.10 -49.06 -9999.00 -9999.00 -9999.00 92.73 8.16 0.00
0.00 27555.21
12.30 -46.36 -9999.00 -9999.00 -9999.00 360.00 12.24 0.00
0.00 29729.42

STID = KDAL STNM = 722583 TIME = 191021/0500 
SLAT = 32.84 SLON = -96.85 SELV = 138.0
STIM = 11

SHOW = -4.00 LIFT = -8.94 SWET = 470.79 KINX = 38.00
LCLP = 936.73 PWAT = 43.12 TOTL = 54.12 CAPE = 2871.35
LCLT = 294.81 CINS = -67.27 EQLV = 184.49 LFCT = 776.99
BRCH = 23.20

PRES TMPC TMWC DWPC THTE DRCT SKNT OMEG
CFRL HGHT
985.20 25.94 23.47 22.49 352.66 177.10 15.37 0.10
0.00 149.67
982.30 25.84 23.41 22.44 352.84 178.20 24.69 0.10
0.00 175.74
976.80 25.44 23.24 22.36 352.98 178.48 29.35 0.10
0.00 225.37
967.40 24.84 22.97 22.21 353.28 179.69 36.13 0.10
0.00 310.70
953.60 23.84 22.55 22.00 353.63 181.30 42.75 0.10
0.00 437.14
935.80 23.04 22.08 21.66 354.51 184.61 48.33 0.10
0.00 602.46
914.70 22.34 21.47 21.08 355.34 189.75 50.47 0.20
4.00 802.03
891.60 21.54 20.01 19.34 352.79 194.63 45.38 0.30
2.00 1025.20
866.60 20.34 17.70 16.46 347.28 204.74 46.41 0.40
3.00 1272.21
838.80 19.84 13.71 10.07 336.68 212.85 40.46 0.50
0.00 1554.02
808.20 18.14 11.21 6.48 333.06 222.34 35.47 0.60
0.00 1873.43
774.80 15.04 9.30 5.15 332.40 229.57 34.44 0.80
0.00 2232.96
738.50 11.44 7.01 3.58 331.46 237.40 33.90 1.00
0.00 2636.90
699.40 7.24 4.32 1.86 330.34 246.32 36.27 1.00
0.00 3088.49
657.30 2.34 1.36 0.44 329.61 252.24 42.02 1.00
0.00 3595.45
612.40 -1.96 -2.83 -3.82 327.12 252.63 49.46 0.70
20.00 4163.41
565.20 -5.16 -8.19 -13.27 323.65 247.02 54.23 0.60
0.00 4797.72
519.40 -8.46 -11.60 -18.08 325.35 236.49 52.43 0.40
0.00 5457.38
478.00 -13.36 -16.12 -23.77 325.00 229.56 58.70 0.00
0.00 6095.56
441.00 -17.36 -20.98 -42.78 324.00 228.47 70.32 -0.40
0.00 6703.76
407.70 -22.16 -24.78 -42.20 325.24 226.00 70.75 -0.50
0.00 7286.17
377.50 -26.26 -28.15 -41.77 327.16 226.46 75.29 -0.60
0.00 7847.06
350.20 -28.86 -30.70 -48.78 330.23 234.67 80.96 -0.60
0.00 8386.76
325.60 -31.36 -33.07 -55.96 333.44 240.27 81.88 -0.60
0.00 8904.94
303.40 -34.16 -35.57 -56.54 336.29 241.42 81.62 -0.50
0.00 9401.86
283.40 -37.46 -38.55 -57.09 338.18 237.65 82.77 -0.40
0.00 9875.63
265.40 -40.36 -41.26 -60.82 340.25 235.59 90.40 -0.30
0.00 10325.58
248.60 -42.26 -43.09 -66.52 343.75 236.95 100.82 -0.20
0.00 10769.37
233.50 -44.36 -45.09 -71.85 346.73 235.60 108.29 0.00
0.00 11190.95
219.50 -47.36 -47.93 -72.27 348.28 234.61 112.70 0.10
0.00 11602.31
205.60 -50.66 -51.08 -72.72 349.66 236.25 110.49 0.10
0.00 12031.53
191.70 -53.76 -54.07 -73.19 351.76 238.27 105.28 0.20
0.00 12484.24
177.70 -56.86 -57.08 -73.70 354.38 239.28 100.78 0.30
0.00 12967.80
163.80 -60.06 -60.22 -74.24 357.36 242.70 94.44 0.30
0.00 13479.66
149.80 -63.46 -63.56 -74.84 360.75 249.52 87.70 0.40
0.00 14032.51
135.90 -66.36 -9999.00 -9999.00 -9999.00 254.17 79.76 0.30
0.00 14626.10
121.90 -68.46 -9999.00 -9999.00 -9999.00 250.23 68.32 0.20
0.00 15280.83
107.90 -70.46 -9999.00 -9999.00 -9999.00 242.30 61.42 0.20
0.00 16008.21
94.00 -71.06 -9999.00 -9999.00 -9999.00 243.70 56.12 0.10
0.00 16825.22
81.00 -67.06 -9999.00 -9999.00 -9999.00 246.80 44.39 0.00
0.00 17714.42
70.60 -65.66 -9999.00 -9999.00 -9999.00 211.50 28.24 0.00
0.00 18546.23
62.20 -64.36 -9999.00 -9999.00 -9999.00 230.25 27.04 0.00
0.00 19318.00
54.30 -57.46 -9999.00 -9999.00 -9999.00 271.33 16.71 0.00
0.00 20161.86
46.90 -58.86 -9999.00 -9999.00 -9999.00 236.31 2.80 0.00
0.00 21083.84
40.10 -58.86 -9999.00 -9999.00 -9999.00 157.96 8.80 0.00
0.00 22066.38
33.80 -54.16 -9999.00 -9999.00 -9999.00 176.58 13.03 0.00
0.00 23150.21
27.80 -52.46 -9999.00 -9999.00 -9999.00 118.61 9.73 0.00
0.00 24407.78
22.30 -50.96 -9999.00 -9999.00 -9999.00 70.75 12.96 0.00
0.00 25836.70
17.10 -49.66 -9999.00 -9999.00 -9999.00 50.53 8.55 0.00
0.00 27568.57
12.30 -48.26 -9999.00 -9999.00 -9999.00 23.86 11.05 0.00
0.00 29730.73

STID = KDAL STNM = 722583 TIME = 191021/0600 
SLAT = 32.84 SLON = -96.85 SELV = 138.0
STIM = 12

SHOW = -6.96 LIFT = -7.50 SWET = 563.16 KINX = 41.51
LCLP = 948.95 PWAT = 49.35 TOTL = 55.24 CAPE = 2657.21
LCLT = 295.25 CINS = -5.57 EQLV = 189.47 LFCT = 857.01
BRCH = 54.88

PRES TMPC TMWC DWPC THTE DRCT SKNT OMEG
CFRL HGHT
985.90 25.34 23.48 22.73 352.60 206.92 14.16 0.10
0.00 149.64
982.90 25.24 23.35 22.58 352.46 205.02 22.51 0.00
0.00 176.55
977.50 24.84 23.14 22.44 352.38 203.47 27.31 -0.10
0.00 225.14
968.10 24.04 22.76 22.22 352.20 202.11 33.55 -0.30
0.00 310.21
954.20 23.04 22.28 21.93 352.30 202.12 39.22 -0.60
0.00 437.14
936.60 21.64 21.50 21.38 351.69 202.70 43.80 -1.10
4.00 599.86
915.30 20.94 20.81 20.70 352.24 203.84 47.57 -1.60
26.00 800.17
892.10 20.14 19.98 19.86 352.57 205.76 49.16 -2.10
17.00 1023.11
867.20 19.14 19.03 18.93 352.79 207.47 49.26 -2.20
18.00 1268.10
839.30 17.14 17.03 16.92 349.26 215.89 47.71 -1.80
0.00 1549.50
808.70 14.44 13.90 13.57 342.45 228.60 48.17 -1.40
0.00 1866.15
775.00 12.64 10.16 8.56 335.24 233.80 46.70 -1.40
0.00 2225.64
738.70 10.54 7.36 5.02 332.53 234.22 42.85 -1.90
0.00 2627.47
699.50 6.84 4.69 2.94 331.37 235.39 40.37 -2.30
0.00 3079.24
657.50 1.84 1.45 1.07 329.82 238.15 38.66 -2.50
0.00 3584.19
612.60 -2.56 -3.03 -3.59 326.60 238.58 42.11 -2.50
100.00 4150.89
565.30 -4.76 -8.27 -14.42 323.42 231.24 53.05 -2.50
0.00 4786.11
519.50 -8.06 -11.51 -18.76 325.50 228.90 62.65 -2.60
0.00 5446.58
478.20 -11.86 -15.27 -24.65 326.54 230.58 73.43 -2.80
0.00 6085.29
441.20 -16.36 -18.68 -25.74 328.32 232.86 75.29 -3.20
0.00 6696.32
407.80 -20.06 -21.53 -26.30 331.06 238.85 71.72 -3.50
2.00 7284.16
377.50 -22.96 -24.08 -28.07 334.25 243.36 63.68 -3.40
4.00 7853.21
350.20 -26.36 -27.32 -31.47 336.08 242.24 58.39 -3.00
5.00 8399.52
325.60 -30.66 -31.33 -35.04 336.47 238.97 58.04 -2.30
12.00 8921.30
303.40 -34.76 -35.45 -41.02 336.59 240.19 62.92 -1.60
14.00 9418.46
283.40 -38.96 -39.22 -41.67 337.17 237.89 58.47 -0.90
4.00 9890.21
265.40 -42.96 -43.12 -45.05 337.33 238.57 65.56 -0.20
0.00 10336.29
248.60 -45.06 -45.58 -58.14 339.75 238.74 89.08 0.20
0.00 10774.94
233.50 -46.16 -46.77 -71.85 344.00 238.42 102.37 0.50
0.00 11192.31
219.50 -48.06 -48.58 -72.27 347.20 237.36 114.18 0.60
0.00 11601.41
205.60 -51.16 -51.55 -72.72 348.88 237.42 116.88 0.50
0.00 12029.48
191.70 -54.16 -54.45 -73.19 351.12 238.83 111.46 0.50
0.00 12481.27
177.70 -56.86 -57.08 -73.70 354.38 240.56 105.52 0.40
0.00 12964.39
163.80 -59.76 -59.92 -74.24 357.86 244.66 97.57 0.30
0.00 13476.61
149.80 -62.86 -62.97 -74.84 361.78 250.87 86.56 0.20
0.00 14030.63
135.90 -65.86 -9999.00 -9999.00 -9999.00 254.24 75.08 0.10
0.00 14625.79
121.90 -67.86 -9999.00 -9999.00 -9999.00 248.61 65.50 0.00
0.00 15282.27
108.00 -69.16 -9999.00 -9999.00 -9999.00 241.00 61.31 -0.10
0.00 16007.49
94.00 -70.36 -9999.00 -9999.00 -9999.00 240.23 52.82 -0.20
0.00 16834.05
81.00 -70.56 -9999.00 -9999.00 -9999.00 241.81 42.75 -0.20
0.00 17717.16
70.60 -66.06 -9999.00 -9999.00 -9999.00 239.87 32.11 0.00
0.00 18541.12
62.20 -64.16 -9999.00 -9999.00 -9999.00 237.72 21.83 0.00
0.00 19312.52
54.30 -57.26 -9999.00 -9999.00 -9999.00 258.91 10.10 0.10
0.00 20157.17
46.90 -58.66 -9999.00 -9999.00 -9999.00 158.46 7.94 0.00
0.00 21080.01
40.10 -57.66 -9999.00 -9999.00 -9999.00 209.17 9.56 0.00
0.00 22065.76
33.80 -53.76 -9999.00 -9999.00 -9999.00 160.71 8.24 0.00
0.00 23153.60
27.80 -52.96 -9999.00 -9999.00 -9999.00 87.14 7.77 0.00
0.00 24410.87
22.30 -51.36 -9999.00 -9999.00 -9999.00 95.71 15.62 0.00
0.00 25836.89
17.10 -50.26 -9999.00 -9999.00 -9999.00 47.23 10.59 0.00
0.00 27564.87
12.30 -48.16 -9999.00 -9999.00 -9999.00 37.45 11.50 0.00
0.00 29724.62

STID = KDAL STNM = 722583 TIME = 191021/0700 
SLAT = 32.84 SLON = -96.85 SELV = 138.0
STIM = 13

SHOW = -2.80 LIFT = -4.99 SWET = 379.36 KINX = 39.86
LCLP = 980.97 PWAT = 49.15 TOTL = 49.39 CAPE = 1919.78
LCLT = 295.77 CINS = 0.00 EQLV = 209.23 LFCT = 947.00
BRCH = 53.00

PRES TMPC TMWC DWPC THTE DRCT SKNT OMEG
CFRL HGHT
988.20 23.24 22.93 22.74 349.65 245.41 12.61 0.00
0.00 148.64
985.10 22.94 22.71 22.56 349.19 244.54 22.59 0.00
0.00 176.18
979.70 22.54 22.44 22.33 348.81 244.02 25.72 -0.20
0.00 224.29
970.20 22.04 21.90 21.78 347.96 243.10 30.05 -0.60
0.00 309.44
956.30 21.34 21.24 21.13 347.29 242.02 35.20 -1.20
100.00 435.25
938.50 20.54 20.43 20.32 346.70 240.11 38.99 -2.00
100.00 598.59
917.20 19.44 19.34 19.23 345.57 238.16 41.61 -2.90
100.00 797.45
894.00 18.14 18.01 17.89 343.95 236.52 43.32 -3.60
100.00 1018.36
868.90 16.64 16.52 16.41 342.23 235.26 43.98 -4.20
100.00 1262.61
841.00 14.84 14.73 14.62 340.08 235.41 44.83 -4.70
100.00 1540.77
810.10 12.84 12.73 12.62 338.05 233.76 46.00 -5.30
100.00 1857.51
776.40 10.74 10.69 10.61 336.74 229.17 47.24 -6.10
100.00 2214.23
740.00 8.54 8.45 8.35 335.68 223.66 46.99 -6.40
100.00 2614.08
700.60 5.54 5.48 5.39 333.46 225.55 42.99 -5.70
97.00 3065.18
658.40 2.14 2.09 2.01 331.36 239.37 40.40 -4.30
85.00 3571.13
613.40 -3.06 -3.09 -3.16 326.32 240.95 44.00 -3.10
74.00 4138.23
566.00 -3.96 -8.07 -15.49 323.66 233.09 60.49 -2.70
56.00 4774.33
520.10 -6.86 -11.15 -20.62 326.04 234.89 71.95 -2.70
59.00 5437.84
478.70 -12.16 -14.76 -20.95 327.48 237.51 74.84 -2.80
70.00 6078.52
441.60 -16.16 -18.22 -24.01 329.10 236.23 73.39 -2.90
82.00 6690.59
408.10 -18.96 -20.05 -22.99 333.74 233.57 65.42 -3.10
86.00 7281.31
377.80 -21.66 -22.34 -24.32 337.36 232.48 58.04 -3.30
91.00 7852.78
350.40 -25.46 -26.18 -28.87 338.04 233.09 56.60 -3.40
95.00 8403.24
325.80 -29.96 -30.66 -34.38 337.54 233.44 58.04 -3.20
92.00 8926.47
303.50 -34.06 -34.67 -39.04 337.85 231.71 56.43 -2.60
86.00 9427.09
283.50 -38.06 -38.33 -40.64 338.58 228.89 52.58 -1.80
75.00 9900.30
265.50 -41.76 -41.92 -43.72 339.21 228.95 55.91 -1.10
70.00 10348.25
248.70 -45.86 -45.99 -48.00 339.09 231.08 66.16 -0.70
100.00 10787.13
233.50 -48.16 -48.43 -54.49 341.36 235.13 86.65 -0.60
24.00 11204.63
219.50 -49.36 -49.76 -64.45 345.29 235.85 107.26 -0.50
0.00 11610.76
205.60 -51.96 -52.32 -72.72 347.62 235.92 117.50 -0.40
0.00 12036.81
191.70 -55.46 -55.71 -73.19 349.03 236.65 116.96 -0.20
0.00 12486.45
177.70 -58.66 -58.84 -73.70 351.43 238.35 110.68 0.00
0.00 12966.13
163.70 -61.36 -61.49 -74.25 355.24 241.71 103.69 0.20
0.00 13478.11
149.80 -63.86 -9999.00 -9999.00 -9999.00 247.52 93.98 0.40
0.00 14024.96
135.80 -66.26 -9999.00 -9999.00 -9999.00 253.46 79.84 0.40
0.00 14622.60
121.90 -68.16 -9999.00 -9999.00 -9999.00 251.93 68.24 0.30
0.00 15273.54
107.90 -68.96 -9999.00 -9999.00 -9999.00 244.99 60.66 0.20
0.00 16004.13
94.00 -70.06 -9999.00 -9999.00 -9999.00 240.15 51.52 0.00
0.00 16826.19
81.00 -70.86 -9999.00 -9999.00 -9999.00 238.36 42.21 0.00
0.00 17709.29
70.60 -66.56 -9999.00 -9999.00 -9999.00 237.82 34.65 0.00
0.00 18531.64
62.20 -62.46 -9999.00 -9999.00 -9999.00 228.20 22.14 0.00
0.00 19305.27
54.30 -58.96 -9999.00 -9999.00 -9999.00 239.74 5.40 0.00
0.00 20149.92
46.90 -59.46 -9999.00 -9999.00 -9999.00 145.78 5.87 0.00
0.00 21067.39
40.10 -56.96 -9999.00 -9999.00 -9999.00 200.10 8.49 0.00
0.00 22052.92
33.80 -53.36 -9999.00 -9999.00 -9999.00 131.28 10.61 0.00
0.00 23143.51
27.80 -52.46 -9999.00 -9999.00 -9999.00 82.61 10.59 0.00
0.00 24403.36
22.30 -51.56 -9999.00 -9999.00 -9999.00 94.50 17.35 0.00
0.00 25830.34
17.10 -49.86 -9999.00 -9999.00 -9999.00 53.13 15.54 0.00
0.00 27559.10
12.30 -47.86 -9999.00 -9999.00 -9999.00 41.42 8.80 0.00
0.00 29722.22

STID = KDAL STNM = 722583 TIME = 191021/0800 
SLAT = 32.84 SLON = -96.85 SELV = 138.0
STIM = 14

SHOW = 7.88 LIFT = 2.31 SWET = 114.50 KINX = 23.23
LCLP = 926.33 PWAT = 27.54 TOTL = 36.45 CAPE = 29.51
LCLT = 291.13 CINS = -164.70 EQLV = 552.87 LFCT = 687.97
BRCH = 0.71

PRES TMPC TMWC DWPC THTE DRCT SKNT OMEG
CFRL HGHT
988.60 23.44 20.42 19.02 338.93 252.22 10.82 0.00
0.00 149.51
985.50 23.54 20.14 18.54 338.25 253.69 16.59 0.00
0.00 177.01
980.10 23.24 19.71 18.02 337.36 254.45 19.56 0.00
0.00 225.09
970.70 22.74 18.88 16.96 335.53 257.04 22.53 0.00
0.00 309.28
956.90 21.84 17.49 15.18 332.37 261.00 23.60 0.00
39.00 434.01
939.20 20.74 15.67 12.69 328.46 271.93 23.14 0.20
53.00 595.95
918.10 19.24 13.73 10.14 325.00 287.63 21.81 0.50
70.00 792.01
895.00 18.04 11.93 7.54 322.58 292.41 20.38 0.70
73.00 1010.70
870.00 17.44 10.25 4.48 320.96 287.10 18.49 0.90
76.00 1252.90
842.20 16.24 7.58 -1.01 317.17 286.91 20.71 0.80
78.00 1529.43
811.50 14.04 5.83 -2.97 316.83 281.71 22.03 0.60
64.00 1843.55
777.90 11.24 6.93 3.38 324.98 259.57 24.69 0.60
64.00 2198.37
741.40 8.84 7.04 5.71 331.16 236.78 39.70 0.90
65.00 2598.44
701.90 5.74 3.88 2.29 328.72 230.84 41.84 0.80
76.00 3049.81
659.50 1.94 -0.84 -3.96 323.69 241.04 45.73 0.30
80.00 3556.65
614.40 -1.06 -4.76 -10.16 322.23 245.13 55.89 -0.20
48.00 4125.18
566.80 -4.06 -9.45 -22.23 320.50 241.68 62.24 -0.40
0.00 4764.67
520.70 -7.76 -13.56 -38.32 320.83 239.30 66.20 -0.60
0.00 5428.56
479.10 -11.66 -16.84 -50.29 323.01 234.67 69.52 -0.60
0.00 6070.70
441.90 -15.16 -19.34 -41.86 326.67 230.12 72.40 -0.50
0.00 6685.27
408.40 -18.86 -22.28 -42.60 329.32 229.40 75.21 -0.40
0.00 7276.43
378.00 -22.46 -25.32 -45.70 331.72 230.21 78.61 -0.30
0.00 7848.19
350.60 -26.36 -28.45 -43.61 333.89 229.40 78.81 -0.20
0.00 8396.14
325.90 -30.36 -31.65 -40.90 335.79 227.68 76.46 -0.20
1.00 8919.70
303.60 -34.36 -35.06 -40.48 337.17 225.32 73.21 -0.20
5.00 9419.38
283.60 -38.36 -38.75 -42.51 337.85 221.65 72.79 -0.10
9.00 9891.81
265.50 -42.06 -42.43 -47.41 338.38 221.90 78.83 -0.20
1.00 10341.56
248.70 -45.06 -45.58 -58.14 339.71 229.21 91.59 -0.40
0.00 10780.90
233.50 -47.56 -48.06 -66.97 341.92 234.38 96.06 -0.60
0.00 11199.66
219.50 -49.66 -50.07 -67.42 344.78 235.13 104.64 -0.60
0.00 11606.04
205.60 -52.26 -52.58 -67.89 347.20 234.54 115.19 -0.50
0.00 12031.53
191.60 -55.66 -55.90 -73.19 348.76 234.94 117.00 -0.30
0.00 12484.00
177.70 -58.86 -59.03 -73.70 351.11 236.20 111.03 -0.20
0.00 12959.94
163.70 -61.46 -61.59 -74.25 355.08 239.81 103.15 0.00
0.00 13471.55
149.80 -63.86 -9999.00 -9999.00 -9999.00 246.23 92.54 0.10
0.00 14018.28
135.80 -66.46 -9999.00 -9999.00 -9999.00 251.11 78.01 0.20
0.00 14615.64
121.90 -68.26 -9999.00 -9999.00 -9999.00 248.17 66.34 0.20
0.00 15266.09
107.90 -68.86 -9999.00 -9999.00 -9999.00 239.85 61.11 0.10
0.00 15996.69
94.00 -69.96 -9999.00 -9999.00 -9999.00 231.70 52.97 0.00
0.00 16819.15
81.00 -70.96 -9999.00 -9999.00 -9999.00 234.20 43.82 0.00
0.00 17702.25
70.60 -65.46 -9999.00 -9999.00 -9999.00 246.76 37.41 0.10
0.00 18526.61
62.20 -59.56 -9999.00 -9999.00 -9999.00 243.43 21.29 0.10
0.00 19307.66
54.30 -59.36 -9999.00 -9999.00 -9999.00 212.62 5.77 0.00
0.00 20157.28
46.90 -59.26 -9999.00 -9999.00 -9999.00 171.12 6.29 0.00
0.00 21074.32
40.10 -55.46 -9999.00 -9999.00 -9999.00 182.34 9.52 0.00
0.00 22063.74
33.80 -53.36 -9999.00 -9999.00 -9999.00 107.53 7.73 0.00
0.00 23158.09
27.80 -52.06 -9999.00 -9999.00 -9999.00 81.47 11.79 0.00
0.00 24419.08
22.30 -53.56 -9999.00 -9999.00 -9999.00 97.59 14.70 0.00
0.00 25840.90
17.10 -48.36 -9999.00 -9999.00 -9999.00 75.26 11.44 0.00
0.00 27567.72
12.30 -47.06 -9999.00 -9999.00 -9999.00 34.02 9.38 0.00
0.00 29741.93

STID = KDAL STNM = 722583 TIME = 191021/0900 
SLAT = 32.84 SLON = -96.85 SELV = 138.0
STIM = 15

SHOW = 9.82 LIFT = 7.67 SWET = 101.09 KINX = 12.01
LCLP = 894.12 PWAT = 16.81 TOTL = 32.86 CAPE = 0.00
LCLT = 285.50 CINS = 0.00 EQLV = -9999.00 LFCT = -9999.00
BRCH = 0.00

PRES TMPC TMWC DWPC THTE DRCT SKNT OMEG
CFRL HGHT
989.50 20.74 16.44 13.91 324.28 297.07 9.81 0.00
0.00 148.49
986.50 20.84 16.06 13.17 323.40 299.32 16.26 0.00
0.00 174.77
981.10 20.64 15.60 12.49 322.62 301.64 19.62 0.00
0.00 222.26
971.70 20.24 14.88 11.44 321.53 306.03 23.78 0.10
0.00 305.45
957.90 19.54 13.86 10.00 320.11 316.65 28.57 0.10
0.00 428.77
940.10 19.24 12.33 7.11 317.75 329.93 34.11 0.10
0.00 590.11
918.90 18.54 10.27 2.95 314.48 335.83 37.47 -0.10
20.00 785.79
895.90 16.84 9.01 1.73 314.03 340.35 37.55 -0.50
23.00 1002.25
871.00 16.14 8.62 1.73 316.23 334.93 23.37 -0.60
26.00 1241.93
843.20 15.94 6.13 -5.52 313.10 300.53 17.60 -0.30
28.00 1517.19
812.50 14.14 2.91 -17.17 308.98 291.39 25.04 0.10
14.00 1830.45
778.80 12.04 1.21 -20.57 309.60 274.73 25.93 0.10
14.00 2185.62
742.20 8.14 2.98 -2.50 319.85 242.35 23.02 -0.10
15.00 2585.34
702.80 5.44 0.58 -5.16 320.01 238.91 29.72 0.00
25.00 3033.39
660.40 2.04 -2.17 -7.74 320.34 245.48 46.33 0.10
28.00 3538.80
615.10 -1.36 -5.81 -13.28 319.76 248.58 60.10 -0.20
0.00 4108.63
567.40 -4.26 -10.32 -28.43 318.51 248.00 61.17 -0.60
0.00 4747.95
521.10 -8.26 -14.08 -43.91 319.71 242.55 61.95 -0.90
0.00 5413.11
479.50 -12.36 -17.22 -45.30 322.30 233.79 67.40 -0.80
0.00 6053.26
442.20 -15.66 -19.73 -42.75 325.90 228.83 74.07 -0.50
0.00 6667.61
408.60 -18.76 -22.38 -47.42 329.06 227.08 79.31 -0.30
0.00 7259.70
378.10 -22.16 -25.24 -51.31 331.78 226.61 83.14 -0.10
0.00 7833.55
350.70 -26.06 -28.45 -50.23 333.80 225.00 84.62 -0.10
0.00 8381.98
326.00 -30.06 -31.76 -47.58 335.52 223.41 83.95 0.00
0.00 8905.97
303.60 -34.36 -35.48 -47.16 336.44 222.08 83.49 0.00
0.00 9408.08
283.60 -38.66 -39.37 -48.27 336.83 220.59 83.90 -0.10
0.00 9880.16
265.50 -42.56 -43.15 -54.30 337.21 224.28 87.92 -0.20
0.00 10329.10
248.70 -45.56 -46.10 -61.32 338.88 232.36 92.23 -0.20
0.00 10767.46
233.50 -48.46 -48.91 -66.97 340.56 235.39 94.41 -0.20
0.00 11184.93
219.60 -50.26 -50.64 -67.41 343.81 234.01 103.48 -0.10
0.00 11586.97
205.60 -52.36 -52.68 -67.89 347.04 233.68 116.43 0.00
0.00 12014.74
191.70 -55.46 -55.71 -73.19 349.03 234.43 118.22 0.10
0.00 12463.97
177.70 -58.46 -58.64 -73.70 351.76 235.79 112.28 0.10
0.00 12943.87
163.80 -60.66 -60.80 -74.24 356.36 239.79 103.85 0.10
0.00 13453.11
149.80 -62.86 -9999.00 -9999.00 -9999.00 246.42 91.78 0.00
0.00 14005.95
135.80 -65.56 -9999.00 -9999.00 -9999.00 248.88 76.01 0.00
0.00 14606.04
121.90 -67.96 -9999.00 -9999.00 -9999.00 243.28 63.07 0.00
0.00 15258.39
107.90 -70.06 -9999.00 -9999.00 -9999.00 237.66 59.56 0.10
0.00 15987.38
94.00 -71.16 -9999.00 -9999.00 -9999.00 234.85 57.01 0.00
0.00 16805.00
81.00 -70.16 -9999.00 -9999.00 -9999.00 241.56 47.73 0.00
0.00 17687.23
70.60 -64.96 -9999.00 -9999.00 -9999.00 248.90 35.61 0.00
0.00 18514.20
62.20 -58.46 -9999.00 -9999.00 -9999.00 238.06 19.46 0.00
0.00 19298.21
54.30 -60.66 -9999.00 -9999.00 -9999.00 177.40 8.55 0.00
0.00 20147.44
46.90 -60.06 -9999.00 -9999.00 -9999.00 187.00 11.15 0.00
0.00 21059.98
40.10 -55.86 -9999.00 -9999.00 -9999.00 179.18 13.60 0.00
0.00 22046.65
33.80 -53.26 -9999.00 -9999.00 -9999.00 117.70 8.78 0.00
0.00 23140.24
27.80 -51.66 -9999.00 -9999.00 -9999.00 93.52 12.65 0.00
0.00 24402.67
22.30 -53.56 -9999.00 -9999.00 -9999.00 83.12 11.34 0.00
0.00 25825.78
17.10 -48.46 -9999.00 -9999.00 -9999.00 77.77 11.93 0.00
0.00 27552.20
12.30 -47.66 -9999.00 -9999.00 -9999.00 36.47 5.56 0.00
0.00 29723.04

STID = KDAL STNM = 722583 TIME = 191021/1000 
SLAT = 32.84 SLON = -96.85 SELV = 138.0
STIM = 16

SHOW = 10.96 LIFT = 10.23 SWET = 101.77 KINX = 7.10
LCLP = 901.63 PWAT = 14.29 TOTL = 30.57 CAPE = 0.00
LCLT = 283.53 CINS = 0.00 EQLV = -9999.00 LFCT = -9999.00
BRCH = 0.00

PRES TMPC TMWC DWPC THTE DRCT SKNT OMEG
CFRL HGHT
991.00 18.14 14.34 11.81 317.47 308.99 10.49 0.00
0.00 149.24
988.00 18.34 14.06 11.15 316.98 311.53 18.16 -0.10
0.00 175.23
982.60 18.14 13.71 10.65 316.61 313.53 21.43 -0.10
0.00 222.21
973.20 17.74 13.10 9.80 315.98 319.35 27.14 -0.20
0.00 304.52
959.40 17.04 12.26 8.71 315.23 328.39 32.61 -0.20
0.00 426.53
941.60 16.14 11.19 7.32 314.42 338.92 37.26 -0.20
0.00 586.05
920.40 15.44 9.31 3.83 311.87 346.03 38.64 -0.20
0.00 779.37
897.40 15.34 7.15 -1.86 308.98 350.54 35.45 0.00
0.00 993.71
872.30 15.54 7.09 -1.99 311.94 343.21 23.54 0.20
0.00 1233.89
844.40 15.34 5.67 -6.26 311.81 295.38 16.76 0.50
0.00 1509.05
813.60 13.24 2.76 -15.01 308.65 288.87 24.01 0.70
0.00 1822.09
779.90 11.24 1.17 -17.46 309.53 277.54 29.58 0.60
0.00 2175.77
743.30 8.24 0.41 -11.56 313.26 252.70 24.83 0.20
0.00 2574.20
703.70 4.64 -0.94 -8.70 316.25 239.34 25.52 0.00
0.00 3022.92
661.20 1.04 -3.52 -10.43 317.15 250.14 37.18 0.00
0.00 3527.02
615.80 -1.76 -6.72 -16.19 317.66 252.19 56.51 0.00
0.00 4095.78
568.00 -4.76 -10.71 -29.28 317.65 252.51 59.48 -0.10
0.00 4734.57
521.60 -8.16 -14.10 -47.58 319.55 246.21 64.53 -0.50
0.00 5399.97
479.90 -12.36 -17.17 -43.51 322.33 236.05 71.66 -0.80
0.00 6041.21
442.50 -16.26 -20.13 -41.85 325.15 229.89 75.68 -1.00
0.00 6656.03
408.80 -19.76 -23.13 -47.41 327.72 228.09 79.10 -1.00
0.00 7247.69
378.20 -22.66 -25.67 -53.45 331.01 227.17 83.43 -0.90
0.00 7821.49
350.80 -25.96 -28.43 -52.95 333.78 226.09 86.27 -0.80
0.00 8369.32
326.00 -29.86 -31.70 -50.86 335.59 224.10 87.37 -0.80
0.00 8895.67
303.70 -34.26 -35.50 -50.03 336.35 222.47 87.16 -0.90
0.00 9395.75
283.60 -38.76 -39.62 -52.86 336.41 222.67 87.98 -0.80
0.00 9870.09
265.50 -42.66 -43.29 -56.37 336.98 226.35 87.53 -0.70
0.00 10318.83
248.70 -46.26 -46.73 -59.58 337.88 231.03 90.19 -0.40
0.00 10756.42
233.50 -49.46 -49.81 -61.80 339.13 232.67 92.58 -0.10
0.00 11172.32
219.50 -50.76 -51.12 -67.42 343.08 231.43 101.86 0.10
0.00 11576.00
205.60 -52.46 -52.77 -67.89 346.88 231.98 116.38 0.20
0.00 12000.23
191.70 -55.36 -55.61 -73.19 349.19 232.79 118.53 0.30
0.00 12449.47
177.70 -57.86 -58.06 -73.70 352.75 234.39 112.76 0.20
0.00 12930.14
163.80 -60.06 -9999.00 -9999.00 -9999.00 239.71 104.37 0.10
0.00 13440.81
149.80 -62.96 -9999.00 -9999.00 -9999.00 246.06 92.87 0.00
0.00 13994.30
135.90 -65.46 -9999.00 -9999.00 -9999.00 244.72 77.78 0.00
0.00 14589.89
121.90 -67.66 -9999.00 -9999.00 -9999.00 241.27 66.69 0.00
0.00 15247.33
107.90 -69.96 -9999.00 -9999.00 -9999.00 239.10 62.02 0.00
0.00 15977.02
94.00 -71.46 -9999.00 -9999.00 -9999.00 236.15 58.24 0.10
0.00 16794.24
81.00 -69.16 -9999.00 -9999.00 -9999.00 240.28 48.99 0.10
0.00 17678.00
70.60 -61.26 -9999.00 -9999.00 -9999.00 242.96 31.62 0.00
0.00 18514.42
62.20 -58.96 -9999.00 -9999.00 -9999.00 207.93 18.24 0.00
0.00 19304.37
54.30 -61.16 -9999.00 -9999.00 -9999.00 176.31 12.06 -0.10
0.00 20151.60
46.90 -59.66 -9999.00 -9999.00 -9999.00 182.68 12.45 0.00
0.00 21063.93
40.10 -56.06 -9999.00 -9999.00 -9999.00 192.34 6.37 0.00
0.00 22051.06
33.80 -53.86 -9999.00 -9999.00 -9999.00 100.84 9.30 0.00
0.00 23142.65
27.80 -53.76 -9999.00 -9999.00 -9999.00 101.63 13.48 0.00
0.00 24397.35
22.30 -52.76 -9999.00 -9999.00 -9999.00 72.26 10.20 0.00
0.00 25816.27
17.10 -48.16 -9999.00 -9999.00 -9999.00 40.31 8.41 0.00
0.00 27546.97
12.30 -47.76 -9999.00 -9999.00 -9999.00 330.26 4.70 0.00
0.00 29718.78

STID = KDAL STNM = 722583 TIME = 191021/1100 
SLAT = 32.84 SLON = -96.85 SELV = 138.0
STIM = 17

SHOW = 12.76 LIFT = 14.89 SWET = 105.79 KINX = -0.75
LCLP = 890.97 PWAT = 11.25 TOTL = 26.35 CAPE = 0.00
LCLT = 281.14 CINS = 0.00 EQLV = -9999.00 LFCT = -9999.00
BRCH = 0.00

PRES TMPC TMWC DWPC THTE DRCT SKNT OMEG
CFRL HGHT
993.10 16.84 12.68 9.60 312.40 330.26 10.96 0.00
0.00 150.01
990.20 17.04 12.36 8.79 311.82 332.65 19.02 -0.10
0.00 174.96
984.70 16.94 11.99 8.13 311.44 334.09 22.67 -0.10
0.00 222.46
975.30 16.64 11.19 6.71 310.35 337.64 29.62 -0.10
0.00 304.20
961.50 16.04 9.89 4.34 308.48 341.57 35.63 -0.10
0.00 425.38
943.70 15.44 7.75 -0.68 305.03 346.29 40.99 -0.10
0.00 583.84
922.50 14.84 5.40 -8.19 301.69 348.79 42.97 -0.10
0.00 775.93
899.40 13.64 5.61 -4.41 305.05 350.19 36.46 -0.20
0.00 989.61
874.40 14.94 6.37 -3.50 309.86 330.41 18.10 0.00
0.00 1227.26
846.40 14.64 4.54 -9.87 308.72 293.11 17.33 0.40
0.00 1502.03
815.50 12.24 1.97 -17.13 306.61 293.33 23.06 0.80
0.00 1814.34
781.60 10.84 0.67 -19.94 308.14 277.57 30.96 1.00
0.00 2168.39
744.90 8.64 -0.04 -15.05 311.86 258.82 34.05 0.60
0.00 2566.95
705.20 4.74 -1.87 -12.63 313.83 248.40 31.14 0.00
0.00 3016.07
662.50 0.64 -4.02 -11.45 315.86 251.87 34.34 -0.20
0.00 3521.08
616.90 -2.86 -7.02 -14.69 316.93 254.76 49.53 0.00
0.00 4089.71
568.80 -5.86 -11.00 -25.48 317.07 251.81 57.25 0.20
0.00 4728.96
522.30 -8.06 -13.93 -43.29 319.78 245.58 67.19 0.20
0.00 5393.70
480.40 -12.46 -17.18 -41.98 322.23 237.69 76.30 0.00
0.00 6037.26
442.90 -16.56 -20.40 -43.22 324.57 231.43 78.52 -0.30
0.00 6652.65
409.10 -20.16 -23.50 -50.64 326.97 229.78 79.12 -0.40
0.00 7244.75
378.50 -23.06 -26.04 -58.02 330.28 227.18 83.16 -0.50
0.00 7817.20
350.90 -26.26 -28.71 -55.35 333.27 226.18 86.42 -0.40
0.00 8367.94
326.10 -30.26 -32.12 -54.68 334.85 225.81 87.78 -0.50
0.00 8893.37
303.80 -34.46 -35.81 -55.27 335.79 224.55 88.05 -0.60
0.00 9392.65
283.70 -38.56 -39.48 -54.73 336.58 223.02 87.41 -0.60
0.00 9866.83
265.50 -42.66 -43.27 -55.27 337.02 222.39 87.59 -0.40
0.00 10318.15
248.70 -46.56 -46.98 -58.14 337.48 224.30 89.57 -0.10
0.00 10755.46
233.50 -49.36 -49.71 -61.80 339.28 226.61 93.03 0.10
0.00 11171.18
219.60 -50.46 -50.83 -67.41 343.50 229.09 104.10 0.30
0.00 11572.24
205.60 -52.26 -52.58 -67.89 347.20 231.40 117.07 0.40
0.00 11999.91
191.70 -54.76 -55.03 -73.19 350.16 233.28 118.26 0.40
0.00 12449.96
177.70 -57.16 -57.38 -73.70 353.89 236.53 112.00 0.30
0.00 12932.08
163.80 -59.86 -9999.00 -9999.00 -9999.00 240.97 102.86 0.20
0.00 13443.82
149.80 -62.16 -9999.00 -9999.00 -9999.00 243.27 88.95 0.10
0.00 13998.62
135.90 -63.86 -9999.00 -9999.00 -9999.00 242.76 73.85 0.00
0.00 14597.63
121.90 -67.26 -9999.00 -9999.00 -9999.00 242.50 63.95 -0.10
0.00 15258.25
107.90 -70.96 -9999.00 -9999.00 -9999.00 237.83 58.74 0.00
0.00 15986.88
94.00 -71.76 -9999.00 -9999.00 -9999.00 232.78 57.81 0.10
0.00 16801.47
81.00 -66.66 -9999.00 -9999.00 -9999.00 236.45 45.69 0.10
0.00 17690.02
70.60 -60.76 -9999.00 -9999.00 -9999.00 236.43 25.64 0.00
0.00 18532.48
62.20 -61.06 -9999.00 -9999.00 -9999.00 203.48 20.96 0.00
0.00 19319.46
54.30 -62.46 -9999.00 -9999.00 -9999.00 208.41 13.48 0.00
0.00 20159.93
46.90 -58.96 -9999.00 -9999.00 -9999.00 189.83 14.78 0.00
0.00 21070.97
40.10 -55.46 -9999.00 -9999.00 -9999.00 181.55 7.19 0.00
0.00 22061.08
33.80 -54.96 -9999.00 -9999.00 -9999.00 86.82 10.51 0.00
0.00 23151.42
27.80 -55.26 -9999.00 -9999.00 -9999.00 88.03 11.27 0.00
0.00 24398.69
22.30 -52.46 -9999.00 -9999.00 -9999.00 90.00 9.71 0.00
0.00 25813.74
17.10 -48.46 -9999.00 -9999.00 -9999.00 40.86 9.50 0.00
0.00 27544.44
12.30 -47.66 -9999.00 -9999.00 -9999.00 320.19 4.55 0.00
0.00 29715.28

STID = KDAL STNM = 722583 TIME = 191021/1200 
SLAT = 32.84 SLON = -96.85 SELV = 138.0
STIM = 18

SHOW = 14.27 LIFT = 16.88 SWET = 109.95 KINX = -4.16
LCLP = 881.98 PWAT = 9.50 TOTL = 23.19 CAPE = 0.00
LCLT = 278.84 CINS = 0.00 EQLV = -9999.00 LFCT = -9999.00
BRCH = 0.00

PRES TMPC TMWC DWPC THTE DRCT SKNT OMEG
CFRL HGHT
993.50 15.34 11.01 7.43 307.83 335.38 10.26 0.00
0.00 149.09
990.50 15.64 10.66 6.39 307.22 336.57 19.06 -0.10
0.00 174.73
985.10 15.64 10.30 5.58 306.87 337.38 22.73 -0.10
0.00 221.11
975.70 15.44 9.43 3.75 305.70 340.64 30.48 -0.10
0.00 302.40
961.90 15.04 8.09 0.71 303.87 343.72 36.01 -0.10
0.00 422.99
944.10 14.84 6.06 -5.71 300.88 346.10 40.42 -0.10
0.00 580.83
923.00 14.94 4.82 -11.53 300.21 346.43 40.56 0.00
0.00 771.65
899.80 14.24 4.76 -9.27 302.83 345.47 32.52 0.20
0.00 986.32
874.70 13.74 5.06 -6.27 306.64 331.39 19.46 0.30
0.00 1224.46
846.80 13.04 3.38 -11.83 306.01 304.70 18.43 0.50
0.00 1496.72
815.80 10.74 0.66 -21.71 303.70 296.57 23.45 0.80
0.00 1808.15
782.00 9.44 -0.64 -26.19 305.18 281.24 30.91 0.90
0.00 2159.12
745.20 8.84 -0.35 -17.72 311.03 261.64 41.43 0.70
0.00 2557.64
705.50 5.44 -1.33 -11.92 314.96 244.93 39.88 0.10
0.00 3007.28
662.70 0.94 -3.81 -11.29 316.27 249.80 39.94 -0.30
0.00 3514.22
617.10 -2.96 -7.27 -15.50 316.37 252.40 50.74 -0.20
0.00 4082.87
569.00 -6.26 -11.24 -25.35 316.59 251.99 58.41 0.00
0.00 4721.28
522.40 -8.16 -13.86 -39.43 319.94 241.74 70.57 0.00
0.00 5386.66
480.50 -12.86 -17.44 -41.51 321.75 236.59 75.85 -0.10
0.00 6029.50
442.90 -16.66 -20.64 -49.03 324.10 234.02 75.37 -0.30
0.00 6645.85
409.10 -19.66 -23.14 -51.65 327.58 232.03 80.83 -0.40
0.00 7238.40
378.50 -23.76 -26.53 -53.44 329.48 231.15 80.81 -0.50
0.00 7810.62
351.00 -27.96 -30.10 -55.35 330.95 228.70 80.92 -0.30
0.00 8356.64
326.20 -31.56 -33.26 -57.43 332.94 225.37 84.62 0.00
0.00 8878.70
303.80 -34.86 -36.18 -56.53 335.18 223.87 90.54 0.30
0.00 9378.37
283.70 -38.46 -39.39 -54.73 336.72 222.39 93.63 0.40
0.00 9852.25
265.50 -42.56 -43.20 -56.37 337.12 222.27 95.30 0.40
0.00 10303.77
248.70 -45.86 -46.35 -59.58 338.48 225.40 98.21 0.30
0.00 10741.84
233.50 -48.16 -48.60 -63.98 341.06 227.57 101.05 0.30
0.00 11159.30
219.60 -49.66 -50.07 -67.41 344.73 229.00 110.16 0.30
0.00 11562.16
205.60 -51.56 -51.93 -72.72 348.25 231.78 119.93 0.30
0.00 11991.28
191.70 -54.06 -54.36 -73.19 351.28 235.37 118.28 0.20
0.00 12442.76
177.70 -56.86 -57.08 -73.70 354.38 238.81 111.03 0.10
0.00 12925.99
163.80 -59.56 -59.73 -74.24 358.20 241.18 101.55 0.00
0.00 13438.45
149.80 -61.46 -61.60 -74.84 364.19 242.58 87.74 0.00
0.00 13994.56
135.90 -63.46 -9999.00 -9999.00 -9999.00 242.40 72.11 -0.10
0.00 14595.13
121.90 -67.06 -9999.00 -9999.00 -9999.00 240.12 61.62 -0.10
0.00 15256.71
107.90 -70.86 -9999.00 -9999.00 -9999.00 234.13 58.00 0.00
0.00 15985.87
94.00 -70.86 -9999.00 -9999.00 -9999.00 235.20 58.20 0.10
0.00 16802.48
81.00 -64.96 -9999.00 -9999.00 -9999.00 245.01 44.15 0.00
0.00 17696.70
70.60 -61.56 -9999.00 -9999.00 -9999.00 244.70 23.64 -0.10
0.00 18540.97
62.20 -62.46 -9999.00 -9999.00 -9999.00 210.69 20.55 -0.10
0.00 19323.87
54.30 -62.46 -9999.00 -9999.00 -9999.00 216.87 15.54 0.00
0.00 20161.56
46.90 -59.16 -9999.00 -9999.00 -9999.00 181.97 16.92 0.00
0.00 21072.17
40.10 -56.26 -9999.00 -9999.00 -9999.00 181.55 7.19 0.00
0.00 22059.99
33.80 -56.06 -9999.00 -9999.00 -9999.00 87.34 8.35 0.00
0.00 23145.57
27.80 -55.36 -9999.00 -9999.00 -9999.00 93.24 10.31 0.00
0.00 24389.41
22.30 -51.86 -9999.00 -9999.00 -9999.00 99.09 9.83 0.00
0.00 25806.07
17.10 -49.46 -9999.00 -9999.00 -9999.00 36.25 10.84 0.00
0.00 27535.21
12.30 -48.36 -9999.00 -9999.00 -9999.00 312.27 2.89 0.00
0.00 29697.86

STID = KDAL STNM = 722583 TIME = 191021/1300 
SLAT = 32.84 SLON = -96.85 SELV = 138.0
STIM = 19

SHOW = 15.31 LIFT = 17.74 SWET = 114.37 KINX = -10.61
LCLP = 894.20 PWAT = 8.24 TOTL = 21.42 CAPE = 0.00
LCLT = 278.59 CINS = 0.00 EQLV = -9999.00 LFCT = -9999.00
BRCH = 0.00

PRES TMPC TMWC DWPC THTE DRCT SKNT OMEG
CFRL HGHT
994.60 14.04 10.25 6.99 305.77 325.95 8.68 0.00
0.00 149.02
991.70 14.54 9.94 5.83 305.27 330.41 18.10 -0.10
0.00 173.68
986.20 14.44 9.51 4.97 304.79 332.05 21.54 -0.10
0.00 220.67
976.80 14.54 8.65 2.76 303.64 337.58 30.05 -0.20
0.00 301.56
963.00 14.04 7.31 -0.22 301.92 341.26 35.08 -0.20
0.00 421.59
945.20 13.44 5.67 -4.55 300.00 344.17 39.16 -0.10
0.00 578.59
924.00 14.04 4.57 -10.40 299.65 343.08 39.39 0.10
0.00 769.36
900.80 14.44 4.07 -13.86 301.00 337.41 33.88 0.20
0.00 983.49
875.70 13.04 3.71 -10.94 303.29 332.45 25.19 0.40
0.00 1221.05
847.70 11.64 2.66 -11.95 304.36 317.45 19.25 0.60
0.00 1492.92
816.70 9.54 0.05 -21.42 302.38 306.13 24.05 0.90
0.00 1802.59
782.80 8.04 -1.74 -31.89 302.78 293.20 28.11 1.10
0.00 2152.59
745.90 7.74 -2.01 -28.76 307.14 265.77 39.55 0.90
0.00 2549.91
706.10 5.64 -2.17 -16.80 312.85 247.84 46.35 0.20
0.00 2999.34
663.40 1.14 -4.09 -12.85 315.51 242.09 44.41 -0.50
0.00 3504.83
617.60 -3.46 -7.54 -15.37 315.77 247.63 51.05 -0.70
0.00 4075.08
569.40 -5.96 -11.25 -27.14 316.45 252.69 62.67 -0.60
0.00 4714.08
522.80 -8.26 -13.89 -38.65 319.82 241.15 74.07 -0.40
0.00 5379.19
480.80 -12.96 -17.46 -40.23 321.68 235.09 76.03 -0.20
0.00 6022.89
443.10 -16.36 -20.33 -45.39 324.63 236.70 79.25 -0.10
0.00 6640.80
409.30 -20.26 -23.60 -51.65 326.76 237.16 76.30 -0.10
0.00 7232.73
378.60 -24.66 -27.22 -52.31 328.31 236.31 77.04 -0.20
0.00 7804.89
351.00 -28.16 -30.26 -55.35 330.68 230.28 80.56 -0.20
0.00 8351.61
326.20 -31.56 -33.28 -59.20 332.90 226.27 86.83 -0.20
0.00 8873.45
303.80 -35.16 -36.46 -58.00 334.72 224.15 92.58 0.00
0.00 9372.81
283.70 -38.76 -39.66 -54.73 336.29 222.97 97.16 0.20
0.00 9846.08
265.60 -42.66 -43.27 -55.27 336.98 223.67 100.70 0.40
0.00 10294.65
248.70 -45.76 -46.26 -59.58 338.63 227.73 103.69 0.40
0.00 10735.24
233.50 -48.16 -48.60 -63.98 341.06 229.05 104.93 0.40
0.00 11152.80
219.50 -49.36 -49.79 -67.42 345.24 230.09 114.45 0.50
0.00 11558.92
205.60 -51.16 -51.55 -72.72 348.88 233.91 122.36 0.40
0.00 11985.74
191.70 -53.86 -54.16 -73.19 351.60 237.38 117.85 0.40
0.00 12437.84
177.70 -56.66 -56.89 -73.70 354.71 239.86 111.42 0.20
0.00 12921.51
163.80 -58.96 -59.14 -74.24 359.21 242.03 102.72 0.00
0.00 13434.92
149.80 -60.76 -60.92 -74.84 365.40 244.38 89.39 -0.20
0.00 13992.74
135.90 -63.16 -9999.00 -9999.00 -9999.00 244.25 73.33 -0.30
0.00 14594.74
121.90 -66.96 -9999.00 -9999.00 -9999.00 239.19 61.07 -0.30
0.00 15256.95
107.90 -71.06 -9999.00 -9999.00 -9999.00 230.95 58.28 -0.10
0.00 15985.93
94.00 -70.96 -9999.00 -9999.00 -9999.00 236.26 59.11 0.00
0.00 16801.93
81.00 -64.96 -9999.00 -9999.00 -9999.00 252.65 45.59 0.00
0.00 17695.93
70.60 -62.86 -9999.00 -9999.00 -9999.00 259.28 26.09 0.00
0.00 18537.59
62.20 -63.76 -9999.00 -9999.00 -9999.00 226.95 20.20 0.00
0.00 19315.67
54.30 -62.16 -9999.00 -9999.00 -9999.00 211.73 17.37 0.00
0.00 20151.37
46.90 -59.36 -9999.00 -9999.00 -9999.00 182.92 19.06 0.00
0.00 21062.20
40.10 -56.26 -9999.00 -9999.00 -9999.00 178.57 7.77 0.00
0.00 22049.55
33.80 -55.96 -9999.00 -9999.00 -9999.00 100.41 9.67 0.00
0.00 23135.39
27.80 -55.56 -9999.00 -9999.00 -9999.00 105.42 11.69 0.00
0.00 24378.94
22.30 -52.26 -9999.00 -9999.00 -9999.00 104.78 14.47 0.00
0.00 25793.67
17.10 -48.66 -9999.00 -9999.00 -9999.00 81.63 13.34 0.00
0.00 27524.37
12.30 -47.56 -9999.00 -9999.00 -9999.00 328.78 7.50 0.00
0.00 29694.72

STID = KDAL STNM = 722583 TIME = 191021/1400 
SLAT = 32.84 SLON = -96.85 SELV = 138.0
STIM = 20

SHOW = 15.48 LIFT = 17.41 SWET = 111.90 KINX = -13.23
LCLP = 881.93 PWAT = 7.91 TOTL = 20.32 CAPE = 0.00
LCLT = 277.88 CINS = 0.00 EQLV = -9999.00 LFCT = -9999.00
BRCH = 0.00

PRES TMPC TMWC DWPC THTE DRCT SKNT OMEG
CFRL HGHT
995.80 14.54 10.24 6.49 305.59 329.98 10.10 0.00
0.00 149.03
992.80 14.54 9.72 5.32 304.59 331.44 17.46 -0.10
0.00 174.53
987.40 14.24 9.22 4.48 303.93 332.70 20.34 -0.10
0.00 220.58
978.00 13.94 8.28 2.52 302.65 336.75 27.06 -0.10
0.00 301.25
964.10 13.14 7.02 0.17 301.17 339.74 30.85 -0.10
0.00 421.70
946.30 12.24 5.52 -2.97 299.65 344.99 35.99 0.00
0.00 577.96
925.10 13.14 4.36 -9.16 299.16 345.68 37.68 0.20
0.00 767.85
901.90 14.24 3.76 -15.44 300.14 335.13 32.32 0.40
0.00 981.31
876.70 13.14 3.17 -14.53 301.85 321.89 25.17 0.60
0.00 1219.45
848.60 11.14 2.05 -14.01 302.88 315.00 19.77 0.70
0.00 1491.73
817.60 8.74 -0.24 -20.01 301.78 312.54 22.42 1.00
0.00 1800.35
783.60 6.64 -2.36 -28.69 301.58 300.23 28.55 1.10
0.00 2149.66
746.70 6.24 -2.87 -29.20 305.34 273.69 36.21 0.90
0.00 2544.53
706.80 5.84 -2.18 -17.54 312.70 252.99 51.81 0.30
0.00 2993.56
664.00 1.44 -3.95 -12.96 315.71 244.86 52.56 -0.30
0.00 3500.20
618.10 -3.16 -7.74 -17.14 315.23 250.75 55.96 -0.60
0.00 4071.78
569.90 -5.76 -11.36 -29.60 316.10 248.61 60.70 -0.70
0.00 4710.76
523.10 -9.46 -14.59 -36.60 318.54 244.81 68.90 -0.60
0.00 5376.97
481.00 -13.36 -17.81 -41.96 321.00 239.09 74.49 -0.50
0.00 6019.91
443.30 -17.36 -21.10 -46.69 323.25 237.21 75.33 -0.20
0.00 6635.87
409.40 -21.36 -24.40 -49.72 325.39 243.11 76.88 0.00
0.00 7226.90
378.70 -25.16 -27.64 -53.44 327.58 241.10 78.77 0.00
0.00 7797.10
351.10 -28.16 -30.26 -55.34 330.65 232.73 82.75 -0.20
0.00 8343.11
326.30 -31.36 -33.11 -59.20 333.15 229.16 90.89 -0.30
0.00 8865.01
303.80 -35.06 -36.42 -61.99 334.77 226.90 95.24 -0.30
0.00 9366.83
283.70 -39.06 -40.00 -58.54 335.74 223.71 97.82 -0.20
0.00 9839.89
265.60 -43.06 -43.66 -56.36 336.36 223.07 101.85 -0.10
0.00 10287.78
248.70 -45.96 -46.42 -58.14 338.37 226.93 105.83 0.20
0.00 10727.80
233.50 -48.26 -48.67 -61.80 340.95 228.72 108.04 0.30
0.00 11145.08
219.60 -49.46 -49.88 -67.41 345.04 230.11 117.21 0.40
0.00 11548.03
205.60 -51.26 -51.65 -72.72 348.72 234.48 121.72 0.50
0.00 11977.63
191.70 -53.76 -54.07 -73.19 351.76 237.87 116.53 0.40
0.00 12429.73
177.70 -56.06 -56.31 -73.70 355.69 240.28 112.06 0.30
0.00 12914.18
163.80 -58.36 -58.56 -74.24 360.21 244.49 104.18 0.20
0.00 13429.02
149.80 -60.56 -60.72 -74.84 365.74 248.09 91.08 0.00
0.00 13987.88
135.90 -63.26 -9999.00 -9999.00 -9999.00 246.84 77.54 -0.10
0.00 14590.02
121.90 -66.76 -9999.00 -9999.00 -9999.00 237.85 66.08 -0.20
0.00 15252.39
107.90 -70.46 -9999.00 -9999.00 -9999.00 227.70 61.19 -0.10
0.00 15982.81
94.00 -71.36 -9999.00 -9999.00 -9999.00 232.68 59.60 0.00
0.00 16799.21
81.00 -66.56 -9999.00 -9999.00 -9999.00 253.17 48.31 0.10
0.00 17688.85
70.60 -62.96 -9999.00 -9999.00 -9999.00 262.73 27.60 0.00
0.00 18527.09
62.20 -63.66 -9999.00 -9999.00 -9999.00 217.38 17.60 0.00
0.00 19305.17
54.30 -61.16 -9999.00 -9999.00 -9999.00 206.57 16.94 0.00
0.00 20143.06
46.90 -58.26 -9999.00 -9999.00 -9999.00 204.62 15.38 0.00
0.00 21058.39
40.10 -55.16 -9999.00 -9999.00 -9999.00 189.46 4.72 0.00
0.00 22050.79
33.80 -55.46 -9999.00 -9999.00 -9999.00 87.71 9.71 0.00
0.00 23140.63
27.80 -54.96 -9999.00 -9999.00 -9999.00 105.95 12.72 0.00
0.00 24387.33
22.30 -51.66 -9999.00 -9999.00 -9999.00 110.47 15.56 0.00
0.00 25805.92
17.10 -48.26 -9999.00 -9999.00 -9999.00 86.91 14.39 0.00
0.00 27540.51
12.30 -47.86 -9999.00 -9999.00 -9999.00 43.26 4.53 0.00
0.00 29711.35

STID = KDAL STNM = 722583 TIME = 191021/1500 
SLAT = 32.84 SLON = -96.85 SELV = 138.0
STIM = 21

SHOW = 17.21 LIFT = 18.07 SWET = 117.74 KINX = -21.72
LCLP = 874.38 PWAT = 7.36 TOTL = 15.17 CAPE = 0.00
LCLT = 277.59 CINS = 0.00 EQLV = -9999.00 LFCT = -9999.00
BRCH = 0.00

PRES TMPC TMWC DWPC THTE DRCT SKNT OMEG
CFRL HGHT
996.90 15.04 10.39 6.34 305.84 330.95 10.00 0.00
0.00 148.19
993.80 14.74 9.73 5.13 304.49 332.80 15.73 -0.10
0.00 174.54
988.40 14.34 9.20 4.31 303.76 333.43 18.69 -0.10
0.00 220.57
979.00 13.64 8.33 3.00 302.68 336.48 22.88 -0.10
0.00 301.13
965.10 12.64 7.17 1.25 301.44 339.69 26.30 -0.10
0.00 421.30
947.20 11.94 5.31 -3.21 299.08 346.95 32.69 -0.10
0.00 578.08
926.00 12.64 4.31 -8.20 299.02 348.16 33.14 0.10
0.00 767.52
902.70 13.24 3.54 -13.42 299.71 338.27 28.87 0.20
0.00 981.18
877.60 12.64 2.60 -16.85 300.47 319.92 25.64 0.30
0.00 1217.52
849.40 10.74 1.33 -17.55 301.18 308.29 23.50 0.30
0.00 1490.02
818.30 8.14 -0.51 -19.52 301.18 306.30 23.62 0.30
0.00 1798.77
784.30 5.84 -2.57 -25.08 301.23 304.12 28.40 0.40
0.00 2146.94
747.30 4.94 -3.56 -28.30 303.98 282.16 35.98 0.30
0.00 2541.08
707.40 5.04 -3.30 -22.79 310.12 255.96 49.65 0.10
0.00 2987.99
664.40 1.34 -4.49 -15.14 314.44 247.07 54.84 -0.20
0.00 3495.67
618.60 -3.06 -8.51 -21.96 313.51 251.57 57.75 -0.40
0.00 4065.45
570.20 -5.86 -11.45 -29.97 315.86 252.39 64.20 -0.50
0.00 4706.53
523.40 -8.46 -13.98 -37.91 319.55 244.43 70.20 -0.40
0.00 5373.50
481.20 -13.06 -17.54 -40.63 321.44 246.31 71.06 -0.20
0.00 6019.25
443.50 -17.76 -21.26 -42.73 322.97 252.77 72.80 0.10
0.00 6634.84
409.60 -21.96 -24.81 -47.39 324.69 250.38 76.92 0.30
0.00 7224.45
378.80 -26.26 -28.51 -52.31 326.14 245.31 82.30 0.40
0.00 7794.34
351.20 -29.96 -31.76 -55.34 328.19 243.55 86.34 0.40
0.00 8337.00
326.30 -31.96 -33.62 -59.20 332.32 231.49 89.86 0.30
0.00 8858.35
303.90 -35.36 -36.68 -61.99 334.32 226.99 94.83 0.20
0.00 9356.91
283.70 -38.96 -39.96 -62.52 335.79 222.77 98.70 0.20
0.00 9832.05
265.60 -43.06 -43.68 -57.61 336.32 221.43 103.63 0.20
0.00 10280.03
248.70 -45.56 -46.07 -59.58 338.93 225.58 108.51 0.30
0.00 10720.43
233.50 -47.16 -47.66 -63.98 342.58 228.17 114.18 0.40
0.00 11139.09
219.50 -48.76 -49.22 -67.42 346.17 230.72 121.21 0.40
0.00 11546.66
205.60 -50.86 -51.27 -72.72 349.35 235.14 120.98 0.30
0.00 11974.34
191.70 -53.26 -53.59 -73.19 352.56 239.23 118.47 0.20
0.00 12427.36
177.70 -55.96 -56.21 -73.70 355.86 241.47 113.87 0.10
0.00 12912.48
163.80 -58.86 -59.05 -74.24 359.37 244.61 106.00 0.00
0.00 13426.85
149.80 -61.16 -61.31 -74.84 364.71 247.54 93.53 0.00
0.00 13984.26
135.90 -64.06 -64.17 -75.48 369.87 247.17 78.61 0.00
0.00 14584.41
121.90 -67.16 -9999.00 -9999.00 -9999.00 238.16 69.97 0.00
0.00 15244.88
107.90 -69.96 -9999.00 -9999.00 -9999.00 226.66 66.51 0.10
0.00 15975.47
94.00 -70.46 -9999.00 -9999.00 -9999.00 228.76 60.70 0.10
0.00 16794.70
81.00 -65.76 -9999.00 -9999.00 -9999.00 253.00 46.52 0.10
0.00 17688.04
70.60 -62.56 -9999.00 -9999.00 -9999.00 268.90 30.30 0.00
0.00 18528.69
62.20 -63.16 -9999.00 -9999.00 -9999.00 216.18 16.12 0.00
0.00 19308.44
54.30 -60.86 -9999.00 -9999.00 -9999.00 224.03 16.22 0.00
0.00 20147.92
46.90 -57.96 -9999.00 -9999.00 -9999.00 218.52 12.16 0.00
0.00 21064.54
40.10 -55.16 -9999.00 -9999.00 -9999.00 156.80 2.95 0.00
0.00 22057.63
33.80 -56.06 -9999.00 -9999.00 -9999.00 88.12 11.85 0.00
0.00 23145.96
27.80 -54.26 -9999.00 -9999.00 -9999.00 112.91 14.98 0.00
0.00 24392.95
22.30 -49.86 -9999.00 -9999.00 -9999.00 117.53 15.56 0.00
0.00 25819.61
17.10 -47.36 -9999.00 -9999.00 -9999.00 90.77 14.37 0.00
0.00 27564.69
12.30 -47.26 -9999.00 -9999.00 -9999.00 8.43 5.30 0.00
0.00 29742.76
STN YYMMDD/HHMM PMSL PRES SKTC STC1 SNFL WTNS
P01M C01M STC2 LCLD MCLD HCLD
SNRA UWND VWND R01M BFGR T2MS
Q2MS WXTS WXTP WXTZ WXTR USTM
VSTM HLCY SLLH WSYM CDBP VSBK
TD2M
722583 191020/1800 1008.00 992.00 34.14 307.30 -9999.00 0.00
-9999.00 -9999.00 305.70 9.00 0.00 0.00
-9999.00 -1.40 3.50 -9999.00 -9999.00 27.64
11.60 0.00 0.00 0.00 0.00 14.50
4.60 120.40 -9999.00 999.00 -9999.00 20.00
15.93
722583 191020/1900 1006.80 990.80 35.54 308.70 0.00 100.00
0.00 0.00 307.30 3.00 0.00 0.00
-9999.00 -1.50 4.10 -9999.00 -9999.00 29.24
9.74 0.00 0.00 0.00 0.00 14.80
5.00 111.90 -9999.00 999.00 -9999.00 20.00
13.25
722583 191020/2000 1004.80 989.00 35.64 308.80 0.00 100.00
0.00 0.00 307.60 0.00 0.00 0.00
-9999.00 -1.10 5.00 -9999.00 -9999.00 30.44
10.35 0.00 0.00 0.00 0.00 14.20
5.70 139.00 -9999.00 999.00 -9999.00 20.00
14.14
722583 191020/2100 1004.20 988.40 34.74 307.90 0.00 100.00
0.00 0.00 307.10 12.00 0.00 0.00
-9999.00 -0.40 5.80 -9999.00 -9999.00 30.94
12.83 0.00 0.00 0.00 0.00 13.00
6.00 134.90 -9999.00 999.00 -9999.00 20.00
17.42
722583 191020/2200 1003.90 988.10 32.64 305.80 0.00 100.00
0.00 0.00 305.40 15.00 0.00 0.00
-9999.00 0.10 6.30 -9999.00 -9999.00 30.44
14.21 0.00 0.00 0.00 0.00 12.50
5.80 137.80 -9999.00 999.00 -9999.00 20.00
19.01
722583 191020/2300 1003.50 987.70 29.94 303.10 0.00 100.00
0.00 0.00 303.20 12.00 0.00 0.00
-9999.00 -0.30 5.90 -9999.00 -9999.00 29.54
14.26 0.00 0.00 0.00 0.00 12.60
5.70 172.60 -9999.00 999.00 -9999.00 20.00
19.06
722583 191021/0000 1003.80 987.90 27.44 300.60 0.00 100.00
0.00 0.00 300.90 0.00 0.00 0.00
-9999.00 -0.80 5.20 -9999.00 -9999.00 28.24
14.44 0.00 0.00 0.00 0.00 12.50
5.40 233.40 -9999.00 999.00 -9999.00 20.00
19.26
722583 191021/0100 1003.80 987.90 26.34 299.50 0.00 100.00
0.00 0.00 299.70 0.00 0.00 0.00
-9999.00 -1.60 4.30 -9999.00 -9999.00 27.14
15.20 0.00 0.00 0.00 0.00 11.20
5.20 296.50 -9999.00 999.00 -9999.00 20.00
20.07
722583 191021/0200 1003.10 987.20 26.04 299.20 0.00 100.00
0.00 0.00 299.30 0.00 0.00 0.00
-9999.00 -1.30 5.30 -9999.00 -9999.00 26.94
15.24 0.00 0.00 0.00 0.00 10.00
6.10 331.00 -9999.00 999.00 -9999.00 20.00
20.10
722583 191021/0300 1001.80 986.00 26.14 299.30 0.00 100.00
0.00 0.00 299.30 0.00 0.00 0.00
-9999.00 -0.50 6.40 -9999.00 -9999.00 27.24
14.67 0.00 0.00 0.00 0.00 10.30
6.50 344.40 -9999.00 999.00 -9999.00 20.00
19.48
722583 191021/0400 1001.60 985.80 25.34 298.50 0.00 100.00
0.00 0.00 298.70 0.00 0.00 0.00
-9999.00 -1.80 7.30 -9999.00 -9999.00 25.94
16.28 0.00 0.00 0.00 0.00 12.70
5.80 525.60 -9999.00 999.00 -9999.00 20.00
21.12
722583 191021/0500 1002.40 986.50 25.04 298.20 0.00 100.00
0.00 0.00 298.30 4.00 20.00 0.00
-9999.00 -0.50 7.80 -9999.00 -9999.00 25.44
17.76 0.00 0.00 0.00 0.00 15.10
6.70 545.80 -9999.00 999.00 -9999.00 20.00
22.51
722583 191021/0600 1003.10 987.20 24.34 297.50 0.00 100.00
2.51 2.50 297.80 26.00 100.00 0.00
-9999.00 2.90 6.50 -9999.00 -9999.00 24.84
18.14 0.00 0.00 0.00 1.00 19.50
9.70 344.50 -9999.00 60.00 936.60 0.00
22.86
722583 191021/0700 1005.30 989.40 23.54 296.70 0.00 100.00
17.78 9.31 297.00 100.00 100.00 0.00
-9999.00 5.40 2.30 -9999.00 -9999.00 22.84
17.58 0.00 0.00 0.00 1.00 24.80
8.40 -111.60 -9999.00 60.00 970.20 0.00
22.40
722583 191021/0800 1005.90 989.90 22.04 295.20 0.00 100.00
7.00 2.24 295.70 80.00 48.00 0.00
-9999.00 5.20 1.90 -9999.00 -9999.00 23.04
14.56 0.00 0.00 0.00 1.00 23.80
2.60 -90.20 -9999.00 60.00 -9999.00 0.00
19.42
722583 191021/0900 1006.80 990.70 18.64 291.80 0.00 100.00
0.00 0.00 292.80 28.00 0.00 0.00
-9999.00 4.90 -2.40 -9999.00 -9999.00 20.24
10.58 0.00 0.00 0.00 0.00 23.50
-1.20 -57.80 -9999.00 999.00 -9999.00 0.05
14.50
722583 191021/1000 1008.50 992.30 16.04 289.20 0.00 100.00
0.00 0.00 290.40 0.00 0.00 0.00
-9999.00 4.50 -3.90 -9999.00 -9999.00 17.74
9.14 0.00 0.00 0.00 0.00 22.90
-2.90 -63.40 -9999.00 999.00 -9999.00 20.00
12.31
722583 191021/1100 1010.70 994.50 14.44 287.60 0.00 100.00
0.00 0.00 288.70 0.00 0.00 0.00
-9999.00 2.90 -5.30 -9999.00 -9999.00 16.34
7.92 0.00 0.00 0.00 0.00 22.90
-3.70 -197.70 -9999.00 999.00 -9999.00 20.00
10.22
722583 191021/1200 1011.20 994.80 12.84 286.00 0.00 100.00
0.00 0.00 287.20 0.00 0.00 0.00
-9999.00 2.50 -5.20 -9999.00 -9999.00 14.84
6.85 0.00 0.00 0.00 0.00 23.80
-3.10 -334.50 -9999.00 999.00 -9999.00 20.00
8.09
722583 191021/1300 1012.40 995.90 11.94 285.10 0.00 100.00
0.00 0.00 286.10 0.00 0.00 0.00
-9999.00 2.60 -4.20 -9999.00 -9999.00 13.64
6.62 0.00 0.00 0.00 0.00 24.40
-2.70 -411.20 -9999.00 999.00 -9999.00 20.00
7.61
722583 191021/1400 1013.60 997.10 13.34 286.50 0.00 100.00
0.00 0.00 287.00 0.00 0.00 0.00
-9999.00 2.80 -4.80 -9999.00 -9999.00 14.24
6.50 0.00 0.00 0.00 0.00 24.50
-3.60 -452.00 -9999.00 999.00 -9999.00 20.00
7.36
722583 191021/1500 1014.60 998.10 15.24 288.40 0.00 100.00
0.00 0.00 288.50 0.00 0.00 0.00
-9999.00 2.70 -4.80 -9999.00 -9999.00 14.94
6.56 0.00 0.00 0.00 0.00 24.20
-4.90 -457.20 -9999.00 999.00 -9999.00 20.00
7.51


