
SNPARM = PRES;TMPC;TMWC;DWPC;THTE;DRCT;SKNT;OMEG;CFRL;HGHT 
STNPRM = SHOW;LIFT;SWET;KINX;LCLP;PWAT;TOTL;CAPE;LCLT;CINS;EQLV;LFCT;BRCH 

STID = KDAL STNM = 722583 TIME = 191020/1900 
SLAT = 32.84 SLON = -96.85 SELV = 138.0
STIM = 0

SHOW = 3.13 LIFT = -0.33 SWET = 221.43 KINX = 22.65
LCLP = 830.45 PWAT = 26.29 TOTL = 44.29 CAPE = 189.10
LCLT = 286.66 CINS = -289.86 EQLV = 331.30 LFCT = 537.88
BRCH = 2.10

PRES TMPC TMWC DWPC THTE DRCT SKNT OMEG
CFRL HGHT
989.70 28.24 20.19 16.24 337.66 163.69 8.29 0.00
0.00 147.87
986.60 27.44 19.85 16.07 336.77 165.43 10.04 0.00
0.00 175.71
981.20 26.84 19.49 15.79 336.19 166.46 10.78 0.00
0.00 224.29
971.80 26.04 18.84 15.12 335.08 168.11 11.31 -0.10
0.00 309.29
958.00 24.84 17.78 13.95 333.13 169.78 12.04 -0.20
0.00 435.11
940.30 23.14 16.73 13.13 331.92 172.00 12.55 -0.30
0.00 598.32
919.10 21.04 15.89 12.97 332.08 175.43 14.61 -0.20
0.00 796.61
896.00 19.34 14.96 12.43 332.28 190.84 18.59 -0.10
3.00 1016.53
871.00 18.54 12.18 7.80 326.70 206.12 22.49 0.20
0.00 1259.78
843.00 18.54 10.57 4.43 325.67 220.03 25.37 0.40
0.00 1539.94
812.30 16.84 8.84 2.15 325.04 226.05 29.95 0.40
0.00 1856.88
778.60 13.74 6.74 0.43 324.18 225.50 31.59 0.40
0.00 2215.78
742.00 9.84 4.87 0.32 324.82 224.19 28.98 0.30
0.00 2618.63
702.50 6.14 1.01 -4.92 321.07 227.60 30.24 0.20
0.00 3070.05
660.20 5.04 -1.80 -12.02 320.97 226.27 37.10 0.10
0.00 3577.69
614.90 1.64 -5.26 -18.68 320.71 227.07 41.92 0.00
0.00 4153.64
567.30 -2.96 -8.62 -21.17 322.10 228.61 45.82 0.00
0.00 4796.81
521.00 -7.86 -12.57 -25.58 322.93 230.09 52.68 0.00
0.00 5464.49
479.40 -12.66 -16.54 -30.23 323.79 231.06 55.94 -0.10
0.00 6105.15
442.10 -17.56 -20.60 -34.21 324.54 232.73 55.17 -0.20
0.00 6717.16
408.50 -21.96 -24.19 -35.66 326.13 235.71 56.20 -0.30
0.00 7303.60
378.00 -25.96 -27.56 -36.89 328.06 237.09 59.69 -0.30
0.00 7869.76
350.60 -30.06 -31.27 -40.20 329.26 234.99 65.70 -0.40
0.00 8409.84
325.90 -32.36 -33.83 -51.68 332.13 230.83 81.18 -0.40
0.00 8927.28
303.60 -34.16 -35.59 -58.00 336.19 229.09 94.33 -0.40
0.00 9425.01
283.50 -36.66 -37.86 -58.55 339.25 229.74 101.30 -0.40
0.00 9901.71
265.50 -40.06 -40.97 -59.07 340.69 230.89 104.39 -0.30
0.00 10352.55
248.70 -43.96 -44.58 -59.58 341.31 232.37 104.97 -0.30
0.00 10794.83
233.50 -47.36 -47.82 -61.80 342.32 233.72 105.05 -0.20
0.00 11214.79
219.50 -49.36 -49.79 -67.42 345.24 235.13 107.71 -0.20
0.00 11621.63
205.60 -51.36 -51.72 -67.89 348.61 235.71 113.79 -0.10
0.00 12048.26
191.70 -54.46 -54.74 -73.19 350.64 235.42 118.43 0.00
0.00 12499.54
177.70 -58.46 -58.64 -73.70 351.76 235.97 117.66 0.00
0.00 12980.55
163.80 -61.96 -62.08 -74.24 354.17 237.54 110.74 0.10
0.00 13488.24
149.80 -64.46 -64.55 -74.84 359.03 240.30 103.09 0.10
0.00 14037.29
135.90 -66.26 -9999.00 -9999.00 -9999.00 240.10 88.05 0.10
0.00 14629.60
121.90 -68.26 -9999.00 -9999.00 -9999.00 237.01 75.27 0.10
0.00 15284.81
108.00 -70.46 -9999.00 -9999.00 -9999.00 231.37 64.41 0.00
0.00 16007.01
94.00 -70.76 -9999.00 -9999.00 -9999.00 225.73 53.71 0.00
0.00 16830.12
81.00 -68.96 -9999.00 -9999.00 -9999.00 222.01 44.70 0.00
0.00 17715.84
70.60 -64.36 -9999.00 -9999.00 -9999.00 220.95 34.98 0.00
0.00 18546.44
62.20 -62.36 -9999.00 -9999.00 -9999.00 222.96 27.08 0.00
0.00 19324.33
54.30 -61.06 -9999.00 -9999.00 -9999.00 223.26 13.60 0.00
0.00 20165.01
46.90 -59.76 -9999.00 -9999.00 -9999.00 209.54 13.40 0.00
0.00 21077.33
40.10 -57.06 -9999.00 -9999.00 -9999.00 163.69 8.29 0.00
0.00 22061.94
33.80 -55.66 -9999.00 -9999.00 -9999.00 142.13 8.86 0.00
0.00 23146.53
27.80 -52.36 -9999.00 -9999.00 -9999.00 123.69 7.71 0.00
0.00 24400.09
22.30 -50.66 -9999.00 -9999.00 -9999.00 103.78 10.61 0.00
0.00 25830.30
17.10 -47.26 -9999.00 -9999.00 -9999.00 113.75 10.61 0.00
0.00 27572.66
12.30 -46.26 -9999.00 -9999.00 -9999.00 201.04 2.70 0.00
0.00 29756.03

STID = KDAL STNM = 722583 TIME = 191020/2000 
SLAT = 32.84 SLON = -96.85 SELV = 138.0
STIM = 1

SHOW = -0.10 LIFT = -1.80 SWET = 314.03 KINX = 25.87
LCLP = 802.57 PWAT = 28.08 TOTL = 47.99 CAPE = 464.31
LCLT = 285.60 CINS = -125.40 EQLV = 307.39 LFCT = 701.55
BRCH = 5.53

PRES TMPC TMWC DWPC THTE DRCT SKNT OMEG
CFRL HGHT
988.20 29.94 20.39 15.67 338.55 165.68 9.42 0.00
0.00 148.84
985.20 29.14 20.07 15.54 337.75 167.07 12.16 0.00
0.00 175.97
979.80 28.54 19.81 15.42 337.53 167.56 13.52 0.00
0.00 224.88
970.40 27.54 19.38 15.25 337.29 168.54 14.67 -0.10
0.00 310.45
956.60 26.24 18.81 15.01 337.16 170.07 15.77 -0.20
0.00 437.10
938.90 24.64 18.09 14.71 337.12 171.30 16.71 -0.40
0.00 601.45
917.70 22.64 17.19 14.33 336.98 173.80 17.97 -0.50
0.00 801.21
894.60 20.54 16.16 13.81 336.75 178.30 19.62 -0.40
0.00 1022.64
869.60 18.54 14.90 12.88 336.11 189.38 22.65 -0.20
0.00 1267.08
841.70 17.24 12.48 9.48 332.11 209.64 25.93 0.10
4.00 1546.54
810.90 16.74 8.77 2.07 325.02 222.37 29.97 0.30
0.00 1864.52
777.30 13.84 6.34 -0.75 323.21 221.99 31.35 0.30
0.00 2222.92
740.80 10.24 4.53 -0.95 324.05 219.66 29.53 0.20
0.00 2625.57
701.40 6.74 1.17 -5.29 321.61 221.28 31.80 0.10
0.00 3077.29
659.20 4.84 -2.00 -12.37 320.68 225.00 38.19 0.00
0.00 3584.85
614.10 1.54 -5.35 -18.86 320.65 228.54 42.25 -0.20
0.00 4158.74
566.60 -2.86 -8.76 -22.44 321.90 231.19 47.11 -0.20
0.00 4801.35
520.50 -7.56 -12.57 -27.12 322.98 232.31 54.00 -0.20
0.00 5467.32
479.00 -12.46 -16.55 -31.61 323.84 231.31 57.48 -0.20
0.00 6107.58
441.80 -17.46 -20.60 -35.10 324.58 231.61 57.25 -0.30
0.00 6718.75
408.30 -22.16 -24.46 -37.09 325.70 233.70 58.08 -0.40
0.00 7303.66
377.90 -26.36 -27.98 -38.11 327.37 235.04 60.68 -0.50
0.00 7867.48
350.50 -30.26 -31.48 -40.80 328.94 233.95 67.99 -0.50
0.00 8407.03
325.80 -32.76 -34.11 -49.42 331.73 231.36 83.06 -0.50
0.00 8923.98
303.50 -34.66 -36.01 -56.53 335.56 229.96 96.93 -0.50
0.00 9420.94
283.50 -37.16 -38.28 -57.09 338.57 229.35 103.19 -0.50
0.00 9894.35
265.40 -40.36 -41.24 -59.07 340.29 229.80 105.03 -0.40
0.00 10347.01
248.70 -43.96 -44.58 -59.58 341.31 231.13 105.54 -0.40
0.00 10786.45
233.50 -47.16 -47.63 -61.80 342.62 232.71 106.45 -0.30
0.00 11206.60
219.50 -49.06 -49.50 -67.42 345.70 234.47 110.99 -0.30
0.00 11613.89
205.60 -51.16 -51.55 -72.72 348.88 235.46 116.49 -0.30
0.00 12041.00
191.70 -54.46 -54.74 -73.19 350.64 236.05 118.26 -0.20
0.00 12492.49
177.70 -58.26 -58.45 -73.70 352.09 237.28 114.98 -0.10
0.00 12973.72
163.80 -61.76 -61.88 -74.24 354.51 239.55 110.41 -0.10
0.00 13481.88
149.80 -64.16 -64.25 -74.84 359.55 241.46 100.84 0.00
0.00 14031.59
135.90 -65.96 -9999.00 -9999.00 -9999.00 241.16 87.37 0.00
0.00 14624.75
121.90 -68.16 -9999.00 -9999.00 -9999.00 236.96 75.54 0.00
0.00 15280.60
108.00 -70.36 -9999.00 -9999.00 -9999.00 230.28 65.66 0.00
0.00 16003.16
94.00 -70.76 -9999.00 -9999.00 -9999.00 228.89 56.72 0.10
0.00 16826.47
81.00 -67.76 -9999.00 -9999.00 -9999.00 229.79 46.04 0.10
0.00 17714.81
70.60 -63.56 -9999.00 -9999.00 -9999.00 227.22 35.47 0.00
0.00 18549.42
62.20 -61.96 -9999.00 -9999.00 -9999.00 226.38 28.44 0.00
0.00 19329.54
54.30 -60.56 -9999.00 -9999.00 -9999.00 227.68 14.70 0.00
0.00 20172.00
46.90 -59.46 -9999.00 -9999.00 -9999.00 217.52 13.71 0.00
0.00 21086.05
40.10 -56.66 -9999.00 -9999.00 -9999.00 173.42 10.16 0.00
0.00 22072.26
33.80 -54.86 -9999.00 -9999.00 -9999.00 149.04 9.05 0.00
0.00 23159.85
27.80 -51.86 -9999.00 -9999.00 -9999.00 120.70 7.23 0.00
0.00 24417.12
22.30 -50.16 -9999.00 -9999.00 -9999.00 100.20 9.87 0.00
0.00 25850.56
17.10 -46.86 -9999.00 -9999.00 -9999.00 116.57 11.29 0.00
0.00 27596.42
12.30 -45.86 -9999.00 -9999.00 -9999.00 209.36 3.57 0.00
0.00 29783.65

STID = KDAL STNM = 722583 TIME = 191020/2100 
SLAT = 32.84 SLON = -96.85 SELV = 138.0
STIM = 2

SHOW = -3.80 LIFT = -4.61 SWET = 448.44 KINX = 28.64
LCLP = 818.72 PWAT = 32.35 TOTL = 52.10 CAPE = 1337.57
LCLT = 288.09 CINS = -26.13 EQLV = 243.41 LFCT = 751.90
BRCH = 21.85

PRES TMPC TMWC DWPC THTE DRCT SKNT OMEG
CFRL HGHT
986.90 30.74 21.86 17.89 344.90 173.00 11.15 0.00
0.00 148.90
983.90 30.04 21.59 17.78 344.23 173.25 14.86 0.00
0.00 176.16
978.40 29.44 21.34 17.67 344.04 174.09 17.00 0.00
0.00 226.25
969.10 28.54 20.97 17.52 343.95 174.53 18.34 -0.10
0.00 311.39
955.30 27.24 20.41 17.28 343.83 175.47 19.68 -0.20
0.00 438.77
937.50 25.54 19.69 16.97 343.68 176.76 20.63 -0.30
0.00 604.98
916.40 23.64 18.84 16.58 343.63 178.45 21.56 -0.50
0.00 804.94
893.30 21.44 17.84 16.10 343.37 180.49 22.53 -0.60
0.00 1027.65
868.20 19.14 16.56 15.26 342.48 183.34 23.35 -0.60
0.00 1274.34
840.30 16.64 14.99 14.11 341.17 193.16 24.73 -0.70
22.00 1554.68
809.60 15.34 11.19 8.50 332.93 208.94 27.29 -0.50
6.00 1871.66
776.00 13.64 6.51 -0.03 323.92 214.87 28.88 -0.40
0.00 2230.02
739.60 10.34 3.96 -2.58 322.68 216.11 29.33 -0.30
0.00 2632.13
700.40 7.04 0.97 -6.35 321.23 216.80 32.75 -0.20
0.00 3082.45
658.30 4.64 -2.19 -12.72 320.39 223.75 37.92 -0.10
0.00 3589.55
613.40 1.24 -5.44 -18.38 320.60 229.78 41.22 -0.10
0.00 4161.10
566.00 -3.26 -8.96 -22.15 321.62 233.28 44.83 0.00
0.00 4802.25
520.00 -7.86 -12.79 -27.27 322.67 233.61 51.40 0.20
0.00 5466.59
478.60 -12.46 -16.53 -31.44 323.95 231.83 56.59 0.20
0.00 6105.51
441.50 -17.46 -20.55 -34.44 324.75 231.13 57.89 0.10
0.00 6715.51
408.00 -22.36 -24.62 -37.10 325.50 231.02 58.97 0.00
0.00 7300.60
377.70 -26.86 -28.37 -37.86 326.79 230.57 60.86 -0.10
0.00 7862.14
350.40 -30.56 -31.73 -40.81 328.56 231.16 69.08 -0.10
0.00 8399.06
325.70 -33.16 -34.41 -48.16 331.29 232.18 84.60 -0.10
0.00 8915.42
303.50 -35.26 -36.51 -55.27 334.76 230.98 97.51 -0.20
0.00 9409.20
283.50 -37.66 -38.75 -58.55 337.81 229.89 103.11 -0.10
0.00 9881.52
265.40 -40.56 -41.44 -60.82 339.96 231.11 105.81 -0.20
0.00 10333.49
248.60 -43.56 -44.24 -61.32 341.90 232.93 108.59 -0.20
0.00 10775.84
233.50 -46.06 -46.63 -63.98 344.24 234.24 112.02 -0.20
0.00 11194.68
219.50 -48.16 -48.65 -67.42 347.09 234.89 117.54 -0.20
0.00 11603.79
205.60 -51.06 -51.46 -72.72 349.04 235.04 121.35 -0.20
0.00 12031.85
191.70 -54.56 -54.84 -73.19 350.48 235.92 119.60 -0.20
0.00 12483.34
177.70 -58.06 -58.25 -73.70 352.42 237.93 115.99 -0.20
0.00 12964.68
163.80 -61.16 -61.29 -74.24 355.52 240.12 109.56 -0.10
0.00 13473.80
149.80 -63.56 -63.66 -74.84 360.58 241.34 97.63 -0.10
0.00 14025.07
135.90 -65.66 -9999.00 -9999.00 -9999.00 240.71 85.76 -0.10
0.00 14619.52
121.90 -67.36 -9999.00 -9999.00 -9999.00 235.55 73.48 -0.10
0.00 15277.11
108.00 -69.46 -9999.00 -9999.00 -9999.00 230.28 65.66 -0.10
0.00 16002.69
94.00 -70.66 -9999.00 -9999.00 -9999.00 232.33 58.16 0.00
0.00 16828.03
81.00 -67.86 -9999.00 -9999.00 -9999.00 235.20 47.32 0.00
0.00 17716.37
70.60 -63.76 -9999.00 -9999.00 -9999.00 229.27 36.91 0.00
0.00 18550.38
62.20 -61.76 -9999.00 -9999.00 -9999.00 226.16 27.19 0.00
0.00 19330.50
54.30 -60.96 -9999.00 -9999.00 -9999.00 220.82 16.94 0.00
0.00 20172.57
46.90 -59.86 -9999.00 -9999.00 -9999.00 211.66 13.69 0.00
0.00 21084.89
40.10 -56.86 -9999.00 -9999.00 -9999.00 185.71 13.66 0.00
0.00 22069.73
33.80 -54.86 -9999.00 -9999.00 -9999.00 158.68 8.55 0.00
0.00 23156.82
27.80 -52.66 -9999.00 -9999.00 -9999.00 112.17 5.67 0.00
0.00 24411.80
22.30 -51.16 -9999.00 -9999.00 -9999.00 95.60 9.95 0.00
0.00 25839.44
17.10 -46.76 -9999.00 -9999.00 -9999.00 115.68 11.21 0.00
0.00 27581.79
12.30 -45.26 -9999.00 -9999.00 -9999.00 276.01 3.71 0.00
0.00 29772.40

STID = KDAL STNM = 722583 TIME = 191020/2200 
SLAT = 32.84 SLON = -96.85 SELV = 138.0
STIM = 3

SHOW = -4.46 LIFT = -6.21 SWET = 466.63 KINX = 30.05
LCLP = 839.48 PWAT = 34.75 TOTL = 53.05 CAPE = 1971.65
LCLT = 290.01 CINS = -3.18 EQLV = 224.56 LFCT = 819.06
BRCH = 43.72

PRES TMPC TMWC DWPC THTE DRCT SKNT OMEG
CFRL HGHT
986.40 30.54 22.72 19.44 348.84 179.12 12.63 0.00
0.00 149.81
983.40 30.04 22.51 19.33 348.39 179.36 17.48 0.00
0.00 177.10
978.00 29.44 22.25 19.20 348.13 180.00 20.20 0.00
0.00 226.35
968.60 28.54 21.87 19.02 347.97 180.00 22.14 -0.10
0.00 312.50
954.80 27.24 21.30 18.74 347.74 180.48 23.31 -0.20
0.00 440.05
937.00 25.64 20.60 18.40 347.64 181.40 23.89 -0.40
0.00 606.51
915.90 23.64 19.71 17.96 347.34 182.27 24.49 -0.50
0.00 806.75
892.80 21.44 18.68 17.41 346.87 183.63 24.53 -0.70
0.00 1029.74
867.80 19.24 17.14 16.11 344.81 185.48 24.40 -0.70
0.00 1275.76
839.90 16.94 15.17 14.23 341.89 195.62 23.80 -0.50
13.00 1556.49
809.00 15.14 11.78 9.71 334.99 205.77 25.02 -0.50
13.00 1875.86
775.50 13.64 7.13 1.53 325.77 212.31 26.88 -0.60
2.00 2233.42
739.20 10.34 4.05 -2.34 322.97 215.82 27.54 -0.50
0.00 2634.75
700.00 7.04 1.15 -5.79 321.75 216.94 31.35 -0.40
0.00 3085.35
658.00 4.34 -2.17 -11.96 320.52 225.86 36.81 -0.30
0.00 3591.28
613.10 0.74 -5.49 -17.09 320.61 230.99 39.49 -0.30
0.00 4162.32
565.80 -3.76 -9.11 -21.20 321.39 231.59 41.90 -0.10
0.00 4801.27
519.90 -8.06 -12.79 -26.22 322.71 232.64 49.61 0.10
0.00 5463.51
478.50 -12.56 -16.52 -30.58 324.02 232.25 55.52 0.20
0.00 6102.23
441.40 -17.46 -20.53 -34.22 324.81 231.80 56.86 0.10
0.00 6712.25
408.00 -22.46 -24.62 -36.13 325.52 229.83 58.72 0.10
0.00 7295.56
377.60 -26.96 -28.39 -37.13 326.79 227.92 62.02 0.00
0.00 7858.80
350.30 -30.66 -31.88 -41.78 328.34 231.05 71.68 0.00
0.00 8395.65
325.70 -33.46 -34.67 -48.16 330.87 233.60 85.43 0.00
0.00 8909.56
303.50 -35.66 -36.84 -54.17 334.23 231.48 96.08 0.00
0.00 9402.63
283.50 -37.96 -39.04 -60.30 337.34 230.17 102.19 0.00
0.00 9874.24
265.40 -40.26 -41.17 -60.82 340.40 232.03 107.67 -0.10
0.00 10326.22
248.60 -42.76 -43.53 -63.51 343.05 234.37 113.03 -0.10
0.00 10769.62
233.50 -45.36 -46.00 -66.97 345.26 235.11 115.81 -0.10
0.00 11189.83
219.50 -47.76 -48.30 -72.27 347.66 234.76 119.15 0.00
0.00 11599.93
205.60 -50.86 -51.27 -72.72 349.35 234.46 121.99 0.00
0.00 12028.57
191.60 -54.36 -54.65 -73.19 350.85 235.93 121.70 0.00
0.00 12483.83
177.70 -57.66 -57.86 -73.70 353.07 238.57 118.84 0.00
0.00 12962.52
163.80 -60.46 -60.61 -74.24 356.69 240.37 107.26 0.00
0.00 13472.95
149.80 -62.96 -9999.00 -9999.00 -9999.00 241.78 96.11 0.00
0.00 14025.92
135.80 -65.16 -9999.00 -9999.00 -9999.00 241.29 83.72 -0.10
0.00 14626.44
121.90 -67.36 -9999.00 -9999.00 -9999.00 237.93 72.44 -0.10
0.00 15280.38
107.90 -69.46 -9999.00 -9999.00 -9999.00 233.78 64.76 -0.10
0.00 16011.50
94.00 -71.16 -9999.00 -9999.00 -9999.00 235.34 57.38 0.00
0.00 16830.33
81.00 -68.46 -9999.00 -9999.00 -9999.00 237.71 46.19 0.00
0.00 17716.27
70.60 -63.76 -9999.00 -9999.00 -9999.00 232.26 35.86 0.00
0.00 18549.07
62.20 -62.06 -9999.00 -9999.00 -9999.00 230.65 25.12 0.00
0.00 19328.63
54.30 -61.96 -9999.00 -9999.00 -9999.00 222.78 17.74 0.00
0.00 20168.12
46.90 -59.66 -9999.00 -9999.00 -9999.00 214.38 13.42 0.00
0.00 21078.73
40.10 -56.46 -9999.00 -9999.00 -9999.00 196.86 13.40 0.00
0.00 22064.94
33.80 -54.76 -9999.00 -9999.00 -9999.00 148.67 5.23 0.00
0.00 23153.28
27.80 -53.76 -9999.00 -9999.00 -9999.00 83.09 6.45 0.00
0.00 24405.41
22.30 -52.66 -9999.00 -9999.00 -9999.00 97.35 12.14 0.00
0.00 25824.65
17.10 -46.66 -9999.00 -9999.00 -9999.00 122.40 11.97 0.00
0.00 27561.57
12.30 -44.66 -9999.00 -9999.00 -9999.00 293.63 3.40 0.00
0.00 29755.55

STID = KDAL STNM = 722583 TIME = 191020/2300 
SLAT = 32.84 SLON = -96.85 SELV = 138.0
STIM = 4

SHOW = -2.79 LIFT = -5.83 SWET = 401.63 KINX = 28.36
LCLP = 848.58 PWAT = 32.59 TOTL = 51.63 CAPE = 1830.64
LCLT = 290.05 CINS = -46.66 EQLV = 237.15 LFCT = 762.03
BRCH = 34.05

PRES TMPC TMWC DWPC THTE DRCT SKNT OMEG
CFRL HGHT
986.40 29.64 22.38 19.30 347.38 175.07 11.31 0.00
0.00 149.77
983.40 29.34 22.23 19.19 347.17 175.82 15.97 0.10
0.00 176.99
978.00 28.84 22.00 19.06 347.02 177.05 18.86 0.10
0.00 226.13
968.60 27.94 21.60 18.86 346.81 177.90 21.19 0.10
0.00 312.11
954.80 26.74 21.06 18.58 346.71 179.02 22.73 0.10
0.00 439.41
937.10 25.14 20.33 18.20 346.47 180.46 24.09 0.10
0.00 604.63
915.90 23.14 19.40 17.70 346.02 182.66 25.08 0.10
0.00 805.45
892.80 21.24 18.09 16.60 344.48 190.75 27.08 0.10
0.00 1028.11
867.80 19.24 16.47 15.08 342.22 193.15 27.33 0.10
0.00 1273.93
839.80 17.64 13.67 11.38 336.47 205.67 27.80 -0.10
16.00 1555.77
809.20 16.74 9.65 4.23 328.00 209.09 27.56 -0.30
0.00 1872.80
775.70 14.14 6.75 0.02 324.59 214.72 26.94 -0.40
0.00 2231.19
739.40 10.44 4.31 -1.76 323.64 215.63 27.00 -0.40
0.00 2632.79
700.20 7.14 1.20 -5.79 321.83 223.99 31.04 -0.40
0.00 3083.45
658.10 3.94 -2.14 -11.03 320.61 233.19 35.66 -0.40
0.00 3590.23
613.20 0.24 -5.42 -15.39 320.81 232.59 37.41 -0.30
0.00 4160.32
565.80 -4.06 -9.08 -19.98 321.49 229.78 41.22 -0.20
0.00 4799.70
519.90 -8.26 -12.83 -25.60 322.64 231.44 50.17 -0.10
0.00 5461.37
478.50 -12.66 -16.64 -31.09 323.79 231.81 55.61 0.00
0.00 6099.72
441.40 -17.46 -20.72 -36.58 324.45 231.59 56.27 -0.10
0.00 6709.60
408.00 -22.36 -24.68 -37.89 325.39 228.92 60.30 -0.10
0.00 7292.99
377.70 -26.86 -28.49 -39.49 326.57 228.15 64.94 -0.20
0.00 7854.51
350.30 -30.56 -31.97 -44.91 328.17 232.95 73.50 -0.20
0.00 8393.45
325.70 -33.76 -35.00 -50.12 330.34 234.88 84.07 -0.20
0.00 8907.13
303.50 -36.26 -37.36 -54.17 333.39 231.66 93.63 -0.10
0.00 9399.26
283.50 -38.26 -39.29 -58.55 336.95 229.71 102.12 -0.20
0.00 9869.98
265.40 -40.26 -41.17 -60.82 340.40 231.53 109.91 -0.20
0.00 10321.67
248.60 -42.36 -43.16 -63.51 343.64 233.95 116.53 -0.20
0.00 10765.45
233.50 -44.86 -45.53 -66.97 346.02 234.66 119.54 -0.20
0.00 11186.49
219.50 -47.56 -48.11 -72.27 347.97 234.62 120.78 -0.20
0.00 11597.22
205.60 -50.76 -51.17 -72.72 349.51 235.33 122.59 -0.10
0.00 12026.14
191.60 -54.16 -54.45 -73.19 351.17 237.01 123.45 -0.10
0.00 12481.72
177.70 -57.36 -57.57 -73.70 353.56 238.89 117.29 -0.10
0.00 12960.96
163.80 -60.26 -60.41 -74.24 357.03 241.00 106.16 -0.10
0.00 13471.99
149.80 -62.76 -9999.00 -9999.00 -9999.00 243.12 95.82 -0.10
0.00 14025.48
135.90 -65.26 -9999.00 -9999.00 -9999.00 243.08 84.09 -0.10
0.00 14621.63
121.90 -67.96 -9999.00 -9999.00 -9999.00 240.12 72.14 0.00
0.00 15278.92
107.90 -70.06 -9999.00 -9999.00 -9999.00 235.49 64.12 0.00
0.00 16007.90
94.00 -70.66 -9999.00 -9999.00 -9999.00 237.75 57.89 0.00
0.00 16826.52
81.00 -67.86 -9999.00 -9999.00 -9999.00 243.33 46.74 0.00
0.00 17714.86
70.60 -64.26 -9999.00 -9999.00 -9999.00 239.57 36.05 0.00
0.00 18547.86
62.20 -63.46 -9999.00 -9999.00 -9999.00 235.70 25.16 -0.10
0.00 19323.90
54.30 -63.46 -9999.00 -9999.00 -9999.00 225.00 18.69 0.00
0.00 20157.62
46.90 -59.16 -9999.00 -9999.00 -9999.00 214.85 13.25 0.00
0.00 21066.09
40.10 -56.76 -9999.00 -9999.00 -9999.00 192.53 10.74 0.00
0.00 22052.76
33.80 -55.46 -9999.00 -9999.00 -9999.00 122.01 5.50 0.00
0.00 23138.60
27.80 -54.26 -9999.00 -9999.00 -9999.00 100.49 10.66 0.00
0.00 24387.29
22.30 -51.26 -9999.00 -9999.00 -9999.00 102.99 10.37 0.00
0.00 25809.44
17.10 -44.86 -9999.00 -9999.00 -9999.00 80.54 3.54 0.00
0.00 27558.79
12.30 -44.96 -9999.00 -9999.00 -9999.00 310.43 6.90 0.00
0.00 29760.01

STID = KDAL STNM = 722583 TIME = 191021/0000 
SLAT = 32.84 SLON = -96.85 SELV = 138.0
STIM = 5

SHOW = -1.88 LIFT = -6.17 SWET = 377.30 KINX = 31.60
LCLP = 864.23 PWAT = 32.73 TOTL = 51.26 CAPE = 1902.09
LCLT = 290.60 CINS = -86.44 EQLV = 240.90 LFCT = 758.88
BRCH = 29.30

PRES TMPC TMWC DWPC THTE DRCT SKNT OMEG
CFRL HGHT
986.40 28.64 22.27 19.57 346.93 169.59 9.67 0.00
0.00 148.83
983.30 28.54 22.20 19.50 347.08 170.79 14.57 0.00
0.00 176.88
977.90 28.24 22.04 19.40 347.26 171.78 17.66 0.00
0.00 225.92
968.50 27.54 21.72 19.23 347.37 173.77 21.50 0.00
0.00 311.78
954.70 26.44 21.19 18.92 347.29 176.42 24.90 0.00
0.00 438.97
937.00 25.04 20.47 18.46 347.08 179.19 27.39 0.00
0.00 604.12
915.80 23.34 19.44 17.68 346.23 183.72 29.97 0.00
0.00 805.01
892.70 21.74 18.02 16.25 344.20 190.43 32.19 0.00
0.00 1027.94
867.70 20.14 15.99 13.83 340.39 195.62 32.48 -0.10
0.00 1274.28
839.90 18.84 12.82 9.03 333.45 205.22 29.62 -0.20
0.00 1554.91
809.20 17.34 9.27 2.74 326.75 213.69 27.31 -0.30
0.00 1873.74
775.80 14.34 6.76 -0.17 324.60 218.85 26.94 -0.40
0.00 2231.46
739.40 10.84 4.78 -1.00 324.90 226.10 28.57 -0.40
0.00 2634.58
700.20 7.14 2.60 -1.94 325.48 234.63 31.22 -0.50
0.00 3085.76
658.10 3.64 -0.91 -6.42 323.66 236.49 33.78 -0.50
0.00 3592.62
613.10 -0.06 -5.16 -13.54 321.47 232.34 36.56 -0.30
0.00 4163.65
565.80 -4.16 -9.14 -19.98 321.37 230.36 42.64 -0.20
0.00 4801.32
519.90 -8.46 -12.99 -25.84 322.33 232.38 50.27 0.00
0.00 5462.60
478.50 -12.96 -16.98 -32.58 323.13 232.39 54.43 0.00
0.00 6100.33
441.40 -17.66 -21.09 -40.28 323.76 231.59 55.03 0.00
0.00 6709.58
407.90 -22.46 -25.05 -43.05 324.73 228.99 59.21 0.00
0.00 7294.40
377.60 -26.86 -28.84 -46.26 325.96 229.98 64.94 0.00
0.00 7855.89
350.30 -30.66 -32.32 -52.97 327.57 235.18 70.75 -0.10
0.00 8392.78
325.70 -33.86 -35.24 -57.44 329.92 234.03 77.04 -0.10
0.00 8906.22
303.50 -36.06 -37.28 -59.77 333.50 230.04 90.73 -0.10
0.00 9398.43
283.40 -38.06 -39.13 -60.31 337.23 230.63 102.27 -0.10
0.00 9871.98
265.40 -39.96 -40.92 -63.02 340.79 232.81 111.19 -0.10
0.00 10321.73
248.60 -41.86 -42.73 -66.52 344.34 233.96 118.20 -0.10
0.00 10766.28
233.50 -44.16 -44.89 -66.97 347.08 234.41 121.83 -0.10
0.00 11188.41
219.50 -47.06 -47.65 -72.27 348.74 234.61 123.43 -0.10
0.00 11600.23
205.60 -50.36 -50.79 -72.72 350.14 235.54 124.63 -0.10
0.00 12030.02
191.70 -53.76 -54.07 -73.19 351.76 237.42 122.65 -0.10
0.00 12483.04
177.70 -57.06 -57.28 -73.70 354.06 239.46 113.91 0.00
0.00 12966.38
163.80 -60.16 -9999.00 -9999.00 -9999.00 242.34 104.60 0.00
0.00 13477.88
149.80 -62.86 -9999.00 -9999.00 -9999.00 245.43 97.18 0.00
0.00 14031.38
135.90 -65.36 -9999.00 -9999.00 -9999.00 245.57 86.40 0.00
0.00 14627.25
121.90 -67.86 -9999.00 -9999.00 -9999.00 241.61 73.52 0.10
0.00 15284.53
108.00 -70.26 -9999.00 -9999.00 -9999.00 237.26 64.67 0.10
0.00 16007.80
94.00 -70.16 -9999.00 -9999.00 -9999.00 241.37 57.98 0.00
0.00 16832.53
81.00 -67.36 -9999.00 -9999.00 -9999.00 249.73 45.98 0.00
0.00 17723.04
70.60 -65.06 -9999.00 -9999.00 -9999.00 240.09 32.71 0.00
0.00 18555.45
62.20 -63.96 -9999.00 -9999.00 -9999.00 235.60 26.13 0.00
0.00 19329.08
54.30 -63.16 -9999.00 -9999.00 -9999.00 225.92 17.04 0.00
0.00 20162.40
46.90 -58.66 -9999.00 -9999.00 -9999.00 213.21 12.76 0.00
0.00 21072.58
40.10 -57.86 -9999.00 -9999.00 -9999.00 175.14 9.17 0.00
0.00 22057.87
33.80 -55.26 -9999.00 -9999.00 -9999.00 125.84 8.62 0.00
0.00 23141.46
27.80 -54.46 -9999.00 -9999.00 -9999.00 113.20 11.83 0.00
0.00 24390.16
22.30 -51.06 -9999.00 -9999.00 -9999.00 72.26 5.09 0.00
0.00 25812.30
17.10 -47.06 -9999.00 -9999.00 -9999.00 25.20 7.30 0.00
0.00 27553.89
12.30 -46.66 -9999.00 -9999.00 -9999.00 315.00 1.38 0.00
0.00 29736.30

STID = KDAL STNM = 722583 TIME = 191021/0100 
SLAT = 32.84 SLON = -96.85 SELV = 138.0
STIM = 6

SHOW = -1.93 LIFT = -7.16 SWET = 385.49 KINX = 34.85
LCLP = 890.56 PWAT = 35.77 TOTL = 52.08 CAPE = 2218.83
LCLT = 291.94 CINS = -101.18 EQLV = 235.54 LFCT = 774.76
BRCH = 26.02

PRES TMPC TMWC DWPC THTE DRCT SKNT OMEG
CFRL HGHT
986.40 27.44 22.49 20.44 347.96 155.32 7.91 0.00
0.00 149.70
983.40 27.54 22.48 20.38 348.37 157.62 14.28 0.00
0.00 176.75
978.00 27.34 22.36 20.29 348.69 159.29 17.04 0.00
0.00 225.65
968.60 27.14 22.16 20.10 349.35 163.80 23.66 -0.10
0.00 311.36
954.80 26.64 21.76 19.73 349.82 168.38 27.97 -0.10
0.00 438.56
937.00 25.44 21.02 19.14 349.48 174.01 31.64 -0.20
0.00 604.87
915.90 24.04 19.81 17.93 347.74 179.68 34.77 -0.20
0.00 805.22
892.80 22.64 17.82 15.47 343.33 186.24 35.76 -0.10
0.00 1028.70
867.80 21.34 15.33 11.98 337.83 195.28 34.63 -0.10
0.00 1275.75
840.00 19.74 12.77 8.28 333.20 204.00 31.04 -0.20
0.00 1557.21
809.40 17.24 11.16 7.06 332.76 211.30 28.42 -0.20
0.00 1875.53
775.80 14.14 9.88 7.01 334.16 222.10 29.84 -0.30
0.00 2235.73
739.40 10.94 7.45 4.87 332.66 232.85 32.17 -0.50
0.00 2639.48
700.10 7.24 3.95 1.08 329.18 237.86 33.95 -0.80
0.00 3092.51
658.00 3.74 -0.46 -5.30 324.78 233.71 34.46 -0.90
0.00 3599.85
613.00 -0.06 -5.12 -13.38 321.58 227.60 36.31 -0.90
0.00 4171.14
565.70 -4.46 -9.43 -20.58 320.79 228.79 41.57 -0.70
0.00 4808.56
519.80 -8.96 -13.55 -27.69 321.26 233.08 47.86 -0.40
0.00 5468.93
478.40 -13.46 -17.63 -36.59 321.92 235.59 51.55 -0.20
0.00 6105.51
441.30 -18.06 -21.63 -46.73 322.78 236.60 53.28 -0.10
0.00 6713.78
407.90 -22.76 -25.55 -51.68 323.84 234.02 55.21 0.00
0.00 7296.06
377.60 -27.06 -29.20 -53.46 325.34 236.97 60.94 0.10
0.00 7856.95
350.30 -30.96 -32.61 -55.36 327.08 239.37 68.63 0.30
0.00 8393.27
325.70 -33.96 -35.30 -55.96 329.82 236.11 75.58 0.30
0.00 8906.29
303.50 -36.16 -37.34 -58.00 333.41 232.95 85.43 0.30
0.00 9398.30
283.40 -37.76 -38.89 -62.52 337.62 233.76 98.25 0.30
0.00 9872.04
265.40 -39.16 -40.23 -66.04 341.91 235.81 111.31 0.30
0.00 10322.85
248.60 -41.06 -42.00 -66.52 345.53 236.54 119.44 0.30
0.00 10768.93
233.50 -43.46 -44.27 -71.85 348.09 235.91 124.09 0.20
0.00 11192.44
219.50 -46.56 -47.18 -72.27 349.51 235.04 126.11 0.20
0.00 11605.34
205.60 -50.06 -50.51 -72.72 350.61 235.80 126.13 0.10
0.00 12035.89
191.70 -53.56 -53.88 -73.19 352.08 237.72 122.22 0.00
0.00 12489.43
177.70 -56.96 -57.18 -73.70 354.22 239.41 111.46 0.00
0.00 12973.10
163.80 -60.36 -60.51 -74.24 356.86 242.47 102.95 0.00
0.00 13484.48
149.80 -63.36 -9999.00 -9999.00 -9999.00 246.51 98.91 0.00
0.00 14037.06
135.90 -65.46 -9999.00 -9999.00 -9999.00 247.90 89.32 0.00
0.00 14632.08
121.90 -67.56 -9999.00 -9999.00 -9999.00 242.41 72.55 -0.10
0.00 15289.67
108.00 -69.76 -9999.00 -9999.00 -9999.00 237.50 62.18 -0.10
0.00 16014.36
94.00 -70.56 -9999.00 -9999.00 -9999.00 242.05 53.88 0.00
0.00 16839.30
81.00 -69.26 -9999.00 -9999.00 -9999.00 250.30 44.37 0.00
0.00 17724.80
70.60 -65.16 -9999.00 -9999.00 -9999.00 240.82 34.27 0.00
0.00 18553.18
62.20 -64.56 -9999.00 -9999.00 -9999.00 218.05 22.69 0.00
0.00 19325.51
54.30 -61.46 -9999.00 -9999.00 -9999.00 218.66 17.40 0.00
0.00 20161.02
46.90 -58.16 -9999.00 -9999.00 -9999.00 200.56 8.29 0.00
0.00 21075.92
40.10 -56.66 -9999.00 -9999.00 -9999.00 172.57 4.51 0.00
0.00 22065.11
33.80 -54.36 -9999.00 -9999.00 -9999.00 121.61 8.90 0.00
0.00 23153.95
27.80 -54.26 -9999.00 -9999.00 -9999.00 94.09 8.18 0.00
0.00 24405.79
22.30 -50.86 -9999.00 -9999.00 -9999.00 61.93 6.60 0.00
0.00 25829.23
17.10 -47.66 -9999.00 -9999.00 -9999.00 61.82 6.18 0.00
0.00 27569.26
12.30 -45.96 -9999.00 -9999.00 -9999.00 313.45 5.09 0.00
0.00 29752.15

STID = KDAL STNM = 722583 TIME = 191021/0200 
SLAT = 32.84 SLON = -96.85 SELV = 138.0
STIM = 7

SHOW = -3.94 LIFT = -7.57 SWET = 490.13 KINX = 36.43
LCLP = 897.42 PWAT = 36.66 TOTL = 54.64 CAPE = 2222.62
LCLT = 292.36 CINS = -108.86 EQLV = 235.29 LFCT = 768.61
BRCH = 27.02

PRES TMPC TMWC DWPC THTE DRCT SKNT OMEG
CFRL HGHT
985.50 27.14 22.60 20.73 348.59 159.04 9.77 0.00
0.00 149.70
982.50 27.24 22.57 20.65 348.94 159.90 16.96 0.00
0.00 176.76
977.10 27.14 22.45 20.52 349.26 161.21 19.91 0.00
0.00 225.67
967.70 27.14 22.19 20.15 349.63 166.55 27.56 -0.10
0.00 311.44
953.90 27.14 21.73 19.47 349.82 172.83 34.27 -0.10
0.00 438.85
936.10 26.54 20.94 18.53 349.23 179.44 40.02 -0.20
0.00 605.73
915.00 25.14 19.76 17.35 347.65 182.37 42.19 -0.10
0.00 806.95
892.00 23.24 18.38 16.10 345.75 185.53 42.35 0.00
0.00 1030.31
867.00 21.34 16.49 14.01 342.35 189.55 40.97 0.00
0.00 1277.98
839.20 19.54 13.79 10.41 336.91 197.86 36.73 0.00
0.00 1559.84
808.60 17.34 12.21 9.04 336.42 209.05 31.99 -0.10
0.00 1878.65
775.00 14.34 10.41 7.86 336.00 219.71 31.31 -0.20
0.00 2239.58
738.70 11.14 7.22 4.25 332.06 231.78 31.39 -0.40
0.00 2642.93
699.50 7.34 3.69 0.42 328.56 239.27 32.32 -0.60
0.00 3095.37
657.50 3.44 -0.49 -4.98 324.81 237.19 35.14 -0.80
0.00 3601.71
612.60 -0.46 -5.18 -12.74 321.54 229.75 38.17 -1.00
0.00 4171.44
565.30 -4.76 -9.83 -21.87 320.04 230.73 42.66 -1.10
0.00 4808.47
519.50 -9.16 -14.18 -33.00 320.03 235.78 46.99 -0.90
0.00 5467.12
478.20 -13.76 -18.20 -44.70 320.85 239.73 49.71 -0.60
0.00 6101.78
441.20 -18.46 -21.99 -49.06 322.18 239.36 52.60 -0.40
0.00 6707.73
407.80 -22.86 -25.51 -46.77 323.97 236.80 56.41 -0.30
0.00 7289.59
377.50 -27.06 -29.03 -46.84 325.68 237.29 63.27 -0.10
0.00 7850.53
350.20 -31.16 -32.55 -46.39 327.27 239.65 68.43 0.10
0.00 8386.81
325.60 -34.36 -35.47 -48.77 329.62 238.26 74.22 0.20
0.00 8899.36
303.40 -35.46 -36.73 -58.01 334.42 235.76 84.60 0.30
0.00 9391.85
283.40 -36.66 -37.93 -65.56 339.15 236.92 95.75 0.30
0.00 9865.11
265.40 -38.36 -39.51 -66.04 343.08 237.67 106.43 0.40
0.00 10317.74
248.60 -40.66 -41.64 -66.52 346.13 236.74 116.16 0.40
0.00 10764.97
233.50 -43.46 -44.27 -71.85 348.09 235.88 121.54 0.40
0.00 11188.84
219.50 -46.66 -47.27 -72.27 349.36 235.53 122.53 0.40
0.00 11601.66
205.60 -50.16 -50.60 -72.72 350.45 237.02 121.33 0.30
0.00 12032.02
191.70 -53.46 -53.78 -73.19 352.24 239.12 115.42 0.30
0.00 12485.55
177.70 -56.76 -56.99 -73.70 354.55 239.94 105.48 0.20
0.00 12969.56
163.80 -60.26 -60.41 -74.24 357.03 242.06 97.84 0.20
0.00 13481.30
149.80 -64.06 -64.15 -74.84 359.72 247.08 95.75 0.10
0.00 14033.10
135.90 -66.76 -9999.00 -9999.00 -9999.00 250.04 89.90 0.00
0.00 14625.26
121.90 -67.66 -9999.00 -9999.00 -9999.00 242.26 72.20 0.00
0.00 15280.63
107.90 -69.96 -9999.00 -9999.00 -9999.00 235.93 64.49 0.00
0.00 16010.33
94.00 -70.26 -9999.00 -9999.00 -9999.00 240.21 57.07 0.00
0.00 16829.97
81.00 -68.76 -9999.00 -9999.00 -9999.00 252.33 41.59 0.00
0.00 17717.21
70.60 -67.06 -9999.00 -9999.00 -9999.00 241.56 31.82 0.00
0.00 18542.78
62.20 -63.26 -9999.00 -9999.00 -9999.00 226.15 27.47 0.00
0.00 19314.00
54.30 -61.26 -9999.00 -9999.00 -9999.00 214.94 17.31 0.00
0.00 20152.49
46.90 -57.26 -9999.00 -9999.00 -9999.00 187.82 10.00 0.00
0.00 21069.74
40.10 -56.86 -9999.00 -9999.00 -9999.00 204.44 2.35 0.00
0.00 22060.54
33.80 -55.26 -9999.00 -9999.00 -9999.00 88.26 6.41 0.00
0.00 23146.63
27.80 -54.26 -9999.00 -9999.00 -9999.00 77.80 7.36 0.00
0.00 24395.90
22.30 -51.46 -9999.00 -9999.00 -9999.00 88.94 10.49 0.00
0.00 25817.40
17.10 -47.56 -9999.00 -9999.00 -9999.00 79.80 9.87 0.00
0.00 27555.48
12.30 -44.66 -9999.00 -9999.00 -9999.00 353.54 10.35 0.00
0.00 29745.13

STID = KDAL STNM = 722583 TIME = 191021/0300 
SLAT = 32.84 SLON = -96.85 SELV = 138.0
STIM = 8

SHOW = -4.57 LIFT = -8.30 SWET = 516.02 KINX = 37.38
LCLP = 889.84 PWAT = 37.42 TOTL = 55.30 CAPE = 2257.62
LCLT = 292.05 CINS = -102.51 EQLV = 219.17 LFCT = 762.73
BRCH = 18.97

PRES TMPC TMWC DWPC THTE DRCT SKNT OMEG
CFRL HGHT
984.30 27.44 22.55 20.53 348.55 164.17 13.52 0.00
0.00 150.62
981.40 27.54 22.53 20.47 348.94 165.23 22.11 0.00
0.00 176.83
976.00 27.24 22.38 20.38 349.14 165.76 26.05 -0.10
0.00 225.83
966.70 26.74 22.15 20.25 349.60 167.68 34.60 -0.20
0.00 310.73
952.90 26.14 21.85 20.08 350.54 169.45 40.31 -0.30
0.00 438.01
935.20 25.04 21.41 19.91 351.54 171.72 43.18 -0.40
0.00 603.52
914.00 23.94 20.52 19.06 351.14 178.41 41.98 -0.30
0.00 805.17
890.90 22.64 19.13 17.57 349.10 187.50 40.17 -0.30
0.00 1029.28
866.00 20.94 17.01 15.08 344.57 192.53 41.18 -0.30
0.00 1275.99
838.20 19.44 13.95 10.77 337.64 199.14 39.69 -0.10
0.00 1558.03
807.70 17.54 12.04 8.59 335.98 213.33 33.94 0.10
0.00 1876.22
774.20 14.74 9.76 6.34 334.01 225.49 32.15 0.30
0.00 2236.72
737.90 11.44 6.91 3.38 331.27 238.55 31.64 0.50
0.00 2640.83
698.80 7.34 3.85 0.77 329.11 243.89 33.10 0.60
0.00 3092.80
656.90 3.24 -0.41 -4.51 325.11 241.27 36.77 0.40
0.00 3598.28
612.10 -0.66 -5.31 -12.80 321.35 236.23 40.19 0.10
0.00 4166.84
564.90 -4.86 -10.28 -24.56 319.15 235.30 43.01 0.10
0.00 4802.61
519.20 -9.16 -14.54 -39.10 319.33 237.36 46.83 0.40
0.00 5460.03
478.00 -13.86 -18.17 -41.56 320.99 239.59 51.81 0.70
0.00 6093.32
441.00 -18.26 -21.63 -42.32 322.89 238.52 58.76 0.70
0.00 6699.68
407.70 -22.26 -24.94 -43.99 324.96 236.12 66.22 0.50
0.00 7280.94
377.40 -26.66 -28.56 -43.34 326.50 236.79 70.57 0.30
0.00 7843.18
350.20 -31.16 -32.39 -43.23 327.54 237.15 73.06 0.20
0.00 8378.03
325.60 -33.26 -34.56 -50.12 331.06 236.19 79.25 0.00
0.00 8891.76
303.40 -34.26 -35.73 -62.00 336.02 236.81 85.88 -0.20
0.00 9386.62
283.40 -36.26 -37.56 -62.52 339.77 237.05 92.13 -0.30
0.00 9861.48
265.40 -38.16 -39.34 -66.04 343.38 237.37 101.94 -0.40
0.00 10314.69
248.60 -40.56 -41.57 -71.42 346.23 236.37 109.42 -0.50
0.00 10762.20
233.50 -43.56 -44.36 -71.85 347.94 234.82 113.62 -0.60
0.00 11186.08
219.50 -46.86 -47.46 -72.27 349.05 235.07 114.67 -0.60
0.00 11598.62
205.60 -50.16 -50.60 -72.72 350.45 236.17 112.00 -0.60
0.00 12028.79
191.70 -53.46 -53.78 -73.19 352.24 237.29 107.13 -0.50
0.00 12482.32
177.70 -56.96 -57.18 -73.70 354.22 237.11 100.85 -0.40
0.00 12966.11
163.80 -60.46 -60.61 -74.24 356.69 238.01 94.60 -0.40
0.00 13477.37
149.80 -64.16 -64.25 -74.84 359.55 243.16 91.22 -0.40
0.00 14028.77
135.90 -67.36 -9999.00 -9999.00 -9999.00 248.37 84.85 -0.30
0.00 14619.94
121.90 -68.96 -9999.00 -9999.00 -9999.00 245.63 72.51 -0.20
0.00 15272.29
107.90 -71.16 -9999.00 -9999.00 -9999.00 238.49 66.53 0.00
0.00 15997.52
94.00 -70.46 -9999.00 -9999.00 -9999.00 245.05 58.49 0.10
0.00 16814.33
81.00 -68.06 -9999.00 -9999.00 -9999.00 256.70 43.92 0.10
0.00 17702.67
70.60 -64.56 -9999.00 -9999.00 -9999.00 236.42 29.14 0.10
0.00 18534.67
62.20 -63.06 -9999.00 -9999.00 -9999.00 226.16 27.19 0.00
0.00 19310.90
54.30 -61.56 -9999.00 -9999.00 -9999.00 205.56 14.86 0.00
0.00 20149.19
46.90 -57.36 -9999.00 -9999.00 -9999.00 226.01 7.83 0.00
0.00 21065.59
40.10 -56.46 -9999.00 -9999.00 -9999.00 279.46 1.18 0.00
0.00 22057.07
33.80 -55.06 -9999.00 -9999.00 -9999.00 117.22 7.65 0.00
0.00 23144.66
27.80 -52.96 -9999.00 -9999.00 -9999.00 99.46 7.09 0.00
0.00 24398.22
22.30 -51.36 -9999.00 -9999.00 -9999.00 96.81 13.11 0.00
0.00 25824.24
17.10 -48.16 -9999.00 -9999.00 -9999.00 94.47 12.47 0.00
0.00 27560.38
12.30 -44.96 -9999.00 -9999.00 -9999.00 6.55 11.93 0.00
0.00 29745.68

STID = KDAL STNM = 722583 TIME = 191021/0400 
SLAT = 32.84 SLON = -96.85 SELV = 138.0
STIM = 9

SHOW = -3.70 LIFT = -8.97 SWET = 469.56 KINX = 35.66
LCLP = 925.18 PWAT = 37.48 TOTL = 54.68 CAPE = 2681.27
LCLT = 294.31 CINS = -110.40 EQLV = 191.36 LFCT = 767.12
BRCH = 20.03

PRES TMPC TMWC DWPC THTE DRCT SKNT OMEG
CFRL HGHT
984.60 26.44 23.39 22.18 352.36 171.67 16.10 0.10
0.00 149.69
981.60 26.34 23.33 22.14 352.59 172.23 25.87 0.10
0.00 176.73
976.20 26.04 23.18 22.05 352.80 172.79 30.94 0.00
0.00 225.57
966.80 25.34 22.89 21.91 353.01 174.20 38.46 0.00
0.00 311.09
953.00 24.44 22.47 21.67 353.39 176.00 44.60 0.00
0.00 437.82
935.20 24.14 21.93 21.03 353.92 179.08 48.56 0.00
0.00 603.67
914.10 24.04 20.66 19.23 351.75 184.56 46.39 0.00
0.00 804.16
891.00 22.64 18.77 17.00 347.53 190.62 44.27 0.00
0.00 1028.26
866.10 21.34 16.28 13.66 341.69 197.10 44.91 0.00
0.00 1274.99
838.30 20.24 13.38 9.17 335.57 205.79 38.40 -0.10
0.00 1557.40
807.80 18.34 11.46 6.84 333.93 220.42 32.65 0.10
0.00 1876.23
774.40 15.44 9.12 4.44 331.87 232.61 30.07 0.30
0.00 2236.30
738.10 11.64 6.53 2.37 330.08 241.27 29.91 0.60
0.00 2640.77
699.00 7.44 3.51 -0.09 328.13 248.62 34.63 0.70
0.00 3092.74
657.00 3.04 0.07 -3.06 326.33 252.86 43.49 0.50
0.00 3599.25
612.20 -0.86 -4.35 -9.19 323.55 249.42 49.18 0.00
0.00 4167.52
565.00 -4.76 -9.68 -20.95 320.42 240.37 47.14 -0.50
0.00 4803.28
519.20 -9.26 -14.45 -36.07 319.53 233.97 47.55 -0.50
0.00 5462.17
478.00 -14.06 -18.42 -44.70 320.52 233.21 52.87 -0.20
0.00 6095.10
441.00 -18.16 -21.54 -41.88 323.06 234.30 62.92 0.10
0.00 6701.34
407.70 -22.16 -24.76 -41.80 325.28 234.96 70.71 0.30
0.00 7282.84
377.40 -26.66 -28.43 -41.07 326.72 233.43 73.04 0.30
0.00 7845.21
350.20 -29.46 -31.07 -45.38 329.65 234.19 77.37 0.30
0.00 8381.92
325.60 -30.86 -32.67 -57.44 334.09 239.67 81.92 0.20
0.00 8900.00
303.40 -33.56 -35.10 -59.77 337.05 240.20 81.70 0.10
0.00 9398.06
283.40 -36.66 -37.87 -58.55 339.28 235.84 85.45 0.10
0.00 9873.22
265.40 -38.86 -39.94 -63.02 342.40 236.02 96.27 0.10
0.00 10325.37
248.60 -40.86 -41.84 -71.42 345.79 236.11 105.54 0.00
0.00 10771.93
233.50 -43.36 -44.17 -71.85 348.24 233.85 111.62 0.00
0.00 11195.71
219.50 -46.76 -47.36 -72.27 349.21 233.80 113.13 -0.10
0.00 11608.53
205.60 -50.06 -50.51 -72.72 350.61 235.27 109.44 -0.10
0.00 12038.89
191.70 -53.26 -53.59 -73.19 352.56 236.31 103.65 -0.10
0.00 12492.73
177.70 -56.76 -56.99 -73.70 354.55 236.59 98.43 -0.10
0.00 12976.96
163.80 -60.36 -60.51 -74.24 356.86 238.10 93.36 -0.10
0.00 13488.58
149.80 -64.16 -64.25 -74.84 359.55 243.04 87.39 -0.10
0.00 14040.11
135.90 -67.56 -9999.00 -9999.00 -9999.00 247.76 79.55 -0.10
0.00 14631.00
121.90 -69.66 -9999.00 -9999.00 -9999.00 246.51 69.68 0.00
0.00 15281.91
107.90 -71.86 -9999.00 -9999.00 -9999.00 242.76 66.20 0.10
0.00 16004.65
94.00 -71.46 -9999.00 -9999.00 -9999.00 249.68 61.52 0.10
0.00 16818.03
81.00 -67.96 -9999.00 -9999.00 -9999.00 258.19 48.43 0.00
0.00 17704.40
70.60 -64.86 -9999.00 -9999.00 -9999.00 225.00 24.18 0.00
0.00 18536.00
62.20 -65.26 -9999.00 -9999.00 -9999.00 216.96 25.52 0.00
0.00 19307.59
54.30 -59.36 -9999.00 -9999.00 -9999.00 240.57 17.40 0.00
0.00 20145.88
46.90 -57.26 -9999.00 -9999.00 -9999.00 264.81 8.59 0.00
0.00 21067.21
40.10 -57.86 -9999.00 -9999.00 -9999.00 115.91 7.56 0.00
0.00 22055.72
33.80 -55.36 -9999.00 -9999.00 -9999.00 157.48 8.62 0.00
0.00 23139.05
27.80 -52.36 -9999.00 -9999.00 -9999.00 117.10 9.38 0.00
0.00 24393.47
22.30 -51.86 -9999.00 -9999.00 -9999.00 77.47 12.53 0.00
0.00 25819.81
17.10 -48.96 -9999.00 -9999.00 -9999.00 87.27 8.16 0.00
0.00 27550.90
12.30 -46.66 -9999.00 -9999.00 -9999.00 358.29 13.01 0.00
0.00 29724.15

STID = KDAL STNM = 722583 TIME = 191021/0500 
SLAT = 32.84 SLON = -96.85 SELV = 138.0
STIM = 10

SHOW = -4.36 LIFT = -8.75 SWET = 490.87 KINX = 38.70
LCLP = 935.36 PWAT = 43.26 TOTL = 54.49 CAPE = 2750.66
LCLT = 294.81 CINS = -73.60 EQLV = 187.26 LFCT = 770.28
BRCH = 23.55

PRES TMPC TMWC DWPC THTE DRCT SKNT OMEG
CFRL HGHT
984.90 26.04 23.51 22.51 352.90 180.73 15.35 0.10
0.00 149.67
981.90 25.94 23.45 22.46 353.10 180.90 24.67 0.00
0.00 176.67
976.50 25.54 23.27 22.37 353.18 180.75 29.72 0.00
0.00 225.43
967.10 24.84 22.97 22.21 353.33 180.90 36.91 -0.10
0.00 310.80
953.30 23.84 22.51 21.95 353.51 181.56 42.95 -0.30
0.00 437.28
935.50 22.84 21.96 21.57 354.01 183.86 49.07 -0.50
3.00 602.59
914.40 22.24 21.28 20.85 354.51 189.04 51.92 -0.60
7.00 802.11
891.30 21.94 19.82 18.90 352.00 194.55 47.16 -0.70
2.00 1025.41
866.40 20.64 17.67 16.27 347.18 203.75 47.75 -0.70
0.00 1271.76
838.50 19.64 14.08 10.88 338.05 211.79 43.88 -0.60
0.00 1554.74
808.00 18.14 11.37 6.82 333.63 221.58 36.87 -0.50
0.00 1873.16
774.60 15.34 9.25 4.80 332.25 229.61 34.17 -0.50
0.00 2232.97
738.30 11.64 7.14 3.68 331.88 236.76 34.38 -0.40
0.00 2637.36
699.20 7.44 4.65 2.36 331.30 243.14 33.53 -0.20
0.00 3089.43
657.20 2.44 1.64 0.91 330.38 250.04 36.99 0.10
0.00 3595.64
612.30 -2.26 -2.34 -2.47 328.30 253.14 46.89 0.40
5.00 4163.60
565.00 -4.76 -8.06 -13.63 323.95 248.79 55.85 0.50
0.00 4799.62
519.20 -8.56 -11.82 -18.77 324.93 237.40 51.18 0.20
0.00 5459.86
478.00 -13.16 -16.71 -28.59 323.82 229.75 58.02 -0.10
0.00 6095.10
441.00 -17.66 -21.09 -40.29 323.84 230.34 67.87 -0.20
0.00 6703.11
407.70 -22.26 -24.76 -40.33 325.30 228.39 69.62 -0.20
0.00 7285.09
377.40 -25.96 -27.87 -41.07 327.65 229.08 75.33 0.00
0.00 7848.14
350.20 -28.46 -30.43 -51.07 330.65 237.30 81.25 0.00
0.00 8386.70
325.60 -30.96 -32.75 -57.44 333.95 241.20 82.25 -0.10
0.00 8905.73
303.40 -33.76 -35.23 -56.54 336.86 239.29 81.78 -0.10
0.00 9403.48
283.40 -36.96 -38.13 -58.55 338.85 234.13 84.87 -0.10
0.00 9878.15
265.40 -39.56 -40.56 -63.02 341.38 234.33 94.93 0.00
0.00 10329.34
248.60 -41.46 -42.36 -66.52 344.94 236.19 105.44 0.00
0.00 10774.65
233.50 -43.76 -44.54 -71.85 347.64 234.30 113.85 0.10
0.00 11197.52
219.50 -47.06 -47.65 -72.27 348.74 234.02 117.39 0.10
0.00 11609.70
205.60 -50.46 -50.89 -72.72 349.98 235.20 114.02 0.20
0.00 12039.39
191.70 -53.56 -53.88 -73.19 352.08 236.60 107.26 0.20
0.00 12492.52
177.70 -56.56 -56.79 -73.70 354.88 237.82 100.29 0.20
0.00 12976.63
163.80 -59.86 -60.02 -74.24 357.70 241.50 92.40 0.10
0.00 13489.09
149.80 -63.26 -63.37 -74.84 361.10 248.67 83.84 0.10
0.00 14042.46
135.90 -66.56 -9999.00 -9999.00 -9999.00 254.19 76.32 0.00
0.00 14636.05
121.90 -69.56 -9999.00 -9999.00 -9999.00 253.30 66.92 0.00
0.00 15288.71
107.90 -71.76 -9999.00 -9999.00 -9999.00 247.52 60.96 0.00
0.00 16011.80
94.00 -72.56 -9999.00 -9999.00 -9999.00 247.77 58.55 0.10
0.00 16823.16
81.00 -67.86 -9999.00 -9999.00 -9999.00 250.53 47.80 0.10
0.00 17707.36
70.60 -63.96 -9999.00 -9999.00 -9999.00 210.83 28.05 0.00
0.00 18540.97
62.20 -65.46 -9999.00 -9999.00 -9999.00 212.14 25.93 0.00
0.00 19313.85
54.30 -58.26 -9999.00 -9999.00 -9999.00 262.45 16.26 0.00
0.00 20153.93
46.90 -58.86 -9999.00 -9999.00 -9999.00 308.66 3.73 0.00
0.00 21074.20
40.10 -58.36 -9999.00 -9999.00 -9999.00 150.07 7.40 0.00
0.00 22057.88
33.80 -54.16 -9999.00 -9999.00 -9999.00 173.35 11.73 0.00
0.00 23142.97
27.80 -52.46 -9999.00 -9999.00 -9999.00 110.28 9.52 0.00
0.00 24400.53
22.30 -50.76 -9999.00 -9999.00 -9999.00 66.28 14.01 0.00
0.00 25830.10
17.10 -48.96 -9999.00 -9999.00 -9999.00 16.59 9.52 0.00
0.00 27565.46
12.30 -48.26 -9999.00 -9999.00 -9999.00 360.00 11.85 0.00
0.00 29731.00

STID = KDAL STNM = 722583 TIME = 191021/0600 
SLAT = 32.84 SLON = -96.85 SELV = 138.0
STIM = 11

SHOW = -7.10 LIFT = -7.51 SWET = 562.61 KINX = 42.31
LCLP = 948.62 PWAT = 51.06 TOTL = 55.42 CAPE = 2632.97
LCLT = 295.24 CINS = -3.32 EQLV = 187.32 LFCT = 857.13
BRCH = 62.59

PRES TMPC TMWC DWPC THTE DRCT SKNT OMEG
CFRL HGHT
985.70 25.34 23.47 22.72 352.60 209.48 15.40 0.10
0.00 148.74
982.80 25.24 23.36 22.60 352.54 207.19 23.80 0.00
0.00 174.76
977.30 24.84 23.15 22.46 352.48 205.70 28.67 -0.20
0.00 224.27
967.90 24.14 22.82 22.27 352.52 203.83 34.62 -0.50
0.00 309.37
954.10 23.04 22.33 22.00 352.54 202.98 40.31 -1.10
0.00 435.43
936.30 21.74 21.58 21.45 352.10 203.04 45.16 -1.90
7.00 600.06
915.00 20.84 20.73 20.62 351.91 202.84 49.53 -2.80
30.00 800.44
891.80 20.04 19.91 19.79 352.28 205.11 51.26 -3.60
14.00 1023.37
866.80 19.14 19.03 18.93 352.86 209.26 51.65 -4.10
8.00 1269.40
839.20 17.24 17.16 17.07 349.83 217.93 50.23 -3.80
0.00 1547.91
808.50 14.84 14.28 13.95 343.90 228.63 49.96 -3.20
0.00 1865.98
774.90 12.74 11.05 10.02 338.21 233.87 48.10 -3.10
0.00 2224.92
738.50 10.24 8.03 6.49 334.62 234.88 43.22 -3.30
0.00 2628.00
699.40 6.84 5.01 3.55 332.29 235.91 38.46 -3.40
0.00 3078.62
657.40 2.14 1.88 1.61 330.96 237.12 37.94 -3.30
0.00 3584.00
612.40 -2.56 -2.60 -2.68 327.67 237.39 42.89 -3.10
14.00 4152.51
565.20 -4.96 -7.86 -12.58 324.34 231.68 50.76 -2.90
0.00 4786.45
519.40 -8.16 -10.91 -16.06 326.80 226.64 57.44 -2.80
0.00 5446.83
478.10 -11.76 -15.02 -23.58 327.06 230.17 71.58 -3.00
0.00 6085.78
441.10 -16.16 -18.40 -24.95 328.87 235.64 73.66 -3.40
0.00 6697.32
407.70 -19.86 -21.10 -24.81 331.89 241.78 69.00 -3.90
0.00 7285.81
377.50 -22.96 -24.02 -27.75 334.36 246.47 65.68 -4.00
0.00 7853.31
350.20 -26.06 -27.32 -33.18 336.05 244.58 60.64 -3.40
1.00 8399.93
325.60 -30.96 -31.24 -32.63 336.64 237.28 51.03 -2.40
0.00 8921.73
303.40 -35.16 -35.39 -36.99 336.70 243.17 57.25 -1.40
0.00 9418.20
283.40 -39.06 -39.43 -43.12 336.83 243.96 66.38 -0.70
0.00 9889.48
265.40 -42.26 -42.71 -49.39 337.97 239.83 74.59 -0.10
0.00 10336.12
248.60 -43.76 -44.42 -61.32 341.60 239.22 95.65 0.20
0.00 10776.67
233.40 -45.06 -45.74 -71.85 345.71 237.99 109.95 0.30
0.00 11199.10
219.50 -47.56 -48.11 -72.27 347.97 236.54 118.75 0.30
0.00 11606.81
205.60 -51.06 -51.46 -72.72 349.04 236.57 119.17 0.20
0.00 12035.45
191.70 -54.26 -54.55 -73.19 350.96 237.45 114.08 0.10
0.00 12487.24
177.70 -57.06 -57.28 -73.70 354.06 239.45 105.11 0.10
0.00 12970.03
163.80 -59.86 -9999.00 -9999.00 -9999.00 243.59 94.35 0.10
0.00 13481.88
149.80 -63.06 -9999.00 -9999.00 -9999.00 249.82 82.79 0.10
0.00 14035.51
135.90 -66.36 -9999.00 -9999.00 -9999.00 253.70 72.65 0.20
0.00 14629.67
121.90 -68.46 -9999.00 -9999.00 -9999.00 248.98 63.89 0.20
0.00 15284.40
108.00 -69.56 -9999.00 -9999.00 -9999.00 242.03 60.04 0.10
0.00 16007.85
94.00 -70.36 -9999.00 -9999.00 -9999.00 240.97 52.43 0.00
0.00 16833.60
81.00 -70.16 -9999.00 -9999.00 -9999.00 244.30 40.31 -0.10
0.00 17717.57
70.60 -65.26 -9999.00 -9999.00 -9999.00 237.62 28.28 -0.10
0.00 18543.94
62.20 -65.26 -9999.00 -9999.00 -9999.00 227.94 21.46 0.00
0.00 19314.79
54.30 -58.06 -9999.00 -9999.00 -9999.00 263.57 13.87 0.00
0.00 20155.67
46.90 -58.26 -9999.00 -9999.00 -9999.00 157.96 8.80 0.00
0.00 21077.64
40.10 -57.56 -9999.00 -9999.00 -9999.00 192.41 9.95 0.00
0.00 22064.54
33.80 -53.66 -9999.00 -9999.00 -9999.00 157.01 6.95 0.00
0.00 23152.88
27.80 -52.76 -9999.00 -9999.00 -9999.00 75.68 9.42 0.00
0.00 24411.01
22.30 -51.86 -9999.00 -9999.00 -9999.00 92.15 15.56 0.00
0.00 25836.06
17.10 -49.76 -9999.00 -9999.00 -9999.00 55.30 12.28 0.00
0.00 27564.04
12.30 -48.26 -9999.00 -9999.00 -9999.00 32.40 11.97 0.00
0.00 29725.72

STID = KDAL STNM = 722583 TIME = 191021/0700 
SLAT = 32.84 SLON = -96.85 SELV = 138.0
STIM = 12

SHOW = -2.16 LIFT = -4.17 SWET = 344.14 KINX = 39.28
LCLP = 981.24 PWAT = 48.93 TOTL = 48.00 CAPE = 1793.89
LCLT = 295.74 CINS = 0.00 EQLV = 214.98 LFCT = 940.59
BRCH = 48.96

PRES TMPC TMWC DWPC THTE DRCT SKNT OMEG
CFRL HGHT
987.60 23.14 22.87 22.70 349.50 250.75 12.96 0.00
0.00 149.53
984.60 22.94 22.69 22.52 349.14 251.57 23.95 -0.10
0.00 176.19
979.10 22.54 22.39 22.26 348.68 250.79 27.16 -0.30
0.00 225.22
969.70 21.94 21.83 21.72 347.73 250.35 31.76 -0.70
100.00 309.50
955.80 21.34 21.20 21.08 347.22 248.98 36.83 -1.40
100.00 435.35
938.00 20.54 20.40 20.28 346.66 246.01 40.62 -2.30
100.00 598.77
916.70 19.44 19.31 19.19 345.53 242.74 42.83 -3.20
100.00 797.74
893.50 18.14 18.02 17.90 344.06 239.82 44.04 -3.90
100.00 1018.77
868.50 16.64 16.57 16.48 342.48 237.70 44.35 -4.40
100.00 1262.18
840.60 14.94 14.84 14.73 340.54 236.73 44.62 -4.70
100.00 1540.52
809.70 13.14 13.04 12.93 339.18 234.63 45.98 -5.20
100.00 1857.67
776.00 11.24 11.18 11.10 338.45 228.86 46.95 -5.70
100.00 2215.14
739.60 9.34 9.30 9.23 338.47 223.98 46.15 -5.60
100.00 2616.23
700.30 6.24 6.18 6.10 335.60 232.53 40.87 -4.40
99.00 3067.74
658.20 1.14 1.07 0.97 328.70 248.04 38.97 -2.90
94.00 3572.40
613.20 -2.46 -3.79 -5.42 324.72 240.95 46.00 -2.40
85.00 4139.04
565.80 -3.76 -7.70 -14.47 324.51 230.17 62.47 -2.60
69.00 4776.19
519.90 -6.36 -11.09 -21.99 326.15 231.32 71.17 -2.70
59.00 5440.82
478.60 -11.06 -14.54 -23.47 327.87 234.88 71.25 -2.60
59.00 6081.99
441.50 -15.96 -18.13 -24.28 329.28 236.58 68.41 -2.70
81.00 6695.67
408.10 -19.36 -20.44 -23.46 333.01 235.91 62.39 -2.80
88.00 7284.45
377.70 -21.76 -22.59 -25.06 336.93 232.18 56.06 -2.90
91.00 7857.29
350.40 -25.36 -26.16 -29.19 338.07 230.91 56.06 -3.00
92.00 8405.79
325.80 -29.76 -30.52 -34.54 337.78 231.77 57.13 -2.80
90.00 8929.33
303.50 -33.86 -34.63 -40.49 337.91 231.25 56.80 -2.30
88.00 9430.36
283.50 -37.96 -38.33 -41.67 338.57 230.09 54.20 -1.50
78.00 9903.86
265.50 -41.76 -41.99 -44.70 339.10 229.72 56.78 -0.80
64.00 10351.89
248.70 -45.86 -46.04 -48.93 339.01 233.97 68.69 -0.40
100.00 10790.77
233.50 -47.36 -47.77 -58.64 342.40 234.99 93.45 -0.30
44.00 11208.99
219.50 -48.76 -49.22 -67.42 346.17 234.01 111.40 -0.20
0.00 11616.38
205.60 -51.66 -52.03 -72.72 348.09 233.52 118.61 -0.10
0.00 12043.30
191.60 -55.16 -55.42 -73.19 349.57 234.19 117.85 0.10
0.00 12496.91
177.70 -58.36 -58.54 -73.70 351.93 236.36 112.22 0.10
0.00 12973.95
163.70 -60.96 -61.10 -74.25 355.91 240.58 102.82 0.20
0.00 13486.76
149.80 -63.56 -9999.00 -9999.00 -9999.00 246.59 91.43 0.20
0.00 14034.53
135.80 -66.26 -9999.00 -9999.00 -9999.00 252.43 77.21 0.20
0.00 14632.60
121.90 -68.36 -9999.00 -9999.00 -9999.00 250.06 65.50 0.10
0.00 15283.22
107.90 -69.96 -9999.00 -9999.00 -9999.00 242.84 58.29 0.10
0.00 16011.67
94.00 -71.56 -9999.00 -9999.00 -9999.00 241.71 52.06 0.10
0.00 16828.68
81.00 -71.16 -9999.00 -9999.00 -9999.00 246.09 45.05 0.10
0.00 17707.86
70.60 -65.16 -9999.00 -9999.00 -9999.00 239.84 33.26 0.10
0.00 18532.43
62.20 -62.56 -9999.00 -9999.00 -9999.00 220.60 23.29 0.00
0.00 19308.47
54.30 -57.76 -9999.00 -9999.00 -9999.00 237.85 8.02 0.00
0.00 20155.31
46.90 -59.06 -9999.00 -9999.00 -9999.00 133.03 7.96 0.00
0.00 21076.21
40.10 -57.06 -9999.00 -9999.00 -9999.00 240.95 6.00 0.00
0.00 22062.42
33.80 -53.96 -9999.00 -9999.00 -9999.00 129.64 8.84 0.00
0.00 23151.26
27.80 -52.96 -9999.00 -9999.00 -9999.00 100.22 12.04 0.00
0.00 24407.96
22.30 -51.76 -9999.00 -9999.00 -9999.00 107.19 19.72 0.00
0.00 25832.69
17.10 -49.86 -9999.00 -9999.00 -9999.00 57.69 15.64 0.00
0.00 27560.67
12.30 -47.86 -9999.00 -9999.00 -9999.00 39.52 10.08 0.00
0.00 29723.79

STID = KDAL STNM = 722583 TIME = 191021/0800 
SLAT = 32.84 SLON = -96.85 SELV = 138.0
STIM = 13

SHOW = 9.16 LIFT = 2.35 SWET = 114.05 KINX = 24.10
LCLP = 931.06 PWAT = 30.33 TOTL = 34.15 CAPE = 13.81
LCLT = 291.18 CINS = -159.61 EQLV = 578.07 LFCT = 665.98
BRCH = 0.38

PRES TMPC TMWC DWPC THTE DRCT SKNT OMEG
CFRL HGHT
988.30 23.04 20.28 18.99 338.42 233.62 9.17 0.00
0.00 149.49
985.30 23.04 19.99 18.55 337.72 235.68 14.82 0.00
0.00 176.07
979.80 22.84 19.64 18.10 337.13 237.72 17.46 0.00
0.00 224.99
970.50 22.54 18.82 16.97 335.34 243.20 21.11 -0.10
0.00 308.22
956.70 22.44 17.07 14.11 330.86 253.48 23.91 -0.10
38.00 433.03
939.00 21.44 15.39 11.72 327.51 268.24 25.27 -0.10
61.00 595.30
917.90 19.74 13.82 9.96 325.30 280.95 24.53 -0.10
73.00 791.76
894.90 18.14 11.89 7.37 322.46 291.89 23.45 0.10
75.00 1009.75
870.00 17.24 9.52 2.88 318.83 300.36 22.28 0.30
78.00 1250.90
842.10 15.94 6.60 -3.77 314.51 300.80 23.52 0.50
80.00 1528.08
811.40 13.44 5.26 -3.92 315.39 286.36 22.07 0.50
65.00 1841.65
777.90 10.54 7.10 4.36 325.51 262.92 28.38 0.40
66.00 2194.66
741.30 8.24 7.74 7.36 333.26 243.79 42.66 0.50
100.00 2595.09
701.90 5.84 5.74 5.63 334.01 230.47 46.10 0.60
100.00 3045.30
659.40 2.24 2.21 2.15 331.51 226.31 42.17 0.40
100.00 3554.39
614.10 -1.36 -3.41 -5.91 325.43 237.23 50.60 -0.10
100.00 4126.24
566.60 -4.16 -8.38 -16.27 322.90 239.38 60.26 -0.50
10.00 4764.55
520.50 -8.16 -13.02 -27.68 322.11 237.31 65.09 -0.50
8.00 5428.31
479.00 -11.66 -16.64 -42.00 323.49 233.73 70.59 -0.40
0.00 6068.74
441.80 -14.56 -18.83 -39.91 327.64 231.43 73.54 -0.20
0.00 6684.18
408.30 -17.96 -21.57 -41.40 330.63 232.26 77.12 -0.10
0.00 7277.23
377.90 -21.76 -24.70 -43.76 332.83 232.21 79.90 0.00
0.00 7850.96
350.50 -26.16 -28.12 -40.80 334.50 229.82 76.79 0.10
0.00 8400.07
325.90 -30.36 -31.56 -39.80 335.95 227.38 72.86 0.10
0.00 8921.81
303.60 -34.36 -35.06 -40.48 337.17 222.99 70.38 0.10
2.00 9421.50
283.50 -38.26 -38.73 -43.43 337.91 220.34 72.63 0.00
1.00 9896.48
265.50 -41.86 -42.37 -49.95 338.48 223.95 82.28 -0.20
44.00 10344.10
248.70 -44.86 -45.44 -61.32 339.93 230.13 92.11 -0.40
0.00 10783.81
233.50 -47.16 -47.70 -71.85 342.48 232.79 97.32 -0.50
0.00 11203.11
219.50 -49.16 -49.60 -67.42 345.55 232.82 108.97 -0.50
0.00 11610.32
205.60 -51.96 -52.29 -67.89 347.67 232.74 118.38 -0.30
0.00 12036.56
191.60 -55.36 -55.61 -73.19 349.25 233.17 118.92 -0.20
0.00 12489.66
177.70 -58.66 -58.84 -73.70 351.43 235.11 113.42 -0.10
0.00 12966.15
163.70 -61.16 -61.29 -74.25 355.58 239.61 102.91 0.00
0.00 13478.36
149.80 -63.46 -9999.00 -9999.00 -9999.00 245.77 89.47 0.00
0.00 14026.00
135.80 -66.16 -9999.00 -9999.00 -9999.00 251.61 74.51 0.10
0.00 14624.36
121.90 -68.66 -9999.00 -9999.00 -9999.00 249.54 64.47 0.10
0.00 15274.66
107.90 -70.16 -9999.00 -9999.00 -9999.00 243.11 60.55 0.10
0.00 16002.22
94.00 -70.76 -9999.00 -9999.00 -9999.00 238.39 53.38 0.00
0.00 16820.44
81.00 -70.66 -9999.00 -9999.00 -9999.00 238.21 43.88 0.00
0.00 17702.45
70.60 -65.46 -9999.00 -9999.00 -9999.00 241.36 36.07 0.00
0.00 18527.42
62.20 -61.56 -9999.00 -9999.00 -9999.00 227.90 21.74 0.00
0.00 19304.75
54.30 -59.36 -9999.00 -9999.00 -9999.00 248.96 10.82 0.00
0.00 20150.40
46.90 -58.36 -9999.00 -9999.00 -9999.00 156.61 7.83 0.00
0.00 21069.37
40.10 -55.56 -9999.00 -9999.00 -9999.00 188.33 8.04 0.00
0.00 22060.63
33.80 -54.16 -9999.00 -9999.00 -9999.00 114.78 8.35 0.00
0.00 23152.72
27.80 -52.56 -9999.00 -9999.00 -9999.00 70.50 9.89 0.00
0.00 24410.00
22.30 -53.46 -9999.00 -9999.00 -9999.00 95.12 13.07 0.00
0.00 25830.53
17.10 -49.26 -9999.00 -9999.00 -9999.00 80.39 12.80 0.00
0.00 27554.24
12.30 -47.46 -9999.00 -9999.00 -9999.00 51.34 8.70 0.00
0.00 29722.18

STID = KDAL STNM = 722583 TIME = 191021/0900 
SLAT = 32.84 SLON = -96.85 SELV = 138.0
STIM = 14

SHOW = 10.99 LIFT = 7.40 SWET = 108.05 KINX = 9.70
LCLP = 890.73 PWAT = 17.43 TOTL = 30.11 CAPE = 0.00
LCLT = 285.72 CINS = 0.00 EQLV = -9999.00 LFCT = -9999.00
BRCH = 0.00

PRES TMPC TMWC DWPC THTE DRCT SKNT OMEG
CFRL HGHT
989.00 21.24 16.76 14.18 325.43 295.51 9.48 0.00
0.00 149.39
986.10 21.34 16.32 13.34 324.32 296.89 15.46 0.00
0.00 174.85
980.70 21.14 15.81 12.54 323.32 298.71 18.61 0.10
0.00 222.45
971.30 20.64 14.97 11.33 321.85 301.14 21.79 0.10
0.00 305.79
957.40 19.64 13.76 9.73 319.87 306.69 24.71 0.10
0.00 430.16
939.70 19.04 12.21 7.02 317.45 320.74 28.85 -0.10
11.00 590.64
918.60 18.54 10.81 4.34 316.06 329.69 31.95 -0.30
23.00 785.43
895.60 17.44 9.43 2.18 315.18 336.00 32.96 -0.50
25.00 1002.23
870.70 16.54 8.21 0.11 315.09 328.72 24.32 -0.50
28.00 1242.38
842.90 15.94 5.40 -8.62 311.20 303.99 20.84 -0.20
30.00 1517.82
812.20 14.34 2.70 -19.85 308.43 294.44 25.82 0.10
15.00 1831.23
778.50 12.04 1.83 -15.63 311.23 278.06 23.54 0.00
16.00 2186.68
742.00 8.34 4.04 -0.07 322.63 240.46 26.79 -0.20
34.00 2585.74
702.60 6.04 1.20 -4.24 321.55 239.30 36.15 -0.10
46.00 3034.71
660.20 2.54 -1.57 -6.74 321.76 244.04 49.26 -0.10
51.00 3541.35
614.90 -1.06 -5.35 -12.18 320.80 245.60 59.73 -0.50
31.00 4112.27
567.20 -4.16 -9.98 -25.78 319.28 244.42 60.72 -0.90
0.00 4752.36
521.00 -8.26 -14.04 -42.21 319.84 239.68 62.33 -1.00
0.00 5416.43
479.40 -12.16 -17.08 -45.31 322.56 232.22 68.80 -0.90
0.00 6056.96
442.10 -15.26 -19.46 -43.23 326.39 228.26 74.98 -0.60
0.00 6672.15
408.50 -18.46 -22.19 -48.90 329.39 228.18 79.23 -0.40
0.00 7265.19
378.10 -21.76 -24.96 -52.32 332.26 228.15 82.40 -0.20
0.00 7838.02
350.60 -26.06 -28.47 -51.06 333.78 226.87 84.11 0.00
0.00 8388.96
325.90 -30.16 -31.86 -48.15 335.37 224.52 82.56 0.00
0.00 8913.00
303.60 -34.36 -35.41 -45.77 336.55 220.80 80.57 0.00
0.00 9412.84
283.60 -38.46 -39.21 -48.81 337.08 219.33 83.37 -0.10
0.00 9885.12
265.50 -42.36 -42.99 -55.27 337.46 223.30 87.80 -0.20
0.00 10334.45
248.70 -45.56 -46.10 -61.32 338.88 229.80 90.29 -0.30
0.00 10773.00
233.50 -48.16 -48.62 -66.97 341.02 231.99 93.69 -0.20
0.00 11190.74
219.50 -49.86 -50.26 -67.42 344.47 231.80 105.54 -0.10
0.00 11596.40
205.60 -52.16 -52.48 -67.89 347.35 232.33 117.31 0.10
0.00 12021.79
191.70 -55.46 -55.71 -73.19 349.03 232.81 119.23 0.20
0.00 12471.23
177.70 -58.66 -58.84 -73.70 351.43 234.10 114.63 0.30
0.00 12950.90
163.80 -60.96 -61.10 -74.24 355.85 237.67 104.60 0.20
0.00 13459.55
149.80 -63.06 -9999.00 -9999.00 -9999.00 244.09 91.14 0.20
0.00 14011.73
135.80 -65.86 -9999.00 -9999.00 -9999.00 247.03 76.17 0.20
0.00 14611.10
121.90 -68.46 -9999.00 -9999.00 -9999.00 241.69 62.67 0.10
0.00 15262.19
107.90 -70.56 -9999.00 -9999.00 -9999.00 237.70 59.98 0.10
0.00 15989.39
94.00 -71.36 -9999.00 -9999.00 -9999.00 238.48 58.33 0.00
0.00 16805.59
81.00 -69.06 -9999.00 -9999.00 -9999.00 243.97 46.48 0.00
0.00 17689.79
70.60 -64.56 -9999.00 -9999.00 -9999.00 247.06 34.38 0.00
0.00 18519.78
62.20 -58.76 -9999.00 -9999.00 -9999.00 247.26 22.11 0.00
0.00 19303.98
54.30 -60.16 -9999.00 -9999.00 -9999.00 214.22 5.87 0.00
0.00 20153.60
46.90 -60.16 -9999.00 -9999.00 -9999.00 158.39 11.07 0.00
0.00 21067.00
40.10 -56.86 -9999.00 -9999.00 -9999.00 185.96 13.09 0.00
0.00 22051.15
33.80 -53.06 -9999.00 -9999.00 -9999.00 133.15 8.53 0.00
0.00 23142.74
27.80 -51.06 -9999.00 -9999.00 -9999.00 87.80 10.10 0.00
0.00 24407.45
22.30 -52.66 -9999.00 -9999.00 -9999.00 71.11 7.81 0.00
0.00 25835.40
17.10 -47.56 -9999.00 -9999.00 -9999.00 65.30 10.68 0.00
0.00 27568.82
12.30 -47.46 -9999.00 -9999.00 -9999.00 25.20 3.65 0.00
0.00 29744.97

STID = KDAL STNM = 722583 TIME = 191021/1000 
SLAT = 32.84 SLON = -96.85 SELV = 138.0
STIM = 15

SHOW = 11.70 LIFT = 10.84 SWET = 105.67 KINX = 7.86
LCLP = 904.14 PWAT = 13.93 TOTL = 29.28 CAPE = 0.00
LCLT = 284.01 CINS = 0.00 EQLV = -9999.00 LFCT = -9999.00
BRCH = 0.00

PRES TMPC TMWC DWPC THTE DRCT SKNT OMEG
CFRL HGHT
990.30 18.34 14.64 12.24 318.49 297.82 7.91 0.00
0.00 149.25
987.30 18.74 14.26 11.25 317.67 300.61 16.03 -0.10
0.00 175.30
981.80 18.54 13.79 10.51 316.93 302.07 19.02 -0.20
0.00 223.25
972.50 18.44 12.96 8.97 315.62 308.80 25.43 -0.40
0.00 304.88
958.70 18.14 11.87 6.95 314.15 320.37 32.28 -0.60
0.00 427.32
941.00 17.54 10.59 4.63 312.71 332.00 38.05 -0.80
0.00 586.64
920.00 16.94 8.80 0.74 310.43 340.04 39.26 -0.70
0.00 779.07
896.90 15.64 6.74 -3.73 307.94 345.24 37.35 -0.40
0.00 995.01
871.90 14.94 5.79 -5.61 308.67 347.63 30.83 0.00
0.00 1234.14
843.90 14.44 5.28 -6.13 310.97 316.40 16.90 0.30
0.00 1509.63
813.20 12.74 2.97 -12.20 309.32 288.81 18.67 0.50
0.00 1821.11
779.50 11.44 1.50 -15.86 310.36 273.04 25.68 0.60
0.00 2174.84
742.90 8.24 1.27 -8.01 315.42 247.54 21.85 0.50
0.00 2573.72
703.40 4.84 -0.08 -6.25 318.33 239.04 29.45 0.40
0.00 3021.86
660.90 1.24 -3.09 -9.32 318.17 251.23 41.65 0.30
0.00 3526.67
615.50 -1.16 -6.55 -17.04 318.02 251.14 58.29 0.20
0.00 4096.56
567.70 -4.26 -10.57 -31.42 317.91 250.80 59.65 -0.20
0.00 4736.93
521.40 -8.26 -14.18 -48.52 319.43 245.30 64.14 -0.70
0.00 5401.68
479.70 -12.46 -17.27 -44.67 322.17 234.65 70.49 -1.00
0.00 6042.92
442.30 -15.96 -19.95 -42.75 325.50 228.40 76.36 -1.10
0.00 6658.24
408.70 -19.06 -22.66 -49.73 328.53 228.19 78.96 -1.00
0.00 7249.50
378.20 -21.96 -25.13 -53.45 331.93 227.39 82.34 -0.90
0.00 7823.08
350.70 -25.76 -28.23 -51.06 334.16 226.68 84.38 -0.90
0.00 8373.98
326.00 -30.16 -31.95 -50.86 335.18 224.63 85.16 -1.00
0.00 8898.18
303.70 -34.66 -35.87 -50.72 335.74 222.40 84.69 -1.10
0.00 9397.53
283.60 -38.86 -39.71 -52.86 336.26 222.33 85.39 -1.10
0.00 9871.37
265.50 -42.86 -43.48 -56.37 336.69 225.64 86.40 -1.00
0.00 10319.82
248.70 -46.36 -46.82 -59.58 337.74 229.36 88.58 -0.80
0.00 10757.13
233.50 -48.66 -49.07 -63.98 340.30 230.44 94.23 -0.60
0.00 11173.67
219.50 -49.86 -50.26 -67.42 344.47 230.83 108.26 -0.50
0.00 11578.88
205.60 -52.16 -52.48 -67.89 347.35 231.82 119.11 -0.40
0.00 12004.27
191.70 -55.36 -55.61 -73.19 349.19 232.26 119.64 -0.40
0.00 12453.81
177.70 -58.16 -58.35 -73.70 352.25 234.22 113.97 -0.30
0.00 12934.15
163.80 -60.16 -60.32 -74.24 357.19 239.57 103.19 -0.30
0.00 13444.34
149.80 -62.76 -9999.00 -9999.00 -9999.00 246.49 89.61 -0.30
0.00 13997.97
135.90 -65.46 -9999.00 -9999.00 -9999.00 245.83 74.94 -0.20
0.00 14593.84
121.90 -67.86 -9999.00 -9999.00 -9999.00 242.73 63.60 -0.10
0.00 15250.96
108.00 -70.46 -9999.00 -9999.00 -9999.00 240.04 58.74 0.00
0.00 15973.88
94.00 -72.06 -9999.00 -9999.00 -9999.00 238.30 57.30 0.10
0.00 16794.34
81.00 -69.26 -9999.00 -9999.00 -9999.00 239.58 49.11 0.20
0.00 17676.58
70.60 -62.36 -9999.00 -9999.00 -9999.00 235.77 34.54 0.10
0.00 18510.59
62.20 -58.76 -9999.00 -9999.00 -9999.00 221.54 20.51 0.00
0.00 19298.86
54.30 -59.86 -9999.00 -9999.00 -9999.00 160.79 13.58 0.00
0.00 20149.08
46.90 -58.96 -9999.00 -9999.00 -9999.00 171.47 11.79 -0.10
0.00 21065.70
40.10 -56.36 -9999.00 -9999.00 -9999.00 182.29 4.86 -0.10
0.00 22053.74
33.80 -54.66 -9999.00 -9999.00 -9999.00 87.14 7.77 0.00
0.00 23142.58
27.80 -53.66 -9999.00 -9999.00 -9999.00 99.09 9.83 0.00
0.00 24395.28
22.30 -52.46 -9999.00 -9999.00 -9999.00 86.01 8.37 0.00
0.00 25815.49
17.10 -47.06 -9999.00 -9999.00 -9999.00 45.00 7.69 0.00
0.00 27551.63
12.30 -47.66 -9999.00 -9999.00 -9999.00 325.84 6.57 0.00
0.00 29729.22

STID = KDAL STNM = 722583 TIME = 191021/1100 
SLAT = 32.84 SLON = -96.85 SELV = 138.0
STIM = 16

SHOW = 13.35 LIFT = 13.56 SWET = 100.39 KINX = -1.48
LCLP = 885.88 PWAT = 11.59 TOTL = 24.50 CAPE = 0.00
LCLT = 280.73 CINS = 0.00 EQLV = -9999.00 LFCT = -9999.00
BRCH = 0.00

PRES TMPC TMWC DWPC THTE DRCT SKNT OMEG
CFRL HGHT
992.50 16.84 12.51 9.26 311.99 327.09 11.79 0.00
0.00 148.30
989.40 17.04 12.17 8.41 311.39 330.05 20.63 -0.10
0.00 174.98
984.00 16.94 11.81 7.75 311.02 330.99 24.44 -0.10
0.00 221.66
974.60 16.54 11.02 6.42 309.96 334.22 31.70 -0.10
0.00 303.43
960.80 15.94 9.89 4.44 308.56 337.75 36.95 -0.10
0.00 424.66
943.00 15.14 8.12 0.86 306.09 342.08 41.03 -0.10
0.00 583.15
921.80 14.34 6.79 -1.83 305.26 345.31 41.38 -0.20
0.00 775.22
898.80 14.14 7.15 -0.19 308.93 351.23 31.84 -0.20
0.00 988.29
873.70 15.34 6.00 -5.54 308.94 337.48 17.25 0.00
0.00 1227.48
845.70 14.64 4.16 -11.91 307.82 294.33 15.56 0.40
0.00 1502.60
814.80 12.94 2.18 -18.25 307.09 285.55 23.19 0.80
0.00 1815.51
781.10 10.94 0.60 -21.03 308.01 277.13 32.89 0.90
0.00 2168.22
744.30 8.34 -0.13 -14.62 311.78 257.20 30.67 0.40
0.00 2568.01
704.70 4.74 -1.57 -11.32 314.61 249.40 30.92 0.00
0.00 3016.14
662.10 1.14 -3.64 -11.05 316.74 254.17 39.16 -0.20
0.00 3520.80
616.50 -1.86 -6.82 -16.39 317.34 254.23 52.87 0.00
0.00 4091.32
568.60 -5.16 -10.81 -27.77 317.39 252.31 56.90 0.20
0.00 4730.17
522.10 -8.06 -13.93 -43.29 319.82 244.49 65.85 0.20
0.00 5395.99
480.20 -12.46 -17.18 -41.98 322.27 235.23 74.26 0.00
0.00 6039.81
442.70 -16.96 -20.67 -42.74 324.15 230.56 77.97 -0.20
0.00 6654.99
409.00 -20.46 -23.69 -48.89 326.69 229.09 78.90 -0.30
0.00 7244.74
378.40 -23.16 -26.08 -54.73 330.26 228.00 81.29 -0.30
0.00 7816.88
350.90 -26.36 -28.79 -55.35 333.13 227.16 83.70 -0.20
0.00 8365.48
326.10 -30.36 -32.18 -53.57 334.75 226.10 85.72 -0.20
0.00 8890.70
303.70 -34.56 -35.85 -53.18 335.76 223.73 86.83 -0.20
0.00 9392.10
283.60 -38.66 -39.55 -53.75 336.51 221.64 86.83 -0.20
0.00 9866.24
265.50 -42.86 -43.45 -55.27 336.73 222.29 87.18 -0.10
0.00 10314.88
248.70 -46.46 -46.92 -59.58 337.59 225.18 89.55 0.10
0.00 10752.09
233.50 -48.16 -48.60 -63.98 341.06 227.57 98.17 0.30
0.00 11169.01
219.50 -49.26 -49.69 -67.42 345.40 229.75 112.74 0.40
0.00 11575.21
205.60 -51.66 -52.01 -67.89 348.14 230.79 121.08 0.40
0.00 12001.65
191.70 -54.66 -54.94 -73.19 350.32 231.81 119.39 0.40
0.00 12452.42
177.70 -57.16 -57.38 -73.70 353.89 235.40 112.57 0.20
0.00 12934.65
163.80 -59.56 -9999.00 -9999.00 -9999.00 241.57 101.61 0.10
0.00 13446.75
149.80 -62.36 -9999.00 -9999.00 -9999.00 244.63 87.49 0.00
0.00 14001.68
135.90 -64.56 -9999.00 -9999.00 -9999.00 242.34 72.80 0.00
0.00 14599.40
121.90 -67.66 -9999.00 -9999.00 -9999.00 240.98 62.86 0.00
0.00 15258.28
107.90 -71.16 -9999.00 -9999.00 -9999.00 236.74 57.38 0.00
0.00 15985.83
94.00 -71.86 -9999.00 -9999.00 -9999.00 233.52 56.53 0.10
0.00 16799.82
81.00 -67.26 -9999.00 -9999.00 -9999.00 237.51 46.29 0.10
0.00 17686.84
70.60 -61.96 -9999.00 -9999.00 -9999.00 238.83 28.15 0.00
0.00 18525.68
62.20 -61.26 -9999.00 -9999.00 -9999.00 210.63 17.15 0.00
0.00 19310.06
54.30 -62.36 -9999.00 -9999.00 -9999.00 180.95 11.65 0.00
0.00 20150.34
46.90 -59.66 -9999.00 -9999.00 -9999.00 176.33 15.19 0.00
0.00 21060.10
40.10 -56.36 -9999.00 -9999.00 -9999.00 174.92 8.78 0.00
0.00 22046.54
33.80 -54.86 -9999.00 -9999.00 -9999.00 92.86 7.77 0.00
0.00 23134.87
27.80 -54.86 -9999.00 -9999.00 -9999.00 84.40 9.95 0.00
0.00 24383.57
22.30 -52.96 -9999.00 -9999.00 -9999.00 66.80 10.35 0.00
0.00 25798.30
17.10 -48.26 -9999.00 -9999.00 -9999.00 26.57 10.86 0.00
0.00 27527.83
12.30 -48.46 -9999.00 -9999.00 -9999.00 330.64 3.57 0.00
0.00 29695.78

STID = KDAL STNM = 722583 TIME = 191021/1200 
SLAT = 32.84 SLON = -96.85 SELV = 138.0
STIM = 17

SHOW = 14.61 LIFT = 16.33 SWET = 111.77 KINX = -4.69
LCLP = 881.70 PWAT = 9.98 TOTL = 22.18 CAPE = 0.00
LCLT = 278.63 CINS = 0.00 EQLV = -9999.00 LFCT = -9999.00
BRCH = 0.00

PRES TMPC TMWC DWPC THTE DRCT SKNT OMEG
CFRL HGHT
993.40 15.14 10.83 7.22 307.37 332.99 11.11 0.00
0.00 149.08
990.40 15.34 10.50 6.32 306.83 334.68 19.99 -0.10
0.00 174.71
985.00 15.24 10.14 5.63 306.51 335.94 23.83 -0.10
0.00 221.03
975.60 14.94 9.39 4.21 305.64 338.40 31.14 -0.10
0.00 302.21
961.80 14.34 8.25 2.07 304.34 341.27 36.31 -0.20
0.00 422.58
944.00 14.04 6.29 -3.34 301.54 345.77 41.08 -0.20
0.00 580.07
922.90 14.74 5.24 -8.71 301.28 349.06 40.95 0.00
0.00 770.64
899.70 14.04 5.73 -4.71 305.25 346.14 30.81 0.20
0.00 985.26
874.60 14.04 5.37 -5.62 307.39 325.27 17.74 0.40
0.00 1223.55
846.60 13.04 3.21 -12.82 305.61 303.69 19.62 0.70
0.00 1496.98
815.70 10.84 0.95 -19.44 304.39 294.78 25.04 0.90
0.00 1807.51
781.80 9.54 -0.53 -25.46 305.44 279.93 31.55 0.90
0.00 2159.74
745.10 8.94 -0.09 -16.32 311.66 261.30 41.06 0.50
0.00 2557.42
705.30 5.54 -1.15 -11.36 315.41 247.14 39.01 0.10
0.00 3008.48
662.60 1.24 -3.69 -11.45 316.54 251.13 40.85 -0.10
0.00 3514.73
617.00 -2.26 -7.14 -16.80 316.61 250.67 51.05 0.00
0.00 4084.46
569.00 -5.46 -10.98 -27.60 317.00 248.81 57.50 0.10
0.00 4723.32
522.40 -7.96 -13.76 -40.27 320.11 238.52 69.93 0.00
0.00 5389.91
480.50 -12.76 -17.37 -41.51 321.88 233.68 76.42 -0.20
0.00 6033.11
442.90 -16.86 -20.79 -49.03 323.85 230.72 75.78 -0.50
0.00 6649.35
409.10 -19.86 -23.31 -52.79 327.28 230.71 80.07 -0.60
0.00 7241.43
378.50 -23.66 -26.45 -53.44 329.61 231.49 78.94 -0.60
0.00 7813.53
351.00 -27.96 -30.10 -55.35 330.95 228.87 77.37 -0.40
0.00 8359.67
326.10 -31.36 -33.09 -57.43 333.25 224.34 83.10 -0.10
0.00 8884.13
303.80 -34.56 -35.90 -55.27 335.65 222.48 90.60 0.20
0.00 9382.16
283.70 -38.56 -39.48 -54.73 336.58 221.44 93.03 0.30
0.00 9856.23
265.50 -42.66 -43.31 -57.61 336.94 222.67 94.58 0.30
0.00 10307.56
248.70 -45.56 -46.10 -61.32 338.88 225.97 97.80 0.30
0.00 10745.82
233.50 -47.36 -47.87 -66.97 342.23 228.11 103.87 0.30
0.00 11164.30
219.60 -48.86 -49.31 -67.41 345.97 230.00 116.65 0.40
0.00 11568.59
205.60 -51.06 -51.46 -72.72 349.04 231.71 123.50 0.40
0.00 11998.96
191.70 -53.96 -54.26 -73.19 351.44 234.38 119.72 0.30
0.00 12451.06
177.70 -56.76 -56.99 -73.70 354.55 238.42 111.27 0.20
0.00 12934.51
163.80 -59.36 -59.53 -74.24 358.54 242.05 100.27 0.10
0.00 13447.33
149.80 -61.56 -61.70 -74.84 364.02 243.43 85.99 0.00
0.00 14003.57
135.90 -63.86 -9999.00 -9999.00 -9999.00 242.73 70.38 -0.10
0.00 14603.43
121.90 -67.56 -9999.00 -9999.00 -9999.00 239.52 59.73 -0.10
0.00 15263.57
107.90 -71.36 -9999.00 -9999.00 -9999.00 233.37 56.64 0.00
0.00 15990.95
94.00 -71.26 -9999.00 -9999.00 -9999.00 235.28 56.95 0.00
0.00 16805.74
81.00 -65.66 -9999.00 -9999.00 -9999.00 243.21 44.83 0.00
0.00 17697.56
70.60 -61.86 -9999.00 -9999.00 -9999.00 243.83 25.10 0.00
0.00 18539.82
62.20 -62.06 -9999.00 -9999.00 -9999.00 209.33 19.83 0.00
0.00 19322.91
54.30 -62.06 -9999.00 -9999.00 -9999.00 207.68 13.38 0.00
0.00 20162.19
46.90 -59.56 -9999.00 -9999.00 -9999.00 180.00 16.51 0.00
0.00 21072.80
40.10 -56.56 -9999.00 -9999.00 -9999.00 169.00 7.13 0.00
0.00 22059.01
33.80 -55.76 -9999.00 -9999.00 -9999.00 83.66 8.80 0.00
0.00 23144.60
27.80 -55.76 -9999.00 -9999.00 -9999.00 77.74 9.15 0.00
0.00 24388.15
22.30 -52.66 -9999.00 -9999.00 -9999.00 80.05 11.25 0.00
0.00 25800.94
17.10 -48.56 -9999.00 -9999.00 -9999.00 42.83 10.86 0.00
0.00 27530.47
12.30 -48.16 -9999.00 -9999.00 -9999.00 327.09 3.92 0.00
0.00 29698.42

STID = KDAL STNM = 722583 TIME = 191021/1300 
SLAT = 32.84 SLON = -96.85 SELV = 138.0
STIM = 18

SHOW = 14.95 LIFT = 17.70 SWET = 114.65 KINX = -9.72
LCLP = 893.27 PWAT = 8.48 TOTL = 22.39 CAPE = 0.00
LCLT = 278.26 CINS = 0.00 EQLV = -9999.00 LFCT = -9999.00
BRCH = 0.00

PRES TMPC TMWC DWPC THTE DRCT SKNT OMEG
CFRL HGHT
994.10 13.74 9.97 6.66 305.10 327.99 9.17 0.00
0.00 149.02
991.10 14.14 9.65 5.57 304.61 331.53 18.34 -0.10
0.00 174.51
985.70 14.04 9.26 4.80 304.23 332.53 21.89 -0.10
0.00 220.60
976.30 13.84 8.45 3.08 303.25 337.29 29.68 -0.20
0.00 301.38
962.50 13.34 7.28 0.66 301.95 341.37 35.26 -0.20
0.00 421.19
944.70 13.24 5.57 -4.56 299.83 346.36 40.38 -0.20
0.00 578.04
923.50 14.24 4.59 -10.82 299.72 347.05 39.86 -0.10
0.00 768.91
900.40 13.84 4.09 -11.84 301.19 344.89 32.79 0.10
0.00 982.09
875.30 12.64 4.05 -8.30 304.22 339.85 22.55 0.20
0.00 1219.39
847.30 11.74 2.80 -11.42 304.75 311.86 20.09 0.40
0.00 1491.29
816.30 9.94 0.21 -21.98 302.73 302.14 25.93 0.70
0.00 1801.38
782.40 8.44 -1.42 -29.93 303.49 291.66 28.42 0.90
0.00 2152.06
745.60 8.14 -1.79 -28.76 307.61 263.39 40.48 0.70
0.00 2549.05
705.80 5.84 -2.03 -16.56 313.21 249.13 46.37 0.00
0.00 2999.16
663.10 1.24 -3.98 -12.63 315.79 242.98 44.04 -0.50
0.00 3505.16
617.40 -3.26 -7.46 -15.56 315.94 247.43 51.13 -0.50
0.00 4074.69
569.30 -5.96 -11.24 -26.99 316.50 249.95 61.21 -0.40
0.00 4712.76
522.60 -8.36 -13.99 -39.43 319.66 238.72 72.96 -0.40
0.00 5379.36
480.60 -13.06 -17.62 -42.45 321.41 232.90 75.99 -0.40
0.00 6023.05
443.10 -16.36 -20.34 -46.02 324.59 232.90 78.90 -0.30
0.00 6637.68
409.20 -19.76 -23.18 -49.72 327.51 234.51 77.29 -0.30
0.00 7232.02
378.60 -24.56 -27.10 -50.39 328.52 235.54 76.55 -0.20
0.00 7803.08
351.00 -28.26 -30.32 -54.07 330.58 228.33 78.01 -0.10
0.00 8349.80
326.20 -31.66 -33.36 -59.20 332.76 223.54 86.29 0.00
0.00 8871.44
303.80 -34.76 -36.09 -56.53 335.32 222.59 94.72 0.20
0.00 9371.10
283.70 -38.56 -39.48 -54.73 336.58 222.69 98.83 0.30
0.00 9844.98
265.60 -42.46 -43.11 -56.36 337.24 225.85 102.06 0.40
0.00 10293.93
248.70 -45.56 -46.10 -61.32 338.88 228.66 103.22 0.50
0.00 10734.91
233.50 -47.56 -48.03 -63.98 341.97 228.90 106.97 0.50
0.00 11153.20
219.60 -48.56 -49.03 -67.41 346.43 231.09 120.32 0.60
0.00 11557.59
205.60 -50.86 -51.27 -72.72 349.35 234.16 125.08 0.60
0.00 11988.44
191.70 -53.86 -54.16 -73.19 351.60 237.11 119.13 0.50
0.00 12440.85
177.70 -56.56 -56.79 -73.70 354.88 239.77 111.52 0.30
0.00 12924.63
163.80 -59.06 -59.24 -74.24 359.04 241.87 101.77 0.10
0.00 13438.04
149.80 -60.96 -61.11 -74.84 365.05 243.38 87.57 -0.10
0.00 13995.46
135.90 -63.46 -9999.00 -9999.00 -9999.00 243.09 71.23 -0.20
0.00 14596.75
121.90 -67.16 -9999.00 -9999.00 -9999.00 237.30 59.32 -0.20
0.00 15258.17
107.90 -71.36 -9999.00 -9999.00 -9999.00 230.47 57.67 -0.10
0.00 15986.26
94.00 -71.36 -9999.00 -9999.00 -9999.00 237.66 59.56 0.00
0.00 16800.85
81.00 -65.56 -9999.00 -9999.00 -9999.00 251.04 46.62 0.00
0.00 17692.67
70.60 -62.96 -9999.00 -9999.00 -9999.00 255.66 26.67 0.00
0.00 18532.92
62.20 -63.26 -9999.00 -9999.00 -9999.00 227.23 21.17 0.00
0.00 19311.74
54.30 -62.36 -9999.00 -9999.00 -9999.00 210.43 14.20 0.00
0.00 20148.04
46.90 -60.46 -9999.00 -9999.00 -9999.00 181.19 18.65 0.00
0.00 21056.08
40.10 -57.16 -9999.00 -9999.00 -9999.00 176.27 8.95 0.00
0.00 22038.85
33.80 -56.06 -9999.00 -9999.00 -9999.00 93.30 10.12 0.00
0.00 23122.19
27.80 -55.66 -9999.00 -9999.00 -9999.00 91.97 11.27 0.00
0.00 24365.16
22.30 -52.16 -9999.00 -9999.00 -9999.00 105.07 15.70 0.00
0.00 25779.89
17.10 -48.56 -9999.00 -9999.00 -9999.00 76.87 11.97 0.00
0.00 27511.37
12.30 -47.66 -9999.00 -9999.00 -9999.00 327.26 6.47 0.00
0.00 29681.72

STID = KDAL STNM = 722583 TIME = 191021/1400 
SLAT = 32.84 SLON = -96.85 SELV = 138.0
STIM = 19

SHOW = 15.39 LIFT = 17.87 SWET = 113.81 KINX = -14.45
LCLP = 881.97 PWAT = 8.33 TOTL = 21.47 CAPE = 0.00
LCLT = 277.41 CINS = 0.00 EQLV = -9999.00 LFCT = -9999.00
BRCH = 0.00

PRES TMPC TMWC DWPC THTE DRCT SKNT OMEG
CFRL HGHT
995.70 14.04 9.81 6.01 304.51 331.48 10.18 0.00
0.00 149.85
992.80 14.04 9.29 4.83 303.53 334.56 17.64 -0.10
0.00 174.46
987.30 13.84 8.85 4.02 303.04 335.60 20.69 -0.10
0.00 221.29
977.90 13.44 7.97 2.30 301.93 339.11 27.23 -0.10
0.00 301.84
964.10 12.74 6.77 0.00 300.60 341.90 31.88 -0.10
0.00 421.23
946.30 11.94 5.35 -3.05 299.28 346.11 37.22 0.00
0.00 577.30
925.00 12.64 4.33 -8.10 299.17 346.58 39.34 0.10
0.00 767.83
901.80 13.84 3.89 -13.11 300.54 336.01 34.87 0.20
0.00 981.02
876.70 12.84 3.47 -11.74 302.62 321.80 26.69 0.40
0.00 1217.97
848.60 11.04 2.34 -12.01 303.59 315.00 18.41 0.60
0.00 1490.12
817.50 9.14 0.12 -18.85 302.53 304.58 24.30 0.90
0.00 1799.95
783.50 6.64 -2.11 -25.09 302.18 302.59 28.13 1.20
0.00 2149.59
746.60 6.24 -2.99 -31.22 305.08 275.31 35.70 1.00
0.00 2544.52
706.80 5.64 -2.75 -20.87 311.38 254.90 50.70 0.60
0.00 2992.24
663.90 1.44 -4.11 -13.67 315.35 243.15 52.47 0.00
0.00 3499.84
618.10 -3.66 -7.62 -15.23 315.53 247.26 54.76 -0.50
0.00 4069.72
569.80 -6.36 -11.39 -26.13 316.15 247.80 62.72 -0.70
0.00 4708.87
523.10 -8.96 -14.14 -34.61 319.39 236.40 72.30 -0.70
0.00 5373.65
481.00 -13.06 -17.47 -39.09 321.63 236.47 79.47 -0.50
0.00 6017.60
443.30 -16.76 -20.63 -46.02 324.05 236.23 81.08 -0.30
0.00 6634.65
409.40 -20.86 -24.02 -49.72 326.04 236.98 78.77 -0.20
0.00 7226.97
378.70 -24.36 -27.00 -53.44 328.64 237.35 82.83 -0.20
0.00 7798.64
351.10 -27.86 -29.99 -54.07 331.10 232.87 85.28 -0.30
0.00 8345.88
326.20 -31.76 -33.43 -57.43 332.67 227.79 87.61 -0.20
0.00 8869.86
303.80 -35.56 -36.86 -61.99 334.07 225.26 91.90 -0.10
0.00 9368.59
283.70 -39.26 -40.18 -58.54 335.45 223.39 97.55 0.10
0.00 9840.95
265.60 -42.86 -43.47 -56.36 336.65 224.85 102.47 0.30
0.00 10288.84
248.70 -45.66 -46.17 -59.58 338.78 227.99 105.36 0.50
0.00 10729.34
233.50 -47.86 -48.32 -63.98 341.51 228.74 109.58 0.60
0.00 11147.26
219.60 -49.06 -49.50 -67.41 345.66 230.75 120.65 0.60
0.00 11550.93
205.60 -51.16 -51.55 -72.72 348.88 234.14 123.68 0.60
0.00 11981.01
191.70 -53.96 -54.26 -73.19 351.44 236.70 117.83 0.50
0.00 12433.01
177.70 -56.26 -56.50 -73.70 355.37 239.22 112.37 0.30
0.00 12917.02
163.80 -58.36 -58.56 -74.24 360.21 242.57 103.30 0.10
0.00 13431.62
149.80 -60.46 -60.62 -74.84 365.91 246.62 89.10 -0.10
0.00 13990.61
135.90 -63.26 -9999.00 -9999.00 -9999.00 246.86 75.62 -0.20
0.00 14592.89
121.90 -66.86 -9999.00 -9999.00 -9999.00 239.42 64.53 -0.30
0.00 15255.10
107.90 -71.06 -9999.00 -9999.00 -9999.00 228.05 59.29 -0.20
0.00 15984.27
94.00 -72.26 -9999.00 -9999.00 -9999.00 233.69 60.02 0.00
0.00 16797.65
81.00 -66.86 -9999.00 -9999.00 -9999.00 254.21 50.66 0.10
0.00 17684.67
70.60 -62.66 -9999.00 -9999.00 -9999.00 259.41 27.47 0.00
0.00 18522.91
62.20 -63.26 -9999.00 -9999.00 -9999.00 220.34 18.61 0.00
0.00 19302.29
54.30 -61.16 -9999.00 -9999.00 -9999.00 206.57 14.76 0.00
0.00 20140.97
46.90 -58.76 -9999.00 -9999.00 -9999.00 197.15 16.47 0.00
0.00 21055.23
40.10 -56.06 -9999.00 -9999.00 -9999.00 202.38 7.15 0.00
0.00 22044.42
33.80 -55.46 -9999.00 -9999.00 -9999.00 92.96 11.29 0.00
0.00 23132.01
27.80 -55.26 -9999.00 -9999.00 -9999.00 106.48 14.37 0.00
0.00 24377.85
22.30 -51.76 -9999.00 -9999.00 -9999.00 106.04 16.16 0.00
0.00 25795.15
17.10 -48.66 -9999.00 -9999.00 -9999.00 89.32 16.32 0.00
0.00 27527.80
12.30 -47.56 -9999.00 -9999.00 -9999.00 17.53 3.87 0.00
0.00 29698.15

STID = KDAL STNM = 722583 TIME = 191021/1500 
SLAT = 32.84 SLON = -96.85 SELV = 138.0
STIM = 20

SHOW = 15.69 LIFT = 17.91 SWET = 112.44 KINX = -14.93
LCLP = 875.67 PWAT = 7.92 TOTL = 21.01 CAPE = 0.00
LCLT = 277.45 CINS = 0.00 EQLV = -9999.00 LFCT = -9999.00
BRCH = 0.00

PRES TMPC TMWC DWPC THTE DRCT SKNT OMEG
CFRL HGHT
996.50 14.74 10.19 6.17 305.36 332.40 9.63 0.00
0.00 149.87
993.50 14.54 9.61 5.05 304.22 334.11 14.69 -0.10
0.00 175.36
988.10 14.04 9.04 4.25 303.41 335.14 17.56 -0.10
0.00 221.37
978.70 13.34 8.20 3.03 302.42 338.01 21.79 -0.10
0.00 301.87
964.80 12.34 7.10 1.47 301.35 340.58 25.14 -0.10
0.00 421.95
947.00 11.44 5.45 -1.92 299.48 347.40 32.05 -0.10
0.00 577.70
925.70 12.24 4.25 -7.53 298.97 348.82 33.06 0.00
0.00 767.81
902.50 13.44 3.64 -13.42 299.94 339.85 28.77 0.20
0.00 980.53
877.30 12.84 3.14 -13.69 301.78 314.32 23.08 0.30
0.00 1218.08
849.10 10.74 2.20 -11.93 303.25 301.61 20.77 0.40
0.00 1490.86
818.10 8.44 -0.07 -17.38 302.15 305.12 21.62 0.40
0.00 1798.95
784.00 6.34 -2.34 -25.79 301.67 300.20 27.43 0.60
0.00 2148.76
747.10 5.74 -3.13 -28.74 304.81 277.61 36.65 0.60
0.00 2542.88
707.20 5.44 -2.88 -21.09 311.05 255.22 51.03 0.50
0.00 2990.90
664.30 1.44 -4.36 -14.81 314.73 248.02 56.57 0.20
0.00 3497.99
618.40 -2.56 -8.10 -21.24 314.35 250.67 58.66 -0.10
0.00 4069.80
570.10 -6.26 -11.65 -29.24 315.54 252.44 64.37 -0.50
0.00 4709.86
523.30 -8.76 -14.20 -38.27 319.17 248.02 70.59 -0.60
0.00 5376.07
481.20 -13.06 -17.58 -41.50 321.37 248.14 70.96 -0.60
0.00 6019.98
443.50 -17.86 -21.32 -42.27 322.88 252.24 73.23 -0.40
0.00 6635.45
409.50 -21.96 -24.81 -47.40 324.71 245.27 76.15 -0.10
0.00 7226.75
378.80 -25.96 -28.27 -52.31 326.54 240.39 83.33 0.20
0.00 7795.21
351.20 -28.76 -30.76 -55.34 329.81 237.59 89.51 0.20
0.00 8339.53
326.30 -31.56 -33.28 -59.20 332.87 228.57 92.75 0.10
0.00 8862.60
303.90 -35.26 -36.60 -61.99 334.46 223.92 94.66 -0.10
0.00 9361.68
283.70 -39.26 -40.23 -62.52 335.36 222.02 97.79 0.00
0.00 9836.62
265.60 -42.96 -43.59 -57.61 336.46 223.77 102.76 0.10
0.00 10284.41
248.70 -45.26 -45.79 -59.58 339.37 227.57 107.38 0.30
0.00 10725.19
233.50 -47.06 -47.56 -63.98 342.73 229.20 114.45 0.40
0.00 11144.23
219.60 -48.76 -49.22 -67.41 346.12 231.48 121.66 0.40
0.00 11548.88
205.60 -51.16 -51.55 -72.72 348.88 234.88 120.88 0.40
0.00 11979.25
191.70 -53.66 -53.97 -73.19 351.92 237.46 117.73 0.30
0.00 12431.56
177.70 -56.26 -56.50 -73.70 355.37 238.89 113.91 0.30
0.00 12915.90
163.80 -58.56 -58.75 -74.24 359.88 241.50 105.44 0.20
0.00 13430.26
149.80 -60.56 -60.72 -74.84 365.74 246.40 90.73 0.10
0.00 13988.86
135.90 -63.76 -63.87 -75.48 370.40 247.35 77.66 0.00
0.00 14590.29
121.90 -67.06 -9999.00 -9999.00 -9999.00 239.92 69.37 0.00
0.00 15251.39
107.90 -70.06 -9999.00 -9999.00 -9999.00 228.52 64.82 0.00
0.00 15981.98
94.00 -71.56 -9999.00 -9999.00 -9999.00 229.44 60.33 0.10
0.00 16798.79
81.00 -66.66 -9999.00 -9999.00 -9999.00 251.57 47.92 0.10
0.00 17687.78
70.60 -61.86 -9999.00 -9999.00 -9999.00 265.07 27.10 0.00
0.00 18528.02
62.20 -62.86 -9999.00 -9999.00 -9999.00 213.06 14.61 0.00
0.00 19309.63
54.30 -60.66 -9999.00 -9999.00 -9999.00 223.88 14.01 0.00
0.00 20150.10
46.90 -58.56 -9999.00 -9999.00 -9999.00 210.38 13.05 0.00
0.00 21065.86
40.10 -56.06 -9999.00 -9999.00 -9999.00 188.53 3.92 0.00
0.00 22055.51
33.80 -55.56 -9999.00 -9999.00 -9999.00 91.55 14.37 0.00
0.00 23142.85
27.80 -53.56 -9999.00 -9999.00 -9999.00 111.40 15.44 0.00
0.00 24393.26
22.30 -50.26 -9999.00 -9999.00 -9999.00 107.10 15.85 0.00
0.00 25820.89
17.10 -48.26 -9999.00 -9999.00 -9999.00 87.77 14.98 0.00
0.00 27560.92
12.30 -46.76 -9999.00 -9999.00 -9999.00 360.00 5.24 0.00
0.00 29737.06

STID = KDAL STNM = 722583 TIME = 191021/1600 
SLAT = 32.84 SLON = -96.85 SELV = 138.0
STIM = 21

SHOW = 16.75 LIFT = 16.89 SWET = 121.23 KINX = -23.89
LCLP = 868.87 PWAT = 7.35 TOTL = 16.48 CAPE = 0.00
LCLT = 277.51 CINS = 0.00 EQLV = -9999.00 LFCT = -9999.00
BRCH = 0.00

PRES TMPC TMWC DWPC THTE DRCT SKNT OMEG
CFRL HGHT
996.50 15.44 10.57 6.34 306.31 333.95 9.73 0.00
0.00 150.75
993.70 15.04 9.91 5.23 304.93 334.50 13.99 0.00
0.00 174.59
988.20 14.54 9.35 4.47 304.16 335.56 16.43 0.00
0.00 221.52
978.80 13.64 8.61 3.71 303.40 336.57 19.06 0.00
0.00 302.14
964.90 12.44 7.66 2.80 302.67 338.29 21.54 0.00
0.00 422.32
947.10 11.14 6.26 0.86 301.36 342.37 26.30 0.00
0.00 578.05
925.80 11.84 4.25 -6.67 299.00 343.72 27.72 0.00
0.00 767.96
902.50 12.64 3.43 -12.18 299.57 343.72 27.72 0.10
0.00 981.17
877.40 11.94 2.36 -15.87 300.05 324.14 24.20 0.20
0.00 1217.04
849.20 10.34 1.16 -17.24 300.86 306.96 23.58 0.20
0.00 1489.09
818.10 8.04 -0.40 -18.20 301.47 299.63 24.36 0.20
0.00 1797.66
784.10 5.84 -2.45 -23.77 301.50 298.27 29.12 0.30
0.00 2145.87
747.10 4.64 -3.67 -27.27 303.83 280.94 35.82 0.20
0.00 2539.92
707.20 4.24 -4.00 -25.23 308.69 260.27 47.11 0.10
0.00 2986.05
664.30 1.54 -5.66 -23.37 311.80 253.67 55.26 -0.10
0.00 3491.94
618.50 -2.16 -8.48 -26.24 313.45 253.64 55.87 -0.10
0.00 4062.75
570.20 -5.86 -11.60 -31.81 315.55 253.42 60.61 -0.20
0.00 4703.55
523.40 -9.36 -14.45 -35.41 318.75 248.17 70.51 -0.20
0.00 5369.38
481.20 -13.56 -17.66 -36.26 321.30 249.19 77.10 -0.10
0.00 6013.45
443.50 -17.96 -21.30 -40.24 322.94 252.05 79.43 0.10
0.00 6628.24
409.50 -22.06 -24.85 -46.11 324.66 248.17 80.98 0.30
0.00 7219.32
378.80 -25.96 -28.27 -52.31 326.54 244.30 86.44 0.50
0.00 7787.67
351.20 -29.26 -31.17 -55.34 329.14 242.68 91.82 0.50
0.00 8331.43
326.30 -31.76 -33.43 -57.42 332.64 235.57 96.56 0.30
0.00 8853.75
303.90 -34.96 -36.31 -59.76 334.93 226.81 100.17 0.10
0.00 9352.94
283.70 -38.76 -39.78 -62.52 336.08 223.33 103.61 -0.10
0.00 9828.68
265.60 -42.66 -43.34 -59.06 336.86 224.49 107.01 0.00
0.00 10277.24
248.70 -45.26 -45.82 -61.32 339.33 227.66 109.60 0.10
0.00 10718.32
233.50 -47.06 -47.56 -63.98 342.73 229.43 115.58 0.20
0.00 11137.35
219.60 -48.96 -49.41 -67.41 345.81 231.30 121.46 0.30
0.00 11541.82
205.60 -51.16 -51.53 -67.89 348.93 234.31 122.20 0.30
0.00 11972.00
191.70 -53.16 -53.49 -73.19 352.72 236.05 117.56 0.30
0.00 12424.82
177.70 -55.16 -55.44 -73.70 357.17 237.57 110.47 0.20
0.00 12910.94
163.80 -57.46 -57.69 -74.24 361.72 242.50 101.40 0.10
0.00 13427.92
149.80 -60.66 -60.82 -74.84 365.57 248.78 92.31 0.00
0.00 13987.83
135.90 -64.36 -9999.00 -9999.00 -9999.00 248.25 79.68 0.00
0.00 14588.26
121.90 -67.46 -9999.00 -9999.00 -9999.00 238.14 70.67 0.10
0.00 15247.77
108.00 -69.56 -9999.00 -9999.00 -9999.00 228.55 68.67 0.10
0.00 15972.99
94.00 -69.26 -9999.00 -9999.00 -9999.00 229.52 59.25 0.10
0.00 16800.97
81.00 -65.86 -9999.00 -9999.00 -9999.00 250.66 42.81 0.10
0.00 17696.71
70.60 -62.66 -9999.00 -9999.00 -9999.00 260.12 26.03 0.00
0.00 18536.96
62.20 -62.96 -9999.00 -9999.00 -9999.00 203.10 14.36 0.00
0.00 19316.89
54.30 -60.66 -9999.00 -9999.00 -9999.00 232.25 15.23 0.00
0.00 20157.17
46.90 -57.66 -9999.00 -9999.00 -9999.00 217.87 11.07 0.00
0.00 21074.86
40.10 -55.16 -9999.00 -9999.00 -9999.00 326.31 0.70 0.00
0.00 22068.63
33.80 -56.16 -9999.00 -9999.00 -9999.00 91.66 13.40 0.00
0.00 23156.72
27.80 -53.96 -9999.00 -9999.00 -9999.00 115.24 15.03 0.00
0.00 24404.27
22.30 -50.66 -9999.00 -9999.00 -9999.00 106.53 12.98 0.00
0.00 25829.32
17.10 -48.06 -9999.00 -9999.00 -9999.00 105.40 13.91 0.00
0.00 27568.57
12.30 -46.36 -9999.00 -9999.00 -9999.00 346.43 11.60 0.00
0.00 29747.61
STN YYMMDD/HHMM PMSL PRES SKTC STC1 SNFL WTNS
P01M C01M STC2 LCLD MCLD HCLD
SNRA UWND VWND R01M BFGR T2MS
Q2MS WXTS WXTP WXTZ WXTR USTM
VSTM HLCY SLLH WSYM CDBP VSBK
TD2M
722583 191020/1900 1006.80 990.80 35.64 308.80 -9999.00 0.00
-9999.00 -9999.00 307.40 3.00 0.00 0.00
-9999.00 -1.50 4.10 -9999.00 -9999.00 29.24
12.01 0.00 0.00 0.00 0.00 14.70
5.40 116.40 -9999.00 999.00 -9999.00 20.00
16.44
722583 191020/2000 1005.30 989.40 35.84 309.00 0.00 100.00
0.00 0.00 307.90 4.00 0.00 0.00
-9999.00 -1.50 4.70 -9999.00 -9999.00 30.54
11.57 0.00 0.00 0.00 0.00 14.00
5.90 143.30 -9999.00 999.00 -9999.00 20.00
15.85
722583 191020/2100 1003.90 988.10 34.64 307.80 0.00 100.00
0.00 0.00 307.00 22.00 0.00 0.00
-9999.00 -1.00 5.60 -9999.00 -9999.00 31.04
13.33 0.00 0.00 0.00 0.00 12.60
6.00 142.10 -9999.00 999.00 -9999.00 20.00
18.01
722583 191020/2200 1003.40 987.70 32.84 306.00 0.00 100.00
0.00 0.00 305.60 13.00 0.00 0.00
-9999.00 -0.40 6.50 -9999.00 -9999.00 30.64
14.71 0.00 0.00 0.00 0.00 11.80
5.70 128.20 -9999.00 999.00 -9999.00 20.00
19.55
722583 191020/2300 1003.50 987.70 29.94 303.10 0.00 100.00
0.00 0.00 303.30 16.00 0.00 0.00
-9999.00 -0.60 5.90 -9999.00 -9999.00 29.44
14.57 0.00 0.00 0.00 0.00 12.50
5.70 181.00 -9999.00 999.00 -9999.00 20.00
19.40
722583 191021/0000 1003.40 987.60 27.34 300.50 0.00 100.00
0.00 0.00 300.80 0.00 0.00 0.00
-9999.00 -1.00 4.90 -9999.00 -9999.00 28.14
14.77 0.00 0.00 0.00 0.00 12.60
5.50 249.00 -9999.00 999.00 -9999.00 20.00
19.61
722583 191021/0100 1003.50 987.70 26.14 299.30 0.00 100.00
0.00 0.00 299.60 0.00 0.00 0.00
-9999.00 -1.90 3.60 -9999.00 -9999.00 26.94
15.60 0.00 0.00 0.00 0.00 11.40
5.80 345.10 -9999.00 999.00 -9999.00 20.00
20.47
722583 191021/0200 1002.60 986.80 25.74 298.90 0.00 100.00
0.00 0.00 299.10 0.00 0.00 0.00
-9999.00 -2.00 4.40 -9999.00 -9999.00 26.54
15.91 0.00 0.00 0.00 0.00 10.10
6.60 420.10 -9999.00 999.00 -9999.00 20.00
20.77
722583 191021/0300 1001.50 985.70 26.04 299.20 0.00 100.00
0.00 0.00 299.20 0.00 0.00 0.00
-9999.00 -2.10 6.30 -9999.00 -9999.00 26.94
15.72 0.00 0.00 0.00 0.00 10.40
6.50 484.20 -9999.00 999.00 -9999.00 20.00
20.56
722583 191021/0400 1001.70 985.90 25.54 298.70 0.00 100.00
0.00 0.00 298.80 0.00 0.00 0.00
-9999.00 -1.40 7.90 -9999.00 -9999.00 26.04
17.42 0.00 0.00 0.00 0.00 12.20
6.40 523.00 -9999.00 999.00 -9999.00 20.00
22.19
722583 191021/0500 1002.10 986.20 25.14 298.30 0.00 100.00
0.00 0.00 298.40 7.00 5.00 0.00
-9999.00 -0.20 7.70 -9999.00 -9999.00 25.54
17.79 0.00 0.00 0.00 0.00 14.60
6.80 535.10 -9999.00 999.00 -9999.00 20.00
22.54
722583 191021/0600 1002.80 986.90 24.34 297.50 0.00 100.00
1.65 1.65 297.90 30.00 14.00 0.00
-9999.00 3.10 6.50 -9999.00 -9999.00 24.84
18.17 0.00 0.00 0.00 1.00 19.20
9.70 361.60 -9999.00 60.00 936.30 0.00
22.89
722583 191021/0700 1004.80 988.90 23.54 296.70 0.00 100.00
19.70 11.19 297.00 100.00 100.00 0.00
-9999.00 5.70 1.70 -9999.00 -9999.00 22.84
17.54 0.00 0.00 0.00 1.00 26.10
8.90 -112.80 -9999.00 60.00 969.70 0.00
22.35
722583 191021/0800 1005.60 989.60 21.74 294.90 0.00 100.00
7.46 2.75 295.40 100.00 100.00 0.00
-9999.00 3.50 2.90 -9999.00 -9999.00 22.54
14.46 0.00 0.00 0.00 1.00 23.20
2.90 -179.50 -9999.00 60.00 659.40 0.00
19.31
722583 191021/0900 1006.40 990.30 19.04 292.20 0.00 100.00
0.00 0.00 293.30 51.00 31.00 0.00
-9999.00 5.00 -2.10 -9999.00 -9999.00 20.74
10.81 0.00 0.00 0.00 0.00 23.80
-0.10 -107.60 -9999.00 999.00 -9999.00 0.03
14.82
722583 191021/1000 1007.70 991.60 16.44 289.60 0.00 100.00
0.00 0.00 290.70 0.00 0.00 0.00
-9999.00 3.80 -2.40 -9999.00 -9999.00 17.94
9.44 0.00 0.00 0.00 0.00 23.10
-2.30 25.10 -9999.00 999.00 -9999.00 20.00
12.79
722583 191021/1100 1009.90 993.70 14.44 287.60 0.00 100.00
0.00 0.00 288.80 0.00 0.00 0.00
-9999.00 3.50 -5.60 -9999.00 -9999.00 16.34
7.74 0.00 0.00 0.00 0.00 23.30
-3.00 -115.20 -9999.00 999.00 -9999.00 20.00
9.86
722583 191021/1200 1011.10 994.70 12.74 285.90 0.00 100.00
0.00 0.00 287.00 0.00 0.00 0.00
-9999.00 2.80 -5.60 -9999.00 -9999.00 14.64
6.75 0.00 0.00 0.00 0.00 23.90
-2.30 -293.70 -9999.00 999.00 -9999.00 20.00
7.88
722583 191021/1300 1011.90 995.40 11.64 284.80 0.00 100.00
0.00 0.00 285.90 0.00 0.00 0.00
-9999.00 2.60 -4.40 -9999.00 -9999.00 13.34
6.47 0.00 0.00 0.00 0.00 24.20
-2.20 -362.70 -9999.00 999.00 -9999.00 20.00
7.27
722583 191021/1400 1013.50 997.10 13.04 286.20 0.00 100.00
0.00 0.00 286.70 0.00 0.00 0.00
-9999.00 2.60 -4.90 -9999.00 -9999.00 13.84
6.30 0.00 0.00 0.00 0.00 24.60
-2.80 -474.60 -9999.00 999.00 -9999.00 20.00
6.91
722583 191021/1500 1014.30 997.90 15.04 288.20 0.00 100.00
0.00 0.00 288.40 0.00 0.00 0.00
-9999.00 2.50 -4.80 -9999.00 -9999.00 14.74
6.49 0.00 0.00 0.00 0.00 24.20
-4.80 -440.10 -9999.00 999.00 -9999.00 20.00
7.35
722583 191021/1600 1014.40 998.00 16.84 290.00 0.00 100.00
0.00 0.00 289.90 0.00 0.00 0.00
-9999.00 2.50 -4.70 -9999.00 -9999.00 15.64
6.63 0.00 0.00 0.00 0.00 23.80
-5.70 -382.70 -9999.00 999.00 -9999.00 20.00
7.66


