
SNPARM = PRES;TMPC;TMWC;DWPC;THTE;DRCT;SKNT;OMEG;CFRL;HGHT 
STNPRM = SHOW;LIFT;SWET;KINX;LCLP;PWAT;TOTL;CAPE;LCLT;CINS;EQLV;LFCT;BRCH 

STID = KMDW STNM = 725340 TIME = 200809/1900 
SLAT = 41.78 SLON = -87.75 SELV = 183.0
STIM = 0

SHOW = -2.38 LIFT = -5.73 SWET = 232.03 KINX = 25.80
LCLP = 853.87 PWAT = 39.87 TOTL = 50.13 CAPE = 1101.84
LCLT = 291.31 CINS = -23.42 EQLV = 205.42 LFCT = 728.33
BRCH = 109.30

PRES TMPC TMWC DWPC THTE DRCT SKNT OMEG
CFRL HGHT
993.50 31.04 23.58 20.60 351.69 175.24 9.36 0.00
0.00 192.95
990.50 30.04 23.24 20.48 350.59 174.64 12.49 0.00
0.00 220.08
985.10 29.34 22.90 20.26 349.93 172.78 13.91 0.00
0.00 268.99
975.60 28.44 22.38 19.86 349.14 171.54 14.53 -0.10
0.00 355.45
961.70 27.04 21.56 19.22 347.78 171.14 15.13 -0.10
0.00 482.97
943.80 25.14 20.86 19.01 347.66 170.42 15.17 -0.20
0.00 649.01
922.50 23.04 20.34 19.16 348.93 169.82 15.38 -0.30
0.00 849.41
899.10 21.04 19.25 18.44 348.23 170.66 15.56 -0.40
0.00 1073.44
873.90 19.34 16.93 15.74 343.00 181.30 17.09 -0.40
0.00 1319.60
845.70 17.64 14.74 13.16 339.33 191.67 18.24 -0.40
20.00 1601.67
814.70 16.14 12.32 10.00 335.85 210.58 14.90 -0.20
2.00 1920.71
780.70 14.74 10.36 7.47 334.89 237.99 10.99 0.00
0.00 2282.76
743.80 12.54 8.03 4.74 333.66 235.08 12.55 0.20
0.00 2691.15
704.10 10.04 3.06 -4.34 325.89 221.07 18.03 0.40
0.00 3149.39
661.60 8.44 -0.18 -12.49 324.43 213.49 15.13 0.30
0.00 3664.99
616.20 3.24 -1.64 -7.52 329.15 238.30 7.77 0.20
0.00 4246.55
568.20 -2.56 -5.52 -9.54 328.97 264.64 6.24 0.10
0.00 4897.12
521.80 -8.16 -10.94 -16.23 326.24 228.58 4.41 0.10
0.00 5565.96
480.00 -10.46 -15.44 -34.73 325.59 248.20 16.74 0.00
0.00 6211.31
442.60 -13.36 -18.17 -44.81 328.57 251.57 22.73 0.00
0.00 6831.73
408.90 -17.56 -21.38 -43.96 330.77 251.57 19.66 0.00
0.00 7429.16
378.40 -20.86 -24.31 -54.73 333.29 263.74 16.03 0.00
0.00 8005.42
350.90 -24.56 -27.42 -60.88 335.44 283.65 13.99 0.00
0.00 8558.54
326.10 -27.56 -29.69 -47.03 338.98 311.74 16.92 0.00
0.00 9088.71
303.80 -31.16 -32.63 -44.54 341.12 333.72 17.54 0.10
0.00 9594.25
283.70 -34.66 -35.94 -50.62 342.38 322.77 12.20 0.30
0.00 10075.67
265.60 -38.46 -39.46 -55.27 343.13 308.45 8.43 0.30
0.00 10532.26
248.80 -42.46 -43.20 -59.58 343.50 307.88 8.86 0.30
0.00 10977.33
233.60 -45.66 -46.20 -60.07 344.90 271.64 13.60 0.30
0.00 11400.07
219.60 -48.86 -49.27 -62.27 346.06 265.03 13.46 0.30
0.00 11808.73
205.70 -51.76 -52.05 -62.77 348.03 250.56 14.01 0.10
0.00 12235.26
191.70 -54.96 -55.17 -65.45 349.93 251.74 19.83 0.00
0.00 12688.75
177.70 -58.26 -58.42 -68.92 352.14 259.26 22.94 0.00
0.00 13169.43
163.80 -61.26 -61.37 -69.50 355.40 265.56 22.59 0.00
0.00 13678.20
149.80 -62.56 -62.68 -74.84 362.30 248.68 17.09 0.00
0.00 14230.65
135.90 -64.56 -9999.00 -9999.00 -9999.00 220.60 21.48 0.00
0.00 14828.09
121.90 -66.86 -9999.00 -9999.00 -9999.00 228.10 27.93 0.00
0.00 15488.23
108.00 -65.56 -9999.00 -9999.00 -9999.00 248.28 26.77 0.00
0.00 16221.60
94.00 -63.06 -9999.00 -9999.00 -9999.00 245.10 17.99 0.00
0.00 17070.31
81.00 -62.26 -9999.00 -9999.00 -9999.00 244.41 15.29 0.00
0.00 17987.40
70.60 -60.46 -9999.00 -9999.00 -9999.00 271.85 6.02 0.00
0.00 18839.32
62.20 -59.76 -9999.00 -9999.00 -9999.00 52.43 3.19 0.00
0.00 19629.26
54.30 -58.26 -9999.00 -9999.00 -9999.00 82.87 9.40 0.00
0.00 20480.67
46.90 -57.26 -9999.00 -9999.00 -9999.00 79.38 12.65 0.00
0.00 21404.36
40.10 -55.36 -9999.00 -9999.00 -9999.00 73.01 14.63 0.00
0.00 22398.60
33.80 -52.56 -9999.00 -9999.00 -9999.00 76.12 17.02 0.00
0.00 23495.19
27.80 -50.06 -9999.00 -9999.00 -9999.00 83.60 19.15 0.00
0.00 24764.20
22.30 -47.96 -9999.00 -9999.00 -9999.00 87.92 21.39 0.00
0.00 26210.54
17.10 -44.46 -9999.00 -9999.00 -9999.00 78.25 24.81 0.00
0.00 27974.27
12.30 -42.26 -50.30 -89.89 811.36 77.47 28.65 0.00
0.00 30190.44

STID = KMDW STNM = 725340 TIME = 200809/2000 
SLAT = 41.78 SLON = -87.75 SELV = 183.0
STIM = 1

SHOW = -4.03 LIFT = -5.88 SWET = 286.10 KINX = 29.65
LCLP = 844.61 PWAT = 41.67 TOTL = 51.68 CAPE = 1221.81
LCLT = 290.73 CINS = -1.73 EQLV = 195.75 LFCT = 845.06
BRCH = 119.08

PRES TMPC TMWC DWPC THTE DRCT SKNT OMEG
CFRL HGHT
993.00 31.34 23.40 20.18 350.90 176.50 9.54 0.00
0.00 192.96
990.00 30.44 23.10 20.10 350.05 176.48 12.65 0.00
0.00 220.13
984.60 29.74 22.83 19.99 349.71 176.08 14.22 0.00
0.00 269.12
975.10 28.74 22.43 19.81 349.44 175.66 15.38 0.00
0.00 355.72
961.20 27.34 21.85 19.55 349.15 176.63 16.53 -0.10
0.00 483.45
943.30 25.64 21.12 19.20 348.89 177.43 17.31 -0.10
0.00 649.81
922.00 23.74 20.28 18.77 348.75 179.37 17.68 -0.20
0.00 850.72
898.70 21.54 19.26 18.23 348.31 181.23 18.07 -0.40
0.00 1074.32
873.50 19.34 17.77 17.01 346.38 185.36 18.73 -0.50
7.00 1320.86
845.30 17.24 15.84 15.11 343.52 197.46 18.12 -0.50
24.00 1603.09
814.20 15.54 13.26 11.96 339.21 214.99 14.22 -0.40
11.00 1923.07
780.30 14.54 10.72 8.28 336.15 231.50 10.92 -0.20
2.00 2283.95
743.50 12.54 8.37 5.41 334.76 236.08 13.58 0.00
0.00 2691.38
703.80 9.74 3.65 -2.30 327.59 235.30 18.43 0.10
0.00 3149.71
661.30 8.14 -0.10 -11.48 324.73 220.07 15.99 0.20
0.00 3665.11
615.90 3.24 -1.54 -7.20 329.48 230.36 8.84 0.20
0.00 4246.68
568.00 -2.56 -5.59 -9.74 328.84 234.69 5.71 0.20
0.00 4896.18
521.60 -8.26 -11.07 -16.47 326.02 203.96 5.73 0.10
0.00 5565.13
479.90 -10.36 -15.31 -33.81 325.88 254.14 17.77 0.00
0.00 6209.12
442.50 -13.46 -18.30 -46.70 328.35 258.41 23.19 0.00
0.00 6829.68
408.80 -17.76 -21.60 -46.12 330.38 253.40 21.08 0.00
0.00 7426.89
378.30 -21.36 -24.74 -60.30 332.53 256.14 15.40 0.00
0.00 8002.49
350.80 -24.66 -27.50 -60.89 335.33 273.24 10.31 -0.10
0.00 8555.09
326.10 -27.16 -29.24 -44.28 339.77 334.86 10.51 0.00
0.00 9083.53
303.80 -30.66 -32.34 -47.15 341.59 343.56 12.35 0.10
0.00 9590.00
283.70 -34.26 -35.66 -52.86 342.83 297.47 10.96 0.20
0.00 10072.31
265.60 -38.16 -39.11 -51.87 343.73 284.04 16.03 0.10
0.00 10529.58
248.80 -42.36 -43.00 -53.96 343.87 279.69 16.16 0.10
0.00 10975.05
233.60 -45.96 -46.39 -55.36 344.61 270.67 16.51 0.00
0.00 11397.61
219.60 -49.16 -49.48 -57.90 345.73 261.40 16.90 0.00
0.00 11805.74
205.70 -52.16 -52.41 -61.06 347.44 249.15 17.46 0.00
0.00 12231.60
191.70 -55.26 -55.46 -65.45 349.45 250.18 22.92 0.00
0.00 12684.37
177.70 -58.46 -58.59 -66.00 351.86 258.04 23.43 0.00
0.00 13164.50
163.80 -60.96 -61.10 -74.24 355.85 260.11 21.48 0.00
0.00 13673.39
149.80 -62.16 -62.29 -74.84 362.99 233.46 20.55 -0.10
0.00 14226.75
135.90 -64.46 -9999.00 -9999.00 -9999.00 220.73 27.68 -0.10
0.00 14824.90
121.90 -67.06 -9999.00 -9999.00 -9999.00 235.49 30.17 0.00
0.00 15484.89
108.00 -65.56 -9999.00 -9999.00 -9999.00 256.46 27.37 0.00
0.00 16217.90
94.00 -62.96 -9999.00 -9999.00 -9999.00 250.07 16.53 0.00
0.00 17066.82
81.00 -62.26 -9999.00 -9999.00 -9999.00 251.00 12.53 0.00
0.00 17984.13
70.60 -60.56 -9999.00 -9999.00 -9999.00 281.31 4.95 0.00
0.00 18835.84
62.20 -59.76 -9999.00 -9999.00 -9999.00 90.00 2.53 0.00
0.00 19625.60
54.30 -58.66 -9999.00 -9999.00 -9999.00 100.78 8.31 0.00
0.00 20476.21
46.90 -57.96 -9999.00 -9999.00 -9999.00 90.00 11.27 0.00
0.00 21397.54
40.10 -56.06 -9999.00 -9999.00 -9999.00 82.57 13.52 0.00
0.00 22388.57
33.80 -52.86 -9999.00 -9999.00 -9999.00 84.49 16.20 0.00
0.00 23482.66
27.80 -49.86 -9999.00 -9999.00 -9999.00 84.29 17.56 0.00
0.00 24751.38
22.30 -47.66 -9999.00 -9999.00 -9999.00 78.47 19.42 0.00
0.00 26199.34
17.10 -44.86 -9999.00 -9999.00 -9999.00 70.97 23.83 0.00
0.00 27962.68
12.30 -42.36 -9999.00 -9999.00 -9999.00 78.40 29.93 0.00
0.00 30176.44

STID = KMDW STNM = 725340 TIME = 200809/2100 
SLAT = 41.78 SLON = -87.75 SELV = 183.0
STIM = 2

SHOW = -4.98 LIFT = -6.13 SWET = 318.75 KINX = 30.46
LCLP = 846.21 PWAT = 44.11 TOTL = 52.57 CAPE = 1373.18
LCLT = 290.91 CINS = -1.05 EQLV = 188.81 LFCT = 850.93
BRCH = 220.84

PRES TMPC TMWC DWPC THTE DRCT SKNT OMEG
CFRL HGHT
992.70 31.34 23.50 20.33 351.39 195.15 9.65 0.00
0.00 192.96
989.80 30.54 23.22 20.24 350.60 193.83 13.00 0.00
0.00 219.24
984.30 29.84 22.96 20.14 350.31 192.94 14.74 0.00
0.00 269.17
974.90 28.84 22.56 19.97 350.05 192.68 15.93 -0.10
0.00 354.92
961.00 27.54 22.02 19.72 349.91 192.60 16.92 -0.20
0.00 482.74
943.10 25.84 21.30 19.39 349.71 192.67 17.72 -0.30
0.00 649.28
921.80 23.94 20.48 18.99 349.66 193.59 18.18 -0.50
0.00 850.39
898.50 21.74 19.51 18.52 349.42 194.04 18.41 -0.70
0.00 1074.22
873.20 19.54 18.10 17.41 347.78 195.78 18.57 -0.80
1.00 1322.03
845.10 17.14 16.56 16.24 346.37 199.03 17.87 -0.90
34.00 1603.50
814.00 15.04 14.32 13.91 343.11 211.50 14.12 -0.70
17.00 1923.45
780.00 13.24 11.52 10.48 338.91 223.49 10.45 -0.50
13.00 2284.70
743.20 12.14 8.41 5.80 334.97 239.89 11.23 -0.30
3.00 2691.28
703.60 10.34 4.03 -2.02 328.63 247.27 15.58 -0.10
0.00 3148.82
661.10 8.34 0.43 -9.73 326.14 228.01 13.07 0.20
0.00 3665.18
615.80 3.34 -1.43 -7.03 329.77 226.12 7.01 0.40
0.00 4245.99
567.90 -2.56 -6.36 -12.14 327.07 209.05 6.00 0.40
0.00 4895.61
521.60 -7.76 -11.50 -19.65 325.06 233.97 10.57 0.20
0.00 5563.59
479.80 -10.76 -12.91 -17.06 331.00 258.81 18.03 0.20
0.00 6209.54
442.40 -14.06 -17.39 -27.72 330.38 262.88 20.36 0.40
0.00 6829.50
408.80 -17.26 -21.46 -59.69 330.54 255.35 17.68 0.50
0.00 7425.01
378.30 -20.76 -24.23 -54.73 333.45 253.30 16.22 0.40
0.00 8001.83
350.80 -24.36 -27.16 -52.95 335.94 259.82 15.38 0.10
0.00 8555.45
326.10 -27.46 -29.48 -44.28 339.36 287.10 5.28 -0.20
0.00 9083.89
303.80 -30.56 -32.30 -48.20 341.65 332.10 3.73 -0.20
0.00 9590.16
283.70 -34.16 -35.45 -48.81 343.22 275.60 9.95 -0.10
0.00 10072.67
265.60 -38.36 -38.96 -45.04 344.01 275.29 21.08 0.00
0.00 10529.87
248.80 -42.36 -42.76 -47.99 344.28 275.66 21.66 0.00
0.00 10975.18
233.60 -46.16 -46.40 -50.50 344.60 268.11 17.68 0.00
0.00 11397.58
219.60 -49.66 -49.85 -54.21 345.12 252.32 14.06 0.00
10.00 11805.09
205.70 -52.76 -52.93 -58.42 346.58 229.81 14.74 0.00
3.00 12229.91
191.70 -55.56 -55.73 -63.30 349.01 235.10 20.38 0.00
0.00 12681.76
177.70 -58.26 -58.39 -66.00 352.18 249.62 21.76 0.00
0.00 13161.78
163.80 -59.96 -60.12 -74.24 357.53 247.62 21.43 -0.10
0.00 13672.09
149.80 -61.66 -9999.00 -9999.00 -9999.00 225.62 25.54 -0.10
0.00 14227.41
135.90 -64.86 -9999.00 -9999.00 -9999.00 223.74 31.20 -0.10
0.00 14825.71
121.90 -66.96 -9999.00 -9999.00 -9999.00 245.71 30.69 0.00
0.00 15485.21
108.00 -65.66 -9999.00 -9999.00 -9999.00 264.54 26.53 0.00
0.00 16218.23
94.00 -62.76 -9999.00 -9999.00 -9999.00 252.01 15.73 0.00
0.00 17067.35
81.00 -62.56 -9999.00 -9999.00 -9999.00 251.26 11.48 0.00
0.00 17984.44
70.60 -61.36 -9999.00 -9999.00 -9999.00 275.19 4.29 0.00
0.00 18833.94
62.20 -60.36 -9999.00 -9999.00 -9999.00 104.93 3.01 0.00
0.00 19621.10
54.30 -59.36 -9999.00 -9999.00 -9999.00 99.46 7.09 0.00
0.00 20469.13
46.90 -58.06 -9999.00 -9999.00 -9999.00 82.48 10.39 0.00
0.00 21388.75
40.10 -55.46 -9999.00 -9999.00 -9999.00 79.85 13.23 0.00
0.00 22380.92
33.80 -52.26 -9999.00 -9999.00 -9999.00 82.50 14.90 0.00
0.00 23478.01
27.80 -49.56 -9999.00 -9999.00 -9999.00 77.55 15.33 0.00
0.00 24749.30
22.30 -47.36 -9999.00 -9999.00 -9999.00 72.68 18.92 0.00
0.00 26199.20
17.10 -44.96 -9999.00 -9999.00 -9999.00 74.45 23.19 0.00
0.00 27963.32
12.30 -42.46 -9999.00 -9999.00 -9999.00 75.12 25.72 0.00
0.00 30176.11

STID = KMDW STNM = 725340 TIME = 200809/2200 
SLAT = 41.78 SLON = -87.75 SELV = 183.0
STIM = 3

SHOW = -5.07 LIFT = -6.75 SWET = 321.21 KINX = 28.65
LCLP = 858.40 PWAT = 43.78 TOTL = 52.75 CAPE = 1711.05
LCLT = 291.89 CINS = -2.99 EQLV = 179.03 LFCT = 856.19
BRCH = 222.65

PRES TMPC TMWC DWPC THTE DRCT SKNT OMEG
CFRL HGHT
991.80 31.04 23.88 21.08 353.40 196.26 9.71 0.00
0.00 192.97
988.90 30.24 23.62 21.01 352.67 195.71 12.92 0.00
0.00 219.26
983.40 29.64 23.38 20.90 352.46 194.40 14.84 -0.10
0.00 269.21
973.90 28.64 22.99 20.73 352.22 194.04 16.03 -0.10
0.00 355.93
960.00 27.34 22.44 20.46 352.02 192.60 16.92 -0.20
0.00 483.87
942.20 25.74 21.75 20.11 351.87 191.43 17.64 -0.30
0.00 649.62
920.90 23.74 20.88 19.68 351.60 189.36 17.91 -0.40
0.00 850.91
897.60 21.64 19.77 18.94 350.68 187.35 18.22 -0.30
0.00 1074.93
872.40 19.74 18.16 17.42 348.19 185.53 18.14 -0.20
0.00 1322.07
844.20 17.34 16.61 16.22 346.72 183.18 17.50 0.00
43.00 1605.02
813.20 15.64 13.89 12.93 341.66 183.75 11.87 0.40
36.00 1924.64
779.30 14.44 10.59 8.11 335.88 223.21 8.80 0.50
10.00 2286.05
742.60 13.94 7.26 1.83 331.37 262.32 17.44 0.40
2.00 2693.57
703.10 11.44 4.07 -3.23 328.74 262.44 19.21 0.20
0.00 3152.31
660.70 8.44 0.64 -9.11 326.76 243.07 13.73 0.10
0.00 3668.85
615.40 3.24 -1.67 -7.58 329.24 228.95 7.98 0.00
0.00 4250.02
567.70 -2.56 -6.71 -13.36 326.30 206.57 7.38 0.00
0.00 4897.06
521.40 -7.56 -11.80 -21.86 324.45 248.01 10.90 0.00
0.00 5565.43
479.70 -10.86 -12.18 -14.45 332.56 258.69 15.85 0.10
0.00 6210.20
442.30 -14.26 -15.89 -19.45 333.47 253.97 19.00 0.20
0.00 6830.21
408.70 -16.86 -20.75 -41.02 332.00 259.14 19.58 0.20
0.00 7426.31
378.20 -20.06 -22.82 -34.79 336.22 267.54 18.08 0.10
0.00 8004.66
350.80 -23.26 -25.22 -33.63 339.59 281.43 18.63 0.00
0.00 8558.48
326.00 -27.56 -29.32 -40.34 339.72 270.68 16.32 -0.10
0.00 9090.33
303.70 -31.36 -32.88 -46.21 340.71 254.25 7.87 -0.20
0.00 9595.85
283.70 -34.76 -35.92 -47.76 342.44 251.57 7.98 -0.20
0.00 10074.66
265.60 -38.96 -39.47 -44.69 343.17 265.06 15.79 -0.10
0.00 10530.70
248.80 -42.56 -42.92 -47.56 344.02 275.98 20.51 -0.10
0.00 10975.25
233.60 -45.86 -46.17 -51.65 344.97 268.05 17.11 -0.10
0.00 11397.74
219.60 -49.46 -49.66 -54.21 345.43 236.98 13.91 -0.10
48.00 11805.69
205.70 -52.76 -52.93 -58.42 346.58 220.16 16.26 -0.10
2.00 12230.71
191.70 -55.86 -55.99 -61.60 348.57 227.15 21.99 0.00
0.00 12682.25
177.70 -58.26 -58.39 -66.00 352.18 240.99 22.44 0.00
0.00 13161.93
163.80 -59.46 -9999.00 -9999.00 -9999.00 242.24 29.20 -0.10
0.00 13672.84
149.80 -62.16 -9999.00 -9999.00 -9999.00 231.86 29.88 -0.10
0.00 14228.17
135.90 -65.46 -65.54 -75.48 367.39 233.49 30.69 -0.10
0.00 14824.89
121.90 -67.36 -9999.00 -9999.00 -9999.00 255.77 28.46 0.00
0.00 15482.81
108.00 -65.76 -9999.00 -9999.00 -9999.00 271.42 23.50 0.00
0.00 16214.94
94.00 -62.56 -9999.00 -9999.00 -9999.00 243.80 13.64 0.00
0.00 17064.26
81.00 -62.66 -9999.00 -9999.00 -9999.00 239.66 9.23 0.00
0.00 17981.57
70.60 -61.36 -9999.00 -9999.00 -9999.00 248.20 3.15 0.00
0.00 18830.87
62.20 -60.06 -9999.00 -9999.00 -9999.00 135.00 3.57 0.00
0.00 19618.59
54.30 -58.66 -9999.00 -9999.00 -9999.00 105.07 5.23 0.00
0.00 20468.61
46.90 -56.76 -9999.00 -9999.00 -9999.00 77.47 8.95 0.00
0.00 21392.51
40.10 -54.26 -9999.00 -9999.00 -9999.00 81.18 11.40 0.00
0.00 22390.42
33.80 -52.16 -9999.00 -9999.00 -9999.00 82.67 13.71 0.00
0.00 23490.76
27.80 -49.96 -9999.00 -9999.00 -9999.00 72.90 15.85 0.00
0.00 24761.20
22.30 -47.26 -9999.00 -9999.00 -9999.00 70.16 20.03 0.00
0.00 26210.12
17.10 -43.96 -9999.00 -9999.00 -9999.00 75.59 21.85 0.00
0.00 27978.52
12.30 -42.06 -50.20 -89.89 812.07 68.65 22.94 0.00
0.00 30198.06

STID = KMDW STNM = 725340 TIME = 200809/2300 
SLAT = 41.78 SLON = -87.75 SELV = 183.0
STIM = 4

SHOW = -4.60 LIFT = -7.13 SWET = 308.33 KINX = 27.78
LCLP = 876.38 PWAT = 44.20 TOTL = 52.18 CAPE = 2102.54
LCLT = 292.99 CINS = -4.11 EQLV = 173.97 LFCT = 867.70
BRCH = 154.67

PRES TMPC TMWC DWPC THTE DRCT SKNT OMEG
CFRL HGHT
991.30 30.34 24.20 21.85 355.03 192.01 9.34 0.00
0.00 192.05
988.30 29.84 23.99 21.74 354.54 190.98 13.25 0.00
0.00 219.22
982.80 29.24 23.74 21.62 354.30 190.62 15.81 0.00
0.00 269.17
973.40 28.44 23.41 21.45 354.29 190.30 17.37 0.00
0.00 354.98
959.50 27.14 22.87 21.19 354.12 189.66 18.53 -0.10
0.00 482.95
941.60 25.44 22.18 20.87 353.96 189.27 19.29 -0.10
0.00 649.67
920.30 23.54 21.37 20.47 353.90 187.97 19.62 -0.10
0.00 851.01
897.00 21.74 19.38 18.32 349.09 186.78 19.76 -0.10
0.00 1075.15
871.80 19.64 17.88 17.05 347.15 186.28 19.54 0.00
18.00 1322.39
843.70 17.34 16.34 15.82 345.74 185.36 18.73 0.10
9.00 1604.42
812.80 16.24 13.37 11.75 339.83 192.34 12.72 0.10
22.00 1923.40
779.00 15.54 10.45 7.08 335.44 229.94 11.17 0.00
15.00 2284.80
742.30 14.34 7.28 1.49 331.45 271.97 16.92 -0.10
10.00 2693.46
702.80 11.94 4.28 -3.26 329.34 273.15 21.21 -0.20
8.00 3153.09
660.50 8.54 0.98 -8.06 327.70 258.69 13.87 -0.20
7.00 3669.18
615.20 3.14 -1.97 -8.33 328.52 235.56 8.24 -0.10
10.00 4250.55
567.50 -2.76 -7.01 -14.05 325.67 217.41 8.31 0.00
16.00 4897.39
521.30 -7.66 -11.60 -20.43 324.91 256.50 9.98 -0.10
25.00 5564.13
479.60 -10.56 -13.48 -19.83 329.82 270.64 17.48 -0.10
45.00 6209.12
442.30 -14.26 -15.38 -17.64 334.51 258.23 19.06 0.10
0.00 6827.77
408.70 -17.16 -18.93 -23.60 335.70 253.14 20.09 0.20
0.00 7423.79
378.20 -20.16 -21.50 -25.38 338.82 267.37 21.19 0.00
0.00 8002.01
350.80 -23.56 -24.28 -26.55 341.39 291.15 22.09 -0.10
3.00 8555.63
326.00 -27.16 -27.97 -31.33 342.18 291.33 21.89 -0.10
3.00 9087.77
303.70 -31.66 -32.81 -41.01 340.88 266.03 14.02 -0.10
0.00 9593.49
283.70 -35.26 -36.35 -47.76 341.73 240.38 11.40 0.00
0.00 10071.52
265.60 -39.46 -39.83 -43.42 342.59 258.42 16.45 0.10
0.00 10526.60
248.80 -43.16 -43.42 -46.74 343.20 271.70 19.62 0.10
100.00 10970.11
233.60 -46.36 -46.61 -51.06 344.26 267.21 15.95 0.10
0.00 11391.59
219.60 -49.36 -49.57 -54.21 345.59 225.53 14.98 0.10
0.00 11799.18
205.70 -52.66 -52.84 -58.42 346.74 209.52 18.53 0.10
0.00 12224.39
191.70 -55.46 -55.63 -63.30 349.17 219.81 24.28 0.10
3.00 12676.44
177.70 -57.86 -58.03 -68.92 352.79 236.82 30.17 0.00
0.00 13157.02
163.80 -60.46 -60.58 -69.50 356.74 241.83 34.15 0.00
0.00 13667.21
149.80 -62.76 -62.88 -74.84 361.96 233.06 30.38 0.00
0.00 14220.45
135.90 -65.56 -65.64 -75.48 367.22 236.75 28.34 0.00
0.00 14816.18
121.90 -66.56 -9999.00 -9999.00 -9999.00 258.60 25.56 0.00
0.00 15475.21
108.00 -64.56 -9999.00 -9999.00 -9999.00 265.91 19.08 0.00
0.00 16210.88
94.00 -61.76 -9999.00 -9999.00 -9999.00 229.48 14.04 0.00
0.00 17064.27
81.00 -62.16 -9999.00 -9999.00 -9999.00 242.95 10.26 0.00
0.00 17984.41
70.60 -61.46 -9999.00 -9999.00 -9999.00 257.66 6.37 0.00
0.00 18834.51
62.20 -60.16 -9999.00 -9999.00 -9999.00 227.73 2.89 0.00
0.00 19621.86
54.30 -58.86 -9999.00 -9999.00 -9999.00 56.31 1.40 0.00
0.00 20471.28
46.90 -56.86 -9999.00 -9999.00 -9999.00 63.43 7.38 0.00
0.00 21394.54
40.10 -54.56 -9999.00 -9999.00 -9999.00 84.29 9.75 0.00
0.00 22391.53
33.80 -52.46 -9999.00 -9999.00 -9999.00 88.12 11.85 0.00
0.00 23490.38
27.80 -49.66 -9999.00 -9999.00 -9999.00 72.78 14.43 0.00
0.00 24760.81
22.30 -46.46 -9999.00 -9999.00 -9999.00 63.18 19.37 0.00
0.00 26213.29
17.10 -43.76 -9999.00 -9999.00 -9999.00 67.93 23.27 0.00
0.00 27985.56
12.30 -42.66 -50.51 -89.89 809.96 62.88 26.85 0.00
0.00 30203.19

STID = KMDW STNM = 725340 TIME = 200810/0000 
SLAT = 41.78 SLON = -87.75 SELV = 183.0
STIM = 5

SHOW = -3.99 LIFT = -7.01 SWET = 283.91 KINX = 28.50
LCLP = 905.44 PWAT = 45.39 TOTL = 51.36 CAPE = 2109.30
LCLT = 294.41 CINS = -4.41 EQLV = 172.55 LFCT = 877.34
BRCH = 308.27

PRES TMPC TMWC DWPC THTE DRCT SKNT OMEG
CFRL HGHT
992.00 29.04 24.47 22.76 356.29 195.71 6.45 0.00
0.00 192.01
989.00 29.04 24.21 22.38 355.52 194.80 10.64 0.00
0.00 219.08
983.50 28.64 23.88 22.06 354.87 194.44 13.25 0.00
0.00 268.89
974.00 27.94 23.47 21.74 354.51 194.38 15.64 0.00
0.00 355.42
960.10 26.74 22.91 21.40 354.20 193.57 17.39 -0.10
0.00 483.14
942.20 25.14 22.20 21.02 353.96 193.89 18.61 -0.20
0.00 649.58
920.90 23.14 21.40 20.67 353.94 194.04 19.23 -0.30
0.00 850.58
897.60 21.44 19.49 18.62 349.49 194.17 19.83 -0.40
2.00 1074.33
872.40 19.34 17.89 17.19 347.06 194.04 20.03 -0.50
4.00 1321.19
844.30 17.44 16.03 15.30 344.41 197.84 17.75 -0.60
25.00 1602.88
813.30 16.34 13.62 12.11 340.65 206.24 15.38 -0.80
30.00 1922.77
779.40 14.74 11.41 9.39 338.63 220.70 12.80 -0.90
26.00 2284.79
742.70 13.24 8.05 4.22 333.87 256.81 12.76 -0.90
20.00 2692.21
703.10 11.24 4.21 -2.58 329.17 268.07 17.31 -0.80
16.00 3151.53
660.70 8.14 1.02 -7.30 327.81 251.57 12.90 -0.60
16.00 3667.72
615.40 3.04 -2.48 -9.84 327.19 209.90 8.95 -0.30
21.00 4248.35
567.70 -2.66 -7.35 -15.63 324.86 211.89 10.30 -0.10
28.00 4894.84
521.40 -7.26 -10.89 -18.24 326.37 251.94 9.40 0.00
45.00 5563.47
479.70 -10.56 -12.58 -16.35 331.70 257.06 14.74 0.10
67.00 6208.98
442.40 -13.46 -15.53 -20.09 334.14 252.68 18.92 0.20
0.00 6828.48
408.70 -16.86 -19.21 -26.08 335.11 254.88 22.34 0.20
0.00 7427.35
378.20 -19.46 -21.27 -26.74 339.22 275.24 21.27 0.00
0.00 8006.64
350.80 -22.56 -24.20 -30.08 341.50 283.54 21.58 -0.10
0.00 8562.05
326.00 -27.06 -28.35 -34.54 341.47 266.89 25.10 -0.20
0.00 9095.27
303.70 -31.56 -32.37 -37.17 341.67 259.96 18.94 -0.30
0.00 9601.19
283.70 -35.76 -36.34 -40.88 341.79 242.82 16.16 -0.30
2.00 10078.88
265.60 -39.76 -40.07 -43.12 342.19 243.76 15.38 -0.20
100.00 10533.22
248.80 -43.56 -43.79 -46.74 342.61 250.64 15.23 0.00
100.00 10976.05
233.50 -46.66 -46.90 -51.06 343.84 237.46 13.36 0.00
0.00 11399.75
219.60 -49.26 -49.52 -55.86 345.66 205.44 17.64 0.00
0.00 11804.34
205.70 -51.86 -52.12 -61.06 347.91 202.55 24.83 0.00
0.00 12230.40
191.70 -54.66 -54.91 -68.39 350.36 224.20 29.53 0.00
0.00 12684.10
177.70 -57.86 -58.00 -66.00 352.84 242.90 37.10 -0.10
0.00 13165.55
163.80 -60.66 -60.75 -66.60 356.45 242.09 33.20 -0.10
0.00 13675.51
149.80 -62.96 -63.05 -70.13 361.66 236.02 31.62 -0.10
0.00 14228.23
135.90 -65.46 -65.54 -75.48 367.39 241.39 29.22 0.00
0.00 14823.82
121.90 -66.66 -9999.00 -9999.00 -9999.00 263.61 24.44 0.00
0.00 15482.85
108.00 -65.16 -9999.00 -9999.00 -9999.00 270.00 17.87 0.00
0.00 16217.29
94.00 -62.76 -9999.00 -9999.00 -9999.00 232.39 14.96 0.00
0.00 17067.42
81.00 -62.96 -9999.00 -9999.00 -9999.00 245.30 10.68 0.00
0.00 17983.64
70.60 -62.16 -9999.00 -9999.00 -9999.00 250.97 5.96 0.00
0.00 18830.73
62.20 -59.36 -9999.00 -9999.00 -9999.00 240.95 2.00 0.00
0.00 19618.26
54.30 -57.66 -9999.00 -9999.00 -9999.00 50.91 4.00 0.00
0.00 20471.66
46.90 -56.16 -9999.00 -9999.00 -9999.00 71.15 8.41 0.00
0.00 21398.99
40.10 -54.06 -9999.00 -9999.00 -9999.00 88.75 8.94 0.00
0.00 22398.73
33.80 -51.86 -9999.00 -9999.00 -9999.00 86.05 11.29 0.00
0.00 23500.33
27.80 -49.16 -9999.00 -9999.00 -9999.00 73.77 15.99 0.00
0.00 24773.91
22.30 -46.66 -9999.00 -9999.00 -9999.00 68.39 22.14 0.00
0.00 26227.35
17.10 -43.96 -9999.00 -9999.00 -9999.00 71.57 24.57 0.00
0.00 27998.07
12.30 -42.36 -50.35 -89.89 811.01 59.10 28.75 0.00
0.00 30216.18

STID = KMDW STNM = 725340 TIME = 200810/0100 
SLAT = 41.78 SLON = -87.75 SELV = 183.0
STIM = 6

SHOW = -3.78 LIFT = -6.73 SWET = 281.49 KINX = 28.84
LCLP = 927.48 PWAT = 44.95 TOTL = 51.63 CAPE = 1998.06
LCLT = 295.15 CINS = -14.90 EQLV = 167.23 LFCT = 802.79
BRCH = 132.57

PRES TMPC TMWC DWPC THTE DRCT SKNT OMEG
CFRL HGHT
992.20 27.74 24.38 23.11 355.83 178.32 6.60 0.00
0.00 192.87
989.20 27.94 24.17 22.74 355.32 180.00 12.04 0.00
0.00 219.83
983.80 27.74 23.88 22.40 354.82 181.49 14.96 0.10
0.00 268.57
974.30 27.24 23.39 21.90 354.11 184.21 18.51 0.10
0.00 354.86
960.40 26.14 22.76 21.42 353.47 185.92 20.71 0.20
0.00 482.27
942.50 24.64 22.02 20.95 353.07 188.20 21.78 0.40
0.00 648.34
921.10 22.94 21.01 20.19 352.14 190.12 22.11 0.50
0.00 849.96
897.80 21.24 19.38 18.54 348.98 192.31 21.87 0.70
0.00 1073.48
872.60 19.54 17.78 16.94 346.59 195.87 20.59 0.80
2.00 1320.26
844.50 18.54 15.90 14.56 343.88 203.52 18.01 0.80
1.00 1602.44
813.50 17.04 14.20 12.67 342.72 213.49 15.13 0.70
0.00 1923.23
779.60 15.24 11.79 9.74 339.90 233.13 12.63 0.50
0.00 2285.97
742.80 13.54 8.09 4.04 333.94 265.17 13.85 0.20
0.00 2695.01
703.30 11.14 4.14 -2.67 328.92 273.18 17.50 -0.10
0.00 3153.22
660.90 7.74 1.03 -6.65 327.85 255.38 13.85 -0.30
0.00 3668.82
615.50 3.04 -2.76 -10.81 326.48 211.89 10.30 -0.40
0.00 4250.17
567.80 -2.66 -7.41 -15.88 324.71 211.80 11.42 -0.50
0.00 4896.50
521.50 -7.16 -10.90 -18.58 326.31 237.99 9.17 -0.40
0.00 5565.11
479.80 -10.66 -12.31 -15.26 332.24 242.72 13.99 -0.30
0.00 6210.53
442.40 -13.36 -16.31 -23.99 332.53 260.61 23.82 0.00
0.00 6831.57
408.80 -16.36 -19.51 -30.39 334.43 260.12 26.03 0.10
0.00 7429.13
378.30 -19.26 -21.15 -26.83 339.43 265.60 22.79 0.30
0.00 8008.99
350.80 -23.46 -24.72 -29.18 340.56 260.96 25.97 0.30
0.00 8565.59
326.10 -27.66 -28.73 -33.76 340.79 252.45 23.83 0.40
0.00 9095.00
303.70 -31.66 -32.53 -37.96 341.37 247.01 20.88 0.40
3.00 9602.38
283.70 -35.76 -36.31 -40.63 341.83 242.30 17.56 0.30
100.00 10079.97
265.60 -39.76 -40.14 -44.03 342.07 238.57 16.39 0.20
100.00 10534.30
248.80 -43.36 -43.67 -47.99 342.79 232.72 16.36 0.10
100.00 10977.32
233.60 -46.16 -46.50 -52.96 344.44 218.75 18.94 0.00
0.00 11398.80
219.60 -48.56 -48.93 -59.12 346.61 210.89 26.48 -0.20
0.00 11807.28
205.70 -51.46 -51.81 -67.88 348.41 215.54 33.41 -0.30
0.00 12234.39
191.70 -54.96 -55.22 -73.19 349.83 225.66 35.86 -0.30
0.00 12688.19
177.70 -59.06 -59.17 -66.00 350.87 241.13 34.60 -0.20
0.00 13167.98
163.80 -61.76 -61.80 -64.48 354.65 242.93 29.45 -0.10
94.00 13675.20
149.80 -63.26 -63.32 -67.25 361.19 235.16 29.58 0.00
0.00 14226.09
135.90 -64.76 -64.83 -70.80 368.68 243.75 31.20 0.00
0.00 14822.25
121.90 -65.76 -65.85 -76.19 378.44 259.35 26.28 0.00
0.00 15483.83
108.00 -65.06 -9999.00 -9999.00 -9999.00 259.25 15.62 0.00
0.00 16220.04
94.00 -63.36 -9999.00 -9999.00 -9999.00 224.08 17.04 0.00
0.00 17069.16
81.00 -62.86 -9999.00 -9999.00 -9999.00 240.26 10.96 0.00
0.00 17984.29
70.60 -60.76 -9999.00 -9999.00 -9999.00 251.57 4.91 0.00
0.00 18834.39
62.20 -57.86 -9999.00 -9999.00 -9999.00 354.81 4.29 0.00
0.00 19627.30
54.30 -57.56 -9999.00 -9999.00 -9999.00 30.07 8.53 0.00
0.00 20483.88
46.90 -56.56 -9999.00 -9999.00 -9999.00 65.77 8.53 0.00
0.00 21410.57
40.10 -54.26 -9999.00 -9999.00 -9999.00 81.03 7.48 0.00
0.00 22408.93
33.80 -52.26 -9999.00 -9999.00 -9999.00 64.59 8.61 0.00
0.00 23509.03
27.80 -49.96 -9999.00 -9999.00 -9999.00 53.33 11.38 0.00
0.00 24779.18
22.30 -48.06 -9999.00 -9999.00 -9999.00 57.99 18.32 0.00
0.00 26225.52
17.10 -45.56 -9999.00 -9999.00 -9999.00 66.74 24.11 0.00
0.00 27984.59
12.30 -42.66 -9999.00 -9999.00 -9999.00 74.83 33.41 0.00
0.00 30193.52

STID = KMDW STNM = 725340 TIME = 200810/0200 
SLAT = 41.78 SLON = -87.75 SELV = 183.0
STIM = 7

SHOW = -4.64 LIFT = -6.78 SWET = 315.75 KINX = 31.82
LCLP = 941.45 PWAT = 46.27 TOTL = 52.72 CAPE = 1986.95
LCLT = 295.46 CINS = -23.89 EQLV = 171.59 LFCT = 806.16
BRCH = 161.43

PRES TMPC TMWC DWPC THTE DRCT SKNT OMEG
CFRL HGHT
991.80 26.74 24.16 23.17 354.86 188.75 5.11 0.00
0.00 192.84
988.80 27.04 23.98 22.81 354.50 189.46 11.81 0.00
0.00 219.73
983.30 26.94 23.72 22.48 354.17 189.83 14.78 0.00
0.00 269.26
973.90 26.64 23.26 21.93 353.53 192.95 19.93 0.00
0.00 354.48
960.00 25.84 22.67 21.40 353.10 195.00 22.51 0.00
0.00 481.75
942.10 24.44 21.92 20.89 352.69 197.41 24.03 -0.10
0.00 647.76
920.80 22.64 20.98 20.26 352.04 200.45 24.46 -0.10
0.00 848.34
897.50 21.04 19.65 19.02 350.19 204.44 23.47 -0.10
0.00 1071.78
872.30 19.84 18.01 17.15 347.58 208.41 21.64 -0.20
0.00 1318.73
844.20 18.74 16.46 15.34 346.13 211.88 18.76 -0.20
0.00 1601.33
813.20 16.94 14.83 13.74 345.17 216.14 15.15 -0.20
0.00 1922.43
779.30 14.84 12.33 10.89 341.84 229.60 11.99 -0.30
0.00 2285.17
742.60 13.04 8.59 5.47 335.61 264.40 9.95 -0.40
0.00 2692.77
703.00 10.64 4.48 -1.19 329.99 283.19 12.76 -0.40
0.00 3151.68
660.60 7.14 1.13 -5.49 328.22 263.66 10.55 -0.20
0.00 3666.63
615.30 2.84 -3.09 -11.62 325.72 201.80 10.47 0.00
0.00 4246.12
567.60 -2.96 -7.56 -15.82 324.41 199.90 11.99 0.10
0.00 4892.05
521.30 -7.16 -11.73 -22.89 324.58 229.40 10.74 0.10
0.00 5560.43
479.70 -10.86 -12.89 -16.79 331.05 244.29 17.46 0.10
0.00 6204.09
442.30 -14.06 -15.75 -19.39 333.76 256.45 22.38 0.10
0.00 6824.25
408.70 -15.86 -18.72 -27.21 336.04 258.04 23.43 0.00
0.00 7421.88
378.20 -19.16 -21.17 -27.32 339.42 252.90 23.78 0.00
0.00 8002.61
350.70 -23.46 -24.91 -30.32 340.22 245.26 24.59 -0.10
0.00 8559.45
326.00 -27.66 -28.97 -35.73 340.37 241.28 25.47 -0.10
0.00 9088.98
303.70 -31.66 -32.77 -40.48 340.95 236.94 24.57 -0.10
0.00 9594.14
283.60 -35.46 -36.43 -45.96 341.63 232.29 23.82 -0.10
10.00 10074.45
265.60 -39.36 -40.06 -48.85 342.18 229.82 22.88 -0.10
28.00 10526.99
248.70 -43.46 -43.86 -49.96 342.51 228.41 20.78 -0.10
20.00 10973.00
233.50 -46.96 -47.22 -52.29 343.30 217.78 19.66 0.00
11.00 11393.82
219.60 -48.96 -49.31 -59.12 345.99 214.04 26.73 0.00
0.00 11798.40
205.70 -51.76 -52.10 -67.88 347.93 233.59 38.62 0.00
0.00 12224.83
191.70 -56.26 -56.41 -63.30 347.89 246.91 38.64 0.00
0.00 12676.98
177.70 -59.06 -59.15 -63.87 350.92 244.16 27.62 0.00
75.00 13155.34
163.80 -60.86 -60.95 -66.60 356.11 236.77 26.94 0.10
85.00 13663.63
149.80 -62.66 -62.75 -70.13 362.18 238.25 31.76 0.10
0.00 14216.48
135.90 -64.66 -64.73 -70.80 368.86 247.51 33.00 0.10
0.00 14813.64
121.90 -65.46 -65.56 -76.19 378.98 257.25 27.29 0.00
0.00 15475.86
108.00 -64.66 -9999.00 -9999.00 -9999.00 247.38 15.15 0.00
0.00 16213.30
94.00 -63.56 -9999.00 -9999.00 -9999.00 226.64 19.23 0.00
0.00 17062.83
81.00 -62.46 -9999.00 -9999.00 -9999.00 258.69 13.87 0.00
0.00 17978.39
70.60 -61.26 -9999.00 -9999.00 -9999.00 284.93 6.02 0.00
0.00 18828.29
62.20 -58.96 -9999.00 -9999.00 -9999.00 16.50 5.48 0.00
0.00 19618.24
54.30 -57.86 -9999.00 -9999.00 -9999.00 57.99 7.32 0.00
0.00 20472.03
46.90 -56.06 -9999.00 -9999.00 -9999.00 87.51 8.94 0.00
0.00 21399.16
40.10 -54.16 -9999.00 -9999.00 -9999.00 57.65 6.90 0.00
0.00 22398.89
33.80 -52.86 -9999.00 -9999.00 -9999.00 29.64 12.96 0.00
0.00 23497.74
27.80 -51.36 -9999.00 -9999.00 -9999.00 47.91 16.22 0.00
0.00 24762.17
22.30 -49.06 -9999.00 -9999.00 -9999.00 76.85 21.35 0.00
0.00 26200.77
17.10 -44.76 -9999.00 -9999.00 -9999.00 83.71 26.57 0.00
0.00 27959.06
12.30 -41.96 -9999.00 -9999.00 -9999.00 72.40 29.55 0.00
0.00 30175.23

STID = KMDW STNM = 725340 TIME = 200810/0300 
SLAT = 41.78 SLON = -87.75 SELV = 183.0
STIM = 8

SHOW = -4.43 LIFT = -5.94 SWET = 385.70 KINX = 32.80
LCLP = 959.17 PWAT = 50.01 TOTL = 50.96 CAPE = 1976.17
LCLT = 296.00 CINS = -8.90 EQLV = 178.78 LFCT = 897.88
BRCH = 285.08

PRES TMPC TMWC DWPC THTE DRCT SKNT OMEG
CFRL HGHT
992.40 25.74 24.07 23.41 354.33 206.57 4.35 0.00
0.00 192.80
989.50 26.04 23.78 22.89 353.42 204.90 11.99 0.00
0.00 218.70
984.00 25.94 23.53 22.58 353.15 204.88 14.78 0.00
0.00 268.03
974.60 25.64 23.14 22.15 352.89 206.57 19.54 -0.10
0.00 352.91
960.60 24.94 22.60 21.66 352.72 208.61 21.91 -0.10
0.00 480.63
942.80 23.74 21.95 21.20 352.70 211.38 22.75 -0.20
0.00 645.17
921.40 22.24 21.15 20.67 352.73 214.91 22.75 -0.30
0.00 846.23
898.10 20.24 20.13 20.02 352.16 216.87 23.31 -0.50
9.00 1069.16
872.90 18.74 18.60 18.48 349.92 217.66 22.57 -0.60
14.00 1315.31
844.70 17.64 16.95 16.59 348.01 223.36 19.23 -0.70
2.00 1597.86
813.70 16.44 15.19 14.54 346.46 229.09 15.42 -0.80
0.00 1918.05
779.70 14.14 12.91 12.22 343.89 236.06 12.18 -1.00
0.00 2281.08
742.90 12.14 9.48 7.76 338.46 245.43 7.48 -1.00
0.00 2688.75
703.30 10.04 4.78 0.17 330.84 281.69 5.75 -1.10
0.00 3146.50
660.90 6.94 0.94 -5.76 327.69 247.07 5.48 -1.10
0.00 3660.57
615.60 2.84 -3.20 -12.06 325.39 182.96 11.29 -1.20
0.00 4239.55
567.80 -2.66 -7.30 -15.45 324.94 182.45 13.62 -1.40
0.00 4886.91
521.60 -6.26 -10.86 -21.08 326.30 237.60 11.97 -1.50
0.00 5555.08
479.80 -9.86 -10.83 -12.33 335.43 260.18 20.49 -1.30
0.00 6204.13
442.40 -13.56 -13.59 -13.66 338.22 247.29 18.10 -0.90
100.00 6826.34
408.70 -17.76 -18.31 -19.53 336.95 253.01 21.93 -0.40
0.00 7424.44
378.20 -20.06 -21.65 -26.45 338.53 247.57 22.90 -0.10
0.00 8002.18
350.80 -23.76 -25.19 -30.69 339.68 235.09 22.75 0.10
0.00 8555.60
326.00 -27.96 -29.13 -35.03 340.11 233.67 24.59 0.20
0.00 9086.56
303.70 -31.96 -32.89 -39.03 340.76 232.98 28.71 0.20
0.00 9591.11
283.60 -35.46 -36.37 -44.80 341.75 230.10 30.89 0.20
0.00 10071.14
265.60 -38.86 -39.64 -49.39 342.87 225.49 32.15 0.20
0.00 10524.16
248.80 -43.26 -43.72 -51.11 342.69 216.03 26.42 0.20
0.00 10968.11
233.50 -46.86 -47.16 -52.96 343.41 210.26 24.28 0.20
11.00 11391.88
219.60 -49.46 -49.81 -60.55 345.18 221.87 35.22 0.20
0.00 11796.10
205.70 -53.26 -53.44 -59.64 345.76 239.72 38.91 0.10
0.00 12220.63
191.70 -56.36 -56.48 -61.60 347.77 246.13 36.97 0.00
3.00 12671.13
177.70 -57.76 -57.93 -68.92 352.96 247.00 29.33 0.00
45.00 13150.82
163.80 -60.26 -60.41 -74.24 357.03 241.81 27.54 -0.10
35.00 13661.37
149.80 -63.06 -63.17 -74.84 361.44 241.60 29.82 -0.10
0.00 14214.47
135.90 -65.06 -65.15 -75.48 368.10 246.47 31.14 0.00
0.00 14810.49
121.90 -65.26 -65.36 -76.19 379.35 255.15 26.53 0.00
0.00 15472.39
108.00 -64.46 -9999.00 -9999.00 -9999.00 249.52 17.21 0.00
0.00 16210.54
94.00 -63.86 -9999.00 -9999.00 -9999.00 231.97 19.23 0.00
0.00 17059.87
81.00 -62.16 -9999.00 -9999.00 -9999.00 266.28 15.00 0.00
0.00 17975.43
70.60 -60.46 -9999.00 -9999.00 -9999.00 297.76 4.18 0.00
0.00 18827.54
62.20 -58.66 -9999.00 -9999.00 -9999.00 48.37 2.33 0.00
0.00 19619.53
54.30 -57.76 -9999.00 -9999.00 -9999.00 77.47 3.57 0.00
0.00 20474.12
46.90 -56.06 -9999.00 -9999.00 -9999.00 72.65 6.51 0.00
0.00 21401.45
40.10 -55.46 -9999.00 -9999.00 -9999.00 37.50 10.53 0.00
0.00 22398.21
33.80 -53.96 -9999.00 -9999.00 -9999.00 45.97 16.22 0.00
0.00 23491.05
27.80 -50.06 -9999.00 -9999.00 -9999.00 70.84 19.54 0.00
0.00 24756.05
22.30 -47.16 -9999.00 -9999.00 -9999.00 84.66 20.88 0.00
0.00 26204.98
17.10 -44.46 -9999.00 -9999.00 -9999.00 70.29 24.77 0.00
0.00 27971.82
12.30 -42.56 -9999.00 -9999.00 -9999.00 67.66 30.65 0.00
0.00 30186.54

STID = KMDW STNM = 725340 TIME = 200810/0400 
SLAT = 41.78 SLON = -87.75 SELV = 183.0
STIM = 9

SHOW = -5.05 LIFT = -6.95 SWET = 324.24 KINX = 31.63
LCLP = 961.83 PWAT = 48.15 TOTL = 53.16 CAPE = 2008.57
LCLT = 296.01 CINS = -19.16 EQLV = 179.72 LFCT = 805.34
BRCH = 370.43

PRES TMPC TMWC DWPC THTE DRCT SKNT OMEG
CFRL HGHT
992.70 25.54 24.00 23.38 353.93 195.95 5.65 0.00
0.00 192.79
989.70 25.64 23.82 23.09 353.56 197.85 12.04 0.00
0.00 219.55
984.30 25.34 23.57 22.86 353.29 199.18 14.20 0.00
0.00 267.90
974.80 24.94 23.16 22.44 352.95 204.20 18.96 0.00
0.00 353.49
960.90 24.54 22.58 21.78 352.57 210.26 21.58 0.00
0.00 480.04
943.00 23.64 21.90 21.17 352.44 216.87 22.34 0.00
0.00 645.34
921.60 22.24 21.01 20.47 352.06 219.36 22.36 0.10
0.00 846.30
898.30 20.64 19.74 19.31 350.43 221.88 22.69 0.10
9.00 1069.27
873.10 19.44 18.21 17.62 348.27 226.11 21.29 0.10
35.00 1315.71
844.90 18.34 16.58 15.71 346.48 229.40 17.91 0.10
0.00 1598.75
813.90 16.84 14.90 13.90 345.32 228.50 13.48 0.20
0.00 1919.34
779.90 14.84 12.29 10.83 341.61 229.14 9.50 0.20
1.00 2282.80
743.20 13.04 8.51 5.30 335.23 233.13 5.83 0.10
0.00 2690.06
703.60 10.74 4.45 -1.37 329.81 254.93 5.23 -0.10
0.00 3148.64
661.10 7.14 0.75 -6.65 327.11 231.55 8.43 -0.30
0.00 3664.43
615.80 2.64 -3.16 -11.51 325.48 198.71 12.72 -0.40
0.00 4243.20
568.00 -2.86 -7.26 -14.81 325.02 188.43 15.91 -0.40
0.00 4889.91
521.70 -8.06 -11.43 -18.44 325.23 220.91 11.56 -0.20
1.00 5556.95
479.90 -10.46 -11.34 -12.74 334.31 251.57 11.67 0.00
24.00 6202.98
442.50 -13.36 -13.77 -14.49 337.80 237.34 17.99 0.10
100.00 6824.52
408.80 -17.76 -18.12 -18.90 337.30 252.74 20.96 0.00
100.00 7422.70
378.30 -20.46 -21.82 -25.90 338.18 240.64 21.39 0.00
2.00 7999.87
350.80 -23.96 -25.40 -31.06 339.30 230.95 22.51 0.00
0.00 8554.58
326.10 -28.26 -29.10 -33.03 340.14 230.83 27.06 0.00
0.00 9082.79
303.70 -31.86 -32.83 -39.26 340.86 231.78 31.39 -0.10
0.00 9589.34
283.70 -35.26 -36.28 -46.38 341.85 229.43 33.76 -0.10
0.00 10067.19
265.60 -38.66 -39.50 -50.55 343.08 222.23 34.11 0.00
0.00 10523.02
248.80 -42.86 -43.43 -53.16 343.16 217.93 33.49 -0.10
0.00 10967.54
233.50 -46.86 -47.20 -54.49 343.33 218.55 33.04 -0.20
0.00 11391.68
219.60 -50.36 -50.54 -55.00 344.00 228.39 34.81 -0.20
0.00 11795.09
205.70 -54.06 -54.13 -56.40 344.63 236.55 38.42 -0.20
78.00 12218.00
191.70 -56.36 -56.53 -65.45 347.68 244.80 36.50 -0.10
0.00 12667.68
177.70 -57.56 -57.76 -73.70 353.24 252.33 32.01 0.00
0.00 13147.59
163.80 -59.86 -60.02 -74.24 357.70 249.78 27.53 0.00
0.00 13658.85
149.80 -62.66 -62.78 -74.84 362.13 242.89 27.27 0.00
0.00 14213.00
135.90 -64.56 -64.66 -75.48 368.98 248.54 30.26 0.10
0.00 14810.30
121.90 -64.96 -65.06 -76.19 379.90 256.44 28.17 0.10
0.00 15473.47
108.00 -64.56 -9999.00 -9999.00 -9999.00 246.64 18.63 0.00
0.00 16211.98
94.00 -64.06 -9999.00 -9999.00 -9999.00 232.07 18.96 0.00
0.00 17060.69
81.00 -62.26 -9999.00 -9999.00 -9999.00 269.12 12.63 0.00
0.00 17975.60
70.60 -60.26 -9999.00 -9999.00 -9999.00 303.69 2.10 0.00
0.00 18827.92
62.20 -59.16 -9999.00 -9999.00 -9999.00 113.20 2.95 0.00
0.00 19619.35
54.30 -58.16 -9999.00 -9999.00 -9999.00 83.16 4.90 0.00
0.00 20472.15
46.90 -56.16 -9999.00 -9999.00 -9999.00 64.00 8.86 0.00
0.00 21398.42
40.10 -55.06 -9999.00 -9999.00 -9999.00 47.39 13.19 0.00
0.00 22395.86
33.80 -52.06 -9999.00 -9999.00 -9999.00 49.80 18.07 0.00
0.00 23494.45
27.80 -49.16 -9999.00 -9999.00 -9999.00 62.43 19.72 0.00
0.00 24767.46
22.30 -48.16 -9999.00 -9999.00 -9999.00 70.22 18.38 0.00
0.00 26216.06
17.10 -45.76 -9999.00 -9999.00 -9999.00 68.68 25.64 0.00
0.00 27973.97
12.30 -43.06 -9999.00 -9999.00 -9999.00 71.15 33.66 0.00
0.00 30180.01

STID = KMDW STNM = 725340 TIME = 200810/0500 
SLAT = 41.78 SLON = -87.75 SELV = 183.0
STIM = 10

SHOW = -5.57 LIFT = -7.28 SWET = 341.31 KINX = 32.16
LCLP = 966.64 PWAT = 48.00 TOTL = 54.25 CAPE = 1972.79
LCLT = 295.97 CINS = -32.25 EQLV = 178.49 LFCT = 728.96
BRCH = 374.59

PRES TMPC TMWC DWPC THTE DRCT SKNT OMEG
CFRL HGHT
992.30 25.04 23.78 23.25 352.93 198.43 5.54 0.00
0.00 192.78
989.30 25.14 23.66 23.06 352.90 201.45 11.69 0.00
0.00 219.50
983.90 24.84 23.45 22.88 352.80 202.99 13.93 0.00
0.00 267.79
974.40 24.44 23.09 22.52 352.66 208.89 19.31 -0.10
0.00 353.27
960.50 24.04 22.47 21.81 352.11 215.31 22.84 -0.20
0.00 479.67
942.60 23.24 21.68 21.01 351.50 218.52 24.34 -0.20
0.00 644.78
921.20 21.94 20.79 20.27 351.13 219.99 23.58 -0.20
0.00 845.57
898.00 20.44 19.71 19.35 350.35 225.35 22.40 -0.10
6.00 1067.47
872.70 19.24 18.29 17.83 348.68 230.55 19.87 -0.10
8.00 1314.83
844.60 18.44 16.52 15.58 346.31 225.94 16.76 0.00
0.00 1596.94
813.60 17.04 14.64 13.38 344.36 218.29 14.10 0.20
0.00 1917.76
779.70 15.44 11.83 9.69 340.02 213.69 9.81 0.30
0.00 2280.64
742.90 13.54 7.99 3.83 333.62 219.17 6.76 0.30
0.00 2689.75
703.40 10.74 4.40 -1.51 329.68 236.31 7.01 0.20
0.00 3147.62
661.00 6.74 0.84 -5.79 327.41 234.21 10.30 0.10
0.00 3661.96
615.60 2.04 -3.09 -10.14 325.74 209.74 12.53 -0.10
0.00 4241.21
567.90 -3.26 -7.48 -14.76 324.58 192.09 16.69 -0.20
0.00 4885.60
521.60 -9.26 -11.42 -15.51 325.33 195.52 10.88 -0.10
2.00 5550.87
479.90 -10.36 -10.94 -11.82 335.19 222.18 8.39 0.00
29.00 6194.21
442.40 -13.16 -13.51 -14.11 338.39 229.95 17.50 -0.10
100.00 6817.90
408.80 -17.46 -17.79 -18.51 337.94 237.20 20.80 -0.10
100.00 7414.98
378.20 -20.76 -22.33 -27.43 337.23 238.11 20.59 0.00
0.00 7994.10
350.80 -24.56 -25.57 -29.29 339.02 230.68 23.60 0.00
0.00 8545.88
326.00 -28.56 -29.26 -32.48 339.90 230.71 27.60 -0.10
12.00 9075.37
303.70 -31.96 -32.87 -38.81 340.80 227.68 32.32 -0.20
2.00 9579.33
283.60 -35.36 -36.39 -46.82 341.70 225.91 34.62 -0.20
0.00 10059.46
265.60 -39.16 -39.86 -48.35 342.51 227.24 35.20 -0.20
0.00 10512.28
248.80 -43.06 -43.49 -49.96 343.07 228.44 36.60 -0.20
0.00 10956.14
233.50 -46.76 -47.04 -52.29 343.61 228.65 38.81 -0.20
0.00 11380.20
219.60 -50.36 -50.52 -54.21 344.04 229.18 39.53 -0.30
100.00 11783.70
205.70 -53.76 -53.90 -58.42 345.01 231.05 36.46 -0.20
100.00 12206.90
191.70 -56.16 -56.36 -68.39 347.96 240.09 32.71 -0.10
2.00 12657.09
177.70 -58.26 -58.45 -73.70 352.09 249.93 32.26 0.00
0.00 13136.44
163.80 -60.06 -60.22 -74.24 357.36 249.15 30.56 0.00
0.00 13646.63
149.80 -61.96 -62.09 -74.84 363.33 244.29 29.10 0.00
0.00 14201.44
135.90 -63.76 -63.87 -75.48 370.40 247.50 29.43 0.00
0.00 14800.87
121.90 -64.56 -9999.00 -9999.00 -9999.00 254.34 26.63 0.00
0.00 15465.95
108.00 -64.36 -9999.00 -9999.00 -9999.00 245.97 17.66 0.00
0.00 16205.52
94.00 -64.16 -9999.00 -9999.00 -9999.00 234.31 16.98 0.00
0.00 17054.44
81.00 -62.56 -9999.00 -9999.00 -9999.00 270.94 11.85 0.00
0.00 17968.48
70.60 -60.36 -9999.00 -9999.00 -9999.00 222.71 3.44 0.00
0.00 18819.99
62.20 -59.06 -9999.00 -9999.00 -9999.00 146.98 4.64 0.00
0.00 19611.42
54.30 -57.66 -9999.00 -9999.00 -9999.00 82.23 4.31 0.00
0.00 20465.41
46.90 -56.16 -9999.00 -9999.00 -9999.00 56.66 8.84 0.00
0.00 21392.75
40.10 -55.26 -9999.00 -9999.00 -9999.00 50.95 13.25 0.00
0.00 22389.73
33.80 -52.16 -9999.00 -9999.00 -9999.00 58.93 18.82 0.00
0.00 23487.58
27.80 -49.36 -9999.00 -9999.00 -9999.00 69.51 20.53 0.00
0.00 24759.73
22.30 -47.66 -9999.00 -9999.00 -9999.00 71.57 19.66 0.00
0.00 26209.30
17.10 -45.46 -9999.00 -9999.00 -9999.00 72.65 26.05 0.00
0.00 27970.31
12.30 -43.26 -9999.00 -9999.00 -9999.00 70.87 30.23 0.00
0.00 30176.83

STID = KMDW STNM = 725340 TIME = 200810/0600 
SLAT = 41.78 SLON = -87.75 SELV = 183.0
STIM = 11

SHOW = -4.53 LIFT = -6.16 SWET = 304.84 KINX = 30.55
LCLP = 970.12 PWAT = 48.72 TOTL = 52.21 CAPE = 1867.41
LCLT = 295.96 CINS = -36.15 EQLV = 181.70 LFCT = 717.94
BRCH = 684.37

PRES TMPC TMWC DWPC THTE DRCT SKNT OMEG
CFRL HGHT
992.40 24.74 23.65 23.19 352.34 200.85 4.37 0.00
0.00 192.77
989.40 24.84 23.54 23.00 352.31 204.62 10.26 -0.10
0.00 219.46
983.90 24.64 23.36 22.82 352.35 206.18 12.76 -0.10
0.00 268.59
974.50 24.24 23.00 22.47 352.22 213.35 18.38 -0.30
0.00 353.12
960.60 23.64 22.36 21.81 351.59 218.66 22.40 -0.50
2.00 479.37
942.70 22.94 21.45 20.81 350.48 221.44 24.36 -0.70
0.00 644.25
921.40 21.64 20.64 20.18 350.44 223.97 22.94 -0.80
0.00 843.85
898.10 20.24 19.75 19.49 350.51 227.83 22.28 -0.90
13.00 1066.49
872.80 19.04 18.27 17.88 348.56 228.81 20.65 -1.00
19.00 1313.67
844.70 18.34 16.47 15.54 346.07 226.33 17.72 -1.10
1.00 1595.59
813.70 17.14 14.42 12.98 343.52 223.12 16.76 -1.20
0.00 1916.35
779.80 15.34 12.08 10.18 340.88 215.91 13.91 -1.00
0.00 2279.18
743.10 13.54 8.23 4.33 334.33 211.61 8.90 -0.70
0.00 2687.09
703.50 10.84 4.30 -1.88 329.38 229.09 7.71 -0.30
0.00 3146.12
661.10 6.84 0.60 -6.65 326.76 235.24 11.58 0.10
0.00 3660.52
615.80 1.94 -3.40 -11.04 324.96 199.98 13.64 0.60
0.00 4238.27
568.00 -4.06 -7.39 -12.76 324.81 181.26 17.68 1.00
2.00 4882.83
521.70 -8.16 -9.09 -10.47 330.24 192.62 13.34 0.90
26.00 5548.64
479.90 -9.56 -10.06 -10.78 337.13 241.26 13.73 0.10
100.00 6196.06
442.40 -13.06 -13.17 -13.37 339.12 240.64 14.26 -0.60
100.00 6820.92
408.80 -17.66 -17.71 -17.83 338.11 223.26 13.60 -0.70
100.00 7417.94
378.20 -21.36 -22.33 -25.21 337.27 230.58 18.36 -0.60
6.00 7996.21
350.80 -24.96 -25.99 -29.97 338.25 235.49 22.63 -0.60
2.00 8546.91
326.00 -28.76 -29.71 -34.54 339.11 229.09 26.98 -0.60
4.00 9075.73
303.70 -32.16 -33.27 -41.57 340.09 225.50 31.59 -0.60
0.00 9579.24
283.60 -35.96 -36.78 -44.44 341.07 225.46 34.34 -0.60
0.00 10058.55
265.60 -39.76 -40.28 -46.15 341.84 225.82 38.19 -0.50
0.00 10510.24
248.70 -43.56 -43.91 -48.93 342.45 227.80 42.21 -0.60
0.00 10955.78
233.50 -47.06 -47.32 -52.29 343.15 230.55 44.02 -0.60
0.00 11376.42
219.60 -50.16 -50.40 -56.82 344.23 232.30 40.02 -0.60
41.00 11779.83
205.70 -52.86 -53.13 -64.93 346.25 233.39 33.88 -0.50
34.00 12204.07
191.70 -55.46 -55.71 -73.19 349.03 240.12 31.59 -0.40
0.00 12655.91
177.70 -58.26 -58.45 -73.70 352.09 243.92 30.92 -0.20
0.00 13136.03
163.80 -60.76 -60.90 -74.24 356.19 240.74 31.39 0.00
0.00 13645.39
149.80 -62.16 -62.29 -74.84 362.99 241.47 32.94 0.10
0.00 14199.02
135.90 -63.46 -63.58 -75.48 370.93 246.00 31.04 0.10
0.00 14798.59
121.90 -64.36 -9999.00 -9999.00 -9999.00 246.30 26.09 0.10
0.00 15464.47
108.00 -64.56 -9999.00 -9999.00 -9999.00 240.55 18.96 0.10
0.00 16204.04
94.00 -64.26 -9999.00 -9999.00 -9999.00 238.12 18.76 0.00
0.00 17052.35
81.00 -62.46 -9999.00 -9999.00 -9999.00 264.40 9.95 0.00
0.00 17966.39
70.60 -60.06 -9999.00 -9999.00 -9999.00 194.47 6.22 0.00
0.00 18818.70
62.20 -59.36 -9999.00 -9999.00 -9999.00 150.02 5.83 0.00
0.00 19610.13
54.30 -58.76 -9999.00 -9999.00 -9999.00 82.23 4.31 0.00
0.00 20461.34
46.90 -57.96 -9999.00 -9999.00 -9999.00 57.85 8.02 0.00
0.00 21382.46
40.10 -56.16 -9999.00 -9999.00 -9999.00 59.81 12.35 0.00
0.00 22373.26
33.80 -52.26 -9999.00 -9999.00 -9999.00 70.80 18.30 0.00
0.00 23468.60
27.80 -48.86 -9999.00 -9999.00 -9999.00 77.05 17.35 0.00
0.00 24741.90
22.30 -46.66 -9999.00 -9999.00 -9999.00 72.76 17.70 0.00
0.00 26196.31
17.10 -45.26 -9999.00 -9999.00 -9999.00 72.31 23.66 0.00
0.00 27961.98
12.30 -43.36 -50.88 -89.89 807.50 70.91 26.73 0.00
0.00 30168.99

STID = KMDW STNM = 725340 TIME = 200810/0700 
SLAT = 41.78 SLON = -87.75 SELV = 183.0
STIM = 12

SHOW = -3.86 LIFT = -5.35 SWET = 279.58 KINX = 32.56
LCLP = 973.40 PWAT = 49.90 TOTL = 50.76 CAPE = 1737.44
LCLT = 295.90 CINS = -16.96 EQLV = 192.66 LFCT = 844.48
BRCH = 4872.69

PRES TMPC TMWC DWPC THTE DRCT SKNT OMEG
CFRL HGHT
993.00 24.44 23.50 23.08 351.50 140.19 3.03 0.00
0.00 192.75
990.00 24.44 23.34 22.87 351.28 169.70 6.51 0.10
0.00 219.39
984.50 24.14 23.12 22.67 351.14 182.66 8.35 0.10
0.00 268.42
975.10 23.74 22.76 22.33 351.04 204.23 12.78 0.20
0.00 352.74
961.10 23.04 22.13 21.72 350.48 214.44 16.49 0.40
6.00 479.58
943.20 22.24 21.23 20.77 349.41 220.13 17.77 0.50
5.00 644.01
921.90 21.34 20.51 20.11 349.77 226.82 17.31 0.70
8.00 843.16
898.60 20.44 19.46 18.99 349.17 236.62 19.77 0.70
22.00 1065.60
873.40 19.24 17.96 17.34 347.18 239.04 21.52 0.60
81.00 1311.74
845.20 17.54 16.37 15.77 345.60 233.69 20.01 0.50
84.00 1594.17
814.20 15.64 14.34 13.64 343.16 227.29 17.19 0.50
75.00 1913.53
780.20 14.04 12.00 10.81 340.54 224.47 14.98 0.60
66.00 2275.57
743.40 12.24 9.20 7.20 337.47 208.18 12.33 0.50
55.00 2682.80
703.80 10.04 4.98 0.63 331.34 199.98 9.09 0.20
41.00 3140.30
661.30 6.84 0.64 -6.53 326.83 214.62 9.91 -0.10
32.00 3655.15
615.90 1.94 -3.37 -10.94 325.01 201.80 14.65 -0.20
35.00 4234.05
568.20 -3.56 -6.93 -12.18 325.77 188.38 18.65 -0.20
53.00 4877.71
521.80 -6.96 -7.81 -8.95 333.08 203.30 13.75 -0.10
92.00 5547.01
480.00 -9.86 -10.07 -10.39 337.08 242.49 10.51 0.00
100.00 6195.51
442.50 -13.56 -13.91 -14.53 337.51 226.58 14.98 0.10
100.00 6819.24
408.80 -17.76 -18.30 -19.52 336.93 218.66 17.40 0.10
100.00 7417.16
378.30 -21.76 -22.45 -24.47 337.02 227.90 21.74 0.00
100.00 7992.87
350.80 -25.36 -26.22 -29.51 337.85 232.95 24.83 0.00
12.00 8544.65
326.00 -29.26 -30.13 -34.70 338.37 231.65 28.48 0.00
9.00 9072.51
303.70 -33.16 -34.16 -42.16 338.60 229.12 30.57 0.10
0.00 9574.45
283.60 -36.96 -37.79 -46.82 339.40 226.82 34.63 0.30
0.00 10051.75
265.60 -40.46 -41.14 -51.19 340.41 227.02 39.02 0.40
0.00 10501.78
248.80 -43.66 -44.21 -54.84 341.89 228.14 45.12 0.40
0.00 10943.81
233.50 -46.96 -47.35 -56.32 343.10 229.45 47.80 0.40
2.00 11367.10
219.60 -49.66 -50.00 -60.55 344.87 230.82 43.36 0.30
0.00 11771.05
205.70 -52.06 -52.41 -72.71 347.42 233.60 37.65 0.30
0.00 12196.53
191.70 -54.76 -55.03 -73.19 350.16 239.14 35.98 0.20
0.00 12649.91
177.70 -57.36 -57.57 -73.70 353.56 241.36 33.64 0.10
0.00 13131.81
163.80 -60.26 -60.41 -74.24 357.03 234.98 32.50 0.10
0.00 13642.83
149.80 -61.96 -62.09 -74.84 363.33 237.89 35.08 0.00
0.00 14197.37
135.90 -62.76 -62.89 -75.48 372.17 248.32 33.66 -0.10
0.00 14798.24
121.90 -63.96 -9999.00 -9999.00 -9999.00 249.34 25.33 -0.10
0.00 15465.86
108.00 -65.36 -9999.00 -9999.00 -9999.00 240.88 17.56 -0.10
0.00 16204.72
94.00 -65.26 -9999.00 -9999.00 -9999.00 234.11 18.22 0.00
0.00 17049.37
81.00 -61.96 -9999.00 -9999.00 -9999.00 233.13 11.65 0.10
0.00 17962.32
70.60 -59.56 -9999.00 -9999.00 -9999.00 198.78 10.26 0.00
0.00 18816.65
62.20 -59.56 -9999.00 -9999.00 -9999.00 147.99 3.67 0.00
0.00 19608.63
54.30 -59.46 -9999.00 -9999.00 -9999.00 55.49 3.77 0.00
0.00 20458.06
46.90 -58.56 -9999.00 -9999.00 -9999.00 61.93 6.60 0.00
0.00 21376.38
40.10 -55.86 -9999.00 -9999.00 -9999.00 60.78 13.13 0.00
0.00 22366.49
33.80 -51.86 -9999.00 -9999.00 -9999.00 73.58 19.23 0.00
0.00 23463.59
27.80 -48.56 -9999.00 -9999.00 -9999.00 76.95 16.36 0.00
0.00 24738.88
22.30 -46.86 -9999.00 -9999.00 -9999.00 69.23 18.07 0.00
0.00 26193.62
17.10 -45.76 -9999.00 -9999.00 -9999.00 68.45 24.84 0.00
0.00 27956.57
12.30 -43.46 -9999.00 -9999.00 -9999.00 72.72 27.47 0.00
0.00 30160.68

STID = KMDW STNM = 725340 TIME = 200810/0800 
SLAT = 41.78 SLON = -87.75 SELV = 183.0
STIM = 13

SHOW = -3.83 LIFT = -4.90 SWET = 274.44 KINX = 32.37
LCLP = 970.55 PWAT = 49.60 TOTL = 50.24 CAPE = 1514.44
LCLT = 295.56 CINS = -27.57 EQLV = 199.72 LFCT = 851.76
BRCH = 914.74

PRES TMPC TMWC DWPC THTE DRCT SKNT OMEG
CFRL HGHT
991.70 24.24 23.22 22.77 350.43 201.50 6.90 0.00
0.00 191.87
988.70 24.14 23.08 22.62 350.30 204.06 11.91 0.00
0.00 218.52
983.20 23.74 22.84 22.44 350.10 205.50 13.99 0.00
0.00 267.54
973.80 23.14 22.39 22.04 349.57 210.53 17.60 0.00
0.00 351.82
959.80 22.44 21.56 21.15 348.15 215.60 19.35 0.10
7.00 478.55
942.00 22.14 21.01 20.49 348.62 221.68 18.98 0.30
6.00 642.04
920.70 21.84 20.53 19.94 350.07 228.60 19.68 0.40
0.00 841.55
897.50 20.74 19.59 19.06 349.94 237.26 22.63 0.40
0.00 1063.61
872.30 18.84 18.36 18.10 349.03 248.57 22.32 0.50
2.00 1310.08
844.10 16.94 16.35 16.02 345.71 244.56 17.64 0.60
7.00 1592.47
813.10 15.24 13.99 13.30 342.05 222.09 16.22 0.60
5.00 1911.70
779.30 14.74 11.46 9.48 338.82 205.46 13.56 0.60
0.00 2272.13
742.60 13.04 8.72 5.72 336.01 194.04 11.21 0.40
0.00 2679.56
703.10 10.24 5.05 0.61 331.66 183.24 10.31 0.10
0.00 3137.06
660.70 6.24 1.39 -3.60 328.98 184.76 9.36 -0.10
0.00 3650.96
615.40 1.74 -3.01 -9.37 325.99 184.40 10.14 -0.10
0.00 4228.47
567.70 -2.86 -6.74 -12.86 326.26 184.51 14.80 0.00
0.00 4873.31
521.40 -6.26 -6.54 -6.89 336.12 226.58 14.98 0.10
5.00 5543.57
479.60 -10.16 -10.19 -10.26 336.91 238.15 15.09 0.30
100.00 6193.21
442.20 -14.16 -14.44 -14.94 336.49 231.43 18.38 0.40
100.00 6814.67
408.60 -17.96 -18.44 -19.53 336.71 229.56 22.46 0.40
100.00 7410.23
378.10 -21.96 -22.77 -25.21 336.49 233.39 25.41 0.30
100.00 7985.75
350.70 -25.56 -27.14 -34.99 336.19 236.19 25.49 0.20
0.00 8535.23
326.00 -29.76 -31.38 -44.69 336.17 238.96 25.62 0.10
0.00 9060.16
303.70 -33.76 -34.94 -46.67 337.29 230.96 27.76 0.10
0.00 9560.89
283.60 -37.46 -38.34 -49.38 338.48 228.51 31.37 0.00
0.00 10037.05
265.60 -40.86 -41.60 -54.30 339.66 228.01 36.60 0.00
0.00 10486.21
248.70 -43.76 -44.47 -66.51 341.48 228.50 42.79 0.00
0.00 10930.46
233.50 -46.66 -47.24 -71.85 343.24 229.90 43.43 0.00
0.00 11351.25
219.60 -49.36 -49.79 -67.41 345.20 230.55 39.74 -0.10
0.00 11755.72
205.70 -52.16 -52.48 -67.88 347.31 233.55 36.95 -0.10
0.00 12181.38
191.70 -54.76 -55.03 -73.19 350.16 240.86 36.69 -0.10
0.00 12634.66
177.70 -57.06 -57.28 -73.70 354.06 244.90 33.90 -0.20
0.00 13116.89
163.80 -59.86 -60.02 -74.24 357.70 236.52 29.58 -0.20
0.00 13628.75
149.80 -62.66 -62.78 -74.84 362.13 232.85 32.17 -0.20
0.00 14182.90
135.90 -64.06 -64.17 -75.48 369.87 246.30 34.79 -0.20
0.00 14780.91
121.90 -64.76 -9999.00 -9999.00 -9999.00 249.49 27.18 -0.10
0.00 15445.20
108.00 -65.26 -9999.00 -9999.00 -9999.00 233.13 21.37 0.00
0.00 16182.82
94.00 -64.16 -9999.00 -9999.00 -9999.00 233.53 22.22 0.00
0.00 17029.91
81.00 -60.36 -9999.00 -9999.00 -9999.00 249.03 12.49 0.00
0.00 17948.74
70.60 -60.46 -9999.00 -9999.00 -9999.00 220.36 5.09 0.00
0.00 18804.47
62.20 -60.76 -9999.00 -9999.00 -9999.00 135.00 1.11 0.00
0.00 19592.56
54.30 -58.86 -9999.00 -9999.00 -9999.00 29.74 1.57 0.00
0.00 20440.79
46.90 -57.56 -9999.00 -9999.00 -9999.00 58.57 8.20 0.00
0.00 21362.55
40.10 -54.76 -9999.00 -9999.00 -9999.00 61.39 14.61 0.00
0.00 22357.48
33.80 -51.76 -9999.00 -9999.00 -9999.00 73.67 20.05 0.00
0.00 23457.57
27.80 -49.06 -9999.00 -9999.00 -9999.00 75.64 16.43 0.00
0.00 24731.73
22.30 -47.66 -9999.00 -9999.00 -9999.00 75.40 19.27 0.00
0.00 26182.27
17.10 -44.06 -9999.00 -9999.00 -9999.00 72.45 23.83 0.00
0.00 27948.72
12.30 -41.86 -9999.00 -9999.00 -9999.00 65.36 28.42 0.00
0.00 30168.74

STID = KMDW STNM = 725340 TIME = 200810/0900 
SLAT = 41.78 SLON = -87.75 SELV = 183.0
STIM = 14

SHOW = -4.24 LIFT = -5.03 SWET = 280.51 KINX = 34.49
LCLP = 970.39 PWAT = 50.32 TOTL = 50.70 CAPE = 1372.49
LCLT = 295.15 CINS = -69.12 EQLV = 205.68 LFCT = 702.22
BRCH = 1206.39

PRES TMPC TMWC DWPC THTE DRCT SKNT OMEG
CFRL HGHT
991.70 23.84 22.82 22.36 348.61 203.20 5.92 0.00
0.00 192.74
988.70 23.64 22.60 22.14 348.14 204.78 11.13 0.00
0.00 219.34
983.30 23.24 22.37 21.97 347.96 205.07 13.29 0.00
0.00 267.38
973.80 22.64 21.95 21.62 347.62 207.82 15.81 0.00
0.00 352.38
959.90 22.14 21.25 20.83 346.78 213.86 17.77 0.00
11.00 478.00
942.10 22.14 20.98 20.45 348.48 221.53 18.16 0.00
0.00 641.37
920.80 21.74 20.77 20.33 351.13 232.13 19.93 -0.10
0.00 840.85
897.50 20.64 20.34 20.16 353.21 245.16 23.12 -0.30
2.00 1063.88
872.30 18.94 18.83 18.73 351.03 257.47 21.48 -0.50
100.00 1310.47
844.20 16.84 16.49 16.28 346.26 253.01 14.63 -0.40
86.00 1591.92
813.20 15.64 13.89 12.93 341.66 222.51 15.81 -0.30
64.00 1911.27
779.30 14.94 11.20 8.89 337.93 204.10 16.18 -0.20
45.00 2273.04
742.60 13.24 8.81 5.75 336.30 194.70 12.26 -0.20
35.00 2680.72
703.10 10.04 5.67 2.16 333.50 184.40 10.14 0.00
34.00 3138.32
660.70 6.14 1.98 -2.03 330.57 176.70 10.12 0.20
38.00 3652.13
615.40 1.64 -2.94 -8.96 326.18 176.31 12.06 0.30
42.00 4229.54
567.70 -3.16 -6.20 -10.56 327.52 192.84 15.73 0.20
51.00 4874.02
521.40 -6.16 -6.50 -6.92 336.22 243.43 12.59 0.00
99.00 5544.14
479.60 -10.46 -10.49 -10.57 336.23 245.34 13.03 -0.20
100.00 6193.52
442.20 -14.36 -15.11 -16.54 335.10 236.14 17.77 -0.20
10.00 6814.30
408.60 -18.66 -19.36 -21.07 334.94 233.57 20.28 -0.20
100.00 7408.71
378.10 -21.96 -23.59 -29.65 334.94 235.18 21.78 -0.20
26.00 7983.32
350.70 -25.96 -27.50 -35.36 335.57 234.01 22.80 -0.20
0.00 8532.27
326.00 -30.26 -31.46 -39.54 336.09 234.52 24.09 -0.10
0.00 9056.27
303.70 -34.46 -35.34 -43.12 336.65 231.07 25.97 -0.10
0.00 9555.79
283.60 -38.36 -38.98 -45.96 337.46 229.24 29.76 -0.10
0.00 10030.37
265.60 -41.26 -41.94 -53.42 339.11 233.67 37.37 -0.10
0.00 10478.30
248.70 -43.56 -44.26 -63.51 341.82 236.61 40.95 -0.10
0.00 10922.36
233.50 -46.16 -46.74 -66.97 344.05 233.91 39.90 -0.20
0.00 11343.79
219.60 -49.16 -49.60 -67.41 345.51 230.49 38.77 -0.20
0.00 11748.89
205.70 -52.26 -52.58 -67.88 347.15 232.85 39.24 -0.20
0.00 12174.65
191.70 -54.96 -55.22 -73.19 349.83 239.52 39.45 -0.20
0.00 12627.62
177.70 -57.16 -57.38 -73.70 353.89 243.43 36.48 -0.10
0.00 13109.52
163.80 -59.66 -59.83 -74.24 358.03 237.29 31.62 0.00
0.00 13621.50
149.80 -62.76 -62.88 -74.84 361.96 229.33 34.58 0.10
0.00 14175.78
135.90 -64.56 -64.66 -75.48 368.98 239.14 38.25 0.10
0.00 14772.93
121.90 -65.16 -9999.00 -9999.00 -9999.00 243.92 30.50 0.10
0.00 15435.78
108.00 -64.66 -9999.00 -9999.00 -9999.00 234.94 27.06 0.00
0.00 16173.76
94.00 -63.36 -9999.00 -9999.00 -9999.00 238.05 23.12 -0.10
0.00 17023.69
81.00 -61.46 -9999.00 -9999.00 -9999.00 278.91 10.02 -0.10
0.00 17941.87
70.60 -62.76 -9999.00 -9999.00 -9999.00 174.81 2.14 -0.10
0.00 18790.77
62.20 -61.56 -9999.00 -9999.00 -9999.00 175.43 4.88 0.00
0.00 19573.11
54.30 -57.76 -9999.00 -9999.00 -9999.00 36.87 1.94 0.00
0.00 20421.93
46.90 -57.06 -9999.00 -9999.00 -9999.00 57.05 12.51 0.00
0.00 21347.13
40.10 -54.56 -9999.00 -9999.00 -9999.00 67.43 18.73 0.00
0.00 22343.65
33.80 -52.06 -9999.00 -9999.00 -9999.00 80.16 19.33 0.00
0.00 23443.50
27.80 -49.96 -9999.00 -9999.00 -9999.00 79.22 16.61 0.00
0.00 24714.22
22.30 -49.06 -9999.00 -9999.00 -9999.00 74.22 18.57 0.00
0.00 26157.34
17.10 -45.36 -9999.00 -9999.00 -9999.00 70.61 25.74 0.00
0.00 27913.30
12.30 -42.66 -50.51 -89.89 809.96 76.82 31.53 0.00
0.00 30123.20

STID = KMDW STNM = 725340 TIME = 200810/1000 
SLAT = 41.78 SLON = -87.75 SELV = 183.0
STIM = 15

SHOW = -5.05 LIFT = -4.70 SWET = 306.88 KINX = 39.18
LCLP = 976.68 PWAT = 52.16 TOTL = 51.53 CAPE = 1375.79
LCLT = 295.15 CINS = -34.97 EQLV = 207.35 LFCT = 830.28
BRCH = 411.56

PRES TMPC TMWC DWPC THTE DRCT SKNT OMEG
CFRL HGHT
992.30 23.34 22.61 22.26 347.58 147.53 2.53 0.00
0.00 192.71
989.40 23.14 22.41 22.06 347.16 162.90 5.28 0.00
0.00 218.37
983.90 22.74 22.18 21.89 347.00 169.70 6.51 0.10
0.00 267.18
974.40 22.14 21.80 21.60 346.85 188.47 9.23 0.10
5.00 351.98
960.50 21.84 21.41 21.18 347.39 206.57 12.16 0.10
19.00 477.36
942.70 21.54 21.13 20.90 349.03 225.56 14.14 0.10
13.00 640.42
921.30 20.84 20.69 20.56 350.65 243.13 16.34 0.00
12.00 840.25
898.00 20.34 20.22 20.11 352.59 251.20 19.29 -0.20
91.00 1062.71
872.70 19.44 19.30 19.18 352.97 260.72 20.47 -0.40
100.00 1310.27
844.70 17.44 17.32 17.21 349.51 272.20 15.17 -0.50
100.00 1591.21
813.80 14.74 14.63 14.52 344.29 260.71 10.82 -0.40
100.00 1909.35
779.70 12.94 11.40 10.47 338.57 232.37 11.77 -0.30
67.00 2271.45
743.00 12.54 8.80 6.25 336.24 218.81 11.46 -0.20
43.00 2677.16
703.30 9.24 6.85 5.14 337.08 208.22 9.03 0.00
37.00 3135.92
660.80 5.94 2.44 -0.76 331.82 184.16 10.70 0.30
37.00 3650.22
615.50 1.84 -1.73 -5.82 329.14 191.31 13.87 0.40
37.00 4227.78
567.70 -1.96 -3.99 -6.36 332.71 225.00 14.01 0.50
51.00 4875.62
521.30 -5.96 -6.88 -8.04 335.33 261.74 12.16 0.60
90.00 5549.17
479.60 -10.16 -11.56 -13.86 333.90 248.50 13.77 0.50
89.00 6197.44
442.20 -14.16 -16.41 -21.86 332.43 236.89 16.01 0.50
69.00 6818.50
408.60 -18.36 -20.54 -27.65 332.65 234.78 16.16 0.40
88.00 7413.18
378.10 -21.76 -24.78 -45.70 332.62 239.74 21.58 0.20
61.00 7988.10
350.70 -26.06 -28.45 -50.23 333.80 239.49 25.25 0.00
65.00 8536.98
326.00 -30.46 -32.16 -49.41 334.85 233.67 24.59 -0.10
52.00 9060.54
303.70 -34.86 -35.98 -48.78 335.58 228.01 26.13 -0.20
59.00 9559.38
283.60 -38.66 -39.51 -52.06 336.59 231.40 29.58 -0.20
0.00 10033.23
265.50 -41.56 -42.31 -57.61 338.55 238.06 35.26 -0.20
0.00 10483.12
248.70 -43.96 -44.63 -63.51 341.22 237.61 40.25 -0.20
0.00 10923.96
233.50 -46.66 -47.19 -63.98 343.33 233.66 41.96 -0.20
0.00 11344.57
219.60 -49.36 -49.79 -67.41 345.20 230.64 41.96 -0.20
0.00 11749.04
205.70 -52.16 -52.48 -67.88 347.31 231.18 43.38 -0.10
0.00 12174.71
191.70 -54.86 -55.10 -68.39 350.04 237.78 44.08 -0.10
0.00 12627.89
177.70 -57.06 -57.28 -73.70 354.06 242.45 40.31 -0.10
0.00 13110.01
163.80 -59.26 -59.44 -74.24 358.70 236.22 33.90 -0.10
0.00 13622.58
149.80 -62.36 -62.48 -74.84 362.64 229.04 37.04 -0.10
0.00 14177.91
135.90 -63.96 -9999.00 -9999.00 -9999.00 237.51 38.69 -0.10
0.00 14776.49
121.90 -64.96 -9999.00 -9999.00 -9999.00 245.92 29.99 0.00
0.00 15440.61
108.00 -65.36 -9999.00 -9999.00 -9999.00 243.62 26.67 0.00
0.00 16177.70
94.00 -63.66 -9999.00 -9999.00 -9999.00 249.44 21.58 0.00
0.00 17025.60
81.00 -63.46 -9999.00 -9999.00 -9999.00 258.69 8.92 0.00
0.00 17938.77
70.60 -62.56 -9999.00 -9999.00 -9999.00 195.00 11.27 0.10
0.00 18784.05
62.20 -59.46 -9999.00 -9999.00 -9999.00 195.59 8.66 0.10
0.00 19570.65
54.30 -57.46 -9999.00 -9999.00 -9999.00 49.84 8.14 0.00
0.00 20424.25
46.90 -56.76 -9999.00 -9999.00 -9999.00 60.49 11.83 0.00
0.00 21350.73
40.10 -53.06 -9999.00 -9999.00 -9999.00 85.65 17.93 0.00
0.00 22351.38
33.80 -52.06 -9999.00 -9999.00 -9999.00 92.66 16.72 0.00
0.00 23454.98
27.80 -51.36 -9999.00 -9999.00 -9999.00 78.00 15.89 0.00
0.00 24721.70
22.30 -49.96 -9999.00 -9999.00 -9999.00 66.23 17.83 0.00
0.00 26157.39
17.10 -46.36 -9999.00 -9999.00 -9999.00 67.69 24.57 0.00
0.00 27905.97
12.30 -43.56 -50.99 -89.89 806.80 79.14 28.88 0.00
0.00 30106.71

STID = KMDW STNM = 725340 TIME = 200810/1100 
SLAT = 41.78 SLON = -87.75 SELV = 183.0
STIM = 16

SHOW = -4.85 LIFT = -5.50 SWET = 292.52 KINX = 38.33
LCLP = 981.95 PWAT = 50.67 TOTL = 51.52 CAPE = 1592.10
LCLT = 295.30 CINS = -27.34 EQLV = 199.41 LFCT = 844.05
BRCH = 84.41

PRES TMPC TMWC DWPC THTE DRCT SKNT OMEG
CFRL HGHT
992.40 23.04 22.57 22.32 347.39 156.25 5.30 0.00
0.00 192.70
989.40 22.84 22.44 22.22 347.30 155.32 7.91 0.00
0.00 219.22
983.90 22.44 22.23 22.08 347.23 156.64 9.30 0.10
0.00 267.98
974.50 22.04 21.90 21.78 347.27 169.38 12.65 0.20
13.00 351.84
960.50 21.74 21.63 21.52 348.33 185.40 14.43 0.30
35.00 478.09
942.70 21.64 21.46 21.33 350.51 212.31 15.64 0.40
46.00 641.19
921.30 21.34 21.20 21.08 352.94 235.76 16.92 0.40
100.00 841.28
898.00 20.54 20.44 20.34 353.57 250.95 17.27 0.50
100.00 1064.07
872.80 19.04 18.93 18.83 351.37 264.14 15.23 0.70
100.00 1310.54
844.60 17.04 16.91 16.79 347.84 276.46 10.35 0.90
100.00 1593.03
813.60 14.04 13.97 13.88 341.87 259.29 7.32 1.10
100.00 1911.57
779.60 13.54 10.90 9.26 336.90 245.66 8.95 1.00
59.00 2272.47
743.00 12.84 8.78 5.98 336.14 244.09 7.56 1.00
31.00 2677.62
703.30 9.34 6.68 4.75 336.56 235.84 6.57 0.90
31.00 3136.65
660.80 6.14 2.73 -0.31 332.63 225.00 10.16 0.70
10.00 3651.22
615.40 2.34 -0.25 -2.83 332.96 249.65 12.84 0.30
12.00 4231.05
567.60 -1.76 -3.96 -6.52 332.82 278.02 13.93 -0.10
0.00 4880.02
521.20 -6.26 -8.42 -11.63 331.79 293.96 13.38 -0.30
0.00 5553.35
479.50 -10.66 -14.15 -22.81 328.44 276.43 13.87 -0.30
19.00 6200.29
442.20 -14.86 -17.84 -27.02 329.61 246.57 12.70 -0.20
0.00 6817.95
408.60 -18.56 -21.89 -39.33 330.00 242.30 17.56 -0.10
0.00 7411.37
378.10 -22.16 -9999.00 -9999.00 -9999.00 245.19 25.47 -0.10
0.00 7985.47
350.70 -26.86 -29.24 -58.63 332.43 244.52 27.54 0.00
0.00 8532.99
326.00 -31.16 -32.83 -52.58 333.72 235.08 25.12 0.00
0.00 9054.93
303.70 -34.96 -36.24 -55.27 335.11 232.05 26.85 0.10
0.00 9552.92
283.60 -38.56 -39.53 -57.08 336.53 236.89 32.01 0.00
0.00 10026.75
265.60 -41.46 -42.26 -60.81 338.57 239.09 36.67 0.00
0.00 10474.26
248.70 -44.16 -44.82 -63.51 340.92 235.77 39.70 0.10
0.00 10917.54
233.50 -46.96 -47.47 -63.98 342.88 231.14 42.40 0.10
0.00 11337.68
219.60 -49.76 -50.14 -64.44 344.63 229.65 44.09 0.20
0.00 11741.53
205.70 -52.56 -52.87 -67.88 346.68 232.50 46.27 0.30
0.00 12166.43
191.70 -55.16 -55.39 -68.39 349.56 237.29 47.09 0.30
0.00 12618.88
177.70 -57.16 -57.38 -73.70 353.89 240.22 43.41 0.30
0.00 13100.56
163.80 -59.06 -59.24 -74.24 359.04 235.01 37.94 0.20
0.00 13613.26
149.80 -61.56 -61.70 -74.84 364.02 228.96 41.72 0.20
0.00 14169.89
135.90 -63.26 -9999.00 -9999.00 -9999.00 238.66 40.71 0.10
0.00 14770.61
121.90 -63.96 -9999.00 -9999.00 -9999.00 247.93 31.02 0.00
0.00 15437.44
108.00 -65.06 -65.18 -76.97 393.08 240.95 25.99 0.00
0.00 16176.83
94.00 -63.46 -9999.00 -9999.00 -9999.00 255.17 20.49 0.00
0.00 17025.75
81.00 -62.86 -9999.00 -9999.00 -9999.00 238.13 8.47 0.00
0.00 17940.66
70.60 -60.86 -9999.00 -9999.00 -9999.00 215.66 10.99 0.00
0.00 18790.56
62.20 -59.16 -9999.00 -9999.00 -9999.00 279.46 2.37 0.00
0.00 19580.88
54.30 -59.06 -9999.00 -9999.00 -9999.00 50.79 9.52 0.00
0.00 20431.89
46.90 -55.56 -9999.00 -9999.00 -9999.00 59.68 11.93 0.00
0.00 21357.51
40.10 -53.76 -9999.00 -9999.00 -9999.00 89.36 17.29 0.00
0.00 22359.31
33.80 -52.36 -9999.00 -9999.00 -9999.00 110.47 15.56 0.00
0.00 23460.41
27.80 -50.96 -9999.00 -9999.00 -9999.00 85.29 16.57 0.00
0.00 24727.41
22.30 -48.66 -9999.00 -9999.00 -9999.00 63.19 20.67 0.00
0.00 26168.59
17.10 -46.26 -9999.00 -9999.00 -9999.00 63.83 25.10 0.00
0.00 27922.61
12.30 -43.96 -9999.00 -9999.00 -9999.00 71.82 28.01 0.00
0.00 30121.90

STID = KMDW STNM = 725340 TIME = 200810/1200 
SLAT = 41.78 SLON = -87.75 SELV = 183.0
STIM = 17

SHOW = -3.58 LIFT = -5.71 SWET = 246.94 KINX = 35.48
LCLP = 978.28 PWAT = 46.59 TOTL = 50.11 CAPE = 1695.57
LCLT = 295.37 CINS = -27.15 EQLV = 197.54 LFCT = 859.46
BRCH = 54.28

PRES TMPC TMWC DWPC THTE DRCT SKNT OMEG
CFRL HGHT
991.30 23.34 22.74 22.44 348.31 175.76 5.26 0.00
0.00 192.73
988.40 23.14 22.59 22.31 348.11 177.40 8.55 0.00
0.00 218.41
982.80 22.74 22.38 22.17 348.05 177.84 10.30 0.00
0.00 268.17
973.40 22.34 22.08 21.91 348.23 183.09 14.39 -0.10
0.00 352.21
959.50 21.84 21.68 21.55 348.71 192.53 16.12 -0.10
42.00 477.79
941.60 21.94 21.69 21.53 351.72 219.16 17.54 -0.20
32.00 642.12
920.30 21.94 21.40 21.13 354.03 242.47 15.56 -0.20
42.00 841.82
897.00 20.84 20.08 19.71 352.13 256.17 13.00 0.00
49.00 1065.15
871.80 18.84 18.13 17.77 348.17 257.83 10.14 0.10
65.00 1311.83
843.70 16.54 15.93 15.58 344.13 253.30 8.12 0.10
48.00 1593.11
812.80 15.24 13.10 11.87 338.88 251.20 9.63 0.00
34.00 1911.09
779.00 15.24 10.47 7.33 335.51 268.81 9.32 -0.10
0.00 2271.71
742.30 13.14 8.64 5.50 335.82 285.71 6.45 -0.20
0.00 2679.55
702.70 9.64 6.17 3.54 335.10 289.86 7.44 -0.20
0.00 3138.20
660.30 6.14 2.55 -0.72 332.20 292.96 12.45 -0.10
0.00 3652.13
615.00 2.24 -1.10 -4.70 330.84 304.65 16.06 0.10
0.00 4230.84
567.20 -2.26 -5.52 -10.00 329.15 316.82 17.31 0.30
0.00 4879.22
521.00 -6.26 -10.92 -21.44 326.28 298.78 15.73 0.50
0.00 5548.85
479.40 -10.76 -15.19 -29.59 326.30 270.00 14.57 0.50
0.00 6193.86
442.10 -14.76 -18.42 -32.26 328.46 246.41 18.43 0.50
0.00 6811.47
408.50 -18.16 -22.03 -51.66 329.66 247.73 22.05 0.50
0.00 7405.50
378.10 -22.56 -9999.00 -9999.00 -9999.00 247.29 27.16 0.50
0.00 7977.75
350.70 -27.16 -29.48 -58.63 332.02 242.69 26.67 0.40
0.00 8524.49
326.00 -31.16 -32.85 -53.57 333.68 232.96 25.80 0.40
0.00 9046.11
303.70 -34.86 -36.13 -54.16 335.30 232.77 30.50 0.20
0.00 9544.21
283.60 -38.16 -39.20 -58.54 337.06 236.04 34.42 0.10
0.00 10018.54
265.50 -41.06 -41.90 -60.81 339.19 233.91 37.26 0.10
0.00 10469.39
248.70 -43.86 -44.52 -61.32 341.42 229.28 40.50 0.00
0.00 10910.80
233.50 -46.76 -47.28 -63.98 343.18 228.32 42.66 0.00
0.00 11331.41
219.60 -49.66 -50.05 -64.44 344.78 231.03 44.48 -0.10
0.00 11735.52
205.70 -52.46 -52.77 -67.88 346.83 234.18 46.46 -0.10
0.00 12160.61
191.70 -54.76 -55.01 -68.39 350.20 236.99 45.63 -0.10
0.00 12613.59
177.70 -56.66 -56.89 -73.70 354.71 240.29 41.16 -0.10
0.00 13096.26
163.80 -58.86 -59.05 -74.24 359.37 236.73 36.48 -0.20
0.00 13609.79
149.80 -61.56 -61.70 -74.84 364.02 227.18 39.72 -0.10
0.00 14166.69
135.90 -64.06 -64.17 -75.48 369.87 236.77 40.40 -0.10
0.00 14766.27
121.90 -64.46 -9999.00 -9999.00 -9999.00 248.20 33.47 -0.10
0.00 15431.03
108.00 -65.26 -65.38 -76.97 392.70 235.91 23.21 -0.10
0.00 16169.18
94.00 -64.06 -9999.00 -9999.00 -9999.00 250.89 20.77 0.00
0.00 17016.48
81.00 -62.16 -9999.00 -9999.00 -9999.00 231.84 10.37 0.00
0.00 17931.60
70.60 -60.76 -9999.00 -9999.00 -9999.00 244.59 8.61 0.00
0.00 18783.12
62.20 -60.76 -9999.00 -9999.00 -9999.00 7.43 4.51 0.00
0.00 19570.65
54.30 -59.36 -9999.00 -9999.00 -9999.00 65.85 6.18 0.00
0.00 20417.89
46.90 -55.66 -9999.00 -9999.00 -9999.00 74.88 14.90 0.00
0.00 21342.65
40.10 -54.56 -9999.00 -9999.00 -9999.00 97.50 14.90 0.00
0.00 22342.39
33.80 -52.16 -9999.00 -9999.00 -9999.00 110.56 14.94 0.00
0.00 23441.98
27.80 -50.36 -9999.00 -9999.00 -9999.00 87.66 19.06 0.00
0.00 24711.27
22.30 -48.16 -9999.00 -9999.00 -9999.00 69.23 24.11 0.00
0.00 26156.00
17.10 -45.76 -9999.00 -9999.00 -9999.00 69.49 28.83 0.00
0.00 27913.90
12.30 -44.76 -9999.00 -9999.00 -9999.00 70.95 28.57 0.00
0.00 30111.75

STID = KMDW STNM = 725340 TIME = 200810/1300 
SLAT = 41.78 SLON = -87.75 SELV = 183.0
STIM = 18

SHOW = -3.88 LIFT = -6.22 SWET = 255.16 KINX = 33.09
LCLP = 973.02 PWAT = 44.24 TOTL = 50.65 CAPE = 1948.05
LCLT = 295.79 CINS = -17.31 EQLV = 190.92 LFCT = 868.98
BRCH = 58.44

PRES TMPC TMWC DWPC THTE DRCT SKNT OMEG
CFRL HGHT
991.60 24.24 23.35 22.95 351.04 180.00 4.27 0.00
0.00 191.87
988.50 23.94 23.11 22.73 350.44 180.00 6.22 0.00
0.00 219.41
983.00 23.44 22.84 22.55 350.12 181.51 7.38 0.00
0.00 268.40
973.60 22.84 22.44 22.22 349.81 188.97 11.21 0.10
0.00 352.62
959.70 21.94 21.84 21.73 349.37 193.39 12.59 0.20
100.00 478.32
941.80 21.94 21.78 21.65 352.08 216.87 12.63 0.30
100.00 642.65
920.40 21.84 21.32 21.06 353.66 244.86 10.51 0.40
29.00 843.23
897.10 20.54 20.08 19.83 352.11 254.74 8.86 0.50
25.00 1066.39
871.90 18.74 18.16 17.85 348.26 251.57 6.14 0.50
16.00 1312.88
843.80 16.44 15.92 15.62 344.09 247.83 5.67 0.50
22.00 1594.05
812.80 15.64 13.15 11.73 339.06 262.03 9.81 0.50
7.00 1913.20
779.00 15.44 10.41 7.07 335.30 285.95 9.91 0.40
0.00 2274.16
742.30 13.44 8.34 4.66 334.85 305.84 8.62 0.40
0.00 2682.29
702.70 10.14 5.34 1.36 332.59 311.78 12.24 0.40
0.00 3141.38
660.30 6.34 1.93 -2.37 330.49 310.73 18.45 0.40
0.00 3655.70
615.00 2.44 -2.63 -9.30 326.95 313.24 22.40 0.30
0.00 4234.48
567.30 -2.16 -7.58 -18.01 324.35 312.98 23.37 0.20
0.00 4881.25
521.10 -6.66 -11.96 -26.84 324.04 297.62 18.86 0.00
0.00 5549.97
479.40 -10.96 -15.28 -29.14 326.15 261.50 17.09 0.00
0.00 6195.64
442.10 -14.86 -18.88 -37.10 327.53 251.90 21.25 0.10
0.00 6812.86
408.60 -18.36 -22.23 -55.60 329.25 252.59 24.03 0.10
0.00 7404.66
378.10 -22.96 -26.00 -63.41 330.43 246.80 26.63 0.10
0.00 7978.03
350.70 -27.26 -29.52 -55.35 331.97 237.80 24.79 0.10
0.00 8524.24
326.00 -31.16 -32.83 -52.58 333.72 226.17 26.92 0.00
0.00 9045.75
303.70 -35.06 -36.29 -53.18 335.06 231.28 31.37 -0.20
0.00 9543.65
283.60 -38.36 -39.37 -58.54 336.77 233.20 32.75 -0.30
0.00 10017.58
265.60 -41.26 -42.08 -60.81 338.86 231.83 35.82 -0.30
0.00 10465.47
248.70 -44.16 -44.79 -61.32 340.97 230.01 39.30 -0.30
0.00 10908.94
233.50 -47.06 -47.56 -63.98 342.73 231.05 41.71 -0.30
0.00 11328.99
219.60 -50.06 -50.43 -64.44 344.16 233.38 44.29 -0.20
0.00 11732.48
205.70 -52.86 -53.15 -67.88 346.21 234.93 46.99 -0.20
0.00 12156.81
191.70 -55.06 -55.30 -68.39 349.72 237.71 46.19 -0.10
0.00 12609.06
177.70 -56.86 -57.08 -73.70 354.38 240.29 42.72 -0.10
0.00 13091.18
163.80 -59.26 -59.44 -74.24 358.70 240.33 38.46 -0.10
0.00 13603.99
149.80 -62.16 -62.29 -74.84 362.99 225.82 38.46 0.00
0.00 14159.58
135.90 -64.76 -64.85 -75.48 368.63 233.86 42.81 0.00
0.00 14757.31
121.90 -64.66 -9999.00 -9999.00 -9999.00 247.29 38.75 0.00
0.00 15420.64
108.00 -64.36 -9999.00 -9999.00 -9999.00 237.09 23.60 0.00
0.00 16160.03
94.00 -63.46 -9999.00 -9999.00 -9999.00 246.43 19.93 0.00
0.00 17010.37
81.00 -61.36 -9999.00 -9999.00 -9999.00 213.27 7.44 0.00
0.00 17928.55
70.60 -61.76 -9999.00 -9999.00 -9999.00 264.81 4.29 0.00
0.00 18779.66
62.20 -60.36 -9999.00 -9999.00 -9999.00 330.95 2.00 0.10
0.00 19566.08
54.30 -56.36 -9999.00 -9999.00 -9999.00 55.84 6.57 0.00
0.00 20420.08
46.90 -56.66 -9999.00 -9999.00 -9999.00 79.58 17.19 0.00
0.00 21349.13
40.10 -54.86 -9999.00 -9999.00 -9999.00 115.30 11.81 0.00
0.00 22345.88
33.80 -52.76 -9999.00 -9999.00 -9999.00 98.53 11.79 0.00
0.00 23443.23
27.80 -51.36 -9999.00 -9999.00 -9999.00 90.00 18.45 0.00
0.00 24707.94
22.30 -48.76 -9999.00 -9999.00 -9999.00 85.79 26.50 0.00
0.00 26147.51
17.10 -45.66 -9999.00 -9999.00 -9999.00 82.79 30.94 0.00
0.00 27903.47
12.30 -43.26 -50.83 -89.89 807.85 62.35 32.23 0.00
0.00 30109.03

STID = KMDW STNM = 725340 TIME = 200810/1400 
SLAT = 41.78 SLON = -87.75 SELV = 183.0
STIM = 19

SHOW = -4.34 LIFT = -7.20 SWET = 275.15 KINX = 32.08
LCLP = 965.52 PWAT = 42.34 TOTL = 51.89 CAPE = 2368.33
LCLT = 296.29 CINS = -6.65 EQLV = 184.15 LFCT = 886.83
BRCH = 65.78

PRES TMPC TMWC DWPC THTE DRCT SKNT OMEG
CFRL HGHT
992.00 25.44 24.13 23.59 354.65 189.46 4.72 0.00
0.00 192.80
989.00 25.04 23.82 23.31 353.67 187.13 6.25 -0.10
0.00 219.55
983.50 24.54 23.53 23.10 353.24 187.91 7.05 -0.10
0.00 268.72
974.10 23.74 23.07 22.76 352.63 189.04 8.66 -0.20
0.00 353.21
960.10 22.54 22.42 22.30 351.91 192.65 9.75 -0.20
25.00 480.12
942.20 21.84 21.68 21.55 351.56 198.43 10.45 -0.20
53.00 644.55
920.90 21.74 21.24 20.99 353.22 221.01 5.92 -0.10
21.00 844.01
897.60 20.44 20.05 19.83 351.90 223.03 3.98 -0.10
23.00 1066.96
872.30 18.64 18.14 17.86 348.09 190.62 3.17 0.00
21.00 1314.22
844.20 16.74 15.80 15.30 343.57 225.00 4.12 0.10
16.00 1595.33
813.10 16.64 12.79 10.52 337.72 270.00 9.52 0.00
3.00 1915.98
779.30 16.04 10.22 6.24 334.59 291.60 10.02 0.00
0.00 2277.67
742.60 13.74 8.01 3.72 333.74 301.16 9.75 0.00
0.00 2686.17
703.00 10.44 4.95 0.17 331.37 309.91 13.93 0.10
0.00 3145.42
660.50 6.74 1.23 -4.66 328.54 314.61 20.18 0.20
0.00 3661.20
615.20 2.64 -3.88 -14.42 323.83 316.81 26.11 0.20
0.00 4240.11
567.50 -2.66 -8.28 -20.19 322.79 316.68 28.03 0.20
0.00 4886.05
521.20 -7.56 -12.77 -29.02 322.40 304.66 22.20 0.20
0.00 5554.20
479.60 -11.36 -16.05 -34.74 324.55 269.42 19.23 0.20
0.00 6196.46
442.30 -14.96 -19.29 -44.26 326.65 253.53 23.29 0.20
0.00 6812.73
408.70 -18.46 -22.29 -54.09 329.14 251.44 27.47 0.30
0.00 7405.82
378.20 -23.16 -26.08 -54.73 330.31 247.97 27.45 0.30
0.00 7978.71
350.70 -27.36 -29.54 -51.96 331.96 236.54 26.77 0.20
0.00 8526.52
326.00 -31.26 -32.85 -50.11 333.70 228.04 31.08 0.00
0.00 9047.83
303.70 -35.26 -36.46 -53.18 334.77 233.33 33.18 -0.20
0.00 9545.41
283.60 -38.36 -39.40 -60.30 336.73 236.31 35.02 -0.30
0.00 10019.15
265.60 -41.36 -42.17 -60.81 338.72 236.39 38.25 -0.30
0.00 10466.94
248.70 -44.36 -44.98 -61.32 340.67 233.95 40.60 -0.30
0.00 10910.12
233.50 -47.46 -47.94 -63.98 342.12 233.18 42.46 -0.30
0.00 11329.62
219.60 -50.36 -50.71 -64.44 343.70 234.24 46.19 -0.30
0.00 11732.48
205.70 -53.26 -53.54 -67.88 345.58 235.55 48.76 -0.20
0.00 12156.13
191.70 -55.26 -55.49 -68.39 349.40 236.83 47.57 -0.10
0.00 12607.77
177.70 -56.96 -57.18 -73.70 354.22 238.78 44.97 -0.10
0.00 13089.55
163.80 -59.26 -59.44 -74.24 358.70 236.84 40.83 0.00
0.00 13602.25
149.80 -62.16 -62.29 -74.84 362.99 224.81 40.79 0.00
0.00 14157.84
135.90 -64.46 -64.56 -75.48 369.16 233.42 45.96 0.10
0.00 14755.99
121.90 -64.06 -9999.00 -9999.00 -9999.00 247.06 39.86 0.10
0.00 15420.75
108.00 -63.16 -9999.00 -9999.00 -9999.00 239.30 21.68 0.10
0.00 16163.34
94.00 -63.26 -63.44 -77.86 412.52 239.88 18.18 0.00
0.00 17016.52
81.00 -61.06 -9999.00 -9999.00 -9999.00 198.78 10.26 0.00
0.00 17935.79
70.60 -61.36 -9999.00 -9999.00 -9999.00 252.26 5.09 0.00
0.00 18788.31
62.20 -59.06 -9999.00 -9999.00 -9999.00 12.99 2.58 0.00
0.00 19577.88
54.30 -57.26 -9999.00 -9999.00 -9999.00 60.83 9.56 0.00
0.00 20432.67
46.90 -56.36 -9999.00 -9999.00 -9999.00 93.95 11.29 0.00
0.00 21360.44
40.10 -54.86 -9999.00 -9999.00 -9999.00 107.88 12.65 0.00
0.00 22357.88
33.80 -53.36 -9999.00 -9999.00 -9999.00 82.01 11.19 0.00
0.00 23453.73
27.80 -50.06 -9999.00 -9999.00 -9999.00 92.20 15.17 0.00
0.00 24720.44
22.30 -47.46 -9999.00 -9999.00 -9999.00 88.21 24.88 0.00
0.00 26168.40
17.10 -45.76 -9999.00 -9999.00 -9999.00 78.22 27.58 0.00
0.00 27929.02
12.30 -42.46 -50.41 -89.89 810.66 60.86 36.69 0.00
0.00 30137.96

STID = KMDW STNM = 725340 TIME = 200810/1500 
SLAT = 41.78 SLON = -87.75 SELV = 183.0
STIM = 20

SHOW = -4.67 LIFT = -8.00 SWET = 297.85 KINX = 30.47
LCLP = 960.31 PWAT = 40.98 TOTL = 52.90 CAPE = 2747.52
LCLT = 296.52 CINS = 0.00 EQLV = 181.27 LFCT = 948.65
BRCH = 81.29

PRES TMPC TMWC DWPC THTE DRCT SKNT OMEG
CFRL HGHT
992.10 26.14 24.54 23.91 356.63 202.93 5.48 0.00
0.00 192.82
989.10 25.74 24.19 23.57 355.43 201.80 7.32 0.00
0.00 219.63
983.60 25.24 23.90 23.35 354.95 200.56 8.29 -0.10
0.00 268.93
974.20 24.34 23.44 23.05 354.35 199.57 9.29 -0.10
0.00 353.61
960.30 23.04 22.86 22.72 353.92 200.96 9.77 -0.10
0.00 479.86
942.30 22.04 21.92 21.81 352.64 200.81 10.39 -0.10
100.00 645.41
921.00 21.34 21.17 21.04 352.86 211.70 7.77 0.00
43.00 844.80
897.60 20.24 20.01 19.86 351.74 216.16 6.25 0.10
31.00 1068.48
872.40 18.44 18.27 18.14 348.63 205.71 5.83 0.20
42.00 1314.60
844.20 17.24 15.63 14.79 342.91 228.37 7.01 0.30
24.00 1596.82
813.20 17.84 12.20 8.67 335.63 272.12 10.49 0.30
0.00 1917.21
779.40 16.94 9.83 4.70 333.25 291.60 10.02 0.30
0.00 2279.96
742.70 14.14 7.70 2.68 332.73 298.86 10.86 0.30
0.00 2689.16
703.10 10.84 4.49 -1.38 329.99 308.32 15.35 0.30
0.00 3148.85
660.70 7.24 0.24 -8.47 325.83 310.14 21.10 0.30
0.00 3663.87
615.40 2.64 -3.88 -14.42 323.80 312.71 24.05 0.20
0.00 4242.93
567.60 -2.86 -8.35 -19.94 322.63 314.71 27.60 0.00
0.00 4889.83
521.30 -8.26 -12.97 -26.70 322.09 309.09 24.03 0.00
0.00 5556.77
479.60 -11.66 -16.46 -38.09 323.74 275.89 18.94 -0.10
0.00 6199.30
442.30 -14.86 -19.30 -47.42 326.58 261.36 24.55 0.00
0.00 6815.30
408.70 -18.86 -22.49 -48.90 328.83 253.38 27.16 0.10
0.00 7408.05
378.20 -23.66 -26.35 -48.81 329.89 251.32 28.50 0.10
0.00 7979.94
350.80 -27.76 -29.87 -51.96 331.39 243.09 28.75 -0.10
0.00 8524.69
326.00 -31.76 -33.30 -50.86 332.97 234.18 31.86 -0.20
0.00 9047.07
303.70 -35.46 -36.68 -55.27 334.41 236.31 33.62 -0.30
0.00 9543.93
283.60 -38.76 -39.76 -60.30 336.16 239.04 35.12 -0.20
0.00 10017.05
265.60 -41.96 -42.72 -60.81 337.84 237.48 36.85 -0.20
0.00 10463.89
248.70 -44.86 -45.44 -61.32 339.93 232.05 39.16 -0.10
0.00 10906.01
233.50 -47.86 -48.32 -63.98 341.51 230.29 43.18 -0.10
0.00 11324.68
219.60 -50.66 -51.00 -64.44 343.24 231.34 47.26 0.00
0.00 11726.91
205.70 -53.26 -53.54 -67.88 345.58 232.63 48.64 0.10
0.00 12150.28
191.70 -54.96 -55.22 -73.19 349.83 234.57 47.92 0.10
0.00 12602.22
177.70 -56.56 -56.79 -73.70 354.88 236.44 46.39 0.10
0.00 13084.78
163.80 -58.66 -58.85 -74.24 359.71 232.40 42.66 0.20
0.00 13598.67
149.80 -61.36 -61.50 -74.84 364.36 226.99 43.57 0.10
0.00 14156.09
135.90 -62.86 -62.99 -75.48 371.99 238.80 48.37 0.10
0.00 14757.66
121.90 -62.56 -9999.00 -9999.00 -9999.00 252.28 39.57 0.00
0.00 15427.36
108.00 -62.36 -62.54 -76.97 398.18 243.43 19.99 0.00
0.00 16174.02
94.00 -63.86 -64.03 -77.86 411.34 238.72 17.95 -0.10
0.00 17027.61
81.00 -62.26 -9999.00 -9999.00 -9999.00 215.64 12.67 0.00
0.00 17942.96
70.60 -61.96 -9999.00 -9999.00 -9999.00 250.77 8.84 0.00
0.00 18791.86
62.20 -58.46 -9999.00 -9999.00 -9999.00 97.13 1.57 0.00
0.00 19581.43
54.30 -57.86 -9999.00 -9999.00 -9999.00 102.94 14.74 0.00
0.00 20436.22
46.90 -57.16 -9999.00 -9999.00 -9999.00 120.47 15.33 0.00
0.00 21360.98
40.10 -54.66 -9999.00 -9999.00 -9999.00 112.75 13.05 0.00
0.00 22357.05
33.80 -51.56 -9999.00 -9999.00 -9999.00 82.65 12.14 0.00
0.00 23457.90
27.80 -49.16 -9999.00 -9999.00 -9999.00 80.54 14.18 0.00
0.00 24732.34
22.30 -48.16 -9999.00 -9999.00 -9999.00 83.60 19.15 0.00
0.00 26180.94
17.10 -45.96 -9999.00 -9999.00 -9999.00 68.75 26.26 0.00
0.00 27938.06
12.30 -43.76 -51.10 -89.89 806.09 67.56 38.68 0.00
0.00 30139.77

STID = KMDW STNM = 725340 TIME = 200810/1600 
SLAT = 41.78 SLON = -87.75 SELV = 183.0
STIM = 21

SHOW = -4.70 LIFT = -8.65 SWET = 306.85 KINX = 26.52
LCLP = 955.35 PWAT = 39.72 TOTL = 53.60 CAPE = 3040.73
LCLT = 296.71 CINS = 0.00 EQLV = 177.15 LFCT = 946.43
BRCH = 88.04

PRES TMPC TMWC DWPC THTE DRCT SKNT OMEG
CFRL HGHT
991.70 26.74 24.88 24.18 358.42 184.57 4.88 0.00
0.00 192.85
988.70 26.34 24.50 23.79 357.03 185.19 6.43 0.00
0.00 219.73
983.20 25.74 24.17 23.55 356.35 184.64 7.21 0.00
0.00 269.14
973.70 24.94 23.73 23.23 355.81 186.79 8.22 0.00
0.00 354.93
959.80 23.64 23.13 22.88 355.31 190.30 8.68 -0.10
0.00 481.52
941.90 22.24 22.13 22.02 353.66 193.45 9.19 0.00
100.00 646.47
920.50 21.34 21.16 21.03 352.92 203.96 7.65 0.00
47.00 846.98
897.20 20.04 19.95 19.85 351.53 207.90 7.48 0.10
44.00 1069.73
871.90 18.34 18.21 18.10 348.48 206.57 7.81 0.20
73.00 1316.83
843.80 17.94 15.30 13.92 341.73 229.24 7.44 0.30
21.00 1598.43
812.90 19.24 11.51 6.22 333.24 284.35 8.62 0.30
0.00 1918.87
779.10 17.74 9.48 3.17 332.08 296.57 9.13 0.30
0.00 2282.90
742.40 14.84 7.08 0.49 330.79 302.11 11.69 0.30
0.00 2693.13
702.90 11.64 3.57 -5.02 327.31 302.07 17.19 0.30
0.00 3152.73
660.50 7.64 0.04 -9.92 325.29 300.41 20.73 0.20
0.00 3668.76
615.20 2.74 -3.65 -13.67 324.37 302.91 23.60 0.10
0.00 4248.49
567.50 -2.96 -7.45 -15.34 324.69 301.53 27.12 0.00
0.00 4894.35
521.20 -8.36 -12.69 -24.21 322.70 305.86 24.20 0.10
0.00 5561.35
479.60 -12.36 -16.84 -36.29 323.09 281.52 20.42 0.10
0.00 6201.47
442.20 -15.36 -19.52 -42.75 326.28 266.92 25.29 0.20
0.00 6817.79
408.60 -19.26 -22.75 -47.42 328.41 258.44 26.17 0.20
0.00 7409.66
378.20 -23.96 -26.51 -46.24 329.65 257.99 28.01 0.20
0.00 7978.96
350.70 -27.96 -30.01 -51.06 331.19 254.11 27.66 0.10
0.00 8525.24
326.00 -31.96 -33.56 -54.68 332.53 241.93 29.72 0.10
0.00 9045.15
303.70 -35.76 -36.99 -58.00 333.91 240.04 32.28 0.00
0.00 9541.48
283.60 -39.06 -40.03 -60.30 335.73 240.85 34.69 0.10
0.00 10014.00
265.60 -42.06 -42.81 -60.81 337.69 236.06 37.24 0.10
0.00 10460.45
248.70 -44.96 -45.54 -61.32 339.78 231.18 42.13 0.10
0.00 10902.39
233.50 -48.06 -48.50 -63.98 341.21 230.51 45.80 0.00
0.00 11320.78
219.60 -50.86 -51.19 -64.44 342.93 231.70 48.27 0.00
0.00 11722.65
205.60 -53.26 -53.54 -67.89 345.63 232.13 48.72 0.00
0.00 12148.97
191.70 -54.96 -55.22 -73.19 349.83 233.45 48.60 0.00
0.00 12597.79
177.70 -56.66 -56.89 -73.70 354.71 235.79 47.69 0.00
0.00 13080.25
163.80 -58.76 -58.95 -74.24 359.54 233.79 44.06 0.00
0.00 13593.90
149.80 -61.26 -61.41 -74.84 364.54 229.70 43.55 -0.10
0.00 14151.31
135.90 -62.76 -62.89 -75.48 372.17 239.20 45.90 -0.10
0.00 14753.17
121.90 -63.36 -9999.00 -9999.00 -9999.00 254.79 39.26 -0.10
0.00 15421.75
108.00 -63.26 -9999.00 -9999.00 -9999.00 236.95 19.23 0.00
0.00 16165.40
94.00 -64.56 -64.71 -77.86 409.97 220.41 18.88 0.00
0.00 17015.74
81.00 -62.06 -9999.00 -9999.00 -9999.00 214.61 16.76 0.10
0.00 17930.00
70.60 -59.56 -9999.00 -9999.00 -9999.00 246.95 9.93 0.10
0.00 18784.13
62.20 -56.46 -9999.00 -9999.00 -9999.00 121.76 4.80 0.00
0.00 19581.86
54.30 -57.56 -9999.00 -9999.00 -9999.00 129.43 11.32 0.00
0.00 20441.22
46.90 -56.66 -9999.00 -9999.00 -9999.00 147.09 7.87 0.00
0.00 21367.70
40.10 -55.36 -9999.00 -9999.00 -9999.00 101.82 8.53 0.00
0.00 22363.31
33.80 -52.46 -9999.00 -9999.00 -9999.00 91.08 10.30 0.00
0.00 23460.15
27.80 -49.86 -9999.00 -9999.00 -9999.00 89.27 15.35 0.00
0.00 24730.01
22.30 -48.36 -9999.00 -9999.00 -9999.00 79.27 18.78 0.00
0.00 26175.71
17.10 -46.06 -9999.00 -9999.00 -9999.00 69.66 29.62 0.00
0.00 27931.67
12.30 -43.56 -9999.00 -9999.00 -9999.00 69.38 40.27 0.00
0.00 30133.86
STN YYMMDD/HHMM PMSL PRES SKTC STC1 SNFL WTNS
P01M C01M STC2 LCLD MCLD HCLD
SNRA UWND VWND R01M BFGR T2MS
Q2MS WXTS WXTP WXTZ WXTR USTM
VSTM HLCY SLLH WSYM CDBP VSBK
TD2M
725340 200809/1900 1015.60 994.60 41.54 314.70 -9999.00 0.00
-9999.00 -9999.00 313.40 20.00 0.00 0.00
-9999.00 -0.60 5.60 -9999.00 -9999.00 32.14
15.66 0.00 0.00 0.00 0.00 0.40
-2.10 47.30 -9999.00 999.00 -9999.00 20.00
20.65
725340 200809/2000 1015.10 994.10 40.84 314.00 0.00 100.00
0.00 0.00 313.10 24.00 0.00 0.00
-9999.00 -0.70 5.50 -9999.00 -9999.00 32.24
15.27 0.00 0.00 0.00 0.00 -0.20
-1.20 57.70 -9999.00 999.00 -9999.00 20.00
20.24
725340 200809/2100 1014.90 993.80 38.74 311.90 0.00 100.00
0.00 0.00 311.50 34.00 10.00 0.00
-9999.00 0.60 5.50 -9999.00 -9999.00 32.04
15.40 0.00 0.00 0.00 0.00 -1.20
-0.60 37.70 -9999.00 999.00 -9999.00 20.00
20.37
725340 200809/2200 1013.90 992.90 36.34 309.50 0.00 100.00
0.00 0.00 309.50 43.00 48.00 0.00
-9999.00 0.80 5.20 -9999.00 -9999.00 31.44
16.17 0.00 0.00 0.00 0.00 -0.70
-1.30 16.20 -9999.00 999.00 -9999.00 20.00
21.13
725340 200809/2300 1013.40 992.30 31.74 304.90 0.00 100.00
0.06 0.06 305.80 22.00 100.00 0.00
-9999.00 0.80 5.20 -9999.00 -9999.00 30.14
17.06 0.00 0.00 0.00 1.00 -0.80
-1.10 48.60 -9999.00 60.00 -9999.00 0.00
21.97
725340 200810/0000 1014.10 993.00 27.54 300.70 0.00 100.00
0.29 0.29 301.70 30.00 100.00 0.00
-9999.00 1.00 3.40 -9999.00 -9999.00 28.34
18.38 0.00 0.00 0.00 1.00 -0.30
-1.00 58.60 -9999.00 60.00 -9999.00 0.00
23.17
725340 200810/0100 1014.40 993.30 26.24 299.40 0.00 100.00
0.00 0.00 300.10 2.00 100.00 94.00
-9999.00 -0.10 3.60 -9999.00 -9999.00 27.14
18.60 0.00 0.00 0.00 0.00 -0.10
-0.90 97.50 -9999.00 999.00 -9999.00 20.00
23.37
725340 200810/0200 1014.00 992.90 25.54 298.70 0.00 100.00
0.00 0.00 299.20 0.00 75.00 85.00
-9999.00 0.30 2.90 -9999.00 -9999.00 26.04
18.63 0.00 0.00 0.00 0.00 -0.70
-0.30 90.70 -9999.00 999.00 -9999.00 20.00
23.39
725340 200810/0300 1014.70 993.50 24.94 298.10 0.00 100.00
0.80 0.80 298.60 14.00 100.00 35.00
-9999.00 1.00 2.20 -9999.00 -9999.00 25.14
18.95 0.00 0.00 0.00 1.00 -2.00
0.90 61.90 -9999.00 60.00 872.90 0.00
23.67
725340 200810/0400 1015.00 993.80 24.64 297.80 0.00 100.00
0.45 0.45 298.20 35.00 100.00 0.00
-9999.00 0.70 3.00 -9999.00 -9999.00 24.94
18.78 0.00 0.00 0.00 1.00 -1.70
0.70 62.60 -9999.00 60.00 -9999.00 0.00
23.53
725340 200810/0500 1014.60 993.40 24.34 297.50 0.00 100.00
0.00 0.00 297.80 8.00 100.00 0.00
-9999.00 0.60 2.90 -9999.00 -9999.00 24.54
18.59 0.00 0.00 0.00 0.00 -2.80
3.10 45.20 -9999.00 999.00 -9999.00 20.00
23.36
725340 200810/0600 1014.70 993.50 24.14 297.30 0.00 100.00
0.00 0.00 297.50 19.00 100.00 0.00
-9999.00 0.40 2.00 -9999.00 -9999.00 24.14
18.53 0.00 0.00 0.00 0.00 -3.20
5.90 32.10 -9999.00 999.00 -9999.00 20.00
23.31
725340 200810/0700 1015.30 994.10 24.14 297.30 0.00 100.00
2.72 2.72 297.50 84.00 100.00 0.00
-9999.00 -0.80 2.10 -9999.00 -9999.00 23.94
18.41 0.00 0.00 0.00 1.00 1.60
-0.90 23.90 -9999.00 60.00 -9999.00 0.00
23.22
725340 200810/0800 1014.00 992.70 23.74 296.90 0.00 100.00
0.00 0.00 297.10 7.00 100.00 0.00
-9999.00 1.20 3.50 -9999.00 -9999.00 23.74
18.04 0.00 0.00 0.00 0.00 -0.10
-0.50 15.40 -9999.00 999.00 479.60 20.00
22.87
725340 200810/0900 1014.10 992.80 23.44 296.60 0.00 100.00
0.14 0.14 296.80 100.00 100.00 0.00
-9999.00 1.10 2.80 -9999.00 -9999.00 23.34
17.61 0.00 0.00 0.00 1.00 0.10
-0.90 20.90 -9999.00 60.00 872.30 0.00
22.48
725340 200810/1000 1014.70 993.40 23.24 296.40 0.00 100.00
4.14 4.14 296.60 100.00 90.00 0.00
-9999.00 -0.90 1.70 -9999.00 -9999.00 22.84
17.50 0.00 0.00 0.00 1.00 4.20
-3.80 51.90 -9999.00 60.00 898.00 0.00
22.39
725340 200810/1100 1014.80 993.50 23.14 296.30 0.00 100.00
1.34 1.13 296.40 100.00 19.00 0.00
-9999.00 -1.30 2.90 -9999.00 -9999.00 22.64
17.28 0.00 0.00 0.00 1.00 0.40
-4.20 105.90 -9999.00 60.00 872.80 0.00
22.19
725340 200810/1200 1013.60 992.40 23.64 296.80 0.00 100.00
0.01 0.00 296.70 65.00 0.00 0.00
-9999.00 -0.50 2.90 -9999.00 -9999.00 23.04
17.70 0.00 0.00 0.00 0.00 1.80
-7.20 100.00 -9999.00 999.00 -9999.00 0.01
22.56
725340 200810/1300 1013.80 992.60 24.94 298.10 0.00 100.00
0.00 0.00 297.90 100.00 0.00 0.00
-9999.00 -0.10 2.50 -9999.00 -9999.00 24.04
18.45 0.00 0.00 0.00 0.00 3.90
-9.50 65.80 -9999.00 999.00 -9999.00 0.02
23.23
725340 200810/1400 1014.30 993.10 26.64 299.80 0.00 100.00
0.00 0.00 299.50 53.00 0.00 0.00
-9999.00 -0.50 2.50 -9999.00 -9999.00 25.24
19.42 0.00 0.00 0.00 0.00 4.30
-10.50 41.00 -9999.00 999.00 942.20 0.06
24.06
725340 200810/1500 1014.40 993.20 27.34 300.50 0.00 100.00
0.00 0.00 300.20 100.00 0.00 0.00
-9999.00 0.70 2.60 -9999.00 -9999.00 25.94
19.89 0.00 0.00 0.00 0.00 3.90
-10.00 42.60 -9999.00 999.00 960.30 0.17
24.45
725340 200810/1600 1013.90 992.80 28.54 301.70 0.00 100.00
0.00 0.00 301.30 100.00 0.00 0.00
-9999.00 0.00 2.70 -9999.00 -9999.00 26.74
20.38 0.00 0.00 0.00 0.00 3.90
-9.30 33.10 -9999.00 999.00 941.90 0.15
24.83


