
SNPARM = PRES;TMPC;TMWC;DWPC;THTE;DRCT;SKNT;OMEG;CFRL;HGHT 
STNPRM = SHOW;LIFT;SWET;KINX;LCLP;PWAT;TOTL;CAPE;LCLT;CINS;EQLV;LFCT;BRCH 

STID = KMDW STNM = 725340 TIME = 200808/1600 
SLAT = 41.78 SLON = -87.75 SELV = 183.0
STIM = 0

SHOW = -1.33 LIFT = 1.30 SWET = 204.11 KINX = 32.97
LCLP = 860.08 PWAT = 41.93 TOTL = 48.11 CAPE = 0.00
LCLT = 286.56 CINS = 0.00 EQLV = -9999.00 LFCT = -9999.00
BRCH = 0.00

PRES TMPC TMWC DWPC THTE DRCT SKNT OMEG
CFRL HGHT
997.90 25.84 19.17 15.72 332.66 187.91 7.05 0.00
0.00 191.83
994.90 25.04 18.84 15.59 331.86 184.97 8.97 0.00
0.00 218.32
989.40 24.54 18.60 15.48 331.77 184.48 9.95 -0.10
0.00 267.00
979.90 23.64 18.07 15.08 331.15 185.19 10.72 -0.10
0.00 351.51
966.00 22.34 17.09 14.17 329.63 186.88 11.34 -0.10
0.00 476.16
948.10 20.64 16.08 13.46 328.65 190.95 12.28 -0.20
0.00 638.49
926.80 19.04 15.75 13.89 330.55 210.72 15.60 -0.10
0.00 834.60
903.40 18.24 16.58 15.70 336.99 221.94 18.03 0.00
0.00 1054.55
878.00 16.94 16.21 15.80 339.58 225.00 18.69 0.00
14.00 1299.12
849.70 15.74 14.29 13.47 337.10 225.00 17.31 0.10
22.00 1578.80
818.40 15.24 12.72 11.24 336.65 229.55 15.58 0.00
0.00 1897.99
784.20 13.84 10.60 8.51 335.11 231.98 13.56 0.00
0.00 2259.55
747.10 11.24 8.37 6.37 334.21 243.43 12.59 0.00
0.00 2666.93
707.10 8.54 5.52 3.13 332.43 261.47 11.79 0.00
0.00 3124.88
664.10 5.24 1.58 -2.01 328.94 268.57 7.77 0.00
0.00 3641.00
618.30 1.04 0.06 -0.87 333.27 326.31 4.20 0.10
0.00 4220.81
569.90 -3.06 -4.41 -6.00 331.30 342.82 11.19 0.20
0.00 4872.13
523.10 -7.76 -9.17 -11.30 329.79 330.71 9.13 0.20
0.00 5545.19
481.00 -10.86 -13.51 -19.18 329.47 277.13 7.83 0.20
0.00 6194.14
443.30 -14.06 -18.32 -37.35 328.25 241.28 16.16 0.00
0.00 6817.37
409.50 -18.46 -9999.00 -9999.00 -9999.00 242.77 22.49 -0.10
0.00 7413.80
378.80 -22.86 -25.27 -38.89 331.68 240.71 27.39 -0.10
0.00 7989.81
351.20 -26.66 -28.03 -35.16 334.52 235.89 29.10 -0.10
0.00 8540.01
326.30 -30.26 -30.97 -34.86 336.86 237.91 27.06 -0.10
12.00 9066.91
303.90 -33.56 -34.50 -42.16 337.98 252.45 23.83 -0.10
0.00 9569.25
283.80 -36.16 -37.38 -55.82 339.95 268.24 25.27 0.00
0.00 10046.60
265.60 -39.06 -40.00 -55.27 342.25 272.81 31.70 0.00
0.00 10503.59
248.80 -41.96 -42.70 -56.89 344.34 273.52 37.96 0.00
0.00 10948.57
233.60 -45.26 -45.83 -60.07 345.50 274.06 38.36 -0.10
0.00 11372.14
219.60 -48.46 -48.91 -64.44 346.63 274.27 33.90 -0.10
0.00 11781.52
205.70 -51.76 -52.10 -67.88 347.93 270.00 28.36 -0.10
0.00 12208.43
191.70 -54.96 -55.22 -73.19 349.83 262.16 27.06 -0.10
0.00 12661.92
177.80 -57.56 -57.76 -73.70 353.18 260.67 28.75 0.00
0.00 13139.80
163.80 -59.56 -59.73 -74.24 358.20 269.27 30.50 0.00
0.00 13654.95
149.80 -61.96 -62.09 -74.84 363.33 282.97 32.89 0.00
0.00 14210.41
135.90 -63.86 -63.97 -75.48 370.22 294.73 32.50 0.00
0.00 14809.71
121.90 -64.66 -9999.00 -9999.00 -9999.00 300.53 26.38 0.00
0.00 15474.47
108.00 -64.56 -9999.00 -9999.00 -9999.00 290.71 17.04 0.00
0.00 16213.51
94.00 -64.16 -9999.00 -9999.00 -9999.00 274.83 13.85 0.00
0.00 17062.02
81.00 -61.86 -9999.00 -9999.00 -9999.00 302.01 7.32 0.00
0.00 17977.58
70.60 -61.46 -9999.00 -9999.00 -9999.00 116.57 2.18 0.00
0.00 18828.29
62.20 -59.26 -9999.00 -9999.00 -9999.00 86.99 3.69 0.00
0.00 19617.30
54.30 -57.36 -9999.00 -9999.00 -9999.00 81.12 12.59 0.00
0.00 20471.50
46.90 -56.16 -9999.00 -9999.00 -9999.00 90.00 14.57 0.00
0.00 21399.48
40.10 -54.76 -9999.00 -9999.00 -9999.00 81.97 15.31 0.00
0.00 22397.61
33.80 -53.66 -9999.00 -9999.00 -9999.00 67.17 16.03 0.00
0.00 23492.95
27.80 -51.86 -9999.00 -9999.00 -9999.00 62.13 19.11 0.00
0.00 24753.66
22.30 -49.56 -9999.00 -9999.00 -9999.00 71.42 24.38 0.00
0.00 26189.04
17.10 -46.56 -9999.00 -9999.00 -9999.00 77.15 29.68 0.00
0.00 27938.39
12.30 -42.16 -9999.00 -9999.00 -9999.00 82.44 38.40 0.00
0.00 30144.92

STID = KMDW STNM = 725340 TIME = 200808/1700 
SLAT = 41.78 SLON = -87.75 SELV = 183.0
STIM = 1

SHOW = -1.15 LIFT = 0.02 SWET = 209.80 KINX = 33.88
LCLP = 844.48 PWAT = 43.18 TOTL = 47.63 CAPE = 0.90
LCLT = 286.64 CINS = -282.03 EQLV = 519.48 LFCT = 529.97
BRCH = 0.09

PRES TMPC TMWC DWPC THTE DRCT SKNT OMEG
CFRL HGHT
997.30 27.44 19.88 16.08 335.35 186.34 7.03 0.00
0.00 193.66
994.50 26.54 19.53 15.98 334.47 184.97 8.97 0.00
0.00 218.53
989.00 25.94 19.28 15.88 334.30 184.48 9.95 -0.10
0.00 267.47
979.50 24.94 18.86 15.73 334.09 185.19 10.72 -0.10
0.00 352.42
965.60 23.64 18.30 15.54 334.06 185.91 11.32 -0.20
0.00 477.72
947.70 21.94 17.58 15.30 334.02 188.39 11.99 -0.20
0.00 640.95
926.30 20.04 16.96 15.34 334.92 202.56 13.68 -0.10
0.00 838.99
902.90 18.84 16.95 15.97 338.43 222.32 17.60 0.00
0.00 1059.76
877.50 17.04 16.10 15.58 339.24 227.03 19.39 0.00
35.00 1304.76
849.20 15.94 14.42 13.57 337.65 229.40 19.70 0.00
27.00 1584.74
818.00 15.44 12.89 11.41 337.31 234.90 17.56 0.00
0.00 1903.32
783.80 13.84 10.98 9.19 336.44 238.24 14.39 0.00
1.00 2265.25
746.70 11.14 8.56 6.79 334.87 241.59 13.48 0.00
0.00 2672.85
706.70 8.44 5.96 4.07 333.79 253.11 11.36 0.10
0.00 3130.99
663.80 5.24 1.80 -1.49 329.59 257.13 6.97 0.10
0.00 3646.19
617.90 1.24 0.06 -1.06 333.34 327.99 1.83 0.20
0.00 4227.81
569.60 -2.86 -4.78 -7.15 330.46 350.54 8.28 0.20
0.00 4878.56
522.90 -7.36 -9.45 -12.80 329.20 319.97 6.33 0.20
0.00 5551.10
480.80 -10.46 -13.53 -20.38 329.44 263.80 8.99 0.10
0.00 6201.19
443.20 -14.26 -18.31 -35.07 328.35 245.83 16.61 0.00
0.00 6823.19
409.40 -19.06 -22.45 -43.02 328.79 250.63 18.75 -0.10
0.00 7418.89
378.70 -23.06 -24.88 -33.01 332.46 241.79 24.24 -0.10
0.00 7994.22
351.10 -26.46 -27.19 -30.19 336.05 232.61 30.07 -0.10
0.00 8544.67
326.30 -30.26 -31.14 -36.27 336.56 234.42 27.70 -0.10
6.00 9069.79
303.90 -33.46 -34.77 -48.77 337.49 245.36 23.29 -0.10
0.00 9572.19
283.70 -36.16 -37.40 -57.08 339.94 259.03 25.52 0.00
0.00 10052.08
265.60 -38.96 -39.93 -56.36 342.35 267.37 33.84 -0.10
0.00 10506.73
248.80 -42.26 -43.02 -59.58 343.80 269.45 40.40 -0.10
0.00 10951.51
233.60 -45.56 -46.13 -61.80 345.00 270.00 41.18 -0.10
0.00 11374.53
219.60 -48.66 -49.10 -64.44 346.32 270.00 38.85 -0.10
0.00 11783.45
205.70 -51.96 -52.29 -67.88 347.62 269.31 32.25 -0.10
0.00 12209.98
191.70 -55.06 -55.30 -68.39 349.72 263.66 26.38 0.00
0.00 12663.16
177.80 -57.36 -57.57 -73.70 353.51 262.57 27.04 0.00
0.00 13141.16
163.80 -59.06 -59.24 -74.24 359.04 272.97 29.95 0.00
0.00 13657.15
149.80 -61.46 -61.60 -74.84 364.19 287.40 30.54 0.00
0.00 14213.92
135.90 -63.46 -63.58 -75.48 370.93 298.73 29.91 0.00
0.00 14814.49
121.90 -64.86 -9999.00 -9999.00 -9999.00 302.95 25.00 0.00
0.00 15479.57
108.00 -64.86 -9999.00 -9999.00 -9999.00 288.22 16.16 0.00
0.00 16217.73
94.00 -63.96 -9999.00 -9999.00 -9999.00 270.00 12.43 0.00
0.00 17066.03
81.00 -61.56 -9999.00 -9999.00 -9999.00 304.70 3.07 0.00
0.00 17982.68
70.60 -61.56 -9999.00 -9999.00 -9999.00 122.74 3.22 0.00
0.00 18833.79
62.20 -59.06 -9999.00 -9999.00 -9999.00 60.02 5.83 0.00
0.00 19623.00
54.30 -57.96 -9999.00 -9999.00 -9999.00 78.52 12.68 0.00
0.00 20476.39
46.90 -56.26 -9999.00 -9999.00 -9999.00 85.39 12.08 0.00
0.00 21402.87
40.10 -54.86 -9999.00 -9999.00 -9999.00 74.39 13.71 0.00
0.00 22400.54
33.80 -53.26 -9999.00 -9999.00 -9999.00 66.11 14.88 0.00
0.00 23496.64
27.80 -51.16 -9999.00 -9999.00 -9999.00 65.22 19.46 0.00
0.00 24760.49
22.30 -48.56 -9999.00 -9999.00 -9999.00 74.70 23.56 0.00
0.00 26201.35
17.10 -45.56 -9999.00 -9999.00 -9999.00 85.60 30.40 0.00
0.00 27958.48
12.30 -42.16 -9999.00 -9999.00 -9999.00 87.09 38.33 0.00
0.00 30169.82

STID = KMDW STNM = 725340 TIME = 200808/1800 
SLAT = 41.78 SLON = -87.75 SELV = 183.0
STIM = 2

SHOW = -1.14 LIFT = -1.06 SWET = 213.79 KINX = 34.70
LCLP = 840.33 PWAT = 43.58 TOTL = 47.48 CAPE = 144.17
LCLT = 287.50 CINS = -137.01 EQLV = 344.92 LFCT = 620.84
BRCH = 15.10

PRES TMPC TMWC DWPC THTE DRCT SKNT OMEG
CFRL HGHT
997.00 28.74 20.81 17.03 339.05 187.70 7.25 0.00
0.00 192.82
994.00 27.84 20.48 16.94 338.21 187.43 9.01 0.00
0.00 219.60
988.50 27.14 20.20 16.85 337.94 186.84 9.79 -0.10
0.00 268.80
979.10 26.14 19.79 16.70 337.73 186.23 10.74 -0.20
0.00 353.26
965.10 24.74 19.20 16.47 337.51 187.85 11.36 -0.20
0.00 480.07
947.20 23.14 18.50 16.19 337.52 190.39 11.85 -0.30
0.00 644.09
925.80 21.14 17.65 15.89 337.56 193.60 12.39 -0.30
0.00 843.08
902.50 19.54 16.93 15.60 338.44 220.60 16.12 -0.20
0.00 1063.70
877.10 17.64 15.87 14.93 338.47 229.97 19.02 -0.10
3.00 1309.30
848.90 15.84 14.48 13.71 337.89 234.52 20.75 -0.10
22.00 1588.61
817.60 14.94 12.83 11.59 337.15 239.70 20.03 -0.10
12.00 1908.04
783.50 13.64 11.02 9.39 336.64 243.10 15.03 -0.10
2.00 2268.65
746.40 11.04 8.78 7.26 335.63 245.34 13.03 -0.10
1.00 2676.25
706.40 8.24 6.27 4.81 334.78 252.18 11.42 0.00
4.00 3134.43
663.50 5.44 2.10 -1.03 330.43 251.03 6.57 0.10
0.00 3649.94
617.70 1.54 0.01 -1.45 333.24 315.00 0.54 0.20
0.00 4231.05
569.50 -2.56 -5.25 -8.79 329.36 352.87 6.25 0.20
0.00 4881.21
522.70 -7.26 -9.88 -14.37 328.30 296.57 5.21 0.10
0.00 5555.71
480.70 -10.36 -13.63 -21.13 329.25 257.59 9.95 0.00
0.00 6204.61
443.10 -14.56 -18.29 -32.42 328.46 255.62 15.64 0.00
0.00 6826.51
409.30 -19.46 -22.24 -34.99 329.30 256.64 15.97 0.00
0.00 7421.61
378.70 -23.06 -24.63 -31.06 332.93 244.08 23.12 -0.10
0.00 7994.75
351.10 -26.46 -27.29 -30.80 335.87 234.98 30.13 -0.10
0.00 8545.22
326.20 -30.06 -31.40 -40.89 336.12 233.37 28.32 0.00
0.00 9072.71
303.90 -33.16 -34.66 -54.16 337.63 239.87 25.16 0.00
0.00 9573.43
283.70 -36.06 -37.29 -55.83 340.12 254.74 28.79 0.00
0.00 10053.71
265.60 -39.26 -40.27 -60.81 341.78 264.72 35.90 0.00
0.00 10508.16
248.80 -42.66 -43.46 -66.51 343.07 267.22 40.05 0.00
0.00 10952.27
233.60 -45.76 -46.39 -71.85 344.56 267.35 42.00 -0.10
0.00 11374.72
219.60 -48.76 -49.24 -72.27 346.08 267.07 41.82 0.00
0.00 11783.37
205.70 -51.86 -52.20 -67.88 347.78 268.10 35.18 0.00
0.00 12209.89
191.70 -54.46 -54.74 -73.19 350.64 263.97 27.74 0.00
0.00 12663.79
177.80 -56.46 -56.70 -73.70 354.98 264.91 28.48 0.00
0.00 13143.44
163.80 -58.56 -58.75 -74.24 359.88 276.54 30.69 0.00
0.00 13661.12
149.80 -61.36 -61.50 -74.84 364.36 288.90 29.97 0.00
0.00 14218.67
135.90 -63.76 -63.87 -75.48 370.40 297.46 27.80 0.00
0.00 14818.96
121.90 -65.06 -9999.00 -9999.00 -9999.00 293.40 22.01 0.00
0.00 15483.24
108.00 -64.66 -9999.00 -9999.00 -9999.00 270.73 15.15 0.00
0.00 16221.39
94.00 -63.36 -9999.00 -9999.00 -9999.00 265.84 10.70 0.00
0.00 17071.33
81.00 -61.56 -9999.00 -9999.00 -9999.00 19.98 2.27 0.00
0.00 17989.28
70.60 -62.06 -9999.00 -9999.00 -9999.00 113.96 1.90 0.00
0.00 18839.39
62.20 -59.06 -9999.00 -9999.00 -9999.00 57.26 6.47 0.00
0.00 19627.66
54.30 -58.26 -9999.00 -9999.00 -9999.00 90.00 11.07 0.00
0.00 20480.47
46.90 -56.16 -9999.00 -9999.00 -9999.00 93.07 10.90 0.00
0.00 21406.52
40.10 -55.26 -9999.00 -9999.00 -9999.00 76.17 13.00 0.00
0.00 22403.50
33.80 -53.26 -9999.00 -9999.00 -9999.00 65.97 15.73 0.00
0.00 23498.59
27.80 -51.26 -9999.00 -9999.00 -9999.00 68.39 21.10 0.00
0.00 24762.16
22.30 -48.76 -9999.00 -9999.00 -9999.00 76.79 22.94 0.00
0.00 26202.05
17.10 -45.86 -9999.00 -9999.00 -9999.00 88.42 28.19 0.00
0.00 27957.24
12.30 -42.86 -9999.00 -9999.00 -9999.00 90.00 33.80 0.00
0.00 30163.76

STID = KMDW STNM = 725340 TIME = 200808/1900 
SLAT = 41.78 SLON = -87.75 SELV = 183.0
STIM = 3

SHOW = -1.62 LIFT = -2.32 SWET = 213.10 KINX = 36.27
LCLP = 836.12 PWAT = 43.87 TOTL = 48.42 CAPE = 391.13
LCLT = 288.06 CINS = -58.43 EQLV = 315.41 LFCT = 661.20
BRCH = 37.98

PRES TMPC TMWC DWPC THTE DRCT SKNT OMEG
CFRL HGHT
996.70 29.74 21.48 17.68 341.82 190.18 7.69 0.00
0.00 192.86
993.70 28.84 21.15 17.59 340.96 187.97 9.81 0.00
0.00 219.75
988.20 28.14 20.88 17.50 340.70 187.25 10.76 -0.10
0.00 269.13
978.70 27.14 20.46 17.33 340.45 187.72 11.56 -0.20
0.00 354.84
964.80 25.84 19.91 17.10 340.35 189.16 12.20 -0.20
0.00 481.27
946.90 24.14 19.18 16.80 340.20 191.66 12.49 -0.30
0.00 645.97
925.50 22.24 18.33 16.42 340.18 194.04 12.82 -0.40
0.00 845.79
902.20 20.14 17.32 15.91 339.95 205.84 13.81 -0.30
0.00 1067.16
876.80 18.24 16.17 15.09 339.62 227.73 17.33 -0.10
0.00 1313.38
848.60 16.34 14.63 13.69 338.50 236.62 19.77 0.00
11.00 1593.32
817.30 14.34 12.81 11.91 337.15 240.58 20.96 0.10
17.00 1912.83
783.20 13.64 10.85 9.10 336.13 245.83 16.61 0.10
3.00 2273.21
746.20 11.04 9.04 7.71 336.48 249.65 12.84 0.10
0.00 2679.85
706.20 8.14 6.68 5.63 336.07 253.66 11.73 0.10
8.00 3138.18
663.30 5.54 2.29 -0.70 330.99 247.62 7.15 0.10
0.00 3653.93
617.50 1.74 -0.10 -1.88 332.98 243.43 1.30 0.10
0.00 4235.54
569.30 -2.36 -5.82 -10.78 328.04 343.50 5.48 0.10
0.00 4886.26
522.60 -7.16 -10.48 -16.81 327.00 286.19 6.27 0.00
0.00 5559.68
480.60 -10.86 -14.05 -21.61 328.44 258.11 11.31 -0.10
0.00 6208.13
443.10 -14.86 -18.27 -30.27 328.54 256.72 14.37 -0.10
0.00 6827.50
409.30 -19.66 -22.07 -31.88 329.65 254.16 14.94 0.00
0.00 7422.07
378.60 -23.26 -24.72 -30.65 332.80 246.93 22.80 0.00
0.00 7996.74
351.00 -26.36 -27.77 -34.98 335.02 237.26 29.10 0.10
0.00 8547.20
326.20 -29.46 -31.37 -50.86 336.09 233.66 29.18 0.10
0.00 9073.32
303.80 -32.56 -34.22 -58.00 338.38 242.43 29.80 0.10
0.00 9577.58
283.70 -36.16 -37.49 -65.55 339.76 255.96 31.24 0.10
0.00 10056.05
265.60 -39.46 -40.50 -66.03 341.40 262.18 35.68 0.00
0.00 10510.20
248.80 -42.76 -43.55 -66.51 342.92 263.72 39.08 0.00
0.00 10954.02
233.60 -45.66 -46.28 -66.97 344.76 265.99 41.67 -0.10
0.00 11376.47
219.60 -48.56 -49.03 -67.41 346.43 269.21 42.35 -0.10
0.00 11785.40
205.70 -51.46 -51.81 -67.88 348.41 271.87 35.76 0.00
0.00 12212.50
191.70 -53.66 -53.97 -73.19 351.92 268.05 28.57 0.00
0.00 12667.63
177.80 -55.66 -55.92 -73.70 356.29 268.01 27.99 0.00
0.00 13149.04
163.80 -58.36 -58.56 -74.24 360.21 277.52 28.21 0.00
0.00 13667.92
149.80 -61.46 -61.60 -74.84 364.19 284.55 26.28 0.00
0.00 14225.60
135.90 -63.66 -63.77 -75.48 370.58 289.65 23.10 0.00
0.00 14825.89
121.90 -64.76 -9999.00 -9999.00 -9999.00 283.61 18.98 0.00
0.00 15490.81
108.00 -64.46 -9999.00 -9999.00 -9999.00 265.54 15.00 -0.10
0.00 16229.85
94.00 -63.66 -9999.00 -9999.00 -9999.00 274.40 10.14 0.00
0.00 17079.58
81.00 -62.46 -9999.00 -9999.00 -9999.00 45.00 0.27 0.00
0.00 17994.92
70.60 -62.36 -9999.00 -9999.00 -9999.00 213.69 3.50 0.00
0.00 18842.62
62.20 -58.86 -9999.00 -9999.00 -9999.00 76.76 3.40 0.00
0.00 19630.71
54.30 -58.26 -9999.00 -9999.00 -9999.00 117.18 8.08 0.00
0.00 20483.91
46.90 -56.76 -9999.00 -9999.00 -9999.00 111.57 8.97 0.00
0.00 21408.67
40.10 -56.16 -9999.00 -9999.00 -9999.00 84.81 10.72 0.00
0.00 22402.22
33.80 -53.26 -9999.00 -9999.00 -9999.00 68.96 16.24 0.00
0.00 23495.06
27.80 -49.96 -9999.00 -9999.00 -9999.00 72.86 21.76 0.00
0.00 24762.35
22.30 -47.16 -9999.00 -9999.00 -9999.00 81.59 22.57 0.00
0.00 26211.59
17.10 -44.26 -9999.00 -9999.00 -9999.00 85.91 24.53 0.00
0.00 27979.21
12.30 -41.96 -9999.00 -9999.00 -9999.00 84.40 29.86 0.00
0.00 30197.79

STID = KMDW STNM = 725340 TIME = 200808/2000 
SLAT = 41.78 SLON = -87.75 SELV = 183.0
STIM = 4

SHOW = -2.34 LIFT = -3.38 SWET = 223.75 KINX = 37.43
LCLP = 832.06 PWAT = 43.86 TOTL = 49.62 CAPE = 595.34
LCLT = 288.45 CINS = -26.16 EQLV = 274.83 LFCT = 724.53
BRCH = 48.66

PRES TMPC TMWC DWPC THTE DRCT SKNT OMEG
CFRL HGHT
995.20 30.44 21.93 18.13 343.97 190.78 8.31 0.00
0.00 192.90
992.20 29.54 21.62 18.04 343.11 189.64 10.45 0.00
0.00 219.90
986.70 28.84 21.34 17.94 342.82 189.62 11.62 -0.10
0.00 269.48
977.30 27.84 20.93 17.77 342.56 189.02 12.39 -0.10
0.00 354.63
963.40 26.54 20.38 17.54 342.46 190.30 13.03 -0.20
0.00 481.57
945.50 24.84 19.65 17.22 342.28 192.62 13.34 -0.30
0.00 646.93
924.10 22.94 18.79 16.82 342.22 195.61 13.71 -0.30
0.00 847.57
900.80 20.74 17.78 16.34 341.95 198.95 13.75 -0.30
0.00 1069.82
875.50 18.64 16.55 15.49 341.28 217.61 14.96 -0.10
0.00 1315.91
847.30 16.74 14.87 13.86 339.58 236.66 17.68 0.10
3.00 1596.71
816.20 14.24 13.14 12.50 338.49 240.71 18.26 0.20
27.00 1914.86
782.10 13.34 10.67 8.97 335.70 248.82 16.67 0.30
6.00 2275.52
745.10 11.24 9.36 8.14 337.71 260.10 12.43 0.30
0.00 2682.70
705.20 8.14 6.76 5.77 336.49 262.53 11.95 0.20
12.00 3140.76
662.50 5.64 2.29 -0.80 331.12 255.96 8.00 0.10
0.00 3654.88
616.80 1.74 -0.18 -2.04 332.91 262.41 2.93 0.00
0.00 4235.98
568.70 -2.46 -6.48 -12.74 326.65 336.80 5.92 0.00
0.00 4885.85
522.20 -7.26 -11.62 -21.94 324.63 307.57 6.37 0.00
0.00 5556.53
480.30 -11.26 -14.69 -23.62 327.22 265.16 11.50 0.10
0.00 6203.08
442.80 -15.06 -18.22 -28.73 328.74 255.17 13.66 0.20
0.00 6822.12
409.10 -19.56 -21.66 -29.31 330.47 251.13 16.22 0.20
0.00 7415.21
378.50 -22.86 -24.90 -34.59 332.45 248.11 24.49 0.20
0.00 7988.78
350.90 -25.56 -27.85 -44.45 334.82 240.78 31.84 0.20
0.00 8540.63
326.20 -28.96 -31.10 -59.20 336.49 243.89 33.10 0.10
0.00 9066.02
303.80 -32.66 -34.39 -70.03 338.06 251.68 30.91 0.10
0.00 9570.68
283.70 -36.26 -37.58 -65.55 339.62 258.48 31.12 0.00
0.00 10048.94
265.60 -39.56 -40.59 -66.03 341.26 259.55 35.35 0.00
0.00 10502.90
248.80 -42.96 -43.73 -66.51 342.63 259.75 37.10 -0.10
0.00 10946.43
233.60 -45.86 -46.46 -66.97 344.46 265.33 38.21 -0.10
0.00 11368.52
219.60 -48.46 -48.94 -67.41 346.59 272.23 39.86 -0.10
0.00 11777.35
205.70 -51.36 -51.72 -67.88 348.56 276.09 34.77 -0.10
0.00 12204.64
191.70 -53.56 -53.88 -73.19 352.08 271.22 27.39 0.00
0.00 12659.99
177.80 -55.46 -55.73 -73.70 356.62 264.42 25.95 0.00
0.00 13141.73
163.80 -58.36 -58.56 -74.24 360.21 268.68 25.25 -0.10
0.00 13660.84
149.80 -61.56 -61.70 -74.84 364.02 276.29 23.06 -0.10
0.00 14218.39
135.90 -64.16 -64.26 -75.48 369.69 281.31 20.80 0.00
0.00 14817.83
121.90 -65.16 -9999.00 -9999.00 -9999.00 277.87 18.43 0.00
0.00 15481.32
108.00 -64.96 -9999.00 -9999.00 -9999.00 261.87 16.49 0.00
0.00 16218.76
94.00 -64.16 -9999.00 -9999.00 -9999.00 268.09 11.65 0.00
0.00 17066.46
81.00 -62.86 -9999.00 -9999.00 -9999.00 240.95 4.00 0.00
0.00 17979.84
70.60 -62.16 -9999.00 -9999.00 -9999.00 258.37 6.74 0.00
0.00 18827.13
62.20 -58.76 -9999.00 -9999.00 -9999.00 24.78 2.78 0.00
0.00 19615.78
54.30 -58.86 -9999.00 -9999.00 -9999.00 113.75 5.30 0.00
0.00 20467.99
46.90 -58.16 -9999.00 -9999.00 -9999.00 97.31 7.63 0.00
0.00 21388.46
40.10 -57.36 -9999.00 -9999.00 -9999.00 72.18 11.42 0.00
0.00 22376.05
33.80 -53.66 -9999.00 -9999.00 -9999.00 70.82 18.92 0.00
0.00 23464.89
27.80 -49.36 -9999.00 -9999.00 -9999.00 77.91 22.24 0.00
0.00 24732.75
22.30 -46.56 -9999.00 -9999.00 -9999.00 83.18 22.88 0.00
0.00 26185.87
17.10 -44.56 -9999.00 -9999.00 -9999.00 78.38 21.21 0.00
0.00 27954.65
12.30 -41.66 -9999.00 -9999.00 -9999.00 83.99 25.97 0.00
0.00 30173.23

STID = KMDW STNM = 725340 TIME = 200808/2100 
SLAT = 41.78 SLON = -87.75 SELV = 183.0
STIM = 5

SHOW = -2.52 LIFT = -3.78 SWET = 226.35 KINX = 36.43
LCLP = 830.48 PWAT = 43.38 TOTL = 49.91 CAPE = 765.67
LCLT = 288.72 CINS = -30.45 EQLV = 246.07 LFCT = 719.95
BRCH = 53.12

PRES TMPC TMWC DWPC THTE DRCT SKNT OMEG
CFRL HGHT
994.60 30.84 22.22 18.43 345.29 190.30 8.68 0.00
0.00 192.01
991.50 30.04 21.93 18.34 344.56 188.97 11.21 0.00
0.00 219.98
986.10 29.34 21.66 18.24 344.26 188.88 12.59 0.00
0.00 268.79
976.70 28.34 21.25 18.07 344.00 189.19 13.38 -0.10
0.00 354.14
962.80 27.04 20.69 17.82 343.86 190.38 14.02 -0.10
0.00 481.39
944.90 25.44 20.00 17.50 343.79 192.36 14.51 -0.20
0.00 647.18
923.50 23.44 19.12 17.11 343.65 194.59 14.65 -0.20
0.00 848.35
900.20 21.24 18.11 16.61 343.33 197.72 14.69 -0.10
0.00 1071.15
875.00 19.14 16.81 15.64 342.33 212.41 14.49 0.00
0.00 1316.88
846.80 17.24 15.07 13.91 340.38 235.71 15.52 0.30
1.00 1598.33
815.70 14.64 13.29 12.51 339.08 241.50 15.46 0.50
19.00 1917.17
781.60 13.84 10.81 8.90 336.25 249.44 14.94 0.60
0.00 2278.63
744.70 11.74 9.66 8.34 338.77 264.29 11.71 0.50
2.00 2685.67
704.80 8.64 6.37 4.69 335.35 267.99 11.07 0.30
0.00 3144.72
662.10 5.94 2.19 -1.34 330.90 261.03 7.48 0.10
0.00 3659.76
616.50 1.84 -0.20 -2.20 332.90 273.18 3.50 0.10
0.00 4240.28
568.50 -2.46 -7.04 -14.86 325.38 336.80 5.92 0.10
0.00 4889.10
522.00 -7.16 -12.30 -27.09 323.20 326.77 6.74 0.10
0.00 5559.96
480.20 -11.06 -14.85 -25.45 326.87 271.94 11.46 0.10
0.00 6205.40
442.70 -14.96 -17.64 -25.40 329.90 262.00 12.55 0.10
0.00 6824.95
409.00 -19.36 -21.16 -27.10 331.42 258.56 16.65 0.00
0.00 7418.62
378.40 -22.46 -25.14 -41.75 331.97 254.59 25.58 -0.10
0.00 7993.01
350.90 -25.56 -28.17 -56.84 334.17 253.07 32.69 -0.20
0.00 8543.30
326.10 -29.36 -31.47 -64.52 335.88 256.48 31.57 -0.20
0.00 9070.44
303.80 -33.06 -34.69 -61.99 337.59 256.80 28.92 -0.10
0.00 9572.09
283.70 -36.36 -37.65 -62.52 339.52 259.95 31.18 -0.10
0.00 10049.86
265.60 -39.86 -40.83 -63.02 340.86 257.30 34.44 -0.10
0.00 10503.43
248.80 -43.16 -43.92 -66.51 342.33 256.34 36.19 0.00
0.00 10946.49
233.60 -46.06 -46.65 -66.97 344.16 260.79 36.40 0.00
0.00 11368.21
219.60 -48.56 -49.06 -72.27 346.38 267.03 37.55 0.00
0.00 11776.76
205.70 -51.06 -51.46 -72.71 348.99 269.28 31.08 0.10
0.00 12204.25
191.70 -52.86 -53.20 -73.19 353.20 260.91 24.59 0.10
0.00 12660.62
177.80 -54.96 -55.25 -73.70 357.44 253.05 25.99 0.10
0.00 13143.68
163.80 -58.06 -58.27 -74.24 360.72 256.78 26.34 0.00
0.00 13663.76
149.80 -61.36 -61.50 -74.84 364.36 267.61 23.33 0.00
0.00 14221.96
135.90 -64.16 -64.26 -75.48 369.69 274.90 20.47 -0.10
0.00 14821.68
121.90 -65.26 -9999.00 -9999.00 -9999.00 272.39 18.67 0.00
0.00 15485.01
108.00 -65.46 -9999.00 -9999.00 -9999.00 255.38 18.47 0.00
0.00 16221.39
94.00 -65.16 -9999.00 -9999.00 -9999.00 259.48 13.83 0.00
0.00 17066.04
81.00 -63.06 -9999.00 -9999.00 -9999.00 235.41 6.84 0.00
0.00 17976.81
70.60 -60.66 -9999.00 -9999.00 -9999.00 267.51 4.47 0.00
0.00 18826.72
62.20 -57.76 -9999.00 -9999.00 -9999.00 74.29 6.45 0.00
0.00 19620.00
54.30 -58.66 -9999.00 -9999.00 -9999.00 105.12 7.44 0.00
0.00 20474.59
46.90 -58.36 -9999.00 -9999.00 -9999.00 75.38 9.23 0.00
0.00 21395.06
40.10 -56.56 -9999.00 -9999.00 -9999.00 60.46 13.40 0.00
0.00 22384.03
33.80 -53.16 -9999.00 -9999.00 -9999.00 73.05 21.33 0.00
0.00 23476.12
27.80 -50.26 -9999.00 -9999.00 -9999.00 79.79 21.91 0.00
0.00 24742.83
22.30 -47.66 -9999.00 -9999.00 -9999.00 82.94 20.55 0.00
0.00 26189.50
17.10 -45.26 -9999.00 -9999.00 -9999.00 70.50 19.77 0.00
0.00 27951.29
12.30 -41.56 -9999.00 -9999.00 -9999.00 76.18 25.21 0.00
0.00 30166.97

STID = KMDW STNM = 725340 TIME = 200808/2200 
SLAT = 41.78 SLON = -87.75 SELV = 183.0
STIM = 6

SHOW = -3.01 LIFT = -4.32 SWET = 243.90 KINX = 35.86
LCLP = 831.44 PWAT = 42.91 TOTL = 50.68 CAPE = 885.36
LCLT = 288.93 CINS = -43.02 EQLV = 243.24 LFCT = 718.64
BRCH = 51.78

PRES TMPC TMWC DWPC THTE DRCT SKNT OMEG
CFRL HGHT
994.40 30.94 22.36 18.62 345.93 191.56 8.72 0.00
0.00 192.92
991.40 30.24 22.10 18.52 345.28 190.56 11.65 0.00
0.00 220.01
986.00 29.54 21.83 18.42 344.97 190.98 13.25 0.00
0.00 268.85
976.50 28.64 21.45 18.26 344.88 191.15 14.06 0.00
0.00 355.21
962.60 27.34 20.90 18.01 344.73 192.20 14.70 -0.10
0.00 482.62
944.70 25.74 20.20 17.69 344.67 194.04 15.21 -0.10
0.00 648.64
923.40 23.74 19.32 17.29 344.49 196.14 15.37 -0.10
0.00 849.11
900.10 21.54 18.33 16.82 344.25 199.12 15.42 -0.10
0.00 1072.19
874.80 19.44 17.02 15.83 343.20 208.98 14.43 0.10
0.00 1319.21
846.60 17.34 15.23 14.12 341.02 234.82 14.49 0.30
0.00 1600.95
815.50 14.94 13.41 12.54 339.54 241.45 15.03 0.40
26.00 1920.11
781.50 15.04 10.78 8.05 336.14 249.62 14.51 0.40
0.00 2281.46
744.60 11.94 9.78 8.41 339.16 264.09 11.32 0.30
0.00 2689.49
704.70 8.94 6.03 3.82 334.35 268.83 9.52 0.10
0.00 3148.96
662.00 6.24 2.08 -1.90 330.62 268.26 6.41 0.00
0.00 3664.52
616.40 2.04 -0.48 -3.02 332.19 300.47 3.83 0.00
0.00 4245.56
568.50 -2.26 -7.63 -17.99 324.03 341.15 8.41 0.10
0.00 4893.40
522.00 -7.16 -12.16 -25.92 323.51 337.99 9.85 0.00
0.00 5564.43
480.20 -11.46 -15.18 -25.89 326.24 295.64 10.78 -0.10
0.00 6209.39
442.70 -15.36 -17.44 -22.87 330.34 278.91 10.02 0.00
0.00 6828.03
409.00 -19.56 -21.20 -26.47 331.36 267.71 14.59 0.00
0.00 7421.07
378.40 -22.36 -25.40 -51.31 331.44 261.12 25.17 0.00
0.00 7995.32
350.90 -25.96 -28.57 -69.02 333.46 263.87 29.12 0.00
0.00 8545.24
326.10 -29.46 -31.51 -59.21 335.83 259.22 29.06 0.00
0.00 9071.84
303.80 -32.96 -34.56 -58.00 337.81 259.80 29.60 0.10
0.00 9573.50
283.70 -36.36 -37.62 -60.30 339.57 258.23 33.33 0.10
0.00 10051.38
265.60 -39.76 -40.74 -63.02 341.01 254.69 36.05 0.00
0.00 10505.05
248.80 -42.86 -43.64 -66.51 342.78 256.25 37.59 0.00
0.00 10948.49
233.60 -45.66 -46.28 -66.97 344.76 262.69 38.19 0.00
0.00 11370.85
219.60 -48.26 -48.77 -72.27 346.85 267.66 38.11 0.00
0.00 11780.04
205.70 -50.66 -51.08 -72.71 349.62 267.48 30.92 0.00
0.00 12208.19
191.70 -52.66 -53.01 -73.19 353.52 258.09 25.41 -0.10
0.00 12665.19
177.70 -55.16 -55.44 -73.70 357.17 252.21 27.33 -0.10
0.00 13151.86
163.80 -58.26 -58.46 -74.24 360.38 257.09 28.69 -0.10
0.00 13667.89
149.80 -61.56 -61.70 -74.84 364.02 265.79 26.50 0.00
0.00 14225.57
135.90 -64.26 -9999.00 -9999.00 -9999.00 267.55 22.75 0.00
0.00 14824.86
121.90 -65.16 -9999.00 -9999.00 -9999.00 258.08 21.64 0.00
0.00 15488.19
108.00 -65.46 -9999.00 -9999.00 -9999.00 249.61 23.43 0.00
0.00 16224.75
94.00 -64.66 -9999.00 -9999.00 -9999.00 265.00 15.60 0.00
0.00 17070.41
81.00 -62.66 -9999.00 -9999.00 -9999.00 276.91 6.45 0.00
0.00 17983.14
70.60 -60.76 -9999.00 -9999.00 -9999.00 338.96 5.42 0.00
0.00 18833.65
62.20 -58.26 -9999.00 -9999.00 -9999.00 96.20 8.99 0.00
0.00 19625.82
54.30 -58.46 -9999.00 -9999.00 -9999.00 112.62 7.58 0.00
0.00 20479.81
46.90 -57.26 -9999.00 -9999.00 -9999.00 64.98 9.65 0.00
0.00 21403.08
40.10 -54.06 -9999.00 -9999.00 -9999.00 56.94 14.61 0.00
0.00 22400.29
33.80 -51.56 -9999.00 -9999.00 -9999.00 84.86 19.50 0.00
0.00 23502.64
27.80 -49.66 -9999.00 -9999.00 -9999.00 100.19 17.56 0.00
0.00 24775.65
22.30 -48.16 -9999.00 -9999.00 -9999.00 92.07 16.14 0.00
0.00 26222.64
17.10 -45.66 -9999.00 -9999.00 -9999.00 69.70 20.71 0.00
0.00 27980.93
12.30 -41.96 -9999.00 -9999.00 -9999.00 68.27 29.90 0.00
0.00 30192.76

STID = KMDW STNM = 725340 TIME = 200808/2300 
SLAT = 41.78 SLON = -87.75 SELV = 183.0
STIM = 7

SHOW = -3.17 LIFT = -4.63 SWET = 252.06 KINX = 35.10
LCLP = 834.94 PWAT = 42.41 TOTL = 51.08 CAPE = 980.90
LCLT = 289.21 CINS = -51.60 EQLV = 235.42 LFCT = 715.77
BRCH = 44.74

PRES TMPC TMWC DWPC THTE DRCT SKNT OMEG
CFRL HGHT
994.10 30.84 22.45 18.83 346.41 188.84 8.84 0.00
0.00 192.92
991.20 30.14 22.20 18.74 345.77 189.31 12.00 0.00
0.00 219.11
985.70 29.54 21.95 18.63 345.57 189.73 13.79 0.00
0.00 268.87
976.20 28.64 21.57 18.46 345.45 190.57 14.82 0.00
0.00 355.26
962.30 27.34 21.02 18.21 345.30 191.45 15.66 0.00
0.00 482.73
944.50 25.74 20.32 17.89 345.23 193.36 15.97 0.00
0.00 647.87
923.10 23.74 19.46 17.50 345.09 195.85 16.36 0.00
0.00 849.37
899.80 21.64 18.48 17.00 344.89 200.16 16.36 0.00
0.00 1072.58
874.60 19.54 17.17 16.01 343.81 208.20 15.21 0.10
0.00 1318.80
846.40 17.64 15.26 14.00 341.14 233.29 14.30 0.30
3.00 1600.80
815.20 15.34 13.20 11.98 338.84 241.70 14.34 0.40
20.00 1921.42
781.30 15.44 10.71 7.64 335.92 253.47 12.98 0.40
0.00 2282.25
744.40 11.94 9.70 8.27 338.93 264.29 9.75 0.30
0.00 2690.64
704.60 9.24 5.75 3.02 333.52 274.76 7.01 0.20
0.00 3149.22
661.90 6.54 1.97 -2.50 330.31 289.18 4.74 0.10
0.00 3665.31
616.30 2.24 -1.01 -4.49 330.82 334.36 5.38 0.20
0.00 4246.84
568.40 -2.16 -7.66 -18.43 323.97 351.33 11.60 0.30
0.00 4895.03
521.90 -7.26 -11.41 -20.74 325.16 343.47 12.98 0.20
0.00 5566.28
480.10 -11.56 -15.15 -25.23 326.34 315.00 9.34 0.20
0.00 6211.24
442.60 -15.46 -17.49 -22.79 330.27 279.87 9.07 0.10
0.00 6829.79
408.90 -19.46 -21.94 -32.05 329.97 270.67 16.71 0.00
0.00 7422.89
378.40 -22.56 -25.65 -58.03 330.97 274.84 23.00 0.00
0.00 7995.13
350.90 -26.16 -28.67 -58.63 333.32 266.86 28.40 0.00
0.00 8544.61
326.10 -29.66 -31.60 -53.57 335.72 261.03 29.90 0.00
0.00 9070.80
303.80 -32.96 -34.58 -59.76 337.77 263.39 32.07 -0.10
0.00 9572.25
283.70 -36.66 -37.89 -60.30 339.13 260.70 34.85 -0.10
0.00 10049.82
265.60 -40.06 -41.01 -63.02 340.57 257.27 35.26 -0.10
0.00 10502.92
248.80 -43.16 -43.92 -66.51 342.33 257.80 36.77 0.00
0.00 10945.78
233.50 -45.86 -46.46 -66.97 344.50 263.75 39.28 0.00
0.00 11370.55
219.60 -48.36 -48.87 -72.27 346.69 266.84 38.71 0.00
0.00 11776.64
205.70 -50.66 -51.08 -72.71 349.62 265.50 32.15 0.00
0.00 12204.69
191.70 -52.56 -52.92 -73.19 353.68 255.76 26.85 0.00
0.00 12661.79
177.70 -55.06 -55.34 -73.70 357.33 253.30 28.40 0.00
0.00 13148.68
163.80 -58.16 -58.37 -74.24 360.55 258.91 30.28 0.00
0.00 13664.95
149.80 -61.46 -61.60 -74.84 364.19 264.18 30.65 -0.10
0.00 14222.89
135.90 -64.26 -9999.00 -9999.00 -9999.00 266.30 27.06 -0.10
0.00 14822.33
121.90 -65.96 -9999.00 -9999.00 -9999.00 262.99 23.87 0.00
0.00 15484.38
108.00 -66.46 -9999.00 -9999.00 -9999.00 263.00 22.32 0.00
0.00 16217.75
94.00 -65.16 -9999.00 -9999.00 -9999.00 283.84 13.81 0.00
0.00 17060.37
81.00 -62.46 -9999.00 -9999.00 -9999.00 284.62 4.62 0.00
0.00 17972.45
70.60 -59.66 -9999.00 -9999.00 -9999.00 20.56 1.65 0.00
0.00 18825.57
62.20 -57.96 -9999.00 -9999.00 -9999.00 125.39 9.05 0.00
0.00 19620.33
54.30 -58.06 -9999.00 -9999.00 -9999.00 102.53 3.57 0.00
0.00 20475.72
46.90 -56.56 -9999.00 -9999.00 -9999.00 49.69 8.41 0.00
0.00 21401.34
40.10 -53.66 -9999.00 -9999.00 -9999.00 53.47 13.05 0.00
0.00 22401.08
33.80 -52.56 -9999.00 -9999.00 -9999.00 80.77 15.73 0.00
0.00 23501.92
27.80 -51.16 -9999.00 -9999.00 -9999.00 93.47 12.84 0.00
0.00 24767.78
22.30 -48.86 -9999.00 -9999.00 -9999.00 69.53 15.56 0.00
0.00 26207.67
17.10 -43.76 -9999.00 -9999.00 -9999.00 68.65 27.74 0.00
0.00 27970.62
12.30 -41.06 -9999.00 -9999.00 -9999.00 69.44 33.20 0.00
0.00 30195.95

STID = KMDW STNM = 725340 TIME = 200809/0000 
SLAT = 41.78 SLON = -87.75 SELV = 183.0
STIM = 8

SHOW = -2.90 LIFT = -4.73 SWET = 243.82 KINX = 33.42
LCLP = 846.44 PWAT = 41.88 TOTL = 50.74 CAPE = 1044.87
LCLT = 289.72 CINS = -59.58 EQLV = 233.58 LFCT = 691.66
BRCH = 39.53

PRES TMPC TMWC DWPC THTE DRCT SKNT OMEG
CFRL HGHT
994.70 30.24 22.47 19.14 346.44 187.77 8.62 0.00
0.00 192.00
991.60 29.84 22.29 19.03 346.12 188.13 12.35 0.00
0.00 219.94
986.20 29.24 22.03 18.91 345.88 188.34 14.72 0.00
0.00 268.73
976.70 28.44 21.68 18.73 345.85 189.69 16.16 0.00
0.00 355.02
962.80 27.14 21.12 18.47 345.68 191.69 17.25 0.00
0.00 482.35
944.90 25.54 20.43 18.15 345.62 193.88 17.81 -0.10
0.00 648.26
923.60 23.54 19.55 17.74 345.40 196.88 18.07 -0.10
0.00 848.61
900.20 21.44 18.57 17.23 345.19 201.57 17.97 0.00
0.00 1072.54
875.00 19.34 17.24 16.21 344.02 208.35 16.78 0.10
0.00 1318.51
846.70 17.64 15.09 13.74 340.48 228.74 14.72 0.30
4.00 1601.30
815.60 15.64 13.07 11.59 338.31 239.04 13.60 0.40
14.00 1920.87
781.60 15.64 10.68 7.43 335.75 252.53 10.99 0.30
0.00 2282.88
744.70 12.14 9.52 7.83 338.29 262.30 7.25 0.20
0.00 2691.34
704.80 9.64 5.44 2.02 332.54 285.26 4.43 0.10
0.00 3151.30
662.20 6.84 1.83 -3.21 329.85 320.53 4.27 0.10
0.00 3666.52
616.60 2.54 -1.53 -6.22 329.41 351.03 7.48 0.20
0.00 4248.26
568.60 -2.16 -7.08 -15.74 325.24 354.04 13.09 0.20
0.00 4897.86
522.10 -7.16 -11.37 -20.90 325.18 336.70 13.75 0.10
0.00 5569.07
480.20 -11.56 -15.07 -24.70 326.49 315.00 8.51 -0.10
0.00 6215.51
442.70 -15.66 -17.92 -24.25 329.41 277.13 9.40 -0.10
0.00 6833.66
409.00 -19.36 -22.77 -45.53 328.31 276.56 17.02 -0.10
0.00 7426.39
378.40 -22.76 -25.73 -52.31 330.87 281.60 22.20 0.00
0.00 8000.25
350.90 -26.46 -28.73 -48.77 333.28 272.39 27.99 0.10
0.00 8549.19
326.10 -29.86 -31.72 -51.68 335.52 267.78 30.13 0.10
0.00 9074.86
303.80 -33.26 -34.84 -59.76 337.35 267.46 30.73 0.20
0.00 9575.80
283.70 -36.86 -38.06 -60.30 338.85 261.23 34.40 0.20
0.00 10052.87
265.60 -40.16 -41.10 -63.02 340.42 256.42 35.57 0.10
0.00 10505.68
248.80 -43.06 -43.80 -63.51 342.52 258.52 38.05 0.10
0.00 10948.54
233.60 -45.76 -46.37 -66.97 344.61 263.60 40.07 0.10
0.00 11370.63
219.60 -48.46 -48.94 -67.41 346.59 265.14 38.99 0.00
0.00 11779.55
205.70 -50.66 -51.08 -72.71 349.62 264.13 34.17 0.00
0.00 12207.51
191.70 -52.66 -53.01 -73.19 353.52 258.47 29.14 0.00
0.00 12664.50
177.70 -55.36 -55.63 -73.70 356.84 254.60 27.80 0.00
0.00 13150.95
163.80 -58.36 -58.56 -74.24 360.21 258.61 28.54 0.00
0.00 13666.63
149.80 -61.66 -61.80 -74.84 363.85 263.31 31.68 0.00
0.00 14224.05
135.90 -64.56 -64.66 -75.48 368.98 268.16 30.32 0.10
0.00 14822.77
121.90 -66.36 -9999.00 -9999.00 -9999.00 269.53 23.70 0.10
0.00 15483.71
108.00 -66.16 -9999.00 -9999.00 -9999.00 270.57 19.62 0.10
0.00 16216.91
94.00 -64.46 -9999.00 -9999.00 -9999.00 285.80 10.70 0.00
0.00 17061.55
81.00 -61.16 -9999.00 -9999.00 -9999.00 246.80 4.43 0.00
0.00 17977.99
70.60 -58.76 -9999.00 -9999.00 -9999.00 188.13 1.38 0.00
0.00 18835.53
62.20 -58.56 -9999.00 -9999.00 -9999.00 162.18 5.71 0.00
0.00 19630.85
54.30 -57.86 -9999.00 -9999.00 -9999.00 329.42 4.97 0.00
0.00 20485.45
46.90 -56.86 -9999.00 -9999.00 -9999.00 21.04 10.82 -0.10
0.00 21410.85
40.10 -55.66 -9999.00 -9999.00 -9999.00 57.22 13.64 0.00
0.00 22405.32
33.80 -54.76 -9999.00 -9999.00 -9999.00 82.79 15.46 0.00
0.00 23495.66
27.80 -52.36 -9999.00 -9999.00 -9999.00 83.42 15.25 0.00
0.00 24751.79
22.30 -48.16 -9999.00 -9999.00 -9999.00 61.14 21.74 0.00
0.00 26190.07
17.10 -42.46 -9999.00 -9999.00 -9999.00 69.40 30.92 0.00
0.00 27960.79
12.30 -40.66 -9999.00 -9999.00 -9999.00 75.38 32.32 0.00
0.00 30194.32

STID = KMDW STNM = 725340 TIME = 200809/0100 
SLAT = 41.78 SLON = -87.75 SELV = 183.0
STIM = 9

SHOW = -2.66 LIFT = -4.65 SWET = 236.91 KINX = 33.14
LCLP = 865.47 PWAT = 41.39 TOTL = 50.45 CAPE = 1004.99
LCLT = 290.38 CINS = -84.12 EQLV = 235.93 LFCT = 695.23
BRCH = 35.68

PRES TMPC TMWC DWPC THTE DRCT SKNT OMEG
CFRL HGHT
995.10 29.04 22.33 19.46 345.82 181.59 6.99 0.00
0.00 191.96
992.10 28.84 22.20 19.34 345.70 182.01 11.07 0.00
0.00 218.89
986.60 28.44 21.99 19.21 345.68 183.27 13.62 0.00
0.00 268.43
977.20 27.64 21.61 18.99 345.52 184.82 16.18 0.00
0.00 353.55
963.20 26.54 21.07 18.67 345.44 188.22 17.66 0.00
0.00 481.46
945.30 25.04 20.36 18.27 345.28 192.72 18.51 -0.10
0.00 647.01
923.90 23.24 19.52 17.83 345.23 199.57 18.55 -0.10
0.00 847.96
900.60 21.34 18.58 17.29 345.17 208.22 18.08 -0.10
0.00 1070.71
875.30 19.34 17.15 16.08 343.64 216.49 17.64 0.00
0.00 1317.51
847.10 17.54 14.96 13.57 339.91 232.13 15.50 0.10
0.00 1599.11
815.90 16.14 12.74 10.73 337.09 243.05 12.86 0.10
0.00 1919.73
781.90 15.74 10.56 7.12 335.29 254.54 9.48 0.00
0.00 2281.89
745.00 12.24 9.38 7.52 337.78 259.51 5.34 -0.10
0.00 2690.29
705.10 9.54 5.39 2.00 332.35 296.57 2.60 -0.10
0.00 3150.04
662.40 6.74 1.65 -3.56 329.33 344.74 4.43 -0.10
0.00 3666.07
616.80 2.64 -1.84 -7.22 328.59 357.27 8.16 0.10
0.00 4247.56
568.70 -2.46 -6.76 -13.76 326.00 352.76 12.33 0.10
0.00 4898.12
522.20 -7.16 -11.51 -21.67 324.86 335.62 13.66 0.10
0.00 5568.88
480.30 -11.56 -15.25 -25.89 326.09 309.29 8.28 0.10
0.00 6215.15
442.80 -15.86 -18.62 -27.59 328.03 280.68 10.47 0.20
0.00 6832.85
409.00 -19.06 -22.66 -49.72 328.46 286.28 18.01 0.20
0.00 7427.32
378.50 -22.76 -25.57 -46.24 331.16 286.84 22.13 0.20
0.00 7999.57
350.90 -26.16 -28.53 -50.23 333.61 281.23 26.94 0.20
0.00 8550.78
326.20 -29.76 -31.72 -55.95 335.47 277.84 27.06 0.20
0.00 9074.67
303.80 -33.36 -34.90 -58.00 337.25 272.73 28.59 0.20
0.00 9577.77
283.70 -36.96 -38.15 -60.30 338.70 264.39 31.82 0.20
0.00 10054.64
265.60 -40.16 -41.10 -63.02 340.42 257.20 35.06 0.10
0.00 10507.35
248.80 -43.06 -43.80 -63.51 342.52 259.38 37.94 0.00
0.00 10950.22
233.60 -45.76 -46.37 -66.97 344.61 262.11 39.61 0.00
0.00 11372.30
219.60 -48.36 -48.84 -67.41 346.74 263.78 39.47 0.00
0.00 11781.32
205.70 -50.66 -51.05 -67.88 349.66 264.47 36.31 0.00
0.00 12209.37
191.70 -52.66 -53.01 -73.19 353.52 263.13 32.48 -0.10
0.00 12666.37
177.70 -55.06 -55.34 -73.70 357.33 260.29 29.95 -0.10
0.00 13153.15
163.80 -58.06 -58.27 -74.24 360.72 261.40 29.86 -0.10
0.00 13669.54
149.80 -61.26 -61.41 -74.84 364.54 265.63 33.12 0.00
0.00 14227.87
135.90 -64.36 -64.46 -75.48 369.34 273.16 35.22 0.00
0.00 14827.45
121.90 -65.66 -9999.00 -9999.00 -9999.00 277.28 26.05 0.00
0.00 15489.83
108.00 -65.56 -9999.00 -9999.00 -9999.00 274.71 18.90 0.00
0.00 16225.32
94.00 -64.16 -9999.00 -9999.00 -9999.00 277.67 10.20 0.00
0.00 17071.80
81.00 -61.16 -9999.00 -9999.00 -9999.00 245.10 6.00 0.00
0.00 17988.89
70.60 -59.36 -9999.00 -9999.00 -9999.00 236.31 1.40 0.00
0.00 18845.23
62.20 -59.76 -9999.00 -9999.00 -9999.00 183.58 3.11 0.00
0.00 19637.21
54.30 -58.56 -9999.00 -9999.00 -9999.00 343.18 8.72 0.00
0.00 20488.02
46.90 -57.16 -9999.00 -9999.00 -9999.00 26.19 13.21 0.00
0.00 21411.29
40.10 -56.16 -9999.00 -9999.00 -9999.00 71.83 13.09 0.00
0.00 22403.92
33.80 -55.06 -9999.00 -9999.00 -9999.00 77.20 13.15 0.00
0.00 23492.26
27.80 -51.86 -9999.00 -9999.00 -9999.00 61.97 16.94 0.00
0.00 24748.96
22.30 -47.56 -9999.00 -9999.00 -9999.00 58.31 26.26 0.00
0.00 26190.79
17.10 -43.26 -9999.00 -9999.00 -9999.00 76.92 30.91 0.00
0.00 27960.74
12.30 -40.96 -9999.00 -9999.00 -9999.00 83.66 28.15 0.00
0.00 30188.96

STID = KMDW STNM = 725340 TIME = 200809/0200 
SLAT = 41.78 SLON = -87.75 SELV = 183.0
STIM = 10

SHOW = -2.45 LIFT = -4.41 SWET = 229.34 KINX = 34.67
LCLP = 886.34 PWAT = 41.36 TOTL = 50.13 CAPE = 829.09
LCLT = 290.99 CINS = -104.22 EQLV = 242.52 LFCT = 711.32
BRCH = 25.59

PRES TMPC TMWC DWPC THTE DRCT SKNT OMEG
CFRL HGHT
995.30 27.64 22.09 19.70 344.78 172.41 5.89 0.00
0.00 192.81
992.40 27.64 21.96 19.50 344.66 173.23 11.54 0.00
0.00 218.73
986.90 27.24 21.72 19.32 344.50 174.45 14.04 0.00
0.00 268.05
977.40 26.84 21.32 18.88 344.24 178.25 19.04 0.00
0.00 353.78
963.50 25.94 20.71 18.36 343.85 181.61 20.78 -0.10
0.00 480.43
945.60 24.74 20.14 18.06 344.31 190.01 20.12 -0.10
0.00 645.65
924.20 23.14 19.52 17.88 345.20 203.84 18.26 -0.20
0.00 846.40
900.90 21.24 18.75 17.59 345.81 217.38 17.60 -0.10
0.00 1069.02
875.50 19.24 17.25 16.27 343.97 226.29 18.28 0.00
0.00 1316.67
847.30 17.34 14.80 13.43 339.32 236.13 17.07 -0.10
0.00 1598.07
816.10 16.04 12.58 10.52 336.52 250.46 12.78 -0.20
0.00 1918.42
782.10 15.44 10.27 6.78 334.33 258.18 8.53 -0.30
0.00 2280.20
745.10 12.14 9.23 7.32 337.28 253.07 4.66 -0.40
0.00 2689.31
705.30 8.94 5.81 3.39 333.59 243.43 1.73 -0.40
0.00 3147.31
662.50 6.34 1.66 -3.06 329.37 339.44 1.65 -0.20
0.00 3663.65
616.90 2.64 -2.09 -7.95 327.95 4.97 4.49 0.00
0.00 4244.63
568.80 -2.56 -6.67 -13.24 326.18 348.23 9.52 0.00
0.00 4894.93
522.30 -7.26 -11.51 -21.32 324.85 333.43 9.56 0.00
0.00 5565.35
480.40 -11.46 -15.47 -27.99 325.61 287.97 7.56 0.10
0.00 6211.47
442.80 -15.56 -19.06 -33.18 327.11 283.57 11.60 0.30
0.00 6831.13
409.10 -18.66 -22.32 -48.12 329.03 299.90 17.93 0.30
0.00 7424.51
378.50 -22.36 -25.30 -47.44 331.61 294.57 22.44 0.30
0.00 7999.48
351.00 -25.76 -28.29 -54.07 333.96 293.68 24.18 0.30
0.00 8549.49
326.20 -29.76 -31.70 -54.68 335.51 282.72 24.69 0.20
0.00 9075.85
303.80 -33.56 -35.07 -58.00 336.97 273.76 26.67 0.20
0.00 9578.74
283.70 -37.06 -38.22 -58.54 338.60 262.66 31.92 0.10
0.00 10055.32
265.60 -40.36 -41.29 -63.02 340.13 258.51 36.07 0.00
0.00 10507.74
248.80 -43.36 -44.08 -63.51 342.08 260.88 37.98 -0.10
0.00 10950.12
233.60 -45.96 -46.56 -66.97 344.31 262.11 39.61 -0.10
0.00 11371.75
219.60 -48.56 -49.03 -67.41 346.43 264.37 39.63 0.00
0.00 11780.40
205.70 -50.96 -51.34 -67.88 349.19 265.21 37.24 0.00
0.00 12207.98
191.70 -52.76 -53.11 -73.19 353.36 263.66 33.43 -0.10
0.00 12664.56
177.70 -54.86 -55.15 -73.70 357.66 262.74 30.75 -0.10
0.00 13151.46
163.80 -57.76 -57.98 -74.24 361.22 263.23 31.29 -0.10
0.00 13668.44
149.80 -61.16 -61.31 -74.84 364.71 265.65 33.31 0.00
0.00 14227.30
135.90 -64.36 -64.46 -75.48 369.34 273.71 36.01 0.00
0.00 14827.02
121.90 -65.26 -9999.00 -9999.00 -9999.00 282.57 27.66 0.00
0.00 15490.03
108.00 -64.66 -9999.00 -9999.00 -9999.00 276.04 16.61 0.00
0.00 16227.83
94.00 -63.86 -9999.00 -9999.00 -9999.00 275.81 11.52 0.00
0.00 17076.75
81.00 -61.76 -9999.00 -9999.00 -9999.00 256.26 8.99 0.00
0.00 17993.18
70.60 -60.66 -9999.00 -9999.00 -9999.00 283.24 3.40 0.00
0.00 18845.70
62.20 -60.96 -9999.00 -9999.00 -9999.00 291.80 1.05 0.00
0.00 19633.05
54.30 -59.26 -9999.00 -9999.00 -9999.00 2.12 10.49 0.00
0.00 20480.08
46.90 -57.06 -9999.00 -9999.00 -9999.00 46.06 14.84 0.00
0.00 21402.06
40.10 -55.76 -9999.00 -9999.00 -9999.00 80.19 15.97 0.00
0.00 22395.84
33.80 -54.66 -9999.00 -9999.00 -9999.00 65.97 15.73 0.00
0.00 23486.18
27.80 -51.06 -9999.00 -9999.00 -9999.00 57.89 21.56 0.00
0.00 24746.31
22.30 -46.26 -9999.00 -9999.00 -9999.00 69.49 28.83 0.00
0.00 26194.91
17.10 -42.96 -9999.00 -9999.00 -9999.00 75.96 26.44 0.00
0.00 27971.08
12.30 -40.76 -9999.00 -9999.00 -9999.00 68.20 26.15 0.00
0.00 30201.71

STID = KMDW STNM = 725340 TIME = 200809/0300 
SLAT = 41.78 SLON = -87.75 SELV = 183.0
STIM = 11

SHOW = -2.43 LIFT = -3.98 SWET = 227.10 KINX = 34.62
LCLP = 900.21 PWAT = 41.08 TOTL = 49.73 CAPE = 654.08
LCLT = 291.21 CINS = -125.02 EQLV = 253.09 LFCT = 642.34
BRCH = 16.10

PRES TMPC TMWC DWPC THTE DRCT SKNT OMEG
CFRL HGHT
995.40 26.54 21.76 19.67 343.37 173.48 6.84 0.00
0.00 192.77
992.40 26.64 21.62 19.41 343.22 174.87 15.21 0.00
0.00 219.49
987.00 26.34 21.37 19.17 343.01 175.60 17.74 0.00
0.00 267.76
977.50 26.24 20.92 18.53 342.59 178.57 23.31 0.00
0.00 353.25
963.60 25.64 20.40 18.01 342.56 180.90 24.86 0.00
0.00 479.67
945.70 24.54 20.06 18.02 343.95 190.18 23.10 0.00
0.00 644.72
924.30 23.04 19.63 18.09 345.63 203.34 20.10 0.10
0.00 845.35
900.90 21.24 18.92 17.85 346.52 216.03 18.49 0.10
0.00 1068.91
875.60 19.04 17.70 17.05 345.78 223.29 18.41 0.10
0.00 1315.55
847.40 17.04 14.94 13.81 339.81 230.03 17.23 0.10
0.00 1596.76
816.20 15.84 12.48 10.47 336.17 248.39 11.07 0.00
0.00 1916.83
782.10 15.14 10.07 6.61 333.70 252.18 5.71 0.00
0.00 2279.32
745.20 12.04 8.99 6.95 336.48 217.57 3.19 0.00
0.00 2686.97
705.30 8.84 5.85 3.55 333.71 180.00 3.11 0.20
0.00 3145.91
662.50 6.64 1.51 -3.80 328.95 180.00 0.78 0.30
0.00 3662.41
616.90 2.94 -2.34 -9.22 327.28 4.09 2.72 0.40
0.00 4243.91
568.80 -2.36 -6.77 -14.02 325.94 340.35 8.66 0.30
0.00 4894.72
522.30 -7.16 -11.61 -22.21 324.64 323.97 7.93 0.20
0.00 5565.47
480.40 -11.06 -15.54 -31.05 325.41 289.89 9.71 0.20
0.00 6212.14
442.90 -14.96 -19.05 -38.87 327.01 302.64 14.76 0.20
0.00 6831.19
409.10 -18.46 -21.95 -41.77 329.75 313.47 20.61 0.20
0.00 7427.17
378.50 -22.26 -25.10 -44.20 331.98 312.85 21.99 0.10
0.00 8002.51
351.00 -26.36 -28.53 -45.36 333.63 310.97 19.56 0.10
0.00 8552.00
326.20 -30.06 -31.93 -53.57 335.14 279.82 20.49 0.20
0.00 9077.41
303.80 -33.66 -35.18 -59.76 336.79 268.07 23.14 0.20
0.00 9579.89
283.70 -37.36 -38.46 -57.08 338.22 253.69 33.20 0.10
0.00 10056.06
265.60 -40.46 -41.38 -63.02 339.99 256.04 36.23 0.10
0.00 10508.10
248.80 -43.26 -43.99 -63.51 342.23 259.43 38.13 0.00
0.00 10950.49
233.60 -45.96 -46.56 -66.97 344.31 263.42 40.68 0.00
0.00 11372.20
219.60 -48.76 -49.22 -67.41 346.12 268.36 40.62 0.00
0.00 11780.67
205.70 -51.06 -51.43 -67.88 349.04 270.00 37.68 0.10
0.00 12207.97
191.70 -52.66 -53.01 -73.19 353.52 268.09 34.98 0.10
0.00 12664.55
177.70 -54.56 -54.86 -73.70 358.15 264.83 34.52 0.10
0.00 13151.89
163.80 -57.46 -57.69 -74.24 361.72 262.01 34.91 0.00
0.00 13669.59
149.80 -61.16 -61.31 -74.84 364.71 261.68 33.57 0.00
0.00 14228.84
135.90 -64.76 -64.85 -75.48 368.63 270.34 33.02 0.00
0.00 14827.99
121.90 -65.46 -9999.00 -9999.00 -9999.00 280.27 27.23 0.00
0.00 15490.04
108.00 -64.16 -9999.00 -9999.00 -9999.00 267.24 16.14 0.00
0.00 16228.38
94.00 -63.96 -9999.00 -9999.00 -9999.00 266.63 13.23 0.00
0.00 17078.10
81.00 -62.56 -9999.00 -9999.00 -9999.00 254.36 10.08 0.00
0.00 17992.58
70.60 -61.56 -9999.00 -9999.00 -9999.00 273.58 3.11 0.00
0.00 18841.68
62.20 -61.06 -9999.00 -9999.00 -9999.00 9.46 1.18 0.00
0.00 19627.17
54.30 -58.86 -9999.00 -9999.00 -9999.00 21.25 11.25 0.00
0.00 20474.81
46.90 -56.46 -9999.00 -9999.00 -9999.00 51.77 16.32 0.00
0.00 21398.93
40.10 -55.46 -9999.00 -9999.00 -9999.00 69.53 15.56 0.00
0.00 22394.77
33.80 -53.66 -9999.00 -9999.00 -9999.00 64.69 15.91 0.00
0.00 23488.36
27.80 -49.86 -9999.00 -9999.00 -9999.00 62.98 21.81 0.00
0.00 24754.79
22.30 -46.06 -9999.00 -9999.00 -9999.00 77.25 27.29 0.00
0.00 26207.91
17.10 -43.66 -9999.00 -9999.00 -9999.00 76.28 25.39 0.00
0.00 27982.13
12.30 -41.36 -9999.00 -9999.00 -9999.00 65.12 29.55 0.00
0.00 30206.49

STID = KMDW STNM = 725340 TIME = 200809/0400 
SLAT = 41.78 SLON = -87.75 SELV = 183.0
STIM = 12

SHOW = -2.74 LIFT = -4.22 SWET = 229.46 KINX = 33.11
LCLP = 907.88 PWAT = 41.34 TOTL = 49.56 CAPE = 788.12
LCLT = 291.32 CINS = -120.30 EQLV = 242.21 LFCT = 637.61
BRCH = 16.04

PRES TMPC TMWC DWPC THTE DRCT SKNT OMEG
CFRL HGHT
995.50 25.94 21.57 19.65 342.59 178.57 7.77 0.00
0.00 193.64
992.60 25.94 21.42 19.42 342.39 179.32 16.32 0.00
0.00 219.40
987.10 25.74 21.25 19.25 342.49 180.00 19.04 0.00
0.00 268.45
977.70 25.54 20.97 18.92 342.75 183.47 25.68 0.00
0.00 352.86
963.80 25.24 20.83 18.88 344.35 186.47 27.56 0.00
0.00 479.07
945.80 24.14 20.66 19.14 346.50 198.43 25.80 0.10
0.00 644.88
924.40 22.64 20.04 18.89 347.36 206.79 22.42 0.20
0.00 845.32
901.00 20.94 19.17 18.36 347.56 210.26 18.88 0.30
0.00 1068.67
875.70 18.64 17.97 17.62 346.84 211.70 15.52 0.50
0.00 1315.06
847.40 16.54 15.31 14.65 341.19 213.47 13.73 0.50
8.00 1596.92
816.20 16.34 12.13 9.52 334.95 235.41 6.84 0.40
0.00 1916.99
782.20 15.24 9.99 6.37 333.41 221.63 2.33 0.40
0.00 2278.69
745.20 12.14 8.82 6.56 335.92 180.00 4.08 0.40
0.00 2687.52
705.30 9.24 5.49 2.49 332.64 185.44 4.10 0.40
0.00 3146.76
662.60 7.34 1.18 -5.65 327.98 270.00 0.58 0.30
0.00 3662.86
617.00 3.14 -2.55 -10.28 326.72 347.74 4.56 0.20
0.00 4245.06
568.90 -2.26 -6.87 -14.62 325.69 340.28 10.94 0.00
0.00 4896.05
522.30 -6.86 -11.51 -22.77 324.80 321.34 9.95 0.00
0.00 5568.64
480.40 -10.86 -15.37 -30.70 325.73 308.25 12.86 0.10
0.00 6215.92
442.90 -15.06 -18.39 -30.13 328.37 326.31 16.80 0.30
0.00 6835.17
409.10 -18.86 -21.74 -34.38 330.24 325.43 17.46 0.40
0.00 7430.69
378.50 -22.26 -24.99 -41.75 332.21 308.16 13.83 0.30
0.00 8005.64
351.00 -25.96 -28.27 -46.92 334.05 277.55 16.26 0.20
0.00 8555.57
326.20 -29.76 -31.78 -61.45 335.34 260.85 23.21 0.00
0.00 9081.72
303.80 -33.86 -35.33 -58.00 336.55 257.21 28.09 0.00
0.00 9584.30
283.70 -37.86 -38.93 -58.54 337.46 256.35 34.58 0.00
0.00 10059.77
265.60 -40.76 -41.62 -60.81 339.59 259.36 35.78 0.10
0.00 10511.04
248.80 -43.36 -44.08 -63.51 342.08 262.73 38.38 0.10
0.00 10953.04
233.60 -46.16 -46.72 -63.98 344.05 267.25 40.44 0.10
0.00 11374.48
219.60 -48.76 -49.22 -67.41 346.12 270.00 39.43 0.00
0.00 11782.77
205.70 -50.96 -51.34 -67.88 349.19 272.40 37.14 0.00
0.00 12210.16
191.70 -52.76 -53.11 -73.19 353.36 270.63 35.16 -0.10
0.00 12666.74
177.70 -54.76 -55.05 -73.70 357.82 264.17 36.32 -0.10
0.00 13153.75
163.80 -57.76 -57.98 -74.24 361.22 259.80 37.30 -0.10
0.00 13670.85
149.80 -61.46 -61.60 -74.84 364.19 260.43 33.88 -0.10
0.00 14229.32
135.90 -64.66 -64.76 -75.48 368.81 270.00 29.91 0.00
0.00 14828.18
121.90 -65.16 -9999.00 -9999.00 -9999.00 278.51 24.94 0.00
0.00 15490.88
108.00 -64.06 -9999.00 -9999.00 -9999.00 264.36 15.81 0.00
0.00 16229.92
94.00 -64.36 -9999.00 -9999.00 -9999.00 267.14 11.67 0.00
0.00 17079.04
81.00 -62.86 -9999.00 -9999.00 -9999.00 258.41 7.73 0.00
0.00 17991.99
70.60 -61.26 -9999.00 -9999.00 -9999.00 306.87 1.94 0.00
0.00 18841.08
62.20 -60.16 -9999.00 -9999.00 -9999.00 14.04 3.21 0.00
0.00 19628.80
54.30 -57.86 -9999.00 -9999.00 -9999.00 32.62 11.54 0.00
0.00 20480.21
46.90 -56.26 -9999.00 -9999.00 -9999.00 60.95 16.01 0.00
0.00 21406.91
40.10 -55.56 -9999.00 -9999.00 -9999.00 63.79 14.06 0.00
0.00 22402.98
33.80 -53.06 -9999.00 -9999.00 -9999.00 66.50 14.61 0.00
0.00 23497.82
27.80 -50.76 -9999.00 -9999.00 -9999.00 73.35 19.66 0.00
0.00 24763.39
22.30 -47.96 -9999.00 -9999.00 -9999.00 82.99 23.87 0.00
0.00 26207.48
17.10 -44.56 -9999.00 -9999.00 -9999.00 79.48 27.66 0.00
0.00 27970.82
12.30 -42.06 -9999.00 -9999.00 -9999.00 73.36 33.26 0.00
0.00 30187.47

STID = KMDW STNM = 725340 TIME = 200809/0500 
SLAT = 41.78 SLON = -87.75 SELV = 183.0
STIM = 13

SHOW = -2.52 LIFT = -4.85 SWET = 221.86 KINX = 31.73
LCLP = 930.64 PWAT = 41.08 TOTL = 50.08 CAPE = 1129.29
LCLT = 292.68 CINS = -103.48 EQLV = 219.40 LFCT = 654.68
BRCH = 43.26

PRES TMPC TMWC DWPC THTE DRCT SKNT OMEG
CFRL HGHT
995.70 25.24 22.01 20.63 344.46 193.13 5.98 0.00
0.00 191.85
992.60 25.44 21.97 20.48 344.73 194.25 12.63 0.00
0.00 219.35
987.10 25.24 21.83 20.37 345.00 195.26 15.50 0.10
0.00 268.35
977.70 25.04 21.76 20.36 346.16 199.89 19.42 0.10
0.00 352.67
963.70 24.24 21.56 20.42 347.53 209.05 22.01 0.20
0.00 479.58
945.70 23.34 20.56 19.33 346.08 213.42 22.57 0.20
0.00 644.99
924.30 22.34 19.60 18.36 345.52 211.25 20.22 0.20
0.00 845.06
901.00 20.64 18.98 18.21 346.77 208.76 18.16 0.20
0.00 1067.20
875.60 18.44 17.55 17.09 345.15 205.94 15.99 0.20
10.00 1314.32
847.40 17.34 14.91 13.60 339.69 201.25 11.25 0.20
0.00 1595.38
816.20 17.14 11.70 8.17 333.48 209.36 3.57 0.10
0.00 1916.17
782.20 15.54 10.02 6.20 333.49 169.38 3.17 0.10
0.00 2278.47
745.20 12.34 8.57 5.95 335.13 187.70 7.25 0.10
0.00 2687.60
705.40 9.74 5.21 1.44 331.78 196.19 6.27 0.00
0.00 3146.11
662.60 7.54 1.01 -6.44 327.52 240.26 1.57 -0.10
0.00 3663.92
617.00 3.04 -2.62 -10.33 326.56 332.24 4.18 -0.20
0.00 4246.19
569.00 -2.56 -6.87 -13.96 325.70 349.80 9.87 -0.20
0.00 4895.31
522.40 -7.26 -11.42 -20.82 325.03 336.16 9.13 0.00
0.00 5566.97
480.50 -11.26 -15.00 -25.55 326.53 321.84 10.37 0.10
0.00 6213.25
442.90 -15.26 -17.87 -25.50 329.43 333.02 11.99 0.20
0.00 6833.52
409.10 -18.46 -21.50 -34.99 330.65 315.62 12.78 0.20
0.00 7429.34
378.50 -22.06 -24.99 -45.17 332.16 296.21 14.06 0.00
0.00 8004.95
351.00 -26.26 -28.61 -50.22 333.45 277.51 17.83 -0.10
0.00 8554.75
326.20 -30.36 -32.22 -55.95 334.64 265.19 20.86 0.00
0.00 9079.93
303.80 -34.56 -35.92 -56.53 335.60 256.16 27.60 0.00
0.00 9581.16
283.70 -37.86 -38.93 -58.54 337.46 259.23 32.23 0.10
0.00 10055.93
265.60 -40.36 -41.29 -63.02 340.13 262.57 36.05 0.00
0.00 10507.58
248.80 -43.26 -43.99 -63.51 342.23 270.00 39.82 0.00
0.00 10950.06
233.60 -46.46 -47.02 -66.97 343.55 270.57 39.04 0.00
0.00 11371.32
219.60 -49.26 -49.69 -67.41 345.35 269.41 37.88 0.00
0.00 11778.88
205.70 -51.66 -52.01 -67.88 348.09 268.73 34.97 0.00
0.00 12205.12
191.70 -53.26 -53.59 -73.19 352.56 264.84 32.38 0.00
0.00 12660.47
177.70 -55.16 -55.44 -73.70 357.17 259.25 35.39 0.00
0.00 13146.47
163.80 -58.06 -58.27 -74.24 360.72 258.38 35.70 0.00
0.00 13662.75
149.80 -61.36 -61.50 -74.84 364.36 256.76 30.54 0.00
0.00 14220.95
135.90 -64.16 -64.26 -75.48 369.69 266.21 26.48 0.00
0.00 14820.67
121.90 -65.16 -9999.00 -9999.00 -9999.00 276.45 22.47 0.00
0.00 15484.16
108.00 -64.56 -9999.00 -9999.00 -9999.00 267.17 15.75 0.00
0.00 16222.31
94.00 -64.76 -9999.00 -9999.00 -9999.00 274.69 11.89 0.00
0.00 17069.60
81.00 -63.16 -9999.00 -9999.00 -9999.00 277.59 8.82 0.00
0.00 17981.02
70.60 -61.26 -9999.00 -9999.00 -9999.00 306.87 2.91 0.00
0.00 18829.52
62.20 -59.56 -9999.00 -9999.00 -9999.00 21.80 2.10 0.00
0.00 19618.35
54.30 -57.76 -9999.00 -9999.00 -9999.00 62.99 11.11 0.00
0.00 20471.16
46.90 -57.66 -9999.00 -9999.00 -9999.00 77.68 17.31 0.00
0.00 21395.06
40.10 -56.56 -9999.00 -9999.00 -9999.00 70.64 15.23 0.00
0.00 22385.63
33.80 -52.96 -9999.00 -9999.00 -9999.00 66.10 16.78 0.00
0.00 23478.22
27.80 -50.26 -9999.00 -9999.00 -9999.00 79.45 20.16 0.00
0.00 24745.51
22.30 -47.36 -9999.00 -9999.00 -9999.00 87.99 22.16 0.00
0.00 26193.14
17.10 -43.56 -9999.00 -9999.00 -9999.00 85.17 27.68 0.00
0.00 27962.70
12.30 -42.26 -9999.00 -9999.00 -9999.00 76.12 34.81 0.00
0.00 30183.21

STID = KMDW STNM = 725340 TIME = 200809/0600 
SLAT = 41.78 SLON = -87.75 SELV = 183.0
STIM = 14

SHOW = -0.98 LIFT = -4.18 SWET = 179.24 KINX = 32.62
LCLP = 953.52 PWAT = 39.60 TOTL = 48.62 CAPE = 1084.94
LCLT = 293.81 CINS = -119.02 EQLV = 220.09 LFCT = 725.38
BRCH = 45.98

PRES TMPC TMWC DWPC THTE DRCT SKNT OMEG
CFRL HGHT
996.00 24.34 22.26 21.37 345.49 200.22 3.92 0.00
0.00 191.82
992.90 24.64 22.21 21.18 345.76 201.99 10.90 0.00
0.00 219.25
987.50 24.64 22.14 21.08 346.29 203.72 14.01 0.00
0.00 267.25
978.00 24.34 22.07 21.11 347.48 212.07 19.02 0.00
0.00 352.29
964.00 23.64 21.34 20.34 346.51 216.56 21.52 0.00
0.00 478.90
946.00 23.34 19.80 18.17 342.86 214.23 22.79 0.00
0.00 644.04
924.70 22.24 19.24 17.85 343.95 207.04 20.94 0.10
0.00 842.98
901.30 20.64 18.15 16.96 343.34 205.71 17.46 0.30
0.00 1065.84
875.90 19.14 16.17 14.63 339.76 204.57 14.96 0.20
0.00 1312.94
847.70 18.04 14.03 11.74 336.47 194.04 12.82 0.00
0.00 1594.28
816.60 17.04 11.45 7.75 332.59 181.22 9.13 -0.20
0.00 1914.09
782.50 15.34 9.44 5.15 331.58 164.88 7.44 -0.40
0.00 2277.02
745.50 12.34 7.71 4.23 332.38 178.73 8.74 -0.40
0.00 2685.67
705.70 8.84 5.46 2.77 332.49 192.68 7.96 -0.20
0.00 3143.23
662.90 6.74 1.29 -4.52 328.29 258.69 0.99 0.00
0.00 3659.42
617.20 2.74 -2.64 -9.89 326.49 341.57 5.54 0.10
0.00 4241.71
569.10 -2.76 -6.92 -13.75 325.57 1.12 9.91 0.20
0.00 4891.45
522.50 -7.26 -11.36 -20.49 325.15 353.16 9.79 0.40
0.00 5562.76
480.50 -11.06 -14.60 -23.90 327.33 337.11 9.48 0.40
0.00 6210.80
443.00 -14.76 -17.68 -26.44 329.74 330.64 10.70 0.30
0.00 6830.19
409.20 -18.16 -21.45 -37.07 330.68 313.15 12.78 0.10
0.00 7426.78
378.60 -21.96 -24.97 -46.82 332.15 291.37 14.39 0.00
0.00 8002.67
351.00 -26.06 -28.53 -54.07 333.55 270.55 20.40 -0.10
0.00 8554.72
326.20 -30.36 -32.24 -57.43 334.60 260.54 23.64 -0.20
0.00 9080.11
303.80 -34.86 -36.13 -54.16 335.27 258.91 30.28 -0.20
0.00 9581.03
283.70 -38.06 -39.08 -57.08 337.21 258.96 32.46 -0.20
0.00 10055.30
265.60 -40.76 -41.65 -63.02 339.55 268.04 34.01 -0.10
0.00 10506.37
248.80 -43.96 -44.61 -61.32 341.23 270.66 33.80 -0.10
0.00 10947.80
233.60 -46.86 -47.37 -63.98 342.99 266.21 35.24 0.00
0.00 11368.05
219.60 -49.56 -49.98 -67.41 344.89 263.90 36.54 0.10
0.00 11774.98
205.70 -51.86 -52.20 -67.88 347.78 262.51 34.29 0.10
0.00 12200.74
191.70 -53.36 -53.68 -73.19 352.40 258.76 32.87 0.10
0.00 12655.78
177.70 -55.36 -55.63 -73.70 356.84 258.87 36.23 0.10
0.00 13141.45
163.80 -58.16 -58.37 -74.24 360.55 262.01 34.91 0.00
0.00 13657.36
149.80 -61.36 -61.50 -74.84 364.36 260.17 29.56 0.00
0.00 14215.43
135.90 -64.16 -64.26 -75.48 369.69 266.13 25.89 0.00
0.00 14815.15
121.90 -65.06 -9999.00 -9999.00 -9999.00 270.00 21.37 0.00
0.00 15478.80
108.00 -64.66 -9999.00 -9999.00 -9999.00 260.07 15.77 0.00
0.00 16216.96
94.00 -65.26 -9999.00 -9999.00 -9999.00 275.27 12.68 0.00
0.00 17063.03
81.00 -63.76 -9999.00 -9999.00 -9999.00 282.41 9.95 0.00
0.00 17972.05
70.60 -61.36 -9999.00 -9999.00 -9999.00 276.34 1.77 0.00
0.00 18819.14
62.20 -59.16 -9999.00 -9999.00 -9999.00 79.99 3.36 0.00
0.00 19608.53
54.30 -57.56 -9999.00 -9999.00 -9999.00 86.78 13.81 0.00
0.00 20462.52
46.90 -56.86 -9999.00 -9999.00 -9999.00 95.78 15.42 0.00
0.00 21388.57
40.10 -54.76 -9999.00 -9999.00 -9999.00 80.84 12.20 0.00
0.00 22385.10
33.80 -52.56 -9999.00 -9999.00 -9999.00 54.46 15.03 0.00
0.00 23483.20
27.80 -50.86 -9999.00 -9999.00 -9999.00 67.95 16.55 0.00
0.00 24749.91
22.30 -49.06 -9999.00 -9999.00 -9999.00 83.80 17.97 0.00
0.00 26190.13
17.10 -44.76 -9999.00 -9999.00 -9999.00 90.00 26.42 0.00
0.00 27948.42
12.30 -42.66 -9999.00 -9999.00 -9999.00 79.00 35.63 0.00
0.00 30161.21

STID = KMDW STNM = 725340 TIME = 200809/0700 
SLAT = 41.78 SLON = -87.75 SELV = 183.0
STIM = 15

SHOW = -0.42 LIFT = -3.82 SWET = 173.47 KINX = 29.86
LCLP = 969.72 PWAT = 38.34 TOTL = 47.79 CAPE = 1080.55
LCLT = 294.43 CINS = -109.33 EQLV = 223.98 LFCT = 713.59
BRCH = 44.91

PRES TMPC TMWC DWPC THTE DRCT SKNT OMEG
CFRL HGHT
996.00 23.54 22.28 21.72 345.58 205.20 3.65 0.00
0.00 192.68
993.10 23.84 22.28 21.60 346.02 208.61 12.16 0.00
0.00 218.27
987.50 23.84 22.20 21.49 346.55 210.20 15.05 0.00
0.00 267.92
978.00 23.44 21.96 21.31 346.99 216.11 20.44 0.10
0.00 352.73
964.00 23.14 21.01 20.06 345.09 217.87 22.14 0.10
3.00 479.05
946.10 22.84 20.08 18.83 344.02 210.62 22.13 0.20
0.00 642.99
924.70 21.84 19.03 17.71 343.10 205.17 21.46 0.20
0.00 842.58
901.30 20.34 17.67 16.36 341.44 203.43 19.06 0.20
0.00 1065.14
876.00 19.04 15.81 14.10 338.40 203.11 15.83 0.10
0.00 1311.01
847.80 17.84 13.77 11.41 335.55 197.61 12.84 0.10
0.00 1592.13
816.60 16.74 11.47 8.00 332.66 184.84 11.50 0.10
0.00 1912.66
782.60 15.04 8.89 4.23 329.88 175.91 10.90 0.20
0.00 2274.10
745.60 12.24 6.64 2.00 329.14 177.21 7.96 0.20
0.00 2682.23
705.80 9.34 4.96 1.26 331.00 196.50 5.48 0.30
0.00 3139.81
663.00 7.34 0.96 -6.32 327.33 320.19 1.52 0.20
0.00 3656.75
617.30 2.74 -2.74 -10.23 326.23 342.90 5.28 0.00
0.00 4239.46
569.20 -2.66 -6.99 -14.23 325.38 5.71 7.81 -0.10
0.00 4889.18
522.60 -7.06 -11.15 -20.09 325.54 358.67 8.35 -0.10
0.00 5560.73
480.60 -10.96 -14.41 -23.15 327.71 342.03 7.56 0.00
0.00 6209.04
443.00 -14.86 -17.82 -26.89 329.47 327.43 8.29 0.00
0.00 6830.03
409.20 -18.26 -21.48 -36.57 330.63 309.81 10.63 0.00
0.00 7426.37
378.60 -22.16 -25.03 -44.20 332.08 286.76 16.84 0.00
0.00 8001.94
351.00 -26.36 -28.73 -51.95 333.23 271.61 20.78 0.00
0.00 8553.45
326.20 -30.86 -32.62 -54.68 333.99 260.61 26.18 -0.10
0.00 9077.98
303.80 -35.26 -36.48 -54.16 334.70 261.93 27.66 0.00
0.00 9577.97
283.70 -38.26 -39.28 -58.54 336.88 264.29 29.27 0.00
0.00 10051.64
265.60 -41.16 -41.99 -60.81 339.01 270.37 30.11 0.10
0.00 10502.13
248.80 -44.06 -44.70 -61.32 341.08 267.87 31.29 0.10
0.00 10943.08
233.60 -46.86 -47.40 -66.97 342.94 262.60 34.67 0.10
0.00 11363.24
219.60 -49.26 -49.69 -67.41 345.35 261.35 36.15 0.10
0.00 11770.44
205.70 -51.26 -51.62 -67.88 348.72 259.70 34.75 0.10
0.00 12197.06
191.70 -53.06 -53.40 -73.19 352.88 258.31 34.52 0.00
0.00 12653.02
177.70 -55.46 -55.73 -73.70 356.68 261.21 35.59 0.00
0.00 13138.92
163.80 -58.06 -58.27 -74.24 360.72 261.38 32.42 0.00
0.00 13654.83
149.80 -60.96 -61.11 -74.84 365.05 255.22 28.92 0.00
0.00 14213.56
135.90 -63.76 -63.87 -75.48 370.40 257.38 26.67 0.00
0.00 14814.42
121.90 -64.96 -9999.00 -9999.00 -9999.00 259.00 21.37 0.00
0.00 15478.86
108.00 -65.26 -9999.00 -9999.00 -9999.00 250.74 17.07 0.00
0.00 16216.13
94.00 -65.56 -9999.00 -9999.00 -9999.00 265.39 12.08 0.00
0.00 17060.37
81.00 -63.16 -9999.00 -9999.00 -9999.00 261.03 7.48 0.00
0.00 17970.05
70.60 -60.46 -9999.00 -9999.00 -9999.00 192.09 2.78 0.00
0.00 18820.16
62.20 -59.06 -9999.00 -9999.00 -9999.00 77.01 2.58 0.00
0.00 19611.40
54.30 -57.76 -9999.00 -9999.00 -9999.00 92.91 11.48 0.00
0.00 20465.20
46.90 -56.16 -9999.00 -9999.00 -9999.00 91.76 12.63 0.00
0.00 21392.32
40.10 -54.46 -9999.00 -9999.00 -9999.00 73.81 12.55 0.00
0.00 22391.14
33.80 -52.96 -9999.00 -9999.00 -9999.00 62.42 14.69 0.00
0.00 23488.98
27.80 -50.56 -9999.00 -9999.00 -9999.00 79.76 16.38 0.00
0.00 24755.41
22.30 -48.86 -9999.00 -9999.00 -9999.00 89.39 18.26 0.00
0.00 26197.24
17.10 -45.36 -9999.00 -9999.00 -9999.00 82.01 22.36 0.00
0.00 27953.98
12.30 -42.66 -9999.00 -9999.00 -9999.00 71.57 32.56 0.00
0.00 30163.87

STID = KMDW STNM = 725340 TIME = 200809/0800 
SLAT = 41.78 SLON = -87.75 SELV = 183.0
STIM = 16

SHOW = -1.13 LIFT = -4.26 SWET = 181.56 KINX = 29.15
LCLP = 976.88 PWAT = 38.39 TOTL = 48.60 CAPE = 1128.94
LCLT = 294.61 CINS = -108.88 EQLV = 219.31 LFCT = 654.38
BRCH = 55.85

PRES TMPC TMWC DWPC THTE DRCT SKNT OMEG
CFRL HGHT
995.30 23.04 22.18 21.77 345.23 218.66 3.73 0.00
0.00 192.67
992.40 23.24 22.16 21.67 345.61 219.23 12.30 0.00
0.00 218.23
986.80 23.04 22.01 21.54 345.83 219.24 15.05 0.00
0.00 267.80
977.40 22.74 21.64 21.14 345.71 220.97 19.56 0.00
0.00 351.56
963.40 22.44 21.04 20.40 345.32 218.33 21.29 0.00
5.00 477.67
945.50 22.34 20.46 19.61 345.70 207.90 22.42 0.00
0.00 641.43
924.10 21.24 19.28 18.37 344.24 205.23 22.34 0.10
0.00 840.86
900.70 20.04 17.63 16.44 341.37 204.35 20.26 0.10
0.00 1063.27
875.40 18.64 15.86 14.39 338.68 204.50 16.86 0.10
0.00 1309.04
847.20 17.24 14.02 12.20 336.54 199.21 13.58 0.00
0.00 1589.93
816.10 16.64 11.62 8.38 333.27 194.04 12.00 0.10
0.00 1909.34
782.10 15.34 8.47 3.00 328.63 193.43 13.38 0.10
0.00 2271.09
745.20 12.54 5.90 -0.09 327.02 182.34 9.52 0.10
0.00 2678.61
705.40 9.74 4.71 0.31 330.32 188.13 5.50 0.10
0.00 3136.84
662.70 7.44 0.78 -7.03 326.89 33.69 0.70 0.10
0.00 3653.20
617.00 2.54 -2.79 -10.02 326.19 360.00 4.47 0.10
0.00 4236.06
569.00 -2.96 -7.02 -13.70 325.38 17.24 5.91 0.10
0.00 4884.13
522.40 -7.46 -11.11 -18.70 325.71 13.13 5.98 0.10
0.00 5555.11
480.50 -11.16 -14.39 -22.36 327.78 345.26 3.81 0.20
0.00 6201.39
442.90 -14.76 -17.75 -26.89 329.62 319.40 5.38 0.20
0.00 6822.41
409.10 -18.16 -21.39 -36.33 330.82 303.02 9.27 0.10
0.00 7419.13
378.50 -22.06 -25.01 -45.69 332.13 284.49 17.85 0.00
0.00 7995.07
351.00 -26.46 -28.83 -52.95 333.05 268.58 23.50 -0.10
0.00 8544.64
326.20 -31.56 -33.11 -50.10 333.23 265.63 28.05 -0.10
0.00 9068.33
303.80 -35.16 -36.37 -53.17 334.88 263.70 28.34 -0.10
0.00 9567.70
283.70 -38.06 -39.11 -58.54 337.17 269.60 27.97 0.00
0.00 10041.67
265.60 -41.06 -41.87 -59.06 339.20 269.61 28.55 0.00
0.00 10492.45
248.80 -43.96 -44.61 -61.32 341.23 264.29 33.18 0.00
0.00 10933.60
233.60 -47.16 -47.66 -63.98 342.53 262.53 35.86 0.00
0.00 11353.57
219.60 -49.66 -50.07 -67.41 344.73 260.39 36.05 0.00
0.00 11760.14
205.70 -51.66 -52.01 -67.88 348.09 258.69 34.67 0.00
0.00 12185.99
191.70 -53.36 -53.68 -73.19 352.40 259.52 34.17 0.00
0.00 12641.24
177.70 -55.36 -55.63 -73.70 356.84 262.43 33.90 0.00
0.00 13126.91
163.80 -57.76 -57.98 -74.24 361.22 260.01 31.35 0.00
0.00 13643.30
149.80 -60.86 -61.02 -74.84 365.22 253.59 29.56 -0.10
0.00 14202.55
135.90 -64.06 -64.17 -75.48 369.87 258.07 28.19 -0.10
0.00 14803.12
121.90 -65.26 -9999.00 -9999.00 -9999.00 257.80 22.07 -0.10
0.00 15466.61
108.00 -65.96 -9999.00 -9999.00 -9999.00 250.27 18.98 0.00
0.00 16202.11
94.00 -65.36 -9999.00 -9999.00 -9999.00 262.57 13.52 0.00
0.00 17045.33
81.00 -62.56 -9999.00 -9999.00 -9999.00 255.26 7.63 0.00
0.00 17956.76
70.60 -60.16 -9999.00 -9999.00 -9999.00 229.40 1.79 0.00
0.00 18808.67
62.20 -58.96 -9999.00 -9999.00 -9999.00 35.22 4.04 0.00
0.00 19600.66
54.30 -57.66 -9999.00 -9999.00 -9999.00 75.68 9.42 0.00
0.00 20454.85
46.90 -56.06 -9999.00 -9999.00 -9999.00 79.16 9.30 0.00
0.00 21382.40
40.10 -54.16 -9999.00 -9999.00 -9999.00 70.56 10.51 0.00
0.00 22382.14
33.80 -52.26 -9999.00 -9999.00 -9999.00 69.08 14.14 0.00
0.00 23482.48
27.80 -49.46 -9999.00 -9999.00 -9999.00 68.63 14.39 0.00
0.00 24754.06
22.30 -47.96 -9999.00 -9999.00 -9999.00 69.61 16.16 0.00
0.00 26202.34
17.10 -45.76 -9999.00 -9999.00 -9999.00 68.89 21.04 0.00
0.00 27961.02
12.30 -42.86 -9999.00 -9999.00 -9999.00 78.76 32.87 0.00
0.00 30168.03

STID = KMDW STNM = 725340 TIME = 200809/0900 
SLAT = 41.78 SLON = -87.75 SELV = 183.0
STIM = 17

SHOW = -0.90 LIFT = -3.48 SWET = 177.12 KINX = 28.47
LCLP = 980.47 PWAT = 37.89 TOTL = 48.09 CAPE = 908.79
LCLT = 294.52 CINS = -154.68 EQLV = 226.35 LFCT = 643.57
BRCH = 48.29

PRES TMPC TMWC DWPC THTE DRCT SKNT OMEG
CFRL HGHT
995.30 22.64 21.96 21.62 344.28 212.74 3.22 0.00
0.00 191.78
992.30 22.74 21.95 21.56 344.68 219.14 10.76 0.10
0.00 218.18
986.80 22.54 21.81 21.45 344.95 220.33 13.50 0.10
0.00 266.78
977.30 22.24 21.47 21.10 344.99 221.99 18.30 0.20
0.00 351.30
963.30 21.94 20.71 20.13 343.94 220.60 21.48 0.30
11.00 477.19
945.40 21.74 19.63 18.65 342.31 215.75 23.93 0.30
0.00 640.61
924.00 20.74 19.04 18.23 343.27 207.22 22.94 0.30
0.00 839.62
900.70 19.44 17.75 16.91 341.85 201.80 21.97 0.30
0.00 1060.69
875.40 18.24 16.03 14.87 339.31 200.39 16.16 0.30
0.00 1306.10
847.10 17.34 14.05 12.19 336.66 195.57 12.30 0.30
0.00 1587.89
816.00 16.84 11.43 7.87 332.65 193.60 12.39 0.30
0.00 1907.48
782.00 15.64 8.15 1.94 327.64 194.23 14.22 0.30
0.00 2269.51
745.20 12.64 5.68 -0.75 326.40 181.94 11.46 0.20
0.00 2676.15
705.40 9.84 4.59 -0.09 329.95 178.09 5.83 0.10
0.00 3134.48
662.60 7.44 0.67 -7.38 326.62 98.13 1.38 0.10
0.00 3652.15
617.00 2.44 -2.83 -9.98 326.10 20.22 3.92 0.00
0.00 4233.65
569.00 -2.96 -7.07 -13.86 325.28 25.46 4.53 0.00
0.00 4881.61
522.40 -7.26 -10.97 -18.63 325.99 10.01 3.36 0.00
0.00 5552.83
480.50 -10.76 -14.13 -22.36 328.28 284.04 2.41 0.00
0.00 6199.85
442.90 -14.66 -17.59 -26.33 329.93 289.80 5.17 0.00
0.00 6821.47
409.10 -18.26 -21.35 -34.99 330.91 287.74 10.20 -0.10
0.00 7418.21
378.50 -22.36 -25.28 -46.82 331.65 284.18 18.24 -0.10
0.00 7993.70
351.00 -26.96 -29.26 -54.07 332.34 272.39 23.33 -0.10
0.00 8542.39
326.20 -32.06 -33.53 -50.10 332.54 267.32 24.88 -0.10
0.00 9065.00
303.80 -35.26 -36.48 -54.16 334.70 264.08 26.36 0.00
0.00 9563.74
283.70 -37.86 -38.93 -58.54 337.46 267.08 26.65 0.00
0.00 10037.81
265.60 -40.86 -41.64 -56.36 339.57 265.27 30.59 0.00
0.00 10488.99
248.80 -44.26 -44.91 -63.51 340.74 265.80 34.48 0.00
0.00 10930.04
233.60 -47.46 -47.94 -63.98 342.08 263.73 35.57 0.00
0.00 11349.45
219.60 -50.06 -50.43 -64.44 344.16 260.85 35.41 0.00
0.00 11755.39
205.70 -52.16 -52.48 -67.88 347.31 260.22 34.30 0.00
0.00 12180.39
191.70 -53.86 -54.16 -73.19 351.60 262.25 33.14 0.00
0.00 12634.60
177.70 -55.66 -55.92 -73.70 356.35 262.27 31.76 0.00
0.00 13119.38
163.80 -58.06 -58.27 -74.24 360.72 256.05 29.82 0.00
0.00 13635.06
149.80 -61.06 -61.21 -74.84 364.88 248.75 30.01 0.00
0.00 14193.65
135.90 -64.06 -64.17 -75.48 369.87 254.05 28.28 0.00
0.00 14793.94
121.90 -65.26 -9999.00 -9999.00 -9999.00 250.78 22.42 0.00
0.00 15457.43
108.00 -65.76 -9999.00 -9999.00 -9999.00 249.88 20.90 0.00
0.00 16193.28
94.00 -64.86 -9999.00 -9999.00 -9999.00 271.49 14.96 0.00
0.00 17037.93
81.00 -62.86 -9999.00 -9999.00 -9999.00 272.79 7.96 0.00
0.00 17949.79
70.60 -61.36 -9999.00 -9999.00 -9999.00 305.54 1.67 0.00
0.00 18798.69
62.20 -59.96 -9999.00 -9999.00 -9999.00 42.14 5.50 0.00
0.00 19586.59
54.30 -58.46 -9999.00 -9999.00 -9999.00 74.65 10.28 0.00
0.00 20437.21
46.90 -57.16 -9999.00 -9999.00 -9999.00 82.87 10.96 0.00
0.00 21360.68
40.10 -54.86 -9999.00 -9999.00 -9999.00 66.91 12.88 0.00
0.00 22356.29
33.80 -52.06 -9999.00 -9999.00 -9999.00 71.97 17.56 0.00
0.00 23455.39
27.80 -49.66 -9999.00 -9999.00 -9999.00 71.19 18.67 0.00
0.00 24726.97
22.30 -48.36 -9999.00 -9999.00 -9999.00 78.45 18.43 0.00
0.00 26173.31
17.10 -45.56 -9999.00 -9999.00 -9999.00 78.89 22.16 0.00
0.00 27931.21
12.30 -43.06 -9999.00 -9999.00 -9999.00 80.37 33.68 0.00
0.00 30138.22

STID = KMDW STNM = 725340 TIME = 200809/1000 
SLAT = 41.78 SLON = -87.75 SELV = 183.0
STIM = 18

SHOW = -0.47 LIFT = -2.39 SWET = 166.55 KINX = 27.83
LCLP = 984.12 PWAT = 36.32 TOTL = 47.73 CAPE = 595.84
LCLT = 294.35 CINS = -259.70 EQLV = 251.72 LFCT = 626.78
BRCH = 40.50

PRES TMPC TMWC DWPC THTE DRCT SKNT OMEG
CFRL HGHT
995.20 22.14 21.65 21.38 342.97 191.31 2.97 0.00
0.00 192.64
992.20 22.34 21.72 21.40 343.73 209.60 9.83 0.00
0.00 219.00
986.70 22.24 21.60 21.28 344.09 213.44 12.33 0.10
0.00 267.55
977.20 21.84 21.04 20.64 343.16 218.87 16.72 0.10
11.00 351.95
963.30 21.64 19.88 19.05 340.56 218.31 20.05 0.20
12.00 476.75
945.40 21.94 18.90 17.43 339.36 211.84 21.72 0.30
0.00 640.04
924.00 20.94 18.31 17.03 340.37 203.27 21.15 0.30
0.00 839.06
900.70 19.74 17.06 15.70 339.19 201.16 19.37 0.40
0.00 1060.18
875.40 18.54 15.76 14.29 338.33 197.49 14.86 0.40
0.00 1305.74
847.20 17.74 13.82 11.55 335.80 192.76 10.55 0.30
0.00 1586.78
816.10 17.44 11.03 6.59 331.26 194.04 12.00 0.30
0.00 1906.76
782.10 16.14 7.94 0.89 326.96 192.62 13.34 0.30
0.00 2269.31
745.20 12.84 5.88 -0.47 326.94 180.00 11.46 0.20
0.00 2677.49
705.40 9.94 4.52 -0.34 329.77 174.09 5.67 0.20
0.00 3136.07
662.70 7.44 0.61 -7.57 326.45 105.95 1.42 0.20
0.00 3652.55
617.10 2.44 -2.79 -9.84 326.19 18.43 3.69 0.20
0.00 4233.96
569.00 -2.96 -7.09 -13.96 325.22 14.04 4.00 0.20
0.00 4883.22
522.40 -7.26 -10.96 -18.56 326.03 333.43 2.60 0.20
0.00 5554.44
480.50 -10.66 -14.03 -22.19 328.47 258.69 3.96 0.10
0.00 6201.58
442.90 -14.76 -17.45 -25.10 330.21 275.91 5.67 0.00
0.00 6823.23
409.10 -18.56 -21.41 -33.24 330.85 284.57 10.04 -0.10
0.00 7419.55
378.50 -22.56 -25.47 -48.10 331.31 285.75 15.73 -0.10
0.00 7994.48
351.00 -27.46 -29.64 -52.95 331.70 271.09 20.40 -0.10
0.00 8542.39
326.20 -32.16 -33.62 -50.10 332.40 261.25 23.00 0.00
0.00 9064.36
303.80 -35.26 -36.48 -54.16 334.70 263.06 22.49 0.00
0.00 9563.00
283.70 -37.56 -38.64 -57.08 337.93 260.75 25.39 0.10
0.00 10037.37
265.60 -40.76 -41.60 -59.06 339.64 262.96 31.70 0.10
0.00 10488.93
248.80 -44.46 -45.10 -63.51 340.44 263.96 33.22 0.10
0.00 10929.88
233.60 -47.56 -48.03 -63.98 341.93 261.68 33.57 0.10
0.00 11349.02
219.60 -49.96 -50.36 -67.41 344.27 258.04 33.76 0.10
0.00 11754.96
205.70 -51.96 -52.29 -67.88 347.62 258.69 32.69 0.10
0.00 12180.24
191.70 -53.66 -53.97 -73.19 351.92 260.18 30.75 0.10
0.00 12634.86
177.70 -55.46 -55.73 -73.70 356.68 258.47 30.13 0.10
0.00 13120.09
163.80 -57.86 -58.07 -74.24 361.05 252.95 30.48 0.10
0.00 13636.24
149.80 -60.96 -61.11 -74.84 365.05 249.24 31.78 0.00
0.00 14195.23
135.90 -63.86 -63.97 -75.48 370.22 256.69 29.55 0.00
0.00 14795.95
121.90 -65.26 -9999.00 -9999.00 -9999.00 253.99 23.23 0.00
0.00 15459.76
108.00 -65.96 -9999.00 -9999.00 -9999.00 248.29 21.54 0.00
0.00 16195.25
94.00 -64.46 -9999.00 -9999.00 -9999.00 263.91 14.65 0.00
0.00 17040.31
81.00 -63.06 -9999.00 -9999.00 -9999.00 249.44 6.64 0.00
0.00 17952.60
70.60 -62.36 -9999.00 -9999.00 -9999.00 225.00 1.38 0.00
0.00 18799.09
62.20 -61.06 -9999.00 -9999.00 -9999.00 58.67 5.23 0.00
0.00 19583.10
54.30 -59.36 -9999.00 -9999.00 -9999.00 82.75 10.76 0.00
0.00 20429.74
46.90 -58.16 -9999.00 -9999.00 -9999.00 92.77 12.06 0.00
0.00 21349.14
40.10 -55.46 -9999.00 -9999.00 -9999.00 61.45 15.03 0.00
0.00 22341.09
33.80 -52.66 -9999.00 -9999.00 -9999.00 72.74 20.96 0.00
0.00 23437.18
27.80 -50.56 -9999.00 -9999.00 -9999.00 82.02 20.98 0.00
0.00 24704.47
22.30 -48.46 -9999.00 -9999.00 -9999.00 80.18 20.49 0.00
0.00 26147.58
17.10 -45.66 -9999.00 -9999.00 -9999.00 75.96 24.03 0.00
0.00 27904.71
12.30 -43.26 -50.83 -89.89 807.85 78.35 31.74 0.00
0.00 30110.28

STID = KMDW STNM = 725340 TIME = 200809/1100 
SLAT = 41.78 SLON = -87.75 SELV = 183.0
STIM = 19

SHOW = -0.31 LIFT = -2.34 SWET = 162.59 KINX = 27.33
LCLP = 982.19 PWAT = 36.12 TOTL = 47.78 CAPE = 542.18
LCLT = 294.05 CINS = -297.86 EQLV = 274.98 LFCT = 625.72
BRCH = 35.60

PRES TMPC TMWC DWPC THTE DRCT SKNT OMEG
CFRL HGHT
995.60 22.04 21.44 21.12 342.03 188.13 4.12 0.00
0.00 191.76
992.60 22.04 21.40 21.07 342.33 197.78 10.82 0.00
0.00 218.09
987.10 21.84 21.24 20.93 342.51 200.85 13.09 0.10
0.00 266.54
977.60 21.44 20.74 20.38 341.87 208.03 16.94 0.10
8.00 350.78
963.60 20.84 19.85 19.35 340.37 211.88 18.76 0.10
16.00 476.17
945.70 21.34 19.08 17.99 340.03 209.74 18.78 0.20
2.00 639.07
924.30 20.94 18.21 16.87 339.92 202.15 18.03 0.30
0.00 837.84
901.00 20.24 17.16 15.60 339.51 198.87 16.22 0.30
0.00 1059.06
875.70 19.24 15.70 13.81 338.04 197.90 13.27 0.30
0.00 1305.01
847.50 18.14 13.70 11.09 335.32 194.28 11.03 0.30
0.00 1586.42
816.40 17.54 11.03 6.51 331.21 196.89 11.36 0.20
0.00 1906.53
782.40 16.34 8.02 0.87 327.12 189.78 11.44 0.10
0.00 2269.13
745.50 13.14 5.77 -1.09 326.57 175.43 9.75 0.10
0.00 2677.48
705.60 10.14 4.49 -0.63 329.63 163.30 4.06 0.00
0.00 3137.40
662.90 7.44 0.54 -7.81 326.23 45.00 2.20 0.00
0.00 3653.89
617.30 2.34 -2.81 -9.75 326.10 11.69 5.75 0.00
0.00 4235.01
569.20 -2.96 -7.13 -14.12 325.09 3.95 5.65 0.00
0.00 4883.92
522.50 -7.26 -10.94 -18.49 326.04 327.72 4.37 0.00
0.00 5556.40
480.60 -10.76 -13.98 -21.61 328.57 267.80 5.05 0.00
0.00 6203.31
443.00 -15.06 -17.37 -23.53 330.39 270.00 6.22 0.10
0.00 6824.39
409.20 -19.06 -21.48 -30.67 330.74 276.63 8.41 0.10
0.00 7419.70
378.60 -22.96 -25.72 -46.23 330.87 276.01 11.13 0.10
0.00 7993.49
351.00 -27.86 -29.95 -51.95 331.20 266.33 15.19 0.10
0.00 8542.44
326.20 -31.86 -33.36 -50.10 332.82 255.53 18.65 0.10
0.00 9064.30
303.80 -34.16 -35.57 -56.53 336.17 253.35 21.70 0.10
0.00 9564.40
283.70 -36.96 -38.11 -57.08 338.79 252.87 29.68 0.00
0.00 10040.47
265.60 -40.66 -41.53 -60.81 339.74 257.47 32.25 0.00
0.00 10492.70
248.80 -44.46 -45.10 -63.51 340.44 258.08 31.97 0.00
0.00 10933.75
233.60 -47.56 -48.03 -63.98 341.93 254.57 32.85 0.00
0.00 11352.89
219.60 -50.06 -50.45 -67.41 344.12 254.69 33.84 0.00
0.00 11758.74
205.70 -51.96 -52.29 -67.88 347.62 257.55 32.42 0.00
0.00 12183.92
191.70 -53.56 -53.88 -73.19 352.08 259.47 30.83 0.00
0.00 12638.65
177.70 -55.56 -55.83 -73.70 356.51 259.47 30.83 0.00
0.00 13123.87
163.80 -58.16 -58.37 -74.24 360.55 257.20 30.67 0.00
0.00 13639.55
149.80 -61.06 -61.21 -74.84 364.88 253.57 31.59 0.00
0.00 14198.01
135.90 -63.66 -63.77 -75.48 370.58 258.31 28.77 0.00
0.00 14798.88
121.90 -64.86 -9999.00 -9999.00 -9999.00 249.85 22.55 0.00
0.00 15463.64
108.00 -65.06 -9999.00 -9999.00 -9999.00 244.38 21.11 0.00
0.00 16201.44
94.00 -63.76 -9999.00 -9999.00 -9999.00 258.37 13.48 0.00
0.00 17049.74
81.00 -63.26 -9999.00 -9999.00 -9999.00 242.74 7.21 0.00
0.00 17963.13
70.60 -62.66 -9999.00 -9999.00 -9999.00 257.47 3.57 0.00
0.00 18808.61
62.20 -60.86 -9999.00 -9999.00 -9999.00 42.88 3.71 0.00
0.00 19592.43
54.30 -59.16 -9999.00 -9999.00 -9999.00 83.66 8.80 0.00
0.00 20439.87
46.90 -58.16 -9999.00 -9999.00 -9999.00 83.54 10.35 0.00
0.00 21359.70
40.10 -55.06 -9999.00 -9999.00 -9999.00 60.42 16.53 0.00
0.00 22352.56
33.80 -51.56 -9999.00 -9999.00 -9999.00 72.65 19.54 0.00
0.00 23452.40
27.80 -49.66 -9999.00 -9999.00 -9999.00 81.06 17.50 0.00
0.00 24725.41
22.30 -48.46 -9999.00 -9999.00 -9999.00 70.02 18.18 0.00
0.00 26171.43
17.10 -45.36 -9999.00 -9999.00 -9999.00 70.82 23.66 0.00
0.00 27929.72
12.30 -43.16 -9999.00 -9999.00 -9999.00 83.42 30.50 0.00
0.00 30137.21

STID = KMDW STNM = 725340 TIME = 200809/1200 
SLAT = 41.78 SLON = -87.75 SELV = 183.0
STIM = 20

SHOW = -0.96 LIFT = -2.74 SWET = 171.19 KINX = 28.01
LCLP = 977.92 PWAT = 37.06 TOTL = 48.43 CAPE = 590.85
LCLT = 293.96 CINS = -273.24 EQLV = 245.76 LFCT = 629.46
BRCH = 50.66

PRES TMPC TMWC DWPC THTE DRCT SKNT OMEG
CFRL HGHT
995.80 22.34 21.52 21.11 342.33 206.57 4.35 0.00
0.00 192.64
992.80 22.04 21.26 20.87 341.72 210.17 9.65 0.00
0.00 218.97
987.30 21.64 21.02 20.70 341.57 211.14 10.90 0.00
0.00 267.40
977.80 21.24 20.63 20.30 341.37 214.93 14.92 0.00
2.00 351.56
963.90 20.54 20.05 19.77 341.12 219.29 16.57 0.00
20.00 475.93
945.90 20.24 19.51 19.13 341.73 221.05 15.97 -0.10
13.00 639.37
924.50 20.64 18.69 17.75 341.78 213.06 14.61 -0.10
2.00 837.73
901.20 20.04 17.64 16.46 341.35 209.85 13.66 -0.10
0.00 1058.81
875.90 19.24 16.19 14.61 339.83 204.90 11.99 -0.10
0.00 1304.71
847.60 18.04 14.15 11.94 336.89 198.10 10.63 0.00
0.00 1587.13
816.50 17.34 11.46 7.55 332.62 193.50 9.98 0.00
0.00 1907.15
782.40 16.24 8.04 1.03 327.19 181.06 10.49 0.10
0.00 2270.67
745.50 13.34 5.32 -2.63 325.23 168.69 9.91 0.10
0.00 2679.03
705.70 10.14 4.46 -0.71 329.53 155.22 5.56 0.10
0.00 3137.85
663.00 7.34 0.60 -7.45 326.38 81.87 2.74 0.10
0.00 3654.19
617.30 2.34 -2.75 -9.54 326.26 27.55 5.03 0.20
0.00 4236.46
569.20 -2.96 -7.11 -14.01 325.15 14.62 4.62 0.20
0.00 4885.38
522.60 -7.16 -10.86 -18.41 326.18 315.00 3.03 0.20
0.00 5556.48
480.60 -10.76 -13.90 -21.21 328.74 252.90 5.28 0.20
0.00 6205.01
443.00 -14.86 -17.28 -23.79 330.55 255.07 6.02 0.20
0.00 6826.34
409.20 -18.76 -21.63 -33.99 330.42 263.37 8.41 0.20
0.00 7422.18
378.60 -22.86 -25.88 -58.02 330.52 263.56 12.12 0.10
0.00 7996.37
351.00 -28.16 -30.09 -48.11 331.00 255.15 16.69 0.00
0.00 8545.09
326.20 -31.56 -33.13 -50.86 333.19 248.72 19.81 -0.10
0.00 9066.96
303.80 -33.96 -35.42 -58.00 336.41 246.68 24.53 -0.20
0.00 9567.57
283.70 -37.26 -38.42 -60.30 338.27 254.10 30.50 -0.20
0.00 10043.54
265.60 -41.06 -41.90 -60.81 339.15 255.88 31.04 -0.20
0.00 10495.09
248.80 -44.66 -45.26 -61.32 340.18 252.62 29.91 -0.10
0.00 10935.57
233.60 -47.76 -48.22 -63.98 341.62 249.48 32.15 -0.10
0.00 11354.34
219.60 -50.26 -50.62 -64.44 343.85 251.78 32.30 0.00
0.00 11759.83
205.70 -51.86 -52.20 -67.88 347.78 255.53 31.10 0.00
0.00 12184.92
191.70 -53.56 -53.85 -68.39 352.13 259.32 31.43 0.00
0.00 12639.75
177.70 -55.86 -56.12 -73.70 356.02 261.72 32.38 0.00
0.00 13124.65
163.80 -58.46 -58.66 -74.24 360.04 262.07 30.98 0.00
0.00 13639.61
149.80 -61.26 -61.41 -74.84 364.54 257.06 29.51 0.00
0.00 14197.42
135.90 -63.56 -63.68 -75.48 370.75 259.95 27.82 0.00
0.00 14798.14
121.90 -64.86 -9999.00 -9999.00 -9999.00 252.68 22.18 0.00
0.00 15463.06
108.00 -65.46 -9999.00 -9999.00 -9999.00 249.19 20.78 0.00
0.00 16200.15
94.00 -64.46 -9999.00 -9999.00 -9999.00 256.19 12.20 0.00
0.00 17046.22
81.00 -63.36 -9999.00 -9999.00 -9999.00 240.46 6.70 0.00
0.00 17957.86
70.60 -61.36 -9999.00 -9999.00 -9999.00 273.81 2.91 0.00
0.00 18805.75
62.20 -59.16 -9999.00 -9999.00 -9999.00 65.77 4.25 0.00
0.00 19595.14
54.30 -58.06 -9999.00 -9999.00 -9999.00 85.10 6.82 0.00
0.00 20448.14
46.90 -57.56 -9999.00 -9999.00 -9999.00 71.15 8.41 0.00
0.00 21371.62
40.10 -55.96 -9999.00 -9999.00 -9999.00 60.52 15.40 0.00
0.00 22363.79
33.80 -53.46 -9999.00 -9999.00 -9999.00 73.54 17.83 0.00
0.00 23456.63
27.80 -51.06 -9999.00 -9999.00 -9999.00 85.87 16.16 0.00
0.00 24720.20
22.30 -47.86 -9999.00 -9999.00 -9999.00 74.69 19.13 0.00
0.00 26163.64
17.10 -44.46 -9999.00 -9999.00 -9999.00 74.41 26.01 0.00
0.00 27927.76
12.30 -43.06 -9999.00 -9999.00 -9999.00 81.12 31.45 0.00
0.00 30140.07

STID = KMDW STNM = 725340 TIME = 200809/1300 
SLAT = 41.78 SLON = -87.75 SELV = 183.0
STIM = 21

SHOW = -1.64 LIFT = -3.15 SWET = 185.45 KINX = 27.36
LCLP = 968.22 PWAT = 37.51 TOTL = 49.12 CAPE = 700.71
LCLT = 293.92 CINS = -247.10 EQLV = 242.36 LFCT = 634.21
BRCH = 136.49

PRES TMPC TMWC DWPC THTE DRCT SKNT OMEG
CFRL HGHT
995.80 23.14 21.83 21.23 343.65 207.55 5.03 0.00
0.00 192.67
992.80 22.84 21.58 21.00 343.06 207.26 7.21 0.00
0.00 219.07
987.40 22.24 21.27 20.81 342.60 210.07 8.53 0.00
0.00 266.73
977.90 21.44 20.82 20.49 342.14 210.62 11.05 0.10
0.00 351.00
963.90 20.54 20.19 19.98 341.71 213.69 12.61 0.10
9.00 476.32
945.90 19.64 19.54 19.43 341.83 218.40 13.13 0.10
59.00 639.62
924.50 19.84 19.02 18.60 343.11 217.04 12.90 0.00
15.00 837.57
901.20 19.44 18.14 17.49 343.29 215.22 12.12 0.10
5.00 1058.24
875.80 18.54 16.81 15.94 342.23 203.86 11.05 0.10
4.00 1304.72
847.50 17.94 14.57 12.72 338.44 187.39 10.59 0.30
0.00 1586.92
816.40 17.44 11.43 7.42 332.54 178.99 11.07 0.40
0.00 1907.02
782.40 16.34 7.72 0.08 326.23 170.38 11.62 0.40
0.00 2269.58
745.50 13.64 4.93 -4.24 324.09 164.20 10.70 0.40
0.00 2678.12
705.70 10.54 4.20 -1.81 328.76 156.19 7.23 0.40
0.00 3137.39
663.00 7.34 0.52 -7.73 326.16 113.20 2.95 0.30
0.00 3654.01
617.30 2.34 -2.80 -9.71 326.13 42.71 3.44 0.20
0.00 4236.26
569.20 -2.96 -7.13 -14.12 325.09 9.46 2.37 0.10
0.00 4885.18
522.60 -7.16 -10.86 -18.41 326.18 283.39 4.20 -0.10
0.00 5556.28
480.60 -10.76 -13.85 -20.98 328.84 259.29 7.32 -0.10
0.00 6204.81
443.00 -14.96 -17.30 -23.53 330.52 260.27 6.90 -0.10
0.00 6826.02
409.20 -18.96 -21.83 -34.58 330.05 268.64 8.16 -0.10
0.00 7421.52
378.60 -23.06 -26.08 -63.40 330.17 270.00 10.68 -0.10
0.00 7995.25
351.00 -28.26 -30.18 -48.11 330.86 255.07 15.07 0.00
0.00 8543.63
326.20 -31.66 -33.21 -50.86 333.05 247.56 19.33 0.00
0.00 9065.28
303.80 -34.26 -35.66 -56.53 336.03 251.70 25.37 0.00
0.00 9565.48
283.70 -37.56 -38.66 -58.54 337.89 254.11 27.66 0.00
0.00 10040.85
265.60 -40.96 -41.81 -60.81 339.30 248.27 28.87 0.00
0.00 10492.21
248.80 -44.46 -45.10 -63.51 340.44 244.37 31.88 0.00
0.00 10932.97
233.60 -47.46 -47.94 -63.98 342.08 246.10 33.57 0.00
0.00 11352.20
219.60 -49.56 -49.95 -64.44 344.93 251.88 33.10 -0.10
0.00 11758.59
205.70 -51.66 -52.01 -67.88 348.09 258.89 33.26 -0.10
0.00 12184.55
191.70 -54.16 -54.43 -68.39 351.16 264.29 33.18 -0.10
0.00 12638.97
177.70 -56.86 -57.08 -73.70 354.38 265.12 31.97 -0.10
0.00 13122.09
163.80 -59.16 -59.34 -74.24 358.87 264.25 29.10 0.00
0.00 13635.02
149.80 -61.46 -9999.00 -9999.00 -9999.00 257.88 26.83 0.10
0.00 14191.65
135.90 -63.66 -63.77 -75.48 370.58 257.43 27.66 0.00
0.00 14791.94
121.90 -64.96 -9999.00 -9999.00 -9999.00 248.10 21.35 0.00
0.00 15456.54
108.00 -65.16 -9999.00 -9999.00 -9999.00 243.69 19.72 0.00
0.00 16193.99
94.00 -63.96 -9999.00 -9999.00 -9999.00 255.72 11.03 0.00
0.00 17041.69
81.00 -62.96 -9999.00 -9999.00 -9999.00 265.36 7.21 0.00
0.00 17955.29
70.60 -60.76 -9999.00 -9999.00 -9999.00 292.25 4.62 0.00
0.00 18805.19
62.20 -58.56 -9999.00 -9999.00 -9999.00 102.80 4.39 0.00
0.00 19596.80
54.30 -57.96 -9999.00 -9999.00 -9999.00 114.30 6.60 0.00
0.00 20451.19
46.90 -57.96 -9999.00 -9999.00 -9999.00 82.23 8.62 0.00
0.00 21374.03
40.10 -56.96 -9999.00 -9999.00 -9999.00 67.27 15.58 0.00
0.00 22362.99
33.80 -54.56 -9999.00 -9999.00 -9999.00 86.50 19.08 0.00
0.00 23450.58
27.80 -50.96 -9999.00 -9999.00 -9999.00 87.43 17.31 0.00
0.00 24711.29
22.30 -46.16 -9999.00 -9999.00 -9999.00 76.34 21.39 0.00
0.00 26160.54
17.10 -43.86 -9999.00 -9999.00 -9999.00 73.61 24.09 0.00
0.00 27933.59
12.30 -42.76 -9999.00 -9999.00 -9999.00 70.87 30.23 0.00
0.00 30150.24
STN YYMMDD/HHMM PMSL PRES SKTC STC1 SNFL WTNS
P01M C01M STC2 LCLD MCLD HCLD
SNRA UWND VWND R01M BFGR T2MS
Q2MS WXTS WXTP WXTZ WXTR USTM
VSTM HLCY SLLH WSYM CDBP VSBK
TD2M
725340 200808/1600 1020.30 998.90 34.34 307.50 -9999.00 0.00
-9999.00 -9999.00 305.70 22.00 12.00 0.00
-9999.00 -0.50 4.20 -9999.00 -9999.00 26.64
11.43 0.00 0.00 0.00 0.00 2.10
-5.30 69.30 -9999.00 999.00 -9999.00 20.00
15.81
725340 200808/1700 1019.80 998.50 36.64 309.80 0.00 100.00
0.00 0.00 308.20 35.00 6.00 0.00
-9999.00 -0.30 4.00 -9999.00 -9999.00 28.24
11.69 0.00 0.00 0.00 0.00 1.70
-4.80 70.40 -9999.00 999.00 -9999.00 20.00
16.15
725340 200808/1800 1019.30 998.10 39.34 312.50 0.00 100.00
0.00 0.00 310.80 22.00 0.00 0.00
-9999.00 -0.30 4.10 -9999.00 -9999.00 29.64
12.43 0.00 0.00 0.00 0.00 0.50
-4.10 70.60 -9999.00 999.00 -9999.00 20.00
17.09
725340 200808/1900 1018.90 997.80 40.14 313.30 0.00 100.00
0.00 0.00 311.80 17.00 0.00 0.00
-9999.00 -0.20 4.40 -9999.00 -9999.00 30.74
12.97 0.00 0.00 0.00 0.00 -0.20
-3.50 72.70 -9999.00 999.00 -9999.00 20.00
17.74
725340 200808/2000 1017.40 996.30 39.44 312.60 0.00 100.00
0.00 0.00 311.60 27.00 0.00 0.00
-9999.00 0.10 4.60 -9999.00 -9999.00 31.24
13.36 0.00 0.00 0.00 0.00 -0.70
-3.40 76.60 -9999.00 999.00 -9999.00 20.00
18.18
725340 200808/2100 1016.70 995.60 38.94 312.10 0.00 100.00
0.00 0.00 311.30 19.00 0.00 0.00
-9999.00 0.30 4.90 -9999.00 -9999.00 31.64
13.63 0.00 0.00 0.00 0.00 -2.00
-2.70 73.30 -9999.00 999.00 -9999.00 20.00
18.48
725340 200808/2200 1016.60 995.50 36.84 310.00 0.00 100.00
0.00 0.00 309.70 26.00 0.00 0.00
-9999.00 0.60 5.00 -9999.00 -9999.00 31.44
13.81 0.00 0.00 0.00 0.00 -3.30
-1.30 71.20 -9999.00 999.00 -9999.00 20.00
18.68
725340 200808/2300 1016.30 995.20 34.74 307.90 0.00 100.00
0.00 0.00 307.80 20.00 0.00 0.00
-9999.00 0.50 4.90 -9999.00 -9999.00 31.04
14.00 0.00 0.00 0.00 0.00 -3.90
-1.40 74.90 -9999.00 999.00 -9999.00 20.00
18.89
725340 200809/0000 1016.80 995.70 31.74 304.90 0.00 100.00
0.00 0.00 305.20 14.00 0.00 0.00
-9999.00 0.40 4.90 -9999.00 -9999.00 30.14
14.27 0.00 0.00 0.00 0.00 -4.30
-1.40 78.00 -9999.00 999.00 -9999.00 20.00
19.20
725340 200809/0100 1017.30 996.10 28.64 301.80 0.00 100.00
0.00 0.00 302.40 0.00 0.00 0.00
-9999.00 0.00 4.10 -9999.00 -9999.00 28.64
14.57 0.00 0.00 0.00 0.00 -4.30
-2.00 90.50 -9999.00 999.00 -9999.00 20.00
19.53
725340 200809/0200 1017.60 996.40 26.94 300.10 0.00 100.00
0.00 0.00 300.70 0.00 0.00 0.00
-9999.00 -0.40 3.40 -9999.00 -9999.00 27.24
14.81 0.00 0.00 0.00 0.00 -4.20
-1.60 115.20 -9999.00 999.00 -9999.00 20.00
19.79
725340 200809/0300 1017.70 996.50 25.74 298.90 0.00 100.00
0.00 0.00 299.40 0.00 0.00 0.00
-9999.00 -0.40 3.90 -9999.00 -9999.00 26.14
14.82 0.00 0.00 0.00 0.00 -4.70
-0.20 120.80 -9999.00 999.00 -9999.00 20.00
19.81
725340 200809/0400 1017.90 996.70 24.74 297.90 0.00 100.00
0.00 0.00 298.40 8.00 0.00 0.00
-9999.00 -0.20 4.30 -9999.00 -9999.00 25.34
14.79 0.00 0.00 0.00 0.00 -5.40
1.40 98.00 -9999.00 999.00 -9999.00 7.16
19.78
725340 200809/0500 1018.00 996.70 24.14 297.30 0.00 100.00
0.00 0.00 297.70 10.00 0.00 0.00
-9999.00 0.70 3.40 -9999.00 -9999.00 24.74
15.72 0.00 0.00 0.00 0.00 -5.50
3.30 22.80 -9999.00 999.00 -9999.00 20.00
20.74
725340 200809/0600 1018.30 997.00 23.34 296.50 0.00 100.00
0.00 0.00 296.90 0.00 0.00 0.00
-9999.00 0.70 2.10 -9999.00 -9999.00 23.74
16.50 0.00 0.00 0.00 0.00 -5.80
4.20 -15.50 -9999.00 999.00 -9999.00 20.00
21.51
725340 200809/0700 1018.40 997.10 22.74 295.90 0.00 100.00
0.00 0.00 296.30 3.00 0.00 0.00
-9999.00 0.90 2.00 -9999.00 -9999.00 22.94
16.81 0.00 0.00 0.00 0.00 -5.70
5.00 -31.80 -9999.00 999.00 -9999.00 20.00
21.81
725340 200809/0800 1017.80 996.40 22.44 295.60 0.00 100.00
0.00 0.00 295.90 5.00 0.00 0.00
-9999.00 1.30 1.70 -9999.00 -9999.00 22.54
16.82 0.00 0.00 0.00 0.00 -5.40
6.20 -48.30 -9999.00 999.00 -9999.00 20.00
21.81
725340 200809/0900 1017.70 996.30 22.14 295.30 0.00 100.00
0.00 0.00 295.60 11.00 0.00 0.00
-9999.00 1.30 1.60 -9999.00 -9999.00 22.24
16.65 0.00 0.00 0.00 0.00 -5.40
6.90 -63.20 -9999.00 999.00 -9999.00 20.00
21.65
725340 200809/1000 1017.70 996.30 21.74 294.90 0.00 100.00
0.00 0.00 295.20 12.00 0.00 0.00
-9999.00 0.80 1.60 -9999.00 -9999.00 21.74
16.30 0.00 0.00 0.00 0.00 -5.90
5.80 -46.00 -9999.00 999.00 -9999.00 20.00
21.31
725340 200809/1100 1018.00 996.60 21.54 294.70 0.00 100.00
0.00 0.00 294.90 16.00 0.00 0.00
-9999.00 0.70 2.20 -9999.00 -9999.00 21.64
16.12 0.00 0.00 0.00 0.00 -6.40
3.90 -18.90 -9999.00 999.00 -9999.00 20.00
21.14
725340 200809/1200 1018.30 996.90 22.54 295.70 0.00 100.00
0.00 0.00 295.60 20.00 0.00 0.00
-9999.00 1.30 2.10 -9999.00 -9999.00 22.04
16.24 0.00 0.00 0.00 0.00 -6.30
4.90 -26.90 -9999.00 999.00 -9999.00 20.00
21.26
725340 200809/1300 1018.30 996.90 23.94 297.10 0.00 100.00
0.00 0.00 296.90 59.00 0.00 0.00
-9999.00 1.40 2.40 -9999.00 -9999.00 22.94
16.52 0.00 0.00 0.00 0.00 -6.90
2.50 -29.40 -9999.00 999.00 -9999.00 20.00
21.53


