
SNPARM = PRES;TMPC;TMWC;DWPC;THTE;DRCT;SKNT;OMEG;CFRL;HGHT 
STNPRM = SHOW;LIFT;SWET;KINX;LCLP;PWAT;TOTL;CAPE;LCLT;CINS;EQLV;LFCT;BRCH 

STID = KMDW STNM = 725340 TIME = 200808/0000 
SLAT = 41.78 SLON = -87.75 SELV = 183.0
STIM = 0

SHOW = 4.29 LIFT = 3.16 SWET = 140.93 KINX = 20.04
LCLP = 838.40 PWAT = 26.55 TOTL = 39.97 CAPE = 0.00
LCLT = 285.41 CINS = 0.00 EQLV = -9999.00 LFCT = -9999.00
BRCH = 0.00

PRES TMPC TMWC DWPC THTE DRCT SKNT OMEG
CFRL HGHT
997.00 26.74 19.02 14.93 332.15 182.39 4.66 0.00
0.00 191.86
994.00 26.34 18.80 14.76 331.74 181.85 6.02 -0.10
0.00 218.47
988.50 25.94 18.48 14.45 331.37 183.37 6.62 -0.30
0.00 267.39
979.00 25.14 17.94 13.96 330.72 180.00 6.99 -0.50
0.00 352.35
965.10 23.74 17.03 13.20 329.46 178.45 7.19 -0.80
0.00 477.67
947.20 22.04 16.03 12.49 328.52 178.49 7.38 -1.00
0.00 640.86
925.80 20.04 15.14 12.22 328.57 176.99 7.40 -1.00
0.00 838.80
902.50 17.84 14.31 12.19 329.15 176.82 7.01 -0.90
0.00 1058.03
877.20 15.54 13.23 11.81 329.30 180.00 6.22 -0.60
0.00 1300.71
848.90 12.64 11.19 10.22 327.00 191.89 3.77 -0.20
6.00 1578.04
817.70 12.64 8.76 5.80 324.27 301.76 4.80 0.20
12.00 1892.84
783.60 13.34 6.31 -0.32 322.22 309.96 9.38 0.20
0.00 2250.90
746.60 10.94 3.93 -3.56 321.46 298.61 12.16 -0.10
0.00 2655.90
706.60 7.94 2.44 -3.38 323.97 294.51 14.51 -0.10
0.00 3112.51
663.70 3.74 -1.52 -8.53 321.23 285.26 11.07 0.10
0.00 3625.14
617.90 2.24 -5.74 -24.97 318.94 276.48 8.61 0.20
0.00 4203.78
569.80 -0.26 -8.30 -34.56 321.84 255.53 6.22 0.10
0.00 4854.33
523.10 -5.56 -11.97 -35.42 323.40 277.94 8.43 -0.10
0.00 5530.91
481.00 -10.96 -15.85 -35.99 324.59 284.28 11.03 -0.20
0.00 6181.63
443.40 -15.16 -19.24 -39.88 326.54 285.32 14.70 -0.20
0.00 6801.43
409.50 -19.36 -22.69 -43.47 328.34 293.28 18.18 -0.20
0.00 7397.25
378.80 -23.46 -26.19 -48.80 330.00 298.94 18.86 -0.10
0.00 7971.54
351.20 -27.46 -29.64 -52.94 331.65 302.74 19.41 0.00
0.00 8520.08
326.30 -30.96 -32.73 -55.94 333.78 302.25 23.66 0.00
0.00 9045.20
303.90 -33.96 -35.40 -56.52 336.42 300.03 28.73 0.00
0.00 9546.27
283.80 -37.16 -38.24 -54.72 338.55 313.08 28.73 0.00
0.00 10022.19
265.70 -39.96 -40.67 -50.54 341.14 334.14 35.18 0.10
0.00 10474.75
248.80 -43.56 -43.93 -49.43 342.37 325.42 41.76 0.10
0.00 10919.91
233.60 -46.96 -47.22 -52.28 343.26 302.03 48.35 0.10
2.00 11340.46
219.60 -50.06 -50.38 -60.55 344.25 298.56 52.41 0.10
0.00 11746.87
205.70 -52.96 -53.20 -62.77 346.14 306.47 50.00 0.10
0.00 12171.10
191.70 -56.26 -56.41 -63.30 347.89 307.90 43.32 0.10
0.00 12622.02
177.70 -59.26 -59.37 -66.00 350.55 297.16 42.13 0.10
2.00 13100.15
163.80 -61.16 -61.27 -69.50 355.56 294.86 46.68 0.10
0.00 13607.84
149.80 -61.66 -61.80 -74.84 363.85 304.25 44.17 0.00
0.00 14161.60
135.90 -61.26 -61.42 -75.48 374.82 313.13 37.80 0.00
0.00 14765.03
121.90 -61.46 -9999.00 -9999.00 -9999.00 314.39 25.82 0.00
0.00 15439.02
108.00 -61.86 -9999.00 -9999.00 -9999.00 301.17 18.40 0.00
0.00 16188.52
94.00 -61.46 -9999.00 -9999.00 -9999.00 286.35 15.19 0.00
0.00 17048.00
81.00 -61.06 -9999.00 -9999.00 -9999.00 285.46 9.48 0.00
0.00 17971.18
70.60 -60.36 -9999.00 -9999.00 -9999.00 297.90 3.73 0.00
0.00 18825.71
62.20 -58.96 -9999.00 -9999.00 -9999.00 53.13 3.88 0.00
0.00 19617.33
54.30 -57.36 -9999.00 -9999.00 -9999.00 80.91 9.83 0.00
0.00 20472.12
46.90 -56.76 -9999.00 -9999.00 -9999.00 85.24 14.02 0.00
0.00 21398.81
40.10 -55.56 -9999.00 -9999.00 -9999.00 80.17 14.78 0.00
0.00 22393.73
33.80 -53.36 -9999.00 -9999.00 -9999.00 70.48 16.28 0.00
0.00 23487.82
27.80 -50.76 -9999.00 -9999.00 -9999.00 57.62 18.86 0.00
0.00 24752.54
22.30 -47.46 -9999.00 -9999.00 -9999.00 52.21 21.87 0.00
0.00 26198.24
17.10 -43.86 -9999.00 -9999.00 -9999.00 71.42 24.38 0.00
0.00 27966.24
12.30 -41.36 -9999.00 -9999.00 -9999.00 87.58 27.60 0.00
0.00 30189.64

STID = KMDW STNM = 725340 TIME = 200808/0100 
SLAT = 41.78 SLON = -87.75 SELV = 183.0
STIM = 1

SHOW = 4.61 LIFT = 3.17 SWET = 126.59 KINX = 23.10
LCLP = 849.38 PWAT = 27.71 TOTL = 39.90 CAPE = 0.00
LCLT = 285.48 CINS = 0.00 EQLV = -9999.00 LFCT = -9999.00
BRCH = 0.00

PRES TMPC TMWC DWPC THTE DRCT SKNT OMEG
CFRL HGHT
997.40 25.74 18.64 14.81 330.72 174.56 4.10 0.00
0.00 191.82
994.30 25.54 18.43 14.56 330.39 174.81 6.43 -0.10
0.00 219.22
988.90 25.14 18.09 14.21 329.93 177.21 7.96 -0.20
0.00 267.10
979.40 24.54 17.61 13.73 329.54 178.75 8.94 -0.40
0.00 351.83
965.50 23.34 16.93 13.26 329.06 180.00 8.94 -0.60
0.00 476.88
947.60 21.84 16.16 12.86 328.93 181.33 8.35 -0.80
0.00 639.86
926.20 19.94 15.22 12.42 328.77 181.51 7.38 -0.80
0.00 837.63
902.80 17.74 14.12 11.93 328.50 181.74 6.41 -0.60
0.00 1057.63
877.50 15.44 12.95 11.40 328.36 182.39 4.66 -0.20
0.00 1300.12
849.20 13.14 10.90 9.38 326.06 215.54 1.67 0.10
15.00 1577.48
818.00 13.74 9.24 5.87 325.60 304.70 6.14 0.20
0.00 1893.00
783.90 13.54 7.23 1.80 324.79 303.41 10.94 -0.10
0.00 2251.83
746.80 10.54 5.46 0.95 325.67 306.71 14.30 -0.30
0.00 2657.93
706.80 7.04 3.24 -0.34 326.13 310.10 14.47 -0.20
0.00 3113.73
663.80 3.54 -1.75 -8.96 320.66 293.33 10.78 0.00
0.00 3626.58
618.10 2.24 -5.73 -24.83 318.95 270.00 9.13 0.10
0.00 4203.60
569.90 -0.36 -8.38 -34.84 321.67 252.41 8.35 0.00
0.00 4855.21
523.10 -5.66 -12.04 -35.42 323.28 271.25 8.94 -0.10
0.00 5532.93
481.10 -11.16 -15.92 -34.95 324.47 282.53 10.74 -0.10
0.00 6181.68
443.40 -15.66 -19.53 -38.54 326.06 289.44 14.01 -0.10
0.00 6802.24
409.50 -19.56 -22.82 -43.01 328.12 299.50 16.96 0.00
0.00 7397.26
378.80 -23.46 -26.19 -48.80 330.00 305.04 18.26 0.10
0.00 7971.32
351.20 -27.46 -29.60 -51.04 331.73 305.99 20.16 0.20
0.00 8519.86
326.30 -30.76 -32.51 -53.56 334.14 307.22 25.37 0.20
0.00 9045.20
303.90 -33.56 -34.99 -53.17 337.10 302.96 29.64 0.20
0.00 9546.91
283.80 -36.76 -37.84 -52.86 339.21 308.02 27.12 0.20
0.00 10023.63
265.70 -39.86 -40.53 -49.38 341.37 325.70 30.34 0.30
0.00 10476.68
248.80 -43.66 -43.97 -48.45 342.30 312.62 36.42 0.20
0.00 10921.85
233.60 -47.16 -47.41 -52.28 342.96 292.12 44.87 0.20
25.00 11342.13
219.60 -50.16 -50.47 -60.55 344.10 290.58 49.18 0.10
0.00 11748.26
205.70 -52.86 -53.15 -67.88 346.21 298.78 47.20 0.10
0.00 12172.50
191.70 -56.36 -56.53 -65.45 347.68 303.40 43.05 0.10
0.00 12623.41
177.70 -59.16 -59.30 -68.92 350.66 295.51 42.40 0.10
0.00 13101.54
163.80 -60.56 -60.71 -74.24 356.52 295.16 46.13 0.10
0.00 13610.06
149.80 -61.26 -61.41 -74.84 364.54 303.98 43.10 0.00
0.00 14165.13
135.90 -61.36 -61.52 -75.48 374.65 316.10 35.86 0.00
0.00 14768.98
121.90 -61.46 -9999.00 -9999.00 -9999.00 311.51 22.57 0.00
0.00 15442.81
108.00 -61.96 -9999.00 -9999.00 -9999.00 293.45 17.58 0.00
0.00 16192.13
94.00 -61.56 -9999.00 -9999.00 -9999.00 286.96 16.65 0.00
0.00 17051.20
81.00 -60.86 -9999.00 -9999.00 -9999.00 292.62 10.10 0.00
0.00 17974.61
70.60 -59.96 -9999.00 -9999.00 -9999.00 311.42 4.41 0.00
0.00 18830.35
62.20 -58.46 -9999.00 -9999.00 -9999.00 51.34 3.73 0.00
0.00 19623.63
54.30 -57.36 -9999.00 -9999.00 -9999.00 86.10 8.57 0.00
0.00 20479.41
46.90 -57.06 -9999.00 -9999.00 -9999.00 79.51 10.66 0.00
0.00 21405.46
40.10 -55.46 -9999.00 -9999.00 -9999.00 62.28 12.94 0.00
0.00 22399.93
33.80 -52.86 -9999.00 -9999.00 -9999.00 55.59 17.19 0.00
0.00 23495.52
27.80 -50.16 -9999.00 -9999.00 -9999.00 53.86 21.41 0.00
0.00 24763.38
22.30 -46.86 -9999.00 -9999.00 -9999.00 59.71 25.43 0.00
0.00 26212.95
17.10 -43.56 -9999.00 -9999.00 -9999.00 79.58 26.86 0.00
0.00 27984.46
12.30 -41.16 -9999.00 -9999.00 -9999.00 86.16 29.00 0.00
0.00 30210.27

STID = KMDW STNM = 725340 TIME = 200808/0200 
SLAT = 41.78 SLON = -87.75 SELV = 183.0
STIM = 2

SHOW = 4.89 LIFT = 3.54 SWET = 108.09 KINX = 24.85
LCLP = 876.20 PWAT = 28.33 TOTL = 40.07 CAPE = 0.00
LCLT = 286.69 CINS = 0.00 EQLV = -9999.00 LFCT = -9999.00
BRCH = 0.00

PRES TMPC TMWC DWPC THTE DRCT SKNT OMEG
CFRL HGHT
997.30 24.34 18.60 15.55 330.66 166.61 4.20 0.00
0.00 191.79
994.30 24.34 18.38 15.18 330.28 167.62 8.16 -0.10
0.00 218.20
988.80 24.34 17.97 14.47 329.55 170.71 10.82 -0.20
0.00 266.81
979.40 23.94 17.35 13.62 328.64 174.38 11.91 -0.30
0.00 350.45
965.40 22.94 16.68 13.06 328.24 176.05 11.29 -0.40
0.00 476.20
947.50 21.44 15.88 12.60 328.00 175.43 9.75 -0.40
0.00 638.95
926.20 19.54 14.92 12.15 327.81 171.25 7.67 -0.20
0.00 835.52
902.80 17.44 13.82 11.59 327.52 162.18 5.71 0.00
0.00 1055.24
877.50 15.44 12.27 10.20 326.19 150.95 4.00 0.20
0.00 1297.53
849.20 14.74 10.72 7.89 325.46 233.13 0.97 0.30
0.00 1575.53
818.00 15.24 9.87 5.93 327.43 295.20 7.30 0.10
0.00 1892.68
783.90 13.64 8.45 4.47 328.39 299.64 12.96 -0.20
0.00 2252.64
746.80 9.94 7.02 4.80 330.18 313.94 14.84 -0.20
0.00 2658.74
706.70 6.54 3.82 1.44 327.75 317.29 13.75 0.10
0.00 3115.16
663.80 3.84 -2.09 -10.72 319.83 295.14 10.51 0.30
0.00 3626.72
618.00 2.74 -5.77 -28.38 318.75 267.88 10.49 0.20
0.00 4205.78
569.80 -0.16 -8.27 -35.14 321.89 259.70 10.86 0.00
0.00 4858.29
523.10 -5.66 -12.02 -35.14 323.31 271.06 10.49 -0.10
0.00 5534.87
481.00 -11.26 -15.99 -34.95 324.37 282.31 10.94 -0.10
0.00 6185.11
443.40 -15.76 -19.58 -38.23 325.97 293.30 13.75 0.00
0.00 6803.85
409.50 -19.56 -22.86 -43.95 328.05 302.31 15.64 0.20
0.00 7398.75
378.80 -23.26 -26.06 -49.56 330.23 307.65 17.17 0.20
0.00 7973.04
351.20 -26.96 -29.07 -46.91 332.64 310.71 22.05 0.30
0.00 8522.36
326.30 -29.86 -31.55 -46.51 335.79 308.29 28.21 0.30
0.00 9049.23
303.90 -32.86 -34.25 -48.77 338.33 299.24 29.84 0.20
0.00 9552.63
283.80 -36.46 -37.46 -49.37 339.85 296.20 27.27 0.20
0.00 10030.37
265.60 -39.86 -40.46 -47.87 341.53 311.31 25.60 0.10
0.00 10486.31
248.80 -43.96 -44.25 -48.45 341.85 293.38 32.81 0.10
13.00 10928.64
233.60 -47.26 -47.58 -54.49 342.68 282.76 46.60 0.10
0.00 11348.55
219.60 -49.96 -50.31 -62.27 344.36 284.80 53.24 0.10
0.00 11754.77
205.70 -52.66 -52.99 -72.71 346.47 294.03 47.22 0.00
0.00 12179.38
191.70 -56.06 -56.26 -68.39 348.12 300.83 43.20 0.00
0.00 12630.81
177.80 -58.86 -59.00 -68.92 351.10 296.92 42.48 0.00
0.00 13106.05
163.80 -60.26 -60.41 -74.24 357.03 300.34 46.13 0.00
0.00 13618.80
149.80 -61.16 -61.31 -74.84 364.71 309.45 44.02 0.00
0.00 14174.39
135.90 -61.66 -61.81 -75.48 374.11 317.55 33.95 0.00
0.00 14777.96
121.90 -61.86 -9999.00 -9999.00 -9999.00 309.67 20.69 0.00
0.00 15450.68
108.00 -62.46 -9999.00 -9999.00 -9999.00 287.65 17.93 0.00
0.00 16198.40
94.00 -62.16 -9999.00 -9999.00 -9999.00 289.65 17.33 0.00
0.00 17055.24
81.00 -61.16 -9999.00 -9999.00 -9999.00 304.00 10.08 0.00
0.00 17976.69
70.60 -60.26 -9999.00 -9999.00 -9999.00 329.04 5.67 0.00
0.00 18831.22
62.20 -58.86 -9999.00 -9999.00 -9999.00 39.81 4.55 0.00
0.00 19623.20
54.30 -57.96 -9999.00 -9999.00 -9999.00 71.57 6.76 0.00
0.00 20477.00
46.90 -56.86 -9999.00 -9999.00 -9999.00 59.66 9.23 0.00
0.00 21402.19
40.10 -55.06 -9999.00 -9999.00 -9999.00 54.20 14.61 0.00
0.00 22398.03
33.80 -52.86 -9999.00 -9999.00 -9999.00 55.69 19.99 0.00
0.00 23494.62
27.80 -50.36 -9999.00 -9999.00 -9999.00 62.62 24.49 0.00
0.00 24761.91
22.30 -47.66 -9999.00 -9999.00 -9999.00 73.34 27.78 0.00
0.00 26208.25
17.10 -44.66 -9999.00 -9999.00 -9999.00 81.51 26.32 0.00
0.00 27972.37
12.30 -41.36 -9999.00 -9999.00 -9999.00 83.17 27.78 0.00
0.00 30191.91

STID = KMDW STNM = 725340 TIME = 200808/0300 
SLAT = 41.78 SLON = -87.75 SELV = 183.0
STIM = 3

SHOW = 4.92 LIFT = 4.26 SWET = 100.78 KINX = 24.45
LCLP = 899.99 PWAT = 28.06 TOTL = 40.28 CAPE = 0.00
LCLT = 287.64 CINS = 0.00 EQLV = -9999.00 LFCT = -9999.00
BRCH = 0.00

PRES TMPC TMWC DWPC THTE DRCT SKNT OMEG
CFRL HGHT
997.20 23.04 18.49 16.09 330.32 176.63 3.30 0.00
0.00 191.75
994.10 23.44 18.16 15.31 329.54 175.14 9.17 0.00
0.00 218.95
988.70 23.74 17.64 14.23 328.40 177.14 11.67 -0.10
0.00 266.57
979.20 23.54 16.99 13.20 327.42 179.10 12.43 -0.10
0.00 350.95
965.30 22.54 16.31 12.63 327.00 180.99 11.27 -0.10
0.00 475.63
947.40 21.04 15.47 12.11 326.66 176.35 9.15 0.00
0.00 638.15
926.00 19.34 14.51 11.52 326.46 160.64 7.61 0.10
0.00 835.44
902.70 17.44 13.10 10.27 325.19 147.17 7.17 0.10
0.00 1054.10
877.40 16.24 11.34 7.85 323.29 148.67 5.23 0.10
0.00 1296.59
849.20 15.74 10.74 7.16 325.48 221.63 2.33 -0.10
0.00 1574.35
818.00 15.34 10.23 6.60 328.56 281.82 8.53 -0.30
0.00 1892.10
783.80 13.44 9.53 6.81 331.75 301.39 13.42 -0.40
0.00 2253.25
746.70 9.64 7.83 6.54 332.64 318.89 14.18 -0.20
0.00 2659.30
706.60 6.44 3.60 1.06 327.16 319.13 13.36 0.10
0.00 3115.57
663.70 4.24 -2.44 -13.02 318.95 297.90 11.21 0.30
0.00 3627.39
618.00 3.04 -5.88 -32.65 318.40 275.91 11.32 0.20
0.00 4205.85
569.80 -0.16 -8.33 -36.39 321.74 264.90 10.92 0.00
0.00 4858.67
523.10 -5.66 -12.02 -35.14 323.31 266.76 10.31 0.00
0.00 5535.23
481.00 -11.26 -16.00 -35.20 324.33 276.84 9.79 0.10
0.00 6185.47
443.40 -15.66 -19.56 -39.19 325.98 291.80 12.55 0.20
0.00 6804.33
409.50 -19.26 -22.71 -46.11 328.28 298.67 14.16 0.20
0.00 7399.68
378.80 -23.06 -25.80 -46.23 330.69 308.23 16.32 0.20
0.00 7974.54
351.20 -26.36 -28.36 -42.10 333.88 314.65 22.40 0.10
0.00 8524.77
326.30 -29.26 -30.74 -40.89 337.20 307.33 28.83 0.10
0.00 9052.98
303.90 -32.56 -33.80 -44.54 339.11 294.23 29.82 0.10
0.00 9557.35
283.80 -36.36 -37.17 -45.17 340.35 286.89 27.41 0.00
0.00 10035.52
265.70 -40.36 -40.84 -46.55 340.88 290.06 23.78 0.00
0.00 10488.50
248.80 -44.16 -44.41 -47.99 341.59 283.13 29.91 0.00
42.00 10932.72
233.60 -47.46 -47.72 -52.96 342.46 277.34 45.63 0.00
8.00 11352.25
219.60 -50.36 -50.64 -59.12 343.83 281.11 55.44 0.00
0.00 11757.94
205.70 -52.56 -52.84 -64.93 346.72 288.06 55.77 0.00
0.00 12182.27
191.70 -55.96 -56.19 -73.19 348.23 298.28 43.45 -0.10
0.00 12633.90
177.70 -58.76 -58.91 -68.92 351.32 299.78 41.84 0.00
0.00 13112.91
163.80 -59.96 -60.12 -74.24 357.53 305.92 47.01 0.00
0.00 13622.63
149.80 -61.26 -61.41 -74.84 364.54 316.43 43.96 0.00
0.00 14178.48
135.90 -62.36 -62.50 -75.48 372.88 320.06 31.16 0.00
0.00 14780.91
121.90 -62.36 -9999.00 -9999.00 -9999.00 305.94 19.19 0.00
0.00 15451.71
108.00 -62.96 -9999.00 -9999.00 -9999.00 284.49 17.85 0.00
0.00 16197.67
94.00 -62.56 -9999.00 -9999.00 -9999.00 290.79 16.41 0.00
0.00 17052.68
81.00 -61.56 -9999.00 -9999.00 -9999.00 312.51 9.48 0.00
0.00 17972.38
70.60 -60.56 -9999.00 -9999.00 -9999.00 342.12 6.33 0.00
0.00 18825.50
62.20 -58.86 -9999.00 -9999.00 -9999.00 46.40 5.63 0.00
0.00 19616.93
54.30 -57.66 -9999.00 -9999.00 -9999.00 62.82 8.08 0.00
0.00 20471.32
46.90 -56.06 -9999.00 -9999.00 -9999.00 60.26 12.53 0.00
0.00 21398.87
40.10 -54.96 -9999.00 -9999.00 -9999.00 63.71 17.99 0.00
0.00 22396.78
33.80 -53.56 -9999.00 -9999.00 -9999.00 65.60 20.69 0.00
0.00 23491.87
27.80 -51.36 -9999.00 -9999.00 -9999.00 69.06 23.91 0.00
0.00 24754.29
22.30 -48.36 -9999.00 -9999.00 -9999.00 77.01 25.91 0.00
0.00 26195.15
17.10 -44.56 -9999.00 -9999.00 -9999.00 78.34 25.00 0.00
0.00 27956.94
12.30 -41.16 -9999.00 -9999.00 -9999.00 79.73 27.23 0.00
0.00 30177.93

STID = KMDW STNM = 725340 TIME = 200808/0400 
SLAT = 41.78 SLON = -87.75 SELV = 183.0
STIM = 4

SHOW = 5.90 LIFT = 5.09 SWET = 91.65 KINX = 22.08
LCLP = 918.28 PWAT = 27.25 TOTL = 38.81 CAPE = 0.00
LCLT = 288.37 CINS = 0.00 EQLV = -9999.00 LFCT = -9999.00
BRCH = 0.00

PRES TMPC TMWC DWPC THTE DRCT SKNT OMEG
CFRL HGHT
997.80 22.14 18.45 16.52 330.14 172.87 3.13 0.00
0.00 191.72
994.70 22.84 17.88 15.17 328.49 182.39 9.32 0.00
0.00 218.84
989.20 23.64 17.32 13.70 327.21 183.88 11.48 0.00
0.00 267.24
979.80 23.34 16.70 12.77 326.33 185.71 11.71 0.00
0.00 350.64
965.80 22.24 16.04 12.30 326.00 186.23 10.74 0.00
0.00 476.02
947.90 20.84 15.16 11.64 325.53 178.83 9.52 0.00
0.00 638.29
926.60 19.24 14.10 10.81 325.03 160.77 8.84 0.00
0.00 834.39
903.20 17.54 12.60 9.25 323.56 146.66 8.84 0.00
0.00 1053.79
877.90 16.34 10.44 5.86 320.50 144.09 6.95 0.00
0.00 1296.12
849.70 15.44 10.24 6.38 323.92 171.25 2.56 -0.10
0.00 1573.50
818.50 14.94 10.33 7.11 328.82 279.46 7.09 -0.10
0.00 1890.67
784.30 13.14 9.93 7.78 332.96 306.87 11.65 0.00
0.00 2251.24
747.10 9.64 7.75 6.39 332.32 321.20 12.70 0.20
0.00 2657.99
706.90 6.44 3.11 -0.01 325.79 318.14 12.51 0.30
0.00 3115.10
664.00 4.24 -2.57 -13.61 318.60 306.30 11.81 0.20
0.00 3626.61
618.20 2.94 -5.96 -33.17 318.19 291.19 10.22 0.10
0.00 4205.99
570.00 0.04 -8.27 -37.80 321.80 272.39 9.32 0.00
0.00 4858.69
523.30 -5.56 -11.99 -35.70 323.33 264.17 9.58 0.10
0.00 5535.38
481.20 -10.96 -15.85 -35.98 324.56 273.24 10.31 0.20
0.00 6185.84
443.50 -15.06 -19.29 -42.73 326.38 283.85 14.61 0.20
0.00 6807.19
409.60 -19.16 -22.67 -47.39 328.31 287.80 16.53 0.20
0.00 7403.20
378.90 -23.16 -25.76 -43.30 330.76 298.07 16.51 0.00
0.00 7977.92
351.20 -26.46 -28.28 -39.62 334.05 310.91 19.27 0.00
0.00 8529.87
326.40 -29.56 -30.90 -39.79 336.91 302.33 25.06 -0.10
0.00 9055.47
303.90 -32.36 -33.76 -47.15 339.16 280.23 28.42 -0.10
0.00 9561.91
283.80 -36.26 -37.15 -46.38 340.37 274.86 27.49 -0.10
0.00 10040.36
265.70 -40.36 -40.84 -46.55 340.88 270.00 28.75 -0.10
0.00 10493.44
248.80 -44.06 -44.37 -48.92 341.66 269.08 36.13 -0.10
100.00 10937.75
233.60 -47.46 -47.77 -54.49 342.38 272.47 45.10 -0.10
13.00 11357.37
219.60 -50.96 -51.11 -55.00 343.07 275.36 54.04 -0.10
19.00 11762.51
205.70 -53.36 -53.59 -62.77 345.51 281.98 55.21 -0.10
0.00 12185.51
191.70 -55.86 -56.07 -68.39 348.44 294.44 44.60 0.00
0.00 12636.43
177.70 -58.66 -58.84 -73.70 351.43 298.79 40.35 0.00
0.00 13115.66
163.80 -59.86 -60.02 -74.24 357.70 305.87 46.74 0.00
0.00 13625.61
149.80 -61.26 -61.41 -74.84 364.54 318.27 45.80 0.00
0.00 14181.59
135.90 -62.56 -62.69 -75.48 372.52 321.82 28.90 0.00
0.00 14783.74
121.90 -62.66 -9999.00 -9999.00 -9999.00 303.85 19.87 0.00
0.00 15453.75
108.00 -62.56 -9999.00 -9999.00 -9999.00 282.71 20.32 0.00
0.00 16199.88
94.00 -62.46 -9999.00 -9999.00 -9999.00 290.42 19.48 0.00
0.00 17055.91
81.00 -61.56 -9999.00 -9999.00 -9999.00 315.66 11.95 0.00
0.00 17975.83
70.60 -59.96 -9999.00 -9999.00 -9999.00 341.15 8.41 0.00
0.00 18830.15
62.20 -58.26 -9999.00 -9999.00 -9999.00 40.60 5.38 0.00
0.00 19623.81
54.30 -57.36 -9999.00 -9999.00 -9999.00 59.30 7.23 0.00
0.00 20479.99
46.90 -56.26 -9999.00 -9999.00 -9999.00 66.68 12.28 0.00
0.00 21407.75
40.10 -55.56 -9999.00 -9999.00 -9999.00 70.52 16.90 0.00
0.00 22403.82
33.80 -54.46 -9999.00 -9999.00 -9999.00 72.12 18.98 0.00
0.00 23495.16
27.80 -52.26 -9999.00 -9999.00 -9999.00 72.35 22.42 0.00
0.00 24752.44
22.30 -48.96 -9999.00 -9999.00 -9999.00 74.41 26.01 0.00
0.00 26188.46
17.10 -44.46 -9999.00 -9999.00 -9999.00 77.68 28.22 0.00
0.00 27948.30
12.30 -41.36 -9999.00 -9999.00 -9999.00 78.49 32.11 0.00
0.00 30168.81

STID = KMDW STNM = 725340 TIME = 200808/0500 
SLAT = 41.78 SLON = -87.75 SELV = 183.0
STIM = 5

SHOW = 6.88 LIFT = 5.93 SWET = 82.22 KINX = 19.43
LCLP = 932.22 PWAT = 26.28 TOTL = 37.39 CAPE = 0.00
LCLT = 288.72 CINS = 0.00 EQLV = -9999.00 LFCT = -9999.00
BRCH = 0.00

PRES TMPC TMWC DWPC THTE DRCT SKNT OMEG
CFRL HGHT
997.90 21.24 18.23 16.64 329.35 163.61 3.44 0.00
0.00 190.82
994.80 22.24 17.58 15.00 327.44 176.57 9.73 0.00
0.00 217.87
989.30 23.44 16.98 13.20 326.04 179.06 11.85 0.00
0.00 266.20
979.80 23.14 16.48 12.49 325.60 179.08 12.04 0.00
0.00 350.41
965.90 22.04 15.84 12.06 325.34 178.06 11.46 0.10
0.00 474.79
948.00 20.64 14.85 11.19 324.51 173.88 10.94 0.10
0.00 636.91
926.60 19.14 13.51 9.74 323.14 164.20 10.70 0.10
0.00 833.78
903.30 17.64 11.98 7.91 321.61 152.49 10.51 0.00
0.00 1052.14
878.00 16.54 9.83 4.28 318.69 146.31 9.11 0.00
0.00 1294.46
849.80 15.54 9.72 5.17 322.33 160.71 4.12 -0.10
0.00 1571.85
818.60 15.04 10.65 7.66 329.80 279.16 6.10 -0.10
0.00 1889.06
784.30 13.14 10.17 8.21 333.72 307.09 9.98 0.00
0.00 2250.78
747.10 9.74 7.28 5.45 330.90 314.27 10.86 0.10
0.00 2657.57
707.00 6.64 2.55 -1.53 324.29 307.23 12.20 0.10
0.00 3113.61
664.10 4.04 -2.60 -13.25 318.54 306.69 12.35 0.00
0.00 3624.97
618.30 2.64 -5.98 -30.53 318.21 298.01 10.33 -0.10
0.00 4203.76
570.10 -0.06 -8.39 -39.43 321.52 276.58 10.16 -0.20
0.00 4855.89
523.30 -5.46 -11.99 -36.91 323.30 262.01 11.19 -0.10
0.00 5533.95
481.20 -10.76 -15.82 -37.74 324.58 268.24 12.63 -0.10
0.00 6184.76
443.50 -14.96 -19.31 -45.39 326.32 279.93 15.77 0.00
0.00 6806.45
409.60 -19.06 -22.52 -44.97 328.59 285.77 17.15 0.00
0.00 7402.69
378.90 -22.86 -25.23 -38.34 331.73 294.29 17.48 0.00
0.00 7977.90
351.30 -26.56 -27.95 -35.16 334.63 305.54 20.05 0.00
0.00 8528.06
326.40 -30.26 -31.60 -41.48 335.71 298.27 26.24 -0.10
0.00 9054.87
304.00 -33.56 -34.68 -44.93 337.63 282.80 30.67 -0.20
0.00 9556.99
283.80 -36.36 -37.31 -47.76 340.11 265.67 36.03 -0.20
0.00 10036.44
265.70 -40.06 -40.69 -48.85 341.12 256.87 35.90 -0.20
0.00 10489.70
248.80 -44.06 -44.53 -53.16 341.37 265.17 41.53 -0.30
0.00 10934.28
233.60 -47.46 -47.69 -52.28 342.50 272.01 49.77 -0.30
0.00 11353.90
219.60 -50.86 -50.97 -53.48 343.31 273.98 53.17 -0.20
100.00 11759.14
205.70 -53.66 -53.87 -62.77 345.04 282.33 49.11 -0.10
0.00 12181.95
191.70 -55.86 -56.07 -68.39 348.44 292.39 41.80 0.00
0.00 12632.55
177.70 -58.26 -58.45 -73.70 352.09 296.95 38.58 0.00
0.00 13112.23
163.80 -59.66 -59.83 -74.24 358.03 306.53 45.69 0.10
0.00 13622.90
149.80 -61.16 -61.31 -74.84 364.71 319.00 45.30 0.00
0.00 14179.27
135.90 -62.26 -9999.00 -9999.00 -9999.00 320.14 26.07 0.00
0.00 14781.98
121.90 -62.76 -9999.00 -9999.00 -9999.00 290.42 19.48 0.00
0.00 15452.31
108.00 -62.86 -9999.00 -9999.00 -9999.00 274.33 23.17 0.00
0.00 16197.73
94.00 -63.06 -9999.00 -9999.00 -9999.00 291.04 18.94 0.00
0.00 17051.93
81.00 -61.36 -9999.00 -9999.00 -9999.00 323.97 10.57 0.00
0.00 17970.98
70.60 -59.56 -9999.00 -9999.00 -9999.00 358.49 7.38 0.00
0.00 18826.51
62.20 -58.36 -9999.00 -9999.00 -9999.00 62.70 6.78 0.00
0.00 19620.72
54.30 -57.96 -9999.00 -9999.00 -9999.00 68.63 9.60 0.00
0.00 20475.51
46.90 -56.96 -9999.00 -9999.00 -9999.00 70.82 14.20 0.00
0.00 21400.49
40.10 -55.86 -9999.00 -9999.00 -9999.00 65.40 17.74 0.00
0.00 22394.27
33.80 -53.96 -9999.00 -9999.00 -9999.00 65.80 18.96 0.00
0.00 23486.11
27.80 -51.26 -9999.00 -9999.00 -9999.00 71.57 22.11 0.00
0.00 24747.68
22.30 -48.06 -9999.00 -9999.00 -9999.00 80.54 25.99 0.00
0.00 26189.83
17.10 -44.16 -9999.00 -9999.00 -9999.00 85.79 26.50 0.00
0.00 27954.33
12.30 -41.46 -9999.00 -9999.00 -9999.00 79.25 27.08 0.00
0.00 30175.81

STID = KMDW STNM = 725340 TIME = 200808/0600 
SLAT = 41.78 SLON = -87.75 SELV = 183.0
STIM = 6

SHOW = 8.57 LIFT = 7.08 SWET = 59.85 KINX = 16.61
LCLP = 939.98 PWAT = 25.18 TOTL = 34.88 CAPE = 0.00
LCLT = 288.61 CINS = 0.00 EQLV = -9999.00 LFCT = -9999.00
BRCH = 0.00

PRES TMPC TMWC DWPC THTE DRCT SKNT OMEG
CFRL HGHT
998.00 20.44 17.82 16.40 327.89 164.48 3.63 0.00
0.00 191.67
995.00 21.64 17.20 14.68 326.10 173.66 10.55 0.00
0.00 217.77
989.50 23.24 16.65 12.70 324.88 174.81 12.88 0.10
0.00 266.02
980.00 22.94 16.19 12.06 324.60 175.79 13.25 0.10
0.00 350.14
966.10 21.94 15.35 11.18 323.69 174.04 13.09 0.20
0.00 474.40
948.20 20.74 14.04 9.51 321.88 173.19 13.11 0.20
0.00 636.42
926.80 19.34 12.56 7.62 320.16 169.99 13.42 0.20
0.00 833.22
903.50 17.84 11.28 6.23 319.46 165.96 12.82 0.10
0.00 1051.55
878.30 16.64 9.43 3.22 317.52 160.94 11.31 0.10
0.00 1292.89
850.00 15.44 8.65 2.76 319.20 166.37 6.60 0.00
0.00 1571.06
818.80 14.94 10.65 7.72 329.76 272.12 5.24 0.00
0.00 1887.99
784.60 13.04 10.21 8.35 333.80 299.29 9.13 0.10
0.00 2248.43
747.30 9.74 7.17 5.24 330.54 302.80 10.39 0.10
0.00 2656.11
707.20 6.54 2.31 -2.01 323.63 300.07 12.80 0.20
0.00 3111.90
664.30 3.84 -2.69 -13.19 318.31 303.69 14.01 0.10
0.00 3622.81
618.40 2.04 -6.05 -27.02 318.16 303.18 12.06 0.00
0.00 4201.92
570.20 -0.56 -8.70 -39.88 320.87 283.35 11.77 -0.10
0.00 4852.68
523.40 -5.56 -12.11 -38.27 323.01 261.12 12.59 -0.10
0.00 5529.85
481.30 -10.66 -15.85 -39.83 324.47 262.97 14.30 -0.10
0.00 6180.51
443.60 -15.26 -19.54 -46.01 325.88 270.67 16.71 0.00
0.00 6801.81
409.70 -19.26 -22.57 -42.57 328.51 278.23 16.30 0.00
0.00 7397.33
378.90 -22.66 -24.53 -32.68 333.02 297.50 15.99 0.00
0.00 7974.40
351.30 -26.86 -27.87 -32.55 334.81 306.87 19.42 0.00
0.00 8524.53
326.40 -30.36 -31.62 -40.60 335.68 296.75 26.32 0.00
0.00 9050.93
304.00 -33.96 -34.76 -41.00 337.53 285.02 32.98 -0.10
0.00 9552.56
283.80 -36.96 -37.86 -48.27 339.21 271.23 36.13 -0.10
0.00 10031.02
265.70 -40.66 -41.37 -52.61 340.00 269.72 40.02 -0.10
0.00 10483.11
248.80 -43.86 -44.16 -48.45 342.00 270.47 47.01 -0.10
0.00 10927.31
233.60 -47.36 -47.45 -49.00 342.90 268.21 49.75 -0.10
100.00 11347.22
219.60 -50.56 -50.73 -55.00 343.69 273.67 45.55 -0.10
100.00 11752.83
205.70 -53.16 -53.42 -64.93 345.78 284.23 41.08 0.00
0.00 12176.40
191.70 -55.36 -55.59 -68.39 349.24 291.42 37.76 0.00
0.00 12628.03
177.70 -57.56 -57.76 -73.70 353.24 294.47 38.00 0.10
0.00 13109.04
163.80 -59.46 -59.63 -74.24 358.37 303.62 43.86 0.00
0.00 13620.79
149.80 -61.26 -61.41 -74.84 364.54 314.43 41.63 0.00
0.00 14177.29
135.90 -62.46 -9999.00 -9999.00 -9999.00 313.31 23.23 0.00
0.00 14779.58
121.90 -63.66 -9999.00 -9999.00 -9999.00 273.30 20.24 0.00
0.00 15448.15
108.00 -64.26 -9999.00 -9999.00 -9999.00 276.13 23.64 0.00
0.00 16189.50
94.00 -63.26 -9999.00 -9999.00 -9999.00 296.57 16.94 0.00
0.00 17040.44
81.00 -61.06 -9999.00 -9999.00 -9999.00 332.78 7.65 0.00
0.00 17959.71
70.60 -59.16 -9999.00 -9999.00 -9999.00 26.57 5.65 0.00
0.00 18816.65
62.20 -58.46 -9999.00 -9999.00 -9999.00 79.29 7.32 0.00
0.00 19611.42
54.30 -57.66 -9999.00 -9999.00 -9999.00 73.30 8.12 0.00
0.00 20466.60
46.90 -56.66 -9999.00 -9999.00 -9999.00 63.87 11.46 0.00
0.00 21392.87
40.10 -55.36 -9999.00 -9999.00 -9999.00 57.09 15.73 0.00
0.00 22388.48
33.80 -53.26 -9999.00 -9999.00 -9999.00 59.74 18.88 0.00
0.00 23483.32
27.80 -50.76 -9999.00 -9999.00 -9999.00 69.61 23.43 0.00
0.00 24748.32
22.30 -47.56 -9999.00 -9999.00 -9999.00 83.24 26.40 0.00
0.00 26193.70
17.10 -44.16 -9999.00 -9999.00 -9999.00 84.29 23.43 0.00
0.00 27960.15
12.30 -41.56 -9999.00 -9999.00 -9999.00 75.36 26.90 0.00
0.00 30181.14

STID = KMDW STNM = 725340 TIME = 200808/0700 
SLAT = 41.78 SLON = -87.75 SELV = 183.0
STIM = 7

SHOW = 8.58 LIFT = 8.15 SWET = 49.10 KINX = 14.81
LCLP = 943.50 PWAT = 23.97 TOTL = 34.94 CAPE = 0.00
LCLT = 288.29 CINS = 0.00 EQLV = -9999.00 LFCT = -9999.00
BRCH = 0.00

PRES TMPC TMWC DWPC THTE DRCT SKNT OMEG
CFRL HGHT
998.40 19.84 17.39 16.03 326.36 156.04 3.83 0.00
0.00 192.51
995.40 21.24 16.76 14.16 324.58 166.20 11.40 0.00
0.00 218.55
989.90 23.04 16.28 12.11 323.58 168.37 13.48 0.10
0.00 266.72
980.50 22.94 15.65 10.98 322.73 168.69 13.87 0.10
0.00 349.87
966.50 22.24 14.37 8.90 320.43 167.30 14.14 0.10
0.00 474.96
948.70 21.14 13.01 6.91 318.56 163.23 14.80 0.20
0.00 636.07
927.30 19.54 11.96 6.09 318.27 160.14 14.88 0.20
0.00 832.84
904.00 17.94 10.84 5.13 318.09 163.38 13.58 0.20
0.00 1051.09
878.70 16.84 8.97 1.80 316.14 167.47 10.74 0.20
0.00 1293.31
850.50 16.04 8.52 1.79 318.72 170.84 6.10 0.20
0.00 1570.66
819.20 15.44 11.28 8.56 331.71 278.75 5.11 0.30
0.00 1889.05
784.90 13.14 10.03 7.96 333.18 290.10 8.49 0.30
0.00 2250.79
747.70 10.04 6.76 4.21 329.28 292.54 11.15 0.30
0.00 2657.39
707.60 6.84 1.94 -3.33 322.59 294.88 14.78 0.30
0.00 3113.28
664.60 4.04 -2.87 -14.54 317.81 301.65 16.67 0.20
0.00 3625.48
618.70 1.54 -6.05 -24.17 318.21 308.20 15.07 0.00
0.00 4204.00
570.40 -1.16 -8.97 -37.43 320.36 292.11 13.42 -0.10
0.00 4854.58
523.60 -5.76 -12.29 -39.41 322.63 266.68 13.42 -0.10
0.00 5530.50
481.40 -10.76 -15.93 -40.22 324.29 258.98 15.23 0.00
0.00 6182.14
443.70 -15.26 -19.43 -42.72 326.09 265.45 17.15 0.00
0.00 6803.20
409.80 -18.96 -22.01 -36.80 329.54 275.51 16.20 0.10
0.00 7398.97
379.00 -22.86 -24.17 -29.03 333.69 298.61 14.61 0.10
0.00 7976.09
351.30 -26.96 -27.98 -32.84 334.60 300.75 17.85 0.10
0.00 8527.85
326.40 -30.66 -31.43 -35.89 336.05 291.55 24.84 0.10
0.00 9053.85
304.00 -33.96 -34.69 -40.22 337.65 279.70 31.14 0.00
0.00 9555.20
283.80 -37.36 -38.12 -46.38 338.79 270.00 36.32 0.00
0.00 10033.27
265.70 -40.76 -41.23 -46.97 340.25 267.58 41.41 0.00
0.00 10484.90
248.80 -43.76 -43.97 -46.74 342.31 264.27 46.66 -0.10
100.00 10929.11
233.60 -47.16 -47.34 -50.50 343.08 265.60 48.12 -0.10
100.00 11349.30
219.60 -50.16 -50.45 -59.12 344.14 273.33 40.07 -0.10
0.00 11755.45
205.70 -52.66 -52.96 -67.88 346.52 283.89 38.01 -0.10
0.00 12179.87
191.70 -54.96 -55.20 -68.39 349.88 290.19 36.01 -0.10
0.00 12632.43
177.70 -57.26 -57.47 -73.70 353.73 292.15 36.07 0.00
0.00 13114.22
163.80 -59.46 -59.63 -74.24 358.37 298.07 39.63 0.00
0.00 13626.32
149.80 -61.56 -61.70 -74.84 364.02 308.71 37.59 0.00
0.00 14182.43
135.90 -62.96 -63.09 -75.48 371.81 306.56 21.52 0.00
0.00 14783.58
121.90 -64.26 -9999.00 -9999.00 -9999.00 267.04 22.57 0.00
0.00 15450.41
108.00 -64.46 -9999.00 -9999.00 -9999.00 282.53 25.08 0.00
0.00 16190.33
94.00 -62.66 -9999.00 -9999.00 -9999.00 301.52 17.09 0.00
0.00 17042.09
81.00 -60.76 -9999.00 -9999.00 -9999.00 322.43 6.37 0.00
0.00 17963.32
70.60 -59.36 -9999.00 -9999.00 -9999.00 37.41 4.16 0.00
0.00 18820.46
62.20 -59.16 -9999.00 -9999.00 -9999.00 80.84 6.10 0.00
0.00 19613.56
54.30 -58.16 -9999.00 -9999.00 -9999.00 64.18 6.68 0.00
0.00 20466.36
46.90 -57.26 -9999.00 -9999.00 -9999.00 57.32 12.24 0.00
0.00 21390.27
40.10 -55.86 -9999.00 -9999.00 -9999.00 58.60 17.52 0.00
0.00 22383.36
33.80 -53.26 -9999.00 -9999.00 -9999.00 65.98 21.48 0.00
0.00 23476.95
27.80 -50.66 -9999.00 -9999.00 -9999.00 78.60 23.58 0.00
0.00 24742.23
22.30 -47.16 -9999.00 -9999.00 -9999.00 86.19 23.37 0.00
0.00 26189.22
17.10 -43.76 -9999.00 -9999.00 -9999.00 75.96 22.42 0.00
0.00 27958.78
12.30 -41.56 -9999.00 -9999.00 -9999.00 71.94 28.21 0.00
0.00 30181.70

STID = KMDW STNM = 725340 TIME = 200808/0800 
SLAT = 41.78 SLON = -87.75 SELV = 183.0
STIM = 8

SHOW = 8.43 LIFT = 8.61 SWET = 49.49 KINX = 15.95
LCLP = 944.81 PWAT = 24.40 TOTL = 35.20 CAPE = 0.00
LCLT = 287.79 CINS = 0.00 EQLV = -9999.00 LFCT = -9999.00
BRCH = 0.00

PRES TMPC TMWC DWPC THTE DRCT SKNT OMEG
CFRL HGHT
997.50 19.14 16.82 15.49 324.55 165.26 3.81 0.00
0.00 192.49
994.50 20.44 16.19 13.65 322.83 169.22 12.45 0.00
0.00 218.48
989.00 22.44 15.74 11.47 321.94 168.98 15.23 0.00
0.00 266.57
979.60 22.64 15.21 10.29 321.40 170.99 16.12 -0.10
0.00 349.65
965.70 21.94 14.19 8.77 320.00 172.96 15.85 -0.10
0.00 473.81
947.90 20.84 13.04 7.25 318.78 173.42 15.25 -0.10
0.00 634.90
926.50 19.34 11.64 5.52 317.43 169.29 14.63 -0.10
0.00 831.67
903.20 17.94 10.16 3.46 316.22 166.16 13.81 -0.10
0.00 1049.98
878.00 16.84 8.64 0.89 315.30 173.66 10.55 -0.20
0.00 1291.37
849.80 16.24 8.62 1.83 319.08 176.53 6.43 -0.20
0.00 1569.01
818.60 15.54 11.33 8.58 331.95 259.22 4.16 -0.10
0.00 1886.80
784.30 13.24 9.80 7.47 332.54 270.00 7.19 -0.10
0.00 2248.91
747.20 10.34 6.74 3.92 329.29 282.53 10.74 0.00
0.00 2654.94
707.10 7.14 2.39 -2.51 323.83 291.80 14.65 0.10
0.00 3111.65
664.20 4.04 -2.30 -12.00 319.22 303.33 16.98 0.10
0.00 3623.37
618.40 1.14 -5.41 -18.05 319.84 309.81 16.69 0.00
0.00 4200.72
570.10 -1.86 -9.08 -31.59 320.33 295.16 14.16 -0.10
0.00 4850.47
523.30 -5.96 -12.32 -37.23 322.66 270.81 13.79 -0.10
0.00 5525.70
481.20 -10.76 -15.83 -38.06 324.55 260.66 15.56 -0.10
0.00 6175.89
443.60 -14.96 -19.01 -38.22 326.94 268.75 17.87 0.00
0.00 6795.89
409.60 -18.76 -21.37 -31.56 330.83 275.77 17.39 0.00
0.00 7394.29
378.90 -23.06 -24.09 -27.71 333.87 285.19 14.08 0.10
0.00 7969.83
351.30 -26.96 -27.92 -32.40 334.71 288.43 17.81 0.00
0.00 8519.46
326.40 -30.86 -31.36 -34.05 336.18 284.81 24.32 0.00
13.00 9045.27
303.90 -34.26 -34.90 -39.73 337.33 277.17 31.14 0.00
4.00 9548.44
283.80 -37.76 -38.34 -44.08 338.45 269.70 36.91 0.00
0.00 10023.53
265.70 -40.86 -41.15 -44.35 340.38 263.54 41.45 0.00
5.00 10474.69
248.80 -43.96 -44.15 -46.74 342.01 260.62 44.09 0.00
100.00 10918.63
233.60 -47.16 -47.39 -51.65 343.00 265.00 42.31 0.00
100.00 11338.64
219.60 -49.66 -50.05 -64.44 344.78 275.02 35.49 0.00
0.00 11745.22
205.70 -52.36 -52.68 -67.88 346.99 284.63 36.13 0.00
0.00 12170.41
191.70 -54.66 -54.91 -68.39 350.36 290.15 34.97 0.00
0.00 12623.59
177.70 -56.86 -57.08 -73.70 354.38 288.64 34.03 0.00
0.00 13106.16
163.80 -59.16 -59.34 -74.24 358.87 290.34 36.87 0.00
0.00 13619.09
149.80 -61.46 -61.60 -74.84 364.19 299.98 34.98 0.00
0.00 14175.72
135.90 -63.46 -63.58 -75.48 370.93 295.17 21.46 0.00
0.00 14776.30
121.90 -64.86 -9999.00 -9999.00 -9999.00 268.26 25.66 0.00
0.00 15441.38
108.00 -64.66 -9999.00 -9999.00 -9999.00 288.05 27.58 0.00
0.00 16179.89
94.00 -62.56 -9999.00 -9999.00 -9999.00 308.85 17.97 0.00
0.00 17031.45
81.00 -60.96 -9999.00 -9999.00 -9999.00 312.61 6.60 0.00
0.00 17952.46
70.60 -60.06 -9999.00 -9999.00 -9999.00 15.52 3.63 0.00
0.00 18807.79
62.20 -59.96 -9999.00 -9999.00 -9999.00 71.57 4.91 0.00
0.00 19598.10
54.30 -58.96 -9999.00 -9999.00 -9999.00 50.60 7.03 0.00
0.00 20447.73
46.90 -57.86 -9999.00 -9999.00 -9999.00 57.17 14.34 0.00
0.00 21368.63
40.10 -56.46 -9999.00 -9999.00 -9999.00 69.23 18.07 0.00
0.00 22358.97
33.80 -53.26 -9999.00 -9999.00 -9999.00 78.17 20.84 0.00
0.00 23451.06
27.80 -50.66 -9999.00 -9999.00 -9999.00 91.97 22.55 0.00
0.00 24716.35
22.30 -47.76 -9999.00 -9999.00 -9999.00 88.94 20.98 0.00
0.00 26161.40
17.10 -44.46 -9999.00 -9999.00 -9999.00 68.20 23.02 0.00
0.00 27925.91
12.30 -42.06 -9999.00 -9999.00 -9999.00 56.41 30.56 0.00
0.00 30143.04

STID = KMDW STNM = 725340 TIME = 200808/0900 
SLAT = 41.78 SLON = -87.75 SELV = 183.0
STIM = 9

SHOW = 9.25 LIFT = 7.27 SWET = 37.70 KINX = 17.27
LCLP = 942.98 PWAT = 26.73 TOTL = 33.89 CAPE = 0.00
LCLT = 287.25 CINS = 0.00 EQLV = -9999.00 LFCT = -9999.00
BRCH = 0.00

PRES TMPC TMWC DWPC THTE DRCT SKNT OMEG
CFRL HGHT
997.40 18.74 16.37 14.97 323.06 166.76 3.40 0.00
0.00 192.48
994.40 19.84 15.76 13.25 321.44 173.85 12.70 0.00
0.00 218.43
989.00 21.54 15.63 11.90 321.66 173.50 15.44 0.00
0.00 265.52
979.60 22.14 15.53 11.32 322.50 176.10 17.13 0.00
0.00 348.42
965.70 21.44 15.07 10.97 322.84 182.66 16.72 0.00
0.00 472.44
947.80 20.14 14.41 10.69 323.14 190.37 16.20 -0.10
0.00 634.25
926.40 18.74 12.90 8.83 321.30 193.65 13.99 0.00
0.00 830.81
903.10 17.64 10.18 3.84 316.33 183.75 11.87 0.00
0.00 1048.91
877.90 16.54 8.23 0.07 314.19 181.08 10.30 -0.10
0.00 1290.08
849.70 15.74 8.01 0.76 317.40 183.18 7.01 -0.10
0.00 1567.32
818.50 15.04 10.56 7.48 329.53 233.13 3.88 -0.20
0.00 1884.50
784.30 12.94 9.67 7.45 332.15 253.30 6.08 -0.30
0.00 2245.00
747.20 10.24 7.09 4.69 330.31 268.81 9.32 -0.20
0.00 2650.79
707.10 7.04 3.39 0.00 326.48 287.04 12.59 -0.10
0.00 3107.51
664.20 3.94 -1.43 -8.57 321.35 303.69 15.40 0.00
0.00 3619.31
618.30 0.84 -4.34 -12.36 322.39 311.85 17.46 0.00
0.00 4197.82
570.10 -2.36 -8.87 -25.85 320.92 303.08 15.31 0.00
0.00 4845.58
523.30 -6.36 -12.47 -35.14 322.43 278.93 13.77 0.00
0.00 5519.76
481.20 -10.66 -15.66 -36.26 324.89 267.83 15.37 0.00
0.00 6169.61
443.50 -14.56 -18.46 -34.39 328.02 273.65 18.30 0.10
0.00 6791.97
409.60 -18.56 -20.78 -28.31 331.94 272.49 17.89 0.20
0.00 7389.45
378.90 -23.06 -24.03 -27.41 333.97 273.37 16.53 0.20
0.00 7965.25
351.20 -27.26 -27.92 -30.80 334.75 277.56 19.21 0.10
4.00 8516.65
326.40 -31.16 -31.54 -33.60 335.87 281.69 23.02 0.10
100.00 9039.81
303.90 -34.76 -35.14 -37.75 336.96 276.99 30.34 0.00
25.00 9542.16
283.80 -37.96 -38.38 -42.21 338.40 266.94 36.38 0.00
7.00 10016.57
265.70 -41.06 -41.26 -43.41 340.21 262.06 40.79 -0.10
100.00 10467.36
248.80 -44.06 -44.34 -48.45 341.70 263.14 42.27 -0.10
100.00 10911.00
233.60 -46.86 -47.28 -57.40 343.16 267.56 36.56 -0.10
16.00 11331.18
219.60 -49.46 -49.88 -67.41 345.04 276.49 32.65 -0.10
0.00 11738.21
205.70 -52.36 -52.68 -67.88 346.99 282.60 33.84 -0.10
0.00 12163.59
191.70 -54.66 -54.91 -68.39 350.36 287.82 34.29 -0.10
0.00 12616.77
177.70 -56.46 -56.70 -73.70 355.04 286.60 32.63 0.00
0.00 13099.78
163.80 -58.96 -59.14 -74.24 359.21 286.22 33.37 0.00
0.00 13613.42
149.80 -61.36 -61.50 -74.84 364.36 293.11 33.16 0.00
0.00 14170.45
135.90 -63.56 -63.68 -75.48 370.75 289.38 22.24 0.00
0.00 14771.03
121.90 -64.86 -9999.00 -9999.00 -9999.00 275.95 28.13 0.00
0.00 15435.95
108.00 -64.06 -9999.00 -9999.00 -9999.00 293.50 29.23 0.00
0.00 16175.52
94.00 -62.26 -9999.00 -9999.00 -9999.00 313.12 16.76 0.00
0.00 17028.91
81.00 -60.86 -9999.00 -9999.00 -9999.00 298.30 5.73 0.00
0.00 17950.79
70.60 -60.06 -9999.00 -9999.00 -9999.00 21.80 3.15 0.00
0.00 18806.32
62.20 -59.76 -9999.00 -9999.00 -9999.00 72.76 5.91 0.00
0.00 19597.01
54.30 -58.46 -9999.00 -9999.00 -9999.00 52.22 9.83 0.00
0.00 20448.02
46.90 -56.96 -9999.00 -9999.00 -9999.00 63.43 17.37 0.00
0.00 21371.93
40.10 -55.26 -9999.00 -9999.00 -9999.00 77.99 18.67 0.00
0.00 22367.08
33.80 -52.96 -9999.00 -9999.00 -9999.00 90.00 19.62 0.00
0.00 23462.92
27.80 -51.56 -9999.00 -9999.00 -9999.00 94.62 19.29 0.00
0.00 24726.49
22.30 -48.76 -9999.00 -9999.00 -9999.00 80.91 19.68 0.00
0.00 26165.42
17.10 -45.36 -9999.00 -9999.00 -9999.00 66.04 26.79 0.00
0.00 27922.54
12.30 -42.36 -9999.00 -9999.00 -9999.00 63.84 36.58 0.00
0.00 30133.89

STID = KMDW STNM = 725340 TIME = 200808/1000 
SLAT = 41.78 SLON = -87.75 SELV = 183.0
STIM = 10

SHOW = 9.10 LIFT = 6.43 SWET = 42.03 KINX = 18.73
LCLP = 951.10 PWAT = 29.60 TOTL = 34.18 CAPE = 0.00
LCLT = 287.34 CINS = 0.00 EQLV = -9999.00 LFCT = -9999.00
BRCH = 0.00

PRES TMPC TMWC DWPC THTE DRCT SKNT OMEG
CFRL HGHT
997.70 18.14 16.13 14.93 322.26 158.75 3.75 0.00
0.00 192.46
994.70 19.34 15.83 13.69 321.64 174.12 13.29 0.00
0.00 218.35
989.30 21.24 16.15 13.07 323.32 176.47 15.77 0.00
0.00 265.38
979.80 22.14 16.21 12.64 324.74 182.60 17.11 0.10
0.00 349.14
965.90 21.34 15.61 12.09 324.60 186.63 16.82 0.10
0.00 473.16
948.00 20.04 14.67 11.26 323.95 190.66 16.80 0.10
0.00 634.93
926.60 18.64 13.21 9.52 322.23 195.95 15.56 0.00
0.00 831.42
903.30 17.54 10.82 5.46 318.15 194.26 11.83 0.00
0.00 1049.47
878.10 16.64 8.31 0.20 314.40 190.30 10.86 0.10
0.00 1290.63
849.90 15.64 8.04 0.97 317.48 188.53 7.85 0.10
0.00 1567.82
818.70 14.64 10.09 6.86 328.04 217.30 5.13 0.00
0.00 1884.62
784.50 12.74 9.45 7.17 331.41 236.31 6.29 0.00
0.00 2244.61
747.40 10.24 7.00 4.51 330.00 256.55 9.19 0.00
0.00 2650.11
707.30 7.04 3.93 1.20 327.94 281.31 11.89 0.00
0.00 3106.77
664.30 3.94 -0.90 -6.92 322.62 300.31 14.63 0.10
0.00 3619.79
618.50 0.44 -1.85 -4.39 328.35 314.58 18.82 0.10
0.00 4196.92
570.10 -3.06 -6.19 -10.72 327.08 310.82 16.94 0.10
0.00 4846.78
523.30 -6.56 -12.43 -32.70 322.55 290.19 14.06 0.10
0.00 5520.29
481.20 -10.66 -15.73 -37.42 324.75 276.50 15.44 0.10
0.00 6169.90
443.50 -14.46 -18.20 -32.23 328.54 273.61 18.49 0.20
0.00 6792.39
409.60 -18.46 -20.84 -29.17 331.82 266.96 18.28 0.20
0.00 7390.11
378.90 -23.06 -24.39 -29.51 333.31 265.50 17.35 0.20
0.00 7965.99
351.30 -27.46 -28.00 -30.31 334.60 268.17 18.26 0.10
36.00 8515.07
326.40 -31.26 -31.67 -33.90 335.66 279.55 21.08 0.10
100.00 9039.94
303.90 -34.86 -35.09 -36.61 337.04 273.93 31.16 0.00
100.00 9542.09
283.80 -38.36 -38.57 -40.38 338.09 266.69 36.97 0.00
100.00 10016.02
265.70 -41.56 -41.81 -44.69 339.32 264.52 38.64 0.00
100.00 10465.94
248.80 -44.16 -44.58 -51.75 341.31 265.16 36.85 -0.10
12.00 10909.00
233.60 -46.66 -47.16 -61.80 343.34 271.05 31.86 -0.10
0.00 11329.26
219.60 -49.56 -49.98 -67.41 344.89 275.86 30.46 -0.10
0.00 11736.37
205.70 -52.36 -52.68 -67.88 346.99 279.46 31.90 -0.10
0.00 12161.66
191.70 -54.16 -54.45 -73.19 351.12 284.71 32.13 0.00
0.00 12615.35
177.70 -56.06 -56.31 -73.70 355.69 285.70 30.87 0.00
0.00 13099.36
163.80 -58.56 -58.75 -74.24 359.88 283.54 32.36 0.00
0.00 13613.96
149.80 -61.36 -9999.00 -9999.00 -9999.00 287.80 33.04 0.00
0.00 14171.51
135.90 -63.36 -63.48 -75.48 371.11 286.49 25.33 0.00
0.00 14772.37
121.90 -64.76 -9999.00 -9999.00 -9999.00 279.46 29.55 0.00
0.00 15437.76
108.00 -63.36 -9999.00 -9999.00 -9999.00 300.09 28.28 0.00
0.00 16178.75
94.00 -61.96 -9999.00 -9999.00 -9999.00 318.18 14.86 0.00
0.00 17034.17
81.00 -60.86 -9999.00 -9999.00 -9999.00 294.78 5.56 0.00
0.00 17956.71
70.60 -60.16 -9999.00 -9999.00 -9999.00 18.43 2.45 0.00
0.00 18812.04
62.20 -59.16 -9999.00 -9999.00 -9999.00 80.54 4.72 0.00
0.00 19603.65
54.30 -57.66 -9999.00 -9999.00 -9999.00 58.11 10.30 0.00
0.00 20457.45
46.90 -56.46 -9999.00 -9999.00 -9999.00 70.13 17.15 0.00
0.00 21384.14
40.10 -54.46 -9999.00 -9999.00 -9999.00 84.35 17.75 0.00
0.00 22382.27
33.80 -52.96 -9999.00 -9999.00 -9999.00 94.92 18.12 0.00
0.00 23480.12
27.80 -51.56 -9999.00 -9999.00 -9999.00 86.67 16.72 0.00
0.00 24743.69
22.30 -48.26 -9999.00 -9999.00 -9999.00 73.74 19.42 0.00
0.00 26184.22
17.10 -45.06 -9999.00 -9999.00 -9999.00 71.05 27.53 0.00
0.00 27944.46
12.30 -42.26 -9999.00 -9999.00 -9999.00 77.66 38.17 0.00
0.00 30157.73

STID = KMDW STNM = 725340 TIME = 200808/1100 
SLAT = 41.78 SLON = -87.75 SELV = 183.0
STIM = 11

SHOW = 7.82 LIFT = 6.75 SWET = 69.55 KINX = 19.90
LCLP = 957.64 PWAT = 31.33 TOTL = 36.22 CAPE = 0.00
LCLT = 287.60 CINS = 0.00 EQLV = -9999.00 LFCT = -9999.00
BRCH = 0.00

PRES TMPC TMWC DWPC THTE DRCT SKNT OMEG
CFRL HGHT
998.90 17.94 16.17 15.11 322.24 165.96 4.00 0.00
0.00 191.58
995.90 18.94 15.99 14.21 322.01 178.43 14.18 0.00
0.00 217.42
990.40 20.84 16.32 13.64 323.77 180.00 16.90 0.00
0.00 265.21
980.90 21.94 16.12 12.59 324.29 184.67 19.09 0.00
0.00 348.80
967.00 21.44 15.26 11.34 323.29 187.28 18.41 0.00
0.00 472.64
949.10 20.34 14.10 9.93 321.98 191.31 17.83 -0.10
0.00 634.28
927.70 18.94 12.86 8.58 320.99 197.80 16.53 -0.10
0.00 830.66
904.40 17.64 11.61 7.12 320.33 202.75 13.05 -0.10
0.00 1048.62
879.10 16.64 9.48 3.33 317.55 201.04 10.82 -0.10
0.00 1290.63
850.80 15.74 8.88 3.02 319.73 196.82 8.72 0.00
0.00 1568.70
819.60 14.64 10.22 7.11 328.31 207.35 6.33 0.00
0.00 1885.30
785.30 12.74 9.17 6.64 330.42 222.88 7.42 -0.10
0.00 2245.93
748.20 10.54 6.63 3.51 328.78 253.54 8.92 0.00
0.00 2651.13
708.00 7.54 3.89 0.61 327.68 286.07 11.93 0.10
0.00 3109.00
665.00 4.44 -0.46 -6.35 323.57 302.24 14.94 0.20
0.00 3622.40
619.00 0.44 -0.15 -0.73 332.58 320.58 18.36 0.20
0.00 4202.30
570.50 -3.06 -4.54 -6.30 330.88 319.12 17.21 0.20
4.00 4853.53
523.60 -6.66 -11.02 -20.71 325.59 300.14 13.93 0.10
0.00 5528.37
481.40 -10.36 -15.46 -36.25 325.23 278.43 15.91 0.10
0.00 6179.65
443.70 -14.16 -18.11 -33.55 328.63 269.42 19.23 0.10
0.00 6802.58
409.70 -18.66 -21.37 -32.20 330.79 261.00 19.87 0.10
0.00 7401.92
379.00 -23.36 -24.72 -30.12 332.71 253.47 18.43 0.10
1.00 7977.03
351.30 -27.36 -27.90 -30.19 334.77 258.69 17.83 0.00
100.00 8527.80
326.40 -31.26 -31.76 -34.53 335.51 274.72 21.25 0.00
100.00 9052.77
304.00 -34.86 -35.20 -37.55 336.82 271.39 32.05 0.00
100.00 9552.59
283.80 -38.66 -38.88 -40.87 337.58 267.56 36.56 -0.10
100.00 10028.49
265.70 -41.86 -42.23 -46.97 338.64 266.11 37.18 -0.10
0.00 10477.82
248.80 -44.26 -44.79 -55.81 340.95 267.99 33.24 -0.10
0.00 10920.48
233.60 -46.86 -47.37 -63.98 342.99 271.78 31.29 -0.10
0.00 11340.45
219.60 -49.76 -50.17 -67.41 344.58 271.46 30.52 -0.10
0.00 11747.20
205.70 -52.46 -52.77 -67.88 346.83 275.16 32.38 -0.10
0.00 12172.20
191.70 -53.96 -54.24 -68.39 351.49 280.97 31.66 0.00
0.00 12626.00
177.70 -55.76 -56.02 -73.70 356.19 283.76 29.39 0.00
0.00 13110.56
163.80 -58.56 -58.75 -74.24 359.88 280.11 30.98 0.00
0.00 13625.52
149.80 -61.66 -9999.00 -9999.00 -9999.00 281.91 32.94 0.00
0.00 14182.68
135.90 -63.46 -9999.00 -9999.00 -9999.00 283.74 27.00 0.00
0.00 14782.96
121.90 -64.66 -9999.00 -9999.00 -9999.00 277.08 28.38 0.00
0.00 15448.36
108.00 -62.96 -9999.00 -9999.00 -9999.00 304.75 26.24 0.00
0.00 16190.24
94.00 -62.16 -9999.00 -9999.00 -9999.00 320.41 13.11 0.00
0.00 17046.06
81.00 -61.16 -9999.00 -9999.00 -9999.00 286.39 6.88 0.00
0.00 17967.50
70.60 -60.46 -9999.00 -9999.00 -9999.00 7.13 1.57 0.00
0.00 18821.63
62.20 -59.36 -9999.00 -9999.00 -9999.00 101.31 3.96 0.00
0.00 19612.32
54.30 -58.06 -9999.00 -9999.00 -9999.00 65.38 10.26 0.00
0.00 20464.92
46.90 -56.86 -9999.00 -9999.00 -9999.00 70.68 15.85 0.00
0.00 21389.90
40.10 -54.66 -9999.00 -9999.00 -9999.00 79.22 16.61 0.00
0.00 22386.66
33.80 -53.26 -9999.00 -9999.00 -9999.00 84.45 14.04 0.00
0.00 23483.25
27.80 -50.96 -9999.00 -9999.00 -9999.00 69.08 14.14 0.00
0.00 24747.68
22.30 -48.06 -9999.00 -9999.00 -9999.00 71.38 19.46 0.00
0.00 26190.79
17.10 -45.46 -9999.00 -9999.00 -9999.00 75.77 27.66 0.00
0.00 27950.25
12.30 -42.56 -9999.00 -9999.00 -9999.00 79.07 34.83 0.00
0.00 30160.15

STID = KMDW STNM = 725340 TIME = 200808/1200 
SLAT = 41.78 SLON = -87.75 SELV = 183.0
STIM = 12

SHOW = 5.66 LIFT = 6.47 SWET = 104.99 KINX = 22.58
LCLP = 953.85 PWAT = 32.92 TOTL = 39.49 CAPE = 0.00
LCLT = 287.75 CINS = 0.00 EQLV = -9999.00 LFCT = -9999.00
BRCH = 0.00

PRES TMPC TMWC DWPC THTE DRCT SKNT OMEG
CFRL HGHT
999.20 18.44 16.48 15.32 323.19 166.61 4.20 0.00
0.00 192.45
996.20 18.94 15.98 14.20 321.95 174.60 14.43 0.00
0.00 218.31
990.70 19.54 15.73 13.41 321.84 176.05 16.94 0.00
0.00 265.98
981.20 21.44 15.40 11.55 321.90 178.98 21.76 0.00
0.00 349.26
967.30 21.24 15.05 11.08 322.60 184.71 18.90 0.00
0.00 472.89
949.40 20.24 14.21 10.21 322.27 193.55 16.59 0.00
0.00 634.40
928.00 19.14 13.01 8.72 321.39 202.91 14.98 0.00
0.00 830.76
904.70 18.04 12.00 7.63 321.47 209.85 13.66 0.00
0.00 1048.89
879.40 16.64 11.10 7.02 322.26 209.62 11.40 0.00
0.00 1291.12
851.10 15.54 10.05 5.88 323.13 203.05 9.93 0.10
0.00 1569.24
819.80 14.54 10.29 7.32 328.49 204.78 8.35 0.10
0.00 1886.73
785.50 12.84 8.96 6.17 329.76 219.67 10.35 0.10
0.00 2247.26
748.40 10.74 6.46 2.99 328.27 247.56 9.67 0.00
0.00 2652.51
708.20 7.94 4.01 0.49 327.97 282.53 12.53 0.00
0.00 3110.69
665.20 4.64 0.06 -5.16 324.83 300.43 14.20 0.00
0.00 3624.54
619.10 0.54 -0.26 -1.04 332.28 327.93 17.19 0.00
0.00 4205.93
570.60 -2.96 -4.58 -6.52 330.76 329.64 15.75 -0.10
0.00 4857.24
523.70 -7.16 -9.23 -12.51 329.50 313.26 13.60 -0.10
0.00 5531.72
481.40 -10.56 -15.06 -29.70 326.12 286.35 15.19 0.00
0.00 6183.96
443.70 -14.36 -18.37 -35.05 328.12 271.77 18.84 0.00
0.00 6806.46
409.80 -18.86 -21.22 -29.82 331.08 256.92 19.74 0.00
0.00 7403.51
379.00 -23.46 -24.29 -27.20 333.49 250.50 19.77 0.00
0.00 7980.16
351.30 -27.16 -27.72 -30.07 335.08 256.69 18.57 -0.10
6.00 8531.08
326.40 -31.36 -31.75 -33.90 335.52 266.29 21.02 -0.10
100.00 9056.17
304.00 -35.16 -35.55 -38.36 336.25 271.09 30.50 -0.10
100.00 9555.57
283.80 -38.86 -39.13 -41.66 337.18 267.11 34.62 -0.10
100.00 10030.96
265.70 -41.96 -42.41 -48.85 338.34 265.43 34.11 0.00
0.00 10479.99
248.80 -44.26 -44.86 -59.58 340.82 269.66 32.44 0.00
0.00 10922.54
233.60 -46.86 -47.37 -63.98 342.99 269.31 32.05 0.00
0.00 11342.51
219.60 -49.76 -50.17 -67.41 344.58 267.89 31.68 0.00
0.00 11749.26
205.70 -52.16 -52.48 -67.88 347.31 272.07 32.26 0.00
0.00 12174.55
191.70 -53.36 -53.66 -68.39 352.45 278.13 31.59 0.00
0.00 12629.27
177.70 -55.36 -55.63 -73.70 356.84 281.61 28.96 0.00
0.00 13114.95
163.80 -58.46 -58.66 -74.24 360.04 276.51 29.14 0.00
0.00 13630.50
149.80 -61.66 -9999.00 -9999.00 -9999.00 276.95 32.09 0.00
0.00 14187.79
135.90 -63.86 -9999.00 -9999.00 -9999.00 280.34 27.06 0.00
0.00 14787.51
121.90 -64.76 -9999.00 -9999.00 -9999.00 279.66 27.78 0.00
0.00 15452.11
108.00 -63.56 -9999.00 -9999.00 -9999.00 306.50 24.16 0.00
0.00 16192.74
94.00 -62.96 -9999.00 -9999.00 -9999.00 316.51 10.45 0.00
0.00 17045.72
81.00 -61.66 -9999.00 -9999.00 -9999.00 278.62 6.49 0.00
0.00 17964.34
70.60 -60.86 -9999.00 -9999.00 -9999.00 45.00 1.38 0.00
0.00 18816.65
62.20 -59.86 -9999.00 -9999.00 -9999.00 85.24 2.33 0.00
0.00 19605.67
54.30 -58.46 -9999.00 -9999.00 -9999.00 52.43 9.56 0.00
0.00 20456.48
46.90 -57.26 -9999.00 -9999.00 -9999.00 65.22 13.91 0.00
0.00 21379.75
40.10 -55.76 -9999.00 -9999.00 -9999.00 74.33 16.55 0.00
0.00 22373.06
33.80 -54.46 -9999.00 -9999.00 -9999.00 72.10 13.27 0.00
0.00 23463.90
27.80 -51.46 -9999.00 -9999.00 -9999.00 63.43 16.06 0.00
0.00 24723.47
22.30 -47.96 -9999.00 -9999.00 -9999.00 76.61 20.96 0.00
0.00 26165.30
17.10 -45.26 -9999.00 -9999.00 -9999.00 79.41 27.47 0.00
0.00 27925.92
12.30 -42.66 -9999.00 -9999.00 -9999.00 78.56 33.29 0.00
0.00 30136.30

STID = KMDW STNM = 725340 TIME = 200808/1300 
SLAT = 41.78 SLON = -87.75 SELV = 183.0
STIM = 13

SHOW = 3.57 LIFT = 5.77 SWET = 131.61 KINX = 25.65
LCLP = 922.45 PWAT = 34.37 TOTL = 42.42 CAPE = 0.00
LCLT = 286.99 CINS = 0.00 EQLV = -9999.00 LFCT = -9999.00
BRCH = 0.00

PRES TMPC TMWC DWPC THTE DRCT SKNT OMEG
CFRL HGHT
998.80 20.44 17.02 15.08 325.04 170.54 5.91 0.00
0.00 192.52
995.90 20.24 16.42 14.16 323.39 173.00 11.15 0.00
0.00 217.66
990.40 19.84 16.02 13.73 322.81 173.76 12.51 0.00
0.00 265.48
980.90 21.14 15.28 11.53 321.57 178.21 18.65 0.00
0.00 348.79
967.00 21.14 14.72 10.49 321.56 179.43 19.62 0.00
0.00 472.37
949.10 20.24 14.46 10.72 323.14 190.78 16.61 0.00
0.00 633.89
927.70 19.34 13.45 9.47 322.80 203.81 14.43 0.00
0.00 830.43
904.40 18.24 12.82 9.15 324.04 212.28 13.09 0.00
0.00 1048.86
879.10 16.94 12.29 9.18 325.97 210.96 11.32 0.10
0.00 1291.52
850.80 15.84 11.28 8.15 326.92 207.03 10.68 0.10
0.00 1570.22
819.50 14.74 10.58 7.73 329.44 215.88 11.27 0.10
0.00 1888.23
785.30 13.04 8.88 5.84 329.51 229.76 13.23 0.00
0.00 2248.08
748.10 10.84 6.41 2.78 328.15 247.46 11.15 -0.10
0.00 2654.73
708.00 8.04 4.21 0.83 328.54 282.44 13.52 0.00
0.00 3112.11
665.00 4.64 0.36 -4.35 325.62 296.20 13.64 0.00
0.00 3626.25
619.00 0.54 -0.50 -1.52 331.68 333.10 15.03 0.10
0.00 4206.52
570.50 -3.26 -4.72 -6.49 330.44 333.82 12.76 0.10
0.00 4857.55
523.60 -7.26 -9.19 -12.21 329.62 317.73 11.56 0.10
0.00 5531.67
481.40 -10.86 -14.51 -24.17 327.30 294.04 13.83 0.00
0.00 6182.03
443.60 -14.56 -17.86 -28.71 329.21 276.89 17.81 0.10
0.00 6805.81
409.70 -18.96 -20.70 -26.15 332.09 264.18 21.10 0.10
0.00 7402.78
378.90 -23.56 -24.33 -27.01 333.45 258.50 22.40 0.00
2.00 7979.40
351.30 -27.56 -27.96 -29.61 334.67 258.35 19.23 0.00
100.00 8527.87
326.40 -31.56 -31.86 -33.45 335.35 261.79 20.42 0.00
100.00 9052.33
304.00 -35.26 -35.81 -40.22 335.81 267.29 28.79 0.00
39.00 9551.41
283.80 -38.96 -39.33 -43.10 336.84 260.59 32.09 0.00
100.00 10026.57
265.70 -41.76 -42.39 -53.41 338.35 261.42 31.24 0.00
0.00 10475.69
248.80 -44.26 -44.91 -63.51 340.74 266.19 32.13 0.00
0.00 10918.42
233.60 -46.96 -47.47 -63.98 342.84 265.91 32.71 0.00
0.00 11338.29
219.60 -49.76 -50.14 -64.44 344.63 264.87 32.58 0.00
0.00 11744.96
205.70 -51.66 -52.01 -67.88 348.09 268.98 32.63 0.00
0.00 12170.72
191.70 -52.96 -53.28 -68.39 353.09 276.46 31.08 0.00
0.00 12626.37
177.70 -55.26 -55.54 -73.70 357.01 277.85 28.44 0.00
0.00 13112.60
163.80 -58.36 -58.56 -74.24 360.21 271.90 29.35 0.00
0.00 13628.40
149.80 -61.46 -61.60 -74.84 364.19 273.86 31.74 0.00
0.00 14186.08
135.90 -63.86 -9999.00 -9999.00 -9999.00 283.94 29.02 0.00
0.00 14786.08
121.90 -64.86 -9999.00 -9999.00 -9999.00 284.51 28.69 0.00
0.00 15450.52
108.00 -63.76 -9999.00 -9999.00 -9999.00 305.07 22.32 0.00
0.00 16190.62
94.00 -63.06 -9999.00 -9999.00 -9999.00 301.43 8.20 0.00
0.00 17042.99
81.00 -61.86 -9999.00 -9999.00 -9999.00 279.21 7.28 0.00
0.00 17960.95
70.60 -61.06 -9999.00 -9999.00 -9999.00 348.69 1.98 0.00
0.00 18812.46
62.20 -59.76 -9999.00 -9999.00 -9999.00 360.00 3.50 0.00
0.00 19601.30
54.30 -58.26 -9999.00 -9999.00 -9999.00 48.53 11.15 0.00
0.00 20452.71
46.90 -57.56 -9999.00 -9999.00 -9999.00 65.49 14.51 0.00
0.00 21375.76
40.10 -56.66 -9999.00 -9999.00 -9999.00 72.23 15.91 0.00
0.00 22366.32
33.80 -54.56 -9999.00 -9999.00 -9999.00 59.49 12.63 0.00
0.00 23454.66
27.80 -50.76 -9999.00 -9999.00 -9999.00 62.88 17.89 0.00
0.00 24715.94
22.30 -47.46 -9999.00 -9999.00 -9999.00 76.09 21.81 0.00
0.00 26161.64
17.10 -44.16 -9999.00 -9999.00 -9999.00 77.07 26.90 0.00
0.00 27928.48
12.30 -41.66 -9999.00 -9999.00 -9999.00 81.50 34.17 0.00
0.00 30148.99

STID = KMDW STNM = 725340 TIME = 200808/1400 
SLAT = 41.78 SLON = -87.75 SELV = 183.0
STIM = 14

SHOW = 2.47 LIFT = 4.78 SWET = 148.94 KINX = 28.08
LCLP = 888.13 PWAT = 35.53 TOTL = 43.77 CAPE = 0.00
LCLT = 286.14 CINS = 0.00 EQLV = -9999.00 LFCT = -9999.00
BRCH = 0.00

PRES TMPC TMWC DWPC THTE DRCT SKNT OMEG
CFRL HGHT
998.70 22.74 17.64 14.80 327.12 176.63 6.62 0.00
0.00 192.60
995.70 22.34 17.20 14.27 326.00 177.61 9.32 0.00
0.00 218.80
990.20 21.84 16.81 13.89 325.40 178.99 11.07 0.00
0.00 266.97
980.80 21.14 16.12 13.11 324.33 182.20 15.17 0.00
0.00 349.72
966.90 20.94 15.02 11.23 322.56 185.25 16.98 0.00
0.00 473.32
948.90 20.14 14.56 10.98 323.48 188.75 17.89 0.00
0.00 635.72
927.60 19.24 14.26 11.12 325.43 204.26 15.13 0.00
0.00 831.36
904.20 18.24 13.91 11.23 327.59 212.95 12.51 0.10
0.00 1050.87
878.90 17.34 13.06 10.34 328.44 213.69 11.91 0.20
0.00 1293.90
850.60 16.14 12.05 9.40 329.39 214.70 12.28 0.20
0.00 1573.11
819.30 14.84 10.94 8.35 330.62 225.57 13.87 0.20
0.00 1891.52
785.10 12.94 9.03 6.22 330.01 238.50 14.12 0.10
0.00 2251.52
747.90 10.84 6.40 2.76 328.15 249.55 12.24 0.00
0.00 2658.23
707.80 7.84 4.55 1.76 329.55 282.53 12.53 0.10
0.00 3115.62
664.80 4.64 0.44 -4.13 325.87 291.97 11.95 0.10
0.00 3629.81
618.80 0.64 -0.58 -1.80 331.49 338.20 10.47 0.20
0.00 4210.36
570.40 -3.16 -5.00 -7.30 329.79 327.72 8.72 0.20
0.00 4860.37
523.50 -7.06 -9.63 -13.96 328.66 303.69 9.81 0.10
0.00 5534.86
481.30 -10.86 -14.16 -22.17 328.07 292.87 13.50 0.00
0.00 6185.57
443.60 -14.66 -17.41 -25.28 330.12 281.31 17.83 0.10
0.00 6807.74
409.60 -18.76 -21.02 -28.92 331.50 272.56 21.78 0.10
0.00 7406.67
378.90 -23.56 -25.07 -31.47 332.11 261.37 22.01 0.00
0.00 7981.61
351.30 -27.86 -28.30 -30.19 334.09 255.83 19.83 0.00
100.00 8529.68
326.40 -31.86 -32.13 -33.60 334.90 258.58 20.61 -0.10
100.00 9053.48
303.90 -35.56 -36.18 -41.57 335.23 260.81 26.77 -0.10
0.00 9554.23
283.80 -38.86 -39.48 -46.82 336.60 255.09 30.96 0.00
14.00 10026.90
265.70 -41.46 -42.24 -59.06 338.58 259.32 31.43 0.00
0.00 10476.38
248.80 -44.06 -44.73 -63.51 341.03 263.81 32.44 0.00
0.00 10919.59
233.60 -46.86 -47.37 -63.98 342.99 264.93 32.96 0.00
0.00 11339.74
219.60 -49.36 -49.76 -64.44 345.24 265.04 33.72 0.00
0.00 11746.85
205.70 -51.26 -51.62 -67.88 348.72 268.33 33.43 0.00
0.00 12173.38
191.70 -52.96 -53.28 -68.39 353.09 273.10 32.28 0.00
0.00 12629.45
177.80 -55.26 -55.54 -73.70 356.95 274.40 30.40 0.00
0.00 13112.07
163.80 -58.36 -58.56 -74.24 360.21 270.36 30.69 -0.10
0.00 13631.43
149.80 -61.56 -61.70 -74.84 364.02 272.13 31.29 -0.10
0.00 14188.98
135.90 -64.26 -9999.00 -9999.00 -9999.00 282.77 29.88 0.00
0.00 14788.27
121.90 -64.86 -9999.00 -9999.00 -9999.00 285.37 26.40 0.00
0.00 15452.07
108.00 -63.56 -9999.00 -9999.00 -9999.00 304.86 21.08 0.00
0.00 16192.53
94.00 -63.16 -9999.00 -9999.00 -9999.00 304.51 7.54 0.00
0.00 17045.10
81.00 -61.96 -9999.00 -9999.00 -9999.00 296.57 7.81 0.00
0.00 17962.63
70.60 -60.96 -9999.00 -9999.00 -9999.00 340.35 2.89 0.00
0.00 18814.14
62.20 -59.26 -9999.00 -9999.00 -9999.00 7.59 5.89 0.00
0.00 19604.08
54.30 -57.76 -9999.00 -9999.00 -9999.00 57.72 13.09 0.00
0.00 20457.48
46.90 -57.36 -9999.00 -9999.00 -9999.00 73.37 15.62 0.00
0.00 21382.03
40.10 -56.56 -9999.00 -9999.00 -9999.00 80.31 16.16 0.00
0.00 22373.28
33.80 -54.26 -9999.00 -9999.00 -9999.00 73.30 14.20 0.00
0.00 23462.62
27.80 -50.86 -9999.00 -9999.00 -9999.00 77.41 20.49 0.00
0.00 24724.48
22.30 -47.96 -9999.00 -9999.00 -9999.00 77.94 23.23 0.00
0.00 26168.24
17.10 -43.96 -9999.00 -9999.00 -9999.00 73.26 29.00 0.00
0.00 27933.91
12.30 -41.76 -9999.00 -9999.00 -9999.00 78.38 34.71 0.00
0.00 30154.90

STID = KMDW STNM = 725340 TIME = 200808/1500 
SLAT = 41.78 SLON = -87.75 SELV = 183.0
STIM = 15

SHOW = 1.04 LIFT = 2.85 SWET = 165.76 KINX = 29.75
LCLP = 848.10 PWAT = 36.97 TOTL = 45.79 CAPE = 0.00
LCLT = 284.67 CINS = 0.00 EQLV = -9999.00 LFCT = -9999.00
BRCH = 0.00

PRES TMPC TMWC DWPC THTE DRCT SKNT OMEG
CFRL HGHT
998.80 25.14 18.02 14.03 328.33 186.01 7.42 0.00
0.00 191.79
995.70 24.54 17.71 13.83 327.65 186.71 9.98 0.00
0.00 219.07
990.20 23.84 17.36 13.65 327.21 186.77 11.54 0.00
0.00 267.57
980.80 22.94 16.91 13.41 326.93 187.65 13.13 -0.10
0.00 350.86
966.90 21.64 16.24 13.07 326.59 189.96 14.59 -0.10
0.00 475.04
949.00 20.24 15.36 12.42 326.10 193.71 16.39 -0.10
0.00 636.84
927.60 19.04 15.26 13.05 328.75 204.44 16.43 -0.10
0.00 833.48
904.20 18.14 15.04 13.27 331.40 211.76 14.39 0.00
0.00 1053.05
878.80 17.34 13.87 11.80 331.16 215.06 13.52 0.10
0.00 1297.17
850.50 16.24 12.74 10.58 331.66 218.78 13.95 0.10
0.00 1576.61
819.20 15.04 11.33 8.92 331.87 230.49 14.36 0.10
0.00 1895.32
785.00 13.44 9.09 5.95 330.20 245.77 12.78 0.10
0.00 2255.82
747.80 11.14 6.66 3.05 328.91 259.26 11.46 0.20
0.00 2663.16
707.70 8.14 4.85 2.12 330.41 280.30 10.86 0.20
0.00 3121.14
664.70 5.14 0.81 -3.79 326.82 295.56 9.91 0.20
0.00 3636.18
618.80 1.14 -0.46 -2.05 331.80 339.44 8.29 0.20
0.00 4216.56
570.30 -2.96 -5.34 -8.45 329.01 315.91 8.66 0.10
0.00 4868.73
523.40 -7.16 -10.08 -15.30 327.71 302.55 10.84 0.00
0.00 5543.35
481.30 -11.46 -14.15 -20.29 328.12 297.00 11.56 0.00
0.00 6191.71
443.60 -14.96 -17.26 -23.34 330.46 282.24 16.49 0.00
0.00 6812.89
409.60 -18.96 -21.22 -29.30 331.14 272.81 19.83 0.10
0.00 7411.28
378.90 -23.56 -25.20 -32.52 331.86 264.29 19.52 0.10
0.00 7985.97
351.20 -28.06 -28.56 -30.80 333.66 252.30 19.17 0.00
100.00 8535.85
326.40 -31.96 -32.34 -34.53 334.54 251.57 19.66 -0.10
100.00 9057.28
303.90 -35.56 -36.41 -44.93 334.84 251.57 27.02 -0.10
0.00 9557.91
283.80 -38.66 -39.53 -52.86 336.48 250.42 30.71 0.00
0.00 10030.75
265.60 -41.16 -42.01 -63.02 338.96 258.98 30.48 0.00
0.00 10483.27
248.80 -43.76 -44.45 -63.51 341.48 265.27 30.59 0.00
0.00 10924.50
233.60 -46.46 -47.00 -63.98 343.59 265.99 33.29 0.00
0.00 11345.30
219.60 -48.86 -49.31 -67.41 345.97 267.46 35.00 0.00
0.00 11753.23
205.70 -51.16 -51.53 -67.88 348.88 270.95 34.97 0.00
0.00 12180.33
191.70 -53.26 -53.59 -73.19 352.56 273.37 33.08 0.00
0.00 12636.19
177.80 -55.56 -55.83 -73.70 356.46 272.16 30.91 0.00
0.00 13118.15
163.80 -58.36 -58.56 -74.24 360.21 268.21 31.10 0.00
0.00 13637.15
149.80 -61.56 -61.70 -74.84 364.02 271.41 31.66 0.00
0.00 14194.70
135.90 -63.86 -9999.00 -9999.00 -9999.00 277.98 30.79 0.00
0.00 14794.56
121.90 -64.66 -9999.00 -9999.00 -9999.00 284.04 26.44 0.00
0.00 15459.32
108.00 -63.66 -9999.00 -9999.00 -9999.00 302.74 19.41 0.00
0.00 16199.95
94.00 -63.66 -9999.00 -9999.00 -9999.00 290.14 6.22 0.00
0.00 17051.31
81.00 -62.46 -9999.00 -9999.00 -9999.00 285.71 6.45 0.00
0.00 17966.65
70.60 -61.46 -9999.00 -9999.00 -9999.00 360.00 1.36 0.00
0.00 18816.15
62.20 -59.36 -9999.00 -9999.00 -9999.00 35.91 6.95 0.00
0.00 19604.98
54.30 -57.26 -9999.00 -9999.00 -9999.00 79.14 14.43 0.00
0.00 20459.18
46.90 -56.36 -9999.00 -9999.00 -9999.00 98.75 15.33 0.00
0.00 21386.94
40.10 -54.96 -9999.00 -9999.00 -9999.00 95.53 12.10 0.00
0.00 22384.16
33.80 -52.36 -9999.00 -9999.00 -9999.00 72.22 10.82 0.00
0.00 23482.25
27.80 -50.26 -9999.00 -9999.00 -9999.00 80.31 16.16 0.00
0.00 24751.26
22.30 -49.06 -9999.00 -9999.00 -9999.00 78.27 21.04 0.00
0.00 26193.41
17.10 -45.46 -9999.00 -9999.00 -9999.00 76.68 30.34 0.00
0.00 27948.98
12.30 -42.06 -9999.00 -9999.00 -9999.00 84.57 39.02 0.00
0.00 30161.29

STID = KMDW STNM = 725340 TIME = 200808/1600 
SLAT = 41.78 SLON = -87.75 SELV = 183.0
STIM = 16

SHOW = -0.34 LIFT = 0.96 SWET = 183.12 KINX = 31.11
LCLP = 836.97 PWAT = 39.30 TOTL = 47.48 CAPE = 0.00
LCLT = 285.24 CINS = 0.00 EQLV = -9999.00 LFCT = -9999.00
BRCH = 0.00

PRES TMPC TMWC DWPC THTE DRCT SKNT OMEG
CFRL HGHT
998.50 26.84 18.99 14.81 331.83 191.89 7.54 0.00
0.00 192.73
995.50 26.04 18.67 14.71 331.10 191.31 9.91 0.00
0.00 219.29
990.00 25.34 18.38 14.61 330.81 191.11 11.09 0.00
0.00 268.06
980.60 24.34 17.94 14.44 330.55 191.84 12.30 -0.10
0.00 351.81
966.60 23.04 17.37 14.25 330.52 192.80 13.15 -0.10
0.00 477.56
948.70 21.34 16.63 14.01 330.47 194.62 13.85 -0.10
0.00 640.19
927.30 19.64 16.10 14.14 331.70 201.25 15.02 -0.10
0.00 837.58
903.90 18.24 15.69 14.29 333.71 210.84 15.15 0.00
0.00 1057.58
878.50 16.74 14.80 13.71 334.42 215.97 14.88 0.10
7.00 1301.72
850.20 16.04 13.47 11.97 334.18 221.82 14.86 0.10
9.00 1581.06
818.90 15.34 11.50 9.03 332.46 235.15 13.25 0.10
3.00 1900.04
784.70 13.94 9.35 6.08 331.03 259.32 10.47 0.10
0.00 2261.19
747.60 11.44 7.76 5.05 332.22 274.84 11.50 0.20
0.00 2668.26
707.50 8.44 5.08 2.33 331.09 278.53 11.79 0.10
0.00 3127.01
664.50 5.44 0.99 -3.70 327.30 294.08 10.00 0.10
0.00 3642.77
618.60 1.34 -0.41 -2.13 331.98 332.78 7.65 0.10
0.00 4223.86
570.20 -3.06 -5.39 -8.45 328.91 310.86 9.50 0.00
0.00 4874.96
523.40 -7.46 -10.08 -14.67 327.72 311.99 10.45 0.00
0.00 5547.72
481.20 -11.66 -14.01 -19.11 328.45 290.56 9.97 0.00
0.00 6197.13
443.50 -15.06 -17.00 -21.82 331.00 282.77 14.94 0.00
0.00 6818.16
409.60 -18.96 -20.67 -25.96 332.18 275.77 17.39 0.00
0.00 7414.82
378.80 -23.56 -24.72 -29.15 332.77 268.09 17.48 0.00
0.00 7991.56
351.20 -28.16 -28.56 -30.31 333.67 257.09 19.13 0.00
100.00 8539.47
326.30 -32.16 -32.68 -35.90 334.00 249.38 19.31 0.00
100.00 9062.75
303.90 -35.56 -36.63 -50.02 334.45 248.28 26.77 0.00
0.00 9560.99
283.80 -38.56 -39.55 -58.54 336.42 251.19 28.32 0.00
0.00 10033.91
265.60 -41.06 -41.92 -63.02 339.11 260.13 27.21 0.00
0.00 10486.61
248.80 -43.76 -44.45 -63.51 341.48 266.37 27.64 0.00
0.00 10927.95
233.60 -46.46 -47.02 -66.97 343.55 267.10 30.73 0.00
0.00 11348.74
219.60 -48.86 -49.31 -67.41 345.97 268.65 33.02 0.00
0.00 11756.67
205.70 -50.96 -51.34 -67.88 349.19 271.99 33.62 0.00
0.00 12183.96
191.70 -53.06 -53.40 -73.19 352.88 274.18 31.93 0.00
0.00 12640.24
177.70 -55.36 -55.63 -73.70 356.84 270.77 28.94 0.00
0.00 13126.24
163.80 -58.16 -58.37 -74.24 360.55 265.08 29.45 0.00
0.00 13642.15
149.80 -61.26 -61.41 -74.84 364.54 268.26 32.07 0.00
0.00 14200.36
135.90 -63.46 -9999.00 -9999.00 -9999.00 276.90 30.71 0.00
0.00 14801.22
121.90 -64.26 -9999.00 -9999.00 -9999.00 287.61 25.68 0.00
0.00 15467.25
108.00 -63.36 -9999.00 -9999.00 -9999.00 306.87 16.51 0.00
0.00 16209.13
94.00 -63.66 -9999.00 -9999.00 -9999.00 281.59 7.73 0.00
0.00 17061.09
81.00 -62.66 -9999.00 -9999.00 -9999.00 290.85 8.72 0.00
0.00 17976.00
70.60 -61.76 -9999.00 -9999.00 -9999.00 331.93 3.30 0.00
0.00 18824.49
62.20 -59.76 -9999.00 -9999.00 -9999.00 42.61 6.60 0.00
0.00 19612.03
54.30 -57.76 -9999.00 -9999.00 -9999.00 96.17 14.45 0.00
0.00 20464.43
46.90 -56.66 -9999.00 -9999.00 -9999.00 107.68 14.06 0.00
0.00 21390.48
40.10 -54.56 -9999.00 -9999.00 -9999.00 95.49 10.14 0.00
0.00 22387.93
33.80 -52.16 -9999.00 -9999.00 -9999.00 64.93 13.29 0.00
0.00 23487.52
27.80 -50.86 -9999.00 -9999.00 -9999.00 65.56 16.43 0.00
0.00 24755.38
22.30 -49.56 -9999.00 -9999.00 -9999.00 69.68 22.38 0.00
0.00 26193.98
17.10 -45.76 -9999.00 -9999.00 -9999.00 83.14 30.91 0.00
0.00 27946.44
12.30 -41.56 -9999.00 -9999.00 -9999.00 91.46 38.09 0.00
0.00 30159.72

STID = KMDW STNM = 725340 TIME = 200808/1700 
SLAT = 41.78 SLON = -87.75 SELV = 183.0
STIM = 17

SHOW = -1.13 LIFT = -0.68 SWET = 198.15 KINX = 33.62
LCLP = 835.49 PWAT = 42.17 TOTL = 48.10 CAPE = 25.13
LCLT = 286.33 CINS = -255.79 EQLV = 347.74 LFCT = 567.10
BRCH = 1.67

PRES TMPC TMWC DWPC THTE DRCT SKNT OMEG
CFRL HGHT
997.40 28.04 19.98 15.93 335.70 194.74 7.63 0.00
0.00 191.90
994.40 27.14 19.65 15.86 334.91 193.76 9.79 0.00
0.00 218.60
988.90 26.44 19.37 15.76 334.62 193.30 10.98 0.00
0.00 267.63
979.50 25.44 18.95 15.62 334.43 193.13 11.97 -0.10
0.00 351.82
965.50 24.04 18.36 15.41 334.25 194.04 12.82 -0.10
0.00 478.22
947.60 22.44 17.67 15.18 334.36 195.83 13.52 -0.20
0.00 641.71
926.30 20.44 16.86 14.96 334.54 198.19 14.32 -0.20
0.00 839.11
902.90 18.84 16.42 15.15 336.49 210.10 15.50 -0.20
0.00 1059.97
877.60 16.74 15.40 14.65 336.66 218.66 16.16 -0.20
0.00 1303.77
849.30 15.34 13.90 13.06 335.78 225.00 16.20 -0.20
24.00 1583.18
818.00 15.54 11.57 9.03 332.83 241.88 12.78 -0.10
6.00 1902.30
783.90 14.14 10.01 7.23 333.26 265.52 9.95 -0.10
0.00 2263.11
746.80 11.14 9.51 8.46 337.91 276.25 14.26 -0.10
0.00 2670.85
706.80 8.14 5.91 4.21 333.63 275.19 12.88 0.00
3.00 3128.83
663.80 5.54 1.24 -3.18 328.07 285.38 8.06 0.00
0.00 3645.11
618.00 1.54 -0.38 -2.27 332.17 330.75 5.57 0.10
0.00 4225.86
569.70 -3.16 -5.34 -8.17 329.13 315.00 9.07 0.10
0.00 4876.34
523.00 -7.56 -9.86 -13.73 328.29 313.09 8.24 0.10
0.00 5548.02
480.90 -11.76 -13.91 -18.47 328.72 274.57 9.75 0.00
0.00 6196.16
443.30 -15.36 -17.22 -21.90 330.62 277.65 13.13 0.00
0.00 6815.41
409.40 -19.16 -20.56 -24.67 332.45 282.26 13.71 0.00
0.00 7411.79
378.70 -23.66 -24.45 -27.21 333.29 277.65 13.13 0.10
0.00 7986.59
351.10 -28.26 -28.80 -31.31 333.28 257.32 15.93 0.00
100.00 8534.44
326.30 -31.86 -32.97 -41.79 333.49 245.51 21.56 0.00
11.00 9055.86
303.90 -35.36 -36.62 -56.52 334.45 250.65 26.96 0.00
0.00 9554.58
283.80 -38.46 -39.46 -58.54 336.56 256.57 26.77 0.00
0.00 10027.78
265.60 -41.06 -41.90 -60.81 339.15 263.42 25.43 0.00
0.00 10480.59
248.80 -43.86 -44.54 -63.51 341.33 267.01 26.07 0.00
0.00 10921.83
233.60 -46.56 -47.09 -63.98 343.44 270.38 28.94 0.00
0.00 11342.44
219.60 -48.86 -49.31 -67.41 345.97 273.51 31.72 0.00
0.00 11750.28
205.70 -50.96 -51.34 -67.88 349.19 275.88 32.23 0.00
0.00 12177.57
191.70 -53.06 -53.40 -73.19 352.88 274.37 30.59 0.00
0.00 12633.84
177.80 -55.56 -55.83 -73.70 356.46 268.48 29.35 0.00
0.00 13116.02
163.80 -58.16 -58.37 -74.24 360.55 264.77 29.84 0.00
0.00 13635.26
149.80 -61.26 -61.41 -74.84 364.54 268.91 30.69 0.00
0.00 14193.46
135.90 -63.76 -9999.00 -9999.00 -9999.00 280.30 28.22 0.00
0.00 14793.89
121.90 -64.26 -9999.00 -9999.00 -9999.00 292.33 23.52 0.00
0.00 15459.45
108.00 -63.06 -9999.00 -9999.00 -9999.00 304.22 11.75 0.00
0.00 16201.85
94.00 -63.46 -9999.00 -9999.00 -9999.00 257.74 9.15 0.00
0.00 17054.83
81.00 -62.16 -9999.00 -9999.00 -9999.00 281.77 9.52 0.00
0.00 17971.27
70.60 -60.66 -9999.00 -9999.00 -9999.00 328.24 4.80 0.00
0.00 18822.98
62.20 -58.86 -9999.00 -9999.00 -9999.00 43.96 7.56 0.00
0.00 19614.23
54.30 -57.76 -9999.00 -9999.00 -9999.00 107.57 12.22 0.00
0.00 20468.42
46.90 -56.96 -9999.00 -9999.00 -9999.00 99.27 9.63 0.00
0.00 21393.83
40.10 -54.96 -9999.00 -9999.00 -9999.00 66.80 8.88 0.00
0.00 22389.67
33.80 -52.86 -9999.00 -9999.00 -9999.00 61.65 16.78 0.00
0.00 23486.51
27.80 -51.66 -9999.00 -9999.00 -9999.00 66.73 19.66 0.00
0.00 24750.08
22.30 -48.96 -9999.00 -9999.00 -9999.00 72.97 22.55 0.00
0.00 26188.04
17.10 -45.06 -9999.00 -9999.00 -9999.00 85.17 27.68 0.00
0.00 27945.55
12.30 -41.36 -9999.00 -9999.00 -9999.00 90.94 35.35 0.00
0.00 30163.16

STID = KMDW STNM = 725340 TIME = 200808/1800 
SLAT = 41.78 SLON = -87.75 SELV = 183.0
STIM = 18

SHOW = -2.04 LIFT = -1.68 SWET = 213.70 KINX = 35.74
LCLP = 834.45 PWAT = 44.04 TOTL = 48.74 CAPE = 254.32
LCLT = 287.10 CINS = -127.88 EQLV = 291.17 LFCT = 610.79
BRCH = 23.59

PRES TMPC TMWC DWPC THTE DRCT SKNT OMEG
CFRL HGHT
997.10 28.94 20.70 16.74 338.60 200.22 7.87 0.00
0.00 192.82
994.10 28.04 20.38 16.65 337.76 199.50 9.89 0.00
0.00 219.62
988.70 27.34 20.10 16.57 337.50 198.43 11.05 0.00
0.00 267.93
979.20 26.34 19.69 16.42 337.30 198.14 11.85 -0.10
0.00 353.33
965.30 25.04 19.14 16.21 337.23 199.00 12.53 -0.10
0.00 479.31
947.40 23.34 18.41 15.93 337.12 200.06 13.03 -0.10
0.00 643.41
926.00 21.34 17.54 15.60 337.09 201.04 13.52 -0.10
0.00 842.46
902.60 19.34 16.83 15.53 338.02 209.28 14.70 -0.10
0.00 1063.97
877.30 17.24 15.84 15.09 338.33 223.56 16.36 -0.10
0.00 1308.32
849.00 14.94 14.56 14.31 338.17 229.18 16.94 -0.10
57.00 1587.99
817.80 14.44 12.02 10.54 334.39 240.55 13.83 -0.10
15.00 1905.54
783.60 13.94 10.48 8.24 334.84 256.26 8.99 0.00
0.00 2266.87
746.50 11.14 10.03 9.32 339.66 278.03 15.31 0.10
1.00 2674.77
706.50 7.84 6.46 5.44 335.33 270.84 13.21 0.10
16.00 3132.87
663.60 5.64 1.38 -2.95 328.47 267.14 7.77 0.10
0.00 3648.06
617.80 1.64 -0.33 -2.28 332.32 296.57 3.90 0.10
0.00 4229.22
569.60 -3.06 -5.10 -7.69 329.70 306.57 7.50 0.10
0.00 4878.78
522.80 -7.56 -9.80 -13.54 328.45 291.80 6.27 0.10
0.00 5552.25
480.80 -11.56 -13.80 -18.54 328.96 263.02 9.60 0.10
0.00 6199.29
443.20 -15.06 -17.45 -23.97 330.17 274.47 12.47 0.10
0.00 6819.22
409.30 -18.96 -20.71 -26.16 332.19 285.26 13.29 0.00
0.00 7416.25
378.70 -23.66 -24.54 -27.72 333.12 284.88 12.86 -0.10
0.00 7989.44
351.10 -28.46 -29.32 -33.78 332.39 263.50 15.44 -0.10
27.00 8537.04
326.20 -31.96 -33.40 -48.75 332.76 252.04 22.05 -0.10
0.00 9060.26
303.90 -35.56 -36.81 -57.99 334.12 256.94 24.92 -0.10
0.00 9556.49
283.70 -38.76 -39.76 -60.30 336.12 260.61 25.00 0.00
0.00 10031.63
265.60 -41.16 -41.99 -60.81 339.01 262.82 24.86 0.00
0.00 10481.64
248.80 -43.96 -44.63 -63.51 341.18 269.10 24.67 -0.10
0.00 10922.69
233.60 -46.86 -47.37 -63.98 342.99 271.27 26.22 -0.10
0.00 11342.93
219.60 -49.16 -49.60 -67.41 345.51 273.12 28.59 0.00
0.00 11750.23
205.70 -50.86 -51.24 -67.88 349.35 274.14 29.60 0.00
0.00 12177.33
191.70 -52.86 -53.20 -73.19 353.20 271.88 29.55 0.00
0.00 12633.91
177.70 -55.56 -55.83 -73.70 356.51 266.61 29.58 0.00
0.00 13119.91
163.80 -58.36 -58.56 -74.24 360.21 267.85 31.10 0.00
0.00 13635.35
149.80 -60.66 -60.82 -74.84 365.57 273.76 29.58 0.00
0.00 14194.08
135.90 -62.76 -9999.00 -9999.00 -9999.00 280.38 25.87 0.00
0.00 14796.79
121.90 -63.46 -9999.00 -9999.00 -9999.00 288.60 21.93 0.00
0.00 15465.21
108.00 -62.86 -9999.00 -9999.00 -9999.00 291.61 11.07 0.00
0.00 16209.39
94.00 -63.46 -9999.00 -9999.00 -9999.00 253.50 10.94 0.00
0.00 17062.77
81.00 -61.86 -9999.00 -9999.00 -9999.00 281.31 8.92 0.00
0.00 17979.86
70.60 -60.36 -9999.00 -9999.00 -9999.00 353.29 3.32 0.00
0.00 18832.78
62.20 -58.46 -9999.00 -9999.00 -9999.00 73.44 7.50 0.00
0.00 19625.32
54.30 -57.76 -9999.00 -9999.00 -9999.00 134.26 10.59 0.00
0.00 20480.31
46.90 -56.76 -9999.00 -9999.00 -9999.00 105.42 5.85 0.00
0.00 21406.15
40.10 -54.96 -9999.00 -9999.00 -9999.00 53.62 9.17 0.00
0.00 22402.45
33.80 -53.36 -9999.00 -9999.00 -9999.00 64.54 18.07 0.00
0.00 23498.04
27.80 -51.76 -9999.00 -9999.00 -9999.00 67.80 20.55 0.00
0.00 24759.89
22.30 -48.46 -9999.00 -9999.00 -9999.00 75.13 22.71 0.00
0.00 26199.14
17.10 -45.06 -9999.00 -9999.00 -9999.00 86.21 26.48 0.00
0.00 27958.60
12.30 -41.06 -9999.00 -9999.00 -9999.00 85.06 31.59 0.00
0.00 30177.66

STID = KMDW STNM = 725340 TIME = 200808/1900 
SLAT = 41.78 SLON = -87.75 SELV = 183.0
STIM = 19

SHOW = -1.90 LIFT = -2.24 SWET = 207.58 KINX = 34.44
LCLP = 830.42 PWAT = 43.78 TOTL = 48.97 CAPE = 458.77
LCLT = 287.46 CINS = -103.43 EQLV = 276.84 LFCT = 631.50
BRCH = 40.72

PRES TMPC TMWC DWPC THTE DRCT SKNT OMEG
CFRL HGHT
997.20 29.74 21.19 17.18 340.54 199.29 8.24 0.00
0.00 192.85
994.30 28.84 20.87 17.09 339.68 198.43 10.45 0.00
0.00 218.82
988.80 28.14 20.59 16.99 339.39 197.53 11.62 0.00
0.00 268.17
979.30 27.14 20.18 16.84 339.19 198.15 12.47 0.00
0.00 353.80
965.40 25.84 19.62 16.61 339.09 198.97 13.15 0.00
0.00 480.13
947.50 24.14 18.88 16.31 338.94 199.98 13.64 -0.10
0.00 644.68
926.10 22.14 18.02 15.97 338.89 201.95 14.02 -0.10
0.00 844.29
902.70 20.04 17.08 15.57 338.94 203.81 14.43 0.00
0.00 1066.36
877.40 17.94 16.04 15.04 339.04 219.09 16.03 0.10
0.00 1311.27
849.10 16.04 14.57 13.75 338.19 231.65 16.59 0.10
26.00 1591.73
817.80 14.34 12.42 11.27 335.73 238.35 16.67 0.10
19.00 1910.85
783.70 14.04 10.93 8.98 336.30 248.01 10.90 0.10
0.00 2271.19
746.60 11.44 9.52 8.29 337.98 274.51 14.80 0.10
2.00 2679.30
706.50 8.34 5.96 4.15 333.83 269.13 12.82 0.10
9.00 3138.98
663.70 6.04 1.31 -3.60 328.25 265.14 9.17 0.00
0.00 3653.62
617.90 1.74 -0.21 -2.12 332.62 280.95 6.14 0.00
0.00 4235.18
569.60 -3.16 -4.74 -6.67 330.55 296.57 8.26 0.00
0.00 4886.11
522.90 -7.46 -9.68 -13.35 328.69 281.00 7.13 0.10
0.00 5558.14
480.80 -11.36 -13.90 -19.46 328.74 265.84 10.70 0.10
0.00 6207.01
443.20 -15.06 -17.93 -26.77 329.21 278.62 12.98 0.10
0.00 6827.10
409.40 -19.16 -21.07 -27.41 331.48 285.26 13.29 0.00
0.00 7422.00
378.70 -23.86 -24.79 -28.25 332.68 285.68 11.50 0.00
0.00 7996.50
351.10 -28.56 -29.67 -36.12 331.79 272.64 12.65 0.10
4.00 8543.73
326.30 -31.96 -33.49 -51.67 332.57 261.25 17.89 0.10
0.00 9064.64
303.90 -35.36 -36.62 -56.52 334.45 263.00 22.32 0.00
0.00 9563.22
283.70 -38.46 -39.49 -60.30 336.55 265.50 24.75 -0.10
0.00 10038.87
265.60 -41.16 -41.99 -60.81 339.01 269.13 25.64 -0.10
0.00 10489.16
248.80 -44.26 -44.89 -61.32 340.78 270.92 24.28 -0.10
0.00 10929.93
233.60 -47.06 -47.56 -63.98 342.69 270.87 25.64 -0.10
0.00 11349.71
219.60 -49.26 -49.69 -67.41 345.35 271.19 28.17 -0.10
0.00 11756.73
205.70 -51.06 -51.43 -67.88 349.04 271.90 29.35 0.00
0.00 12183.55
191.70 -53.06 -53.40 -73.19 352.88 271.13 29.53 0.00
0.00 12639.72
177.80 -55.66 -55.92 -73.70 356.29 267.01 29.76 0.00
0.00 13121.79
163.80 -58.46 -58.66 -74.24 360.04 267.16 31.31 0.00
0.00 13640.54
149.80 -60.66 -60.82 -74.84 365.57 273.37 29.78 0.00
0.00 14199.14
135.90 -62.36 -9999.00 -9999.00 -9999.00 279.09 24.59 0.00
0.00 14802.42
121.90 -63.96 -9999.00 -9999.00 -9999.00 285.35 20.55 -0.10
0.00 15470.68
108.00 -63.76 -9999.00 -9999.00 -9999.00 286.89 11.36 0.00
0.00 16212.38
94.00 -63.76 -9999.00 -9999.00 -9999.00 250.67 11.73 0.00
0.00 17063.33
81.00 -61.56 -9999.00 -9999.00 -9999.00 281.82 8.53 0.00
0.00 17980.41
70.60 -59.86 -9999.00 -9999.00 -9999.00 342.65 3.26 0.00
0.00 18834.94
62.20 -57.96 -9999.00 -9999.00 -9999.00 97.85 5.69 0.00
0.00 19629.34
54.30 -57.86 -9999.00 -9999.00 -9999.00 153.43 6.51 0.00
0.00 20485.12
46.90 -56.86 -9999.00 -9999.00 -9999.00 56.31 4.20 0.00
0.00 21410.53
40.10 -55.76 -9999.00 -9999.00 -9999.00 46.89 12.51 0.00
0.00 22404.76
33.80 -54.16 -9999.00 -9999.00 -9999.00 70.50 19.77 0.00
0.00 23496.35
27.80 -51.56 -9999.00 -9999.00 -9999.00 80.70 22.82 0.00
0.00 24756.49
22.30 -47.36 -9999.00 -9999.00 -9999.00 86.45 25.10 0.00
0.00 26199.93
17.10 -44.06 -9999.00 -9999.00 -9999.00 88.20 24.69 0.00
0.00 27967.54
12.30 -40.76 -9999.00 -9999.00 -9999.00 81.93 27.66 0.00
0.00 30192.87

STID = KMDW STNM = 725340 TIME = 200808/2000 
SLAT = 41.78 SLON = -87.75 SELV = 183.0
STIM = 20

SHOW = -1.89 LIFT = -2.71 SWET = 208.41 KINX = 32.22
LCLP = 823.86 PWAT = 42.68 TOTL = 49.29 CAPE = 633.29
LCLT = 287.55 CINS = -108.93 EQLV = 257.72 LFCT = 638.10
BRCH = 49.95

PRES TMPC TMWC DWPC THTE DRCT SKNT OMEG
CFRL HGHT
996.30 30.44 21.51 17.38 341.96 197.59 8.35 0.00
0.00 192.88
993.30 29.54 21.18 17.29 341.11 196.80 10.76 0.00
0.00 219.84
987.80 28.84 20.91 17.19 340.82 196.07 11.93 0.00
0.00 269.36
978.40 27.84 20.50 17.03 340.59 196.78 12.78 0.00
0.00 354.38
964.40 26.54 19.93 16.79 340.48 197.40 13.64 0.00
0.00 482.04
946.50 24.84 19.20 16.49 340.34 198.43 14.12 0.00
0.00 647.17
925.20 22.84 18.32 16.10 340.17 199.65 14.43 0.00
0.00 846.54
901.80 20.64 17.33 15.67 340.03 201.80 14.65 0.00
0.00 1069.33
876.50 18.64 16.15 14.86 339.60 215.29 15.46 0.10
0.00 1315.03
848.30 16.84 14.56 13.31 338.29 231.45 15.89 0.20
0.00 1595.46
817.10 14.94 12.63 11.26 336.54 237.48 15.89 0.20
13.00 1914.59
783.00 14.44 11.04 8.91 336.76 250.17 12.59 0.30
0.00 2275.87
745.90 11.64 9.03 7.30 336.51 268.41 13.99 0.30
2.00 2684.70
706.00 9.04 5.17 1.99 331.59 266.53 12.84 0.30
4.00 3142.97
663.20 6.44 1.11 -4.64 327.77 267.95 10.88 0.20
0.00 3658.78
617.50 1.84 -0.48 -2.81 331.99 278.65 9.03 0.10
0.00 4239.90
569.30 -3.26 -4.59 -6.17 330.99 287.65 8.97 0.00
0.00 4889.84
522.60 -7.46 -9.67 -13.31 328.78 273.81 8.76 0.10
0.00 5562.16
480.60 -11.26 -14.08 -20.53 328.41 271.94 11.46 0.10
0.00 6209.90
443.10 -14.96 -18.02 -27.83 329.05 281.89 11.31 0.10
0.00 6828.74
409.20 -19.06 -20.96 -27.20 331.73 286.19 12.55 0.00
0.00 7425.82
378.60 -23.76 -25.14 -30.92 332.06 285.26 11.07 0.00
0.00 7998.86
351.00 -28.26 -29.84 -41.10 331.48 290.22 11.79 -0.10
0.00 8546.62
326.20 -32.06 -33.44 -47.57 332.70 298.98 14.43 -0.10
0.00 9067.88
303.90 -35.76 -36.92 -54.16 333.97 289.61 17.95 -0.10
0.00 9563.80
283.70 -39.06 -39.98 -57.08 335.78 284.47 18.65 0.00
0.00 10038.45
265.60 -41.66 -42.42 -59.06 338.32 272.08 21.39 0.00
0.00 10487.69
248.80 -44.46 -45.05 -59.58 340.53 266.66 23.35 0.00
0.00 10927.78
233.60 -47.06 -47.56 -63.98 342.69 267.89 26.44 0.00
0.00 11347.38
219.60 -49.26 -49.69 -67.41 345.35 270.00 28.55 0.00
0.00 11754.41
205.70 -51.36 -51.72 -67.88 348.56 271.87 29.74 0.00
0.00 12180.93
191.70 -53.36 -53.68 -73.19 352.40 271.86 29.93 0.00
0.00 12636.48
177.70 -55.66 -55.92 -73.70 356.35 266.26 29.78 0.00
0.00 13121.82
163.80 -58.46 -58.66 -74.24 360.04 265.82 31.93 0.10
0.00 13637.02
149.80 -60.86 -61.02 -74.84 365.22 273.64 30.56 0.00
0.00 14195.35
135.90 -62.66 -9999.00 -9999.00 -9999.00 278.44 25.14 0.00
0.00 14797.92
121.90 -64.16 -9999.00 -9999.00 -9999.00 275.30 18.92 0.00
0.00 15465.39
108.00 -64.36 -9999.00 -9999.00 -9999.00 270.97 11.46 0.00
0.00 16205.67
94.00 -63.96 -9999.00 -9999.00 -9999.00 252.10 13.27 0.00
0.00 17054.99
81.00 -61.76 -9999.00 -9999.00 -9999.00 293.75 10.61 0.00
0.00 17971.21
70.60 -59.86 -9999.00 -9999.00 -9999.00 335.38 5.13 0.00
0.00 18825.33
62.20 -57.96 -9999.00 -9999.00 -9999.00 99.16 6.10 0.00
0.00 19619.73
54.30 -58.46 -9999.00 -9999.00 -9999.00 94.40 2.53 0.00
0.00 20474.32
46.90 -57.56 -9999.00 -9999.00 -9999.00 44.03 8.10 0.00
0.00 21396.94
40.10 -56.06 -9999.00 -9999.00 -9999.00 61.39 14.61 0.00
0.00 22388.88
33.80 -53.76 -9999.00 -9999.00 -9999.00 75.31 20.69 0.00
0.00 23480.72
27.80 -50.26 -9999.00 -9999.00 -9999.00 78.89 22.16 0.00
0.00 24745.72
22.30 -46.96 -9999.00 -9999.00 -9999.00 89.01 22.53 0.00
0.00 26194.65
17.10 -44.36 -9999.00 -9999.00 -9999.00 88.48 21.95 0.00
0.00 27962.65
12.30 -40.86 -9999.00 -9999.00 -9999.00 83.22 27.97 0.00
0.00 30186.05

STID = KMDW STNM = 725340 TIME = 200808/2100 
SLAT = 41.78 SLON = -87.75 SELV = 183.0
STIM = 21

SHOW = -1.79 LIFT = -2.84 SWET = 206.33 KINX = 30.31
LCLP = 818.77 PWAT = 41.31 TOTL = 49.14 CAPE = 748.47
LCLT = 287.59 CINS = -110.06 EQLV = 244.49 LFCT = 639.64
BRCH = 49.93

PRES TMPC TMWC DWPC THTE DRCT SKNT OMEG
CFRL HGHT
995.30 30.94 21.72 17.51 343.00 192.80 8.76 0.00
0.00 192.01
992.30 30.04 21.41 17.44 342.20 191.89 11.31 0.00
0.00 219.04
986.80 29.34 21.14 17.34 341.91 191.48 12.68 0.00
0.00 268.69
977.40 28.34 20.73 17.18 341.68 191.47 13.68 0.00
0.00 353.95
963.50 27.04 20.16 16.93 341.53 192.53 14.34 -0.10
0.00 481.05
945.60 25.34 19.43 16.62 341.37 193.67 14.80 -0.10
0.00 646.62
924.20 23.44 18.59 16.24 341.37 194.93 15.07 -0.10
0.00 847.51
900.90 21.24 17.59 15.79 341.18 197.05 15.23 -0.10
0.00 1070.05
875.60 19.14 16.31 14.85 340.32 211.33 15.70 -0.10
0.00 1316.47
847.40 17.34 14.65 13.18 338.74 227.01 15.68 0.00
0.00 1597.67
816.30 15.04 12.76 11.42 337.12 232.99 15.81 0.10
11.00 1916.43
782.20 14.74 10.89 8.45 336.40 245.70 13.21 0.10
2.00 2278.31
745.20 11.94 8.85 6.76 336.03 261.38 12.98 0.10
2.00 2686.80
705.40 9.54 4.62 0.29 330.06 261.38 12.98 0.10
0.00 3144.82
662.70 6.64 0.68 -6.14 326.71 267.04 11.29 0.00
0.00 3660.31
617.10 2.14 -1.37 -5.27 329.76 279.27 9.63 0.00
0.00 4240.85
569.00 -2.96 -4.76 -6.97 330.62 281.31 8.92 0.10
0.00 4890.33
522.40 -7.16 -9.82 -14.38 328.48 274.84 11.50 0.10
0.00 5562.17
480.40 -10.96 -14.16 -21.86 328.25 284.66 13.05 0.10
0.00 6210.83
442.90 -14.96 -18.02 -27.83 329.09 289.90 11.99 0.10
0.00 6830.26
409.10 -19.26 -21.18 -27.64 331.35 292.87 13.50 0.00
0.00 7425.55
378.50 -23.76 -25.42 -33.01 331.58 295.60 10.33 0.00
0.00 7998.48
351.00 -28.16 -29.76 -41.10 331.61 316.51 10.45 0.10
0.00 8544.41
326.20 -32.16 -33.53 -47.57 332.56 318.01 15.68 0.30
0.00 9065.67
303.80 -35.76 -36.88 -52.28 334.08 310.95 17.48 0.30
0.00 9563.80
283.70 -39.06 -39.84 -51.31 336.02 306.87 19.42 0.20
0.00 10036.18
265.60 -41.86 -42.53 -55.27 338.15 277.59 20.57 0.10
0.00 10485.24
248.80 -44.76 -45.33 -59.58 340.08 270.42 26.42 0.00
0.00 10924.86
233.60 -47.46 -47.96 -66.97 342.03 273.50 28.61 0.00
0.00 11343.82
219.60 -49.76 -50.17 -67.41 344.58 272.44 27.41 0.00
0.00 11750.02
205.70 -51.56 -51.91 -67.88 348.25 270.40 27.58 0.00
0.00 12175.88
191.70 -53.16 -53.49 -73.19 352.72 270.39 28.75 0.00
0.00 12631.43
177.80 -55.66 -55.92 -73.70 356.29 266.66 29.97 0.00
0.00 13113.39
163.80 -58.66 -58.85 -74.24 359.71 267.22 32.09 0.00
0.00 13631.91
149.80 -61.16 -61.31 -74.84 364.71 273.34 29.97 0.00
0.00 14189.59
135.90 -62.36 -9999.00 -9999.00 -9999.00 275.53 24.20 0.00
0.00 14792.16
121.90 -63.46 -9999.00 -9999.00 -9999.00 267.51 17.89 0.00
0.00 15461.21
108.00 -64.26 -9999.00 -9999.00 -9999.00 262.88 12.53 0.00
0.00 16202.91
94.00 -64.06 -9999.00 -9999.00 -9999.00 258.98 15.23 0.00
0.00 17052.23
81.00 -62.56 -9999.00 -9999.00 -9999.00 297.85 11.64 0.00
0.00 17966.49
70.60 -60.46 -9999.00 -9999.00 -9999.00 341.57 4.91 0.00
0.00 18817.80
62.20 -58.86 -9999.00 -9999.00 -9999.00 103.67 7.40 0.00
0.00 19609.41
54.30 -59.06 -9999.00 -9999.00 -9999.00 61.19 4.43 0.00
0.00 20461.02
46.90 -56.96 -9999.00 -9999.00 -9999.00 58.11 10.30 0.00
0.00 21383.64
40.10 -54.96 -9999.00 -9999.00 -9999.00 71.37 17.64 0.00
0.00 22379.48
33.80 -53.36 -9999.00 -9999.00 -9999.00 74.05 19.79 0.00
0.00 23475.07
27.80 -49.56 -9999.00 -9999.00 -9999.00 81.53 18.45 0.00
0.00 24743.22
22.30 -46.96 -9999.00 -9999.00 -9999.00 91.79 18.65 0.00
0.00 26194.40
17.10 -44.56 -9999.00 -9999.00 -9999.00 78.29 22.03 0.00
0.00 27961.63
12.30 -41.16 -9999.00 -9999.00 -9999.00 79.97 29.00 0.00
0.00 30182.62
STN YYMMDD/HHMM PMSL PRES SKTC STC1 SNFL WTNS
P01M C01M STC2 LCLD MCLD HCLD
SNRA UWND VWND R01M BFGR T2MS
Q2MS WXTS WXTP WXTZ WXTR USTM
VSTM HLCY SLLH WSYM CDBP VSBK
TD2M
725340 200808/0000 1019.30 998.00 28.84 302.00 -9999.00 0.00
-9999.00 -9999.00 302.30 12.00 2.00 0.00
-9999.00 -1.30 2.30 -9999.00 -9999.00 26.94
10.85 0.00 0.00 0.00 0.00 -1.60
-5.80 -5.50 -9999.00 999.00 -9999.00 20.00
15.00
725340 200808/0100 1019.80 998.40 25.54 298.70 0.00 100.00
0.00 0.00 299.40 15.00 25.00 0.00
-9999.00 -1.30 2.10 -9999.00 -9999.00 25.44
10.77 0.00 0.00 0.00 0.00 -2.00
-5.50 5.70 -9999.00 999.00 -9999.00 20.00
14.89
725340 200808/0200 1019.70 998.30 23.64 296.80 0.00 100.00
0.00 0.00 297.50 0.00 13.00 0.00
-9999.00 -1.30 2.10 -9999.00 -9999.00 23.94
11.32 0.00 0.00 0.00 0.00 -2.40
-5.10 13.40 -9999.00 999.00 -9999.00 20.00
15.65
725340 200808/0300 1019.60 998.20 22.34 295.50 0.00 100.00
0.00 0.00 296.10 0.00 42.00 0.00
-9999.00 -0.70 1.70 -9999.00 -9999.00 22.64
11.81 0.00 0.00 0.00 0.00 -2.60
-4.90 19.90 -9999.00 999.00 -9999.00 20.00
16.30
725340 200808/0400 1020.20 998.80 21.24 294.40 0.00 100.00
0.00 0.00 295.00 0.00 100.00 0.00
-9999.00 -0.50 1.50 -9999.00 -9999.00 21.54
12.29 0.00 0.00 0.00 0.00 -2.50
-5.60 8.50 -9999.00 999.00 -9999.00 20.00
16.92
725340 200808/0500 1020.30 998.80 20.14 293.30 0.00 100.00
0.00 0.00 293.90 0.00 100.00 0.00
-9999.00 -0.70 1.80 -9999.00 -9999.00 20.64
12.45 0.00 0.00 0.00 0.00 -2.10
-5.70 1.00 -9999.00 999.00 -9999.00 20.00
17.12
725340 200808/0600 1020.60 999.00 19.24 292.40 0.00 100.00
0.00 0.00 292.90 0.00 100.00 0.00
-9999.00 -0.50 1.90 -9999.00 -9999.00 19.74
12.28 0.00 0.00 0.00 0.00 -1.20
-5.60 9.80 -9999.00 999.00 -9999.00 20.00
16.91
725340 200808/0700 1021.00 999.50 18.44 291.60 0.00 100.00
0.00 0.00 292.10 0.00 100.00 0.00
-9999.00 -0.90 2.00 -9999.00 -9999.00 19.14
11.98 0.00 0.00 0.00 0.00 -0.40
-6.20 19.50 -9999.00 999.00 -9999.00 20.00
16.54
725340 200808/0800 1020.20 998.60 17.74 290.90 0.00 100.00
0.00 0.00 291.40 0.00 100.00 0.00
-9999.00 -0.70 2.00 -9999.00 -9999.00 18.44
11.60 0.00 0.00 0.00 0.00 -0.70
-5.60 29.80 -9999.00 999.00 -9999.00 20.00
16.03
725340 200808/0900 1020.10 998.50 17.24 290.40 0.00 100.00
0.00 0.00 290.90 0.00 100.00 0.00
-9999.00 -0.40 1.90 -9999.00 -9999.00 17.84
11.27 0.00 0.00 0.00 0.00 -1.20
-4.70 45.20 -9999.00 999.00 -9999.00 20.00
15.58
725340 200808/1000 1020.40 998.80 16.84 290.00 0.00 100.00
0.00 0.00 290.40 0.00 100.00 0.00
-9999.00 -0.60 2.00 -9999.00 -9999.00 17.44
11.11 0.00 0.00 0.00 0.00 -1.60
-4.10 58.50 -9999.00 999.00 -9999.00 20.00
15.37
725340 200808/1100 1021.50 999.90 16.54 289.70 0.00 100.00
0.00 0.00 290.10 0.00 100.00 0.00
-9999.00 -0.40 2.10 -9999.00 -9999.00 17.14
11.14 0.00 0.00 0.00 0.00 -1.30
-4.70 68.70 -9999.00 999.00 -9999.00 20.00
15.43
725340 200808/1200 1021.90 1000.30 17.94 291.10 0.00 100.00
0.00 0.00 291.10 0.00 100.00 0.00
-9999.00 -0.40 2.20 -9999.00 -9999.00 18.04
11.34 0.00 0.00 0.00 0.00 -1.60
-4.50 89.50 -9999.00 999.00 -9999.00 20.00
15.71
725340 200808/1300 1021.50 999.90 20.34 293.50 0.00 100.00
0.00 0.00 293.20 0.00 100.00 0.00
-9999.00 -0.50 3.00 -9999.00 -9999.00 20.14
11.34 0.00 0.00 0.00 0.00 -1.80
-4.10 97.30 -9999.00 999.00 -9999.00 20.00
15.70
725340 200808/1400 1021.30 999.80 23.94 297.10 0.00 100.00
0.00 0.00 296.30 0.00 100.00 0.00
-9999.00 -0.30 3.60 -9999.00 -9999.00 22.64
11.16 0.00 0.00 0.00 0.00 -1.80
-3.40 93.90 -9999.00 999.00 -9999.00 20.00
15.45
725340 200808/1500 1021.20 999.80 30.34 303.50 0.00 100.00
0.00 0.00 301.70 0.00 100.00 0.00
-9999.00 0.10 4.10 -9999.00 -9999.00 25.54
10.30 0.00 0.00 0.00 0.00 -1.90
-3.10 82.40 -9999.00 999.00 -9999.00 20.00
14.23
725340 200808/1600 1020.90 999.60 35.14 308.30 0.00 100.00
0.00 0.00 306.40 9.00 100.00 0.00
-9999.00 0.40 4.20 -9999.00 -9999.00 27.54
10.74 0.00 0.00 0.00 0.00 -1.90
-3.40 71.80 -9999.00 999.00 -9999.00 20.00
14.87
725340 200808/1700 1019.70 998.40 37.64 310.80 0.00 100.00
0.00 0.00 309.10 24.00 100.00 0.00
-9999.00 0.50 4.30 -9999.00 -9999.00 28.84
11.56 0.00 0.00 0.00 0.00 -2.00
-3.10 71.10 -9999.00 999.00 -9999.00 20.00
15.97
725340 200808/1800 1019.40 998.20 38.44 311.60 0.00 100.00
0.00 0.00 310.10 57.00 27.00 0.00
-9999.00 0.90 4.20 -9999.00 -9999.00 29.74
12.17 0.00 0.00 0.00 0.00 -1.90
-2.40 58.70 -9999.00 999.00 -9999.00 20.00
16.76
725340 200808/1900 1019.50 998.30 39.84 313.00 0.00 100.00
0.00 0.00 311.50 26.00 4.00 0.00
-9999.00 1.00 4.50 -9999.00 -9999.00 30.74
12.53 0.00 0.00 0.00 0.00 -1.80
-1.70 65.60 -9999.00 999.00 -9999.00 20.00
17.21
725340 200808/2000 1018.50 997.40 40.34 313.50 0.00 100.00
0.00 0.00 312.20 13.00 0.00 0.00
-9999.00 1.00 4.60 -9999.00 -9999.00 31.34
12.71 0.00 0.00 0.00 0.00 -1.80
-0.90 68.70 -9999.00 999.00 -9999.00 20.00
17.42
725340 200808/2100 1017.50 996.30 39.34 312.50 0.00 100.00
0.00 0.00 311.70 11.00 0.00 0.00
-9999.00 0.60 4.90 -9999.00 -9999.00 31.64
12.84 0.00 0.00 0.00 0.00 -1.90
-0.40 71.70 -9999.00 999.00 -9999.00 20.00
17.56


