
SNPARM = PRES;TMPC;TMWC;DWPC;THTE;DRCT;SKNT;OMEG;CFRL;HGHT 
STNPRM = SHOW;LIFT;SWET;KINX;LCLP;PWAT;TOTL;CAPE;LCLT;CINS;EQLV;LFCT;BRCH 

STID = KMDW STNM = 725340 TIME = 200807/1300 
SLAT = 41.78 SLON = -87.75 SELV = 183.0
STIM = 0

SHOW = 9.79 LIFT = 5.17 SWET = 57.53 KINX = 0.52
LCLP = 967.13 PWAT = 18.76 TOTL = 33.41 CAPE = 0.00
LCLT = 289.12 CINS = 0.00 EQLV = -9999.00 LFCT = -9999.00
BRCH = 0.00

PRES TMPC TMWC DWPC THTE DRCT SKNT OMEG
CFRL HGHT
998.70 18.64 17.27 16.48 325.90 225.00 0.54 0.00
0.00 191.61
995.70 18.14 16.92 16.20 325.11 213.69 0.70 0.00
0.00 217.47
990.20 18.74 16.74 15.59 325.23 225.00 0.82 0.10
0.00 265.07
980.70 19.14 16.62 15.19 326.10 333.43 1.30 0.10
0.00 348.05
966.70 19.54 15.99 13.92 325.84 351.87 2.74 0.10
0.00 471.96
948.80 19.04 14.48 11.59 323.29 348.69 3.96 0.20
0.00 632.89
927.40 17.44 13.18 10.33 322.07 341.57 3.69 0.20
0.00 828.51
904.00 15.64 12.29 10.02 322.54 332.10 3.73 0.30
0.00 1046.33
878.60 13.44 10.56 8.48 320.90 320.91 4.00 0.30
0.00 1287.53
850.30 11.24 7.20 3.61 315.43 315.00 3.30 0.30
0.00 1562.27
819.10 9.64 3.03 -5.43 309.11 318.81 2.06 0.30
0.00 1873.44
785.00 8.94 -0.25 -19.33 305.85 318.81 4.14 0.20
0.00 2225.43
748.00 8.14 -0.79 -18.34 309.70 339.15 8.72 0.20
0.00 2623.81
707.90 6.64 -1.62 -16.77 313.74 339.72 9.52 0.20
0.00 3076.65
665.00 4.34 -3.62 -19.91 315.91 315.00 10.16 0.20
0.00 3586.95
619.00 0.44 -6.77 -24.95 316.69 307.09 9.98 0.20
0.00 4165.44
570.70 -3.16 -10.18 -37.06 317.99 324.46 6.68 0.10
0.00 4811.99
523.80 -6.56 -12.70 -37.23 321.85 336.80 5.92 0.10
0.00 5485.56
481.60 -11.56 -16.10 -33.77 324.06 322.93 10.96 0.10
0.00 6135.02
443.80 -16.66 -20.25 -38.53 324.71 312.71 13.75 0.10
0.00 6754.95
409.80 -21.46 -24.24 -42.57 325.63 309.81 13.66 0.10
0.00 7347.86
379.00 -25.76 -27.90 -45.15 327.14 317.95 13.34 0.10
0.00 7918.64
351.40 -29.86 -31.51 -48.10 328.59 326.10 14.98 0.00
0.00 8461.69
326.50 -33.96 -35.23 -52.56 329.71 323.39 16.94 0.00
0.00 8980.71
304.00 -37.96 -38.88 -54.15 330.84 319.87 17.77 0.00
0.00 9476.47
283.80 -41.56 -42.23 -55.82 332.20 320.12 19.99 0.00
0.00 9946.22
265.70 -44.56 -45.10 -59.06 334.05 319.25 24.11 0.00
0.00 10390.09
248.80 -47.56 -47.98 -61.32 335.87 316.97 27.89 0.00
0.00 10826.95
233.60 -50.36 -50.69 -63.98 337.68 315.00 31.86 0.00
0.00 11240.65
219.60 -52.66 -52.94 -67.41 340.11 313.45 35.59 0.10
0.00 11641.61
205.70 -54.56 -54.79 -67.88 343.53 312.22 39.61 0.10
0.00 12061.82
191.70 -56.06 -56.26 -68.39 348.12 313.18 43.14 0.10
0.00 12511.28
177.80 -56.86 -57.08 -73.70 354.33 315.54 44.09 0.10
0.00 12988.73
163.80 -56.46 -56.72 -74.24 363.40 313.10 41.51 0.10
0.00 13508.45
149.80 -56.46 -56.74 -74.84 372.79 304.08 39.16 0.10
0.00 14075.15
135.90 -57.76 -9999.00 -9999.00 -9999.00 300.19 37.08 0.00
0.00 14690.97
121.90 -58.56 -9999.00 -9999.00 -9999.00 298.55 30.07 0.00
0.00 15375.14
108.00 -59.06 -9999.00 -9999.00 -9999.00 290.62 20.96 0.00
0.00 16134.74
94.00 -59.76 -9999.00 -9999.00 -9999.00 285.19 14.08 0.00
0.00 17003.36
81.00 -59.96 -9999.00 -9999.00 -9999.00 303.27 7.44 0.00
0.00 17932.65
70.60 -59.26 -9999.00 -9999.00 -9999.00 2.49 4.47 0.00
0.00 18791.60
62.20 -58.66 -9999.00 -9999.00 -9999.00 45.00 6.59 0.00
0.00 19585.81
54.30 -57.46 -9999.00 -9999.00 -9999.00 71.57 11.05 0.00
0.00 20441.00
46.90 -56.66 -9999.00 -9999.00 -9999.00 69.08 14.14 0.00
0.00 21367.69
40.10 -54.86 -9999.00 -9999.00 -9999.00 61.53 18.34 0.00
0.00 22364.45
33.80 -53.46 -9999.00 -9999.00 -9999.00 69.26 21.39 0.00
0.00 23460.04
27.80 -51.56 -9999.00 -9999.00 -9999.00 69.97 22.13 0.00
0.00 24722.18
22.30 -49.16 -9999.00 -9999.00 -9999.00 74.43 24.59 0.00
0.00 26159.81
17.10 -45.76 -9999.00 -9999.00 -9999.00 83.25 29.74 0.00
0.00 27913.83
12.30 -41.86 -9999.00 -9999.00 -9999.00 83.05 32.09 0.00
0.00 30125.66

STID = KMDW STNM = 725340 TIME = 200807/1400 
SLAT = 41.78 SLON = -87.75 SELV = 183.0
STIM = 1

SHOW = 11.30 LIFT = 5.07 SWET = 25.41 KINX = -1.83
LCLP = 950.33 PWAT = 18.20 TOTL = 31.03 CAPE = 0.00
LCLT = 289.87 CINS = 0.00 EQLV = -9999.00 LFCT = -9999.00
BRCH = 0.00

PRES TMPC TMWC DWPC THTE DRCT SKNT OMEG
CFRL HGHT
998.50 20.84 18.64 17.50 330.76 101.31 0.99 0.00
0.00 191.68
995.50 20.44 18.28 17.14 329.87 111.80 1.05 0.00
0.00 217.75
989.90 19.84 17.86 16.79 329.13 108.43 1.22 0.10
0.00 266.54
980.50 19.34 16.73 15.25 326.48 101.31 0.99 0.10
0.00 348.88
966.50 19.74 15.87 13.58 325.44 50.19 1.52 0.10
0.00 472.89
948.50 19.04 14.35 11.35 322.91 29.05 2.00 0.10
0.00 634.80
927.10 17.44 13.19 10.36 322.16 360.00 1.94 0.20
0.00 830.47
903.70 15.64 12.20 9.85 322.30 347.01 2.58 0.20
0.00 1048.36
878.40 13.54 10.06 7.44 319.48 330.26 3.13 0.30
0.00 1288.67
850.10 11.64 6.27 0.97 313.00 306.03 2.64 0.30
0.00 1563.59
818.90 10.44 2.39 -9.48 307.51 296.57 3.48 0.20
0.00 1875.31
784.80 9.64 0.18 -18.90 306.76 313.67 5.91 0.20
0.00 2228.25
747.80 8.54 -0.37 -16.87 310.68 339.78 7.87 0.20
0.00 2627.53
707.80 7.04 -1.38 -16.60 314.28 331.61 8.18 0.20
0.00 3080.00
664.80 4.64 -3.32 -18.97 316.60 309.37 9.79 0.20
0.00 3592.26
618.90 0.64 -6.60 -24.42 317.07 307.78 9.83 0.20
0.00 4170.19
570.60 -2.66 -9.96 -39.42 318.37 318.99 5.92 0.20
0.00 4817.67
523.70 -6.36 -12.48 -35.41 322.32 324.25 5.98 0.20
0.00 5492.24
481.50 -11.56 -16.12 -34.00 324.04 316.40 11.27 0.20
0.00 6142.08
443.70 -16.56 -20.21 -39.18 324.78 308.93 12.98 0.10
0.00 6762.27
409.80 -21.26 -24.11 -43.01 325.85 312.51 12.65 0.10
0.00 7353.84
379.00 -25.56 -27.74 -45.15 327.41 325.54 12.02 0.10
0.00 7925.08
351.30 -29.66 -31.34 -48.10 328.89 331.98 13.64 0.10
0.00 8470.62
326.40 -33.86 -35.12 -51.67 329.92 327.09 15.73 0.10
0.00 8990.11
304.00 -37.86 -38.79 -54.15 330.98 322.35 17.17 0.10
0.00 9483.96
283.80 -41.36 -42.05 -55.82 332.49 323.24 20.12 0.00
0.00 9954.01
265.70 -44.46 -45.01 -59.06 334.19 323.13 24.28 0.00
0.00 10398.17
248.80 -47.56 -47.98 -61.32 335.87 321.04 28.73 0.00
0.00 10835.13
233.60 -50.36 -50.69 -63.98 337.68 320.54 32.71 0.00
0.00 11248.82
219.60 -52.76 -53.04 -67.41 339.95 319.10 36.50 0.00
0.00 11649.69
205.70 -54.76 -54.99 -67.88 343.22 317.54 40.29 0.00
0.00 12069.62
191.70 -56.36 -56.56 -68.39 347.64 318.28 43.20 0.00
0.00 12518.57
177.80 -56.96 -57.18 -73.70 354.16 319.26 42.56 0.10
0.00 12995.57
163.80 -56.36 -56.62 -74.24 363.57 314.21 39.84 0.10
0.00 13515.29
149.80 -56.46 -56.74 -74.84 372.79 304.97 38.64 0.00
0.00 14082.12
135.90 -57.76 -9999.00 -9999.00 -9999.00 301.59 36.71 0.00
0.00 14697.94
121.90 -58.86 -9999.00 -9999.00 -9999.00 299.79 29.33 0.00
0.00 15381.64
108.00 -59.86 -9999.00 -9999.00 -9999.00 292.11 20.12 0.00
0.00 16139.28
94.00 -60.66 -9999.00 -9999.00 -9999.00 290.27 13.46 0.00
0.00 17004.45
81.00 -60.46 -9999.00 -9999.00 -9999.00 306.87 6.80 0.00
0.00 17930.69
70.60 -59.46 -9999.00 -9999.00 -9999.00 15.26 4.43 0.00
0.00 18788.24
62.20 -58.86 -9999.00 -9999.00 -9999.00 52.00 7.89 0.00
0.00 19581.70
54.30 -57.86 -9999.00 -9999.00 -9999.00 71.86 11.85 0.00
0.00 20435.70
46.90 -56.56 -9999.00 -9999.00 -9999.00 65.67 15.56 0.00
0.00 21361.75
40.10 -54.56 -9999.00 -9999.00 -9999.00 67.59 20.38 0.00
0.00 22359.42
33.80 -52.76 -9999.00 -9999.00 -9999.00 71.57 21.50 0.00
0.00 23457.52
27.80 -50.46 -9999.00 -9999.00 -9999.00 72.47 23.21 0.00
0.00 24724.80
22.30 -48.46 -9999.00 -9999.00 -9999.00 80.84 24.40 0.00
0.00 26168.24
17.10 -44.96 -9999.00 -9999.00 -9999.00 87.49 26.63 0.00
0.00 27928.09
12.30 -41.46 -9999.00 -9999.00 -9999.00 81.81 27.27 0.00
0.00 30145.70

STID = KMDW STNM = 725340 TIME = 200807/1500 
SLAT = 41.78 SLON = -87.75 SELV = 183.0
STIM = 2

SHOW = 12.35 LIFT = 4.93 SWET = 16.76 KINX = -3.24
LCLP = 923.06 PWAT = 18.01 TOTL = 29.12 CAPE = 0.00
LCLT = 288.93 CINS = 0.00 EQLV = -9999.00 LFCT = -9999.00
BRCH = 0.00

PRES TMPC TMWC DWPC THTE DRCT SKNT OMEG
CFRL HGHT
998.50 22.34 18.82 17.02 331.40 85.24 2.33 0.00
0.00 191.72
995.50 21.94 18.50 16.71 330.64 85.91 2.72 0.00
0.00 217.92
990.00 21.34 18.10 16.38 329.94 86.19 2.91 0.00
0.00 266.07
980.50 20.44 17.54 15.98 329.29 85.91 2.72 0.10
0.00 349.66
966.50 19.84 16.00 13.76 325.90 84.81 2.14 0.10
0.00 473.94
948.60 19.04 14.37 11.39 322.97 77.47 1.79 0.10
0.00 634.98
927.20 17.44 13.36 10.67 322.66 32.01 1.83 0.10
0.00 830.64
903.80 15.74 12.07 9.55 321.91 8.13 2.74 0.20
0.00 1048.55
878.40 13.64 9.71 6.65 318.47 339.44 3.32 0.20
2.00 1289.84
850.10 12.04 5.70 -1.05 311.52 310.60 3.57 0.20
0.00 1564.91
819.00 10.94 2.20 -11.65 306.95 303.69 5.59 0.20
0.00 1876.01
784.90 10.04 0.59 -17.39 307.65 316.08 7.28 0.20
0.00 2229.44
747.80 9.04 -0.01 -16.28 311.45 332.74 7.21 0.20
0.00 2630.44
707.80 7.54 -1.01 -15.97 315.09 315.00 7.96 0.20
0.00 3083.74
664.90 4.84 -2.95 -17.35 317.43 302.80 10.39 0.20
0.00 3595.45
619.00 1.04 -6.32 -24.03 317.62 306.19 9.87 0.20
0.00 4173.95
570.60 -2.16 -9.72 -41.35 318.81 309.56 5.79 0.20
0.00 4823.80
523.70 -6.16 -12.24 -33.61 322.82 313.88 7.01 0.30
0.00 5499.25
481.50 -11.46 -16.12 -34.94 324.02 310.29 11.71 0.20
0.00 6149.47
443.80 -16.46 -20.17 -39.87 324.81 305.13 12.82 0.20
0.00 6768.17
409.80 -20.96 -23.90 -43.46 326.21 311.71 11.97 0.20
0.00 7361.88
379.00 -25.26 -27.52 -45.67 327.77 325.44 10.61 0.10
0.00 7933.80
351.40 -29.56 -31.25 -48.10 329.00 330.49 11.83 0.10
0.00 8477.74
326.40 -33.76 -35.04 -51.67 330.06 324.55 14.06 0.10
0.00 8999.46
304.00 -37.86 -38.76 -53.17 331.02 320.46 15.87 0.10
0.00 9493.41
283.80 -41.26 -41.95 -55.82 332.63 323.97 18.49 0.10
0.00 9963.57
265.70 -44.46 -45.01 -59.06 334.19 324.81 22.57 0.10
0.00 10407.82
248.80 -47.46 -47.88 -61.32 336.02 324.18 27.54 0.10
0.00 10844.87
233.60 -50.26 -50.59 -63.98 337.83 323.41 31.93 0.10
0.00 11258.75
219.60 -52.66 -52.92 -64.44 340.15 322.21 36.13 0.10
0.00 11659.81
205.70 -54.66 -54.89 -67.88 343.38 321.12 39.92 0.10
0.00 12079.92
191.70 -56.06 -56.26 -68.39 348.12 321.80 41.78 0.10
0.00 12529.28
177.80 -56.36 -56.60 -73.70 355.15 319.70 40.25 0.10
0.00 13007.28
163.80 -56.06 -56.33 -74.24 364.07 311.92 38.38 0.00
0.00 13528.08
149.80 -56.36 -9999.00 -9999.00 -9999.00 302.72 38.09 0.00
0.00 14095.43
135.90 -57.86 -9999.00 -9999.00 -9999.00 300.23 36.65 0.00
0.00 14711.25
121.90 -59.46 -9999.00 -9999.00 -9999.00 302.09 28.88 -0.10
0.00 15393.83
108.00 -60.56 -9999.00 -9999.00 -9999.00 295.29 19.54 0.00
0.00 16149.18
94.00 -61.16 -9999.00 -9999.00 -9999.00 295.84 13.81 0.00
0.00 17011.91
81.00 -60.36 -9999.00 -9999.00 -9999.00 313.88 7.01 0.00
0.00 17937.27
70.60 -59.16 -9999.00 -9999.00 -9999.00 28.81 4.43 0.00
0.00 18795.62
62.20 -58.86 -9999.00 -9999.00 -9999.00 61.07 8.43 0.00
0.00 19589.65
54.30 -57.86 -9999.00 -9999.00 -9999.00 74.74 11.07 0.00
0.00 20443.64
46.90 -56.06 -9999.00 -9999.00 -9999.00 69.11 15.79 0.00
0.00 21370.76
40.10 -54.56 -9999.00 -9999.00 -9999.00 78.25 20.05 0.00
0.00 22369.58
33.80 -53.06 -9999.00 -9999.00 -9999.00 75.45 20.86 0.00
0.00 23466.93
27.80 -50.96 -9999.00 -9999.00 -9999.00 74.58 23.37 0.00
0.00 24731.93
22.30 -48.76 -9999.00 -9999.00 -9999.00 84.64 24.98 0.00
0.00 26172.79
17.10 -45.76 -9999.00 -9999.00 -9999.00 90.44 25.45 0.00
0.00 27928.36
12.30 -41.66 -9999.00 -9999.00 -9999.00 80.54 27.18 0.00
0.00 30141.15

STID = KMDW STNM = 725340 TIME = 200807/1600 
SLAT = 41.78 SLON = -87.75 SELV = 183.0
STIM = 3

SHOW = 12.01 LIFT = 4.90 SWET = 18.17 KINX = -1.18
LCLP = 876.02 PWAT = 18.21 TOTL = 29.67 CAPE = 0.00
LCLT = 286.17 CINS = 0.00 EQLV = -9999.00 LFCT = -9999.00
BRCH = 0.00

PRES TMPC TMWC DWPC THTE DRCT SKNT OMEG
CFRL HGHT
998.70 23.94 18.18 15.05 328.99 84.29 3.90 0.00
0.00 192.64
995.80 23.24 17.82 14.83 328.12 87.51 4.47 0.00
0.00 218.06
990.30 22.64 17.50 14.63 327.74 87.71 4.86 0.00
0.00 266.37
980.80 21.74 16.97 14.26 327.20 90.00 4.86 0.00
0.00 350.23
966.80 20.54 16.29 13.84 326.81 92.49 4.47 0.10
0.00 474.86
948.90 19.24 14.80 12.05 324.31 92.86 3.88 0.10
0.00 636.11
927.40 17.54 13.78 11.38 323.97 86.19 2.91 0.20
0.00 832.79
904.00 15.84 11.95 9.25 321.52 41.19 2.06 0.20
0.00 1050.74
878.70 13.74 9.82 6.80 318.75 344.05 2.84 0.20
7.00 1291.09
850.40 12.24 6.03 -0.40 312.30 309.47 4.27 0.10
5.00 1566.23
819.20 11.34 2.30 -12.17 307.13 305.54 6.68 0.10
0.00 1878.58
785.10 10.44 1.03 -15.78 308.63 312.95 7.69 0.00
0.00 2232.43
748.00 9.34 0.18 -16.03 311.85 316.08 7.28 0.00
0.00 2633.84
708.00 7.64 -0.72 -14.65 315.75 299.29 9.13 -0.10
0.00 3087.37
665.00 4.94 -2.46 -14.93 318.60 299.25 11.13 0.00
0.00 3600.43
619.10 1.14 -6.15 -23.07 317.99 307.30 10.26 0.00
0.00 4179.12
570.70 -1.76 -9.47 -41.35 319.27 308.37 5.94 0.00
0.00 4829.47
523.80 -6.06 -12.10 -32.47 323.10 312.88 7.42 0.00
0.00 5505.43
481.60 -11.36 -16.12 -35.97 323.98 310.82 11.29 0.10
0.00 6155.78
443.80 -16.26 -20.06 -40.61 324.99 307.79 12.04 0.10
0.00 6776.40
409.80 -20.86 -23.84 -43.94 326.30 312.14 10.99 0.10
0.00 7370.46
379.00 -25.16 -27.44 -45.67 327.90 321.34 8.70 0.10
0.00 7942.60
351.40 -29.56 -31.25 -48.10 329.00 328.24 9.60 0.10
0.00 8486.65
326.50 -33.76 -35.02 -50.85 330.07 320.31 11.87 0.10
0.00 9006.21
304.00 -37.66 -38.58 -53.17 331.30 318.43 13.75 0.10
0.00 9502.50
283.80 -41.16 -41.86 -55.82 332.77 323.53 16.67 0.10
0.00 9972.96
265.70 -44.26 -44.82 -59.06 334.48 326.74 21.60 0.10
0.00 10417.50
248.80 -47.26 -47.69 -61.32 336.31 327.56 27.16 0.10
0.00 10854.94
233.60 -49.86 -50.21 -63.98 338.44 326.69 32.54 0.10
0.00 11269.37
219.60 -52.26 -52.56 -67.41 340.72 325.74 37.61 0.10
0.00 11671.15
205.70 -54.26 -54.50 -67.88 344.01 326.38 42.46 0.10
0.00 12092.03
191.70 -55.86 -56.07 -68.39 348.44 326.38 43.86 0.00
0.00 12542.01
177.80 -56.66 -56.89 -73.70 354.65 322.53 40.87 0.00
0.00 13019.89
163.80 -56.76 -57.01 -74.24 362.90 313.52 37.24 0.00
0.00 13539.49
149.80 -57.06 -9999.00 -9999.00 -9999.00 301.07 36.52 -0.10
0.00 14105.01
135.90 -58.66 -9999.00 -9999.00 -9999.00 299.94 35.41 -0.10
0.00 14718.70
121.90 -59.96 -9999.00 -9999.00 -9999.00 304.26 27.25 -0.10
0.00 15399.21
108.00 -60.76 -9999.00 -9999.00 -9999.00 296.31 19.72 0.00
0.00 16153.31
94.00 -60.76 -9999.00 -9999.00 -9999.00 296.24 15.38 0.00
0.00 17016.45
81.00 -59.36 -9999.00 -9999.00 -9999.00 307.75 7.61 0.00
0.00 17944.87
70.60 -58.56 -9999.00 -9999.00 -9999.00 23.20 2.95 0.00
0.00 18806.43
62.20 -58.46 -9999.00 -9999.00 -9999.00 61.93 6.60 0.00
0.00 19602.31
54.30 -57.16 -9999.00 -9999.00 -9999.00 70.20 10.31 0.00
0.00 20458.49
46.90 -55.56 -9999.00 -9999.00 -9999.00 76.76 16.96 0.00
0.00 21388.19
40.10 -54.66 -9999.00 -9999.00 -9999.00 85.56 20.07 0.00
0.00 22387.93
33.80 -53.26 -9999.00 -9999.00 -9999.00 78.21 22.82 0.00
0.00 23484.52
27.80 -51.16 -9999.00 -9999.00 -9999.00 81.42 24.75 0.00
0.00 24748.37
22.30 -48.66 -9999.00 -9999.00 -9999.00 92.62 25.47 0.00
0.00 26188.91
17.10 -46.06 -9999.00 -9999.00 -9999.00 93.11 25.10 0.00
0.00 27943.70
12.30 -41.76 -9999.00 -9999.00 -9999.00 80.18 30.75 0.00
0.00 30154.57

STID = KMDW STNM = 725340 TIME = 200807/1700 
SLAT = 41.78 SLON = -87.75 SELV = 183.0
STIM = 4

SHOW = 9.26 LIFT = 5.20 SWET = 67.40 KINX = 5.48
LCLP = 838.01 PWAT = 19.14 TOTL = 34.01 CAPE = 0.00
LCLT = 283.71 CINS = 0.00 EQLV = -9999.00 LFCT = -9999.00
BRCH = 0.00

PRES TMPC TMWC DWPC THTE DRCT SKNT OMEG
CFRL HGHT
998.70 25.14 17.60 13.23 326.84 85.24 4.68 0.00
0.00 191.79
995.70 24.34 17.25 13.09 326.06 86.05 5.65 0.00
0.00 218.17
990.20 23.74 16.95 12.93 325.77 86.19 5.85 0.00
0.00 266.64
980.70 22.74 16.43 12.65 325.32 88.15 6.02 0.00
0.00 350.75
966.80 21.44 15.75 12.29 324.95 90.00 5.83 0.00
0.00 474.82
948.80 19.84 14.89 11.82 324.60 92.12 5.24 0.00
0.00 637.34
927.40 18.04 13.81 11.10 324.05 92.49 4.47 0.00
0.00 833.46
904.00 16.14 12.12 9.34 322.01 85.60 2.53 0.10
0.00 1051.70
878.60 14.04 10.31 7.52 320.14 9.46 1.18 0.10
0.00 1293.30
850.30 12.04 7.77 4.11 316.94 303.11 5.34 0.10
8.00 1568.69
819.10 11.04 3.48 -6.29 310.07 303.69 7.01 0.10
0.00 1881.07
785.00 10.34 1.28 -13.89 309.28 312.18 8.39 0.10
0.00 2234.85
747.90 9.04 0.13 -15.39 311.78 308.23 8.16 0.00
0.00 2636.07
707.90 7.24 -0.56 -12.76 316.23 294.08 10.00 0.00
0.00 3089.15
664.90 4.64 -2.18 -12.83 319.34 300.78 10.63 0.10
0.00 3601.74
619.00 1.14 -5.94 -21.43 318.50 309.52 10.08 0.10
0.00 4180.29
570.60 -1.66 -9.39 -40.83 319.44 308.05 5.67 0.20
0.00 4830.90
523.70 -6.06 -12.05 -31.84 323.22 312.71 6.88 0.20
0.00 5507.12
481.50 -11.36 -16.17 -36.82 323.89 311.82 9.91 0.20
0.00 6157.59
443.80 -16.16 -20.03 -41.40 325.04 308.99 10.49 0.20
0.00 6776.75
409.80 -20.66 -23.69 -43.94 326.56 303.69 9.11 0.20
0.00 7371.15
379.00 -24.96 -27.30 -46.22 328.13 301.50 7.07 0.20
0.00 7943.76
351.30 -29.36 -31.09 -48.10 329.30 304.88 7.81 0.20
0.00 8490.29
326.40 -33.56 -34.86 -51.67 330.33 301.14 10.90 0.20
0.00 9010.43
304.00 -37.36 -38.34 -54.15 331.69 304.16 13.15 0.20
0.00 9505.11
283.80 -40.76 -41.52 -57.08 333.31 315.00 16.20 0.20
0.00 9976.27
265.70 -43.86 -44.45 -59.06 335.07 323.24 21.10 0.20
0.00 10421.58
248.80 -46.76 -47.25 -63.51 337.01 325.62 26.83 0.20
0.00 10859.88
233.60 -49.26 -49.64 -63.98 339.35 325.58 33.68 0.10
0.00 11275.33
219.60 -51.56 -51.89 -67.41 341.80 327.65 41.39 0.10
0.00 11678.28
205.70 -53.96 -54.21 -67.88 344.48 330.63 47.92 0.10
0.00 12100.12
191.70 -56.26 -56.46 -68.39 347.80 330.95 48.00 0.00
0.00 12550.00
177.70 -57.46 -57.67 -73.70 353.40 325.94 41.28 0.00
0.00 13030.12
163.80 -57.46 -57.69 -74.24 361.72 311.92 35.76 0.00
0.00 13544.37
149.80 -57.86 -9999.00 -9999.00 -9999.00 297.97 38.93 -0.10
0.00 14107.93
135.90 -59.46 -9999.00 -9999.00 -9999.00 300.82 38.68 -0.10
0.00 14719.33
121.90 -60.56 -9999.00 -9999.00 -9999.00 306.37 31.12 -0.10
0.00 15397.62
108.00 -61.26 -9999.00 -9999.00 -9999.00 301.95 23.12 0.00
0.00 16149.77
94.00 -60.76 -9999.00 -9999.00 -9999.00 303.18 18.10 0.00
0.00 17011.89
81.00 -59.16 -9999.00 -9999.00 -9999.00 318.12 7.56 0.00
0.00 17940.75
70.60 -58.96 -9999.00 -9999.00 -9999.00 45.00 4.66 0.00
0.00 18801.91
62.20 -58.46 -9999.00 -9999.00 -9999.00 64.00 8.86 0.00
0.00 19597.05
54.30 -56.46 -9999.00 -9999.00 -9999.00 74.60 13.91 0.00
0.00 20454.62
46.90 -55.06 -9999.00 -9999.00 -9999.00 91.79 18.65 0.00
0.00 21386.89
40.10 -54.56 -9999.00 -9999.00 -9999.00 92.54 17.50 0.00
0.00 22388.00
33.80 -52.66 -9999.00 -9999.00 -9999.00 84.35 19.72 0.00
0.00 23486.35
27.80 -50.96 -9999.00 -9999.00 -9999.00 95.44 20.49 0.00
0.00 24752.49
22.30 -49.66 -9999.00 -9999.00 -9999.00 98.21 20.42 0.00
0.00 26190.45
17.10 -46.96 -9999.00 -9999.00 -9999.00 81.47 23.56 0.00
0.00 27937.86
12.30 -41.76 -9999.00 -9999.00 -9999.00 74.94 34.40 0.00
0.00 30144.38

STID = KMDW STNM = 725340 TIME = 200807/1800 
SLAT = 41.78 SLON = -87.75 SELV = 183.0
STIM = 5

SHOW = 8.25 LIFT = 5.74 SWET = 77.21 KINX = 9.51
LCLP = 815.52 PWAT = 19.84 TOTL = 35.38 CAPE = 0.00
LCLT = 282.21 CINS = 0.00 EQLV = -9999.00 LFCT = -9999.00
BRCH = 0.00

PRES TMPC TMWC DWPC THTE DRCT SKNT OMEG
CFRL HGHT
998.20 25.84 17.27 12.11 325.70 90.00 5.44 0.00
0.00 192.69
995.20 24.94 16.88 11.96 324.81 90.00 6.80 0.00
0.00 219.14
989.70 24.34 16.55 11.75 324.45 91.55 7.19 -0.10
0.00 267.70
980.30 23.44 16.09 11.51 324.18 94.51 7.40 -0.10
0.00 351.12
966.40 22.14 15.43 11.19 323.90 97.50 7.44 -0.10
0.00 475.48
948.40 20.54 14.59 10.75 323.61 102.53 7.17 -0.10
0.00 638.39
927.00 18.64 13.51 10.11 323.12 107.35 6.51 -0.10
0.00 834.96
903.70 16.54 12.16 9.13 322.17 118.61 4.88 0.00
0.00 1052.69
878.30 14.54 10.59 7.69 321.00 137.29 3.44 0.20
0.00 1294.74
850.00 12.44 8.45 5.20 318.82 266.19 2.91 0.30
0.00 1570.71
818.80 10.44 5.49 0.62 315.24 283.57 5.79 0.30
5.00 1883.31
784.70 10.34 1.72 -11.55 310.39 301.26 6.37 0.20
0.00 2237.11
747.60 8.94 0.56 -12.71 312.90 305.91 6.95 0.00
0.00 2638.50
707.60 7.04 -0.01 -9.91 317.66 298.71 9.30 0.00
0.00 3091.65
664.70 4.74 -2.05 -12.49 319.68 305.68 9.32 0.20
0.00 3603.23
618.80 1.54 -5.85 -22.50 318.67 308.29 9.40 0.20
0.00 4182.48
570.40 -1.36 -9.21 -40.84 319.83 303.18 6.04 0.20
0.00 4834.12
523.60 -5.96 -11.95 -31.44 323.43 309.61 7.30 0.20
0.00 5509.59
481.40 -11.26 -16.17 -38.05 323.89 309.67 10.35 0.20
0.00 6160.44
443.70 -16.06 -19.96 -41.40 325.19 305.07 11.15 0.20
0.00 6779.96
409.70 -20.46 -23.56 -44.44 326.80 292.78 10.53 0.20
0.00 7374.85
379.00 -24.86 -27.22 -46.22 328.26 282.01 9.34 0.20
0.00 7946.00
351.30 -29.26 -31.03 -48.76 329.39 284.04 10.41 0.20
0.00 8492.76
326.40 -33.36 -34.71 -52.57 330.57 286.62 13.58 0.20
0.00 9013.22
304.00 -37.16 -38.16 -54.15 331.97 291.67 15.25 0.20
0.00 9508.31
283.80 -40.56 -41.34 -57.08 333.59 304.99 16.59 0.20
0.00 9979.87
265.70 -43.66 -44.29 -60.81 335.32 316.17 20.20 0.10
0.00 10425.57
248.80 -46.46 -46.96 -63.51 337.46 319.49 26.32 0.10
0.00 10864.35
233.60 -48.86 -49.29 -66.97 339.91 322.55 34.50 0.10
0.00 11280.44
219.60 -51.16 -51.50 -67.41 342.42 329.73 44.31 0.00
0.00 11684.12
205.70 -53.76 -54.00 -64.93 344.84 337.67 55.23 0.00
0.00 12106.53
191.70 -56.66 -56.85 -68.39 347.16 339.93 56.04 0.00
0.00 12556.21
177.80 -57.86 -58.06 -73.70 352.69 326.08 40.73 0.00
0.00 13031.89
163.80 -57.86 -58.07 -74.24 361.05 306.33 37.37 0.00
0.00 13548.72
149.80 -59.26 -59.45 -74.84 367.98 299.71 42.72 -0.10
0.00 14109.93
135.90 -60.76 -9999.00 -9999.00 -9999.00 305.70 39.94 -0.10
0.00 14717.49
121.90 -61.26 -9999.00 -9999.00 -9999.00 313.41 29.68 0.00
0.00 15392.59
108.00 -61.16 -9999.00 -9999.00 -9999.00 308.03 19.23 0.00
0.00 16143.68
94.00 -59.96 -9999.00 -9999.00 -9999.00 305.73 13.64 0.00
0.00 17007.64
81.00 -58.26 -9999.00 -9999.00 -9999.00 335.22 2.78 0.00
0.00 17940.19
70.60 -58.46 -9999.00 -9999.00 -9999.00 81.25 5.11 0.00
0.00 18804.17
62.20 -57.26 -9999.00 -9999.00 -9999.00 77.62 8.16 0.00
0.00 19602.46
54.30 -55.26 -9999.00 -9999.00 -9999.00 90.91 12.24 0.00
0.00 20464.81
46.90 -55.06 -9999.00 -9999.00 -9999.00 110.75 13.71 0.00
0.00 21399.65
40.10 -55.16 -9999.00 -9999.00 -9999.00 95.36 12.49 0.00
0.00 22399.38
33.80 -53.96 -9999.00 -9999.00 -9999.00 87.46 17.50 0.00
0.00 23492.98
27.80 -52.46 -9999.00 -9999.00 -9999.00 91.75 19.04 0.00
0.00 24751.11
22.30 -50.06 -9999.00 -9999.00 -9999.00 86.00 19.46 0.00
0.00 26182.94
17.10 -45.56 -9999.00 -9999.00 -9999.00 83.81 25.21 0.00
0.00 27934.23
12.30 -40.96 -9999.00 -9999.00 -9999.00 88.01 33.62 0.00
0.00 30151.37

STID = KMDW STNM = 725340 TIME = 200807/1900 
SLAT = 41.78 SLON = -87.75 SELV = 183.0
STIM = 6

SHOW = 7.41 LIFT = 6.11 SWET = 91.20 KINX = 11.74
LCLP = 798.16 PWAT = 20.53 TOTL = 36.50 CAPE = 0.00
LCLT = 281.11 CINS = 0.00 EQLV = -9999.00 LFCT = -9999.00
BRCH = 0.00

PRES TMPC TMWC DWPC THTE DRCT SKNT OMEG
CFRL HGHT
998.60 26.54 17.13 11.31 325.09 92.12 5.24 0.00
0.00 191.82
995.60 25.74 16.75 11.12 324.25 93.47 6.43 -0.10
0.00 218.32
990.10 25.04 16.36 10.84 323.68 96.52 6.84 -0.10
0.00 266.97
980.70 24.14 15.91 10.62 323.46 99.21 7.28 -0.20
0.00 350.52
966.70 22.84 15.25 10.30 323.20 103.32 7.60 -0.30
0.00 475.99
948.80 21.24 14.40 9.86 322.91 110.38 7.25 -0.30
0.00 638.28
927.40 19.34 13.36 9.30 322.57 120.96 6.80 -0.20
0.00 835.18
904.00 17.34 12.18 8.56 322.15 137.73 5.77 -0.10
0.00 1054.27
878.70 15.14 10.82 7.66 321.58 158.20 5.23 0.10
0.00 1295.83
850.40 12.84 9.08 6.16 320.54 200.85 4.37 0.30
0.00 1572.19
819.10 10.74 6.60 2.91 318.09 261.87 6.88 0.30
0.00 1886.18
785.00 9.74 3.16 -4.70 313.99 275.36 6.24 0.20
0.00 2239.90
747.80 8.84 1.06 -10.14 314.13 309.29 5.52 0.00
0.00 2641.98
707.80 7.14 0.46 -8.36 318.77 306.33 8.20 0.00
0.00 3095.10
664.80 5.04 -2.03 -13.12 319.66 302.97 8.57 0.10
0.00 3608.17
618.90 1.84 -5.79 -23.42 318.73 303.69 9.11 0.10
0.00 4187.92
570.50 -1.16 -9.07 -40.34 320.08 301.26 6.37 0.10
0.00 4840.04
523.70 -5.86 -11.88 -31.25 323.57 307.75 7.61 0.00
0.00 5515.76
481.50 -11.16 -16.14 -38.73 323.92 308.83 10.22 0.00
0.00 6166.72
443.70 -15.96 -19.87 -41.00 325.35 304.51 11.31 0.00
0.00 6788.06
409.80 -20.36 -23.48 -44.44 326.91 290.90 11.44 0.00
0.00 7381.36
379.00 -24.66 -27.10 -47.42 328.44 280.74 11.46 0.10
0.00 7954.65
351.30 -29.06 -30.90 -50.22 329.58 282.99 12.96 0.10
0.00 8501.84
326.40 -33.16 -34.56 -53.56 330.80 286.23 15.99 0.10
0.00 9022.73
304.00 -36.76 -37.83 -55.26 332.49 291.22 17.72 0.10
0.00 9518.44
283.80 -39.96 -40.82 -58.54 334.41 300.76 19.00 0.10
0.00 9991.01
265.70 -42.96 -43.64 -60.81 336.34 307.92 23.39 0.10
0.00 10437.96
248.80 -45.86 -46.40 -63.51 338.35 311.66 30.69 0.10
0.00 10877.99
233.60 -48.26 -48.69 -63.98 340.87 320.01 39.30 0.00
0.00 11295.19
219.60 -50.56 -50.88 -62.27 343.44 329.74 51.28 0.00
0.00 11699.95
205.70 -53.66 -53.85 -61.06 345.08 339.38 62.88 0.00
0.00 12123.04
191.70 -56.86 -56.99 -63.30 346.93 341.75 57.07 0.00
1.00 12572.62
177.80 -57.76 -57.96 -73.70 352.85 318.81 41.30 0.00
0.00 13048.19
163.80 -58.56 -58.75 -74.24 359.88 304.48 42.89 0.00
0.00 13564.30
149.80 -60.46 -60.62 -74.84 365.91 305.07 44.62 0.00
0.00 14123.03
135.90 -60.96 -9999.00 -9999.00 -9999.00 311.63 37.43 0.00
0.00 14728.59
121.90 -60.66 -9999.00 -9999.00 -9999.00 312.88 25.97 0.00
0.00 15404.33
108.00 -60.26 -9999.00 -9999.00 -9999.00 297.39 18.16 0.00
0.00 16158.08
94.00 -59.56 -9999.00 -9999.00 -9999.00 294.78 13.91 0.00
0.00 17024.67
81.00 -58.66 -9999.00 -9999.00 -9999.00 281.31 2.97 -0.10
0.00 17957.23
70.60 -58.96 -9999.00 -9999.00 -9999.00 50.19 1.52 -0.10
0.00 18819.40
62.20 -57.56 -9999.00 -9999.00 -9999.00 70.20 5.17 -0.10
0.00 19616.20
54.30 -56.36 -9999.00 -9999.00 -9999.00 98.75 10.22 -0.10
0.00 20475.76
46.90 -56.76 -9999.00 -9999.00 -9999.00 101.09 10.10 0.00
0.00 21404.60
40.10 -56.16 -9999.00 -9999.00 -9999.00 75.96 13.62 0.00
0.00 22398.15
33.80 -54.26 -9999.00 -9999.00 -9999.00 86.07 19.85 0.00
0.00 23488.49
27.80 -51.76 -9999.00 -9999.00 -9999.00 88.39 20.78 0.00
0.00 24747.77
22.30 -48.16 -9999.00 -9999.00 -9999.00 87.97 21.97 0.00
0.00 26187.98
17.10 -44.26 -9999.00 -9999.00 -9999.00 95.11 23.99 0.00
0.00 27951.71
12.30 -40.66 -9999.00 -9999.00 -9999.00 93.39 29.58 0.00
0.00 30176.56

STID = KMDW STNM = 725340 TIME = 200807/2000 
SLAT = 41.78 SLON = -87.75 SELV = 183.0
STIM = 7

SHOW = 6.39 LIFT = 6.04 SWET = 104.83 KINX = 13.34
LCLP = 781.87 PWAT = 21.42 TOTL = 37.95 CAPE = 0.00
LCLT = 280.11 CINS = 0.00 EQLV = -9999.00 LFCT = -9999.00
BRCH = 0.00

PRES TMPC TMWC DWPC THTE DRCT SKNT OMEG
CFRL HGHT
997.40 27.14 17.00 10.58 324.73 95.19 4.29 0.00
0.00 192.74
994.50 26.34 16.60 10.35 323.83 98.43 5.30 -0.10
0.00 218.42
989.00 25.64 16.22 10.10 323.32 99.78 5.71 -0.20
0.00 267.21
979.60 24.74 15.79 9.92 323.16 102.72 6.18 -0.30
0.00 351.01
965.70 23.54 15.18 9.63 323.05 108.97 6.57 -0.40
0.00 475.96
947.80 21.94 14.38 9.28 322.92 116.57 6.51 -0.50
0.00 638.77
926.40 20.04 13.40 8.84 322.78 131.19 6.20 -0.40
0.00 836.32
903.10 17.94 12.33 8.39 322.69 153.43 5.65 -0.20
0.00 1055.16
877.80 15.74 11.15 7.86 322.69 176.19 5.85 0.10
0.00 1297.48
849.50 13.24 9.65 6.97 322.28 190.95 6.14 0.40
0.00 1574.65
818.30 11.14 7.51 4.52 320.69 247.62 7.15 0.50
0.00 1888.50
784.10 8.94 4.77 0.77 318.30 262.50 7.44 0.50
4.00 2243.64
747.10 8.94 1.76 -7.58 315.94 300.96 5.67 0.30
0.00 2643.75
707.10 7.14 0.56 -7.98 319.14 308.66 7.46 0.20
0.00 3097.48
664.20 5.14 -2.17 -13.98 319.41 292.52 8.62 0.20
0.00 3609.92
618.40 1.84 -5.80 -23.43 318.81 294.34 8.95 0.10
0.00 4188.99
570.10 -1.26 -9.09 -39.00 320.14 292.11 6.70 0.00
0.00 4840.13
523.30 -5.96 -11.96 -31.45 323.49 299.20 7.56 0.00
0.00 5516.11
481.20 -11.26 -16.17 -38.06 323.93 305.27 9.75 0.00
0.00 6165.73
443.50 -16.16 -19.99 -40.61 325.18 303.69 11.21 0.00
0.00 6785.41
409.60 -20.36 -23.48 -44.44 326.95 291.10 11.87 0.00
0.00 7378.76
378.90 -24.56 -27.04 -48.09 328.56 282.53 12.53 0.10
0.00 7950.51
351.30 -28.86 -30.76 -51.04 329.81 284.04 14.41 0.10
0.00 8496.13
326.40 -32.86 -34.33 -54.67 331.18 286.82 17.44 0.10
0.00 9017.55
304.00 -36.36 -37.50 -56.52 333.01 290.42 19.48 0.10
0.00 9513.99
283.80 -39.56 -40.45 -58.54 334.98 295.87 21.37 0.10
0.00 9987.36
265.70 -42.56 -43.29 -63.01 336.88 302.76 26.57 0.00
0.00 10435.08
248.80 -45.06 -45.65 -63.51 339.55 313.90 35.86 0.00
0.00 10876.26
233.60 -46.96 -47.42 -60.07 342.93 329.45 55.03 0.00
0.00 11295.40
219.60 -50.26 -50.52 -57.90 344.03 336.15 67.75 0.10
0.00 11701.62
205.70 -53.96 -54.11 -59.64 344.65 340.87 60.45 0.10
0.00 12124.71
191.70 -56.96 -57.09 -63.30 346.76 339.44 54.78 0.10
8.00 12573.88
177.80 -58.36 -58.54 -73.70 351.87 318.97 47.63 0.00
0.00 13048.68
163.80 -59.26 -59.44 -74.24 358.70 308.03 49.83 0.00
0.00 13563.24
149.80 -60.96 -61.11 -74.84 365.05 311.23 45.98 0.00
0.00 14120.39
135.90 -60.86 -9999.00 -9999.00 -9999.00 314.57 36.81 0.00
0.00 14725.39
121.90 -60.26 -9999.00 -9999.00 -9999.00 309.11 26.79 0.00
0.00 15401.92
108.00 -60.26 -9999.00 -9999.00 -9999.00 293.27 21.15 0.00
0.00 16156.38
94.00 -60.16 -9999.00 -9999.00 -9999.00 295.62 15.73 0.00
0.00 17021.75
81.00 -59.96 -9999.00 -9999.00 -9999.00 285.95 4.23 0.00
0.00 17950.17
70.60 -60.36 -9999.00 -9999.00 -9999.00 16.70 2.02 0.00
0.00 18806.91
62.20 -58.86 -9999.00 -9999.00 -9999.00 67.25 6.53 0.00
0.00 19598.70
54.30 -57.76 -9999.00 -9999.00 -9999.00 102.63 11.54 0.00
0.00 20452.90
46.90 -57.86 -9999.00 -9999.00 -9999.00 83.23 11.54 0.00
0.00 21376.37
40.10 -56.56 -9999.00 -9999.00 -9999.00 72.85 16.47 0.00
0.00 22366.48
33.80 -54.16 -9999.00 -9999.00 -9999.00 86.75 17.11 0.00
0.00 23456.07
27.80 -51.26 -9999.00 -9999.00 -9999.00 81.77 16.30 0.00
0.00 24717.07
22.30 -48.36 -9999.00 -9999.00 -9999.00 77.62 16.32 0.00
0.00 26158.25
17.10 -45.16 -9999.00 -9999.00 -9999.00 76.39 18.98 0.00
0.00 27917.71
12.30 -40.76 -9999.00 -9999.00 -9999.00 83.54 31.08 0.00
0.00 30137.73

STID = KMDW STNM = 725340 TIME = 200807/2100 
SLAT = 41.78 SLON = -87.75 SELV = 183.0
STIM = 8

SHOW = 5.71 LIFT = 5.85 SWET = 111.38 KINX = 13.72
LCLP = 772.71 PWAT = 22.11 TOTL = 38.92 CAPE = 0.00
LCLT = 279.54 CINS = 0.00 EQLV = -9999.00 LFCT = -9999.00
BRCH = 0.00

PRES TMPC TMWC DWPC THTE DRCT SKNT OMEG
CFRL HGHT
996.30 27.44 16.90 10.15 324.52 104.74 3.81 0.00
0.00 192.76
993.40 26.74 16.56 9.96 323.80 106.93 4.66 -0.10
0.00 218.50
987.90 26.14 16.23 9.72 323.42 109.80 5.17 -0.20
0.00 267.41
978.50 25.24 15.78 9.52 323.24 112.17 5.67 -0.40
0.00 351.43
964.60 24.04 15.20 9.29 323.23 116.57 6.08 -0.60
0.00 476.72
946.70 22.44 14.43 9.01 323.20 127.23 6.10 -0.70
0.00 639.98
925.40 20.54 13.52 8.71 323.27 144.25 5.98 -0.70
0.00 837.15
902.10 18.44 12.51 8.38 323.37 166.87 5.98 -0.50
0.00 1056.60
876.80 16.14 11.38 8.00 323.49 185.04 6.62 -0.20
0.00 1299.57
848.60 13.64 10.04 7.42 323.54 197.45 7.13 0.10
0.00 1576.48
817.40 11.34 8.20 5.76 322.75 235.89 7.26 0.30
0.00 1891.07
783.30 9.04 5.81 3.00 321.16 255.32 8.43 0.30
8.00 2245.90
746.30 8.64 2.47 -4.69 317.90 287.24 5.91 0.10
0.00 2646.49
706.40 7.24 0.46 -8.52 318.97 309.81 6.06 -0.10
0.00 3099.47
663.60 5.14 -2.32 -14.69 319.15 284.35 8.62 0.00
0.00 3611.25
617.90 1.84 -5.77 -23.20 318.95 287.59 8.35 0.00
0.00 4189.54
569.70 -1.36 -9.07 -36.73 320.31 289.03 5.96 0.10
0.00 4839.72
523.00 -6.06 -12.07 -32.06 323.31 301.83 6.62 0.20
0.00 5514.44
481.00 -11.26 -16.16 -37.74 324.00 309.64 8.84 0.30
0.00 6162.71
443.30 -15.96 -19.85 -40.62 325.48 305.42 10.72 0.40
0.00 6782.90
409.50 -20.16 -23.35 -44.97 327.19 292.96 12.45 0.40
0.00 7375.17
378.80 -24.36 -26.90 -48.80 328.81 286.70 14.20 0.40
0.00 7947.52
351.20 -28.56 -30.53 -51.95 330.20 288.64 17.02 0.40
0.00 8493.84
326.30 -32.46 -33.98 -54.68 331.76 291.11 21.04 0.30
0.00 9016.16
303.90 -35.96 -37.14 -56.52 333.60 293.32 24.53 0.10
0.00 9513.59
283.80 -39.16 -40.12 -60.30 335.52 295.86 28.07 0.00
0.00 9985.50
265.70 -41.96 -42.72 -60.81 337.80 303.87 34.15 -0.10
0.00 10434.18
248.80 -43.96 -44.58 -59.58 341.27 322.32 44.17 -0.10
0.00 10877.01
233.60 -46.76 -47.18 -57.40 343.31 336.54 56.12 0.00
0.00 11297.35
219.60 -50.16 -50.45 -59.12 344.14 334.59 51.61 0.10
0.00 11703.84
205.70 -53.66 -53.85 -61.06 345.08 334.40 51.69 0.10
0.00 12127.31
191.70 -56.66 -56.82 -65.45 347.20 325.03 50.49 0.10
0.00 12577.09
177.80 -58.56 -58.71 -68.92 351.59 314.26 53.17 0.00
0.00 13052.01
163.80 -60.96 -61.07 -69.50 355.90 310.62 61.17 0.00
0.00 13564.28
149.80 -61.46 -61.60 -74.84 364.19 314.32 46.43 0.00
0.00 14118.57
135.90 -61.06 -61.23 -75.48 375.18 316.11 35.31 0.00
0.00 14722.56
121.90 -60.46 -9999.00 -9999.00 -9999.00 312.09 24.34 0.00
0.00 15398.46
108.00 -59.86 -9999.00 -9999.00 -9999.00 290.49 18.86 0.00
0.00 16153.27
94.00 -59.66 -9999.00 -9999.00 -9999.00 292.80 14.53 0.00
0.00 17020.48
81.00 -59.76 -9999.00 -9999.00 -9999.00 289.80 5.17 0.00
0.00 17950.42
70.60 -59.96 -9999.00 -9999.00 -9999.00 353.99 3.71 0.00
0.00 18808.36
62.20 -58.66 -9999.00 -9999.00 -9999.00 79.00 7.13 0.00
0.00 19601.27
54.30 -58.56 -9999.00 -9999.00 -9999.00 111.99 10.90 0.00
0.00 20454.28
46.90 -58.46 -9999.00 -9999.00 -9999.00 77.07 12.16 0.00
0.00 21374.75
40.10 -56.86 -9999.00 -9999.00 -9999.00 78.81 18.03 0.00
0.00 22362.79
33.80 -54.06 -9999.00 -9999.00 -9999.00 90.64 17.48 0.00
0.00 23451.88
27.80 -50.96 -9999.00 -9999.00 -9999.00 84.41 17.95 0.00
0.00 24714.02
22.30 -47.86 -9999.00 -9999.00 -9999.00 71.36 17.02 0.00
0.00 26157.79
17.10 -43.56 -9999.00 -9999.00 -9999.00 67.01 20.88 0.00
0.00 27925.40
12.30 -39.86 -9999.00 -9999.00 -9999.00 77.15 29.68 0.00
0.00 30157.48

STID = KMDW STNM = 725340 TIME = 200807/2200 
SLAT = 41.78 SLON = -87.75 SELV = 183.0
STIM = 9

SHOW = 5.15 LIFT = 5.61 SWET = 119.45 KINX = 12.98
LCLP = 769.80 PWAT = 22.59 TOTL = 39.65 CAPE = 0.00
LCLT = 279.50 CINS = 0.00 EQLV = -9999.00 LFCT = -9999.00
BRCH = 0.00

PRES TMPC TMWC DWPC THTE DRCT SKNT OMEG
CFRL HGHT
996.50 27.74 17.02 10.17 324.86 113.96 3.83 0.00
0.00 191.88
993.60 27.14 16.70 9.94 324.18 116.57 4.78 -0.10
0.00 217.64
988.10 26.54 16.36 9.70 323.81 120.26 5.40 -0.20
0.00 266.61
978.70 25.64 15.94 9.54 323.69 121.61 5.92 -0.50
0.00 350.73
964.80 24.44 15.36 9.33 323.71 126.16 6.25 -0.70
0.00 476.16
946.90 22.84 14.63 9.13 323.81 137.49 6.33 -0.80
0.00 639.61
925.60 21.04 13.80 8.91 324.11 154.23 6.25 -0.80
0.00 837.05
902.30 18.94 12.83 8.65 324.32 173.09 6.45 -0.70
0.00 1056.84
877.00 16.64 11.74 8.34 324.56 189.73 6.90 -0.40
0.00 1300.19
848.80 14.04 10.49 7.97 324.83 201.25 7.50 0.00
0.00 1577.51
817.60 11.74 8.81 6.61 324.44 235.01 7.11 0.30
0.00 1892.54
783.40 9.54 6.37 3.70 322.64 257.32 7.96 0.40
10.00 2248.99
746.40 8.84 2.97 -3.50 319.14 287.88 6.33 0.20
0.00 2650.10
706.50 7.84 0.47 -9.59 318.94 304.59 6.84 0.00
0.00 3103.67
663.70 5.24 -2.41 -15.43 318.90 284.86 9.85 0.00
0.00 3615.98
617.90 1.94 -5.77 -23.68 318.93 286.46 8.92 0.10
0.00 4195.67
569.80 -1.26 -8.93 -35.14 320.59 292.11 6.70 0.10
0.00 4844.68
523.00 -5.96 -12.04 -32.49 323.36 302.47 7.60 0.20
0.00 5521.04
481.00 -11.16 -16.07 -37.43 324.17 310.10 9.65 0.20
0.00 6169.56
443.30 -15.86 -19.80 -41.01 325.56 306.10 11.54 0.20
0.00 6789.98
409.50 -20.16 -23.33 -44.44 327.23 296.93 13.73 0.10
0.00 7382.37
378.80 -24.36 -26.90 -48.80 328.81 293.67 15.48 0.10
0.00 7954.72
351.20 -28.46 -30.45 -51.95 330.34 296.83 18.51 0.00
0.00 8501.15
326.30 -32.26 -33.81 -54.68 332.03 302.36 23.23 0.00
0.00 9023.80
303.90 -35.56 -36.79 -56.52 334.17 306.09 28.36 0.00
0.00 9521.86
283.80 -38.26 -39.28 -58.54 336.85 308.21 34.85 0.00
0.00 9995.06
265.70 -40.76 -41.55 -56.36 339.68 316.27 43.28 0.10
0.00 10445.78
248.80 -43.66 -44.19 -53.96 341.93 327.56 51.79 0.10
0.00 10890.06
233.60 -46.86 -47.28 -57.40 343.16 332.42 49.09 0.20
0.00 11310.59
219.60 -50.26 -50.54 -59.12 343.99 331.83 46.50 0.20
0.00 11716.90
205.70 -53.36 -53.59 -62.77 345.51 325.64 46.11 0.10
0.00 12140.56
191.70 -56.16 -56.34 -65.45 348.00 314.54 51.52 0.10
0.00 12591.17
177.70 -59.46 -59.57 -66.00 350.22 305.34 59.77 0.10
0.00 13069.19
163.80 -61.06 -61.14 -66.60 355.78 309.38 57.56 0.10
0.00 13576.76
149.80 -60.66 -60.82 -74.84 365.57 317.54 43.45 0.00
0.00 14131.96
135.90 -60.36 -60.55 -75.48 376.41 309.31 34.65 0.00
0.00 14738.10
121.90 -60.26 -9999.00 -9999.00 -9999.00 304.81 24.84 0.00
0.00 15415.43
108.00 -60.56 -9999.00 -9999.00 -9999.00 287.90 19.60 0.00
0.00 16169.35
94.00 -60.26 -9999.00 -9999.00 -9999.00 300.07 12.80 0.00
0.00 17033.91
81.00 -59.86 -9999.00 -9999.00 -9999.00 312.88 3.71 0.00
0.00 17962.33
70.60 -58.86 -9999.00 -9999.00 -9999.00 26.57 3.48 0.00
0.00 18822.29
62.20 -57.76 -9999.00 -9999.00 -9999.00 103.71 8.20 0.00
0.00 19618.91
54.30 -57.76 -9999.00 -9999.00 -9999.00 112.11 6.70 0.00
0.00 20475.29
46.90 -56.86 -9999.00 -9999.00 -9999.00 70.91 10.68 0.00
0.00 21400.91
40.10 -55.46 -9999.00 -9999.00 -9999.00 90.81 13.79 0.00
0.00 22395.83
33.80 -53.46 -9999.00 -9999.00 -9999.00 90.00 11.85 0.00
0.00 23489.92
27.80 -50.76 -9999.00 -9999.00 -9999.00 83.21 16.43 0.00
0.00 24754.35
22.30 -47.86 -9999.00 -9999.00 -9999.00 69.12 20.16 0.00
0.00 26198.76
17.10 -42.56 -9999.00 -9999.00 -9999.00 74.55 24.79 0.00
0.00 27970.26
12.30 -39.66 -9999.00 -9999.00 -9999.00 89.14 26.03 0.00
0.00 30208.13

STID = KMDW STNM = 725340 TIME = 200807/2300 
SLAT = 41.78 SLON = -87.75 SELV = 183.0
STIM = 10

SHOW = 4.87 LIFT = 5.49 SWET = 122.46 KINX = 13.13
LCLP = 773.33 PWAT = 22.63 TOTL = 39.91 CAPE = 0.00
LCLT = 279.81 CINS = 0.00 EQLV = -9999.00 LFCT = -9999.00
BRCH = 0.00

PRES TMPC TMWC DWPC THTE DRCT SKNT OMEG
CFRL HGHT
997.20 27.74 17.14 10.43 325.18 116.57 4.35 0.00
0.00 191.87
994.30 27.24 16.82 10.14 324.52 119.25 5.57 -0.10
0.00 217.62
988.80 26.64 16.48 9.89 324.12 122.20 6.20 -0.20
0.00 266.58
979.30 25.84 16.08 9.70 324.08 123.23 6.74 -0.40
0.00 351.58
965.40 24.64 15.52 9.51 324.13 128.42 7.19 -0.60
0.00 477.02
947.50 23.14 14.86 9.39 324.47 140.60 7.03 -0.70
0.00 640.52
926.20 21.34 14.05 9.20 324.82 157.01 6.95 -0.60
0.00 838.05
902.90 19.24 13.11 8.99 325.12 171.87 6.88 -0.40
0.00 1057.95
877.60 16.94 12.06 8.74 325.46 186.52 6.84 0.00
0.00 1301.42
849.30 14.34 10.80 8.35 325.72 200.56 6.64 0.40
0.00 1579.86
818.00 12.44 9.01 6.46 324.97 242.65 6.33 0.70
0.00 1896.30
783.90 10.64 6.42 2.80 322.68 263.48 6.84 0.70
9.00 2252.58
746.80 10.04 3.08 -4.90 319.25 292.52 8.62 0.30
0.00 2656.07
706.90 8.14 0.57 -9.83 319.07 295.68 11.21 0.00
0.00 3110.54
664.00 4.94 -2.39 -14.55 318.93 285.52 10.88 0.00
0.00 3623.79
618.20 2.14 -5.67 -23.80 319.08 284.32 9.42 0.10
0.00 4203.13
570.00 -0.96 -8.65 -33.23 321.16 295.11 6.86 0.20
0.00 4853.83
523.20 -5.76 -11.96 -33.15 323.46 302.91 7.87 0.20
0.00 5530.57
481.10 -10.96 -15.94 -37.43 324.39 306.87 9.71 0.20
0.00 6180.93
443.50 -15.66 -19.67 -41.41 325.74 300.65 12.20 0.10
0.00 6799.98
409.60 -19.96 -23.18 -44.44 327.47 294.97 15.64 0.00
0.00 7394.37
378.90 -24.36 -26.88 -48.09 328.83 297.11 18.34 0.00
0.00 7966.81
351.20 -28.46 -30.42 -51.04 330.38 302.23 21.13 0.00
0.00 8515.15
326.40 -32.26 -33.79 -53.56 332.05 308.87 24.46 0.00
0.00 9035.62
303.90 -35.46 -36.66 -54.16 334.39 310.10 28.94 0.10
0.00 9535.93
283.80 -37.66 -38.70 -55.82 337.79 320.73 34.38 0.10
0.00 10009.85
265.70 -39.66 -40.42 -51.18 341.54 333.02 48.39 0.10
0.00 10462.22
248.80 -43.06 -43.64 -53.96 342.82 329.51 44.41 0.20
0.00 10908.14
233.60 -46.36 -46.83 -58.63 343.88 322.28 44.44 0.20
0.00 11329.68
219.60 -49.66 -49.97 -59.12 344.91 313.96 53.17 0.10
0.00 11736.99
205.70 -53.26 -53.44 -59.64 345.76 308.30 57.67 0.10
0.00 12161.32
191.70 -57.06 -57.16 -61.60 346.65 305.66 54.99 0.00
0.00 12611.11
177.80 -59.86 -59.93 -63.87 349.55 299.88 52.64 0.00
100.00 13084.15
163.80 -60.96 -61.05 -66.60 355.95 300.40 54.51 0.00
0.00 13594.88
149.80 -60.66 -60.79 -70.13 365.62 319.13 49.57 0.00
0.00 14150.21
135.90 -61.36 -61.52 -75.48 374.65 315.92 34.34 0.00
0.00 14754.92
121.90 -60.36 -9999.00 -9999.00 -9999.00 304.34 23.76 0.00
0.00 15430.50
108.00 -60.76 -9999.00 -9999.00 -9999.00 284.31 19.64 0.00
0.00 16183.89
94.00 -60.46 -9999.00 -9999.00 -9999.00 297.76 12.51 0.00
0.00 17047.64
81.00 -59.86 -9999.00 -9999.00 -9999.00 311.99 2.62 0.00
0.00 17975.62
70.60 -58.56 -9999.00 -9999.00 -9999.00 51.34 2.49 0.00
0.00 18836.18
62.20 -58.26 -9999.00 -9999.00 -9999.00 117.41 5.91 0.00
0.00 19632.43
54.30 -57.86 -9999.00 -9999.00 -9999.00 63.43 3.05 0.00
0.00 20487.62
46.90 -56.16 -9999.00 -9999.00 -9999.00 60.52 10.26 0.00
0.00 21414.53
40.10 -54.66 -9999.00 -9999.00 -9999.00 88.98 10.88 0.00
0.00 22412.89
33.80 -52.86 -9999.00 -9999.00 -9999.00 72.47 11.62 0.00
0.00 23510.48
27.80 -50.46 -9999.00 -9999.00 -9999.00 75.32 16.86 0.00
0.00 24777.48
22.30 -47.26 -9999.00 -9999.00 -9999.00 69.97 22.13 0.00
0.00 26224.80
17.10 -43.36 -9999.00 -9999.00 -9999.00 79.99 26.83 0.00
0.00 27995.52
12.30 -40.96 -9999.00 -9999.00 -9999.00 84.38 25.76 0.00
0.00 30223.26

STID = KMDW STNM = 725340 TIME = 200808/0000 
SLAT = 41.78 SLON = -87.75 SELV = 183.0
STIM = 11

SHOW = 4.84 LIFT = 5.45 SWET = 124.79 KINX = 15.64
LCLP = 785.56 PWAT = 23.13 TOTL = 39.82 CAPE = 0.00
LCLT = 280.59 CINS = 0.00 EQLV = -9999.00 LFCT = -9999.00
BRCH = 0.00

PRES TMPC TMWC DWPC THTE DRCT SKNT OMEG
CFRL HGHT
997.30 27.24 17.22 11.00 325.52 123.69 4.20 0.00
0.00 192.74
994.30 26.84 16.92 10.67 324.91 126.47 5.56 -0.10
0.00 219.34
988.90 26.44 16.62 10.36 324.62 130.03 6.33 -0.20
0.00 267.37
979.40 25.64 16.16 10.03 324.35 133.88 7.01 -0.40
0.00 352.31
965.50 24.64 15.65 9.80 324.57 139.24 7.44 -0.60
0.00 477.72
947.60 23.24 15.01 9.63 324.94 152.78 7.65 -0.60
0.00 641.24
926.30 21.34 14.20 9.50 325.28 168.11 7.54 -0.50
0.00 838.80
902.90 19.34 13.30 9.29 325.71 180.00 7.38 -0.20
0.00 1059.69
877.60 16.94 12.21 9.03 325.93 192.53 7.17 0.10
0.00 1303.22
849.40 14.44 10.96 8.56 326.16 213.69 6.29 0.40
0.00 1580.74
818.10 12.74 9.10 6.39 325.20 244.23 6.25 0.60
1.00 1897.36
783.90 11.24 6.47 2.34 322.80 273.37 6.62 0.40
0.00 2255.21
746.90 10.44 3.40 -4.46 320.06 304.99 11.85 0.20
0.00 2658.29
706.90 7.54 0.78 -7.89 319.69 308.78 13.95 0.10
0.00 3113.78
664.00 4.64 -2.26 -13.19 319.28 294.44 9.38 0.30
0.00 3626.30
618.20 2.54 -5.53 -24.56 319.35 282.68 7.96 0.40
0.00 4205.77
570.00 -0.46 -8.30 -32.50 321.86 292.75 6.53 0.40
0.00 4857.54
523.20 -5.46 -11.82 -33.86 323.72 295.94 7.98 0.30
0.00 5535.28
481.10 -10.86 -15.87 -37.43 324.52 297.51 10.51 0.20
0.00 6186.12
443.50 -15.56 -19.60 -41.41 325.86 295.16 14.16 0.10
0.00 6805.41
409.60 -20.06 -23.25 -44.44 327.34 295.73 17.89 0.00
0.00 7399.81
378.80 -24.36 -26.86 -47.43 328.89 299.60 19.66 0.00
0.00 7974.07
351.20 -28.36 -30.36 -51.95 330.47 305.99 20.16 0.00
0.00 8520.61
326.40 -31.96 -33.51 -52.57 332.50 309.75 24.01 0.00
0.00 9041.52
303.90 -34.86 -35.98 -48.77 335.52 311.78 31.78 0.00
0.00 9542.78
283.80 -37.46 -38.48 -53.74 338.16 325.33 31.41 0.00
0.00 10017.51
265.70 -39.46 -40.29 -52.61 341.75 335.84 39.39 0.00
0.00 10470.26
248.80 -42.76 -43.43 -56.89 343.14 326.75 42.50 0.10
0.00 10916.66
233.60 -46.26 -46.74 -58.63 344.03 307.73 54.27 0.10
0.00 11338.57
219.60 -50.06 -50.38 -60.55 344.25 299.52 55.59 0.10
0.00 11745.60
205.70 -53.56 -53.75 -61.06 345.24 310.79 50.54 0.00
0.00 12169.26
191.70 -57.16 -57.26 -61.60 346.49 304.40 43.32 0.00
100.00 12618.64
177.70 -59.36 -59.44 -63.87 350.43 292.79 50.16 0.00
0.00 13095.66
163.80 -60.56 -60.65 -66.60 356.62 297.97 53.01 0.00
0.00 13603.95
149.80 -60.96 -61.09 -70.13 365.10 317.89 46.35 0.00
0.00 14159.42
135.90 -61.86 -62.01 -75.48 373.76 314.08 34.07 0.00
0.00 14762.99
121.90 -61.66 -9999.00 -9999.00 -9999.00 303.44 24.67 0.00
0.00 15435.70
108.00 -61.66 -9999.00 -9999.00 -9999.00 294.39 18.34 0.00
0.00 16185.20
94.00 -61.06 -9999.00 -9999.00 -9999.00 306.69 12.35 0.00
0.00 17045.90
81.00 -60.06 -9999.00 -9999.00 -9999.00 301.61 2.97 0.00
0.00 17972.14
70.60 -58.66 -9999.00 -9999.00 -9999.00 300.96 1.13 0.00
0.00 18832.09
62.20 -58.76 -9999.00 -9999.00 -9999.00 155.22 2.78 0.00
0.00 19627.23
54.30 -58.16 -9999.00 -9999.00 -9999.00 27.76 4.18 0.00
0.00 20480.83
46.90 -55.96 -9999.00 -9999.00 -9999.00 57.38 11.54 0.00
0.00 21407.52
40.10 -54.26 -9999.00 -9999.00 -9999.00 68.96 10.82 0.00
0.00 22407.26
33.80 -52.56 -9999.00 -9999.00 -9999.00 55.65 14.12 0.00
0.00 23506.60
27.80 -50.76 -9999.00 -9999.00 -9999.00 59.25 17.85 0.00
0.00 24773.61
22.30 -48.26 -9999.00 -9999.00 -9999.00 65.95 25.74 0.00
0.00 26216.72
17.10 -45.26 -9999.00 -9999.00 -9999.00 79.97 32.34 0.00
0.00 27976.18
12.30 -41.66 -9999.00 -9999.00 -9999.00 83.88 27.35 0.00
0.00 30191.38

STID = KMDW STNM = 725340 TIME = 200808/0100 
SLAT = 41.78 SLON = -87.75 SELV = 183.0
STIM = 12

SHOW = 4.79 LIFT = 5.26 SWET = 121.17 KINX = 18.39
LCLP = 820.78 PWAT = 23.77 TOTL = 39.94 CAPE = 0.00
LCLT = 282.75 CINS = 0.00 EQLV = -9999.00 LFCT = -9999.00
BRCH = 0.00

PRES TMPC TMWC DWPC THTE DRCT SKNT OMEG
CFRL HGHT
996.80 25.74 17.45 12.54 326.51 126.25 3.61 0.00
0.00 192.70
993.80 25.64 17.14 12.00 325.83 132.14 5.50 -0.10
0.00 219.21
988.30 25.64 16.62 10.96 324.76 138.50 6.74 -0.20
0.00 268.01
978.90 25.34 16.18 10.30 324.50 147.09 7.87 -0.30
0.00 351.96
965.00 24.44 15.74 10.15 324.95 158.68 8.55 -0.40
0.00 477.34
947.10 23.04 15.14 10.05 325.45 170.96 8.66 -0.40
0.00 640.85
925.80 21.24 14.34 9.87 325.83 180.00 8.16 -0.30
0.00 838.44
902.50 19.14 13.34 9.53 325.93 188.97 7.48 -0.10
0.00 1058.41
877.20 16.84 12.22 9.13 326.03 199.44 7.01 0.20
0.00 1301.94
848.90 14.64 10.97 8.45 326.29 219.56 5.79 0.30
0.00 1580.64
817.70 13.14 9.01 5.90 325.00 250.20 5.17 0.30
0.00 1896.72
783.60 11.74 6.60 2.14 323.17 295.91 7.56 0.10
0.00 2254.20
746.60 10.24 4.14 -2.05 322.08 319.48 14.04 -0.10
0.00 2657.73
706.60 7.04 1.37 -5.20 321.27 317.63 15.00 0.10
0.00 3113.05
663.70 4.64 -2.41 -13.86 318.97 289.98 9.09 0.30
0.00 3625.43
618.00 2.84 -5.42 -25.10 319.59 272.79 7.96 0.20
0.00 4204.14
569.80 -0.36 -8.20 -31.82 322.12 284.04 5.61 0.10
0.00 4856.60
523.10 -5.46 -11.85 -34.35 323.66 289.54 6.39 -0.10
0.00 5533.21
481.00 -10.86 -15.87 -37.43 324.54 295.46 9.03 -0.10
0.00 6184.18
443.40 -15.36 -19.49 -42.27 326.06 301.39 13.42 -0.10
0.00 6803.83
409.50 -19.76 -23.06 -45.52 327.67 305.61 17.68 0.00
0.00 7398.94
378.80 -24.06 -26.71 -50.39 329.13 304.66 19.13 0.10
0.00 7972.09
351.20 -28.16 -30.22 -52.94 330.70 304.13 21.11 0.20
0.00 8519.18
326.30 -31.56 -33.04 -48.14 333.32 307.37 26.88 0.20
0.00 9042.91
303.90 -34.26 -35.41 -47.66 336.44 317.88 30.13 0.10
0.00 9543.08
283.80 -36.86 -37.90 -52.05 339.11 328.70 28.42 0.00
0.00 10019.01
265.60 -39.26 -40.20 -56.36 341.91 332.00 34.75 0.00
0.00 10475.13
248.80 -43.46 -44.00 -53.96 342.23 321.92 38.73 0.00
0.00 10918.48
233.60 -47.26 -47.55 -53.69 342.72 302.88 45.80 0.10
0.00 11338.84
219.60 -50.46 -50.68 -56.82 343.76 293.23 52.21 0.10
0.00 11744.61
205.70 -53.36 -53.56 -61.06 345.55 315.00 42.04 0.00
0.00 12168.09
191.70 -57.06 -57.16 -61.60 346.65 303.61 37.55 0.00
34.00 12617.77
177.70 -59.26 -59.37 -66.00 350.55 290.48 48.31 0.00
7.00 13095.01
163.80 -60.56 -60.68 -69.50 356.57 296.57 51.69 0.00
0.00 13603.42
149.80 -60.66 -60.79 -70.13 365.62 313.85 47.94 0.00
0.00 14159.28
135.90 -62.86 -62.99 -75.48 371.99 319.82 34.32 0.00
0.00 14761.85
121.90 -61.76 -9999.00 -9999.00 -9999.00 303.00 22.47 0.00
0.00 15432.82
108.00 -61.56 -9999.00 -9999.00 -9999.00 292.23 19.52 0.00
0.00 16182.31
94.00 -61.66 -9999.00 -9999.00 -9999.00 302.99 13.21 0.00
0.00 17042.00
81.00 -60.76 -9999.00 -9999.00 -9999.00 281.98 6.55 0.00
0.00 17965.40
70.60 -59.86 -9999.00 -9999.00 -9999.00 292.83 4.00 0.00
0.00 18821.54
62.20 -59.46 -9999.00 -9999.00 -9999.00 90.00 0.97 0.00
0.00 19613.15
54.30 -58.26 -9999.00 -9999.00 -9999.00 45.00 6.59 0.00
0.00 20465.16
46.90 -56.16 -9999.00 -9999.00 -9999.00 68.52 12.74 0.00
0.00 21391.21
40.10 -54.66 -9999.00 -9999.00 -9999.00 64.23 12.51 0.00
0.00 22389.57
33.80 -53.06 -9999.00 -9999.00 -9999.00 55.78 17.62 0.00
0.00 23486.66
27.80 -50.86 -9999.00 -9999.00 -9999.00 55.37 22.90 0.00
0.00 24751.95
22.30 -47.96 -9999.00 -9999.00 -9999.00 66.26 29.91 0.00
0.00 26195.71
17.10 -44.16 -9999.00 -9999.00 -9999.00 81.22 29.29 0.00
0.00 27960.61
12.30 -40.46 -9999.00 -9999.00 -9999.00 84.08 26.36 0.00
0.00 30186.90

STID = KMDW STNM = 725340 TIME = 200808/0200 
SLAT = 41.78 SLON = -87.75 SELV = 183.0
STIM = 13

SHOW = 4.75 LIFT = 4.67 SWET = 118.66 KINX = 19.50
LCLP = 865.30 PWAT = 24.83 TOTL = 40.14 CAPE = 0.00
LCLT = 285.47 CINS = 0.00 EQLV = -9999.00 LFCT = -9999.00
BRCH = 0.00

PRES TMPC TMWC DWPC THTE DRCT SKNT OMEG
CFRL HGHT
997.30 24.14 17.95 14.51 328.31 140.19 3.03 0.00
0.00 191.78
994.30 24.64 17.40 13.20 326.77 143.97 5.28 -0.10
0.00 218.17
988.80 25.24 16.67 11.36 324.91 156.19 7.23 -0.10
0.00 266.84
979.40 25.24 16.39 10.84 325.20 172.41 8.82 -0.30
0.00 350.70
965.50 24.34 16.06 10.89 325.98 184.57 9.75 -0.40
0.00 475.99
947.60 22.94 15.49 10.84 326.57 194.04 9.62 -0.40
0.00 639.41
926.20 21.04 14.57 10.46 326.53 199.23 8.84 -0.30
0.00 837.78
902.90 19.04 13.44 9.80 326.21 202.83 8.00 -0.20
0.00 1057.57
877.60 16.84 12.19 9.06 325.86 205.91 7.56 -0.10
0.00 1300.96
849.30 14.64 10.88 8.27 325.94 211.61 5.92 0.00
0.00 1579.51
818.10 13.04 9.08 6.11 325.13 234.78 4.04 -0.10
0.00 1895.39
783.90 11.64 6.88 2.87 323.92 309.81 6.06 -0.20
0.00 2253.68
746.80 9.74 4.83 0.28 323.95 332.65 12.68 -0.20
0.00 2657.88
706.80 6.84 1.81 -3.66 322.39 322.19 14.26 0.00
0.00 3112.68
663.90 4.94 -2.62 -15.71 318.39 285.46 9.48 0.10
0.00 3625.03
618.20 3.04 -5.26 -24.69 319.89 266.27 8.95 0.10
0.00 4204.04
570.00 -0.46 -8.24 -31.59 322.00 268.15 6.02 0.00
0.00 4856.40
523.20 -5.66 -11.97 -34.35 323.40 273.58 6.24 0.00
0.00 5533.90
481.10 -11.06 -15.99 -37.12 324.31 282.38 8.16 0.00
0.00 6184.25
443.50 -15.66 -19.69 -41.83 325.70 301.48 11.17 0.10
0.00 6803.18
409.60 -19.76 -23.10 -46.73 327.57 312.17 13.89 0.10
0.00 7397.80
378.90 -23.86 -26.57 -51.30 329.33 312.99 15.68 0.10
0.00 7971.02
351.20 -27.16 -29.07 -43.20 332.69 318.08 22.98 0.20
0.00 8521.38
326.40 -30.16 -31.27 -38.33 336.30 319.78 31.29 0.30
0.00 9045.57
303.90 -33.36 -34.37 -42.78 338.18 313.35 33.39 0.20
0.00 9550.36
283.80 -36.86 -37.84 -49.97 339.23 316.83 30.09 0.10
0.00 10027.22
265.70 -40.06 -40.85 -53.41 340.83 324.05 31.43 0.00
0.00 10479.98
248.80 -44.06 -44.51 -52.43 341.42 307.27 33.68 -0.10
0.00 10924.55
233.60 -47.66 -47.83 -51.06 342.28 284.98 45.84 0.00
0.00 11343.99
219.60 -50.36 -50.64 -59.12 343.83 289.08 49.32 0.00
0.00 11749.50
205.70 -53.16 -53.39 -62.77 345.82 307.51 37.96 0.00
0.00 12173.25
191.70 -56.86 -56.99 -63.30 346.93 300.76 36.85 -0.10
0.00 12623.34
177.80 -59.46 -59.59 -68.92 350.11 293.64 46.02 0.00
0.00 13097.05
163.80 -60.26 -60.41 -74.24 357.03 299.40 52.62 0.00
0.00 13609.08
149.80 -60.56 -60.70 -70.13 365.79 314.33 46.97 0.00
0.00 14165.46
135.90 -63.06 -63.18 -75.48 371.64 321.94 31.82 -0.10
0.00 14767.89
121.90 -62.06 -9999.00 -9999.00 -9999.00 296.79 21.97 0.00
0.00 15438.06
108.00 -61.96 -9999.00 -9999.00 -9999.00 290.75 19.74 0.00
0.00 16186.31
94.00 -61.96 -9999.00 -9999.00 -9999.00 299.85 13.66 0.00
0.00 17044.58
81.00 -61.06 -9999.00 -9999.00 -9999.00 275.95 9.38 0.00
0.00 17966.67
70.60 -60.36 -9999.00 -9999.00 -9999.00 307.41 4.16 0.00
0.00 18821.20
62.20 -59.26 -9999.00 -9999.00 -9999.00 38.66 3.73 0.00
0.00 19612.26
54.30 -57.56 -9999.00 -9999.00 -9999.00 41.82 9.91 0.00
0.00 20466.06
46.90 -56.16 -9999.00 -9999.00 -9999.00 70.08 14.26 0.00
0.00 21393.61
40.10 -55.36 -9999.00 -9999.00 -9999.00 62.06 14.51 0.00
0.00 22390.36
33.80 -53.76 -9999.00 -9999.00 -9999.00 57.99 18.32 0.00
0.00 23483.95
27.80 -50.96 -9999.00 -9999.00 -9999.00 57.49 23.50 0.00
0.00 24746.95
22.30 -48.06 -9999.00 -9999.00 -9999.00 71.09 29.37 0.00
0.00 26190.07
17.10 -43.96 -9999.00 -9999.00 -9999.00 77.96 27.02 0.00
0.00 27955.36
12.30 -40.56 -9999.00 -9999.00 -9999.00 75.30 28.32 0.00
0.00 30182.13

STID = KMDW STNM = 725340 TIME = 200808/0300 
SLAT = 41.78 SLON = -87.75 SELV = 183.0
STIM = 14

SHOW = 5.24 LIFT = 4.19 SWET = 112.21 KINX = 20.02
LCLP = 899.07 PWAT = 25.68 TOTL = 39.54 CAPE = 0.00
LCLT = 287.50 CINS = 0.00 EQLV = -9999.00 LFCT = -9999.00
BRCH = 0.00

PRES TMPC TMWC DWPC THTE DRCT SKNT OMEG
CFRL HGHT
997.80 23.04 18.42 15.98 330.01 137.29 3.44 0.00
0.00 191.74
994.80 24.04 17.56 13.87 327.28 149.74 5.40 0.00
0.00 218.07
989.30 25.04 16.92 12.00 325.70 171.03 7.48 -0.10
0.00 266.65
979.90 25.04 16.78 11.77 326.47 189.46 9.46 -0.20
0.00 350.43
966.00 24.14 16.52 11.95 327.51 199.13 10.08 -0.30
0.00 475.62
948.00 22.74 15.88 11.74 327.85 203.96 9.56 -0.20
0.00 639.82
926.70 20.84 14.86 11.17 327.46 206.57 8.68 -0.10
0.00 837.09
903.30 18.94 13.60 10.16 326.65 205.91 7.56 0.00
0.00 1057.64
878.00 16.84 12.09 8.87 325.50 201.50 6.90 0.10
0.00 1300.89
849.70 14.74 10.61 7.67 325.05 199.65 5.77 0.10
0.00 1579.33
818.40 12.94 9.02 6.08 324.93 223.15 4.25 0.00
0.00 1896.05
784.30 11.44 7.05 3.43 324.36 307.30 5.13 -0.10
0.00 2252.97
747.20 9.44 5.30 1.67 325.21 333.43 10.43 -0.10
0.00 2656.70
707.10 6.64 2.25 -2.27 323.49 323.30 13.33 0.10
0.00 3112.15
664.20 5.04 -2.73 -16.66 318.05 290.70 9.34 0.20
0.00 3624.23
618.40 3.24 -5.20 -25.23 319.96 261.25 7.67 0.10
0.00 4204.57
570.10 -0.36 -8.21 -32.04 322.03 255.96 5.61 0.10
0.00 4858.47
523.30 -5.56 -11.93 -34.61 323.47 262.30 7.25 0.10
0.00 5536.09
481.20 -11.06 -15.98 -37.12 324.29 272.34 9.52 0.10
0.00 6186.43
443.50 -15.56 -19.63 -42.27 325.79 291.80 11.50 0.20
0.00 6807.06
409.60 -19.76 -23.14 -48.11 327.49 305.64 12.67 0.20
0.00 7401.79
378.90 -23.76 -26.45 -49.56 329.54 315.00 14.84 0.20
0.00 7975.12
351.30 -27.06 -28.55 -37.16 333.58 331.08 23.31 0.20
0.00 8523.67
326.40 -30.16 -31.01 -35.89 336.75 327.71 28.73 0.20
0.00 9050.07
304.00 -32.56 -33.78 -44.16 339.12 309.35 27.87 0.20
0.00 9553.38
283.80 -36.26 -37.33 -50.62 340.05 301.53 27.12 0.10
0.00 10033.93
265.70 -40.46 -41.14 -51.18 340.37 299.54 26.79 0.00
0.00 10486.89
248.80 -44.26 -44.60 -49.96 341.28 284.55 37.12 0.00
0.00 10930.89
233.60 -47.66 -47.76 -49.48 342.40 275.06 46.21 0.00
100.00 11350.16
219.60 -51.06 -51.21 -55.00 342.92 279.75 44.74 0.00
0.00 11755.04
205.70 -53.16 -53.44 -67.88 345.73 293.66 41.14 0.00
0.00 12178.13
191.70 -56.36 -56.58 -73.19 347.59 296.83 37.88 0.00
0.00 12628.73
177.70 -59.36 -59.52 -73.70 350.29 292.00 41.49 0.00
0.00 13106.63
163.80 -60.56 -60.71 -74.24 356.52 298.05 50.41 0.00
0.00 13614.91
149.80 -60.16 -60.33 -74.84 366.43 317.98 47.59 0.00
0.00 14171.42
135.90 -62.96 -63.09 -75.48 371.81 316.99 27.62 0.00
0.00 14774.56
121.90 -62.46 -62.61 -76.19 384.46 293.26 24.11 0.00
0.00 15444.25
108.00 -61.96 -9999.00 -9999.00 -9999.00 281.31 21.79 0.00
0.00 16191.80
94.00 -61.96 -9999.00 -9999.00 -9999.00 292.42 16.80 0.00
0.00 17050.07
81.00 -60.76 -9999.00 -9999.00 -9999.00 290.32 11.19 0.00
0.00 17972.82
70.60 -59.46 -9999.00 -9999.00 -9999.00 340.46 6.39 0.00
0.00 18829.76
62.20 -58.26 -9999.00 -9999.00 -9999.00 14.47 6.22 0.00
0.00 19624.34
54.30 -56.56 -9999.00 -9999.00 -9999.00 33.11 10.66 0.00
0.00 20482.11
46.90 -55.86 -9999.00 -9999.00 -9999.00 65.48 12.16 0.00
0.00 21412.45
40.10 -55.66 -9999.00 -9999.00 -9999.00 51.34 13.68 0.00
0.00 22409.20
33.80 -54.26 -9999.00 -9999.00 -9999.00 50.27 17.93 0.00
0.00 23500.79
27.80 -51.56 -9999.00 -9999.00 -9999.00 60.95 23.99 0.00
0.00 24760.65
22.30 -48.16 -9999.00 -9999.00 -9999.00 78.77 27.93 0.00
0.00 26201.51
17.10 -43.16 -9999.00 -9999.00 -9999.00 84.95 28.67 0.00
0.00 27969.51
12.30 -40.56 -9999.00 -9999.00 -9999.00 78.34 30.75 0.00
0.00 30200.15

STID = KMDW STNM = 725340 TIME = 200808/0400 
SLAT = 41.78 SLON = -87.75 SELV = 183.0
STIM = 15

SHOW = 5.90 LIFT = 4.10 SWET = 102.48 KINX = 19.50
LCLP = 922.70 PWAT = 26.01 TOTL = 38.64 CAPE = 0.00
LCLT = 288.72 CINS = 0.00 EQLV = -9999.00 LFCT = -9999.00
BRCH = 0.00

PRES TMPC TMWC DWPC THTE DRCT SKNT OMEG
CFRL HGHT
998.30 22.14 18.63 16.81 330.72 132.71 3.44 0.00
0.00 191.72
995.30 23.44 17.70 14.50 327.75 145.78 5.87 0.00
0.00 217.97
989.80 24.74 17.10 12.56 326.28 171.67 8.04 -0.10
0.00 266.47
980.30 24.94 17.11 12.51 327.60 189.27 9.63 -0.10
0.00 351.06
966.40 24.04 16.81 12.59 328.49 195.15 9.65 -0.10
0.00 476.19
948.50 22.54 16.08 12.26 328.50 199.65 8.66 -0.10
0.00 639.35
927.10 20.74 14.96 11.43 327.75 199.86 7.44 0.00
0.00 837.38
903.70 18.94 13.46 9.89 326.14 194.47 6.22 0.10
0.00 1057.80
878.40 17.04 11.82 8.18 324.58 187.35 6.08 0.20
0.00 1300.98
850.10 14.94 10.29 6.89 324.03 199.65 5.77 0.20
0.00 1579.41
818.80 13.04 8.98 5.90 324.73 239.74 5.40 0.10
0.00 1896.10
784.60 11.54 7.38 4.03 325.23 296.57 6.51 0.00
0.00 2254.06
747.40 9.24 5.68 2.68 326.24 324.32 9.32 0.10
0.00 2658.76
707.30 6.54 2.41 -1.77 323.86 316.97 11.97 0.20
0.00 3113.92
664.40 5.14 -2.86 -17.76 317.69 285.15 9.65 0.20
0.00 3625.86
618.60 3.24 -5.35 -26.85 319.56 253.86 7.69 0.10
0.00 4206.08
570.30 -0.36 -8.26 -32.73 321.89 237.99 5.50 0.10
0.00 4859.73
523.50 -5.46 -11.91 -35.41 323.45 256.76 6.78 0.20
0.00 5537.22
481.30 -10.86 -15.88 -37.73 324.44 273.43 9.73 0.30
0.00 6189.27
443.60 -15.16 -19.44 -44.79 326.08 289.25 12.96 0.20
0.00 6810.46
409.70 -19.36 -22.88 -49.71 327.91 296.92 14.16 0.20
0.00 7405.97
379.00 -23.26 -25.70 -40.70 330.87 318.69 17.07 0.10
0.00 7980.21
351.30 -26.86 -27.87 -32.55 334.81 334.63 24.94 0.10
0.00 8531.53
326.40 -30.26 -31.16 -36.45 336.50 321.95 28.36 0.10
0.00 9058.07
304.00 -33.46 -34.18 -39.25 338.50 309.71 29.80 0.00
0.00 9560.36
283.80 -36.66 -37.41 -44.79 339.96 292.99 27.86 0.00
0.00 10039.65
265.70 -40.36 -41.00 -49.95 340.60 280.01 26.83 -0.10
0.00 10492.33
248.80 -44.16 -44.51 -49.96 341.43 274.48 39.74 -0.10
0.00 10936.53
233.60 -47.76 -48.00 -52.96 342.01 268.72 43.34 -0.10
100.00 11355.79
219.60 -51.26 -51.37 -54.21 342.65 273.30 40.46 -0.10
100.00 11760.39
205.70 -53.16 -53.42 -64.93 345.78 285.95 39.59 -0.10
0.00 12183.29
191.70 -55.96 -56.19 -73.19 348.23 290.24 37.06 -0.10
0.00 12634.31
177.70 -58.76 -58.93 -73.70 351.27 291.70 39.94 0.00
0.00 13113.32
163.80 -60.06 -60.22 -74.24 357.36 298.88 49.48 0.00
0.00 13622.91
149.80 -60.36 -60.53 -74.84 366.09 318.37 46.78 0.00
0.00 14179.81
135.90 -62.96 -63.09 -75.48 371.81 309.41 25.39 0.00
0.00 14782.67
121.90 -63.26 -63.40 -76.19 383.00 290.87 24.53 0.00
0.00 15451.09
108.00 -62.76 -9999.00 -9999.00 -9999.00 282.06 23.23 0.00
0.00 16195.80
94.00 -62.26 -9999.00 -9999.00 -9999.00 307.28 16.36 0.00
0.00 17051.83
81.00 -60.66 -9999.00 -9999.00 -9999.00 317.35 10.04 0.00
0.00 17974.15
70.60 -59.06 -9999.00 -9999.00 -9999.00 3.18 7.01 0.00
0.00 18832.09
62.20 -58.26 -9999.00 -9999.00 -9999.00 24.30 6.60 0.00
0.00 19627.42
54.30 -56.86 -9999.00 -9999.00 -9999.00 40.91 11.56 0.00
0.00 20484.59
46.90 -56.66 -9999.00 -9999.00 -9999.00 63.43 13.03 0.00
0.00 21412.57
40.10 -56.66 -9999.00 -9999.00 -9999.00 51.88 16.05 0.00
0.00 22405.20
33.80 -55.06 -9999.00 -9999.00 -9999.00 47.55 21.58 0.00
0.00 23492.29
27.80 -51.86 -9999.00 -9999.00 -9999.00 65.28 26.94 0.00
0.00 24748.99
22.30 -48.26 -9999.00 -9999.00 -9999.00 84.69 25.17 0.00
0.00 26188.56
17.10 -42.66 -9999.00 -9999.00 -9999.00 91.23 27.19 0.00
0.00 27958.12
12.30 -40.96 -9999.00 -9999.00 -9999.00 78.22 32.34 0.00
0.00 30189.24

STID = KMDW STNM = 725340 TIME = 200808/0500 
SLAT = 41.78 SLON = -87.75 SELV = 183.0
STIM = 16

SHOW = 6.07 LIFT = 4.27 SWET = 98.42 KINX = 20.07
LCLP = 936.02 PWAT = 26.42 TOTL = 38.38 CAPE = 0.00
LCLT = 289.19 CINS = 0.00 EQLV = -9999.00 LFCT = -9999.00
BRCH = 0.00

PRES TMPC TMWC DWPC THTE DRCT SKNT OMEG
CFRL HGHT
997.50 21.34 18.51 17.04 330.42 135.00 3.57 0.00
0.00 191.70
994.50 22.64 17.74 15.04 328.02 144.46 6.68 0.00
0.00 217.91
989.00 24.34 17.18 13.00 326.72 170.34 9.27 -0.10
0.00 266.36
979.60 24.64 17.21 12.89 328.04 184.09 10.90 -0.10
0.00 350.04
965.60 23.74 16.82 12.81 328.66 186.71 9.98 -0.10
0.00 476.05
947.70 22.34 16.06 12.36 328.56 187.94 8.43 0.00
0.00 639.23
926.30 20.64 14.84 11.26 327.44 186.34 7.03 0.10
0.00 837.32
903.00 18.94 13.21 9.41 325.44 176.53 6.43 0.20
0.00 1056.91
877.70 17.04 11.54 7.61 323.80 178.26 6.41 0.20
0.00 1300.24
849.40 15.14 10.24 6.61 323.95 207.47 5.48 0.30
0.00 1578.96
818.20 13.34 9.23 6.17 325.56 257.13 6.97 0.30
0.00 1895.16
784.10 11.64 7.82 4.87 326.60 291.04 8.12 0.30
0.00 2252.63
746.90 9.14 5.95 3.33 327.08 313.15 8.53 0.30
0.00 2657.68
706.90 6.44 2.46 -1.53 324.07 303.96 11.48 0.30
0.00 3111.88
664.00 4.74 -2.84 -16.36 317.86 279.78 11.44 0.10
0.00 3623.70
618.20 2.74 -5.76 -28.37 318.73 254.41 8.66 -0.10
0.00 4203.35
570.00 -0.66 -8.48 -33.48 321.48 226.22 6.45 -0.20
0.00 4855.06
523.30 -5.46 -11.97 -36.59 323.34 241.26 6.88 -0.10
0.00 5531.02
481.20 -10.66 -15.78 -38.39 324.64 268.78 9.13 0.00
0.00 6181.95
443.50 -14.76 -19.22 -47.40 326.46 287.35 13.03 0.00
0.00 6803.99
409.60 -18.96 -22.48 -46.11 328.65 302.47 15.19 0.00
0.00 7400.57
378.90 -23.06 -25.11 -35.16 331.98 323.25 18.18 0.00
0.00 7975.69
351.30 -26.96 -27.70 -30.92 335.10 325.62 22.36 0.00
0.00 8525.25
326.40 -30.56 -31.22 -34.85 336.41 309.35 27.87 0.00
1.00 9051.40
304.00 -34.26 -34.71 -37.75 337.64 305.06 27.06 -0.10
11.00 9552.56
283.80 -37.56 -37.95 -41.39 339.09 288.18 27.39 -0.10
2.00 10030.17
265.70 -41.16 -41.35 -43.41 340.06 276.99 30.34 -0.10
100.00 10481.25
248.80 -44.56 -44.85 -49.43 340.87 270.00 39.24 -0.10
15.00 10924.32
233.60 -48.06 -48.26 -52.28 341.59 263.45 40.87 0.00
40.00 11342.93
219.60 -50.86 -51.04 -55.86 343.19 271.23 45.09 0.00
54.00 11747.62
205.70 -53.16 -53.39 -62.77 345.82 281.64 39.47 0.00
0.00 12170.91
191.70 -55.66 -55.90 -73.19 348.71 285.12 35.00 0.00
0.00 12622.23
177.80 -57.96 -58.15 -73.70 352.52 290.28 38.11 0.00
0.00 13098.90
163.80 -60.06 -60.22 -74.24 357.36 297.61 47.79 0.00
0.00 13612.98
149.80 -61.76 -61.90 -74.84 363.68 315.50 46.83 0.00
0.00 14168.04
135.90 -63.26 -63.38 -75.48 371.28 315.94 25.14 0.00
0.00 14768.48
121.90 -63.96 -64.08 -76.19 381.72 293.33 23.06 0.00
0.00 15435.31
108.00 -62.96 -63.12 -76.97 397.05 290.61 22.63 0.00
0.00 16178.43
94.00 -62.06 -9999.00 -9999.00 -9999.00 312.92 15.11 0.00
0.00 17034.46
81.00 -60.66 -9999.00 -9999.00 -9999.00 319.76 9.93 0.00
0.00 17957.21
70.60 -59.16 -9999.00 -9999.00 -9999.00 1.68 6.60 0.00
0.00 18814.96
62.20 -58.96 -9999.00 -9999.00 -9999.00 30.65 6.10 0.00
0.00 19608.80
54.30 -57.76 -9999.00 -9999.00 -9999.00 50.06 10.90 0.00
0.00 20462.79
46.90 -57.36 -9999.00 -9999.00 -9999.00 64.50 13.99 0.00
0.00 21387.34
40.10 -56.66 -9999.00 -9999.00 -9999.00 58.12 18.76 0.00
0.00 22378.37
33.80 -54.06 -9999.00 -9999.00 -9999.00 57.07 24.30 0.00
0.00 23467.95
27.80 -50.26 -9999.00 -9999.00 -9999.00 72.99 27.21 0.00
0.00 24732.10
22.30 -47.46 -9999.00 -9999.00 -9999.00 89.53 23.89 0.00
0.00 26179.41
17.10 -43.66 -9999.00 -9999.00 -9999.00 92.14 26.05 0.00
0.00 27948.19
12.30 -41.86 -9999.00 -9999.00 -9999.00 77.54 34.21 0.00
0.00 30170.14

STID = KMDW STNM = 725340 TIME = 200808/0600 
SLAT = 41.78 SLON = -87.75 SELV = 183.0
STIM = 17

SHOW = 5.75 LIFT = 4.29 SWET = 101.28 KINX = 19.47
LCLP = 942.92 PWAT = 26.45 TOTL = 38.88 CAPE = 0.00
LCLT = 289.30 CINS = 0.00 EQLV = -9999.00 LFCT = -9999.00
BRCH = 0.00

PRES TMPC TMWC DWPC THTE DRCT SKNT OMEG
CFRL HGHT
997.50 20.84 18.35 17.04 329.84 137.29 3.44 0.00
0.00 191.69
994.50 22.04 17.68 15.28 327.82 151.39 7.30 0.00
0.00 217.84
989.00 23.84 17.26 13.46 327.01 172.61 10.59 -0.10
0.00 266.21
979.60 24.34 17.19 13.06 328.02 181.82 12.24 -0.10
0.00 349.79
965.60 23.54 16.78 12.85 328.51 181.04 10.68 -0.10
0.00 475.71
947.70 22.14 15.98 12.34 328.29 180.00 8.74 0.00
0.00 638.77
926.30 20.54 14.79 11.25 327.31 176.99 7.40 0.00
0.00 836.76
903.00 18.84 13.17 9.40 325.31 169.00 7.13 0.10
0.00 1056.28
877.70 17.04 11.46 7.45 323.57 171.63 6.68 0.20
0.00 1299.56
849.50 15.34 10.42 6.82 324.47 210.96 4.53 0.30
0.00 1577.38
818.20 13.94 9.67 6.57 326.85 268.36 6.80 0.40
0.00 1895.04
784.10 12.04 8.17 5.24 327.61 286.14 7.69 0.40
0.00 2253.17
746.90 9.34 5.92 3.09 326.99 295.20 7.30 0.40
0.00 2658.66
706.90 6.74 2.17 -2.60 323.30 284.70 12.26 0.30
0.00 3113.20
664.00 4.74 -2.71 -15.64 318.18 273.92 14.22 0.00
0.00 3625.25
618.20 2.54 -5.89 -28.55 318.46 267.14 11.67 -0.10
0.00 4204.71
570.00 -0.96 -8.75 -35.13 320.91 243.43 8.26 -0.20
0.00 4855.81
523.30 -5.46 -12.08 -39.02 323.08 245.56 9.38 -0.10
0.00 5531.37
481.20 -10.76 -15.87 -38.73 324.48 263.00 11.15 0.00
0.00 6182.16
443.50 -15.06 -19.42 -46.68 326.12 281.61 14.47 0.00
0.00 6803.72
409.60 -19.16 -22.54 -43.47 328.58 300.58 14.90 -0.10
0.00 7399.73
378.90 -23.26 -24.99 -32.68 332.22 323.86 15.15 -0.10
0.00 7974.43
351.30 -27.26 -27.90 -30.67 334.76 315.43 18.26 -0.10
0.00 8523.47
326.40 -30.96 -31.42 -33.90 336.08 308.50 21.83 -0.10
100.00 9048.87
303.90 -34.26 -34.73 -37.95 337.63 291.96 25.97 -0.10
100.00 9551.94
283.80 -37.76 -38.20 -42.21 338.68 279.21 29.12 -0.10
100.00 10027.06
265.70 -41.16 -41.57 -46.55 339.71 272.86 35.00 -0.10
0.00 10477.93
248.80 -44.76 -44.94 -47.56 340.74 264.88 39.20 -0.10
0.00 10920.80
233.60 -48.46 -48.54 -49.98 341.15 267.14 42.79 -0.10
100.00 11338.87
219.60 -51.16 -51.33 -55.86 342.72 273.44 42.04 -0.10
58.00 11742.93
205.70 -53.46 -53.68 -62.77 345.35 277.92 36.67 0.00
4.00 12165.64
191.70 -55.26 -55.51 -73.19 349.35 280.14 35.31 0.10
0.00 12617.07
177.70 -57.26 -57.47 -73.70 353.73 289.41 39.74 0.10
0.00 13098.52
163.80 -59.56 -59.73 -74.24 358.20 300.67 44.95 0.10
0.00 13610.50
149.80 -61.76 -61.90 -74.84 363.68 315.70 45.05 0.00
0.00 14166.22
135.90 -63.06 -63.18 -75.48 371.64 317.98 23.80 0.00
0.00 14766.94
121.90 -63.66 -63.79 -76.19 382.27 289.41 21.62 0.00
0.00 15434.57
108.00 -62.66 -9999.00 -9999.00 -9999.00 291.62 23.19 0.00
0.00 16178.75
94.00 -62.16 -9999.00 -9999.00 -9999.00 312.75 14.02 0.00
0.00 17035.18
81.00 -60.76 -9999.00 -9999.00 -9999.00 313.03 7.96 0.00
0.00 17957.50
70.60 -59.26 -9999.00 -9999.00 -9999.00 17.53 3.87 0.00
0.00 18814.84
62.20 -59.56 -9999.00 -9999.00 -9999.00 53.13 4.86 0.00
0.00 19607.38
54.30 -58.36 -9999.00 -9999.00 -9999.00 66.37 10.18 0.00
0.00 20458.99
46.90 -57.46 -9999.00 -9999.00 -9999.00 71.05 13.75 0.00
0.00 21382.04
40.10 -55.46 -9999.00 -9999.00 -9999.00 67.52 18.30 0.00
0.00 22375.59
33.80 -52.26 -9999.00 -9999.00 -9999.00 73.48 23.91 0.00
0.00 23472.68
27.80 -50.36 -9999.00 -9999.00 -9999.00 83.81 25.21 0.00
0.00 24741.68
22.30 -48.86 -9999.00 -9999.00 -9999.00 83.82 23.45 0.00
0.00 26184.16
17.10 -45.26 -9999.00 -9999.00 -9999.00 86.31 24.15 0.00
0.00 27941.28
12.30 -42.26 -9999.00 -9999.00 -9999.00 73.16 30.85 0.00
0.00 30153.59

STID = KMDW STNM = 725340 TIME = 200808/0700 
SLAT = 41.78 SLON = -87.75 SELV = 183.0
STIM = 18

SHOW = 5.07 LIFT = 4.52 SWET = 103.99 KINX = 21.66
LCLP = 947.87 PWAT = 26.41 TOTL = 39.94 CAPE = 0.00
LCLT = 289.23 CINS = 0.00 EQLV = -9999.00 LFCT = -9999.00
BRCH = 0.00

PRES TMPC TMWC DWPC THTE DRCT SKNT OMEG
CFRL HGHT
997.60 20.34 18.09 16.89 328.91 147.99 3.67 0.00
0.00 192.54
994.60 21.54 17.53 15.31 327.30 162.41 8.35 0.00
0.00 218.64
989.20 23.54 17.26 13.65 327.00 178.21 12.43 -0.10
0.00 266.06
979.70 24.14 17.08 12.97 327.61 183.27 13.62 -0.10
0.00 350.45
965.80 23.44 16.68 12.74 328.16 179.05 11.65 -0.20
0.00 475.38
947.80 22.04 15.88 12.21 327.93 173.16 9.79 -0.20
0.00 639.26
926.50 20.44 14.64 11.03 326.78 166.91 8.57 -0.20
0.00 836.22
903.10 18.84 12.95 8.96 324.59 159.90 8.49 -0.10
0.00 1056.58
877.80 17.24 11.41 7.19 323.40 164.05 7.07 -0.10
0.00 1299.89
849.60 16.14 10.87 7.11 325.81 215.54 3.34 0.00
0.00 1578.16
818.30 15.04 9.91 6.17 327.51 275.53 6.04 0.10
0.00 1896.83
784.20 12.84 8.07 4.37 327.28 278.53 7.85 0.20
0.00 2256.04
747.00 9.94 5.75 2.19 326.48 275.29 10.53 0.30
0.00 2662.37
707.00 6.94 2.55 -1.87 324.27 275.44 16.39 0.30
0.00 3117.47
664.10 4.34 -2.05 -11.63 319.80 278.30 18.84 0.30
0.00 3629.41
618.30 2.14 -5.77 -24.69 318.83 280.62 15.81 0.10
0.00 4208.10
570.00 -1.06 -8.90 -37.07 320.58 266.76 10.31 -0.10
0.00 4859.94
523.30 -5.46 -12.19 -42.16 322.82 254.05 11.31 -0.10
0.00 5535.34
481.20 -10.76 -15.92 -39.83 324.36 258.34 12.49 -0.10
0.00 6186.11
443.50 -15.16 -19.51 -47.40 325.95 275.48 14.24 0.00
0.00 6807.55
409.60 -19.06 -22.11 -37.06 329.42 299.22 13.13 0.00
0.00 7403.59
378.90 -23.36 -24.56 -29.15 333.01 318.45 11.42 0.10
0.00 7978.37
351.30 -27.36 -28.12 -31.57 334.38 311.63 16.38 0.10
17.00 8527.22
326.40 -30.86 -31.91 -39.03 335.22 307.09 19.97 0.00
36.00 9052.57
304.00 -34.46 -35.30 -42.46 336.64 291.88 26.59 0.00
0.00 9553.15
283.80 -37.96 -38.42 -42.80 338.32 279.99 31.35 0.00
1.00 10030.11
265.70 -41.66 -41.85 -44.03 339.25 270.30 37.68 0.00
100.00 10480.32
248.80 -45.36 -45.47 -47.14 339.88 270.29 38.66 0.00
100.00 10922.14
233.60 -48.26 -48.50 -53.69 341.21 270.88 37.88 0.00
100.00 11339.83
219.60 -50.46 -50.76 -60.55 343.63 271.23 36.13 0.00
14.00 11744.70
205.70 -52.56 -52.87 -67.88 346.68 272.46 36.17 0.00
0.00 12168.93
191.70 -54.86 -55.13 -73.19 349.99 280.78 37.37 0.00
0.00 12621.70
177.80 -57.06 -57.28 -73.70 354.00 291.00 38.50 0.10
0.00 13100.24
163.80 -59.06 -59.24 -74.24 359.04 301.76 43.18 0.10
0.00 13616.60
149.80 -60.96 -61.11 -74.84 365.05 313.55 38.05 0.10
0.00 14174.02
135.90 -62.46 -62.60 -75.48 372.70 307.53 20.09 0.10
0.00 14776.73
121.90 -63.06 -63.20 -76.19 383.36 282.13 24.05 0.00
0.00 15446.27
108.00 -62.26 -9999.00 -9999.00 -9999.00 288.11 21.87 0.00
0.00 16192.22
94.00 -61.86 -9999.00 -9999.00 -9999.00 300.96 11.32 0.00
0.00 17050.08
81.00 -60.66 -9999.00 -9999.00 -9999.00 285.95 7.07 0.00
0.00 17973.26
70.60 -59.66 -9999.00 -9999.00 -9999.00 39.81 1.52 0.00
0.00 18830.00
62.20 -59.86 -9999.00 -9999.00 -9999.00 57.53 5.07 0.00
0.00 19621.25
54.30 -58.06 -9999.00 -9999.00 -9999.00 71.90 10.63 0.00
0.00 20472.86
46.90 -56.96 -9999.00 -9999.00 -9999.00 71.05 13.75 0.00
0.00 21397.62
40.10 -54.86 -9999.00 -9999.00 -9999.00 69.29 17.04 0.00
0.00 22393.69
33.80 -52.16 -9999.00 -9999.00 -9999.00 80.79 21.83 0.00
0.00 23492.53
27.80 -51.66 -9999.00 -9999.00 -9999.00 86.26 20.82 0.00
0.00 24758.11
22.30 -50.06 -9999.00 -9999.00 -9999.00 79.47 22.32 0.00
0.00 26192.51
17.10 -46.46 -9999.00 -9999.00 -9999.00 72.37 21.81 0.00
0.00 27940.31
12.30 -42.26 -9999.00 -9999.00 -9999.00 71.91 30.65 0.00
0.00 30146.84

STID = KMDW STNM = 725340 TIME = 200808/0800 
SLAT = 41.78 SLON = -87.75 SELV = 183.0
STIM = 19

SHOW = 5.54 LIFT = 4.69 SWET = 107.14 KINX = 22.22
LCLP = 949.97 PWAT = 26.66 TOTL = 39.19 CAPE = 0.00
LCLT = 288.96 CINS = 0.00 EQLV = -9999.00 LFCT = -9999.00
BRCH = 0.00

PRES TMPC TMWC DWPC THTE DRCT SKNT OMEG
CFRL HGHT
997.20 19.84 17.73 16.57 327.67 180.00 3.50 0.00
0.00 192.52
994.20 20.94 17.34 15.34 326.73 193.54 10.78 0.00
0.00 218.59
988.80 22.74 17.10 13.86 326.54 197.27 15.05 -0.10
0.00 265.92
979.30 23.74 16.81 12.73 326.77 200.10 16.96 -0.10
0.00 350.17
965.40 23.14 16.42 12.43 327.31 193.85 14.61 -0.10
0.00 474.99
947.50 21.84 15.75 12.10 327.54 184.61 12.08 -0.20
0.00 637.87
926.10 20.24 14.60 11.09 326.71 174.81 10.72 -0.20
0.00 835.69
902.80 18.54 12.95 9.19 324.66 167.91 11.13 -0.20
0.00 1055.02
877.50 16.84 11.19 7.05 322.78 166.70 10.98 -0.20
0.00 1298.12
849.30 15.44 10.54 6.99 324.87 176.05 5.65 -0.10
0.00 1575.95
818.10 14.64 9.72 6.11 326.99 258.69 2.97 -0.10
0.00 1893.08
783.90 12.94 7.79 3.67 326.47 275.71 5.85 0.00
0.00 2253.23
746.80 10.24 5.70 1.79 326.35 273.07 10.90 0.10
0.00 2658.83
706.80 7.04 3.08 -0.71 325.70 273.22 17.31 0.20
0.00 3114.41
663.90 4.24 -1.43 -9.09 321.37 279.98 21.31 0.20
0.00 3626.65
618.10 1.74 -5.69 -22.08 319.13 287.90 19.60 0.10
0.00 4205.13
569.90 -1.26 -9.01 -36.73 320.39 288.43 12.28 0.00
0.00 4855.11
523.20 -5.66 -12.32 -42.17 322.59 265.76 10.51 0.00
0.00 5530.14
481.10 -10.66 -15.94 -41.96 324.32 257.66 12.72 0.10
0.00 6180.91
443.50 -14.86 -19.31 -48.17 326.29 269.23 14.37 0.10
0.00 6801.22
409.60 -18.96 -21.68 -33.05 330.24 286.34 11.73 0.00
0.00 7397.76
378.80 -23.36 -24.26 -27.41 333.60 301.37 9.32 0.00
0.00 7974.66
351.20 -27.16 -28.66 -37.39 333.44 313.42 14.98 -0.10
0.00 8523.85
326.40 -30.66 -32.02 -42.78 335.00 301.89 20.59 -0.10
0.00 9047.52
303.90 -34.66 -35.09 -38.16 337.03 282.35 27.23 -0.10
1.00 9550.43
283.80 -38.36 -38.69 -41.66 337.90 278.04 33.35 -0.10
7.00 10024.54
265.70 -42.36 -42.52 -44.35 338.18 273.35 36.58 -0.10
100.00 10473.69
248.80 -45.46 -45.71 -49.96 339.49 271.57 35.37 0.00
100.00 10914.73
233.60 -47.86 -48.24 -58.63 341.60 273.60 34.05 0.00
31.00 11332.69
219.60 -49.76 -50.17 -67.41 344.58 273.37 36.38 0.00
0.00 11738.54
205.70 -52.36 -52.70 -72.71 346.95 275.45 38.83 0.00
0.00 12163.63
191.70 -54.76 -55.03 -73.19 350.16 281.83 37.90 0.10
0.00 12616.70
177.80 -56.66 -56.89 -73.70 354.65 293.20 38.46 0.10
0.00 13095.80
163.80 -58.86 -9999.00 -9999.00 -9999.00 301.64 39.24 0.10
0.00 13612.87
149.80 -60.56 -60.72 -74.84 365.74 313.32 32.85 0.00
0.00 14171.08
135.90 -62.16 -62.30 -75.48 373.23 286.76 16.84 0.00
0.00 14774.79
121.90 -64.06 -64.18 -76.19 381.54 279.39 25.00 -0.10
0.00 15443.21
108.00 -63.66 -9999.00 -9999.00 -9999.00 290.56 23.23 0.00
0.00 16184.91
94.00 -62.66 -9999.00 -9999.00 -9999.00 301.29 11.60 0.00
0.00 17038.30
81.00 -60.96 -9999.00 -9999.00 -9999.00 278.33 8.04 0.00
0.00 17959.09
70.60 -59.66 -9999.00 -9999.00 -9999.00 330.26 1.57 0.00
0.00 18815.23
62.20 -59.06 -9999.00 -9999.00 -9999.00 33.23 6.74 0.00
0.00 19607.95
54.30 -57.06 -9999.00 -9999.00 -9999.00 63.43 13.03 0.00
0.00 20463.14
46.90 -56.96 -9999.00 -9999.00 -9999.00 62.47 15.56 0.00
0.00 21390.04
40.10 -55.26 -9999.00 -9999.00 -9999.00 59.93 17.06 0.00
0.00 22385.20
33.80 -52.66 -9999.00 -9999.00 -9999.00 83.01 20.75 0.00
0.00 23481.79
27.80 -52.16 -9999.00 -9999.00 -9999.00 83.11 17.81 0.00
0.00 24744.50
22.30 -49.06 -9999.00 -9999.00 -9999.00 73.05 21.33 0.00
0.00 26180.52
17.10 -45.66 -9999.00 -9999.00 -9999.00 65.32 23.74 0.00
0.00 27935.31
12.30 -42.36 -9999.00 -9999.00 -9999.00 70.58 28.63 0.00
0.00 30145.21

STID = KMDW STNM = 725340 TIME = 200808/0900 
SLAT = 41.78 SLON = -87.75 SELV = 183.0
STIM = 20

SHOW = 5.85 LIFT = 5.37 SWET = 109.84 KINX = 22.74
LCLP = 953.35 PWAT = 26.65 TOTL = 38.71 CAPE = 0.00
LCLT = 288.64 CINS = 0.00 EQLV = -9999.00 LFCT = -9999.00
BRCH = 0.00

PRES TMPC TMWC DWPC THTE DRCT SKNT OMEG
CFRL HGHT
997.40 19.24 17.29 16.20 326.16 188.97 3.73 0.00
0.00 192.50
994.40 20.54 17.10 15.16 325.88 202.75 13.05 0.00
0.00 218.52
988.90 22.34 16.98 13.89 326.13 204.10 16.18 0.00
0.00 266.65
979.50 23.44 16.69 12.68 326.32 206.03 18.59 0.00
0.00 349.90
965.60 22.94 16.19 12.12 326.50 196.31 16.59 0.00
0.00 474.58
947.70 21.74 15.45 11.59 326.49 186.34 14.06 0.00
0.00 637.32
926.30 20.24 14.08 10.08 324.98 176.73 13.62 0.00
0.00 835.01
903.00 18.64 12.33 7.84 322.67 173.25 14.86 0.00
0.00 1054.24
877.70 16.74 10.77 6.24 321.50 174.45 14.04 -0.10
0.00 1297.21
849.50 15.24 10.38 6.82 324.36 180.00 8.35 0.00
0.00 1574.79
818.30 14.54 9.62 5.99 326.66 220.60 3.57 0.00
0.00 1891.66
784.10 13.14 7.59 3.03 325.83 257.28 6.18 0.00
0.00 2251.75
747.00 10.54 5.51 1.06 325.77 265.16 11.50 0.00
0.00 2657.53
707.00 7.34 3.42 -0.24 326.57 270.61 18.26 0.10
0.00 3113.45
664.00 3.74 -0.07 -4.30 324.77 282.09 22.24 0.20
0.00 3626.81
618.20 1.44 -5.49 -19.55 319.63 293.43 19.06 0.20
0.00 4204.64
570.00 -1.36 -9.05 -36.39 320.29 297.41 11.81 0.00
0.00 4854.09
523.20 -5.66 -12.31 -41.66 322.63 265.24 9.36 -0.10
0.00 5530.39
481.20 -10.56 -15.92 -43.48 324.31 255.12 12.86 -0.10
0.00 6179.66
443.50 -14.76 -19.31 -52.10 326.26 264.52 14.24 0.00
0.00 6801.78
409.60 -18.86 -21.51 -32.20 330.55 272.82 11.87 0.10
0.00 7398.56
378.90 -23.26 -24.26 -27.82 333.57 289.18 9.46 0.10
2.00 7973.74
351.20 -27.16 -29.01 -42.10 332.80 306.25 14.45 0.10
0.00 8524.93
326.40 -30.96 -31.80 -37.04 335.42 292.09 21.17 0.00
0.00 9048.28
303.90 -35.16 -35.39 -36.97 336.54 278.88 25.17 0.00
100.00 9550.39
283.80 -39.16 -39.33 -40.87 336.86 280.73 30.24 0.00
100.00 10023.21
265.70 -42.96 -43.16 -45.77 337.15 276.95 32.09 0.00
100.00 10471.01
248.80 -45.46 -45.86 -53.96 339.25 272.06 32.46 0.00
25.00 10911.46
233.60 -47.56 -48.03 -63.98 341.93 271.28 34.77 0.00
0.00 11329.68
219.60 -49.76 -50.19 -72.27 344.53 273.33 36.77 0.00
0.00 11735.80
205.70 -52.36 -52.68 -67.88 346.99 273.58 37.37 0.10
0.00 12160.89
191.70 -54.36 -54.65 -73.19 350.80 279.37 38.19 0.10
0.00 12614.38
177.70 -56.36 -56.60 -73.70 355.20 289.67 36.93 0.10
0.00 13097.83
163.80 -58.56 -9999.00 -9999.00 -9999.00 296.01 35.88 0.00
0.00 13612.07
149.80 -60.86 -61.02 -74.84 365.22 308.60 30.83 0.00
0.00 14170.28
135.90 -62.56 -9999.00 -9999.00 -9999.00 281.43 17.64 -0.10
0.00 14772.99
121.90 -65.16 -65.26 -76.19 379.53 271.82 24.49 -0.10
0.00 15439.02
108.00 -64.86 -64.98 -76.97 393.46 294.06 23.83 0.00
0.00 16176.65
94.00 -62.96 -9999.00 -9999.00 -9999.00 307.21 13.17 0.00
0.00 17026.99
81.00 -61.16 -9999.00 -9999.00 -9999.00 292.52 8.62 0.00
0.00 17946.69
70.60 -60.06 -9999.00 -9999.00 -9999.00 8.13 4.12 0.00
0.00 18801.62
62.20 -59.16 -9999.00 -9999.00 -9999.00 36.12 8.90 0.00
0.00 19593.42
54.30 -57.26 -9999.00 -9999.00 -9999.00 69.73 13.46 0.00
0.00 20448.01
46.90 -56.76 -9999.00 -9999.00 -9999.00 64.80 14.61 0.00
0.00 21374.92
40.10 -54.86 -9999.00 -9999.00 -9999.00 66.48 18.01 0.00
0.00 22371.45
33.80 -52.86 -9999.00 -9999.00 -9999.00 88.32 19.81 0.00
0.00 23468.54
27.80 -50.66 -9999.00 -9999.00 -9999.00 83.25 18.18 0.00
0.00 24734.97
22.30 -47.46 -9999.00 -9999.00 -9999.00 77.01 23.33 0.00
0.00 26180.99
17.10 -44.46 -9999.00 -9999.00 -9999.00 67.62 25.00 0.00
0.00 27946.67
12.30 -41.86 -9999.00 -9999.00 -9999.00 70.99 30.40 0.00
0.00 30164.76

STID = KMDW STNM = 725340 TIME = 200808/1000 
SLAT = 41.78 SLON = -87.75 SELV = 183.0
STIM = 21

SHOW = 5.88 LIFT = 6.38 SWET = 110.98 KINX = 22.25
LCLP = 956.20 PWAT = 26.30 TOTL = 38.67 CAPE = 0.00
LCLT = 288.45 CINS = 0.00 EQLV = -9999.00 LFCT = -9999.00
BRCH = 0.00

PRES TMPC TMWC DWPC THTE DRCT SKNT OMEG
CFRL HGHT
997.90 18.84 17.01 15.97 325.15 194.74 3.81 0.00
0.00 191.62
994.90 20.14 16.87 15.00 325.03 203.09 12.88 0.00
0.00 217.58
989.40 21.94 16.80 13.81 325.46 204.10 16.18 0.00
0.00 265.62
980.00 23.14 16.57 12.66 325.88 206.83 18.94 0.00
0.00 348.74
966.00 22.74 15.97 11.83 325.72 199.23 17.70 0.00
0.00 474.14
948.10 21.64 14.95 10.69 324.79 189.01 16.12 -0.10
0.00 636.70
926.70 20.34 13.15 8.06 321.92 180.69 16.12 -0.10
0.00 834.20
903.40 18.84 11.33 5.44 319.56 176.05 16.94 -0.10
0.00 1053.30
878.20 16.84 10.33 5.17 320.12 180.74 14.96 -0.10
0.00 1295.20
849.90 15.24 10.36 6.78 324.24 192.01 9.34 -0.10
0.00 1573.62
818.70 14.54 9.60 5.94 326.53 221.19 6.20 -0.10
0.00 1890.34
784.50 12.94 7.47 2.95 325.44 242.78 7.65 -0.10
0.00 2250.11
747.40 10.54 5.35 0.68 325.26 258.49 10.70 0.00
0.00 2655.51
707.30 7.94 3.48 -0.73 326.66 274.45 17.54 0.10
0.00 3112.80
664.30 3.64 1.04 -1.53 327.54 283.68 23.00 0.20
0.00 3626.51
618.40 1.14 -5.09 -16.35 320.58 293.70 17.40 0.10
0.00 4205.19
570.10 -1.36 -8.97 -34.84 320.46 300.02 10.10 0.00
0.00 4855.57
523.40 -5.76 -12.35 -41.16 322.51 260.75 8.47 0.00
0.00 5530.11
481.30 -10.46 -15.82 -42.44 324.49 251.83 13.09 0.10
0.00 6180.75
443.60 -14.46 -19.04 -49.01 326.73 261.03 14.94 0.20
0.00 6803.22
409.70 -18.66 -21.42 -32.70 330.68 260.41 13.99 0.10
0.00 7400.44
378.90 -23.06 -24.51 -30.25 333.10 277.39 10.59 0.00
0.00 7977.84
351.30 -27.06 -28.80 -40.18 333.14 292.56 13.68 -0.10
0.00 8527.26
326.40 -31.46 -32.05 -35.54 335.02 280.59 21.15 -0.10
9.00 9052.24
304.00 -35.46 -35.65 -36.97 336.09 279.22 23.02 -0.10
100.00 9551.22
283.80 -39.56 -39.71 -41.13 336.24 284.48 24.07 0.00
100.00 10025.61
265.70 -43.16 -43.49 -48.34 336.62 275.31 27.31 0.00
47.00 10472.82
248.80 -45.16 -45.72 -61.32 339.44 270.69 32.05 0.00
0.00 10913.35
233.60 -47.46 -47.96 -66.97 342.03 270.95 34.97 0.00
0.00 11331.93
219.60 -49.56 -49.98 -67.41 344.89 270.31 36.32 0.00
0.00 11738.32
205.70 -52.06 -52.39 -67.88 347.46 271.18 37.68 0.00
0.00 12163.89
191.70 -54.16 -54.45 -73.19 351.12 278.37 38.68 0.10
0.00 12617.90
177.70 -55.66 -55.92 -73.70 356.35 284.79 35.76 0.00
0.00 13102.35
163.80 -58.06 -9999.00 -9999.00 -9999.00 292.90 33.95 0.00
0.00 13618.02
149.80 -60.86 -9999.00 -9999.00 -9999.00 303.38 30.01 -0.10
0.00 14176.88
135.90 -63.16 -9999.00 -9999.00 -9999.00 284.89 18.90 -0.10
0.00 14778.73
121.90 -65.76 -65.85 -76.19 378.44 278.55 26.13 0.00
0.00 15442.86
108.00 -65.16 -65.28 -76.97 392.89 296.57 25.62 0.00
0.00 16178.89
94.00 -62.96 -9999.00 -9999.00 -9999.00 303.02 13.91 0.00
0.00 17028.62
81.00 -61.26 -9999.00 -9999.00 -9999.00 294.86 8.78 0.00
0.00 17948.10
70.60 -60.36 -9999.00 -9999.00 -9999.00 360.00 4.27 0.00
0.00 18802.23
62.20 -59.46 -9999.00 -9999.00 -9999.00 48.01 7.85 0.00
0.00 19592.92
54.30 -58.06 -9999.00 -9999.00 -9999.00 77.85 12.92 0.00
0.00 20445.32
46.90 -56.56 -9999.00 -9999.00 -9999.00 67.54 15.77 0.00
0.00 21370.94
40.10 -54.96 -9999.00 -9999.00 -9999.00 76.46 21.58 0.00
0.00 22367.70
33.80 -53.36 -9999.00 -9999.00 -9999.00 84.11 18.94 0.00
0.00 23463.29
27.80 -50.16 -9999.00 -9999.00 -9999.00 85.05 20.28 0.00
0.00 24729.72
22.30 -48.06 -9999.00 -9999.00 -9999.00 80.76 24.20 0.00
0.00 26175.42
17.10 -45.16 -9999.00 -9999.00 -9999.00 67.04 24.90 0.00
0.00 27936.04
12.30 -41.76 -9999.00 -9999.00 -9999.00 71.11 31.20 0.00
0.00 30151.25
STN YYMMDD/HHMM PMSL PRES SKTC STC1 SNFL WTNS
P01M C01M STC2 LCLD MCLD HCLD
SNRA UWND VWND R01M BFGR T2MS
Q2MS WXTS WXTP WXTZ WXTR USTM
VSTM HLCY SLLH WSYM CDBP VSBK
TD2M
725340 200807/1300 1021.30 999.70 20.04 293.20 -9999.00 0.00
-9999.00 -9999.00 292.70 0.00 0.00 0.00
-9999.00 -0.10 0.50 -9999.00 -9999.00 18.54
12.02 0.00 0.00 0.00 0.00 -3.70
-7.80 -3.00 -9999.00 999.00 -9999.00 20.00
16.59
725340 200807/1400 1021.00 999.50 23.44 296.60 0.00 100.00
0.00 0.00 295.90 0.00 0.00 0.00
-9999.00 -0.40 0.30 -9999.00 -9999.00 20.84
12.96 0.00 0.00 0.00 0.00 -3.00
-8.00 -2.40 -9999.00 999.00 -9999.00 20.00
17.76
725340 200807/1500 1021.00 999.50 26.24 299.40 0.00 100.00
0.00 0.00 298.40 2.00 0.00 0.00
-9999.00 -1.20 0.10 -9999.00 -9999.00 22.64
12.82 0.00 0.00 0.00 0.00 -2.00
-8.50 -5.20 -9999.00 999.00 -9999.00 20.00
17.59
725340 200807/1600 1021.20 999.80 31.14 304.30 0.00 100.00
0.00 0.00 302.50 7.00 0.00 0.00
-9999.00 -2.10 0.10 -9999.00 -9999.00 24.64
11.09 0.00 0.00 0.00 0.00 -1.60
-8.50 -7.00 -9999.00 999.00 -9999.00 20.00
15.36
725340 200807/1700 1021.10 999.70 35.64 308.80 0.00 100.00
0.00 0.00 306.90 8.00 0.00 0.00
-9999.00 -2.80 0.00 -9999.00 -9999.00 26.24
9.73 0.00 0.00 0.00 0.00 -1.30
-8.60 -4.10 -9999.00 999.00 -9999.00 20.00
13.37
725340 200807/1800 1020.60 999.30 37.24 310.40 0.00 100.00
0.00 0.00 308.80 5.00 0.00 0.00
-9999.00 -3.60 0.30 -9999.00 -9999.00 27.04
9.02 0.00 0.00 0.00 0.00 -1.60
-8.10 13.60 -9999.00 999.00 -9999.00 20.00
12.22
725340 200807/1900 1020.90 999.60 37.94 311.10 0.00 100.00
0.00 0.00 309.70 0.00 1.00 0.00
-9999.00 -3.60 0.30 -9999.00 -9999.00 27.74
8.53 0.00 0.00 0.00 0.00 -1.90
-7.40 30.10 -9999.00 999.00 -9999.00 20.00
11.39
725340 200807/2000 1019.80 998.50 37.84 311.00 0.00 100.00
0.00 0.00 309.90 4.00 8.00 0.00
-9999.00 -3.30 0.20 -9999.00 -9999.00 28.24
8.14 0.00 0.00 0.00 0.00 -1.70
-6.90 35.20 -9999.00 999.00 -9999.00 20.00
10.68
725340 200807/2100 1018.70 997.40 36.64 309.80 0.00 100.00
0.00 0.00 309.10 8.00 0.00 0.00
-9999.00 -3.10 0.30 -9999.00 -9999.00 28.44
7.90 0.00 0.00 0.00 0.00 -2.30
-6.10 37.60 -9999.00 999.00 -9999.00 20.00
10.22
725340 200807/2200 1018.80 997.50 34.64 307.80 0.00 100.00
0.00 0.00 307.50 10.00 0.00 0.00
-9999.00 -3.00 0.60 -9999.00 -9999.00 28.44
7.92 0.00 0.00 0.00 0.00 -2.40
-5.80 37.40 -9999.00 999.00 -9999.00 20.00
10.26
725340 200807/2300 1019.50 998.20 32.14 305.30 0.00 100.00
0.00 0.00 305.50 9.00 100.00 0.00
-9999.00 -3.20 0.80 -9999.00 -9999.00 28.24
8.06 0.00 0.00 0.00 0.00 -1.80
-6.10 36.00 -9999.00 999.00 -9999.00 20.00
10.53
725340 200808/0000 1019.70 998.40 28.94 302.10 0.00 100.00
0.00 0.00 302.60 1.00 100.00 0.00
-9999.00 -2.70 1.00 -9999.00 -9999.00 27.34
8.38 0.00 0.00 0.00 0.00 -1.60
-6.30 41.40 -9999.00 999.00 -9999.00 20.00
11.11
725340 200808/0100 1019.20 997.90 25.24 298.40 0.00 100.00
0.00 0.00 299.20 0.00 34.00 0.00
-9999.00 -2.20 1.00 -9999.00 -9999.00 25.44
9.30 0.00 0.00 0.00 0.00 -2.70
-5.50 37.10 -9999.00 999.00 -9999.00 20.00
12.66
725340 200808/0200 1019.70 998.30 23.24 296.40 0.00 100.00
0.00 0.00 297.10 0.00 0.00 0.00
-9999.00 -1.50 1.00 -9999.00 -9999.00 23.64
10.74 0.00 0.00 0.00 0.00 -3.60
-3.90 20.10 -9999.00 999.00 -9999.00 20.00
14.85
725340 200808/0300 1020.20 998.80 21.84 295.00 0.00 100.00
0.00 0.00 295.70 0.00 100.00 0.00
-9999.00 -1.50 1.20 -9999.00 -9999.00 22.34
12.00 0.00 0.00 0.00 0.00 -3.60
-3.80 17.50 -9999.00 999.00 -9999.00 20.00
16.55
725340 200808/0400 1020.80 999.30 20.74 293.90 0.00 100.00
0.00 0.00 294.50 0.00 100.00 0.00
-9999.00 -1.60 1.30 -9999.00 -9999.00 21.34
12.70 0.00 0.00 0.00 0.00 -3.10
-4.20 26.80 -9999.00 999.00 -9999.00 20.00
17.44
725340 200808/0500 1020.00 998.50 19.84 293.00 0.00 100.00
0.00 0.00 293.60 0.00 100.00 0.00
-9999.00 -1.70 1.40 -9999.00 -9999.00 20.54
12.86 0.00 0.00 0.00 0.00 -2.80
-4.10 32.00 -9999.00 999.00 -9999.00 20.00
17.62
725340 200808/0600 1020.00 998.50 19.34 292.50 0.00 100.00
0.00 0.00 292.90 0.00 100.00 0.00
-9999.00 -1.50 1.50 -9999.00 -9999.00 19.94
12.83 0.00 0.00 0.00 0.00 -1.70
-4.40 22.40 -9999.00 999.00 -9999.00 20.00
17.58
725340 200808/0700 1020.20 998.70 18.84 292.00 0.00 100.00
0.00 0.00 292.40 0.00 100.00 0.00
-9999.00 -1.30 1.60 -9999.00 -9999.00 19.44
12.66 0.00 0.00 0.00 0.00 -0.70
-4.70 14.70 -9999.00 999.00 -9999.00 20.00
17.38
725340 200808/0800 1019.80 998.30 18.34 291.50 0.00 100.00
0.00 0.00 291.90 0.00 100.00 0.00
-9999.00 0.00 1.90 -9999.00 -9999.00 18.94
12.43 0.00 0.00 0.00 0.00 -1.20
-3.80 -3.80 -9999.00 999.00 -9999.00 20.00
17.09
725340 200808/0900 1020.00 998.50 17.84 291.00 0.00 100.00
0.00 0.00 291.40 0.00 100.00 0.00
-9999.00 0.60 2.00 -9999.00 -9999.00 18.44
12.06 0.00 0.00 0.00 0.00 -1.50
-2.80 2.10 -9999.00 999.00 -9999.00 20.00
16.63
725340 200808/1000 1020.50 998.90 17.44 290.60 0.00 100.00
0.00 0.00 291.00 0.00 100.00 0.00
-9999.00 0.80 2.00 -9999.00 -9999.00 18.04
11.82 0.00 0.00 0.00 0.00 -1.50
-2.40 17.40 -9999.00 999.00 -9999.00 20.00
16.32


