
SNPARM = PRES;TMPC;TMWC;DWPC;THTE;DRCT;SKNT;OMEG;CFRL;HGHT 
STNPRM = SHOW;LIFT;SWET;KINX;LCLP;PWAT;TOTL;CAPE;LCLT;CINS;EQLV;LFCT;BRCH 

STID = KMDW STNM = 725340 TIME = 200807/1900 
SLAT = 41.78 SLON = -87.75 SELV = 183.0
STIM = 0

SHOW = 6.16 LIFT = 4.45 SWET = 122.77 KINX = 14.14
LCLP = 836.40 PWAT = 22.74 TOTL = 37.86 CAPE = 0.00
LCLT = 284.16 CINS = 0.00 EQLV = -9999.00 LFCT = -9999.00
BRCH = 0.00

PRES TMPC TMWC DWPC THTE DRCT SKNT OMEG
CFRL HGHT
998.30 25.74 18.05 13.71 328.46 75.96 5.61 0.00
0.00 190.93
995.20 24.94 17.76 13.68 327.89 78.69 6.93 -0.10
0.00 218.27
989.80 24.44 17.54 13.60 327.85 79.29 7.32 -0.10
0.00 265.99
980.30 23.54 16.98 13.17 327.23 81.25 7.67 -0.10
0.00 350.37
966.30 22.04 16.07 12.49 326.06 88.60 7.96 -0.10
0.00 475.70
948.40 20.24 15.09 11.92 325.28 98.53 7.85 -0.10
0.00 637.68
927.00 18.44 14.30 11.73 325.67 117.90 7.48 0.10
0.00 834.18
903.60 16.54 13.42 11.46 326.13 142.82 7.07 0.30
0.00 1052.93
878.30 14.44 12.00 10.38 325.23 163.61 6.88 0.60
0.00 1294.20
850.00 12.04 9.87 8.29 322.86 197.93 6.93 0.60
8.00 1570.19
818.70 10.14 6.71 3.74 318.48 242.74 7.21 0.50
15.00 1883.69
784.60 9.94 2.46 -7.49 312.28 291.04 5.42 0.10
0.00 2237.31
747.50 9.04 1.57 -8.49 315.40 331.50 7.73 -0.10
0.00 2638.73
707.40 6.84 0.66 -7.13 319.37 317.23 10.59 -0.10
0.00 3093.21
664.50 5.24 -2.24 -14.61 319.17 300.17 9.65 0.10
0.00 3605.26
618.60 0.84 -6.54 -24.95 317.21 292.01 9.85 0.20
0.00 4184.39
570.30 -0.96 -9.00 -41.89 320.24 288.43 6.14 0.10
0.00 4834.44
523.50 -5.86 -12.16 -35.41 322.96 300.26 8.10 0.10
0.00 5510.62
481.40 -11.16 -16.15 -39.08 323.90 297.51 10.51 0.10
0.00 6160.19
443.60 -15.96 -19.94 -42.72 325.22 291.60 10.02 0.10
0.00 6781.66
409.70 -20.06 -23.31 -46.10 327.20 277.77 8.62 0.10
0.00 7375.43
378.90 -24.26 -26.76 -46.81 329.04 273.65 9.15 0.20
0.00 7949.66
351.30 -28.66 -30.55 -49.46 330.16 287.82 11.42 0.20
0.00 8495.84
326.40 -32.86 -34.30 -53.56 331.22 296.57 15.21 0.20
0.00 9017.48
304.00 -36.86 -37.92 -55.26 332.35 306.36 17.37 0.30
0.00 9513.40
283.80 -40.16 -41.00 -58.54 334.12 316.20 19.64 0.30
0.00 9985.67
265.70 -42.96 -43.66 -63.01 336.30 316.89 25.02 0.20
0.00 10432.43
248.80 -45.66 -46.21 -63.51 338.65 318.28 33.57 0.20
0.00 10872.65
233.60 -48.16 -48.60 -63.98 341.02 329.62 45.71 0.20
0.00 11290.12
219.60 -51.06 -51.36 -62.27 342.66 337.79 60.64 0.20
0.00 11694.53
205.70 -54.56 -54.72 -61.06 343.67 340.45 66.16 0.10
0.00 12116.27
191.70 -57.16 -57.28 -63.30 346.44 339.06 60.31 0.10
3.00 12564.61
177.80 -57.86 -58.03 -68.92 352.74 325.08 47.84 0.00
0.00 13039.75
163.80 -58.06 -58.27 -74.24 360.72 312.24 39.88 0.00
0.00 13556.34
149.80 -59.56 -9999.00 -9999.00 -9999.00 308.66 39.80 0.00
0.00 14116.90
135.90 -60.76 -9999.00 -9999.00 -9999.00 311.22 35.37 0.00
0.00 14724.03
121.90 -60.96 -9999.00 -9999.00 -9999.00 310.74 25.89 0.00
0.00 15399.61
108.00 -60.66 -9999.00 -9999.00 -9999.00 296.29 18.41 0.00
0.00 16152.12
94.00 -59.76 -9999.00 -9999.00 -9999.00 296.57 13.46 0.00
0.00 17017.49
81.00 -58.66 -9999.00 -9999.00 -9999.00 303.69 2.10 0.00
0.00 17949.61
70.60 -58.66 -9999.00 -9999.00 -9999.00 70.56 3.50 0.00
0.00 18812.38
62.20 -57.26 -9999.00 -9999.00 -9999.00 82.30 7.25 0.00
0.00 19610.30
54.30 -56.26 -9999.00 -9999.00 -9999.00 105.26 11.07 0.00
0.00 20470.66
46.90 -56.56 -9999.00 -9999.00 -9999.00 108.43 9.83 0.00
0.00 21400.14
40.10 -55.86 -9999.00 -9999.00 -9999.00 85.39 12.08 0.00
0.00 22394.83
33.80 -54.26 -9999.00 -9999.00 -9999.00 93.90 17.13 0.00
0.00 23485.92
27.80 -52.06 -9999.00 -9999.00 -9999.00 95.59 17.95 0.00
0.00 24744.34
22.30 -48.86 -9999.00 -9999.00 -9999.00 93.43 19.46 0.00
0.00 26181.33
17.10 -45.16 -9999.00 -9999.00 -9999.00 94.18 23.95 0.00
0.00 27938.84
12.30 -40.96 -9999.00 -9999.00 -9999.00 90.33 33.99 0.00
0.00 30157.90

STID = KMDW STNM = 725340 TIME = 200807/2000 
SLAT = 41.78 SLON = -87.75 SELV = 183.0
STIM = 1

SHOW = 5.11 LIFT = 4.13 SWET = 135.76 KINX = 14.87
LCLP = 824.11 PWAT = 23.80 TOTL = 39.33 CAPE = 0.00
LCLT = 283.58 CINS = 0.00 EQLV = -9999.00 LFCT = -9999.00
BRCH = 0.00

PRES TMPC TMWC DWPC THTE DRCT SKNT OMEG
CFRL HGHT
997.60 26.34 18.06 13.34 328.53 90.00 5.63 0.00
0.00 191.83
994.60 25.44 17.68 13.20 327.63 93.27 6.82 -0.10
0.00 218.35
989.10 24.84 17.36 13.00 327.28 96.01 7.42 -0.20
0.00 267.05
979.60 23.94 16.93 12.81 327.10 98.53 7.85 -0.30
0.00 351.59
965.70 22.74 16.35 12.56 327.05 103.71 8.20 -0.40
0.00 476.33
947.80 21.14 15.53 12.15 326.79 114.10 8.08 -0.40
0.00 638.87
926.40 19.34 14.54 11.58 326.51 132.88 7.42 -0.30
0.00 836.10
903.00 17.34 13.42 10.93 326.18 156.80 7.40 0.00
0.00 1055.60
877.70 15.14 12.14 10.16 325.74 180.00 8.16 0.40
0.00 1297.64
849.40 12.74 10.50 8.93 324.80 201.80 9.42 0.70
0.00 1574.51
818.20 10.44 8.08 6.25 322.31 227.23 10.59 0.70
15.00 1887.92
784.00 9.04 4.40 -0.26 317.33 263.93 9.19 0.50
4.00 2242.78
747.00 8.74 1.78 -7.14 316.04 327.99 7.32 0.20
0.00 2642.84
707.00 7.24 0.80 -7.34 319.73 323.13 9.71 0.20
0.00 3096.58
664.10 5.44 -2.40 -15.99 318.81 298.07 9.91 0.20
0.00 3609.44
618.30 1.14 -6.41 -25.37 317.51 289.13 10.08 0.10
0.00 4188.10
570.10 -0.86 -8.87 -39.43 320.57 283.63 6.60 0.00
0.00 4837.56
523.30 -5.86 -12.15 -35.14 323.03 295.97 8.43 -0.10
0.00 5514.13
481.20 -11.26 -16.24 -39.45 323.78 296.57 10.43 0.00
0.00 6163.83
443.50 -15.86 -19.87 -42.73 325.37 289.09 10.68 0.00
0.00 6783.85
409.60 -19.96 -23.23 -46.11 327.35 273.12 10.70 0.10
0.00 7378.00
378.90 -24.16 -26.72 -48.09 329.09 271.85 12.04 0.10
0.00 7950.66
351.20 -28.56 -30.49 -50.22 330.29 284.62 13.85 0.20
0.00 8499.11
326.40 -32.66 -34.15 -54.67 331.45 293.20 16.28 0.20
0.00 9019.05
304.00 -36.46 -37.58 -56.52 332.87 299.12 17.56 0.20
0.00 9515.60
283.80 -39.76 -40.66 -60.30 334.66 304.00 20.14 0.10
0.00 9988.66
265.70 -42.46 -43.20 -63.01 337.03 309.11 26.79 0.10
0.00 10436.29
248.80 -44.66 -45.26 -61.32 340.18 327.28 38.09 0.10
0.00 10877.95
233.60 -46.96 -47.39 -58.63 342.97 341.16 60.76 0.20
0.00 11297.46
219.60 -50.56 -50.85 -60.55 343.48 340.89 68.26 0.20
0.00 11703.41
205.70 -54.26 -54.45 -62.77 344.10 342.21 65.48 0.20
0.00 12125.92
191.70 -57.16 -57.31 -65.45 346.40 341.05 60.99 0.10
3.00 12574.57
177.80 -58.46 -58.61 -68.92 351.75 329.19 49.30 0.00
0.00 13049.04
163.80 -58.36 -9999.00 -9999.00 -9999.00 313.73 43.28 0.00
0.00 13564.55
149.80 -60.06 -9999.00 -9999.00 -9999.00 311.50 40.46 0.00
0.00 14124.06
135.90 -60.66 -9999.00 -9999.00 -9999.00 313.11 33.26 0.00
0.00 14730.62
121.90 -60.56 -9999.00 -9999.00 -9999.00 307.41 24.94 0.00
0.00 15407.00
108.00 -60.26 -9999.00 -9999.00 -9999.00 292.23 19.52 0.00
0.00 16160.92
94.00 -59.56 -9999.00 -9999.00 -9999.00 292.87 13.50 0.00
0.00 17027.51
81.00 -59.06 -9999.00 -9999.00 -9999.00 254.05 2.84 0.00
0.00 17959.20
70.60 -59.36 -9999.00 -9999.00 -9999.00 90.00 1.55 0.00
0.00 18819.76
62.20 -58.06 -9999.00 -9999.00 -9999.00 97.13 6.25 0.00
0.00 19614.89
54.30 -57.36 -9999.00 -9999.00 -9999.00 120.41 10.35 0.00
0.00 20471.47
46.90 -57.46 -9999.00 -9999.00 -9999.00 95.08 8.78 0.00
0.00 21396.67
40.10 -56.16 -9999.00 -9999.00 -9999.00 80.13 13.60 0.00
0.00 22388.61
33.80 -54.16 -9999.00 -9999.00 -9999.00 94.46 15.00 0.00
0.00 23479.20
27.80 -51.46 -9999.00 -9999.00 -9999.00 90.75 14.76 0.00
0.00 24739.62
22.30 -48.76 -9999.00 -9999.00 -9999.00 86.42 15.58 0.00
0.00 26178.87
17.10 -45.16 -9999.00 -9999.00 -9999.00 84.45 20.10 0.00
0.00 27936.77
12.30 -40.66 -9999.00 -9999.00 -9999.00 90.34 32.44 0.00
0.00 30157.28

STID = KMDW STNM = 725340 TIME = 200807/2100 
SLAT = 41.78 SLON = -87.75 SELV = 183.0
STIM = 2

SHOW = 4.15 LIFT = 3.85 SWET = 142.41 KINX = 14.87
LCLP = 817.53 PWAT = 24.95 TOTL = 40.65 CAPE = 0.00
LCLT = 283.33 CINS = 0.00 EQLV = -9999.00 LFCT = -9999.00
BRCH = 0.00

PRES TMPC TMWC DWPC THTE DRCT SKNT OMEG
CFRL HGHT
997.40 26.74 18.12 13.20 328.75 98.43 5.30 0.00
0.00 191.85
994.40 25.94 17.79 13.09 328.02 100.30 6.51 -0.10
0.00 218.41
988.90 25.34 17.44 12.84 327.57 102.87 6.97 -0.20
0.00 267.20
979.50 24.44 17.02 12.66 327.41 106.56 7.50 -0.50
0.00 350.99
965.50 23.24 16.43 12.38 327.32 112.83 8.00 -0.70
0.00 476.86
947.60 21.74 15.64 11.95 327.14 124.88 7.81 -0.80
0.00 639.72
926.30 20.04 14.74 11.48 327.15 143.43 7.50 -0.80
0.00 836.49
902.90 18.04 13.70 10.98 327.09 165.26 7.63 -0.50
0.00 1056.54
877.60 15.84 12.54 10.42 327.02 184.18 7.98 -0.20
0.00 1299.20
849.30 13.34 11.09 9.58 326.62 205.46 9.03 0.20
0.00 1576.78
818.00 10.64 9.25 8.24 325.70 220.97 9.77 0.40
13.00 1891.82
783.80 8.74 6.33 4.34 322.52 257.09 9.56 0.50
18.00 2247.03
746.80 8.74 2.19 -5.74 317.10 320.83 6.76 0.30
0.00 2647.24
706.80 7.64 0.75 -8.20 319.60 328.13 8.47 0.20
0.00 3101.45
664.00 5.64 -2.55 -17.45 318.44 290.17 10.14 0.20
0.00 3613.72
618.20 1.24 -6.33 -25.10 317.70 285.64 10.08 0.10
0.00 4192.76
570.00 -1.06 -8.84 -35.74 320.72 279.46 7.09 0.00
0.00 4842.23
523.20 -5.96 -12.21 -35.14 322.93 294.10 8.08 0.00
0.00 5518.56
481.10 -11.26 -16.22 -39.09 323.84 298.52 10.18 0.10
0.00 6168.28
443.40 -15.76 -19.80 -42.73 325.52 289.38 11.11 0.20
0.00 6788.55
409.60 -19.76 -23.10 -46.73 327.57 275.36 12.49 0.20
0.00 7381.36
378.80 -23.96 -26.59 -48.80 329.34 277.13 14.10 0.20
0.00 7956.42
351.20 -28.26 -30.28 -51.95 330.61 286.63 15.62 0.20
0.00 8503.51
326.40 -32.16 -33.75 -55.94 332.10 291.12 18.32 0.20
0.00 9024.30
303.90 -35.86 -37.08 -57.99 333.70 292.78 21.08 0.20
0.00 9524.29
283.80 -39.06 -40.05 -62.51 335.62 297.74 25.47 0.10
0.00 9996.39
265.70 -41.36 -42.19 -63.01 338.64 312.77 31.76 0.10
0.00 10445.75
248.80 -43.66 -44.31 -59.58 341.72 333.98 45.61 0.20
0.00 10889.44
233.60 -46.46 -46.88 -56.32 343.81 339.36 63.93 0.20
0.00 11310.34
219.60 -50.26 -50.57 -60.55 343.94 335.75 58.16 0.20
0.00 11717.01
205.70 -53.76 -53.97 -62.77 344.88 337.12 59.46 0.10
0.00 12140.29
191.70 -56.96 -57.11 -65.45 346.72 332.28 55.96 0.10
0.00 12589.65
177.70 -58.66 -58.81 -68.92 351.48 323.17 52.18 0.00
0.00 13067.67
163.80 -59.66 -59.83 -74.24 358.03 314.20 49.32 0.00
0.00 13577.87
149.80 -60.76 -9999.00 -9999.00 -9999.00 311.36 41.16 0.00
0.00 14134.76
135.90 -60.86 -61.03 -75.48 375.53 309.81 33.37 0.00
0.00 14740.04
121.90 -60.86 -9999.00 -9999.00 -9999.00 305.03 25.39 0.00
0.00 15415.62
108.00 -60.36 -9999.00 -9999.00 -9999.00 289.29 20.57 0.00
0.00 16168.83
94.00 -59.76 -9999.00 -9999.00 -9999.00 293.10 14.36 0.00
0.00 17034.82
81.00 -59.86 -9999.00 -9999.00 -9999.00 272.73 4.08 0.00
0.00 17964.32
70.60 -60.06 -9999.00 -9999.00 -9999.00 8.13 1.38 0.00
0.00 18821.87
62.20 -58.86 -9999.00 -9999.00 -9999.00 100.62 6.33 0.00
0.00 19614.22
54.30 -58.86 -9999.00 -9999.00 -9999.00 123.34 8.84 0.00
0.00 20466.23
46.90 -58.76 -9999.00 -9999.00 -9999.00 78.93 9.11 0.00
0.00 21385.42
40.10 -57.26 -9999.00 -9999.00 -9999.00 78.98 15.23 0.00
0.00 22371.86
33.80 -54.76 -9999.00 -9999.00 -9999.00 88.53 15.15 0.00
0.00 23458.20
27.80 -51.26 -9999.00 -9999.00 -9999.00 81.77 16.30 0.00
0.00 24717.48
22.30 -48.06 -9999.00 -9999.00 -9999.00 71.35 16.39 0.00
0.00 26159.63
17.10 -43.46 -9999.00 -9999.00 -9999.00 74.45 19.56 0.00
0.00 27926.86
12.30 -39.86 -9999.00 -9999.00 -9999.00 87.12 27.04 0.00
0.00 30159.42

STID = KMDW STNM = 725340 TIME = 200807/2200 
SLAT = 41.78 SLON = -87.75 SELV = 183.0
STIM = 3

SHOW = 3.72 LIFT = 3.67 SWET = 145.96 KINX = 13.82
LCLP = 816.64 PWAT = 25.13 TOTL = 41.20 CAPE = 0.00
LCLT = 283.34 CINS = 0.00 EQLV = -9999.00 LFCT = -9999.00
BRCH = 0.00

PRES TMPC TMWC DWPC THTE DRCT SKNT OMEG
CFRL HGHT
997.30 26.84 18.17 13.23 328.93 109.18 4.74 0.00
0.00 191.85
994.30 26.24 17.90 13.12 328.42 111.80 6.27 -0.10
0.00 218.43
988.80 25.64 17.54 12.84 327.92 113.63 6.78 -0.30
0.00 267.27
979.40 24.74 17.10 12.63 327.71 117.90 7.48 -0.50
0.00 351.17
965.50 23.64 16.53 12.32 327.66 122.91 7.87 -0.80
0.00 476.28
947.50 22.24 15.80 11.93 327.69 136.01 7.83 -0.90
0.00 640.31
926.20 20.44 14.91 11.53 327.71 153.43 7.81 -0.90
0.00 837.40
902.80 18.44 13.90 11.07 327.73 171.47 7.85 -0.70
0.00 1057.78
877.50 16.14 12.74 10.57 327.65 185.44 8.20 -0.30
0.00 1300.77
849.20 13.64 11.41 9.93 327.61 205.41 8.61 0.10
0.00 1578.70
817.90 10.84 9.71 8.91 327.09 220.46 8.68 0.50
18.00 1894.12
783.70 9.24 6.65 4.53 323.38 265.82 7.98 0.60
26.00 2249.85
746.70 9.14 2.26 -6.14 317.26 325.30 6.14 0.40
1.00 2650.76
706.80 8.24 0.69 -9.54 319.38 320.19 7.60 0.30
0.00 3104.62
663.90 5.64 -2.56 -17.53 318.42 280.49 10.66 0.20
0.00 3618.62
618.10 1.44 -6.23 -25.24 317.92 284.57 10.04 0.20
0.00 4197.96
569.90 -0.96 -8.60 -32.50 321.29 281.00 7.13 0.10
0.00 4847.92
523.20 -5.96 -12.18 -34.61 323.00 293.03 8.45 0.10
0.00 5523.02
481.10 -11.16 -16.16 -39.09 323.96 297.05 10.26 0.10
0.00 6172.86
443.40 -15.66 -19.72 -42.73 325.65 287.30 12.41 0.10
0.00 6793.37
409.50 -19.66 -23.03 -46.73 327.73 279.58 15.17 0.00
0.00 7388.24
378.80 -23.86 -26.53 -49.56 329.43 283.24 16.96 0.00
0.00 7961.73
351.20 -28.06 -30.14 -52.94 330.84 289.01 18.49 0.00
0.00 8509.15
326.40 -31.86 -33.49 -55.94 332.51 293.13 21.76 0.00
0.00 9030.48
303.90 -35.36 -36.66 -59.76 334.36 296.57 25.62 0.00
0.00 9531.30
283.80 -37.96 -39.04 -60.30 337.24 305.89 29.49 0.00
0.00 10005.00
265.70 -39.76 -40.67 -57.61 341.10 326.78 39.01 0.10
0.00 10456.97
248.80 -42.76 -43.38 -54.84 343.23 334.87 52.14 0.20
0.00 10903.07
233.60 -46.66 -47.09 -57.40 343.47 331.66 53.19 0.20
0.00 11324.62
219.60 -49.86 -50.16 -59.12 344.60 322.39 54.43 0.20
0.00 11731.47
205.70 -53.26 -53.46 -61.06 345.71 317.59 54.72 0.10
0.00 12155.62
191.70 -56.86 -56.96 -61.60 346.97 318.03 54.60 0.10
0.00 12605.61
177.70 -59.36 -59.47 -66.00 350.38 311.38 54.37 0.00
0.00 13082.96
163.80 -60.66 -60.78 -69.50 356.40 308.47 54.33 0.00
0.00 13591.13
149.80 -61.26 -61.41 -74.84 364.54 311.97 41.53 0.00
0.00 14146.07
135.90 -61.16 -61.33 -75.48 375.00 306.19 35.86 0.00
0.00 14750.21
121.90 -60.96 -9999.00 -9999.00 -9999.00 302.88 26.83 0.00
0.00 15425.15
108.00 -60.96 -9999.00 -9999.00 -9999.00 288.76 21.74 0.00
0.00 16177.13
94.00 -60.26 -9999.00 -9999.00 -9999.00 296.92 14.16 0.00
0.00 17040.88
81.00 -60.26 -9999.00 -9999.00 -9999.00 281.89 3.77 0.00
0.00 17968.42
70.60 -59.86 -9999.00 -9999.00 -9999.00 26.57 1.30 0.00
0.00 18825.57
62.20 -58.96 -9999.00 -9999.00 -9999.00 108.43 6.76 0.00
0.00 19618.10
54.30 -58.86 -9999.00 -9999.00 -9999.00 102.53 5.38 0.00
0.00 20469.91
46.90 -57.56 -9999.00 -9999.00 -9999.00 62.97 10.68 0.00
0.00 21391.67
40.10 -55.96 -9999.00 -9999.00 -9999.00 83.57 13.87 0.00
0.00 22383.85
33.80 -53.56 -9999.00 -9999.00 -9999.00 85.46 12.28 0.00
0.00 23476.44
27.80 -50.66 -9999.00 -9999.00 -9999.00 80.19 15.97 0.00
0.00 24740.87
22.30 -47.76 -9999.00 -9999.00 -9999.00 69.38 19.31 0.00
0.00 26185.92
17.10 -42.96 -9999.00 -9999.00 -9999.00 74.58 23.37 0.00
0.00 27956.26
12.30 -39.96 -9999.00 -9999.00 -9999.00 84.38 25.76 0.00
0.00 30190.75

STID = KMDW STNM = 725340 TIME = 200807/2300 
SLAT = 41.78 SLON = -87.75 SELV = 183.0
STIM = 4

SHOW = 3.95 LIFT = 3.71 SWET = 140.84 KINX = 14.22
LCLP = 817.08 PWAT = 24.38 TOTL = 40.88 CAPE = 0.00
LCLT = 283.42 CINS = 0.00 EQLV = -9999.00 LFCT = -9999.00
BRCH = 0.00

PRES TMPC TMWC DWPC THTE DRCT SKNT OMEG
CFRL HGHT
996.80 26.84 18.20 13.30 329.12 119.74 4.70 0.00
0.00 192.74
993.80 26.24 17.92 13.16 328.56 120.65 6.10 -0.10
0.00 219.34
988.30 25.74 17.58 12.85 328.12 123.23 6.74 -0.20
0.00 268.21
978.90 24.94 17.17 12.62 327.98 126.57 7.50 -0.50
0.00 352.19
965.00 23.84 16.58 12.28 327.88 131.05 7.98 -0.70
0.00 477.45
947.10 22.44 15.87 11.93 327.97 142.85 8.04 -0.80
0.00 640.75
925.70 20.64 14.97 11.52 327.99 157.93 7.75 -0.70
0.00 839.00
902.40 18.64 13.97 11.07 328.01 171.25 7.67 -0.40
0.00 1058.70
877.10 16.34 12.81 10.56 327.92 184.40 7.60 0.00
0.00 1301.97
848.80 13.84 11.34 9.68 327.46 197.45 7.13 0.40
0.00 1580.20
817.60 11.74 9.22 7.39 325.66 237.80 6.20 0.70
18.00 1895.25
783.40 10.74 5.82 1.33 321.09 275.36 6.24 0.60
13.00 2252.39
746.40 10.14 2.20 -8.13 317.02 310.03 6.33 0.20
0.00 2655.01
706.50 8.34 0.75 -9.49 319.57 296.08 10.16 -0.10
0.00 3109.87
663.70 5.04 -2.29 -14.30 319.21 278.58 10.41 -0.10
0.00 3622.48
618.00 1.54 -6.07 -24.31 318.28 285.26 8.86 0.10
0.00 4200.25
569.80 -0.76 -8.35 -30.56 321.86 287.35 6.51 0.20
0.00 4850.72
523.10 -5.86 -12.13 -34.87 323.11 296.57 8.68 0.20
0.00 5526.33
481.00 -10.96 -16.02 -39.09 324.23 296.11 11.03 0.20
0.00 6176.67
443.40 -15.46 -19.58 -42.73 325.90 289.60 15.05 0.10
0.00 6796.08
409.50 -19.66 -23.03 -46.73 327.73 287.70 19.17 0.10
0.00 7391.18
378.80 -23.96 -26.59 -48.80 329.34 292.00 20.75 0.00
0.00 7964.55
351.20 -28.06 -30.12 -51.95 330.88 294.74 21.81 0.00
0.00 8511.87
326.30 -31.86 -33.47 -54.68 332.58 296.97 24.84 0.00
0.00 9035.38
303.90 -35.26 -36.55 -57.99 334.55 296.93 27.45 0.00
0.00 9534.16
283.80 -37.36 -38.48 -58.54 338.14 317.49 28.46 0.00
0.00 10008.57
265.70 -39.06 -39.98 -54.29 342.25 339.39 45.24 0.10
0.00 10461.80
248.80 -42.86 -43.55 -58.13 342.95 325.65 42.35 0.10
0.00 10908.47
233.60 -46.26 -46.72 -57.40 344.07 315.82 48.21 0.00
0.00 11330.29
219.60 -49.76 -50.07 -59.12 344.76 312.47 49.77 -0.10
0.00 11737.60
205.70 -52.86 -53.10 -62.77 346.30 304.56 53.07 -0.20
0.00 12162.22
191.70 -56.46 -56.60 -63.30 347.57 306.43 50.70 -0.20
6.00 12613.03
177.80 -60.46 -60.52 -63.87 348.57 307.58 46.81 -0.10
80.00 13086.08
163.80 -61.46 -61.54 -66.60 355.11 300.47 53.63 0.00
0.00 13595.48
149.80 -61.06 -61.18 -70.13 364.93 310.41 49.75 0.00
0.00 14149.63
135.90 -61.96 -62.11 -75.48 373.58 311.13 34.56 0.00
0.00 14752.92
121.90 -61.56 -9999.00 -9999.00 -9999.00 306.79 27.89 0.00
0.00 15425.63
108.00 -61.06 -9999.00 -9999.00 -9999.00 293.20 19.23 0.00
0.00 16176.37
94.00 -60.26 -9999.00 -9999.00 -9999.00 299.51 11.83 0.00
0.00 17039.92
81.00 -60.16 -9999.00 -9999.00 -9999.00 274.76 2.33 0.00
0.00 17967.68
70.60 -59.46 -9999.00 -9999.00 -9999.00 21.80 1.05 0.00
0.00 18825.83
62.20 -58.96 -9999.00 -9999.00 -9999.00 110.85 4.37 0.00
0.00 19619.11
54.30 -58.26 -9999.00 -9999.00 -9999.00 48.81 4.14 0.00
0.00 20472.11
46.90 -56.36 -9999.00 -9999.00 -9999.00 60.26 10.96 0.00
0.00 21397.73
40.10 -55.16 -9999.00 -9999.00 -9999.00 89.01 11.27 0.00
0.00 22394.49
33.80 -53.66 -9999.00 -9999.00 -9999.00 78.27 10.51 0.00
0.00 23488.83
27.80 -51.56 -9999.00 -9999.00 -9999.00 75.78 15.03 0.00
0.00 24750.40
22.30 -48.86 -9999.00 -9999.00 -9999.00 70.06 21.08 0.00
0.00 26189.00
17.10 -44.66 -9999.00 -9999.00 -9999.00 76.94 27.53 0.00
0.00 27948.45
12.30 -41.26 -9999.00 -9999.00 -9999.00 81.05 28.71 0.00
0.00 30168.48

STID = KMDW STNM = 725340 TIME = 200808/0000 
SLAT = 41.78 SLON = -87.75 SELV = 183.0
STIM = 5

SHOW = 4.62 LIFT = 3.86 SWET = 125.73 KINX = 17.28
LCLP = 824.87 PWAT = 24.32 TOTL = 40.10 CAPE = 0.00
LCLT = 283.80 CINS = 0.00 EQLV = -9999.00 LFCT = -9999.00
BRCH = 0.00

PRES TMPC TMWC DWPC THTE DRCT SKNT OMEG
CFRL HGHT
997.00 26.44 18.19 13.54 329.09 116.57 4.35 0.00
0.00 191.84
994.00 26.04 17.95 13.35 328.66 120.96 5.67 -0.10
0.00 218.41
988.50 25.54 17.61 13.04 328.21 125.13 6.41 -0.20
0.00 267.25
979.00 24.84 17.15 12.66 327.92 127.18 7.07 -0.40
0.00 352.06
965.10 23.84 16.59 12.31 327.92 132.88 7.42 -0.60
0.00 477.29
947.20 22.44 15.87 11.93 327.95 145.49 7.54 -0.60
0.00 640.58
925.90 20.74 14.99 11.49 328.02 161.08 7.19 -0.50
0.00 837.90
902.50 18.64 13.93 11.00 327.87 172.09 7.05 -0.20
0.00 1058.54
877.20 16.34 12.72 10.41 327.64 181.68 6.60 0.10
0.00 1301.77
848.90 14.24 11.00 8.79 326.38 203.75 5.30 0.50
0.00 1580.11
817.70 12.64 8.85 5.98 324.53 245.77 4.25 0.60
0.00 1895.72
783.60 12.04 5.60 -0.67 320.38 290.56 4.97 0.40
0.00 2252.97
746.60 10.64 2.74 -7.02 318.33 304.02 9.38 0.10
0.00 2656.70
706.70 7.44 1.11 -6.62 320.56 297.65 13.81 0.10
0.00 3111.25
663.80 4.34 -2.07 -11.69 319.81 281.31 9.91 0.20
0.00 3623.64
618.00 1.64 -5.96 -23.80 318.53 276.01 7.42 0.20
0.00 4202.09
569.80 -0.56 -8.19 -29.98 322.20 274.24 5.26 0.10
0.00 4852.93
523.10 -5.66 -12.02 -35.14 323.31 285.95 7.07 0.00
0.00 5529.05
481.00 -10.86 -15.95 -39.09 324.35 289.80 10.31 0.00
0.00 6179.75
443.40 -15.26 -19.44 -42.73 326.15 292.57 16.20 0.00
0.00 6799.52
409.50 -19.56 -22.95 -46.73 327.85 295.37 20.86 0.00
0.00 7394.97
378.80 -23.86 -26.53 -49.56 329.43 295.87 21.37 0.00
0.00 7968.57
351.20 -27.66 -29.81 -52.94 331.38 299.01 22.44 0.00
0.00 8516.43
326.30 -31.06 -32.77 -53.56 333.73 301.16 29.27 0.10
0.00 9041.23
303.90 -34.26 -35.55 -51.47 336.20 301.87 35.68 0.10
0.00 9541.90
283.80 -37.36 -38.46 -57.08 338.18 312.22 28.32 0.10
0.00 10017.32
265.70 -39.56 -40.45 -55.27 341.48 333.30 36.75 0.10
0.00 10470.07
248.80 -43.46 -44.03 -54.84 342.19 320.73 34.38 0.10
0.00 10915.69
233.60 -47.36 -47.67 -54.49 342.53 310.95 44.76 0.10
0.00 11335.95
219.60 -49.46 -49.81 -60.55 345.18 299.67 52.99 0.00
0.00 11742.53
205.70 -52.26 -52.55 -64.93 347.19 306.87 49.53 -0.10
0.00 12168.01
191.70 -55.56 -55.73 -63.30 349.01 305.89 40.75 -0.10
0.00 12620.37
177.70 -59.46 -59.54 -63.87 350.26 297.94 39.80 0.00
71.00 13099.06
163.80 -62.06 -62.12 -66.60 354.10 293.50 48.72 0.00
24.00 13605.44
149.80 -61.86 -61.97 -70.13 363.55 304.46 48.06 0.00
0.00 14157.77
135.90 -61.76 -9999.00 -9999.00 -9999.00 314.07 33.80 0.00
0.00 14760.20
121.90 -61.96 -9999.00 -9999.00 -9999.00 307.23 24.40 0.00
0.00 15432.59
108.00 -60.96 -9999.00 -9999.00 -9999.00 290.28 19.06 0.00
0.00 16182.79
94.00 -60.76 -9999.00 -9999.00 -9999.00 300.26 10.80 0.00
0.00 17045.53
81.00 -60.46 -9999.00 -9999.00 -9999.00 256.76 3.40 0.00
0.00 17971.55
70.60 -59.86 -9999.00 -9999.00 -9999.00 262.88 1.57 0.00
0.00 18828.29
62.20 -59.46 -9999.00 -9999.00 -9999.00 135.00 2.47 0.00
0.00 19619.90
54.30 -58.46 -9999.00 -9999.00 -9999.00 55.18 5.44 0.00
0.00 20471.51
46.90 -56.56 -9999.00 -9999.00 -9999.00 73.71 13.15 0.00
0.00 21396.27
40.10 -54.96 -9999.00 -9999.00 -9999.00 81.74 12.16 0.00
0.00 22393.03
33.80 -52.86 -9999.00 -9999.00 -9999.00 63.07 13.73 0.00
0.00 23489.87
27.80 -50.66 -9999.00 -9999.00 -9999.00 60.82 17.13 0.00
0.00 24756.30
22.30 -47.96 -9999.00 -9999.00 -9999.00 64.95 22.94 0.00
0.00 26200.71
17.10 -44.46 -9999.00 -9999.00 -9999.00 81.28 29.49 0.00
0.00 27964.44
12.30 -41.26 -9999.00 -9999.00 -9999.00 89.23 28.75 0.00
0.00 30185.43

STID = KMDW STNM = 725340 TIME = 200808/0100 
SLAT = 41.78 SLON = -87.75 SELV = 183.0
STIM = 6

SHOW = 5.01 LIFT = 3.71 SWET = 112.35 KINX = 18.60
LCLP = 850.89 PWAT = 24.34 TOTL = 39.93 CAPE = 0.00
LCLT = 285.16 CINS = 0.00 EQLV = -9999.00 LFCT = -9999.00
BRCH = 0.00

PRES TMPC TMWC DWPC THTE DRCT SKNT OMEG
CFRL HGHT
997.30 25.24 18.28 14.45 329.45 117.90 3.73 0.00
0.00 191.81
994.30 25.04 18.07 14.20 329.11 121.61 5.92 -0.10
0.00 218.28
988.80 24.84 17.61 13.49 328.22 126.25 7.23 -0.10
0.00 266.97
979.30 24.54 17.08 12.71 327.64 133.09 8.24 -0.30
0.00 351.63
965.40 23.74 16.56 12.30 327.75 141.55 8.43 -0.40
0.00 476.74
947.50 22.44 15.87 11.93 327.91 153.43 8.26 -0.40
0.00 639.94
926.20 20.64 14.95 11.48 327.85 163.86 7.69 -0.30
0.00 837.17
902.80 18.54 13.85 10.91 327.56 170.54 7.09 -0.10
0.00 1057.66
877.50 16.44 12.46 9.85 326.74 178.15 6.02 0.10
0.00 1300.78
849.20 14.74 10.63 7.72 325.19 198.43 4.29 0.30
0.00 1579.23
818.00 13.54 8.48 4.43 323.36 252.90 2.64 0.20
0.00 1895.37
783.90 12.74 5.86 -0.81 320.99 309.81 6.06 0.00
0.00 2253.40
746.80 10.84 4.02 -3.16 321.68 315.00 12.08 0.00
0.00 2658.85
706.80 7.24 1.85 -4.09 322.46 305.80 14.61 0.30
0.00 3114.68
663.90 4.84 -2.54 -15.02 318.60 277.72 11.56 0.40
0.00 3627.30
618.20 2.24 -5.73 -24.83 318.93 267.88 10.49 0.20
0.00 4205.39
570.00 -0.66 -8.22 -29.60 322.12 265.91 8.18 0.00
0.00 4856.58
523.20 -5.76 -12.07 -34.87 323.21 276.20 8.99 -0.20
0.00 5533.72
481.10 -11.16 -16.09 -37.74 324.11 285.68 11.50 -0.10
0.00 6183.82
443.40 -15.66 -19.71 -42.27 325.68 297.82 15.81 -0.10
0.00 6804.34
409.50 -19.76 -23.14 -48.11 327.52 302.07 19.02 0.00
0.00 7399.09
378.80 -23.76 -26.49 -51.30 329.49 298.26 20.51 0.10
0.00 7972.57
351.20 -27.26 -29.46 -51.95 331.96 300.19 24.73 0.20
0.00 8520.98
326.40 -30.26 -31.69 -42.78 335.56 303.87 34.15 0.20
0.00 9044.92
303.90 -33.26 -34.51 -46.66 337.93 304.03 36.09 0.20
0.00 9549.66
283.80 -36.96 -38.08 -55.82 338.80 309.47 29.95 0.20
0.00 10026.50
265.70 -40.06 -40.80 -51.87 340.92 324.71 30.94 0.20
0.00 10479.16
248.80 -43.96 -44.35 -50.52 341.69 306.05 37.96 0.20
0.00 10923.83
233.60 -46.86 -47.23 -55.36 343.25 291.48 50.93 0.20
0.00 11344.10
219.60 -49.86 -50.21 -62.27 344.52 295.20 51.09 0.10
0.00 11750.77
205.70 -53.36 -53.56 -61.06 345.55 310.63 45.05 0.10
0.00 12174.81
191.70 -55.56 -55.73 -63.30 349.01 300.47 42.15 0.00
0.00 12626.04
177.70 -58.56 -58.69 -66.00 351.69 293.58 41.76 0.00
33.00 13105.73
163.80 -61.66 -61.76 -69.50 354.73 294.01 44.87 0.00
4.00 13613.66
149.80 -62.66 -62.75 -70.13 362.18 302.47 45.59 0.00
0.00 14165.46
135.90 -61.66 -61.81 -75.48 374.11 315.49 32.15 0.00
0.00 14766.89
121.90 -62.36 -9999.00 -9999.00 -9999.00 303.69 23.12 -0.10
0.00 15438.81
108.00 -61.76 -9999.00 -9999.00 -9999.00 287.53 19.35 0.00
0.00 16186.89
94.00 -61.36 -9999.00 -9999.00 -9999.00 292.69 11.58 0.00
0.00 17046.78
81.00 -61.26 -9999.00 -9999.00 -9999.00 255.96 7.21 0.00
0.00 17969.75
70.60 -60.56 -9999.00 -9999.00 -9999.00 266.42 3.11 0.00
0.00 18823.47
62.20 -59.46 -9999.00 -9999.00 -9999.00 111.04 2.70 0.00
0.00 19613.79
54.30 -57.96 -9999.00 -9999.00 -9999.00 66.61 7.83 0.00
0.00 20466.39
46.90 -56.36 -9999.00 -9999.00 -9999.00 79.78 12.04 0.00
0.00 21392.65
40.10 -54.86 -9999.00 -9999.00 -9999.00 58.84 9.75 0.00
0.00 22390.10
33.80 -52.76 -9999.00 -9999.00 -9999.00 41.99 15.68 0.00
0.00 23487.44
27.80 -50.26 -9999.00 -9999.00 -9999.00 45.37 21.29 0.00
0.00 24755.30
22.30 -47.26 -9999.00 -9999.00 -9999.00 63.43 27.80 0.00
0.00 26203.26
17.10 -44.26 -9999.00 -9999.00 -9999.00 85.01 29.06 0.00
0.00 27970.49
12.30 -40.86 -9999.00 -9999.00 -9999.00 91.82 24.49 0.00
0.00 30194.37

STID = KMDW STNM = 725340 TIME = 200808/0200 
SLAT = 41.78 SLON = -87.75 SELV = 183.0
STIM = 7

SHOW = 5.30 LIFT = 3.76 SWET = 107.84 KINX = 18.69
LCLP = 884.94 PWAT = 25.14 TOTL = 39.58 CAPE = 0.00
LCLT = 287.02 CINS = 0.00 EQLV = -9999.00 LFCT = -9999.00
BRCH = 0.00

PRES TMPC TMWC DWPC THTE DRCT SKNT OMEG
CFRL HGHT
997.30 23.84 18.54 15.73 330.46 125.54 3.34 0.00
0.00 191.77
994.30 24.04 18.27 15.16 329.89 130.82 5.65 0.00
0.00 218.15
988.70 24.34 17.52 13.63 327.93 139.24 7.44 -0.10
0.00 267.62
979.30 24.34 16.98 12.66 327.32 152.85 8.51 -0.30
0.00 351.29
965.40 23.54 16.48 12.28 327.49 165.07 9.05 -0.40
0.00 476.31
947.50 22.14 15.79 11.97 327.65 173.52 8.61 -0.40
0.00 639.38
926.10 20.34 14.86 11.51 327.57 175.71 7.79 -0.40
0.00 837.34
902.80 18.34 13.78 10.93 327.36 175.10 6.82 -0.20
0.00 1056.71
877.40 16.34 12.32 9.66 326.31 174.64 6.24 0.00
0.00 1300.68
849.20 14.64 10.41 7.36 324.52 190.30 4.35 0.20
0.00 1578.04
818.00 13.44 8.59 4.76 323.69 246.04 1.90 0.20
0.00 1894.07
783.80 12.44 6.31 0.71 322.28 316.40 5.63 0.20
0.00 2252.99
746.80 10.44 4.97 -0.12 324.31 322.13 11.07 0.30
0.00 2657.07
706.80 7.14 2.12 -3.22 323.17 307.21 13.17 0.40
0.00 3112.67
663.90 5.04 -2.79 -16.97 317.96 282.03 12.12 0.40
0.00 3625.39
618.10 2.34 -5.80 -26.10 318.76 266.93 10.90 0.10
0.00 4205.04
569.90 -0.66 -8.28 -30.36 321.99 261.87 8.24 -0.10
0.00 4856.43
523.20 -5.76 -12.12 -35.70 323.10 271.30 8.55 -0.20
0.00 5532.17
481.10 -11.26 -16.16 -37.74 323.99 284.04 11.21 0.00
0.00 6182.14
443.40 -15.76 -19.81 -43.21 325.48 297.22 15.29 0.00
0.00 6802.41
409.60 -19.86 -23.23 -48.88 327.33 299.98 17.48 0.10
0.00 7395.10
378.80 -23.66 -26.39 -50.39 329.66 303.52 18.65 0.10
0.00 7970.38
351.20 -26.76 -28.13 -35.34 334.35 308.94 24.73 0.20
0.00 8519.54
326.40 -28.86 -29.79 -34.53 338.85 300.68 33.88 0.20
0.00 9045.64
303.90 -32.06 -33.30 -43.11 339.98 295.73 35.80 0.30
0.00 9553.17
283.80 -36.66 -37.68 -50.62 339.48 307.42 28.13 0.30
0.00 10031.53
265.70 -40.16 -40.78 -48.85 340.97 305.45 29.80 0.30
0.00 10484.39
248.80 -44.06 -44.32 -47.99 341.74 289.92 42.77 0.20
0.00 10928.89
233.60 -47.26 -47.51 -52.28 342.81 284.31 49.51 0.10
0.00 11348.71
219.60 -49.96 -50.28 -60.55 344.40 291.18 50.00 0.10
0.00 11754.93
205.70 -53.16 -53.44 -67.88 345.73 303.28 45.32 0.00
0.00 12179.07
191.70 -56.46 -56.63 -65.45 347.52 298.25 41.45 0.00
0.00 12629.57
177.70 -58.96 -59.08 -66.00 351.04 291.90 41.67 0.00
0.00 13107.81
163.80 -60.86 -60.95 -66.60 356.11 292.92 46.39 0.00
0.00 13616.22
149.80 -62.36 -62.46 -70.13 362.69 306.01 41.30 0.00
0.00 14169.46
135.90 -62.76 -62.89 -75.48 372.17 312.77 31.76 0.00
0.00 14769.75
121.90 -62.86 -9999.00 -9999.00 -9999.00 301.53 20.05 0.00
0.00 15439.13
108.00 -62.26 -9999.00 -9999.00 -9999.00 281.53 19.42 0.00
0.00 16185.43
94.00 -61.86 -9999.00 -9999.00 -9999.00 286.44 12.35 0.00
0.00 17043.29
81.00 -61.66 -9999.00 -9999.00 -9999.00 260.75 8.47 0.00
0.00 17964.30
70.60 -60.46 -9999.00 -9999.00 -9999.00 300.47 3.83 0.00
0.00 18817.42
62.20 -59.26 -9999.00 -9999.00 -9999.00 45.00 2.74 0.00
0.00 19608.29
54.30 -57.76 -9999.00 -9999.00 -9999.00 43.09 8.24 0.00
0.00 20461.69
46.90 -56.56 -9999.00 -9999.00 -9999.00 63.43 9.98 0.00
0.00 21387.95
40.10 -55.46 -9999.00 -9999.00 -9999.00 46.30 12.08 0.00
0.00 22383.56
33.80 -53.66 -9999.00 -9999.00 -9999.00 48.65 19.41 0.00
0.00 23477.16
27.80 -50.96 -9999.00 -9999.00 -9999.00 56.07 25.76 0.00
0.00 24740.44
22.30 -47.96 -9999.00 -9999.00 -9999.00 72.38 30.17 0.00
0.00 26183.88
17.10 -43.66 -9999.00 -9999.00 -9999.00 83.47 25.62 0.00
0.00 27950.72
12.30 -40.16 -9999.00 -9999.00 -9999.00 78.45 27.16 0.00
0.00 30180.87

STID = KMDW STNM = 725340 TIME = 200808/0300 
SLAT = 41.78 SLON = -87.75 SELV = 183.0
STIM = 8

SHOW = 5.60 LIFT = 3.95 SWET = 106.40 KINX = 19.39
LCLP = 909.11 PWAT = 25.83 TOTL = 39.11 CAPE = 0.00
LCLT = 288.25 CINS = 0.00 EQLV = -9999.00 LFCT = -9999.00
BRCH = 0.00

PRES TMPC TMWC DWPC THTE DRCT SKNT OMEG
CFRL HGHT
997.40 22.84 18.70 16.56 331.09 135.00 3.03 0.00
0.00 192.62
994.40 23.44 18.27 15.50 329.90 149.04 5.67 0.00
0.00 218.93
988.90 24.14 17.45 13.63 327.68 164.25 7.87 -0.10
0.00 267.44
979.50 24.14 16.92 12.66 327.07 180.00 9.52 -0.30
0.00 351.04
965.60 23.34 16.39 12.25 327.19 189.82 10.26 -0.40
0.00 475.96
947.70 21.94 15.69 11.92 327.30 191.77 9.52 -0.50
0.00 638.88
926.30 20.14 14.75 11.43 327.17 187.13 7.83 -0.50
0.00 836.66
902.90 18.24 13.73 10.90 327.18 173.48 6.84 -0.40
0.00 1056.82
877.60 16.14 12.34 9.85 326.38 165.58 7.01 -0.30
0.00 1299.66
849.30 14.44 10.24 7.19 324.02 177.80 5.05 -0.20
0.00 1577.77
818.10 13.34 8.67 5.02 323.92 246.04 1.90 -0.20
0.00 1893.60
784.00 12.54 6.84 1.88 323.72 312.40 6.04 -0.10
0.00 2251.47
746.90 10.14 5.70 1.88 326.33 315.76 10.30 0.00
0.00 2656.57
706.90 7.04 2.47 -2.19 324.07 306.87 12.63 0.20
0.00 3111.94
664.00 4.94 -2.64 -15.85 318.32 292.62 12.63 0.30
0.00 3624.47
618.20 2.44 -5.97 -28.74 318.31 276.01 11.13 0.10
0.00 4204.03
570.00 -0.86 -8.53 -32.27 321.42 260.54 8.28 0.00
0.00 4855.15
523.20 -5.76 -12.23 -37.92 322.84 261.67 8.04 0.10
0.00 5531.99
481.20 -11.16 -16.14 -38.73 323.98 278.75 10.22 0.20
0.00 6180.45
443.50 -15.46 -19.69 -46.01 325.65 291.52 14.82 0.30
0.00 6801.06
409.60 -19.66 -23.14 -51.64 327.46 294.29 17.48 0.20
0.00 7396.00
378.90 -23.56 -25.99 -41.74 330.39 300.86 18.55 0.10
0.00 7969.69
351.20 -26.76 -27.69 -31.85 335.15 311.40 24.09 0.00
0.00 8520.94
326.40 -28.46 -29.69 -36.45 339.00 299.79 29.33 0.00
0.00 9047.49
303.90 -31.86 -32.85 -39.49 340.76 291.48 32.36 0.00
0.00 9555.65
283.80 -36.36 -37.08 -43.75 340.50 287.46 32.38 -0.10
0.00 10034.55
265.70 -40.56 -40.91 -44.69 340.78 286.91 34.71 -0.20
1.00 10487.36
248.80 -44.06 -44.34 -48.45 341.70 281.37 39.43 -0.20
100.00 10931.48
233.60 -47.66 -47.88 -52.28 342.20 281.41 42.21 -0.10
11.00 11350.93
219.60 -50.56 -50.76 -55.86 343.65 282.69 46.00 0.00
6.00 11756.25
205.70 -53.26 -53.41 -58.42 345.80 284.66 52.19 0.00
0.00 12179.73
191.70 -56.56 -56.75 -68.39 347.32 296.92 41.61 0.00
0.00 12630.03
177.80 -59.26 -59.40 -68.92 350.44 292.89 37.96 0.00
0.00 13104.28
163.80 -60.46 -60.56 -66.60 356.79 294.68 42.33 0.00
0.00 13616.32
149.80 -61.56 -61.67 -70.13 364.07 308.75 39.10 0.00
0.00 14171.13
135.90 -62.96 -63.06 -70.80 371.87 305.15 29.70 -0.10
0.00 14772.28
121.90 -63.16 -63.30 -76.19 383.18 293.81 21.66 0.00
0.00 15440.86
108.00 -62.66 -9999.00 -9999.00 -9999.00 278.13 20.61 0.00
0.00 16185.93
94.00 -61.66 -9999.00 -9999.00 -9999.00 286.99 14.63 0.00
0.00 17043.38
81.00 -61.36 -9999.00 -9999.00 -9999.00 288.08 10.00 0.00
0.00 17965.48
70.60 -59.66 -9999.00 -9999.00 -9999.00 340.56 7.01 0.00
0.00 18820.81
62.20 -58.26 -9999.00 -9999.00 -9999.00 25.77 6.25 0.00
0.00 19615.02
54.30 -56.66 -9999.00 -9999.00 -9999.00 39.67 10.35 0.00
0.00 20472.59
46.90 -55.96 -9999.00 -9999.00 -9999.00 61.31 11.73 0.00
0.00 21402.50
40.10 -55.56 -9999.00 -9999.00 -9999.00 51.34 14.92 0.00
0.00 22399.26
33.80 -54.36 -9999.00 -9999.00 -9999.00 59.24 19.00 0.00
0.00 23490.85
27.80 -51.86 -9999.00 -9999.00 -9999.00 69.78 23.60 0.00
0.00 24749.55
22.30 -48.76 -9999.00 -9999.00 -9999.00 80.94 27.14 0.00
0.00 26187.51
17.10 -44.16 -9999.00 -9999.00 -9999.00 78.30 27.78 0.00
0.00 27949.30
12.30 -40.86 -9999.00 -9999.00 -9999.00 72.32 32.61 0.00
0.00 30173.66

STID = KMDW STNM = 725340 TIME = 200808/0400 
SLAT = 41.78 SLON = -87.75 SELV = 183.0
STIM = 9

SHOW = 6.06 LIFT = 4.45 SWET = 103.57 KINX = 20.48
LCLP = 923.88 PWAT = 26.50 TOTL = 38.34 CAPE = 0.00
LCLT = 288.87 CINS = 0.00 EQLV = -9999.00 LFCT = -9999.00
BRCH = 0.00

PRES TMPC TMWC DWPC THTE DRCT SKNT OMEG
CFRL HGHT
997.80 22.14 18.70 16.93 331.06 130.60 3.57 0.00
0.00 192.59
994.90 23.04 18.10 15.44 329.25 158.55 5.85 0.00
0.00 217.97
989.40 23.94 17.36 13.59 327.31 180.00 8.74 -0.10
0.00 266.41
979.90 24.04 16.89 12.67 326.93 192.53 10.74 -0.10
0.00 350.82
966.00 23.14 16.31 12.23 326.87 197.10 10.57 -0.20
0.00 475.62
948.10 21.74 15.55 11.78 326.77 196.11 9.09 -0.20
0.00 638.35
926.70 20.04 14.56 11.15 326.51 184.64 7.21 -0.10
0.00 835.93
903.30 18.14 13.52 10.57 326.43 161.57 6.76 0.00
0.00 1055.90
878.00 16.04 12.28 9.81 326.14 155.43 7.48 0.20
0.00 1298.53
849.70 14.44 10.14 6.98 323.65 177.80 5.05 0.20
0.00 1576.45
818.50 13.34 8.80 5.28 324.23 259.38 3.17 0.10
0.00 1892.13
784.30 12.34 7.38 3.31 325.24 295.20 7.30 0.10
0.00 2250.84
747.20 9.84 6.14 3.12 327.57 304.02 9.38 0.10
0.00 2655.57
707.10 6.74 2.91 -0.79 325.21 303.69 11.21 0.20
0.00 3111.58
664.20 4.84 -2.42 -14.42 318.85 297.76 12.51 0.20
0.00 3623.71
618.40 2.54 -5.99 -29.90 318.19 289.65 11.56 0.10
0.00 4203.11
570.10 -0.76 -8.60 -34.55 321.20 273.90 8.57 0.00
0.00 4855.62
523.30 -5.56 -12.19 -40.26 322.85 260.75 8.47 0.10
0.00 5532.69
481.20 -10.86 -16.02 -40.63 324.17 275.49 10.14 0.20
0.00 6183.22
443.60 -15.06 -19.53 -52.10 325.86 286.35 15.19 0.20
0.00 6802.92
409.60 -19.16 -22.48 -42.16 328.70 290.77 18.07 0.10
0.00 7400.61
378.90 -23.36 -24.87 -31.19 332.45 301.68 21.46 0.00
0.00 7975.22
351.30 -26.66 -27.63 -31.98 335.22 307.29 26.61 -0.10
0.00 8524.81
326.40 -29.56 -30.56 -36.26 337.51 301.11 26.32 -0.10
0.00 9052.33
304.00 -32.86 -33.54 -37.95 339.58 294.21 27.47 -0.10
0.00 9555.98
283.80 -36.26 -37.17 -46.82 340.33 280.85 38.17 -0.10
0.00 10036.28
265.70 -39.96 -40.60 -48.85 341.27 268.02 39.26 -0.10
13.00 10489.73
248.80 -43.96 -44.32 -49.96 341.73 264.21 40.42 -0.10
32.00 10934.51
233.60 -47.96 -48.19 -52.96 341.70 270.49 45.26 -0.20
4.00 11353.77
219.60 -50.86 -51.02 -55.00 343.23 275.69 52.89 -0.20
10.00 11758.55
205.70 -53.26 -53.41 -58.42 345.80 282.24 54.06 -0.10
11.00 12181.74
191.70 -56.36 -56.50 -63.30 347.73 292.70 41.28 0.00
5.00 12632.25
177.80 -59.16 -59.32 -73.70 350.56 290.59 35.90 0.00
0.00 13106.83
163.80 -59.96 -60.07 -66.60 357.62 293.07 44.13 0.00
0.00 13619.59
149.80 -61.16 -61.31 -74.84 364.71 311.70 40.58 0.00
0.00 14175.57
135.90 -63.26 -63.35 -70.80 371.33 306.95 28.44 0.00
0.00 14776.86
121.90 -63.26 -63.40 -76.19 383.00 293.82 23.56 0.00
0.00 15444.81
108.00 -62.36 -9999.00 -9999.00 -9999.00 280.81 21.76 0.00
0.00 16190.23
94.00 -61.36 -9999.00 -9999.00 -9999.00 303.69 15.40 0.00
0.00 17048.90
81.00 -60.46 -9999.00 -9999.00 -9999.00 310.86 9.50 0.00
0.00 17973.61
70.60 -58.56 -9999.00 -9999.00 -9999.00 346.68 7.60 0.00
0.00 18832.97
62.20 -57.96 -9999.00 -9999.00 -9999.00 15.07 5.23 0.00
0.00 19629.77
54.30 -56.96 -9999.00 -9999.00 -9999.00 40.10 9.65 0.00
0.00 20487.35
46.90 -56.56 -9999.00 -9999.00 -9999.00 63.06 13.29 0.00
0.00 21415.33
40.10 -56.06 -9999.00 -9999.00 -9999.00 59.74 18.88 0.00
0.00 22409.56
33.80 -54.36 -9999.00 -9999.00 -9999.00 62.56 22.77 0.00
0.00 23499.90
27.80 -51.46 -9999.00 -9999.00 -9999.00 71.69 27.21 0.00
0.00 24759.75
22.30 -48.36 -9999.00 -9999.00 -9999.00 83.53 27.56 0.00
0.00 26200.29
17.10 -43.46 -9999.00 -9999.00 -9999.00 88.90 30.30 0.00
0.00 27966.35
12.30 -41.46 -9999.00 -9999.00 -9999.00 81.10 32.63 0.00
0.00 30191.20

STID = KMDW STNM = 725340 TIME = 200808/0500 
SLAT = 41.78 SLON = -87.75 SELV = 183.0
STIM = 10

SHOW = 6.47 LIFT = 4.90 SWET = 101.41 KINX = 20.57
LCLP = 936.03 PWAT = 26.56 TOTL = 37.79 CAPE = 0.00
LCLT = 289.16 CINS = 0.00 EQLV = -9999.00 LFCT = -9999.00
BRCH = 0.00

PRES TMPC TMWC DWPC THTE DRCT SKNT OMEG
CFRL HGHT
997.80 21.34 18.50 17.02 330.33 147.99 3.67 0.00
0.00 192.57
994.90 22.44 17.86 15.37 328.42 170.54 8.28 0.00
0.00 217.88
989.40 23.64 17.18 13.44 326.69 184.69 11.89 -0.10
0.00 266.25
979.90 23.94 16.70 12.38 326.29 190.15 13.23 -0.10
0.00 350.59
966.00 23.04 16.16 12.00 326.35 190.06 12.24 -0.10
0.00 475.34
948.10 21.64 15.39 11.55 326.26 187.52 10.39 -0.10
0.00 638.00
926.70 19.94 14.33 10.78 325.76 176.19 8.76 0.00
0.00 835.50
903.40 18.04 13.22 10.08 325.47 158.43 8.97 0.10
0.00 1054.40
878.00 16.14 12.03 9.27 325.35 155.06 9.21 0.20
0.00 1297.93
849.80 14.64 9.95 6.44 323.07 174.81 6.43 0.20
0.00 1574.95
818.50 13.54 8.93 5.38 324.60 249.44 3.32 0.10
0.00 1891.82
784.40 12.24 7.83 4.37 326.55 287.10 7.93 0.00
0.00 2249.58
747.20 9.64 6.27 3.56 327.95 295.41 8.61 0.00
0.00 2655.24
707.10 6.74 3.04 -0.47 325.57 297.01 11.11 0.00
0.00 3111.14
664.20 4.64 -2.21 -12.95 319.38 297.28 13.99 0.00
0.00 3623.14
618.40 2.34 -5.96 -28.02 318.30 300.19 12.35 -0.10
0.00 4202.18
570.10 -0.76 -8.67 -36.06 321.02 284.62 9.23 0.00
0.00 4854.47
523.30 -5.46 -12.15 -40.70 322.93 258.47 9.71 0.10
0.00 5531.65
481.20 -10.76 -16.00 -41.96 324.18 264.47 12.10 0.20
0.00 6182.41
443.60 -15.06 -19.56 -54.92 325.78 272.73 16.34 0.10
0.00 6802.23
409.60 -19.16 -22.48 -42.16 328.70 282.67 17.72 0.00
0.00 7399.92
378.90 -23.26 -24.76 -30.92 332.65 305.08 19.93 -0.20
0.00 7974.64
351.30 -26.56 -27.51 -31.71 335.43 308.59 25.85 -0.20
0.00 8524.46
326.40 -29.66 -30.67 -36.45 337.33 299.22 26.26 -0.20
0.00 9051.98
303.90 -33.56 -34.33 -39.97 338.28 292.07 31.02 -0.20
6.00 9557.11
283.80 -37.06 -37.81 -45.55 339.30 279.61 38.42 -0.20
0.00 10033.60
265.70 -40.26 -40.82 -47.87 340.91 265.56 42.68 -0.20
0.00 10486.00
248.80 -44.06 -44.44 -50.52 341.54 257.99 43.88 -0.20
0.00 10930.39
233.60 -47.66 -47.88 -52.28 342.20 265.64 48.50 -0.20
14.00 11349.83
219.60 -50.96 -51.06 -53.48 343.16 271.87 53.44 -0.10
100.00 11754.80
205.70 -53.46 -53.61 -58.42 345.48 280.27 54.49 0.00
18.00 12177.71
191.70 -55.66 -55.85 -65.45 348.80 288.09 41.28 0.10
0.00 12628.73
177.70 -58.56 -58.74 -73.70 351.60 285.17 35.63 0.10
0.00 13108.30
163.80 -60.16 -60.32 -74.24 357.19 294.95 43.28 0.00
0.00 13618.02
149.80 -61.46 -61.60 -74.84 364.19 313.33 42.46 0.00
0.00 14173.34
135.90 -63.06 -63.18 -75.48 371.64 303.69 26.61 0.00
0.00 14774.49
121.90 -63.96 -64.08 -76.19 381.72 290.94 23.91 0.00
0.00 15441.64
108.00 -62.66 -9999.00 -9999.00 -9999.00 286.47 23.29 0.00
0.00 16185.29
94.00 -61.46 -9999.00 -9999.00 -9999.00 307.94 14.53 0.00
0.00 17043.15
81.00 -60.56 -9999.00 -9999.00 -9999.00 306.38 9.17 0.00
0.00 17967.42
70.60 -59.06 -9999.00 -9999.00 -9999.00 348.02 6.55 0.00
0.00 18825.57
62.20 -58.66 -9999.00 -9999.00 -9999.00 36.03 5.28 0.00
0.00 19620.15
54.30 -57.56 -9999.00 -9999.00 -9999.00 56.02 10.78 0.00
0.00 20475.14
46.90 -56.76 -9999.00 -9999.00 -9999.00 70.14 14.88 0.00
0.00 21401.40
40.10 -55.96 -9999.00 -9999.00 -9999.00 67.52 18.30 0.00
0.00 22395.41
33.80 -53.76 -9999.00 -9999.00 -9999.00 61.35 21.46 0.00
0.00 23487.50
27.80 -50.86 -9999.00 -9999.00 -9999.00 72.74 26.85 0.00
0.00 24750.79
22.30 -49.16 -9999.00 -9999.00 -9999.00 84.20 25.00 0.00
0.00 26190.68
17.10 -44.26 -9999.00 -9999.00 -9999.00 95.89 24.61 0.00
0.00 27950.52
12.30 -41.16 -9999.00 -9999.00 -9999.00 86.28 32.91 0.00
0.00 30172.96

STID = KMDW STNM = 725340 TIME = 200808/0600 
SLAT = 41.78 SLON = -87.75 SELV = 183.0
STIM = 11

SHOW = 6.77 LIFT = 5.62 SWET = 98.31 KINX = 21.46
LCLP = 938.91 PWAT = 26.47 TOTL = 37.41 CAPE = 0.00
LCLT = 288.81 CINS = 0.00 EQLV = -9999.00 LFCT = -9999.00
BRCH = 0.00

PRES TMPC TMWC DWPC THTE DRCT SKNT OMEG
CFRL HGHT
998.00 20.74 18.06 16.62 328.72 160.56 3.50 0.00
0.00 192.55
995.00 21.94 17.34 14.76 326.60 180.00 10.68 0.00
0.00 218.67
989.50 23.64 16.69 12.51 325.00 185.63 13.85 0.00
0.00 266.98
980.10 23.84 16.22 11.49 324.62 187.03 14.30 0.00
0.00 350.38
966.10 22.94 15.82 11.39 325.17 185.19 12.88 0.00
0.00 475.93
948.20 21.54 15.05 10.95 325.10 181.94 11.46 0.10
0.00 638.49
926.90 19.94 13.96 10.05 324.51 172.61 10.59 0.10
0.00 834.95
903.50 18.14 12.86 9.30 324.29 161.88 11.25 0.10
0.00 1054.73
878.20 16.34 11.59 8.27 323.95 160.94 11.31 0.10
0.00 1297.32
849.90 14.94 9.80 5.86 322.58 173.05 8.02 0.10
0.00 1575.44
818.70 13.84 9.10 5.49 325.07 237.26 3.22 0.10
0.00 1891.55
784.50 12.44 7.99 4.54 327.01 283.67 7.40 0.10
0.00 2250.62
747.30 9.84 6.21 3.26 327.75 287.59 8.35 0.10
0.00 2656.51
707.30 6.74 3.38 0.28 326.43 287.61 12.84 0.10
0.00 3111.36
664.30 4.14 -1.60 -9.53 320.89 292.31 16.38 0.10
0.00 3624.12
618.40 1.74 -5.90 -23.80 318.59 301.10 14.30 0.00
0.00 4203.40
570.20 -1.16 -8.90 -35.74 320.57 291.19 10.22 -0.10
0.00 4853.15
523.40 -5.46 -12.11 -39.83 322.99 256.76 10.18 0.00
0.00 5529.71
481.30 -10.66 -16.00 -44.04 324.13 260.68 13.19 0.00
0.00 6180.47
443.60 -15.16 -19.56 -49.94 325.81 264.29 17.56 0.00
0.00 6801.86
409.70 -19.26 -22.31 -37.85 329.03 277.46 16.45 0.00
0.00 7397.52
378.90 -23.56 -24.66 -28.80 332.85 306.12 17.79 -0.10
0.00 7973.64
351.30 -26.86 -27.84 -32.40 334.84 309.07 21.27 -0.30
2.00 8522.82
326.40 -30.06 -31.37 -40.60 336.10 302.68 24.46 -0.30
0.00 9049.55
304.00 -33.96 -34.80 -41.56 337.46 287.13 32.32 -0.30
0.00 9551.48
283.80 -37.46 -38.05 -43.75 338.92 274.74 37.63 -0.20
0.00 10029.45
265.70 -40.66 -41.11 -46.55 340.44 264.15 40.03 -0.20
0.00 10481.09
248.80 -44.16 -44.48 -49.43 341.47 262.97 42.87 -0.30
0.00 10925.01
233.60 -47.46 -47.64 -51.06 342.59 264.46 46.25 -0.30
100.00 11344.55
219.60 -50.86 -50.99 -54.21 343.27 265.27 49.51 -0.20
100.00 11749.79
205.70 -53.66 -53.82 -59.64 345.13 276.37 49.07 -0.10
26.00 12172.60
191.70 -55.86 -56.05 -65.45 348.48 285.33 41.90 0.00
0.00 12623.21
177.70 -58.16 -58.35 -73.70 352.25 286.11 37.80 0.10
0.00 13103.00
163.80 -60.06 -60.22 -74.24 357.36 295.37 41.71 0.10
0.00 13613.31
149.80 -61.46 -61.60 -74.84 364.19 311.63 39.76 0.10
0.00 14168.77
135.90 -62.96 -63.09 -75.48 371.81 297.80 24.16 0.00
0.00 14770.06
121.90 -63.96 -64.08 -76.19 381.72 289.71 24.77 0.00
0.00 15437.37
108.00 -62.76 -9999.00 -9999.00 -9999.00 289.18 23.66 0.00
0.00 16180.84
94.00 -61.66 -9999.00 -9999.00 -9999.00 303.69 12.61 0.00
0.00 17038.08
81.00 -61.16 -9999.00 -9999.00 -9999.00 302.28 8.72 0.00
0.00 17960.62
70.60 -59.66 -9999.00 -9999.00 -9999.00 353.66 5.28 0.00
0.00 18816.36
62.20 -59.26 -9999.00 -9999.00 -9999.00 55.62 4.47 0.00
0.00 19608.71
54.30 -58.06 -9999.00 -9999.00 -9999.00 67.75 9.23 0.00
0.00 20461.51
46.90 -57.16 -9999.00 -9999.00 -9999.00 79.18 13.44 0.00
0.00 21385.85
40.10 -55.86 -9999.00 -9999.00 -9999.00 74.80 16.30 0.00
0.00 22379.16
33.80 -53.46 -9999.00 -9999.00 -9999.00 72.04 22.05 0.00
0.00 23472.26
27.80 -51.76 -9999.00 -9999.00 -9999.00 79.74 22.90 0.00
0.00 24733.82
22.30 -49.06 -9999.00 -9999.00 -9999.00 84.66 20.88 0.00
0.00 26171.13
17.10 -45.26 -9999.00 -9999.00 -9999.00 87.16 23.52 0.00
0.00 27927.48
12.30 -42.16 -9999.00 -9999.00 -9999.00 75.87 27.84 0.00
0.00 30140.28

STID = KMDW STNM = 725340 TIME = 200808/0700 
SLAT = 41.78 SLON = -87.75 SELV = 183.0
STIM = 12

SHOW = 6.78 LIFT = 6.30 SWET = 96.30 KINX = 22.48
LCLP = 936.94 PWAT = 25.91 TOTL = 37.54 CAPE = 0.00
LCLT = 288.13 CINS = 0.00 EQLV = -9999.00 LFCT = -9999.00
BRCH = 0.00

PRES TMPC TMWC DWPC THTE DRCT SKNT OMEG
CFRL HGHT
998.20 20.24 17.49 15.97 326.72 170.54 3.54 0.00
0.00 191.66
995.20 21.74 16.67 13.68 324.27 185.62 11.91 0.00
0.00 217.74
989.70 23.84 16.01 11.00 322.65 187.13 14.10 0.00
0.00 266.01
980.30 23.84 15.72 10.45 322.90 186.93 14.47 0.00
0.00 349.39
966.30 22.94 15.30 10.35 323.44 185.04 13.27 0.10
0.00 474.86
948.40 21.64 14.51 9.79 323.30 181.76 12.63 0.10
0.00 637.36
927.10 20.04 13.48 9.01 322.95 175.53 12.47 0.00
0.00 833.77
903.70 18.24 12.49 8.48 323.09 167.01 12.96 0.00
0.00 1053.52
878.40 16.34 11.27 7.62 322.93 165.53 12.43 0.00
0.00 1296.03
850.10 15.04 9.68 5.52 322.20 174.56 8.20 0.00
0.00 1574.10
818.90 14.14 9.25 5.54 325.46 239.04 3.40 0.10
0.00 1890.34
784.70 12.74 7.82 3.92 326.46 279.46 7.09 0.10
0.00 2249.67
747.50 10.14 6.08 2.71 327.32 278.65 9.03 0.10
0.00 2655.81
707.40 6.94 3.96 1.34 327.99 281.93 14.10 0.10
0.00 3112.13
664.40 4.14 -0.92 -7.27 322.55 290.04 17.58 0.10
0.00 3625.16
618.50 1.74 -5.82 -23.19 318.74 297.18 16.16 0.00
0.00 4204.45
570.20 -1.46 -9.05 -35.13 320.29 289.59 12.16 -0.10
0.00 4855.16
523.50 -5.76 -12.35 -41.16 322.50 257.97 12.12 0.00
0.00 5529.45
481.30 -10.76 -16.10 -45.27 323.93 252.73 15.05 0.10
0.00 6181.19
443.60 -15.16 -19.51 -47.40 325.93 259.49 19.17 0.10
0.00 6802.47
409.70 -19.16 -22.09 -35.85 329.45 270.68 16.32 0.10
0.00 7398.26
378.90 -23.46 -24.56 -28.69 333.02 298.61 17.04 0.00
0.00 7974.62
351.30 -26.86 -28.27 -35.91 334.08 304.01 19.44 -0.10
0.00 8523.88
326.40 -30.36 -31.60 -40.32 335.72 295.20 21.89 -0.10
0.00 9050.25
304.00 -34.26 -34.99 -40.73 337.15 280.34 31.39 -0.10
0.00 9551.57
283.80 -37.96 -38.49 -43.75 338.20 273.65 36.60 -0.10
0.00 10028.74
265.70 -41.56 -41.88 -45.77 339.20 272.36 37.72 0.00
20.00 10479.03
248.80 -44.16 -44.53 -50.52 341.39 267.30 41.22 0.00
6.00 10922.08
233.60 -47.36 -47.60 -52.28 342.66 260.50 47.07 0.00
37.00 11341.71
219.60 -50.66 -50.80 -54.21 343.58 263.34 50.25 0.00
46.00 11747.22
205.70 -53.36 -53.56 -61.06 345.55 276.75 44.60 0.10
0.00 12170.51
191.70 -55.36 -55.59 -68.39 349.24 283.70 40.19 0.10
0.00 12621.94
177.70 -57.46 -57.67 -73.70 353.40 286.70 36.50 0.10
0.00 13103.06
163.80 -59.66 -59.83 -74.24 358.03 295.14 38.40 0.10
0.00 13614.68
149.80 -61.06 -61.21 -74.84 364.88 309.02 34.25 0.00
0.00 14171.18
135.90 -62.56 -62.69 -75.48 372.52 286.75 22.92 0.00
0.00 14773.61
121.90 -63.56 -63.69 -76.19 382.45 286.53 25.93 0.00
0.00 15442.19
108.00 -62.76 -9999.00 -9999.00 -9999.00 289.76 21.25 0.00
0.00 16186.38
94.00 -61.66 -9999.00 -9999.00 -9999.00 300.26 10.80 0.00
0.00 17043.62
81.00 -61.36 -9999.00 -9999.00 -9999.00 298.50 7.73 0.00
0.00 17965.72
70.60 -59.36 -9999.00 -9999.00 -9999.00 33.69 3.50 0.00
0.00 18821.66
62.20 -59.16 -9999.00 -9999.00 -9999.00 82.41 5.89 0.00
0.00 19614.75
54.30 -57.86 -9999.00 -9999.00 -9999.00 81.57 10.61 0.00
0.00 20468.15
46.90 -57.36 -9999.00 -9999.00 -9999.00 80.13 13.60 0.00
0.00 21392.49
40.10 -55.86 -9999.00 -9999.00 -9999.00 71.81 14.32 0.00
0.00 22385.35
33.80 -53.26 -9999.00 -9999.00 -9999.00 78.48 20.42 0.00
0.00 23478.94
27.80 -51.66 -9999.00 -9999.00 -9999.00 83.60 20.92 0.00
0.00 24741.36
22.30 -48.66 -9999.00 -9999.00 -9999.00 83.05 24.07 0.00
0.00 26180.29
17.10 -45.86 -9999.00 -9999.00 -9999.00 81.61 23.95 0.00
0.00 27935.86
12.30 -42.46 -9999.00 -9999.00 -9999.00 65.56 25.82 0.00
0.00 30144.31

STID = KMDW STNM = 725340 TIME = 200808/0800 
SLAT = 41.78 SLON = -87.75 SELV = 183.0
STIM = 13

SHOW = 6.76 LIFT = 7.23 SWET = 94.31 KINX = 23.50
LCLP = 934.84 PWAT = 25.44 TOTL = 37.59 CAPE = 0.00
LCLT = 287.42 CINS = 0.00 EQLV = -9999.00 LFCT = -9999.00
BRCH = 0.00

PRES TMPC TMWC DWPC THTE DRCT SKNT OMEG
CFRL HGHT
997.40 19.64 16.87 15.28 324.71 180.00 3.88 0.00
0.00 193.37
994.50 21.24 16.06 12.89 322.36 190.62 12.65 0.00
0.00 218.55
989.00 23.44 15.63 10.51 321.52 190.30 15.21 0.00
0.00 266.77
979.60 23.54 15.34 9.88 321.77 191.31 15.85 0.00
0.00 350.10
965.70 22.74 14.74 9.32 321.70 187.80 14.32 0.10
0.00 474.62
947.80 21.54 13.84 8.44 321.22 182.45 13.62 0.10
0.00 637.07
926.50 20.04 12.79 7.53 320.85 175.91 13.64 0.10
0.00 833.49
903.10 18.14 11.92 7.38 321.43 168.37 13.48 0.10
0.00 1053.26
877.90 16.14 10.92 7.07 321.96 169.44 11.65 0.10
0.00 1294.78
849.60 15.14 9.66 5.39 322.20 184.64 7.21 0.20
0.00 1572.93
818.40 14.34 9.27 5.42 325.59 242.35 4.60 0.20
0.00 1889.51
784.30 12.94 7.52 3.06 325.61 268.41 6.99 0.10
0.00 2248.20
747.20 10.34 5.80 1.91 326.56 267.66 9.52 0.10
0.00 2653.63
707.10 6.94 4.28 2.02 328.94 275.79 13.48 0.10
0.00 3110.29
664.10 3.94 -0.27 -5.11 324.22 288.23 16.76 0.10
0.00 3623.50
618.30 1.74 -5.69 -22.07 319.11 293.20 16.28 0.00
0.00 4201.67
570.00 -1.56 -9.04 -33.74 320.38 287.90 13.27 -0.10
0.00 4852.50
523.30 -5.96 -12.48 -41.17 322.29 264.88 13.07 0.00
0.00 5526.68
481.20 -10.66 -16.02 -44.64 324.11 250.71 16.47 0.10
0.00 6176.95
443.50 -14.76 -19.04 -41.83 326.84 262.11 19.81 0.10
0.00 6798.98
409.60 -19.06 -21.71 -32.70 330.19 272.39 18.67 0.10
0.00 7395.54
378.90 -23.56 -24.64 -28.69 332.89 289.36 15.23 0.00
0.00 7970.13
351.20 -26.86 -28.56 -39.08 333.58 298.87 17.31 -0.10
0.00 8521.32
326.40 -30.96 -31.70 -36.08 335.60 286.80 21.50 -0.10
0.00 9045.02
303.90 -34.56 -35.21 -40.22 336.83 279.52 31.70 -0.10
0.00 9547.75
283.80 -38.16 -38.67 -43.75 337.91 274.74 35.28 0.00
0.00 10022.13
265.70 -41.76 -42.09 -46.15 338.87 271.90 35.18 0.00
13.00 10472.04
248.80 -44.16 -44.53 -50.52 341.39 263.29 39.90 0.00
0.00 10914.90
233.60 -47.56 -47.71 -50.50 342.47 259.76 44.81 0.00
100.00 11334.34
219.60 -50.56 -50.71 -54.21 343.73 266.58 45.53 0.00
100.00 11739.77
205.70 -52.96 -53.23 -64.93 346.09 279.14 40.33 0.10
0.00 12163.53
191.70 -54.86 -55.13 -73.19 349.99 283.90 39.63 0.10
0.00 12615.88
177.70 -56.86 -57.08 -73.70 354.38 286.58 36.07 0.10
0.00 13098.23
163.80 -59.26 -59.44 -74.24 358.70 290.77 36.15 0.00
0.00 13611.04
149.80 -60.96 -61.11 -74.84 365.05 303.30 31.84 0.00
0.00 14168.20
135.90 -63.06 -63.18 -75.48 371.64 280.95 24.53 0.00
0.00 14770.06
121.90 -64.36 -64.48 -76.19 380.99 288.95 27.53 0.00
0.00 15436.57
108.00 -63.26 -9999.00 -9999.00 -9999.00 296.80 21.54 0.00
0.00 16178.45
94.00 -62.16 -9999.00 -9999.00 -9999.00 304.90 10.18 0.00
0.00 17033.66
81.00 -61.56 -9999.00 -9999.00 -9999.00 291.80 6.27 0.00
0.00 17954.24
70.60 -59.46 -9999.00 -9999.00 -9999.00 53.13 2.91 0.00
0.00 18809.57
62.20 -59.36 -9999.00 -9999.00 -9999.00 53.53 5.56 0.00
0.00 19602.11
54.30 -58.06 -9999.00 -9999.00 -9999.00 67.22 10.53 0.00
0.00 20454.71
46.90 -57.26 -9999.00 -9999.00 -9999.00 63.43 12.59 0.00
0.00 21378.83
40.10 -54.76 -9999.00 -9999.00 -9999.00 60.55 13.83 0.00
0.00 22374.45
33.80 -51.86 -9999.00 -9999.00 -9999.00 77.66 19.09 0.00
0.00 23474.29
27.80 -49.96 -9999.00 -9999.00 -9999.00 86.96 18.28 0.00
0.00 24745.58
22.30 -47.56 -9999.00 -9999.00 -9999.00 86.76 20.63 0.00
0.00 26193.54
17.10 -45.06 -9999.00 -9999.00 -9999.00 73.74 19.42 0.00
0.00 27956.49
12.30 -41.86 -9999.00 -9999.00 -9999.00 68.27 29.90 0.00
0.00 30171.70

STID = KMDW STNM = 725340 TIME = 200808/0900 
SLAT = 41.78 SLON = -87.75 SELV = 183.0
STIM = 14

SHOW = 6.38 LIFT = 7.75 SWET = 94.62 KINX = 24.38
LCLP = 938.09 PWAT = 25.59 TOTL = 38.28 CAPE = 0.00
LCLT = 287.02 CINS = 0.00 EQLV = -9999.00 LFCT = -9999.00
BRCH = 0.00

PRES TMPC TMWC DWPC THTE DRCT SKNT OMEG
CFRL HGHT
997.40 18.94 16.35 14.82 323.00 177.14 3.88 0.00
0.00 192.49
994.50 20.44 15.78 12.91 321.50 188.88 12.59 0.00
0.00 217.60
989.00 22.64 15.59 11.02 321.44 190.18 15.38 0.00
0.00 265.69
979.60 23.24 15.28 9.99 321.61 192.24 16.49 0.00
0.00 348.87
965.70 22.54 14.50 8.95 320.93 187.40 15.07 0.10
0.00 473.28
947.80 21.44 13.37 7.48 319.76 181.53 14.57 0.10
0.00 635.62
926.50 19.94 12.22 6.33 319.12 174.74 14.82 0.10
0.00 831.91
903.20 18.14 11.51 6.48 320.16 169.48 13.83 0.20
0.00 1050.62
877.90 16.44 10.68 6.31 321.23 177.92 10.68 0.20
0.00 1293.16
849.70 15.74 9.86 5.30 322.75 206.57 7.38 0.20
0.00 1570.71
818.50 14.74 9.27 5.09 325.57 244.80 7.30 0.10
0.00 1887.78
784.30 12.94 7.25 2.45 324.84 257.62 8.16 0.10
0.00 2247.70
747.20 10.44 5.51 1.16 325.75 264.61 10.33 0.10
0.00 2653.13
707.20 7.14 4.37 2.02 329.16 275.33 14.63 0.10
0.00 3108.83
664.20 3.54 0.52 -2.62 326.22 285.26 17.72 0.10
0.00 3621.90
618.30 1.14 -5.19 -16.85 320.37 289.05 17.27 0.00
0.00 4200.49
570.00 -1.76 -8.78 -28.55 321.02 282.20 14.70 -0.10
0.00 4850.54
523.30 -6.06 -12.35 -36.59 322.61 263.25 14.86 -0.10
0.00 5524.42
481.20 -10.76 -15.92 -39.83 324.36 253.61 17.21 -0.10
0.00 6174.48
443.50 -14.66 -18.90 -40.24 327.12 266.60 19.66 0.10
0.00 6796.54
409.60 -18.96 -21.55 -31.87 330.50 270.00 18.65 0.10
0.00 7393.35
378.90 -23.46 -24.78 -30.00 332.63 270.73 15.35 0.10
0.00 7968.16
351.20 -26.76 -28.58 -40.48 333.53 289.80 15.48 0.00
0.00 8519.54
326.40 -31.26 -31.90 -35.71 335.26 283.27 21.15 -0.10
0.00 9043.02
303.90 -34.96 -35.51 -39.73 336.34 281.83 29.37 -0.10
3.00 9545.02
283.80 -38.56 -38.93 -42.50 337.49 275.35 33.35 -0.10
8.00 10018.62
265.70 -42.06 -42.34 -45.77 338.47 269.33 33.41 -0.10
0.00 10467.85
248.80 -44.36 -44.69 -49.96 341.13 260.39 38.42 -0.10
0.00 10910.24
233.60 -47.66 -47.78 -49.98 342.36 257.28 43.22 -0.10
100.00 11329.41
219.60 -50.26 -50.52 -57.90 344.03 268.87 39.43 0.00
32.00 11735.01
205.70 -52.66 -52.96 -67.88 346.52 278.86 36.56 0.00
0.00 12159.34
191.70 -54.26 -54.55 -73.19 350.96 283.09 36.89 0.00
0.00 12612.62
177.70 -55.96 -56.21 -73.70 355.86 284.28 33.88 0.00
0.00 13096.63
163.80 -58.56 -58.75 -74.24 359.88 287.59 33.41 0.00
0.00 13611.35
149.80 -61.06 -61.21 -74.84 364.88 300.34 30.38 0.00
0.00 14169.29
135.90 -63.46 -63.58 -75.48 370.93 279.39 23.82 0.00
0.00 14770.44
121.90 -64.96 -65.06 -76.19 379.90 289.74 27.04 0.00
0.00 15435.36
108.00 -63.86 -9999.00 -9999.00 -9999.00 303.83 21.99 0.00
0.00 16175.11
94.00 -63.06 -9999.00 -9999.00 -9999.00 305.17 10.45 0.00
0.00 17027.28
81.00 -61.96 -9999.00 -9999.00 -9999.00 288.97 6.57 0.00
0.00 17945.02
70.60 -59.96 -9999.00 -9999.00 -9999.00 36.03 2.64 0.00
0.00 18798.54
62.20 -59.96 -9999.00 -9999.00 -9999.00 49.57 6.90 0.00
0.00 19589.04
54.30 -58.56 -9999.00 -9999.00 -9999.00 67.89 13.42 0.00
0.00 20439.46
46.90 -57.86 -9999.00 -9999.00 -9999.00 63.43 15.64 0.00
0.00 21361.22
40.10 -55.56 -9999.00 -9999.00 -9999.00 61.22 15.73 0.00
0.00 22353.62
33.80 -52.66 -9999.00 -9999.00 -9999.00 82.87 18.78 0.00
0.00 23449.47
27.80 -50.36 -9999.00 -9999.00 -9999.00 91.11 20.01 0.00
0.00 24717.33
22.30 -48.06 -9999.00 -9999.00 -9999.00 81.42 20.82 0.00
0.00 26162.38
17.10 -44.76 -9999.00 -9999.00 -9999.00 65.67 24.51 0.00
0.00 27924.56
12.30 -41.76 -9999.00 -9999.00 -9999.00 71.15 33.66 0.00
0.00 30141.69

STID = KMDW STNM = 725340 TIME = 200808/1000 
SLAT = 41.78 SLON = -87.75 SELV = 183.0
STIM = 15

SHOW = 6.13 LIFT = 8.14 SWET = 96.85 KINX = 23.88
LCLP = 941.82 PWAT = 25.77 TOTL = 38.69 CAPE = 0.00
LCLT = 286.78 CINS = 0.00 EQLV = -9999.00 LFCT = -9999.00
BRCH = 0.00

PRES TMPC TMWC DWPC THTE DRCT SKNT OMEG
CFRL HGHT
998.30 18.44 16.00 14.53 321.75 177.14 3.88 0.00
0.00 191.60
995.30 19.94 15.65 12.99 320.98 188.13 12.35 0.00
0.00 217.51
989.80 22.44 15.52 11.03 321.13 188.64 15.52 0.00
0.00 265.51
980.30 23.14 15.12 9.72 321.00 190.54 17.00 0.00
0.00 349.46
966.40 22.44 14.26 8.50 320.09 185.38 16.59 0.00
0.00 473.73
948.60 21.34 13.14 7.02 318.94 181.32 16.90 0.00
0.00 634.96
927.20 19.94 12.03 5.88 318.46 178.03 16.92 0.00
0.00 831.95
903.90 18.34 11.24 5.70 319.27 175.54 15.00 0.00
0.00 1050.54
878.60 16.84 10.56 5.69 320.75 184.84 11.50 0.00
0.00 1293.08
850.40 16.04 10.03 5.40 323.13 214.05 8.68 0.00
0.00 1570.72
819.10 14.84 9.18 4.80 325.20 239.26 8.35 0.00
0.00 1888.78
784.90 12.94 7.28 2.51 324.83 247.93 7.75 0.00
0.00 2248.48
747.80 10.74 5.57 1.00 325.81 263.16 9.79 0.10
0.00 2653.80
707.70 7.74 4.37 1.46 329.05 276.95 16.05 0.10
0.00 3110.97
664.60 3.64 0.83 -2.00 326.96 283.89 18.61 0.00
0.00 3625.54
618.70 0.54 -4.72 -13.21 321.46 290.04 17.58 0.00
0.00 4203.38
570.30 -2.06 -8.60 -25.07 321.44 282.04 14.90 -0.10
0.00 4853.49
523.50 -6.06 -12.15 -33.14 323.05 261.54 14.53 -0.20
0.00 5528.20
481.40 -10.76 -15.59 -34.23 325.02 264.07 15.03 -0.10
0.00 6178.07
443.60 -14.56 -18.60 -36.27 327.70 275.77 17.39 0.00
0.00 6801.75
409.70 -18.66 -21.44 -32.87 330.65 265.14 18.32 0.10
0.00 7398.90
379.00 -23.06 -24.74 -31.91 332.64 263.66 17.60 0.10
0.00 7974.33
351.30 -26.86 -28.60 -39.62 333.48 279.81 15.97 0.00
0.00 8525.88
326.40 -31.66 -32.26 -35.89 334.67 284.93 18.08 0.00
0.00 9050.86
304.00 -35.46 -35.78 -38.15 335.86 284.46 25.68 -0.10
100.00 9549.62
283.80 -38.96 -39.24 -41.93 336.99 273.69 30.17 -0.10
100.00 10024.60
265.70 -42.16 -42.43 -45.77 338.32 266.25 32.71 -0.10
100.00 10473.35
248.80 -44.86 -45.15 -49.96 340.39 260.90 35.61 -0.10
0.00 10915.16
233.60 -47.66 -47.93 -53.69 342.12 261.28 37.14 0.00
100.00 11333.86
219.60 -50.06 -50.40 -62.27 344.21 270.00 33.99 0.00
2.00 11739.63
205.70 -52.06 -52.39 -67.88 347.46 276.89 35.61 0.10
0.00 12164.72
191.70 -53.66 -53.97 -73.19 351.92 282.97 35.49 0.10
0.00 12619.24
177.80 -55.46 -55.73 -73.70 356.62 284.29 32.26 0.10
0.00 13100.87
163.80 -58.16 -58.37 -74.24 360.55 284.73 31.33 0.00
0.00 13620.23
149.80 -61.06 -9999.00 -9999.00 -9999.00 294.32 28.77 0.00
0.00 14178.69
135.90 -63.06 -63.18 -75.48 371.64 286.34 23.48 0.00
0.00 14780.41
121.90 -64.46 -64.57 -76.19 380.81 290.11 29.37 0.00
0.00 15446.76
108.00 -63.26 -63.42 -76.97 396.48 306.66 20.82 0.00
0.00 16188.46
94.00 -62.86 -9999.00 -9999.00 -9999.00 300.62 11.05 0.00
0.00 17042.26
81.00 -61.86 -9999.00 -9999.00 -9999.00 297.76 8.33 0.00
0.00 17960.65
70.60 -60.56 -9999.00 -9999.00 -9999.00 26.57 3.90 0.00
0.00 18813.17
62.20 -60.76 -9999.00 -9999.00 -9999.00 53.75 7.23 0.00
0.00 19601.08
54.30 -59.16 -9999.00 -9999.00 -9999.00 74.58 11.69 0.00
0.00 20448.71
46.90 -57.36 -9999.00 -9999.00 -9999.00 69.70 15.11 0.00
0.00 21370.26
40.10 -55.46 -9999.00 -9999.00 -9999.00 76.50 19.97 0.00
0.00 22364.03
33.80 -53.86 -9999.00 -9999.00 -9999.00 87.78 20.03 0.00
0.00 23457.12
27.80 -51.06 -9999.00 -9999.00 -9999.00 93.93 19.85 0.00
0.00 24719.55
22.30 -48.36 -9999.00 -9999.00 -9999.00 75.71 21.25 0.00
0.00 26161.38
17.10 -45.16 -9999.00 -9999.00 -9999.00 67.57 26.48 0.00
0.00 27920.83
12.30 -42.36 -9999.00 -9999.00 -9999.00 73.53 32.21 0.00
0.00 30133.14

STID = KMDW STNM = 725340 TIME = 200808/1100 
SLAT = 41.78 SLON = -87.75 SELV = 183.0
STIM = 16

SHOW = 5.72 LIFT = 8.66 SWET = 102.64 KINX = 23.78
LCLP = 944.11 PWAT = 26.24 TOTL = 39.32 CAPE = 0.00
LCLT = 286.58 CINS = 0.00 EQLV = -9999.00 LFCT = -9999.00
BRCH = 0.00

PRES TMPC TMWC DWPC THTE DRCT SKNT OMEG
CFRL HGHT
998.40 18.04 15.71 14.29 320.83 168.69 3.96 0.00
0.00 191.59
995.40 19.54 15.39 12.78 320.15 182.60 12.84 0.00
0.00 217.45
989.90 22.34 15.21 10.47 320.13 184.13 16.16 0.00
0.00 265.40
980.50 23.04 14.73 8.95 319.74 184.92 18.12 0.00
0.00 348.41
966.50 22.44 13.88 7.62 318.86 181.75 19.04 0.00
0.00 473.50
948.70 21.24 12.87 6.47 318.10 179.43 19.62 0.00
0.00 634.66
927.30 19.94 11.76 5.21 317.61 178.26 19.23 0.00
0.00 831.56
904.00 18.54 10.75 4.31 317.76 179.34 16.90 0.00
0.00 1050.14
878.80 17.14 10.42 5.09 320.28 187.88 12.74 0.00
0.00 1291.83
850.50 16.04 10.23 5.85 323.74 216.19 9.87 0.00
0.00 1570.55
819.20 14.74 9.24 5.01 325.36 232.65 9.29 0.00
0.00 1888.54
785.00 13.04 7.56 3.05 325.61 238.39 8.90 0.00
0.00 2248.23
747.90 10.94 5.62 0.90 325.91 258.06 10.33 0.00
0.00 2653.73
707.80 8.14 4.26 0.85 328.72 272.54 17.50 0.10
0.00 3111.29
664.70 3.74 1.42 -0.80 328.46 281.98 19.66 0.10
0.00 3626.28
618.70 0.14 -3.99 -9.81 323.20 296.28 17.54 0.20
0.00 4205.22
570.40 -2.46 -8.56 -22.88 321.59 290.56 14.94 0.10
0.00 4853.15
523.60 -6.26 -11.99 -29.62 323.42 269.17 13.40 0.10
0.00 5527.06
481.40 -10.76 -15.26 -30.35 325.73 276.24 12.51 0.00
0.00 6178.24
443.70 -14.56 -18.25 -32.05 328.41 276.71 16.63 0.10
0.00 6800.28
409.70 -18.66 -21.38 -32.36 330.76 264.75 19.11 0.20
0.00 7399.17
379.00 -22.96 -24.65 -31.76 332.81 259.76 16.38 0.20
0.00 7974.71
351.30 -27.26 -28.57 -35.72 333.57 275.48 14.24 0.20
0.00 8525.96
326.40 -31.86 -32.32 -35.02 334.57 287.49 14.86 0.10
0.00 9050.33
304.00 -35.56 -35.92 -38.58 335.65 279.70 23.06 0.00
100.00 9548.78
283.80 -38.86 -39.29 -43.75 336.91 266.57 32.50 0.00
0.00 10023.75
265.70 -42.36 -42.73 -47.87 337.83 264.32 33.37 -0.10
0.00 10472.39
248.80 -45.06 -45.48 -53.96 339.84 262.36 32.15 -0.10
3.00 10913.80
233.60 -47.26 -47.73 -61.80 342.43 265.71 31.16 -0.10
31.00 11332.67
219.60 -49.56 -49.98 -67.41 344.89 271.00 33.41 -0.10
0.00 11739.24
205.70 -51.96 -52.29 -67.88 347.62 277.47 35.86 0.00
0.00 12164.90
191.70 -53.46 -53.78 -73.19 352.24 282.39 34.40 0.00
0.00 12619.73
177.70 -55.26 -55.54 -73.70 357.01 285.70 30.87 0.00
0.00 13105.41
163.80 -57.96 -58.17 -74.24 360.88 285.05 29.18 0.00
0.00 13621.68
149.80 -61.16 -9999.00 -9999.00 -9999.00 288.56 27.47 0.00
0.00 14180.27
135.90 -63.46 -9999.00 -9999.00 -9999.00 282.26 22.86 -0.10
0.00 14781.27
121.90 -64.96 -65.06 -76.19 379.90 286.56 29.99 0.00
0.00 15446.19
108.00 -63.26 -63.42 -76.97 396.48 309.17 20.30 0.00
0.00 16187.01
94.00 -62.86 -9999.00 -9999.00 -9999.00 298.12 12.78 0.00
0.00 17040.80
81.00 -61.16 -9999.00 -9999.00 -9999.00 307.30 10.26 0.00
0.00 17960.72
70.60 -59.66 -9999.00 -9999.00 -9999.00 40.36 5.09 0.00
0.00 18816.46
62.20 -59.86 -9999.00 -9999.00 -9999.00 68.75 7.50 0.00
0.00 19607.70
54.30 -58.66 -9999.00 -9999.00 -9999.00 73.07 9.34 0.00
0.00 20458.12
46.90 -57.06 -9999.00 -9999.00 -9999.00 55.30 12.28 0.00
0.00 21381.38
40.10 -54.96 -9999.00 -9999.00 -9999.00 73.36 17.64 0.00
0.00 22376.99
33.80 -53.96 -9999.00 -9999.00 -9999.00 81.03 18.69 0.00
0.00 23471.09
27.80 -51.46 -9999.00 -9999.00 -9999.00 79.16 18.59 0.00
0.00 24732.08
22.30 -48.46 -9999.00 -9999.00 -9999.00 67.22 21.08 0.00
0.00 26172.29
17.10 -45.16 -9999.00 -9999.00 -9999.00 72.54 25.25 0.00
0.00 27931.36
12.30 -42.46 -9999.00 -9999.00 -9999.00 70.99 30.40 0.00
0.00 30143.19

STID = KMDW STNM = 725340 TIME = 200808/1200 
SLAT = 41.78 SLON = -87.75 SELV = 183.0
STIM = 17

SHOW = 5.24 LIFT = 9.11 SWET = 112.67 KINX = 25.40
LCLP = 940.82 PWAT = 27.76 TOTL = 39.92 CAPE = 0.00
LCLT = 286.57 CINS = 0.00 EQLV = -9999.00 LFCT = -9999.00
BRCH = 0.00

PRES TMPC TMWC DWPC THTE DRCT SKNT OMEG
CFRL HGHT
998.60 18.34 15.85 14.34 321.24 173.66 3.52 0.00
0.00 191.59
995.50 19.34 15.18 12.53 319.48 182.45 13.62 0.00
0.00 218.32
990.10 21.44 14.89 10.49 319.14 183.25 17.11 0.00
0.00 265.30
980.60 22.74 14.69 9.10 319.61 186.04 20.32 0.00
0.00 349.02
966.70 22.24 13.92 7.90 318.99 185.87 20.90 -0.10
0.00 473.10
948.80 21.14 12.72 6.22 317.66 183.15 21.21 -0.10
0.00 635.05
927.50 19.84 11.31 4.19 316.28 181.61 20.78 -0.10
0.00 830.91
904.20 18.64 10.22 2.86 316.21 183.65 18.30 -0.20
0.00 1049.37
878.90 17.24 10.21 4.51 319.65 192.09 13.91 -0.30
0.00 1292.00
850.70 15.84 10.54 6.66 324.65 216.43 10.14 -0.30
0.00 1569.65
819.40 14.64 9.66 5.99 326.62 229.14 9.50 -0.20
0.00 1887.48
785.20 12.94 8.08 4.28 327.12 236.89 10.66 -0.20
0.00 2247.07
748.00 10.94 5.86 1.47 326.59 253.03 11.99 -0.10
0.00 2653.61
707.90 8.04 4.72 1.94 330.01 267.51 17.89 -0.10
0.00 3111.12
664.80 3.94 1.70 -0.40 329.18 280.47 18.18 0.00
0.00 3626.23
618.80 0.44 -3.26 -8.07 324.89 302.47 15.19 0.00
0.00 4205.71
570.50 -2.36 -7.58 -17.52 323.78 297.65 13.81 0.00
0.00 4854.21
523.60 -6.26 -11.13 -22.74 325.31 287.30 12.41 0.00
0.00 5529.87
481.40 -10.76 -14.66 -25.53 326.98 285.71 12.92 0.00
0.00 6181.23
443.70 -14.56 -17.99 -29.67 328.94 278.40 17.29 0.20
0.00 6803.37
409.70 -18.56 -21.20 -31.40 331.10 268.71 17.29 0.30
0.00 7402.41
379.00 -22.86 -24.55 -31.62 332.98 259.29 14.63 0.30
0.00 7978.19
351.30 -27.46 -28.45 -33.30 333.81 275.71 13.66 0.20
0.00 8529.35
326.40 -31.96 -32.40 -35.02 334.43 284.78 14.47 0.00
100.00 9053.42
304.00 -35.66 -36.16 -40.22 335.24 274.05 24.73 0.00
0.00 9551.66
283.80 -39.16 -39.79 -47.76 336.09 265.97 30.38 -0.10
0.00 10026.20
265.70 -42.36 -42.92 -52.61 337.51 263.19 31.10 -0.10
0.00 10474.53
248.80 -44.86 -45.42 -59.58 339.93 263.50 30.89 -0.10
0.00 10916.11
233.60 -47.16 -47.68 -66.97 342.49 265.55 32.54 -0.10
0.00 11335.25
219.60 -49.66 -50.07 -67.41 344.73 270.32 34.97 -0.10
0.00 11741.82
205.70 -51.76 -52.10 -67.88 347.93 276.06 34.97 0.00
0.00 12167.58
191.70 -53.56 -53.85 -68.39 352.13 282.76 31.66 0.00
0.00 12622.51
177.80 -55.46 -55.73 -73.70 356.62 282.65 29.27 0.00
0.00 13104.25
163.80 -58.06 -58.27 -74.24 360.72 282.09 27.82 0.00
0.00 13623.73
149.80 -61.46 -9999.00 -9999.00 -9999.00 287.20 25.62 0.00
0.00 14181.80
135.90 -64.36 -9999.00 -9999.00 -9999.00 272.49 22.36 0.00
0.00 14781.09
121.90 -65.06 -65.16 -76.19 379.71 282.53 26.86 0.00
0.00 15444.42
108.00 -62.96 -63.12 -76.97 397.05 310.73 18.45 0.00
0.00 16185.59
94.00 -62.86 -9999.00 -9999.00 -9999.00 294.06 11.91 0.00
0.00 17040.00
81.00 -61.36 -9999.00 -9999.00 -9999.00 306.19 9.87 0.00
0.00 17959.48
70.60 -60.26 -9999.00 -9999.00 -9999.00 45.00 3.85 0.00
0.00 18813.61
62.20 -59.96 -9999.00 -9999.00 -9999.00 53.13 3.88 0.00
0.00 19603.55
54.30 -58.16 -9999.00 -9999.00 -9999.00 54.09 6.95 0.00
0.00 20454.76
46.90 -57.16 -9999.00 -9999.00 -9999.00 56.73 14.88 0.00
0.00 21378.88
40.10 -56.26 -9999.00 -9999.00 -9999.00 75.03 20.30 0.00
0.00 22371.28
33.80 -54.56 -9999.00 -9999.00 -9999.00 78.08 17.87 0.00
0.00 23460.62
27.80 -50.86 -9999.00 -9999.00 -9999.00 74.05 19.79 0.00
0.00 24721.62
22.30 -47.56 -9999.00 -9999.00 -9999.00 74.45 23.19 0.00
0.00 26166.67
17.10 -44.06 -9999.00 -9999.00 -9999.00 71.98 25.74 0.00
0.00 27933.51
12.30 -41.56 -9999.00 -9999.00 -9999.00 72.38 34.65 0.00
0.00 30154.99

STID = KMDW STNM = 725340 TIME = 200808/1300 
SLAT = 41.78 SLON = -87.75 SELV = 183.0
STIM = 18

SHOW = 4.65 LIFT = 8.59 SWET = 125.28 KINX = 28.25
LCLP = 907.88 PWAT = 31.07 TOTL = 40.68 CAPE = 0.00
LCLT = 285.98 CINS = 0.00 EQLV = -9999.00 LFCT = -9999.00
BRCH = 0.00

PRES TMPC TMWC DWPC THTE DRCT SKNT OMEG
CFRL HGHT
998.90 20.74 16.67 14.30 323.85 182.20 5.05 0.00
0.00 191.66
995.80 20.74 15.78 12.69 321.29 186.55 11.93 0.00
0.00 218.56
990.40 20.44 15.30 12.02 320.46 187.54 13.33 0.00
0.00 265.57
980.90 21.94 14.77 9.90 319.88 190.97 19.39 0.00
0.00 349.03
967.00 21.84 14.36 9.21 320.38 192.36 20.88 0.00
0.00 472.87
949.10 20.74 13.29 7.90 319.41 194.97 20.30 0.00
0.00 634.61
927.80 19.74 11.47 4.70 316.72 194.45 19.46 0.00
0.00 830.30
904.50 18.64 10.08 2.46 315.75 196.03 17.58 0.00
0.00 1048.66
879.20 17.24 10.26 4.61 319.73 204.12 14.26 0.00
0.00 1291.20
850.90 15.54 10.85 7.52 325.57 219.81 10.63 -0.10
0.00 1569.65
819.70 14.14 10.25 7.55 328.41 230.04 9.38 0.00
0.00 1886.05
785.40 12.64 8.73 5.86 329.06 238.11 10.30 0.00
0.00 2246.25
748.20 10.64 6.95 4.08 329.72 255.34 13.05 0.10
0.00 2652.49
708.10 7.84 5.95 4.51 333.53 266.14 17.33 0.10
0.00 3109.80
664.90 4.24 1.74 -0.60 329.28 275.97 16.80 0.20
0.00 3626.27
618.90 0.74 -2.58 -6.61 326.49 297.32 13.11 0.10
0.00 4206.34
570.50 -2.46 -6.00 -11.18 327.40 297.61 14.26 0.10
0.00 4856.68
523.60 -6.36 -10.17 -17.53 327.42 298.41 13.48 0.00
0.00 5532.47
481.40 -10.86 -14.25 -22.68 327.85 291.66 14.22 -0.10
0.00 6183.77
443.70 -14.66 -17.98 -29.11 328.95 280.12 16.57 -0.10
0.00 6805.73
409.70 -18.36 -21.00 -30.95 331.47 271.45 15.35 0.00
0.00 7404.90
379.00 -22.76 -24.42 -31.19 333.22 271.59 13.99 0.00
0.00 7981.04
351.30 -27.66 -28.40 -31.84 333.90 286.56 15.00 0.00
0.00 8532.11
326.40 -32.36 -32.68 -34.53 333.98 288.95 13.75 0.00
100.00 9055.56
304.00 -36.56 -36.99 -40.73 333.90 279.37 19.09 0.00
29.00 9552.44
283.80 -39.36 -40.09 -50.62 335.60 260.68 25.19 0.00
0.00 10025.86
265.70 -42.36 -43.04 -57.61 337.30 260.22 28.57 0.00
0.00 10473.98
248.80 -44.76 -45.35 -61.32 340.04 260.48 30.54 -0.10
0.00 10915.65
233.60 -47.26 -47.75 -63.98 342.38 261.92 33.16 -0.10
0.00 11334.79
219.60 -49.56 -49.95 -64.44 344.93 266.16 34.85 -0.10
0.00 11741.36
205.70 -51.66 -52.01 -67.88 348.09 274.98 33.55 -0.10
0.00 12167.32
191.70 -53.56 -53.85 -68.39 352.13 280.57 29.64 0.00
0.00 12622.35
177.80 -55.36 -55.63 -73.70 356.78 278.01 26.48 0.00
0.00 13104.20
163.80 -57.96 -58.17 -74.24 360.88 276.78 27.97 0.00
0.00 13623.92
149.80 -61.06 -9999.00 -9999.00 -9999.00 283.84 27.60 -0.10
0.00 14182.64
135.90 -64.76 -9999.00 -9999.00 -9999.00 275.23 25.54 -0.10
0.00 14781.93
121.90 -65.96 -66.05 -76.19 378.07 283.65 27.99 0.00
0.00 15443.19
108.00 -63.46 -63.61 -76.97 396.10 307.00 17.75 0.00
0.00 16181.88
94.00 -62.86 -9999.00 -9999.00 -9999.00 285.64 10.08 0.00
0.00 17035.27
81.00 -61.06 -9999.00 -9999.00 -9999.00 303.69 7.71 0.00
0.00 17955.41
70.60 -60.36 -9999.00 -9999.00 -9999.00 69.44 3.32 0.00
0.00 18809.94
62.20 -59.56 -9999.00 -9999.00 -9999.00 38.16 3.46 0.00
0.00 19600.44
54.30 -58.16 -9999.00 -9999.00 -9999.00 58.39 8.90 0.00
0.00 20452.45
46.90 -57.46 -9999.00 -9999.00 -9999.00 67.66 15.33 0.00
0.00 21375.92
40.10 -55.96 -9999.00 -9999.00 -9999.00 82.87 20.36 0.00
0.00 22368.32
33.80 -54.36 -9999.00 -9999.00 -9999.00 82.63 16.65 0.00
0.00 23458.91
27.80 -50.76 -9999.00 -9999.00 -9999.00 74.95 18.71 0.00
0.00 24720.77
22.30 -48.16 -9999.00 -9999.00 -9999.00 80.54 24.81 0.00
0.00 26164.21
17.10 -45.06 -9999.00 -9999.00 -9999.00 71.44 28.69 0.00
0.00 27924.83
12.30 -42.06 -9999.00 -9999.00 -9999.00 73.72 36.01 0.00
0.00 30139.07

STID = KMDW STNM = 725340 TIME = 200808/1400 
SLAT = 41.78 SLON = -87.75 SELV = 183.0
STIM = 19

SHOW = 2.22 LIFT = 7.05 SWET = 154.00 KINX = 30.76
LCLP = 869.09 PWAT = 34.02 TOTL = 44.15 CAPE = 0.00
LCLT = 284.79 CINS = 0.00 EQLV = -9999.00 LFCT = -9999.00
BRCH = 0.00

PRES TMPC TMWC DWPC THTE DRCT SKNT OMEG
CFRL HGHT
998.30 23.14 17.20 13.76 325.62 173.83 7.23 0.00
0.00 192.61
995.30 22.74 16.68 13.05 324.23 174.81 10.72 0.00
0.00 218.85
989.90 22.34 16.23 12.50 323.47 176.48 12.65 0.00
0.00 266.20
980.50 21.74 15.33 11.21 321.76 181.21 18.45 0.00
0.00 349.09
966.60 21.74 14.50 9.59 320.88 183.85 20.24 0.10
0.00 472.94
948.70 20.84 13.57 8.43 320.32 188.58 20.82 0.10
0.00 634.78
927.40 20.04 11.95 5.59 318.18 195.71 19.37 0.20
0.00 830.72
904.10 18.94 11.28 5.22 319.30 201.68 17.35 0.20
0.00 1049.50
878.80 17.54 11.88 7.92 324.70 208.30 14.34 0.20
0.00 1292.60
850.50 15.94 12.10 9.62 329.56 216.87 11.65 0.20
0.00 1571.74
819.20 14.44 11.00 8.73 330.82 223.57 10.99 0.20
0.00 1889.89
785.00 13.04 9.46 6.98 331.37 239.04 11.32 0.20
0.00 2249.81
747.80 11.04 8.83 7.34 335.54 260.54 14.18 0.30
0.00 2657.13
707.70 8.24 6.23 4.73 334.43 266.86 17.70 0.30
0.00 3115.60
664.60 4.74 1.35 -2.00 328.27 279.69 16.16 0.20
0.00 3631.90
618.70 1.04 -2.04 -5.59 327.84 295.84 13.81 0.10
0.00 4211.74
570.30 -2.66 -5.19 -8.48 329.36 301.56 15.97 0.00
0.00 4862.61
523.40 -6.86 -10.13 -16.14 327.59 303.88 16.38 -0.10
0.00 5537.95
481.30 -11.36 -14.23 -20.96 327.95 302.01 14.67 -0.10
0.00 6186.76
443.50 -15.16 -18.02 -26.87 328.99 282.53 14.34 0.00
0.00 6809.45
409.60 -18.56 -21.04 -30.10 331.44 268.36 13.60 0.10
0.00 7406.30
378.90 -22.86 -24.45 -30.92 333.18 282.85 11.36 0.20
0.00 7982.26
351.20 -27.86 -28.62 -32.26 333.54 299.15 11.56 0.30
0.00 8533.14
326.40 -32.56 -33.26 -38.10 333.01 280.82 13.44 0.30
1.00 9054.10
303.90 -36.16 -36.89 -44.16 334.08 265.14 18.32 0.10
5.00 9553.44
283.80 -39.06 -39.96 -55.82 335.79 257.04 25.12 0.00
0.00 10025.27
265.70 -42.06 -42.79 -59.06 337.70 259.14 28.88 -0.10
0.00 10473.97
248.80 -44.56 -45.19 -63.51 340.29 260.37 33.68 -0.10
0.00 10916.12
233.60 -47.26 -47.75 -63.98 342.38 263.62 34.98 -0.10
0.00 11335.44
219.60 -49.46 -49.86 -64.44 345.09 267.34 33.45 -0.10
0.00 11742.10
205.70 -51.46 -51.81 -67.88 348.41 271.76 31.68 -0.10
0.00 12168.34
191.70 -53.36 -53.66 -68.39 352.45 276.94 30.54 -0.10
0.00 12623.79
177.80 -55.66 -55.92 -73.70 356.29 279.99 28.01 0.00
0.00 13105.53
163.80 -58.26 -58.46 -74.24 360.38 277.84 27.06 0.00
0.00 13624.52
149.80 -61.36 -61.50 -74.84 364.36 279.12 26.96 0.00
0.00 14182.47
135.90 -64.66 -9999.00 -9999.00 -9999.00 275.58 25.95 0.00
0.00 14781.47
121.90 -65.76 -65.85 -76.19 378.44 283.06 27.53 0.00
0.00 15443.21
108.00 -63.46 -63.61 -76.97 396.10 306.36 17.37 0.00
0.00 16182.26
94.00 -63.16 -9999.00 -9999.00 -9999.00 282.53 8.95 0.00
0.00 17035.03
81.00 -61.36 -9999.00 -9999.00 -9999.00 298.89 6.43 0.00
0.00 17953.86
70.60 -61.06 -9999.00 -9999.00 -9999.00 71.57 3.07 0.00
0.00 18806.38
62.20 -59.56 -9999.00 -9999.00 -9999.00 20.77 6.02 0.00
0.00 19595.58
54.30 -57.76 -9999.00 -9999.00 -9999.00 59.20 11.75 0.00
0.00 20448.39
46.90 -57.16 -9999.00 -9999.00 -9999.00 86.47 15.77 0.00
0.00 21373.36
40.10 -56.06 -9999.00 -9999.00 -9999.00 104.20 16.63 0.00
0.00 22366.22
33.80 -53.96 -9999.00 -9999.00 -9999.00 88.32 13.21 0.00
0.00 23457.56
27.80 -50.96 -9999.00 -9999.00 -9999.00 79.42 17.99 0.00
0.00 24719.99
22.30 -48.16 -9999.00 -9999.00 -9999.00 72.76 23.60 0.00
0.00 26162.78
17.10 -44.86 -9999.00 -9999.00 -9999.00 71.12 31.82 0.00
0.00 27924.18
12.30 -42.76 -9999.00 -9999.00 -9999.00 75.75 37.88 0.00
0.00 30136.01

STID = KMDW STNM = 725340 TIME = 200808/1500 
SLAT = 41.78 SLON = -87.75 SELV = 183.0
STIM = 20

SHOW = 0.27 LIFT = 5.25 SWET = 180.69 KINX = 31.43
LCLP = 815.80 PWAT = 36.28 TOTL = 46.51 CAPE = 0.00
LCLT = 282.16 CINS = 0.00 EQLV = -9999.00 LFCT = -9999.00
BRCH = 0.00

PRES TMPC TMWC DWPC THTE DRCT SKNT OMEG
CFRL HGHT
998.00 25.74 17.21 12.05 325.51 182.60 8.55 0.00
0.00 192.69
995.10 25.04 16.84 11.80 324.66 181.91 11.65 0.00
0.00 218.26
989.60 24.34 16.48 11.60 324.21 182.45 13.62 -0.10
0.00 266.83
980.20 23.34 15.94 11.28 323.70 182.79 15.95 -0.10
0.00 350.24
966.30 22.14 15.25 10.83 323.32 184.30 18.12 -0.20
0.00 474.57
948.40 20.84 14.16 9.68 322.23 186.71 19.95 -0.30
0.00 636.64
927.10 19.94 13.34 8.78 322.49 196.10 19.62 -0.30
0.00 832.74
903.80 19.04 13.02 8.95 324.71 204.34 17.91 -0.20
0.00 1051.80
878.50 17.74 13.47 10.84 329.86 213.29 15.58 -0.20
0.00 1295.36
850.20 16.04 13.28 11.64 333.52 221.63 14.02 -0.30
0.00 1575.00
818.90 14.24 11.81 10.30 333.51 225.59 13.33 -0.20
0.00 1893.42
784.70 12.74 10.16 8.46 333.63 236.79 12.76 -0.20
0.00 2253.37
747.50 10.94 9.31 8.24 337.13 253.84 13.95 -0.10
2.00 2660.74
707.30 8.64 5.78 3.57 333.17 265.12 15.99 0.00
0.00 3120.81
664.40 5.34 1.11 -3.26 327.65 286.35 15.19 0.00
0.00 3635.69
618.50 1.24 -1.59 -4.72 328.98 300.68 13.33 0.00
0.00 4216.52
570.10 -2.96 -5.38 -8.56 328.95 312.92 15.11 0.00
0.00 4867.54
523.30 -7.26 -10.34 -16.03 327.18 312.75 14.02 0.10
0.00 5540.75
481.10 -11.26 -14.01 -20.22 328.45 303.44 12.33 0.20
0.00 6190.95
443.40 -15.16 -17.90 -26.11 329.25 275.36 12.49 0.20
0.00 6812.35
409.50 -18.36 -20.80 -29.43 331.91 270.00 11.46 0.20
0.00 7409.59
378.80 -22.66 -24.48 -32.22 333.15 292.89 9.48 0.30
0.00 7986.14
351.20 -27.66 -29.23 -39.35 332.46 289.65 11.56 0.30
0.00 8535.48
326.30 -31.96 -33.27 -45.56 332.96 285.07 15.70 0.20
22.00 9059.38
303.90 -36.16 -36.91 -44.54 334.04 268.87 19.62 0.00
0.00 9557.17
283.80 -39.56 -40.29 -51.31 335.27 257.61 26.24 -0.10
0.00 10028.51
265.60 -42.46 -43.15 -59.06 337.15 258.55 31.31 -0.10
0.00 10478.90
248.80 -45.06 -45.68 -66.51 339.50 264.29 31.24 -0.10
0.00 10917.65
233.60 -47.16 -47.66 -63.98 342.53 268.55 30.71 -0.10
0.00 11336.60
219.60 -49.16 -49.57 -64.44 345.55 270.00 31.08 -0.10
0.00 11743.62
205.70 -51.26 -51.62 -67.88 348.72 272.07 32.26 0.00
0.00 12170.34
191.70 -53.36 -53.66 -68.39 352.45 276.95 32.09 0.00
0.00 12626.00
177.80 -55.76 -56.02 -73.70 356.13 281.16 30.09 0.00
0.00 13107.63
163.80 -58.36 -58.56 -74.24 360.21 279.40 27.37 0.00
0.00 13626.39
149.80 -61.46 -61.60 -74.84 364.19 277.02 27.00 0.00
0.00 14184.07
135.90 -64.26 -9999.00 -9999.00 -9999.00 274.59 26.69 0.00
0.00 14783.50
121.90 -64.86 -64.97 -76.19 380.08 281.31 27.74 0.00
0.00 15447.31
108.00 -63.36 -63.52 -76.97 396.29 308.56 17.13 0.00
0.00 16188.12
94.00 -62.86 -9999.00 -9999.00 -9999.00 275.83 9.58 0.00
0.00 17041.72
81.00 -61.06 -9999.00 -9999.00 -9999.00 287.65 4.49 0.00
0.00 17961.85
70.60 -61.26 -9999.00 -9999.00 -9999.00 85.91 2.72 0.00
0.00 18814.57
62.20 -59.26 -9999.00 -9999.00 -9999.00 22.11 6.70 0.00
0.00 19603.96
54.30 -57.66 -9999.00 -9999.00 -9999.00 75.07 12.06 0.00
0.00 20457.56
46.90 -56.96 -9999.00 -9999.00 -9999.00 98.69 14.14 0.00
0.00 21383.18
40.10 -55.76 -9999.00 -9999.00 -9999.00 112.48 12.20 0.00
0.00 22377.18
33.80 -53.46 -9999.00 -9999.00 -9999.00 80.98 12.39 0.00
0.00 23470.53
27.80 -51.26 -9999.00 -9999.00 -9999.00 75.49 17.06 0.00
0.00 24733.52
22.30 -48.56 -9999.00 -9999.00 -9999.00 63.86 23.37 0.00
0.00 26174.06
17.10 -44.56 -9999.00 -9999.00 -9999.00 74.44 31.86 0.00
0.00 27935.07
12.30 -42.56 -9999.00 -9999.00 -9999.00 77.91 38.93 0.00
0.00 30149.31

STID = KMDW STNM = 725340 TIME = 200808/1600 
SLAT = 41.78 SLON = -87.75 SELV = 183.0
STIM = 21

SHOW = -0.17 LIFT = 4.19 SWET = 196.97 KINX = 34.64
LCLP = 802.54 PWAT = 39.52 TOTL = 46.25 CAPE = 0.00
LCLT = 282.15 CINS = 0.00 EQLV = -9999.00 LFCT = -9999.00
BRCH = 0.00

PRES TMPC TMWC DWPC THTE DRCT SKNT OMEG
CFRL HGHT
998.10 27.14 17.80 12.29 327.48 193.39 8.39 0.00
0.00 192.73
995.10 26.34 17.45 12.14 326.69 192.09 11.13 0.00
0.00 219.30
989.60 25.64 17.14 12.04 326.41 191.66 12.49 0.00
0.00 268.10
980.20 24.64 16.69 11.88 326.17 192.09 13.91 -0.10
0.00 351.88
966.30 23.24 16.06 11.67 325.96 193.32 15.17 -0.20
0.00 476.76
948.40 21.64 15.32 11.40 325.96 194.71 16.06 -0.20
0.00 639.42
927.10 19.84 14.58 11.31 326.51 198.84 17.44 -0.30
0.00 835.89
903.70 18.34 14.13 11.56 328.38 207.12 17.89 -0.30
0.00 1055.80
878.40 17.14 14.11 12.34 332.05 214.78 17.04 -0.30
0.00 1299.03
850.10 15.64 13.96 12.99 335.86 222.84 14.57 -0.30
0.00 1578.38
818.80 13.94 12.55 11.72 336.02 230.83 13.54 -0.20
6.00 1896.64
784.60 12.44 10.94 10.00 336.20 243.09 14.59 -0.10
4.00 2256.46
747.40 10.34 9.53 8.99 337.86 255.49 17.06 -0.10
11.00 2663.41
707.20 7.74 6.56 5.70 335.53 258.42 16.45 -0.10
7.00 3122.55
664.20 5.14 1.74 -1.53 329.36 277.88 12.74 0.00
0.00 3638.01
618.30 1.24 -1.45 -4.39 329.36 301.16 9.75 0.10
0.00 4218.94
570.00 -3.06 -5.61 -9.04 328.44 322.31 10.80 0.10
0.00 4868.66
523.20 -6.76 -10.22 -16.73 327.42 311.99 10.45 0.10
0.00 5542.44
481.10 -10.56 -13.51 -20.01 329.43 295.46 13.56 0.10
0.00 6192.62
443.40 -14.86 -17.74 -26.43 329.53 282.53 16.12 0.10
0.00 6815.21
409.50 -18.66 -20.98 -29.17 331.59 276.34 14.06 0.20
0.00 7412.45
378.80 -22.76 -24.65 -33.01 332.84 277.28 9.21 0.20
0.00 7988.54
351.20 -27.56 -29.31 -41.75 332.30 286.93 9.34 0.20
0.00 8537.86
326.30 -31.96 -33.05 -41.79 333.35 285.61 13.71 0.20
0.00 9061.87
303.90 -36.26 -36.95 -43.80 333.97 266.75 17.11 0.00
0.00 9559.57
283.80 -39.76 -40.42 -49.97 335.07 257.47 25.08 -0.10
0.00 10030.61
265.60 -42.76 -43.43 -59.06 336.71 264.05 28.13 -0.10
0.00 10480.52
248.80 -45.16 -45.77 -66.51 339.35 270.40 27.78 0.00
0.00 10918.89
233.60 -47.16 -47.68 -66.97 342.49 269.19 27.58 0.00
0.00 11337.75
219.60 -48.86 -49.29 -64.44 346.01 266.28 29.97 0.10
0.00 11745.04
205.70 -50.86 -51.24 -67.88 349.35 269.66 32.63 0.10
0.00 12172.43
191.70 -53.26 -53.56 -68.39 352.61 276.45 32.85 0.10
0.00 12628.60
177.80 -55.66 -55.92 -73.70 356.29 280.73 30.24 0.00
0.00 13110.45
163.80 -58.36 -58.56 -74.24 360.21 278.65 27.12 0.00
0.00 13629.33
149.80 -61.26 -61.41 -74.84 364.54 274.17 26.69 0.00
0.00 14187.27
135.90 -64.06 -9999.00 -9999.00 -9999.00 273.84 26.09 0.00
0.00 14787.28
121.90 -64.66 -64.77 -76.19 380.44 282.90 26.11 0.00
0.00 15451.72
108.00 -63.96 -64.10 -76.97 395.16 313.58 16.63 0.00
0.00 16191.83
94.00 -63.16 -9999.00 -9999.00 -9999.00 278.91 10.02 0.00
0.00 17043.59
81.00 -61.06 -9999.00 -9999.00 -9999.00 295.02 3.22 0.00
0.00 17963.08
70.60 -61.36 -9999.00 -9999.00 -9999.00 77.47 1.79 0.00
0.00 18815.59
62.20 -58.56 -9999.00 -9999.00 -9999.00 34.22 5.87 0.00
0.00 19606.09
54.30 -57.16 -9999.00 -9999.00 -9999.00 94.21 13.25 0.00
0.00 20462.08
46.90 -56.56 -9999.00 -9999.00 -9999.00 101.31 13.87 0.00
0.00 21389.63
40.10 -54.96 -9999.00 -9999.00 -9999.00 92.39 9.32 0.00
0.00 22386.38
33.80 -52.46 -9999.00 -9999.00 -9999.00 61.53 13.03 0.00
0.00 23484.23
27.80 -50.86 -9999.00 -9999.00 -9999.00 63.73 17.11 0.00
0.00 24751.23
22.30 -48.96 -9999.00 -9999.00 -9999.00 62.64 24.94 0.00
0.00 26191.77
17.10 -45.26 -9999.00 -9999.00 -9999.00 77.03 30.30 0.00
0.00 27948.50
12.30 -41.86 -9999.00 -9999.00 -9999.00 83.22 39.51 0.00
0.00 30162.74
STN YYMMDD/HHMM PMSL PRES SKTC STC1 SNFL WTNS
P01M C01M STC2 LCLD MCLD HCLD
SNRA UWND VWND R01M BFGR T2MS
Q2MS WXTS WXTP WXTZ WXTR USTM
VSTM HLCY SLLH WSYM CDBP VSBK
TD2M
725340 200807/1900 1020.60 999.20 37.24 310.40 -9999.00 0.00
-9999.00 -9999.00 309.20 15.00 3.00 0.00
-9999.00 -4.10 -0.30 -9999.00 -9999.00 27.04
9.99 0.00 0.00 0.00 0.00 -0.20
-8.00 44.20 -9999.00 999.00 -9999.00 20.00
13.76
725340 200807/2000 1019.90 998.60 37.04 310.20 0.00 100.00
0.00 0.00 309.20 15.00 3.00 0.00
-9999.00 -3.90 -0.10 -9999.00 -9999.00 27.44
9.76 0.00 0.00 0.00 0.00 -0.50
-7.20 68.00 -9999.00 999.00 -9999.00 20.00
13.40
725340 200807/2100 1019.70 998.40 36.04 309.20 0.00 100.00
0.00 0.00 308.50 18.00 0.00 0.00
-9999.00 -3.90 0.20 -9999.00 -9999.00 27.74
9.67 0.00 0.00 0.00 0.00 -1.00
-6.60 62.10 -9999.00 999.00 -9999.00 20.00
13.26
725340 200807/2200 1019.70 998.30 33.44 306.60 0.00 100.00
0.00 0.00 306.40 26.00 0.00 0.00
-9999.00 -3.70 0.60 -9999.00 -9999.00 27.54
9.70 0.00 0.00 0.00 0.00 -1.50
-6.20 49.00 -9999.00 999.00 -9999.00 20.00
13.30
725340 200807/2300 1019.20 997.90 31.24 304.40 0.00 100.00
0.00 0.00 304.50 18.00 80.00 0.00
-9999.00 -3.40 1.00 -9999.00 -9999.00 27.34
9.75 0.00 0.00 0.00 0.00 -1.20
-6.30 33.10 -9999.00 999.00 -9999.00 20.00
13.37
725340 200808/0000 1019.30 998.00 28.24 301.40 0.00 100.00
0.00 0.00 302.00 0.00 71.00 24.00
-9999.00 -3.00 1.00 -9999.00 -9999.00 26.54
9.89 0.00 0.00 0.00 0.00 -1.40
-6.30 21.10 -9999.00 999.00 -9999.00 20.00
13.59
725340 200808/0100 1019.70 998.30 24.94 298.10 0.00 100.00
0.00 0.00 298.90 0.00 33.00 4.00
-9999.00 -2.60 1.00 -9999.00 -9999.00 24.94
10.51 0.00 0.00 0.00 0.00 -1.70
-6.00 9.40 -9999.00 999.00 -9999.00 20.00
14.52
725340 200808/0200 1019.70 998.30 23.14 296.30 0.00 100.00
0.00 0.00 297.00 0.00 0.00 0.00
-9999.00 -1.70 0.90 -9999.00 -9999.00 23.44
11.47 0.00 0.00 0.00 0.00 -2.40
-5.30 4.30 -9999.00 999.00 -9999.00 20.00
15.85
725340 200808/0300 1019.90 998.50 21.94 295.10 0.00 100.00
0.00 0.00 295.70 0.00 100.00 0.00
-9999.00 -1.30 1.10 -9999.00 -9999.00 22.24
12.23 0.00 0.00 0.00 0.00 -2.70
-4.70 6.70 -9999.00 999.00 -9999.00 20.00
16.84
725340 200808/0400 1020.40 998.90 20.94 294.10 0.00 100.00
0.00 0.00 294.70 0.00 32.00 0.00
-9999.00 -1.50 1.10 -9999.00 -9999.00 21.44
12.64 0.00 0.00 0.00 0.00 -2.50
-4.90 17.60 -9999.00 999.00 -9999.00 20.00
17.36
725340 200808/0500 1020.40 998.90 20.04 293.20 0.00 100.00
0.00 0.00 293.80 0.00 100.00 0.00
-9999.00 -1.10 1.60 -9999.00 -9999.00 20.54
12.77 0.00 0.00 0.00 0.00 -1.70
-5.30 17.00 -9999.00 999.00 -9999.00 20.00
17.52
725340 200808/0600 1020.60 999.10 19.34 292.50 0.00 100.00
0.00 0.00 293.00 0.00 100.00 0.00
-9999.00 -0.70 1.80 -9999.00 -9999.00 19.84
12.53 0.00 0.00 0.00 0.00 -0.80
-5.50 11.60 -9999.00 999.00 -9999.00 20.00
17.23
725340 200808/0700 1020.80 999.20 18.64 291.80 0.00 100.00
0.00 0.00 292.30 0.00 46.00 0.00
-9999.00 -0.30 1.90 -9999.00 -9999.00 19.24
12.13 0.00 0.00 0.00 0.00 0.20
-5.50 8.80 -9999.00 999.00 -9999.00 20.00
16.73
725340 200808/0800 1020.10 998.60 17.94 291.10 0.00 100.00
0.00 0.00 291.60 0.00 100.00 0.00
-9999.00 0.10 2.10 -9999.00 -9999.00 18.64
11.59 0.00 0.00 0.00 0.00 0.10
-5.00 10.60 -9999.00 999.00 -9999.00 20.00
16.02
725340 200808/0900 1020.10 998.50 17.24 290.40 0.00 100.00
0.00 0.00 290.90 0.00 100.00 0.00
-9999.00 0.00 2.10 -9999.00 -9999.00 17.94
11.22 0.00 0.00 0.00 0.00 0.20
-4.40 26.40 -9999.00 999.00 -9999.00 20.00
15.52
725340 200808/1000 1020.90 999.30 16.74 289.90 0.00 100.00
0.00 0.00 290.30 0.00 100.00 0.00
-9999.00 -0.10 2.10 -9999.00 -9999.00 17.44
10.93 0.00 0.00 0.00 0.00 -0.70
-3.00 37.10 -9999.00 999.00 -9999.00 20.00
15.13
725340 200808/1100 1021.10 999.40 16.34 289.50 0.00 100.00
0.00 0.00 289.90 0.00 100.00 0.00
-9999.00 -0.30 2.20 -9999.00 -9999.00 17.04
10.71 0.00 0.00 0.00 0.00 -0.90
-2.50 56.80 -9999.00 999.00 -9999.00 20.00
14.82
725340 200808/1200 1021.20 999.60 17.64 290.80 0.00 100.00
0.00 0.00 290.80 0.00 100.00 0.00
-9999.00 -0.20 1.90 -9999.00 -9999.00 17.94
10.80 0.00 0.00 0.00 0.00 -1.30
-2.10 68.40 -9999.00 999.00 -9999.00 20.00
14.95
725340 200808/1300 1021.40 999.90 20.44 293.60 0.00 100.00
0.00 0.00 293.20 0.00 100.00 0.00
-9999.00 0.20 2.60 -9999.00 -9999.00 20.44
10.90 0.00 0.00 0.00 0.00 -1.30
-1.60 71.40 -9999.00 999.00 -9999.00 20.00
15.10
725340 200808/1400 1020.90 999.40 23.94 297.10 0.00 100.00
0.00 0.00 296.20 0.00 5.00 0.00
-9999.00 -0.50 3.80 -9999.00 -9999.00 22.94
10.49 0.00 0.00 0.00 0.00 -1.10
-1.90 100.20 -9999.00 999.00 -9999.00 20.00
14.50
725340 200808/1500 1020.50 999.10 30.74 303.90 0.00 100.00
0.00 0.00 302.00 2.00 22.00 0.00
-9999.00 -0.30 4.70 -9999.00 -9999.00 26.04
9.05 0.00 0.00 0.00 0.00 -1.30
-2.00 104.60 -9999.00 999.00 -9999.00 20.00
12.27
725340 200808/1600 1020.50 999.20 35.24 308.40 0.00 100.00
0.00 0.00 306.50 11.00 0.00 0.00
-9999.00 0.60 4.60 -9999.00 -9999.00 27.84
9.09 0.00 0.00 0.00 0.00 -1.10
-2.20 84.60 -9999.00 999.00 -9999.00 20.00
12.34


