
SNPARM = PRES;TMPC;TMWC;DWPC;THTE;DRCT;SKNT;OMEG;CFRL;HGHT 
STNPRM = SHOW;LIFT;SWET;KINX;LCLP;PWAT;TOTL;CAPE;LCLT;CINS;EQLV;LFCT;BRCH 

STID = KMDW STNM = 725340 TIME = 200808/2000 
SLAT = 41.78 SLON = -87.75 SELV = 183.0
STIM = 0

SHOW = -2.90 LIFT = -3.76 SWET = 236.60 KINX = 36.81
LCLP = 874.65 PWAT = 45.00 TOTL = 49.28 CAPE = 780.91
LCLT = 290.78 CINS = -0.12 EQLV = 252.35 LFCT = 875.45
BRCH = 93.20

PRES TMPC TMWC DWPC THTE DRCT SKNT OMEG
CFRL HGHT
996.10 28.64 22.38 19.72 345.91 192.99 7.77 0.00
0.00 191.94
993.00 27.84 22.10 19.64 345.19 190.41 9.67 0.00
0.00 219.68
987.50 27.34 21.91 19.57 345.21 189.82 10.26 -0.10
0.00 269.01
978.00 26.44 21.44 19.26 344.70 188.43 10.61 -0.10
0.00 354.65
964.10 25.14 20.64 18.63 343.52 189.46 10.63 -0.20
0.00 480.99
946.20 23.34 19.82 18.20 342.91 190.30 10.86 -0.30
0.00 645.52
924.80 21.34 18.98 17.87 342.90 194.04 11.21 -0.30
0.00 845.06
901.50 19.14 18.90 18.73 346.32 199.33 11.73 -0.20
0.00 1066.13
876.10 17.24 17.11 16.99 343.32 219.71 14.90 0.00
39.00 1312.01
847.80 15.54 15.48 15.39 341.73 236.63 19.08 0.20
53.00 1592.57
816.70 14.24 12.77 11.90 337.10 245.15 20.34 0.30
26.00 1909.94
782.60 13.84 10.16 7.73 333.97 246.04 17.21 0.30
2.00 2270.57
745.60 11.34 8.36 6.29 334.44 249.44 13.29 0.20
0.00 2677.68
705.70 8.04 6.44 5.26 335.41 241.82 12.33 0.00
7.00 3135.23
662.90 5.44 1.52 -2.37 328.98 240.12 10.53 -0.10
0.00 3649.80
617.20 1.84 -0.55 -2.97 331.85 233.75 3.61 -0.20
0.00 4230.27
569.10 -2.16 -5.57 -10.32 328.67 344.05 4.23 -0.10
0.00 4880.21
522.40 -7.16 -11.78 -23.26 324.25 315.00 5.23 -0.10
0.00 5553.98
480.50 -10.76 -14.67 -25.55 327.16 267.84 10.30 0.00
0.00 6200.95
443.00 -14.76 -17.99 -28.59 329.11 258.84 15.05 0.00
0.00 6820.63
409.20 -18.86 -20.33 -24.59 332.93 262.79 17.04 0.10
0.00 7416.53
378.50 -22.46 -23.96 -29.64 334.17 262.37 21.95 0.10
32.00 7993.29
351.00 -25.56 -28.01 -48.76 334.47 252.77 26.24 0.10
0.00 8543.55
326.20 -29.16 -31.33 -69.53 336.08 252.21 27.33 0.10
0.00 9070.76
303.80 -33.16 -34.80 -65.05 337.40 260.88 26.96 0.00
0.00 9574.68
283.70 -36.76 -38.00 -62.52 338.95 266.00 27.84 0.00
0.00 10051.95
265.60 -39.76 -40.72 -60.81 341.05 264.29 33.18 0.00
0.00 10505.24
248.80 -42.76 -43.53 -63.51 342.97 263.76 35.76 0.00
0.00 10948.77
233.60 -45.36 -46.00 -66.97 345.22 269.70 37.49 0.00
0.00 11371.51
219.60 -48.26 -48.75 -67.41 346.89 274.84 36.85 0.00
0.00 11780.97
205.70 -51.56 -51.93 -72.71 348.20 275.93 30.07 0.00
0.00 12208.26
191.70 -53.86 -54.16 -73.19 351.60 269.14 26.03 0.00
0.00 12663.09
177.70 -55.86 -56.12 -73.70 356.02 266.27 26.86 0.00
0.00 13147.65
163.80 -58.46 -58.66 -74.24 360.04 271.25 26.81 0.00
0.00 13662.61
149.80 -61.26 -61.41 -74.84 364.54 276.79 24.65 -0.10
0.00 14220.42
135.90 -63.56 -63.68 -75.48 370.75 279.54 22.26 -0.10
0.00 14821.14
121.90 -64.66 -9999.00 -9999.00 -9999.00 273.89 20.05 0.00
0.00 15486.38
108.00 -64.66 -9999.00 -9999.00 -9999.00 261.44 18.26 0.00
0.00 16225.24
94.00 -63.96 -9999.00 -9999.00 -9999.00 270.00 12.82 0.00
0.00 17073.96
81.00 -62.66 -9999.00 -9999.00 -9999.00 248.20 4.18 0.00
0.00 17988.21
70.60 -61.86 -9999.00 -9999.00 -9999.00 257.47 5.38 0.00
0.00 18836.50
62.20 -58.66 -9999.00 -9999.00 -9999.00 59.53 3.83 0.00
0.00 19625.89
54.30 -58.66 -9999.00 -9999.00 -9999.00 112.38 7.15 0.00
0.00 20478.69
46.90 -57.96 -9999.00 -9999.00 -9999.00 100.30 8.68 0.00
0.00 21400.03
40.10 -57.06 -9999.00 -9999.00 -9999.00 75.26 11.44 0.00
0.00 22388.76
33.80 -53.46 -9999.00 -9999.00 -9999.00 71.76 18.01 0.00
0.00 23478.85
27.80 -49.76 -9999.00 -9999.00 -9999.00 78.90 21.17 0.00
0.00 24746.13
22.30 -46.96 -9999.00 -9999.00 -9999.00 86.42 21.79 0.00
0.00 26196.67
17.10 -44.76 -9999.00 -9999.00 -9999.00 83.77 21.50 0.00
0.00 27963.12
12.30 -41.66 -9999.00 -9999.00 -9999.00 85.89 27.08 0.00
0.00 30180.74

STID = KMDW STNM = 725340 TIME = 200808/2100 
SLAT = 41.78 SLON = -87.75 SELV = 183.0
STIM = 1

SHOW = -2.40 LIFT = -4.20 SWET = 220.58 KINX = 36.36
LCLP = 868.95 PWAT = 44.28 TOTL = 49.23 CAPE = 973.37
LCLT = 290.76 CINS = -6.36 EQLV = 240.79 LFCT = 840.36
BRCH = 83.56

PRES TMPC TMWC DWPC THTE DRCT SKNT OMEG
CFRL HGHT
995.70 29.14 22.57 19.79 346.76 184.64 7.21 0.00
0.00 192.86
992.70 28.34 22.28 19.69 345.97 184.76 9.36 0.00
0.00 219.76
987.20 27.64 22.01 19.59 345.67 183.18 10.51 0.00
0.00 269.17
977.70 26.74 21.63 19.42 345.54 183.95 11.29 0.00
0.00 354.93
963.80 25.44 21.08 19.17 345.39 185.62 11.91 0.00
0.00 481.46
945.90 23.84 20.38 18.85 345.32 188.26 12.16 0.00
0.00 646.31
924.50 21.84 19.51 18.44 345.10 192.34 12.72 0.00
0.00 846.32
901.10 19.94 18.43 17.71 344.51 203.20 13.31 0.20
0.00 1068.89
875.80 18.14 17.08 16.54 343.28 225.50 15.79 0.30
34.00 1314.51
847.50 16.44 15.10 14.37 340.38 239.93 17.06 0.50
20.00 1595.94
816.40 14.84 12.58 11.25 336.51 249.29 17.04 0.60
21.00 1914.13
782.30 13.84 10.16 7.73 334.02 249.95 15.31 0.60
0.00 2275.22
745.30 11.94 8.59 6.28 335.19 251.30 13.33 0.40
0.00 2682.92
705.40 8.34 6.43 5.03 335.44 247.71 12.80 0.20
0.00 3141.37
662.70 5.44 1.63 -2.10 329.31 249.68 11.19 0.10
0.00 3655.20
617.00 1.74 -0.68 -3.14 331.57 243.43 4.78 0.10
0.00 4235.75
568.90 -2.36 -5.58 -10.04 328.68 321.34 3.73 0.10
0.00 4885.55
522.30 -7.16 -12.13 -25.67 323.52 308.66 4.97 0.10
0.00 5557.79
480.40 -10.76 -14.93 -27.46 326.62 266.76 10.31 0.10
0.00 6204.81
442.90 -14.66 -17.58 -26.23 329.96 259.70 15.21 0.10
0.00 6824.75
409.10 -18.66 -19.94 -23.43 333.70 264.35 17.75 0.10
0.00 7421.20
378.50 -22.16 -24.72 -38.62 332.72 264.94 22.03 0.00
0.00 7996.66
351.00 -25.56 -9999.00 -9999.00 -9999.00 259.62 25.87 -0.10
0.00 8547.14
326.20 -29.36 -9999.00 -9999.00 -9999.00 259.66 27.06 -0.10
0.00 9074.11
303.80 -33.36 -34.95 -61.99 337.16 260.25 25.23 -0.10
0.00 9577.62
283.70 -36.86 -38.04 -58.54 338.89 261.87 27.47 -0.10
0.00 10054.59
265.60 -39.86 -40.83 -63.02 340.86 258.95 33.45 -0.10
0.00 10507.69
248.80 -42.76 -43.55 -66.51 342.92 259.42 35.96 0.00
0.00 10951.13
233.60 -45.26 -45.90 -66.97 345.37 266.21 38.15 0.00
0.00 11373.95
219.60 -48.06 -48.58 -72.27 347.16 270.30 37.68 0.00
0.00 11783.69
205.70 -51.16 -51.55 -72.71 348.83 270.37 29.91 0.00
0.00 12211.55
191.70 -53.46 -53.78 -73.19 352.24 262.51 26.85 0.00
0.00 12667.20
177.70 -55.56 -55.83 -73.70 356.51 258.31 28.77 0.00
0.00 13152.54
163.80 -58.36 -58.56 -74.24 360.21 263.02 28.77 -0.10
0.00 13667.98
149.80 -61.46 -61.60 -74.84 364.19 271.27 26.22 -0.10
0.00 14225.66
135.90 -64.06 -64.17 -75.48 369.87 274.76 23.39 -0.10
0.00 14825.38
121.90 -65.06 -9999.00 -9999.00 -9999.00 269.47 20.98 0.00
0.00 15489.18
108.00 -65.26 -9999.00 -9999.00 -9999.00 256.88 20.55 0.00
0.00 16226.28
94.00 -64.76 -9999.00 -9999.00 -9999.00 267.65 14.20 0.00
0.00 17072.14
81.00 -63.16 -9999.00 -9999.00 -9999.00 260.91 4.91 0.00
0.00 17983.57
70.60 -61.56 -9999.00 -9999.00 -9999.00 307.41 4.16 0.00
0.00 18831.46
62.20 -58.66 -9999.00 -9999.00 -9999.00 70.64 7.61 0.00
0.00 19621.40
54.30 -58.96 -9999.00 -9999.00 -9999.00 105.02 8.24 0.00
0.00 20473.61
46.90 -58.36 -9999.00 -9999.00 -9999.00 81.70 9.42 0.00
0.00 21393.44
40.10 -56.16 -9999.00 -9999.00 -9999.00 64.20 12.94 0.00
0.00 22383.32
33.80 -52.66 -9999.00 -9999.00 -9999.00 75.69 19.64 0.00
0.00 23477.66
27.80 -49.96 -9999.00 -9999.00 -9999.00 83.66 19.35 0.00
0.00 24746.67
22.30 -47.66 -9999.00 -9999.00 -9999.00 88.11 17.68 0.00
0.00 26194.30
17.10 -45.06 -9999.00 -9999.00 -9999.00 79.70 17.37 0.00
0.00 27956.87
12.30 -41.36 -9999.00 -9999.00 -9999.00 82.13 24.13 0.00
0.00 30174.48

STID = KMDW STNM = 725340 TIME = 200808/2200 
SLAT = 41.78 SLON = -87.75 SELV = 183.0
STIM = 2

SHOW = -2.27 LIFT = -4.33 SWET = 214.67 KINX = 35.67
LCLP = 864.06 PWAT = 43.17 TOTL = 49.27 CAPE = 1046.81
LCLT = 290.65 CINS = -32.18 EQLV = 237.00 LFCT = 729.89
BRCH = 64.21

PRES TMPC TMWC DWPC THTE DRCT SKNT OMEG
CFRL HGHT
994.80 29.44 22.63 19.76 347.17 184.18 7.98 0.00
0.00 191.98
991.80 28.74 22.37 19.66 346.50 183.18 10.51 0.00
0.00 218.93
986.30 28.14 22.12 19.55 346.29 182.82 11.87 0.00
0.00 268.46
976.90 27.14 21.72 19.39 346.06 183.47 12.84 0.00
0.00 353.52
962.90 25.84 21.16 19.13 345.90 184.97 13.46 -0.10
0.00 481.24
945.00 24.24 20.47 18.80 345.80 187.33 13.71 -0.10
0.00 646.47
923.60 22.34 19.61 18.38 345.69 191.15 14.06 -0.10
0.00 846.97
900.30 20.44 18.50 17.58 344.90 199.98 13.64 0.00
0.00 1069.16
875.00 18.64 17.03 16.23 343.22 223.88 14.01 0.30
12.00 1315.40
846.80 16.84 14.99 14.00 340.10 238.90 14.30 0.50
17.00 1596.47
815.70 15.14 12.49 10.92 336.31 248.20 14.65 0.60
15.00 1915.26
781.70 14.54 10.01 6.94 333.59 253.01 14.63 0.40
0.00 2276.14
744.80 12.34 8.44 5.70 334.78 253.61 13.77 0.20
0.00 2683.72
704.90 8.54 6.14 4.35 334.66 252.43 12.22 0.10
0.00 3142.88
662.20 5.74 1.70 -2.27 329.56 258.47 9.71 0.10
0.00 3657.48
616.60 2.04 -0.73 -3.59 331.50 270.00 4.86 0.10
0.00 4237.76
568.60 -2.16 -6.09 -11.99 327.54 313.73 6.18 0.20
0.00 4887.06
522.10 -6.96 -12.14 -26.82 323.49 306.61 8.47 0.20
0.00 5558.55
480.30 -10.86 -15.13 -28.54 326.24 276.65 11.73 0.10
0.00 6204.31
442.80 -14.86 -17.15 -23.11 330.86 269.26 14.96 0.10
0.00 6824.08
409.00 -18.66 -20.08 -24.09 333.44 267.48 17.70 0.10
2.00 7420.48
378.40 -22.06 -25.13 -49.57 331.91 267.95 21.78 0.00
0.00 7996.14
350.90 -25.96 -9999.00 -9999.00 -9999.00 270.48 23.31 -0.10
0.00 8546.40
326.10 -29.76 -31.81 -64.52 335.33 263.26 24.84 -0.10
0.00 9072.67
303.80 -33.56 -35.07 -58.00 336.97 258.16 24.61 -0.10
0.00 9573.39
283.70 -36.96 -38.15 -60.30 338.70 259.52 28.85 -0.10
0.00 10050.07
265.60 -40.06 -41.01 -63.02 340.57 257.08 33.88 -0.10
0.00 10502.87
248.80 -42.86 -43.64 -66.51 342.78 258.75 35.84 -0.10
0.00 10946.02
233.60 -45.26 -45.90 -66.97 345.37 265.62 38.19 -0.10
0.00 11368.75
219.60 -48.16 -48.68 -72.27 347.00 268.52 37.51 -0.10
0.00 11778.40
205.70 -50.96 -51.36 -72.71 349.15 267.38 29.76 0.00
0.00 12206.36
191.70 -53.36 -53.68 -73.19 352.40 259.35 26.28 0.00
0.00 12662.32
177.70 -55.76 -56.02 -73.70 356.19 256.06 28.22 -0.10
0.00 13147.54
163.80 -58.56 -58.75 -74.24 359.88 260.93 28.32 -0.10
0.00 13662.50
149.80 -61.66 -61.80 -74.84 363.85 268.28 25.85 -0.10
0.00 14219.66
135.90 -64.36 -64.46 -75.48 369.34 270.98 22.73 0.00
0.00 14818.67
121.90 -65.36 -9999.00 -9999.00 -9999.00 265.10 20.47 0.00
0.00 15481.52
108.00 -65.66 -9999.00 -9999.00 -9999.00 257.29 20.32 0.00
0.00 16217.37
94.00 -65.06 -9999.00 -9999.00 -9999.00 276.91 12.92 0.00
0.00 17061.82
81.00 -63.16 -9999.00 -9999.00 -9999.00 287.53 3.87 0.00
0.00 17972.59
70.60 -60.76 -9999.00 -9999.00 -9999.00 356.99 3.69 0.00
0.00 18822.09
62.20 -58.46 -9999.00 -9999.00 -9999.00 101.77 9.52 0.00
0.00 19613.89
54.30 -58.66 -9999.00 -9999.00 -9999.00 117.98 7.03 0.00
0.00 20467.09
46.90 -57.56 -9999.00 -9999.00 -9999.00 66.45 8.26 0.00
0.00 21389.28
40.10 -54.36 -9999.00 -9999.00 -9999.00 53.65 12.78 0.00
0.00 22385.12
33.80 -51.76 -9999.00 -9999.00 -9999.00 78.31 17.25 0.00
0.00 23486.21
27.80 -50.06 -9999.00 -9999.00 -9999.00 92.17 15.37 0.00
0.00 24757.51
22.30 -48.56 -9999.00 -9999.00 -9999.00 86.13 14.41 0.00
0.00 26201.91
17.10 -45.46 -9999.00 -9999.00 -9999.00 74.05 19.79 0.00
0.00 27959.43
12.30 -41.56 -9999.00 -9999.00 -9999.00 72.65 29.31 0.00
0.00 30174.15

STID = KMDW STNM = 725340 TIME = 200808/2300 
SLAT = 41.78 SLON = -87.75 SELV = 183.0
STIM = 3

SHOW = -2.02 LIFT = -4.45 SWET = 208.52 KINX = 33.55
LCLP = 865.11 PWAT = 41.73 TOTL = 49.16 CAPE = 1108.89
LCLT = 290.76 CINS = -57.74 EQLV = 228.64 LFCT = 722.49
BRCH = 50.08

PRES TMPC TMWC DWPC THTE DRCT SKNT OMEG
CFRL HGHT
994.70 29.44 22.69 19.85 347.43 183.99 8.37 0.00
0.00 192.88
991.70 28.84 22.45 19.75 346.88 182.86 11.67 0.00
0.00 219.84
986.20 28.14 22.16 19.62 346.50 184.14 13.44 0.00
0.00 269.38
976.80 27.24 21.79 19.46 346.39 184.64 14.41 0.00
0.00 354.47
962.90 25.94 21.24 19.21 346.24 185.86 15.23 0.00
0.00 481.33
944.90 24.34 20.55 18.88 346.16 188.53 15.71 0.00
0.00 647.55
923.60 22.44 19.68 18.44 345.97 191.31 15.85 0.10
0.00 847.20
900.20 20.54 18.54 17.60 345.09 198.20 14.92 0.20
0.00 1070.44
874.90 18.94 16.91 15.89 342.73 220.43 13.77 0.50
9.00 1316.86
846.70 17.14 14.82 13.56 339.47 232.79 13.17 0.60
16.00 1598.19
815.60 15.84 12.19 9.96 335.28 242.68 13.11 0.60
14.00 1917.49
781.60 15.44 9.51 5.23 331.95 252.35 13.46 0.50
0.00 2279.24
744.80 12.64 7.99 4.56 333.34 255.34 13.05 0.30
0.00 2686.42
705.00 9.04 5.54 2.76 332.84 257.59 9.95 0.30
0.00 3144.85
662.30 6.34 1.70 -2.95 329.52 271.43 7.77 0.20
0.00 3660.22
616.70 2.54 -0.88 -4.54 331.07 296.57 6.51 0.20
0.00 4241.46
568.60 -2.06 -6.44 -13.40 326.72 315.00 9.89 0.20
0.00 4892.66
522.10 -6.86 -10.96 -19.72 326.04 311.42 13.21 0.10
0.00 5564.48
480.30 -10.96 -14.84 -25.78 326.88 291.16 12.92 0.00
0.00 6210.42
442.80 -15.16 -17.04 -21.69 331.09 283.28 14.37 0.00
0.00 6829.79
409.00 -18.76 -21.65 -34.19 330.43 274.86 18.32 -0.10
0.00 7425.61
378.40 -22.06 -25.32 -68.48 331.50 276.34 21.11 -0.10
0.00 8001.00
350.90 -26.26 -28.79 -63.97 333.10 274.12 21.62 -0.10
0.00 8550.91
326.10 -30.06 -31.97 -55.95 335.08 263.45 23.85 -0.10
0.00 9076.55
303.80 -33.66 -35.14 -56.53 336.87 259.54 25.68 -0.10
0.00 9576.87
283.70 -37.16 -38.33 -60.30 338.42 259.82 30.79 -0.10
0.00 10053.24
265.60 -40.46 -41.38 -63.02 339.99 256.86 33.31 -0.10
0.00 10505.47
248.80 -43.26 -43.99 -63.51 342.23 258.88 34.25 -0.10
0.00 10947.85
233.60 -45.76 -46.37 -66.97 344.61 263.56 36.36 0.00
0.00 11369.76
219.60 -48.46 -48.96 -72.27 346.54 265.14 36.65 0.00
0.00 11778.68
205.70 -51.16 -51.55 -72.71 348.83 264.18 30.65 0.00
0.00 12206.16
191.70 -53.26 -53.59 -73.19 352.56 255.12 25.72 0.00
0.00 12662.02
177.70 -55.76 -56.02 -73.70 356.19 253.14 26.79 0.00
0.00 13147.36
163.80 -58.46 -58.66 -74.24 360.04 259.01 27.51 0.00
0.00 13662.43
149.80 -61.46 -61.60 -74.84 364.19 263.80 26.96 0.00
0.00 14219.98
135.90 -64.16 -9999.00 -9999.00 -9999.00 266.34 24.34 0.00
0.00 14819.56
121.90 -65.56 -9999.00 -9999.00 -9999.00 265.88 21.62 0.00
0.00 15482.41
108.00 -65.66 -9999.00 -9999.00 -9999.00 266.60 19.66 0.00
0.00 16217.91
94.00 -64.76 -9999.00 -9999.00 -9999.00 289.29 12.35 0.00
0.00 17062.96
81.00 -62.46 -9999.00 -9999.00 -9999.00 284.04 4.80 0.00
0.00 17975.91
70.60 -59.86 -9999.00 -9999.00 -9999.00 338.20 2.10 0.00
0.00 18828.63
62.20 -58.36 -9999.00 -9999.00 -9999.00 129.61 7.30 0.00
0.00 19622.28
54.30 -58.06 -9999.00 -9999.00 -9999.00 84.81 2.14 0.00
0.00 20476.87
46.90 -56.66 -9999.00 -9999.00 -9999.00 45.00 9.34 0.00
0.00 21402.28
40.10 -53.96 -9999.00 -9999.00 -9999.00 53.58 14.72 0.00
0.00 22401.10
33.80 -52.66 -9999.00 -9999.00 -9999.00 82.79 17.04 0.00
0.00 23500.95
27.80 -50.96 -9999.00 -9999.00 -9999.00 99.33 14.37 0.00
0.00 24767.09
22.30 -48.66 -9999.00 -9999.00 -9999.00 76.48 15.79 0.00
0.00 26208.27
17.10 -43.96 -9999.00 -9999.00 -9999.00 70.87 25.49 0.00
0.00 27971.22
12.30 -41.06 -9999.00 -9999.00 -9999.00 75.51 29.49 0.00
0.00 30195.59

STID = KMDW STNM = 725340 TIME = 200809/0000 
SLAT = 41.78 SLON = -87.75 SELV = 183.0
STIM = 4

SHOW = -1.66 LIFT = -4.76 SWET = 202.29 KINX = 31.44
LCLP = 875.31 PWAT = 40.51 TOTL = 49.09 CAPE = 1181.38
LCLT = 291.20 CINS = -81.79 EQLV = 225.05 LFCT = 714.88
BRCH = 46.64

PRES TMPC TMWC DWPC THTE DRCT SKNT OMEG
CFRL HGHT
995.30 28.94 22.72 20.12 347.51 184.09 8.18 0.00
0.00 191.96
992.30 28.54 22.54 20.02 347.19 183.75 11.87 0.00
0.00 218.88
986.80 27.94 22.28 19.89 346.93 183.97 14.02 0.00
0.00 268.35
977.30 27.04 21.89 19.70 346.74 185.71 15.62 0.10
0.00 354.25
963.40 25.84 21.36 19.43 346.66 187.46 16.45 0.10
0.00 481.00
945.40 24.24 20.66 19.09 346.55 189.78 17.15 0.10
0.00 647.10
924.00 22.24 19.76 18.64 346.22 192.95 17.35 0.20
0.00 847.51
900.70 20.44 18.53 17.63 344.97 199.29 16.47 0.30
2.00 1069.59
875.40 19.24 16.43 14.99 340.80 220.84 15.15 0.40
3.00 1315.89
847.20 17.44 14.49 12.86 338.19 227.20 14.30 0.50
6.00 1597.25
816.00 16.74 11.59 8.24 333.16 235.84 13.15 0.40
0.00 1917.91
782.00 16.14 8.86 3.18 329.81 248.20 12.55 0.20
0.00 2280.27
745.20 12.84 7.44 3.24 331.58 250.35 11.56 0.10
0.00 2687.67
705.30 9.54 5.11 1.41 331.51 253.44 7.50 0.00
0.00 3147.42
662.60 6.94 1.62 -3.89 329.20 285.71 6.45 -0.10
0.00 3663.43
617.00 2.84 -1.11 -5.49 330.41 314.06 8.37 0.00
0.00 4245.22
568.90 -2.16 -5.91 -11.39 327.91 320.77 12.30 0.10
0.00 4896.35
522.30 -7.06 -10.00 -15.22 328.09 312.55 16.08 0.20
0.00 5569.17
480.40 -11.16 -14.28 -21.78 328.03 298.74 13.73 0.10
0.00 6216.20
442.80 -15.56 -18.00 -25.10 329.21 288.17 13.09 0.10
0.00 6836.44
409.10 -18.66 -22.39 -51.65 328.87 280.70 17.79 0.00
0.00 7429.93
378.50 -22.16 -25.38 -63.41 331.38 279.46 20.09 -0.10
0.00 8005.09
351.00 -26.36 -28.73 -51.95 333.23 272.18 20.42 -0.10
0.00 8554.65
326.20 -30.16 -31.95 -50.86 335.12 262.07 23.93 0.00
0.00 9079.94
303.80 -33.66 -35.14 -56.53 336.87 261.87 27.47 0.00
0.00 9582.32
283.70 -37.36 -38.48 -58.54 338.17 262.23 30.19 0.00
0.00 10058.49
265.60 -40.66 -41.53 -60.81 339.74 256.31 31.20 0.10
0.00 10510.34
248.80 -43.36 -44.08 -63.51 342.08 256.36 33.78 0.10
0.00 10952.44
233.60 -45.86 -46.46 -66.97 344.46 259.16 37.18 0.10
0.00 11374.16
219.60 -48.46 -48.94 -67.41 346.59 261.07 37.55 0.10
0.00 11782.99
205.70 -51.06 -51.46 -72.71 348.99 262.92 33.08 0.10
0.00 12210.57
191.70 -53.26 -53.59 -73.19 352.56 257.82 27.62 0.00
0.00 12666.53
177.70 -55.76 -56.02 -73.70 356.19 254.23 26.44 0.00
0.00 13151.87
163.80 -58.46 -58.66 -74.24 360.04 260.47 26.98 0.00
0.00 13666.95
149.80 -61.36 -61.50 -74.84 364.36 265.40 29.04 0.00
0.00 14224.63
135.90 -64.16 -64.26 -75.48 369.69 270.77 28.75 0.00
0.00 14824.35
121.90 -65.76 -9999.00 -9999.00 -9999.00 275.57 24.01 0.00
0.00 15486.88
108.00 -65.76 -9999.00 -9999.00 -9999.00 278.21 19.04 0.00
0.00 16221.84
94.00 -64.76 -9999.00 -9999.00 -9999.00 290.43 10.57 0.00
0.00 17066.70
81.00 -61.96 -9999.00 -9999.00 -9999.00 248.63 4.80 0.00
0.00 17980.74
70.60 -59.36 -9999.00 -9999.00 -9999.00 206.57 1.73 0.00
0.00 18835.47
62.20 -58.56 -9999.00 -9999.00 -9999.00 153.43 6.08 0.00
0.00 19629.67
54.30 -57.66 -9999.00 -9999.00 -9999.00 4.76 4.68 0.00
0.00 20484.66
46.90 -56.66 -9999.00 -9999.00 -9999.00 38.81 11.46 0.00
0.00 21410.93
40.10 -55.16 -9999.00 -9999.00 -9999.00 67.32 14.10 0.00
0.00 22407.00
33.80 -54.16 -9999.00 -9999.00 -9999.00 88.51 14.96 0.00
0.00 23500.09
27.80 -51.76 -9999.00 -9999.00 -9999.00 84.96 13.27 0.00
0.00 24759.65
22.30 -47.86 -9999.00 -9999.00 -9999.00 61.89 19.39 0.00
0.00 26200.84
17.10 -42.26 -9999.00 -9999.00 -9999.00 72.07 27.76 0.00
0.00 27973.50
12.30 -40.26 -9999.00 -9999.00 -9999.00 82.38 30.77 0.00
0.00 30209.92

STID = KMDW STNM = 725340 TIME = 200809/0100 
SLAT = 41.78 SLON = -87.75 SELV = 183.0
STIM = 5

SHOW = -1.39 LIFT = -4.73 SWET = 198.38 KINX = 30.69
LCLP = 894.58 PWAT = 39.42 TOTL = 48.76 CAPE = 1180.00
LCLT = 291.92 CINS = -97.83 EQLV = 223.48 LFCT = 714.57
BRCH = 43.57

PRES TMPC TMWC DWPC THTE DRCT SKNT OMEG
CFRL HGHT
995.70 27.84 22.66 20.50 347.21 181.64 6.80 0.00
0.00 192.82
992.80 27.64 22.52 20.38 347.06 183.01 11.09 0.00
0.00 218.75
987.30 27.24 22.30 20.22 346.95 183.27 13.62 0.00
0.00 268.08
977.80 26.54 21.93 19.98 346.86 185.44 16.39 0.10
0.00 353.77
963.80 25.34 21.35 19.63 346.55 187.96 18.24 0.10
0.00 481.18
945.90 23.84 20.63 19.22 346.35 191.65 19.23 0.00
0.00 646.04
924.50 22.04 19.73 18.68 346.01 196.26 19.42 0.00
0.00 846.15
901.10 20.24 18.55 17.75 344.99 202.25 18.47 0.10
1.00 1068.93
875.80 19.24 16.25 14.71 340.08 220.75 16.67 0.10
0.00 1315.03
847.50 17.34 14.33 12.65 337.57 228.12 15.13 0.20
0.00 1597.19
816.40 17.24 11.13 6.96 331.56 238.45 13.00 0.10
0.00 1916.82
782.40 16.44 8.37 1.67 328.18 251.88 11.25 0.00
0.00 2279.35
745.50 12.94 6.87 1.86 329.80 253.61 10.33 -0.20
0.00 2687.80
705.70 9.54 4.90 0.93 330.82 251.03 6.57 -0.30
0.00 3146.15
662.90 6.74 1.54 -3.86 328.94 296.57 5.21 -0.20
0.00 3662.89
617.20 2.64 -1.40 -6.01 329.63 322.35 8.59 -0.10
0.00 4245.29
569.10 -2.56 -5.43 -9.29 329.01 321.34 11.19 0.10
0.00 4895.55
522.40 -7.06 -10.57 -17.43 326.84 308.44 15.62 0.20
0.00 5569.15
480.50 -11.16 -14.73 -24.29 327.07 289.83 12.59 0.20
0.00 6215.92
442.90 -15.16 -19.03 -36.28 327.09 283.63 13.19 0.10
0.00 6836.32
409.20 -18.16 -22.10 -57.40 329.33 289.78 18.38 -0.10
0.00 7430.56
378.60 -22.16 -25.26 -52.31 331.61 284.31 19.64 -0.10
0.00 8006.16
351.00 -26.36 -28.65 -48.76 333.39 274.85 20.67 0.00
0.00 8557.65
326.20 -30.16 -31.93 -50.10 335.16 269.56 25.06 0.10
0.00 9082.95
303.80 -33.86 -35.29 -55.27 336.63 269.58 26.42 0.10
0.00 9585.13
283.70 -37.46 -38.57 -58.54 338.03 264.73 27.51 0.10
0.00 10061.00
265.60 -40.66 -41.53 -60.81 339.74 256.41 30.57 0.10
0.00 10512.75
248.80 -43.36 -44.08 -63.51 342.08 256.49 35.76 0.10
0.00 10954.85
233.60 -45.96 -46.56 -66.97 344.31 258.58 39.24 0.10
0.00 11376.48
219.60 -48.66 -49.13 -67.41 346.28 261.23 39.51 0.10
0.00 11785.04
205.70 -51.16 -51.53 -67.88 348.88 264.35 35.53 0.10
0.00 12212.33
191.70 -53.26 -53.59 -73.19 352.56 263.20 29.55 0.00
0.00 12668.19
177.70 -55.56 -55.83 -73.70 356.51 256.07 26.61 0.00
0.00 13153.75
163.80 -58.16 -58.37 -74.24 360.55 258.93 27.31 0.00
0.00 13669.42
149.80 -60.96 -61.11 -74.84 365.05 264.61 31.02 0.00
0.00 14228.02
135.90 -63.96 -64.07 -75.48 370.05 272.65 33.64 0.00
0.00 14828.60
121.90 -65.36 -9999.00 -9999.00 -9999.00 278.44 25.14 0.00
0.00 15492.08
108.00 -65.16 -9999.00 -9999.00 -9999.00 278.80 16.51 0.00
0.00 16228.82
94.00 -64.56 -9999.00 -9999.00 -9999.00 274.97 8.97 0.00
0.00 17075.30
81.00 -61.56 -9999.00 -9999.00 -9999.00 242.70 6.78 0.00
0.00 17990.64
70.60 -59.16 -9999.00 -9999.00 -9999.00 260.54 1.18 0.00
0.00 18846.58
62.20 -59.16 -9999.00 -9999.00 -9999.00 145.01 2.37 0.00
0.00 19640.05
54.30 -58.26 -9999.00 -9999.00 -9999.00 5.19 8.59 0.00
0.00 20492.65
46.90 -57.06 -9999.00 -9999.00 -9999.00 39.92 12.41 0.00
0.00 21416.77
40.10 -55.86 -9999.00 -9999.00 -9999.00 82.23 12.94 0.00
0.00 22410.32
33.80 -54.76 -9999.00 -9999.00 -9999.00 88.26 12.82 0.00
0.00 23500.16
27.80 -51.56 -9999.00 -9999.00 -9999.00 69.70 15.11 0.00
0.00 24758.58
22.30 -46.86 -9999.00 -9999.00 -9999.00 63.43 23.45 0.00
0.00 26203.63
17.10 -42.66 -9999.00 -9999.00 -9999.00 77.93 28.81 0.00
0.00 27978.63
12.30 -40.76 -9999.00 -9999.00 -9999.00 82.05 26.67 0.00
0.00 30210.71

STID = KMDW STNM = 725340 TIME = 200809/0200 
SLAT = 41.78 SLON = -87.75 SELV = 183.0
STIM = 6

SHOW = -1.30 LIFT = -4.37 SWET = 201.55 KINX = 30.42
LCLP = 914.08 PWAT = 39.13 TOTL = 48.33 CAPE = 1078.83
LCLT = 292.58 CINS = -93.31 EQLV = 227.03 LFCT = 714.14
BRCH = 35.44

PRES TMPC TMWC DWPC THTE DRCT SKNT OMEG
CFRL HGHT
995.40 26.64 22.53 20.81 346.71 180.00 5.44 0.00
0.00 191.89
992.30 26.54 22.35 20.59 346.42 180.97 11.46 0.00
0.00 219.52
986.90 26.34 22.14 20.36 346.33 181.55 14.37 0.00
0.00 267.82
977.40 25.94 21.69 19.87 345.88 184.71 18.90 0.00
0.00 353.33
963.40 25.04 21.09 19.37 345.52 187.59 20.57 0.00
0.00 480.59
945.50 23.64 20.42 18.99 345.52 192.99 20.73 -0.10
0.00 645.36
924.10 21.94 19.66 18.63 345.81 201.60 20.05 -0.10
0.00 845.44
900.70 20.04 18.62 17.94 345.33 211.64 19.62 0.00
0.00 1068.22
875.40 18.44 16.49 15.49 341.05 222.88 18.55 0.00
0.00 1314.06
847.20 16.94 14.33 12.88 337.64 231.68 15.35 0.00
3.00 1594.83
816.10 16.74 11.06 7.21 331.43 245.85 12.35 -0.10
0.00 1914.11
782.10 16.04 8.21 1.69 327.79 258.69 9.91 -0.20
0.00 2276.23
745.20 12.84 6.32 0.64 328.22 260.96 8.66 -0.20
0.00 2684.43
705.40 9.24 4.56 0.46 329.92 248.84 6.45 -0.20
0.00 3142.55
662.70 6.24 1.56 -3.20 329.06 272.86 3.88 -0.10
0.00 3657.54
617.00 2.44 -1.50 -6.01 329.42 319.76 6.62 0.10
0.00 4239.42
568.90 -2.66 -5.50 -9.33 328.89 310.97 9.77 0.20
0.00 4889.55
522.30 -6.96 -11.30 -21.15 325.29 302.17 14.22 0.30
0.00 5561.79
480.40 -10.96 -15.18 -28.40 326.13 287.18 11.19 0.20
0.00 6208.88
442.90 -14.76 -18.92 -39.20 327.23 298.18 12.33 0.00
0.00 6828.32
409.10 -18.36 -21.97 -43.95 329.69 302.91 15.73 0.00
0.00 7424.64
378.50 -22.26 -25.24 -48.10 331.70 282.32 17.31 0.00
0.00 8000.08
351.00 -26.26 -28.57 -48.76 333.53 278.58 20.82 0.10
0.00 8549.65
326.20 -30.16 -31.97 -51.68 335.08 280.09 23.29 0.10
0.00 9075.06
303.80 -34.16 -35.53 -54.16 336.25 276.39 22.67 0.10
0.00 9576.92
283.70 -37.76 -38.82 -57.08 337.64 266.37 24.53 0.10
0.00 10052.20
265.60 -40.76 -41.62 -60.81 339.59 256.22 31.00 0.10
0.00 10503.56
248.80 -43.56 -44.26 -63.51 341.78 258.33 36.50 0.10
0.00 10945.37
233.60 -46.26 -46.81 -63.98 343.90 259.70 39.08 0.10
0.00 11366.54
219.60 -48.86 -49.31 -67.41 345.97 262.07 39.41 0.10
0.00 11774.65
205.70 -51.16 -51.53 -67.88 348.88 264.44 36.11 0.10
0.00 12201.75
191.70 -53.06 -53.37 -68.39 352.93 261.51 30.24 0.00
0.00 12657.82
177.70 -55.06 -55.34 -73.70 357.33 253.72 27.72 0.00
0.00 13144.16
163.80 -57.76 -57.98 -74.24 361.22 254.68 29.41 0.00
0.00 13660.91
149.80 -60.86 -61.02 -74.84 365.22 262.38 33.70 0.00
0.00 14220.16
135.90 -64.06 -64.17 -75.48 369.87 274.33 36.03 0.00
0.00 14820.73
121.90 -65.16 -9999.00 -9999.00 -9999.00 284.88 25.72 0.00
0.00 15484.38
108.00 -65.06 -9999.00 -9999.00 -9999.00 282.53 14.34 0.00
0.00 16221.65
94.00 -64.76 -9999.00 -9999.00 -9999.00 272.16 10.30 0.00
0.00 17067.92
81.00 -61.96 -9999.00 -9999.00 -9999.00 252.35 8.97 0.00
0.00 17981.96
70.60 -60.06 -9999.00 -9999.00 -9999.00 303.69 1.40 0.00
0.00 18835.28
62.20 -60.06 -9999.00 -9999.00 -9999.00 119.74 1.57 0.00
0.00 19625.41
54.30 -58.56 -9999.00 -9999.00 -9999.00 13.71 8.20 0.00
0.00 20475.63
46.90 -56.66 -9999.00 -9999.00 -9999.00 46.81 13.05 0.00
0.00 21399.96
40.10 -55.46 -9999.00 -9999.00 -9999.00 78.69 12.88 0.00
0.00 22395.34
33.80 -54.06 -9999.00 -9999.00 -9999.00 65.48 12.16 0.00
0.00 23487.94
27.80 -50.96 -9999.00 -9999.00 -9999.00 54.46 18.38 0.00
0.00 24750.07
22.30 -46.96 -9999.00 -9999.00 -9999.00 69.35 26.98 0.00
0.00 26196.74
17.10 -44.16 -9999.00 -9999.00 -9999.00 82.27 27.45 0.00
0.00 27965.52
12.30 -41.26 -9999.00 -9999.00 -9999.00 72.14 24.69 0.00
0.00 30187.96

STID = KMDW STNM = 725340 TIME = 200809/0300 
SLAT = 41.78 SLON = -87.75 SELV = 183.0
STIM = 7

SHOW = -1.04 LIFT = -3.81 SWET = 207.30 KINX = 29.25
LCLP = 929.19 PWAT = 38.95 TOTL = 47.60 CAPE = 840.54
LCLT = 292.85 CINS = -103.55 EQLV = 239.98 LFCT = 698.95
BRCH = 21.79

PRES TMPC TMWC DWPC THTE DRCT SKNT OMEG
CFRL HGHT
995.70 25.54 22.23 20.82 345.37 177.80 5.05 0.00
0.00 191.86
992.70 25.74 22.03 20.44 344.96 179.22 14.18 0.00
0.00 218.50
987.20 25.64 21.78 20.12 344.75 180.00 17.29 0.00
0.00 267.55
977.70 25.64 21.25 19.32 343.95 182.49 22.36 0.00
0.00 352.87
963.80 24.94 20.69 18.79 343.75 185.76 23.23 0.00
0.00 479.05
945.80 23.64 20.16 18.59 344.38 193.18 22.14 0.00
0.00 644.61
924.40 21.94 19.54 18.45 345.27 204.35 20.26 0.00
0.00 844.59
901.10 20.04 18.75 18.13 345.79 215.94 19.19 0.10
0.00 1066.33
875.70 18.14 16.91 16.28 342.62 226.19 19.93 0.10
3.00 1312.99
847.40 16.34 14.26 13.09 337.34 234.61 18.10 0.10
3.00 1594.30
816.30 16.44 11.04 7.38 331.32 251.27 12.10 -0.10
0.00 1913.03
782.30 15.44 8.36 2.65 328.26 266.01 8.37 -0.20
0.00 2274.55
745.40 12.74 6.12 0.26 327.62 266.19 5.85 -0.20
0.00 2682.18
705.60 9.24 4.24 -0.29 328.97 236.31 4.90 -0.20
0.00 3140.02
662.80 6.04 1.45 -3.23 328.78 248.20 3.15 -0.10
0.00 3655.88
617.10 2.44 -1.51 -6.04 329.38 308.99 5.24 -0.10
0.00 4237.46
569.00 -2.66 -5.81 -10.24 328.14 305.17 10.45 0.00
0.00 4887.43
522.40 -6.86 -11.64 -23.56 324.52 309.69 11.87 0.00
0.00 5559.57
480.50 -10.66 -15.23 -30.70 325.96 296.57 8.68 0.00
0.00 6206.94
442.90 -14.66 -18.39 -32.80 328.30 313.49 10.45 0.10
0.00 6828.46
409.20 -18.36 -21.70 -38.71 330.20 308.11 12.59 0.10
0.00 7423.14
378.50 -22.26 -25.16 -45.69 331.86 288.20 14.92 0.20
0.00 8000.42
351.00 -26.26 -28.63 -51.05 333.41 291.80 17.77 0.20
0.00 8549.99
326.20 -30.26 -32.12 -54.68 334.82 286.59 19.06 0.30
0.00 9075.28
303.80 -34.26 -35.63 -55.27 336.07 270.56 19.81 0.30
0.00 9576.93
283.70 -37.66 -38.75 -58.54 337.74 257.66 25.45 0.20
0.00 10052.20
265.60 -40.66 -41.53 -60.81 339.74 256.86 33.31 0.20
0.00 10503.76
248.80 -43.56 -44.26 -63.51 341.78 260.93 36.99 0.10
0.00 10945.67
233.60 -46.16 -46.72 -63.98 344.05 261.44 40.46 0.10
0.00 11366.92
219.60 -48.76 -49.20 -64.44 346.17 264.23 40.62 0.10
0.00 11775.21
205.70 -50.96 -51.34 -67.88 349.19 265.41 36.44 0.00
0.00 12202.60
191.70 -52.56 -52.92 -73.19 353.68 260.19 31.93 0.00
0.00 12659.39
177.70 -54.66 -54.96 -73.70 357.99 254.30 30.87 -0.10
0.00 13146.73
163.80 -57.56 -57.78 -74.24 361.55 255.64 32.89 -0.10
0.00 13664.19
149.80 -61.26 -61.41 -74.84 364.54 260.91 34.42 -0.10
0.00 14223.18
135.90 -64.76 -64.85 -75.48 368.63 274.60 33.92 -0.10
0.00 14822.19
121.90 -65.86 -9999.00 -9999.00 -9999.00 288.30 25.99 0.00
0.00 15483.61
108.00 -64.86 -9999.00 -9999.00 -9999.00 274.33 12.86 0.00
0.00 16219.99
94.00 -63.96 -9999.00 -9999.00 -9999.00 264.29 11.71 0.00
0.00 17068.30
81.00 -61.36 -9999.00 -9999.00 -9999.00 254.22 9.29 0.00
0.00 17985.39
70.60 -60.46 -9999.00 -9999.00 -9999.00 315.00 1.65 0.00
0.00 18839.11
62.20 -60.26 -9999.00 -9999.00 -9999.00 315.00 0.82 0.00
0.00 19628.13
54.30 -58.76 -9999.00 -9999.00 -9999.00 14.04 9.62 0.00
0.00 20477.55
46.90 -56.66 -9999.00 -9999.00 -9999.00 47.73 14.43 0.00
0.00 21401.46
40.10 -55.66 -9999.00 -9999.00 -9999.00 69.70 15.11 0.00
0.00 22396.38
33.80 -54.26 -9999.00 -9999.00 -9999.00 69.11 15.79 0.00
0.00 23487.97
27.80 -50.56 -9999.00 -9999.00 -9999.00 70.06 21.08 0.00
0.00 24750.68
22.30 -46.86 -9999.00 -9999.00 -9999.00 79.55 27.86 0.00
0.00 26198.96
17.10 -43.66 -9999.00 -9999.00 -9999.00 75.32 25.29 0.00
0.00 27970.08
12.30 -40.96 -9999.00 -9999.00 -9999.00 67.47 28.40 0.00
0.00 30196.37

STID = KMDW STNM = 725340 TIME = 200809/0400 
SLAT = 41.78 SLON = -87.75 SELV = 183.0
STIM = 8

SHOW = -1.02 LIFT = -3.50 SWET = 213.73 KINX = 28.36
LCLP = 940.81 PWAT = 39.27 TOTL = 47.15 CAPE = 737.77
LCLT = 292.91 CINS = -111.02 EQLV = 245.41 LFCT = 683.84
BRCH = 18.54

PRES TMPC TMWC DWPC THTE DRCT SKNT OMEG
CFRL HGHT
996.80 24.64 21.89 20.70 343.77 177.61 4.66 0.00
0.00 192.70
993.80 25.14 21.69 20.19 343.37 180.76 14.57 0.00
0.00 219.24
988.30 25.14 21.45 19.83 343.18 181.26 17.68 0.00
0.00 268.14
978.80 25.44 21.07 19.12 343.00 185.76 23.23 0.00
0.00 353.26
964.90 24.84 20.63 18.74 343.33 190.51 24.49 0.00
0.00 479.22
946.90 23.64 20.21 18.67 344.43 198.73 23.58 0.00
0.00 644.56
925.50 22.14 19.62 18.48 345.42 209.61 21.23 0.10
0.00 844.38
902.10 20.14 18.98 18.43 346.60 221.30 19.13 0.10
0.00 1066.94
876.70 17.94 17.68 17.50 345.47 229.59 18.88 0.20
21.00 1313.38
848.30 15.94 14.45 13.61 337.88 236.62 19.77 0.30
10.00 1595.20
817.10 16.54 10.89 7.01 330.73 262.53 11.95 0.30
0.00 1914.49
783.10 15.14 8.58 3.45 328.85 281.69 5.75 0.20
0.00 2275.53
746.10 12.64 6.12 0.37 327.53 277.59 2.93 0.30
0.00 2683.63
706.20 9.34 4.02 -0.94 328.24 227.29 3.44 0.40
0.00 3142.18
663.40 6.14 1.46 -3.33 328.69 230.71 2.76 0.50
0.00 3657.72
617.60 2.44 -1.56 -6.17 329.17 297.65 4.60 0.50
0.00 4240.17
569.40 -2.56 -6.10 -11.29 327.40 303.69 10.51 0.30
0.00 4891.05
522.70 -6.66 -11.67 -24.62 324.37 312.36 8.94 0.10
0.00 5564.51
480.70 -10.36 -15.12 -31.58 326.12 299.20 7.56 0.00
0.00 6213.69
443.10 -14.36 -17.97 -30.74 329.07 315.76 10.30 -0.10
0.00 6835.67
409.30 -18.26 -21.43 -35.86 330.72 313.85 13.73 -0.10
0.00 7432.41
378.70 -22.16 -25.04 -44.67 332.02 304.47 15.79 -0.10
0.00 8007.84
351.10 -26.26 -28.63 -51.05 333.38 301.52 17.09 0.00
0.00 8559.30
326.30 -30.46 -32.20 -50.85 334.68 286.19 18.80 0.00
0.00 9084.23
303.90 -34.36 -35.72 -55.26 335.90 267.80 20.22 0.10
0.00 9585.41
283.70 -37.76 -38.84 -58.54 337.60 256.61 29.35 0.10
0.00 10062.77
265.60 -40.96 -41.81 -60.81 339.30 261.10 32.63 0.10
0.00 10513.94
248.80 -43.56 -44.26 -63.51 341.78 262.88 36.01 0.10
0.00 10955.56
233.60 -46.06 -46.63 -63.98 344.20 264.09 39.65 0.10
0.00 11376.91
219.60 -48.56 -49.01 -64.44 346.48 265.04 38.21 0.00
0.00 11785.47
205.70 -50.56 -50.96 -67.88 349.82 264.92 35.10 0.00
0.00 12213.44
191.70 -52.26 -52.63 -73.19 354.16 261.68 33.57 -0.10
0.00 12670.95
177.70 -54.56 -54.86 -73.70 358.15 258.81 35.04 -0.20
0.00 13158.73
163.80 -57.76 -57.98 -74.24 361.22 259.99 36.89 -0.20
0.00 13676.07
149.80 -61.66 -61.80 -74.84 363.85 265.21 34.89 -0.20
0.00 14234.27
135.90 -65.26 -65.35 -75.48 367.75 278.69 30.85 -0.10
0.00 14832.00
121.90 -65.36 -9999.00 -9999.00 -9999.00 289.16 24.26 0.00
0.00 15493.42
108.00 -63.46 -9999.00 -9999.00 -9999.00 264.29 13.66 0.00
0.00 16233.17
94.00 -63.46 -9999.00 -9999.00 -9999.00 270.00 13.01 0.00
0.00 17085.33
81.00 -62.06 -9999.00 -9999.00 -9999.00 276.79 8.22 0.00
0.00 18001.99
70.60 -61.36 -9999.00 -9999.00 -9999.00 329.74 2.70 0.00
0.00 18852.49
62.20 -60.16 -9999.00 -9999.00 -9999.00 14.04 0.80 0.00
0.00 19640.03
54.30 -58.36 -9999.00 -9999.00 -9999.00 49.90 9.65 0.00
0.00 20490.44
46.90 -56.66 -9999.00 -9999.00 -9999.00 72.20 16.53 0.00
0.00 21415.21
40.10 -55.76 -9999.00 -9999.00 -9999.00 75.60 14.84 0.00
0.00 22409.90
33.80 -53.16 -9999.00 -9999.00 -9999.00 65.43 14.96 0.00
0.00 23503.99
27.80 -50.66 -9999.00 -9999.00 -9999.00 62.22 20.42 0.00
0.00 24769.56
22.30 -48.06 -9999.00 -9999.00 -9999.00 70.96 23.21 0.00
0.00 26213.65
17.10 -44.36 -9999.00 -9999.00 -9999.00 78.61 28.54 0.00
0.00 27977.38
12.30 -41.96 -9999.00 -9999.00 -9999.00 79.13 35.00 0.00
0.00 30195.48

STID = KMDW STNM = 725340 TIME = 200809/0500 
SLAT = 41.78 SLON = -87.75 SELV = 183.0
STIM = 9

SHOW = -0.56 LIFT = -3.62 SWET = 195.28 KINX = 26.60
LCLP = 947.84 PWAT = 37.88 TOTL = 47.13 CAPE = 773.07
LCLT = 292.90 CINS = -155.89 EQLV = 247.15 LFCT = 649.10
BRCH = 18.57

PRES TMPC TMWC DWPC THTE DRCT SKNT OMEG
CFRL HGHT
996.10 23.94 21.60 20.56 342.63 180.00 5.44 0.00
0.00 191.81
993.00 24.44 21.47 20.16 342.56 182.26 14.78 0.00
0.00 219.19
987.50 24.34 21.26 19.90 342.53 183.77 17.72 0.00
0.00 268.00
978.10 24.84 21.04 19.36 343.04 190.51 24.49 0.00
0.00 352.10
964.10 24.54 20.71 19.00 343.79 194.85 26.53 0.00
0.00 478.89
946.20 23.44 20.24 18.81 344.67 203.03 25.33 0.00
0.00 643.32
924.70 22.04 19.59 18.48 345.42 212.28 21.83 0.00
0.00 844.14
901.30 20.14 18.64 17.93 345.33 221.03 19.83 0.10
0.00 1066.83
876.00 18.04 17.18 16.73 343.63 225.41 19.37 0.10
10.00 1312.46
847.70 16.54 13.95 12.48 336.22 234.38 16.01 0.20
0.00 1593.72
816.60 17.24 10.50 5.62 329.49 258.31 5.75 0.20
0.00 1912.76
782.60 15.34 8.41 2.87 328.39 206.57 1.30 0.30
0.00 2274.49
745.60 12.94 6.00 -0.28 327.21 188.75 2.56 0.40
0.00 2683.14
705.80 9.94 3.91 -1.89 327.95 207.65 4.60 0.40
0.00 3141.48
663.00 6.84 1.50 -4.07 328.83 242.10 3.73 0.40
0.00 3658.42
617.30 2.74 -1.72 -7.03 328.79 291.54 7.94 0.30
0.00 4240.88
569.20 -2.46 -6.50 -12.83 326.50 305.73 13.64 0.10
0.00 4891.05
522.60 -6.76 -11.68 -24.29 324.37 312.51 9.48 -0.10
0.00 5563.18
480.60 -10.66 -15.33 -31.76 325.73 308.23 8.16 -0.20
0.00 6212.01
443.00 -14.76 -18.32 -31.38 328.44 319.03 9.77 -0.10
0.00 6833.28
409.20 -18.86 -21.68 -33.80 330.32 319.40 12.53 0.00
0.00 7429.01
378.60 -22.56 -25.26 -42.50 331.71 309.05 13.25 0.10
0.00 8003.47
351.00 -26.56 -28.79 -48.11 333.16 297.30 13.56 0.20
0.00 8554.32
326.20 -30.66 -32.35 -50.10 334.47 275.44 16.39 0.20
0.00 9078.87
303.90 -34.46 -35.83 -56.52 335.71 259.32 20.96 0.10
0.00 9577.59
283.70 -37.86 -38.90 -57.08 337.50 256.42 29.78 0.10
0.00 10054.74
265.60 -40.86 -41.72 -60.81 339.45 261.52 31.62 0.00
0.00 10505.91
248.80 -43.36 -44.08 -63.51 342.08 266.58 35.80 0.00
0.00 10947.82
233.60 -46.16 -46.72 -63.98 344.05 266.67 36.77 0.00
0.00 11369.26
219.60 -48.66 -49.13 -67.41 346.28 264.41 35.92 0.00
0.00 11777.64
205.70 -50.66 -51.05 -67.88 349.66 264.09 33.97 0.00
0.00 12205.41
191.70 -52.56 -52.92 -73.19 353.68 262.01 33.55 -0.10
0.00 12662.51
177.70 -54.96 -55.25 -73.70 357.50 258.69 36.65 -0.10
0.00 13149.52
163.80 -58.36 -58.56 -74.24 360.21 260.98 37.18 -0.10
0.00 13665.67
149.80 -62.06 -62.19 -74.84 363.16 266.19 32.13 -0.10
0.00 14222.57
135.90 -65.06 -65.15 -75.48 368.10 277.77 25.87 0.00
0.00 14820.01
121.90 -64.96 -9999.00 -9999.00 -9999.00 284.80 21.29 0.00
0.00 15482.38
108.00 -63.66 -9999.00 -9999.00 -9999.00 260.54 14.18 0.00
0.00 16222.48
94.00 -64.36 -9999.00 -9999.00 -9999.00 280.39 11.85 0.00
0.00 17072.42
81.00 -62.76 -9999.00 -9999.00 -9999.00 289.86 7.44 0.00
0.00 17985.58
70.60 -61.36 -9999.00 -9999.00 -9999.00 262.88 1.57 0.00
0.00 18834.68
62.20 -59.76 -9999.00 -9999.00 -9999.00 135.00 1.38 0.00
0.00 19622.95
54.30 -58.36 -9999.00 -9999.00 -9999.00 70.56 10.51 0.00
0.00 20474.17
46.90 -57.46 -9999.00 -9999.00 -9999.00 85.06 15.79 0.00
0.00 21397.21
40.10 -55.96 -9999.00 -9999.00 -9999.00 72.39 12.84 0.00
0.00 22389.62
33.80 -53.06 -9999.00 -9999.00 -9999.00 58.67 15.70 0.00
0.00 23483.46
27.80 -50.76 -9999.00 -9999.00 -9999.00 71.75 19.23 0.00
0.00 24749.03
22.30 -47.86 -9999.00 -9999.00 -9999.00 83.26 21.52 0.00
0.00 26193.44
17.10 -43.96 -9999.00 -9999.00 -9999.00 89.20 27.78 0.00
0.00 27959.50
12.30 -42.36 -9999.00 -9999.00 -9999.00 77.58 33.41 0.00
0.00 30177.60

STID = KMDW STNM = 725340 TIME = 200809/0600 
SLAT = 41.78 SLON = -87.75 SELV = 183.0
STIM = 10

SHOW = 0.18 LIFT = -3.93 SWET = 164.04 KINX = 24.88
LCLP = 955.86 PWAT = 36.50 TOTL = 47.17 CAPE = 777.79
LCLT = 293.03 CINS = -209.09 EQLV = 247.65 LFCT = 636.50
BRCH = 19.01

PRES TMPC TMWC DWPC THTE DRCT SKNT OMEG
CFRL HGHT
995.90 23.34 21.42 20.55 341.91 182.39 4.66 0.00
0.00 191.79
992.90 23.84 21.31 20.18 341.91 185.55 14.04 0.00
0.00 218.24
987.40 23.74 21.12 19.94 341.94 186.56 17.02 0.00
0.00 266.96
977.90 24.34 20.96 19.46 342.74 193.60 24.79 0.00
0.00 351.81
964.00 24.24 20.67 19.08 343.67 197.79 27.33 -0.10
0.00 477.55
946.00 23.34 20.28 18.92 344.89 205.04 26.17 -0.10
0.00 642.82
924.60 22.04 19.52 18.37 345.14 211.41 21.62 0.00
0.00 842.71
901.20 20.14 18.34 17.48 344.12 217.33 19.54 0.00
0.00 1065.39
875.90 18.14 16.37 15.45 340.51 220.34 18.61 0.10
5.00 1310.99
847.60 17.74 13.18 10.42 333.55 220.18 11.44 0.10
0.00 1592.70
816.50 17.74 10.18 4.47 328.45 180.00 4.47 0.10
0.00 1912.52
782.50 15.64 8.19 2.05 327.71 162.65 6.51 0.20
0.00 2274.70
745.60 13.24 5.72 -1.35 326.39 185.04 6.62 0.20
0.00 2682.62
705.80 10.44 3.81 -2.74 327.65 214.70 6.14 0.30
0.00 3141.50
663.00 7.34 1.54 -4.61 328.89 262.15 5.69 0.30
0.00 3659.29
617.30 2.84 -1.72 -7.17 328.79 297.00 11.56 0.20
0.00 4242.33
569.20 -2.56 -6.56 -12.83 326.38 311.69 16.65 0.00
0.00 4892.50
522.60 -7.16 -11.63 -22.38 324.52 317.07 11.40 -0.20
0.00 5564.05
480.60 -11.16 -15.47 -29.72 325.53 321.77 8.16 -0.20
0.00 6211.83
443.00 -15.16 -18.57 -31.06 328.00 329.74 8.10 0.00
0.00 6832.05
409.20 -18.96 -21.79 -34.18 330.12 323.62 9.17 0.10
0.00 7427.20
378.60 -22.26 -25.08 -43.74 331.99 302.23 10.57 0.20
0.00 8001.88
351.00 -26.46 -28.69 -47.49 333.34 282.99 12.96 0.20
0.00 8553.17
326.20 -30.56 -32.33 -52.57 334.49 263.80 17.97 0.10
0.00 9077.94
303.90 -34.46 -35.83 -56.52 335.71 257.79 26.63 0.00
0.00 9576.75
283.70 -38.26 -39.26 -57.08 336.93 261.65 28.07 0.00
0.00 10053.50
265.60 -40.86 -41.72 -60.81 339.45 265.60 30.40 0.00
0.00 10504.29
248.80 -43.46 -44.15 -61.32 341.97 270.32 34.38 0.00
0.00 10946.10
233.60 -46.06 -46.63 -63.98 344.20 267.50 35.59 0.00
0.00 11367.54
219.60 -48.66 -49.13 -67.41 346.28 265.50 34.67 0.00
0.00 11776.02
205.70 -50.86 -51.24 -67.88 349.35 263.55 32.85 0.00
0.00 12203.59
191.70 -52.96 -53.30 -73.19 353.04 260.15 32.93 0.00
0.00 12660.07
177.70 -55.46 -55.73 -73.70 356.68 258.93 36.42 0.00
0.00 13146.08
163.80 -58.56 -58.75 -74.24 359.88 261.74 35.14 0.00
0.00 13661.40
149.80 -61.66 -61.80 -74.84 363.85 263.87 29.12 0.00
0.00 14218.55
135.90 -64.36 -64.46 -75.48 369.34 271.39 24.09 0.00
0.00 14817.56
121.90 -64.96 -9999.00 -9999.00 -9999.00 279.11 20.86 0.00
0.00 15481.05
108.00 -64.76 -9999.00 -9999.00 -9999.00 260.17 14.78 0.00
0.00 16219.20
94.00 -65.36 -9999.00 -9999.00 -9999.00 270.00 9.91 0.00
0.00 17064.87
81.00 -63.46 -9999.00 -9999.00 -9999.00 262.88 6.25 0.00
0.00 17974.33
70.60 -61.56 -9999.00 -9999.00 -9999.00 212.74 3.22 0.00
0.00 18821.62
62.20 -59.56 -9999.00 -9999.00 -9999.00 49.40 1.79 0.00
0.00 19609.90
54.30 -58.06 -9999.00 -9999.00 -9999.00 65.22 11.13 0.00
0.00 20462.10
46.90 -57.16 -9999.00 -9999.00 -9999.00 81.31 14.14 0.00
0.00 21386.44
40.10 -55.76 -9999.00 -9999.00 -9999.00 68.03 11.95 0.00
0.00 22379.98
33.80 -53.36 -9999.00 -9999.00 -9999.00 58.90 14.30 0.00
0.00 23473.57
27.80 -50.76 -9999.00 -9999.00 -9999.00 79.63 16.20 0.00
0.00 24738.29
22.30 -48.36 -9999.00 -9999.00 -9999.00 94.62 19.29 0.00
0.00 26181.08
17.10 -45.06 -9999.00 -9999.00 -9999.00 92.19 25.47 0.00
0.00 27940.93
12.30 -42.86 -9999.00 -9999.00 -9999.00 77.25 33.45 0.00
0.00 30151.31

STID = KMDW STNM = 725340 TIME = 200809/0700 
SLAT = 41.78 SLON = -87.75 SELV = 183.0
STIM = 11

SHOW = 0.63 LIFT = -4.31 SWET = 154.22 KINX = 23.91
LCLP = 962.41 PWAT = 36.81 TOTL = 46.88 CAPE = 869.88
LCLT = 293.13 CINS = -197.55 EQLV = 238.33 LFCT = 640.71
BRCH = 26.12

PRES TMPC TMWC DWPC THTE DRCT SKNT OMEG
CFRL HGHT
995.70 22.84 21.26 20.53 341.28 188.13 4.12 0.00
0.00 192.66
992.70 23.34 21.14 20.15 341.26 191.63 13.48 0.00
0.00 219.06
987.20 23.34 20.98 19.91 341.40 192.89 16.53 0.00
0.00 267.72
977.80 23.94 20.90 19.54 342.50 199.44 24.51 0.00
0.00 351.58
963.80 24.04 20.94 19.58 344.84 203.63 27.14 0.00
0.00 478.14
945.90 23.14 20.72 19.66 346.76 212.33 25.06 0.00
0.00 642.47
924.40 21.64 19.85 19.03 346.53 215.03 23.02 0.00
0.00 843.19
901.00 19.74 18.70 18.19 345.61 214.31 19.99 0.00
2.00 1065.71
875.70 18.34 16.44 15.46 340.81 216.22 17.09 0.00
6.00 1311.32
847.50 18.44 12.87 9.37 332.47 210.82 12.90 -0.10
0.00 1592.46
816.40 17.74 10.08 4.24 328.15 177.71 9.71 -0.20
0.00 1912.64
782.40 15.54 8.00 1.67 327.14 175.24 11.69 -0.20
0.00 2274.78
745.50 13.14 5.53 -1.76 325.87 189.13 11.01 -0.20
0.00 2682.57
705.70 10.54 3.64 -3.36 327.16 209.36 7.13 -0.10
0.00 3141.47
663.00 7.44 1.46 -4.97 328.67 270.00 5.24 0.00
0.00 3658.22
617.30 2.84 -1.66 -7.00 328.94 313.70 12.08 0.10
0.00 4241.36
569.10 -2.96 -6.24 -11.04 327.15 320.28 16.41 0.10
0.00 4892.54
522.50 -7.16 -11.60 -22.20 324.60 326.31 10.51 0.20
0.00 5563.79
480.60 -11.16 -15.30 -28.25 325.88 326.31 7.01 0.20
0.00 6210.12
443.00 -15.06 -18.36 -29.83 328.42 323.75 7.23 0.20
0.00 6830.50
409.20 -18.66 -21.65 -34.99 330.36 308.85 8.97 0.20
0.00 7426.12
378.60 -22.26 -25.12 -44.67 331.91 290.90 11.44 0.10
0.00 8001.12
351.00 -26.46 -28.75 -49.47 333.22 274.57 14.61 0.00
0.00 8552.41
326.20 -30.66 -32.45 -54.68 334.27 260.54 20.09 0.00
0.00 9077.06
303.80 -34.86 -36.13 -54.16 335.27 256.16 27.60 0.00
0.00 9577.67
283.70 -38.16 -39.17 -57.08 337.07 260.35 28.96 0.00
0.00 10051.84
265.60 -40.66 -41.53 -60.81 339.74 270.00 31.86 -0.10
0.00 10502.92
248.80 -43.76 -44.42 -61.32 341.52 276.26 32.05 0.00
0.00 10944.64
233.60 -46.46 -47.00 -63.98 343.59 267.90 31.88 0.00
0.00 11365.43
219.60 -48.76 -49.22 -67.41 346.12 262.38 33.70 0.00
0.00 11773.45
205.70 -50.76 -51.15 -67.88 349.51 260.05 33.72 0.00
0.00 12201.03
191.70 -52.86 -53.20 -73.19 353.20 260.38 34.87 0.00
0.00 12657.72
177.70 -55.56 -55.83 -73.70 356.51 263.86 36.34 0.00
0.00 13143.72
163.80 -58.56 -58.75 -74.24 359.88 264.62 33.18 0.00
0.00 13658.92
149.80 -61.66 -61.80 -74.84 363.85 260.86 28.13 0.00
0.00 14216.08
135.90 -64.36 -64.46 -75.48 369.34 261.54 23.76 0.00
0.00 14815.09
121.90 -65.06 -9999.00 -9999.00 -9999.00 262.52 19.39 0.00
0.00 15478.41
108.00 -64.86 -9999.00 -9999.00 -9999.00 246.11 14.88 0.00
0.00 16216.21
94.00 -65.36 -9999.00 -9999.00 -9999.00 259.99 10.06 0.00
0.00 17061.68
81.00 -63.46 -9999.00 -9999.00 -9999.00 262.30 7.25 0.00
0.00 17971.14
70.60 -61.16 -9999.00 -9999.00 -9999.00 216.03 2.64 0.00
0.00 18819.23
62.20 -59.16 -9999.00 -9999.00 -9999.00 65.77 4.25 0.00
0.00 19608.99
54.30 -57.56 -9999.00 -9999.00 -9999.00 80.69 12.00 0.00
0.00 20462.99
46.90 -56.36 -9999.00 -9999.00 -9999.00 90.84 13.21 0.00
0.00 21390.11
40.10 -54.56 -9999.00 -9999.00 -9999.00 75.00 11.27 0.00
0.00 22388.24
33.80 -52.76 -9999.00 -9999.00 -9999.00 63.09 14.59 0.00
0.00 23486.34
27.80 -50.26 -9999.00 -9999.00 -9999.00 77.54 17.11 0.00
0.00 24754.20
22.30 -48.26 -9999.00 -9999.00 -9999.00 92.81 19.83 0.00
0.00 26198.93
17.10 -44.96 -9999.00 -9999.00 -9999.00 87.65 23.72 0.00
0.00 27959.55
12.30 -42.26 -9999.00 -9999.00 -9999.00 77.78 31.20 0.00
0.00 30173.30

STID = KMDW STNM = 725340 TIME = 200809/0800 
SLAT = 41.78 SLON = -87.75 SELV = 183.0
STIM = 12

SHOW = -0.43 LIFT = -4.17 SWET = 181.56 KINX = 24.95
LCLP = 967.50 PWAT = 38.01 TOTL = 47.74 CAPE = 978.82
LCLT = 293.20 CINS = -131.89 EQLV = 231.38 LFCT = 652.48
BRCH = 45.11

PRES TMPC TMWC DWPC THTE DRCT SKNT OMEG
CFRL HGHT
995.40 22.44 21.13 20.51 340.79 192.53 3.57 0.00
0.00 191.77
992.30 22.94 21.07 20.22 341.03 200.14 12.41 0.00
0.00 219.03
986.90 22.94 20.97 20.07 341.41 201.94 15.07 0.10
0.00 266.75
977.40 23.64 21.17 20.08 343.70 208.53 22.77 0.10
0.00 351.45
963.40 23.54 21.26 20.27 346.28 212.93 24.30 0.10
0.00 477.94
945.50 22.64 20.68 19.81 346.64 215.11 23.99 0.10
0.00 642.10
924.10 21.34 19.74 19.01 346.15 215.19 22.57 0.00
0.00 841.71
900.70 19.84 18.24 17.46 343.78 218.40 20.32 0.00
0.00 1064.17
875.30 18.44 16.22 15.07 340.05 220.10 19.31 -0.10
4.00 1310.87
847.20 17.64 13.66 11.34 335.27 216.47 16.67 -0.20
0.00 1590.87
816.10 16.94 10.75 6.41 330.40 197.68 14.06 -0.20
0.00 1910.50
782.10 14.84 8.43 3.39 328.57 191.63 13.48 -0.20
0.00 2272.03
745.20 12.34 5.82 -0.07 326.81 196.06 13.34 -0.10
0.00 2679.07
705.40 10.04 3.26 -3.79 326.21 198.43 8.61 -0.10
0.00 3137.19
662.70 7.14 1.27 -5.11 328.23 259.99 3.36 -0.10
0.00 3653.41
617.10 2.64 -1.68 -6.76 328.95 333.92 10.16 0.00
0.00 4234.97
569.00 -2.96 -6.15 -10.78 327.36 322.67 14.41 -0.10
0.00 4884.75
522.40 -7.06 -11.57 -22.39 324.68 327.34 8.99 -0.10
0.00 5556.27
480.40 -11.06 -15.05 -26.83 326.42 319.40 5.38 -0.10
0.00 6204.59
442.90 -15.06 -18.29 -29.27 328.58 310.60 5.38 0.00
0.00 6823.67
409.10 -18.66 -21.68 -35.42 330.31 290.22 7.87 0.00
0.00 7419.43
378.50 -22.36 -25.28 -46.82 331.65 273.42 13.03 0.00
0.00 7994.46
351.00 -26.56 -28.91 -52.95 332.92 266.27 17.91 0.00
0.00 8543.59
326.20 -31.06 -32.79 -54.68 333.72 261.25 23.00 0.00
0.00 9067.70
303.80 -35.46 -36.66 -54.16 334.42 260.88 26.96 -0.10
0.00 9567.27
283.70 -38.16 -39.20 -58.54 337.03 265.72 28.63 0.00
0.00 10040.84
265.60 -40.86 -41.72 -60.81 339.45 276.93 28.96 0.00
0.00 10491.71
248.80 -43.56 -44.26 -63.51 341.78 274.01 30.57 0.10
0.00 10933.43
233.60 -46.66 -47.21 -66.97 343.25 268.65 33.02 0.00
0.00 11354.23
219.60 -49.06 -49.50 -67.41 345.66 265.35 33.53 0.00
0.00 11761.79
205.70 -51.06 -51.43 -67.88 349.04 261.63 33.37 0.00
0.00 12188.80
191.70 -53.26 -53.59 -73.19 352.56 262.01 33.55 0.00
0.00 12644.76
177.70 -55.86 -56.12 -73.70 356.02 264.42 33.95 0.00
0.00 13129.99
163.80 -58.56 -58.75 -74.24 359.88 263.50 30.89 0.00
0.00 13644.83
149.80 -61.66 -61.80 -74.84 363.85 257.51 27.86 0.00
0.00 14201.99
135.90 -64.26 -64.36 -75.48 369.52 259.13 24.73 0.00
0.00 14801.14
121.90 -64.86 -9999.00 -9999.00 -9999.00 260.82 19.48 0.00
0.00 15464.95
108.00 -64.96 -9999.00 -9999.00 -9999.00 249.36 15.99 0.00
0.00 16202.92
94.00 -65.26 -9999.00 -9999.00 -9999.00 269.10 12.43 0.00
0.00 17048.38
81.00 -63.16 -9999.00 -9999.00 -9999.00 277.13 9.40 0.00
0.00 17958.72
70.60 -60.86 -9999.00 -9999.00 -9999.00 274.76 2.33 0.00
0.00 18808.02
62.20 -59.86 -9999.00 -9999.00 -9999.00 50.19 4.55 0.00
0.00 19597.04
54.30 -58.26 -9999.00 -9999.00 -9999.00 85.52 9.95 0.00
0.00 20448.25
46.90 -56.56 -9999.00 -9999.00 -9999.00 93.75 11.87 0.00
0.00 21373.44
40.10 -54.06 -9999.00 -9999.00 -9999.00 77.47 12.53 0.00
0.00 22372.26
33.80 -51.46 -9999.00 -9999.00 -9999.00 71.11 15.60 0.00
0.00 23474.86
27.80 -49.06 -9999.00 -9999.00 -9999.00 74.98 16.49 0.00
0.00 24749.87
22.30 -48.06 -9999.00 -9999.00 -9999.00 81.77 16.30 0.00
0.00 26199.12
17.10 -45.16 -9999.00 -9999.00 -9999.00 75.56 20.26 0.00
0.00 27959.74
12.30 -42.06 -9999.00 -9999.00 -9999.00 80.18 30.75 0.00
0.00 30173.50

STID = KMDW STNM = 725340 TIME = 200809/0900 
SLAT = 41.78 SLON = -87.75 SELV = 183.0
STIM = 13

SHOW = -1.46 LIFT = -4.32 SWET = 195.99 KINX = 25.21
LCLP = 973.73 PWAT = 40.03 TOTL = 48.66 CAPE = 1001.95
LCLT = 293.33 CINS = -99.20 EQLV = 228.15 LFCT = 654.51
BRCH = 66.32

PRES TMPC TMWC DWPC THTE DRCT SKNT OMEG
CFRL HGHT
995.50 22.04 21.03 20.54 340.38 195.95 2.84 0.00
0.00 192.63
992.60 22.54 21.06 20.37 340.93 209.05 12.00 0.00
0.00 218.09
987.10 22.44 20.96 20.27 341.34 209.65 14.53 0.00
0.00 266.62
977.60 23.24 21.43 20.63 344.77 215.48 20.75 0.00
0.00 351.20
963.60 23.14 21.27 20.44 346.26 219.74 22.47 0.00
0.00 477.51
945.70 22.24 20.61 19.87 346.30 218.00 23.66 -0.10
0.00 641.42
924.30 20.84 19.60 19.01 345.51 216.96 24.55 -0.10
0.00 840.69
900.90 19.34 18.55 18.14 344.99 216.28 22.65 -0.20
7.00 1062.77
875.60 17.84 16.73 16.15 341.94 215.81 18.92 -0.30
5.00 1308.07
847.30 16.94 14.28 12.80 337.45 218.44 15.62 -0.30
0.00 1589.53
816.20 16.44 11.79 8.84 333.83 205.84 13.81 -0.20
0.00 1908.69
782.10 14.64 9.61 6.07 332.24 200.92 14.14 -0.10
0.00 2271.11
745.20 12.24 6.52 1.73 328.86 199.21 13.58 0.10
0.00 2678.19
705.40 10.04 3.04 -4.42 325.62 193.50 9.98 0.10
0.00 3136.29
662.70 7.14 1.23 -5.21 328.14 241.93 3.30 0.10
0.00 3652.48
617.10 2.44 -1.61 -6.31 329.12 337.38 7.58 0.10
0.00 4233.85
569.00 -2.86 -6.24 -11.21 327.17 319.97 12.68 0.10
0.00 4883.52
522.40 -7.06 -11.42 -21.49 325.01 315.91 8.66 0.20
0.00 5555.16
480.40 -11.26 -14.95 -25.22 326.66 295.56 4.95 0.20
0.00 6203.29
442.90 -15.06 -18.30 -29.41 328.54 272.20 5.05 0.20
0.00 6822.15
409.10 -18.56 -21.70 -36.57 330.26 268.83 9.52 0.10
0.00 7418.02
378.50 -22.36 -25.44 -53.44 331.33 270.00 16.90 -0.10
0.00 7993.14
351.00 -26.76 -29.16 -58.62 332.48 268.15 18.07 -0.20
0.00 8542.03
326.20 -31.46 -33.11 -53.57 333.21 259.88 22.11 -0.10
0.00 9065.48
303.80 -35.36 -36.57 -54.16 334.56 257.42 25.87 -0.10
0.00 9564.74
283.70 -37.66 -38.75 -58.54 337.74 272.12 26.24 0.00
0.00 10038.91
265.60 -40.46 -41.33 -59.06 340.07 278.24 28.46 0.00
0.00 10490.66
248.80 -43.86 -44.49 -59.58 341.42 272.79 31.90 0.00
0.00 10932.48
233.60 -46.86 -47.37 -63.98 342.99 266.65 33.28 -0.10
0.00 11352.82
219.60 -49.36 -49.79 -67.41 345.20 262.01 33.55 -0.10
0.00 11759.93
205.70 -51.56 -51.91 -67.88 348.25 261.49 32.81 -0.10
0.00 12186.17
191.70 -53.66 -53.97 -73.19 351.92 264.64 31.22 -0.10
0.00 12641.21
177.70 -55.96 -56.21 -73.70 355.86 267.49 31.12 -0.10
0.00 13125.88
163.80 -58.76 -58.95 -74.24 359.54 265.05 29.25 0.00
0.00 13640.36
149.80 -61.56 -61.70 -74.84 364.02 256.55 27.56 0.00
0.00 14197.39
135.90 -63.96 -64.07 -75.48 370.05 258.00 25.21 0.00
0.00 14797.11
121.90 -64.76 -9999.00 -9999.00 -9999.00 254.36 20.16 0.00
0.00 15461.55
108.00 -65.46 -9999.00 -9999.00 -9999.00 243.43 18.24 0.00
0.00 16198.82
94.00 -65.46 -9999.00 -9999.00 -9999.00 257.47 14.34 0.00
0.00 17042.86
81.00 -62.86 -9999.00 -9999.00 -9999.00 260.54 9.46 0.00
0.00 17953.41
70.60 -60.86 -9999.00 -9999.00 -9999.00 261.87 1.38 0.00
0.00 18803.31
62.20 -60.16 -9999.00 -9999.00 -9999.00 46.33 5.91 0.00
0.00 19591.77
54.30 -58.46 -9999.00 -9999.00 -9999.00 74.20 10.70 0.00
0.00 20441.99
46.90 -57.26 -9999.00 -9999.00 -9999.00 77.77 11.93 0.00
0.00 21365.26
40.10 -54.26 -9999.00 -9999.00 -9999.00 65.22 13.91 0.00
0.00 22362.01
33.80 -51.06 -9999.00 -9999.00 -9999.00 73.79 17.40 0.00
0.00 23465.11
27.80 -49.66 -9999.00 -9999.00 -9999.00 81.35 18.08 0.00
0.00 24739.55
22.30 -48.46 -9999.00 -9999.00 -9999.00 80.54 16.55 0.00
0.00 26185.57
17.10 -45.16 -9999.00 -9999.00 -9999.00 74.42 20.98 0.00
0.00 27944.64
12.30 -42.46 -9999.00 -9999.00 -9999.00 76.92 30.91 0.00
0.00 30156.47

STID = KMDW STNM = 725340 TIME = 200809/1000 
SLAT = 41.78 SLON = -87.75 SELV = 183.0
STIM = 14

SHOW = -1.25 LIFT = -3.09 SWET = 193.38 KINX = 23.70
LCLP = 979.59 PWAT = 39.26 TOTL = 48.27 CAPE = 777.41
LCLT = 293.48 CINS = -158.78 EQLV = 233.21 LFCT = 641.75
BRCH = 72.18

PRES TMPC TMWC DWPC THTE DRCT SKNT OMEG
CFRL HGHT
996.20 21.74 20.99 20.60 340.08 183.81 2.91 0.00
0.00 192.62
993.20 22.24 21.13 20.60 341.13 211.29 11.60 0.10
0.00 218.91
987.80 22.34 21.19 20.64 342.17 213.91 14.28 0.10
0.00 266.50
978.30 22.84 21.59 21.02 345.33 222.16 19.39 0.20
0.00 350.96
964.20 22.34 20.70 19.95 343.77 229.29 22.05 0.20
0.00 477.83
946.30 21.64 19.52 18.52 341.70 229.86 21.10 0.10
0.00 641.17
924.90 20.64 18.62 17.64 341.43 222.71 20.63 0.10
0.00 839.89
901.50 19.54 17.55 16.56 340.95 224.58 18.82 0.10
0.00 1061.64
876.20 18.04 16.26 15.34 340.07 225.94 16.76 0.10
3.00 1306.79
847.90 16.84 14.32 12.91 337.47 214.11 14.55 0.10
2.00 1588.06
816.70 16.14 12.16 9.71 334.99 200.85 13.09 0.20
0.00 1907.87
782.60 14.74 10.08 6.93 333.67 201.80 13.60 0.30
0.00 2270.04
745.70 12.64 6.72 1.81 329.35 201.16 12.92 0.30
0.00 2677.27
705.80 10.44 2.89 -5.46 325.10 197.47 10.99 0.20
0.00 3136.85
663.10 7.24 1.29 -5.20 328.20 239.42 4.97 0.10
0.00 3653.14
617.40 2.34 -1.53 -5.97 329.27 319.40 5.38 0.00
0.00 4235.49
569.20 -2.96 -6.29 -11.21 327.01 309.94 10.90 -0.10
0.00 4886.02
522.60 -6.96 -11.26 -20.98 325.30 303.69 8.41 0.00
0.00 5557.42
480.60 -11.06 -14.70 -24.49 327.11 271.85 6.02 0.10
0.00 6205.69
443.00 -14.76 -18.23 -30.58 328.62 258.69 7.93 0.10
0.00 6826.59
409.20 -18.56 -21.87 -39.01 329.90 266.48 12.65 0.10
0.00 7422.64
378.60 -22.46 -25.63 -68.48 330.92 278.94 17.50 0.00
0.00 7997.47
351.10 -27.16 -29.46 -56.83 331.96 268.09 17.48 0.00
0.00 8545.65
326.20 -31.76 -33.32 -51.68 332.87 256.33 22.18 -0.10
0.00 9070.40
303.90 -34.86 -36.16 -55.26 335.19 258.14 23.62 -0.10
0.00 9567.55
283.70 -37.46 -38.55 -57.08 338.07 272.84 23.52 -0.10
0.00 10044.71
265.60 -40.66 -41.44 -55.27 339.91 274.40 27.86 0.00
0.00 10496.46
248.80 -44.36 -44.98 -61.32 340.63 270.00 32.83 0.00
0.00 10937.62
233.60 -47.46 -47.94 -63.98 342.08 266.36 33.66 0.10
0.00 11356.94
219.60 -49.76 -50.17 -67.41 344.58 260.32 33.51 0.10
0.00 11763.15
205.70 -51.66 -52.01 -67.88 348.09 260.48 31.70 0.10
0.00 12188.91
191.70 -53.46 -53.78 -73.19 352.24 262.68 28.98 0.00
0.00 12644.05
177.70 -55.76 -56.02 -73.70 356.19 264.88 28.28 0.00
0.00 13129.16
163.80 -58.46 -58.66 -74.24 360.04 261.41 27.31 0.00
0.00 13644.24
149.80 -61.26 -61.41 -74.84 364.54 253.11 27.41 0.00
0.00 14202.05
135.90 -63.46 -63.58 -75.48 370.93 255.01 25.54 0.00
0.00 14802.92
121.90 -64.46 -9999.00 -9999.00 -9999.00 246.80 22.18 0.00
0.00 15468.63
108.00 -65.66 -9999.00 -9999.00 -9999.00 243.19 20.67 0.00
0.00 16206.08
94.00 -65.26 -9999.00 -9999.00 -9999.00 258.69 14.86 0.00
0.00 17050.12
81.00 -62.76 -9999.00 -9999.00 -9999.00 263.05 8.02 0.00
0.00 17961.32
70.60 -61.66 -9999.00 -9999.00 -9999.00 26.57 0.43 0.00
0.00 18809.82
62.20 -60.86 -9999.00 -9999.00 -9999.00 57.99 5.50 0.00
0.00 19595.50
54.30 -58.86 -9999.00 -9999.00 -9999.00 84.40 9.95 0.00
0.00 20443.53
46.90 -57.46 -9999.00 -9999.00 -9999.00 87.92 10.68 0.00
0.00 21365.50
40.10 -54.06 -9999.00 -9999.00 -9999.00 66.60 14.18 0.00
0.00 22362.26
33.80 -51.16 -9999.00 -9999.00 -9999.00 76.83 18.75 0.00
0.00 23465.61
27.80 -49.76 -9999.00 -9999.00 -9999.00 84.09 17.00 0.00
0.00 24739.48
22.30 -48.06 -9999.00 -9999.00 -9999.00 73.77 15.99 0.00
0.00 26186.47
17.10 -45.46 -9999.00 -9999.00 -9999.00 70.42 21.45 0.00
0.00 27945.92
12.30 -43.06 -9999.00 -9999.00 -9999.00 80.24 30.94 0.00
0.00 30153.41

STID = KMDW STNM = 725340 TIME = 200809/1100 
SLAT = 41.78 SLON = -87.75 SELV = 183.0
STIM = 15

SHOW = -1.19 LIFT = -2.25 SWET = 183.25 KINX = 23.21
LCLP = 982.38 PWAT = 37.72 TOTL = 48.75 CAPE = 462.58
LCLT = 293.50 CINS = -274.24 EQLV = 286.02 LFCT = 624.99
BRCH = 65.33

PRES TMPC TMWC DWPC THTE DRCT SKNT OMEG
CFRL HGHT
996.40 21.54 20.91 20.58 339.76 183.18 3.50 0.00
0.00 192.61
993.40 21.94 21.15 20.75 341.16 206.13 11.46 0.00
0.00 218.88
987.90 22.24 21.34 20.90 342.78 209.85 13.66 0.10
0.00 267.32
978.40 22.34 21.07 20.48 343.12 226.76 17.87 0.10
8.00 351.67
964.50 22.44 19.73 18.45 339.75 235.86 20.42 0.10
5.00 476.56
946.50 22.34 18.45 16.52 337.45 238.51 18.22 0.20
0.00 640.84
925.20 21.34 17.77 15.97 338.07 234.78 16.16 0.20
0.00 838.86
901.80 19.84 16.95 15.48 338.62 236.12 16.38 0.30
0.00 1060.76
876.50 18.14 15.84 14.62 338.44 231.56 15.62 0.30
0.00 1305.89
848.20 17.34 14.08 12.24 336.59 209.95 13.23 0.30
0.00 1587.26
817.00 16.64 11.99 9.06 334.34 200.05 15.31 0.30
0.00 1907.42
782.90 15.14 9.88 6.22 332.94 206.90 15.03 0.30
0.00 2269.93
745.90 12.84 6.89 2.01 329.81 211.39 13.42 0.30
0.00 2678.52
706.10 10.54 2.76 -6.05 324.68 205.74 12.08 0.20
0.00 3137.02
663.30 7.24 1.19 -5.47 327.92 235.78 5.87 0.10
0.00 3654.39
617.60 2.14 -1.55 -5.74 329.21 313.26 4.53 0.00
0.00 4236.35
569.40 -3.16 -6.12 -10.35 327.37 310.49 10.47 -0.10
0.00 4886.23
522.70 -7.36 -11.15 -19.19 325.55 310.24 9.93 -0.10
0.00 5558.23
480.70 -11.36 -14.68 -23.24 327.15 281.98 6.55 -0.10
0.00 6205.57
443.10 -15.06 -18.32 -29.54 328.46 262.69 7.63 -0.10
0.00 6825.67
409.30 -18.66 -22.09 -41.76 329.45 270.99 11.27 -0.10
0.00 7421.11
378.60 -22.66 -25.79 -68.48 330.65 272.29 14.59 -0.10
0.00 7997.39
351.10 -27.46 -29.60 -51.05 331.76 251.57 19.66 -0.10
0.00 8545.03
326.20 -31.76 -33.30 -50.86 332.91 244.98 22.51 0.00
0.00 9069.46
303.90 -34.36 -35.74 -56.52 335.85 255.17 20.49 0.10
0.00 9567.13
283.70 -37.16 -38.21 -53.75 338.63 267.99 22.16 0.10
0.00 10045.10
265.60 -40.76 -41.55 -56.36 339.72 267.71 29.16 0.10
0.00 10497.05
248.80 -44.36 -45.00 -63.51 340.59 265.06 31.59 0.10
0.00 10938.10
233.60 -47.36 -47.84 -63.98 342.23 261.33 32.23 0.10
0.00 11357.51
219.60 -49.76 -50.17 -67.41 344.58 259.82 32.96 0.10
0.00 11763.81
205.70 -51.56 -51.91 -67.88 348.25 261.77 31.22 0.00
0.00 12189.67
191.70 -53.06 -53.40 -73.19 352.88 264.09 28.32 0.00
0.00 12645.32
177.70 -55.56 -55.83 -73.70 356.51 265.83 26.69 0.00
0.00 13131.11
163.80 -58.36 -58.56 -74.24 360.21 262.61 25.66 0.00
0.00 13646.54
149.80 -61.26 -61.41 -74.84 364.54 254.05 26.86 0.00
0.00 14204.49
135.90 -63.66 -63.77 -75.48 370.58 255.01 25.54 0.00
0.00 14805.06
121.90 -64.66 -9999.00 -9999.00 -9999.00 243.87 22.94 0.00
0.00 15470.14
108.00 -65.56 -9999.00 -9999.00 -9999.00 242.51 21.46 0.00
0.00 16207.41
94.00 -64.76 -9999.00 -9999.00 -9999.00 259.90 14.39 0.00
0.00 17052.67
81.00 -62.56 -9999.00 -9999.00 -9999.00 255.58 7.01 0.00
0.00 17965.40
70.60 -61.96 -9999.00 -9999.00 -9999.00 159.44 1.65 0.00
0.00 18813.69
62.20 -60.66 -9999.00 -9999.00 -9999.00 73.30 4.06 0.00
0.00 19599.19
54.30 -58.16 -9999.00 -9999.00 -9999.00 83.66 8.80 0.00
0.00 20449.01
46.90 -56.86 -9999.00 -9999.00 -9999.00 73.74 9.71 0.00
0.00 21373.77
40.10 -54.46 -9999.00 -9999.00 -9999.00 54.38 16.01 0.00
0.00 22370.98
33.80 -52.26 -9999.00 -9999.00 -9999.00 67.96 17.60 0.00
0.00 23470.58
27.80 -50.56 -9999.00 -9999.00 -9999.00 76.33 14.80 0.00
0.00 24739.01
22.30 -48.56 -9999.00 -9999.00 -9999.00 69.21 16.41 0.00
0.00 26181.81
17.10 -45.46 -9999.00 -9999.00 -9999.00 77.87 24.05 0.00
0.00 27939.32
12.30 -43.46 -9999.00 -9999.00 -9999.00 82.46 29.58 0.00
0.00 30144.88

STID = KMDW STNM = 725340 TIME = 200809/1200 
SLAT = 41.78 SLON = -87.75 SELV = 183.0
STIM = 16

SHOW = -1.61 LIFT = -2.61 SWET = 193.00 KINX = 23.51
LCLP = 980.47 PWAT = 38.58 TOTL = 49.12 CAPE = 553.19
LCLT = 293.85 CINS = -239.66 EQLV = 257.30 LFCT = 630.37
BRCH = 95.61

PRES TMPC TMWC DWPC THTE DRCT SKNT OMEG
CFRL HGHT
996.20 22.04 21.32 20.96 341.47 202.38 3.57 0.00
0.00 191.75
993.10 21.94 21.16 20.77 341.26 210.96 10.20 0.00
0.00 218.93
987.60 21.84 21.05 20.65 341.62 212.62 11.54 0.00
0.00 267.35
978.20 21.94 20.78 20.22 341.93 229.76 16.53 0.00
0.00 350.72
964.20 21.84 20.15 19.35 341.48 234.32 18.65 0.00
10.00 476.34
946.30 22.24 18.86 17.23 339.09 230.75 17.81 0.00
0.00 639.63
924.90 21.34 17.63 15.75 337.60 229.67 13.50 -0.10
0.00 838.62
901.50 19.74 17.09 15.74 339.17 225.47 16.63 -0.20
0.00 1060.56
876.20 18.04 16.26 15.33 340.05 223.29 18.41 -0.30
0.00 1305.75
848.00 16.74 14.20 12.77 337.03 212.28 13.09 -0.30
0.00 1585.94
816.80 16.14 11.96 9.35 334.31 199.15 14.80 -0.30
0.00 1905.63
782.70 15.04 9.77 6.08 332.63 205.82 13.38 -0.20
0.00 2267.87
745.70 12.74 7.19 2.78 330.75 215.88 11.27 -0.10
0.00 2676.46
705.90 10.54 2.81 -5.87 324.86 211.89 10.30 0.00
0.00 3135.05
663.10 7.24 1.11 -5.71 327.73 243.43 5.21 0.00
0.00 3652.57
617.40 2.04 -1.63 -5.84 329.03 313.15 4.25 0.10
0.00 4234.59
569.30 -3.26 -6.06 -9.99 327.55 309.81 10.63 0.10
0.00 4883.06
522.60 -7.66 -10.98 -17.62 325.96 308.16 10.37 0.10
0.00 5554.74
480.60 -11.46 -14.57 -22.27 327.42 268.49 7.38 0.10
0.00 6201.79
443.00 -15.36 -18.41 -28.59 328.35 250.82 9.46 0.10
0.00 6821.58
409.20 -18.76 -22.26 -43.95 329.15 260.18 10.26 0.10
0.00 7416.70
378.60 -23.16 -26.08 -54.72 330.21 254.33 16.55 0.00
0.00 7990.50
351.00 -27.96 -29.97 -49.47 331.19 245.60 20.69 -0.10
0.00 8539.10
326.20 -31.26 -32.92 -52.57 333.52 245.47 21.99 -0.10
0.00 9061.50
303.90 -33.76 -35.22 -56.52 336.70 254.93 20.92 -0.10
0.00 9560.31
283.70 -37.16 -38.24 -54.73 338.59 264.72 23.21 -0.10
0.00 10038.88
265.60 -41.06 -41.87 -59.06 339.20 267.53 27.02 -0.10
0.00 10490.54
248.80 -44.76 -45.35 -61.32 340.04 266.11 28.61 -0.10
0.00 10930.92
233.60 -47.76 -48.22 -63.98 341.62 261.40 29.86 0.00
0.00 11349.60
219.60 -50.16 -50.55 -67.41 343.96 259.63 30.21 0.00
0.00 11755.17
205.70 -51.86 -52.20 -67.88 347.78 259.77 28.42 0.00
0.00 12180.36
191.70 -53.26 -53.59 -73.19 352.56 259.73 27.23 0.00
0.00 12635.50
177.70 -55.56 -55.83 -73.70 356.51 261.93 26.28 0.00
0.00 13121.06
163.80 -58.46 -58.66 -74.24 360.04 261.36 24.55 -0.10
0.00 13636.37
149.80 -61.36 -61.50 -74.84 364.36 253.51 25.33 -0.10
0.00 14194.06
135.90 -63.86 -63.97 -75.48 370.22 255.54 25.68 -0.10
0.00 14794.20
121.90 -65.26 -9999.00 -9999.00 -9999.00 246.23 23.14 0.00
0.00 15458.01
108.00 -66.16 -9999.00 -9999.00 -9999.00 247.01 20.88 0.00
0.00 16193.15
94.00 -65.06 -9999.00 -9999.00 -9999.00 259.22 12.45 0.00
0.00 17036.58
81.00 -62.76 -9999.00 -9999.00 -9999.00 251.57 6.14 0.00
0.00 17948.22
70.60 -61.86 -9999.00 -9999.00 -9999.00 239.04 1.13 0.00
0.00 18796.32
62.20 -60.06 -9999.00 -9999.00 -9999.00 36.25 3.61 0.00
0.00 19583.11
54.30 -57.96 -9999.00 -9999.00 -9999.00 82.06 8.43 0.00
0.00 20434.52
46.90 -57.56 -9999.00 -9999.00 -9999.00 80.54 10.63 0.00
0.00 21358.21
40.10 -56.46 -9999.00 -9999.00 -9999.00 67.58 16.80 0.00
0.00 22349.24
33.80 -54.16 -9999.00 -9999.00 -9999.00 78.11 18.86 0.00
0.00 23439.08
27.80 -51.36 -9999.00 -9999.00 -9999.00 78.96 16.22 0.00
0.00 24699.79
22.30 -47.56 -9999.00 -9999.00 -9999.00 73.74 19.42 0.00
0.00 26143.22
17.10 -44.66 -9999.00 -9999.00 -9999.00 82.06 25.29 0.00
0.00 27907.73
12.30 -43.36 -9999.00 -9999.00 -9999.00 82.60 30.17 0.00
0.00 30117.63

STID = KMDW STNM = 725340 TIME = 200809/1300 
SLAT = 41.78 SLON = -87.75 SELV = 183.0
STIM = 17

SHOW = -2.28 LIFT = -3.03 SWET = 216.96 KINX = 23.46
LCLP = 965.31 PWAT = 39.18 TOTL = 49.79 CAPE = 773.87
LCLT = 293.92 CINS = -201.24 EQLV = 236.88 LFCT = 637.17
BRCH = 606.56

PRES TMPC TMWC DWPC THTE DRCT SKNT OMEG
CFRL HGHT
996.30 23.44 21.96 21.29 344.12 208.81 4.43 0.00
0.00 191.79
993.30 23.14 21.70 21.04 343.47 210.65 6.10 0.00
0.00 218.22
987.80 22.64 21.41 20.84 343.11 214.11 7.26 0.00
0.00 266.79
978.30 22.04 20.90 20.36 342.43 222.88 11.13 0.10
1.00 351.17
964.30 22.24 20.34 19.46 342.26 225.00 13.46 0.10
0.00 476.90
946.40 21.44 19.48 18.55 341.52 225.00 14.28 0.20
7.00 640.11
925.00 21.34 17.72 15.90 337.94 217.33 14.41 0.20
0.00 838.89
901.60 19.74 16.99 15.58 338.77 214.10 15.25 0.10
0.00 1060.81
876.30 18.04 16.54 15.76 341.09 217.57 15.93 0.10
0.00 1305.98
848.00 16.54 14.61 13.55 338.52 209.85 13.66 0.10
2.00 1587.14
816.80 15.74 12.18 10.00 335.05 195.52 14.51 0.10
0.00 1906.59
782.70 15.14 9.73 5.92 332.50 198.17 13.09 0.20
0.00 2268.67
745.80 13.04 7.02 2.12 330.21 205.60 10.33 0.20
0.00 2676.37
705.90 10.94 2.89 -6.25 325.00 208.71 9.30 0.30
0.00 3136.60
663.20 7.44 1.30 -5.44 328.20 232.59 4.16 0.30
0.00 3653.41
617.50 2.14 -1.72 -6.20 328.79 296.57 3.90 0.20
0.00 4235.65
569.30 -3.06 -6.06 -10.32 327.53 302.01 10.99 0.00
0.00 4885.73
522.60 -7.66 -10.68 -16.39 326.61 298.95 10.43 -0.10
0.00 5557.69
480.60 -11.56 -14.47 -21.45 327.63 262.23 8.62 -0.10
0.00 6204.68
443.00 -15.66 -18.58 -28.33 328.04 254.93 10.47 0.00
0.00 6824.01
409.20 -18.96 -22.48 -46.12 328.74 260.54 9.46 0.00
0.00 7418.54
378.60 -23.46 -26.23 -50.39 329.97 252.85 16.47 0.00
0.00 7991.77
351.10 -28.06 -30.03 -48.76 331.07 245.22 19.46 -0.10
0.00 8537.88
326.20 -31.26 -32.94 -53.57 333.48 247.22 21.08 -0.10
0.00 9062.20
303.90 -33.96 -35.42 -57.99 336.37 253.98 21.83 -0.10
0.00 9560.81
283.70 -37.46 -38.57 -58.54 338.03 263.94 22.07 -0.10
0.00 10038.87
265.60 -41.26 -42.06 -59.06 338.90 266.05 22.59 0.00
0.00 10490.03
248.80 -44.76 -45.37 -63.51 339.99 259.41 24.30 0.00
0.00 10930.22
233.60 -47.66 -48.13 -63.98 341.78 253.95 28.09 0.10
0.00 11348.99
219.60 -49.76 -50.17 -67.41 344.58 254.85 28.98 0.10
0.00 11755.02
205.70 -51.36 -51.72 -67.88 348.56 257.13 27.89 0.00
0.00 12181.07
191.70 -53.26 -53.59 -73.19 352.56 259.73 27.23 0.00
0.00 12636.72
177.80 -55.86 -56.12 -73.70 355.97 263.24 26.40 0.00
0.00 13118.35
163.80 -58.76 -58.95 -74.24 359.54 263.45 23.85 -0.10
0.00 13636.51
149.80 -61.76 -61.90 -74.84 363.68 253.07 23.35 0.00
0.00 14193.27
135.90 -64.56 -64.66 -75.48 368.98 253.00 24.57 0.00
0.00 14791.85
121.90 -65.76 -9999.00 -9999.00 -9999.00 243.20 21.54 0.00
0.00 15453.75
108.00 -65.86 -9999.00 -9999.00 -9999.00 244.74 19.11 0.00
0.00 16188.54
94.00 -64.16 -9999.00 -9999.00 -9999.00 257.59 9.95 0.00
0.00 17034.41
81.00 -62.16 -9999.00 -9999.00 -9999.00 279.46 5.91 0.00
0.00 17949.32
70.60 -60.76 -9999.00 -9999.00 -9999.00 321.34 2.49 0.00
0.00 18800.83
62.20 -58.36 -9999.00 -9999.00 -9999.00 77.74 4.56 0.00
0.00 19592.81
54.30 -57.56 -9999.00 -9999.00 -9999.00 110.81 10.39 0.00
0.00 20448.40
46.90 -57.96 -9999.00 -9999.00 -9999.00 85.43 9.75 0.00
0.00 21372.09
40.10 -56.46 -9999.00 -9999.00 -9999.00 72.90 15.85 0.00
0.00 22362.20
33.80 -53.66 -9999.00 -9999.00 -9999.00 93.14 17.70 0.00
0.00 23453.28
27.80 -50.56 -9999.00 -9999.00 -9999.00 75.96 14.41 0.00
0.00 24717.71
22.30 -46.46 -9999.00 -9999.00 -9999.00 73.35 19.66 0.00
0.00 26167.28
17.10 -44.46 -9999.00 -9999.00 -9999.00 74.88 22.34 0.00
0.00 27936.84
12.30 -42.36 -9999.00 -9999.00 -9999.00 71.44 29.29 0.00
0.00 30152.53

STID = KMDW STNM = 725340 TIME = 200809/1400 
SLAT = 41.78 SLON = -87.75 SELV = 183.0
STIM = 18

SHOW = -3.11 LIFT = -3.41 SWET = 247.05 KINX = 23.63
LCLP = 949.57 PWAT = 39.09 TOTL = 50.75 CAPE = 947.33
LCLT = 293.94 CINS = -189.06 EQLV = 230.15 LFCT = 640.96
BRCH = 367.59

PRES TMPC TMWC DWPC THTE DRCT SKNT OMEG
CFRL HGHT
996.20 24.84 22.54 21.57 346.67 191.31 4.95 0.00
0.00 192.72
993.20 24.44 22.21 21.25 345.68 190.30 6.51 0.00
0.00 219.27
987.70 23.84 21.88 21.03 345.14 191.89 7.54 0.00
0.00 268.06
978.30 23.04 21.44 20.73 344.72 193.39 8.39 0.00
0.00 351.88
964.30 22.24 20.48 19.67 342.84 201.48 12.74 0.00
0.00 477.84
946.30 21.14 19.58 18.83 341.93 204.44 14.08 0.10
14.00 641.92
925.00 21.04 18.00 16.50 339.02 204.57 14.96 0.10
0.00 839.62
901.60 19.84 16.63 14.95 337.42 196.84 15.42 0.10
0.00 1061.46
876.20 18.14 16.28 15.32 340.15 203.29 16.71 0.00
0.00 1307.64
848.00 16.54 15.15 14.40 340.49 202.99 13.93 0.00
7.00 1587.89
816.80 16.04 12.29 10.01 335.42 192.53 16.12 0.10
2.00 1907.57
782.70 15.54 9.75 5.65 332.55 198.92 14.37 0.20
0.00 2270.08
745.70 13.54 6.77 1.03 329.43 204.27 10.86 0.20
0.00 2679.48
705.90 11.44 3.03 -6.56 325.33 212.28 8.72 0.30
0.00 3139.31
663.10 7.64 1.48 -5.17 328.70 236.31 4.20 0.30
0.00 3658.02
617.40 2.34 -1.81 -6.71 328.58 290.14 6.22 0.30
0.00 4240.75
569.30 -2.96 -6.11 -10.65 327.40 302.99 13.21 0.30
0.00 4889.86
522.60 -7.86 -10.52 -15.37 326.95 291.80 11.50 0.20
0.00 5561.71
480.60 -11.56 -14.45 -21.37 327.66 251.57 10.45 0.20
0.00 6208.49
443.00 -15.46 -18.74 -30.74 327.69 243.02 11.99 0.20
0.00 6828.03
409.20 -18.86 -22.56 -52.78 328.55 241.82 12.33 0.10
0.00 7422.87
378.60 -23.86 -26.51 -48.80 329.52 248.07 16.12 0.00
0.00 7995.74
351.10 -27.96 -29.95 -48.76 331.20 245.91 18.08 -0.10
0.00 8541.52
326.20 -31.06 -32.77 -53.57 333.76 247.50 20.82 -0.10
0.00 9066.17
303.90 -34.16 -35.57 -56.52 336.14 257.80 22.07 -0.10
0.00 9564.77
283.70 -37.66 -38.73 -57.08 337.79 262.48 20.77 -0.10
0.00 10042.43
265.60 -41.16 -41.99 -60.81 339.01 257.52 22.47 0.00
0.00 10493.50
248.80 -44.56 -45.19 -63.51 340.29 251.70 25.37 0.00
0.00 10933.98
233.60 -47.46 -47.96 -66.97 342.03 252.06 28.38 0.00
0.00 11353.11
219.60 -49.66 -50.07 -67.41 344.73 255.68 28.26 0.00
0.00 11759.41
205.70 -51.46 -51.81 -67.88 348.41 256.55 27.56 0.00
0.00 12185.46
191.70 -53.56 -53.88 -73.19 352.08 256.44 28.17 0.00
0.00 12640.70
177.70 -56.06 -56.31 -73.70 355.69 259.48 27.66 0.00
0.00 13125.37
163.80 -58.86 -59.05 -74.24 359.37 261.81 24.53 0.00
0.00 13639.62
149.80 -61.86 -9999.00 -9999.00 -9999.00 250.80 23.04 0.00
0.00 14196.12
135.90 -64.46 -64.56 -75.48 369.16 248.61 25.04 0.00
0.00 14794.70
121.90 -65.66 -9999.00 -9999.00 -9999.00 238.78 22.49 0.00
0.00 15456.91
108.00 -65.56 -9999.00 -9999.00 -9999.00 243.43 19.54 0.00
0.00 16192.41
94.00 -64.06 -9999.00 -9999.00 -9999.00 257.99 9.34 0.00
0.00 17039.09
81.00 -62.26 -9999.00 -9999.00 -9999.00 287.24 5.91 0.00
0.00 17954.00
70.60 -60.26 -9999.00 -9999.00 -9999.00 315.00 1.38 0.00
0.00 18806.32
62.20 -57.66 -9999.00 -9999.00 -9999.00 102.34 6.37 0.00
0.00 19600.52
54.30 -57.86 -9999.00 -9999.00 -9999.00 119.29 9.13 0.00
0.00 20456.90
46.90 -57.26 -9999.00 -9999.00 -9999.00 72.35 8.97 0.00
0.00 21381.45
40.10 -55.46 -9999.00 -9999.00 -9999.00 85.06 15.79 0.00
0.00 22375.46
33.80 -53.46 -9999.00 -9999.00 -9999.00 99.96 14.59 0.00
0.00 23469.55
27.80 -50.06 -9999.00 -9999.00 -9999.00 67.89 13.42 0.00
0.00 24735.98
22.30 -46.86 -9999.00 -9999.00 -9999.00 72.78 20.34 0.00
0.00 26185.87
17.10 -45.06 -9999.00 -9999.00 -9999.00 65.29 24.16 0.00
0.00 27951.54
12.30 -42.26 -9999.00 -9999.00 -9999.00 71.46 34.21 0.00
0.00 30164.82

STID = KMDW STNM = 725340 TIME = 200809/1500 
SLAT = 41.78 SLON = -87.75 SELV = 183.0
STIM = 19

SHOW = -3.29 LIFT = -3.74 SWET = 258.48 KINX = 23.46
LCLP = 924.04 PWAT = 37.87 TOTL = 51.18 CAPE = 1049.40
LCLT = 293.05 CINS = -210.05 EQLV = 229.49 LFCT = 641.26
BRCH = 169.54

PRES TMPC TMWC DWPC THTE DRCT SKNT OMEG
CFRL HGHT
995.90 26.24 22.62 21.12 347.07 180.00 6.22 0.00
0.00 192.77
992.90 25.74 22.30 20.85 346.12 178.64 8.16 0.00
0.00 219.44
987.40 25.14 21.98 20.64 345.61 178.81 9.32 0.00
0.00 268.45
977.90 24.24 21.53 20.36 345.16 180.00 10.30 -0.10
0.00 353.53
964.00 22.94 20.83 19.89 344.36 181.88 11.85 0.00
0.00 479.03
946.10 21.74 19.61 18.61 342.09 187.70 14.51 0.10
0.00 642.60
924.70 20.44 18.29 17.24 340.19 189.69 16.16 0.20
12.00 841.31
901.30 20.04 16.30 14.31 336.26 187.87 18.43 0.30
0.00 1063.08
876.00 18.24 15.34 13.76 336.69 190.26 20.73 0.20
0.00 1308.36
847.80 16.74 15.25 14.45 340.88 192.36 14.51 0.20
20.00 1588.72
816.60 16.84 12.39 9.67 335.76 193.86 15.40 0.30
4.00 1909.02
782.50 16.44 9.52 4.40 331.77 205.11 13.73 0.30
0.00 2272.59
745.60 14.34 6.33 -0.97 328.07 212.32 11.27 0.30
0.00 2682.00
705.80 11.84 3.19 -6.64 325.74 217.57 9.56 0.20
0.00 3142.76
663.00 7.84 1.59 -5.14 328.98 235.30 6.14 0.10
0.00 3662.09
617.40 2.54 -1.84 -7.10 328.47 280.54 8.49 0.00
0.00 4243.99
569.20 -2.86 -6.18 -11.03 327.26 306.21 13.48 0.00
0.00 4894.82
522.60 -7.96 -10.51 -15.10 326.99 287.35 13.03 -0.10
0.00 5565.29
480.60 -11.76 -14.76 -22.27 327.04 249.03 12.49 -0.10
0.00 6211.68
443.00 -15.46 -19.04 -33.77 327.09 239.04 13.60 -0.10
0.00 6830.93
409.20 -18.86 -22.62 -57.40 328.43 238.57 16.39 -0.10
0.00 7425.73
378.60 -24.06 -26.71 -50.39 329.18 246.11 14.88 -0.10
0.00 7998.37
351.00 -28.06 -30.03 -48.76 331.09 251.57 15.97 -0.10
0.00 8545.88
326.20 -31.26 -32.94 -53.57 333.48 250.53 20.40 0.00
0.00 9068.17
303.90 -34.46 -35.83 -56.52 335.71 255.83 19.83 0.00
0.00 9566.26
283.70 -37.56 -38.62 -55.83 337.97 252.09 20.20 0.10
0.00 10043.72
265.60 -40.96 -41.83 -63.02 339.26 246.80 23.68 0.00
0.00 10495.08
248.80 -44.36 -45.03 -66.51 340.54 245.25 27.37 0.00
0.00 10935.93
233.60 -47.16 -47.66 -63.98 342.53 248.13 28.67 0.00
0.00 11355.53
219.60 -49.16 -49.57 -64.44 345.55 252.32 28.13 0.00
0.00 11762.56
205.70 -51.16 -51.53 -67.88 348.88 254.95 29.18 -0.10
0.00 12189.37
191.70 -53.76 -54.04 -68.39 351.81 257.67 30.03 -0.10
0.00 12644.72
177.70 -56.46 -56.70 -73.70 355.04 261.37 28.50 -0.10
0.00 13128.72
163.80 -59.16 -59.34 -74.24 358.87 261.47 23.56 -0.10
0.00 13642.13
149.80 -62.06 -9999.00 -9999.00 -9999.00 245.08 21.21 0.00
0.00 14197.98
135.90 -64.46 -64.56 -75.48 369.16 241.39 24.34 0.00
0.00 14796.28
121.90 -65.06 -9999.00 -9999.00 -9999.00 235.78 23.48 0.00
0.00 15459.45
108.00 -64.36 -9999.00 -9999.00 -9999.00 242.94 20.07 0.00
0.00 16198.13
94.00 -63.66 -9999.00 -9999.00 -9999.00 255.70 10.22 0.00
0.00 17048.06
81.00 -62.46 -9999.00 -9999.00 -9999.00 284.93 6.02 0.00
0.00 17963.41
70.60 -60.66 -9999.00 -9999.00 -9999.00 180.00 0.58 0.00
0.00 18814.52
62.20 -58.46 -9999.00 -9999.00 -9999.00 113.39 7.83 0.00
0.00 19606.50
54.30 -58.46 -9999.00 -9999.00 -9999.00 127.75 7.61 0.00
0.00 20460.10
46.90 -56.96 -9999.00 -9999.00 -9999.00 80.31 8.08 0.00
0.00 21384.00
40.10 -55.16 -9999.00 -9999.00 -9999.00 96.75 14.86 0.00
0.00 22379.38
33.80 -53.36 -9999.00 -9999.00 -9999.00 88.24 12.63 0.00
0.00 23474.48
27.80 -50.06 -9999.00 -9999.00 -9999.00 68.68 17.09 0.00
0.00 24741.19
22.30 -46.76 -9999.00 -9999.00 -9999.00 75.59 21.85 0.00
0.00 26191.41
17.10 -43.66 -9999.00 -9999.00 -9999.00 66.22 25.04 0.00
0.00 27962.91
12.30 -41.76 -9999.00 -9999.00 -9999.00 67.30 32.21 0.00
0.00 30185.35

STID = KMDW STNM = 725340 TIME = 200809/1600 
SLAT = 41.78 SLON = -87.75 SELV = 183.0
STIM = 20

SHOW = -3.38 LIFT = -4.33 SWET = 271.59 KINX = 23.44
LCLP = 888.82 PWAT = 37.90 TOTL = 51.70 CAPE = 1064.79
LCLT = 291.41 CINS = -224.44 EQLV = 228.33 LFCT = 638.80
BRCH = 124.93

PRES TMPC TMWC DWPC THTE DRCT SKNT OMEG
CFRL HGHT
995.40 27.84 22.39 20.08 346.06 175.24 7.01 0.00
0.00 191.93
992.30 27.04 22.07 19.95 345.20 173.93 9.19 0.00
0.00 219.62
986.80 26.44 21.81 19.82 344.93 174.61 10.33 0.00
0.00 268.85
977.40 25.44 21.37 19.60 344.53 174.19 11.52 0.00
0.00 353.39
963.40 24.04 20.74 19.28 344.07 175.60 12.67 0.00
0.00 480.31
945.50 22.44 19.97 18.84 343.66 177.58 13.81 0.00
0.00 644.47
924.10 20.84 18.57 17.48 341.38 180.66 16.90 0.10
11.00 843.70
900.80 20.14 16.80 15.08 338.19 182.63 21.19 0.10
0.00 1064.90
875.50 18.34 15.57 14.09 337.62 182.56 21.78 0.20
0.00 1310.46
847.20 17.04 15.08 14.03 340.35 186.34 17.60 0.20
20.00 1592.19
816.10 16.94 12.73 10.22 337.01 194.56 15.46 0.10
7.00 1911.89
782.10 16.74 9.60 4.33 332.08 209.54 13.40 0.10
0.00 2274.89
745.20 14.64 6.30 -1.41 328.00 218.33 10.64 0.10
0.00 2684.91
705.40 12.04 3.28 -6.61 326.06 220.86 9.50 0.10
0.00 3146.31
662.70 7.94 1.49 -5.55 328.77 237.09 7.87 0.00
0.00 3664.95
617.10 2.64 -1.80 -7.11 328.64 273.37 9.93 -0.10
0.00 4247.31
569.00 -3.06 -6.03 -10.24 327.65 305.64 12.67 0.00
0.00 4896.98
522.40 -8.26 -10.45 -14.28 327.17 289.71 13.83 0.10
0.00 5567.14
480.40 -12.06 -15.06 -22.79 326.50 254.39 13.71 0.10
0.00 6213.08
442.90 -15.66 -19.35 -35.78 326.53 240.44 14.96 0.10
0.00 6830.26
409.10 -19.16 -22.77 -51.65 328.23 243.43 17.81 0.10
0.00 7424.60
378.50 -23.96 -26.61 -49.57 329.38 244.54 13.56 0.10
0.00 7997.17
351.00 -27.66 -29.75 -50.22 331.55 249.36 15.99 0.00
0.00 8543.32
326.20 -31.16 -32.85 -53.57 333.62 252.07 20.82 0.00
0.00 9066.14
303.80 -34.46 -35.79 -54.16 335.83 249.51 18.86 0.10
0.00 9566.65
283.70 -37.46 -38.57 -58.54 338.03 246.80 22.18 0.00
0.00 10041.93
265.60 -40.96 -41.83 -63.02 339.26 245.59 25.39 0.00
0.00 10493.38
248.80 -44.46 -45.12 -66.51 340.39 244.52 27.54 -0.10
0.00 10934.14
233.60 -47.26 -47.75 -63.98 342.38 249.62 29.00 -0.10
0.00 11353.55
219.60 -49.36 -49.76 -64.44 345.24 253.79 28.52 -0.10
0.00 11760.31
205.70 -51.66 -52.01 -67.88 348.09 256.35 27.99 -0.10
0.00 12186.45
191.70 -54.36 -54.62 -68.39 350.84 257.04 27.70 -0.10
0.00 12640.66
177.70 -57.06 -57.28 -73.70 354.06 256.78 26.34 0.00
0.00 13123.34
163.80 -59.36 -59.53 -74.24 358.54 251.71 23.52 0.00
0.00 13635.80
149.80 -62.06 -9999.00 -9999.00 -9999.00 239.04 22.65 0.00
0.00 14191.38
135.90 -64.36 -9999.00 -9999.00 -9999.00 243.82 25.97 0.00
0.00 14789.82
121.90 -64.96 -65.06 -76.19 379.90 245.29 24.16 0.00
0.00 15453.30
108.00 -64.26 -9999.00 -9999.00 -9999.00 251.75 19.23 0.00
0.00 16192.35
94.00 -63.76 -9999.00 -9999.00 -9999.00 252.65 9.77 0.00
0.00 17042.28
81.00 -62.56 -9999.00 -9999.00 -9999.00 252.26 5.09 0.00
0.00 17957.19
70.60 -60.56 -9999.00 -9999.00 -9999.00 177.14 3.88 0.00
0.00 18808.30
62.20 -58.46 -9999.00 -9999.00 -9999.00 129.40 7.03 0.00
0.00 19600.47
54.30 -58.46 -9999.00 -9999.00 -9999.00 132.14 5.50 0.00
0.00 20454.06
46.90 -57.16 -9999.00 -9999.00 -9999.00 81.53 9.23 0.00
0.00 21377.54
40.10 -55.46 -9999.00 -9999.00 -9999.00 95.88 13.29 0.00
0.00 22371.78
33.80 -52.56 -9999.00 -9999.00 -9999.00 77.66 12.72 0.00
0.00 23468.12
27.80 -49.46 -9999.00 -9999.00 -9999.00 69.81 18.01 0.00
0.00 24738.84
22.30 -47.26 -9999.00 -9999.00 -9999.00 73.61 20.65 0.00
0.00 26189.38
17.10 -44.16 -9999.00 -9999.00 -9999.00 63.64 24.49 0.00
0.00 27957.00
12.30 -41.56 -9999.00 -9999.00 -9999.00 73.14 33.49 0.00
0.00 30177.99

STID = KMDW STNM = 725340 TIME = 200809/1700 
SLAT = 41.78 SLON = -87.75 SELV = 183.0
STIM = 21

SHOW = -3.08 LIFT = -4.78 SWET = 266.75 KINX = 22.97
LCLP = 868.11 PWAT = 38.76 TOTL = 51.18 CAPE = 1209.64
LCLT = 290.77 CINS = -198.65 EQLV = 219.79 LFCT = 642.42
BRCH = 128.49

PRES TMPC TMWC DWPC THTE DRCT SKNT OMEG
CFRL HGHT
994.60 29.14 22.57 19.80 346.95 178.60 7.96 0.00
0.00 192.87
991.70 28.24 22.26 19.71 346.05 177.84 10.30 0.00
0.00 218.90
986.20 27.54 21.98 19.60 345.73 177.14 11.67 -0.10
0.00 268.34
976.70 26.54 21.56 19.41 345.42 176.53 12.84 -0.10
0.00 354.14
962.80 25.24 20.99 19.13 345.19 177.61 14.01 -0.20
0.00 480.72
944.90 23.54 20.23 18.75 344.83 178.51 14.96 -0.30
0.00 645.60
923.50 21.64 19.29 18.21 344.38 178.64 16.32 -0.30
0.00 845.64
900.20 20.14 17.86 16.75 342.36 183.27 20.44 -0.30
6.00 1067.43
874.90 18.54 16.40 15.31 340.81 183.61 21.60 -0.30
1.00 1313.41
846.70 17.34 15.00 13.75 340.14 182.14 20.80 -0.20
11.00 1594.62
815.50 16.84 13.46 11.56 339.71 195.26 15.50 -0.10
13.00 1915.74
781.50 16.74 10.13 5.49 333.89 213.21 12.76 0.00
1.00 2279.12
744.70 14.84 6.36 -1.48 328.23 220.60 10.74 0.10
0.00 2688.53
705.00 12.14 3.29 -6.73 326.14 222.51 9.48 0.10
0.00 3149.29
662.30 7.94 1.27 -6.22 328.23 238.82 8.62 0.00
0.00 3668.29
616.80 2.84 -1.79 -7.37 328.70 276.84 9.79 0.00
0.00 4249.86
568.70 -3.06 -5.80 -9.57 328.24 306.47 11.11 0.10
0.00 4900.11
522.10 -7.86 -10.42 -15.01 327.27 285.19 14.08 0.20
0.00 5571.14
480.30 -11.76 -15.18 -24.60 326.25 262.41 14.70 0.20
0.00 6215.05
442.80 -15.66 -19.57 -39.20 326.11 247.14 17.50 0.10
0.00 6832.66
409.00 -19.56 -23.01 -48.89 327.85 251.75 18.61 0.00
0.00 7426.67
378.50 -23.76 -26.49 -51.31 329.56 246.90 14.36 0.10
0.00 7997.21
350.90 -27.66 -29.75 -50.23 331.58 250.13 17.15 0.10
0.00 8545.64
326.20 -31.16 -32.81 -51.68 333.70 245.22 19.46 0.10
0.00 9066.43
303.80 -34.26 -35.55 -51.47 336.23 238.67 20.92 0.10
0.00 9567.16
283.70 -37.46 -38.62 -62.52 337.94 244.24 24.59 0.00
0.00 10042.64
265.60 -41.26 -42.10 -63.02 338.82 241.76 26.69 0.00
0.00 10493.80
248.80 -44.66 -45.28 -63.51 340.14 239.97 28.73 -0.10
0.00 10934.08
233.60 -47.76 -48.20 -61.80 341.67 243.61 28.85 -0.10
0.00 11352.85
219.60 -49.76 -50.12 -62.27 344.67 248.66 26.69 -0.10
0.00 11758.79
205.70 -51.86 -52.20 -67.88 347.78 251.70 25.99 -0.10
0.00 12184.36
191.70 -54.46 -54.72 -68.39 350.68 251.83 26.79 -0.10
0.00 12638.27
177.70 -57.06 -57.28 -73.70 354.06 250.91 26.73 -0.10
0.00 13120.83
163.80 -59.46 -59.63 -74.24 358.37 247.95 25.35 -0.10
0.00 13633.17
149.80 -62.26 -62.39 -74.84 362.82 239.91 24.03 0.00
0.00 14188.36
135.90 -64.46 -9999.00 -9999.00 -9999.00 245.95 25.74 0.00
0.00 14786.37
121.90 -65.06 -9999.00 -9999.00 -9999.00 245.56 23.47 0.00
0.00 15449.54
108.00 -64.06 -9999.00 -9999.00 -9999.00 248.31 18.40 0.00
0.00 16188.76
94.00 -63.36 -9999.00 -9999.00 -9999.00 238.63 9.32 0.00
0.00 17039.91
81.00 -62.16 -9999.00 -9999.00 -9999.00 245.22 5.56 0.00
0.00 17956.56
70.60 -60.76 -9999.00 -9999.00 -9999.00 186.12 5.48 0.00
0.00 18808.07
62.20 -58.86 -9999.00 -9999.00 -9999.00 153.43 8.26 0.00
0.00 19599.13
54.30 -58.56 -9999.00 -9999.00 -9999.00 147.53 5.07 0.00
0.00 20451.73
46.90 -56.36 -9999.00 -9999.00 -9999.00 91.25 8.94 0.00
0.00 21376.71
40.10 -54.86 -9999.00 -9999.00 -9999.00 94.24 10.51 0.00
0.00 22374.16
33.80 -52.76 -9999.00 -9999.00 -9999.00 64.61 12.68 0.00
0.00 23471.50
27.80 -50.26 -9999.00 -9999.00 -9999.00 73.97 19.00 0.00
0.00 24739.36
22.30 -48.16 -9999.00 -9999.00 -9999.00 78.11 22.63 0.00
0.00 26184.41
17.10 -43.76 -9999.00 -9999.00 -9999.00 71.04 26.90 0.00
0.00 27950.09
12.30 -40.96 -9999.00 -9999.00 -9999.00 74.49 31.25 0.00
0.00 30175.90
STN YYMMDD/HHMM PMSL PRES SKTC STC1 SNFL WTNS
P01M C01M STC2 LCLD MCLD HCLD
SNRA UWND VWND R01M BFGR T2MS
Q2MS WXTS WXTP WXTZ WXTR USTM
VSTM HLCY SLLH WSYM CDBP VSBK
TD2M
725340 200808/2000 1018.30 997.10 37.84 311.00 -9999.00 0.00
-9999.00 -9999.00 310.10 53.00 32.00 0.00
-9999.00 -0.60 4.30 -9999.00 -9999.00 29.54
14.79 0.00 0.00 0.00 0.00 0.20
-3.70 56.90 -9999.00 999.00 876.10 20.00
19.78
725340 200808/2100 1017.90 996.80 36.14 309.30 0.00 100.00
0.00 0.00 308.70 34.00 0.00 0.00
-9999.00 -0.30 4.40 -9999.00 -9999.00 29.74
14.88 0.00 0.00 0.00 0.00 0.10
-3.70 65.00 -9999.00 999.00 -9999.00 20.00
19.87
725340 200808/2200 1017.00 995.80 35.14 308.30 0.00 100.00
0.00 0.00 308.10 17.00 2.00 0.00
-9999.00 -0.10 4.60 -9999.00 -9999.00 29.94
14.87 0.00 0.00 0.00 0.00 -1.00
-3.30 63.40 -9999.00 999.00 -9999.00 20.00
19.85
725340 200808/2300 1016.90 995.80 33.14 306.30 0.00 100.00
0.00 0.00 306.40 16.00 0.00 0.00
-9999.00 0.00 4.90 -9999.00 -9999.00 29.64
14.94 0.00 0.00 0.00 0.00 -2.00
-2.50 68.70 -9999.00 999.00 -9999.00 20.00
19.92
725340 200809/0000 1017.50 996.30 30.34 303.50 0.00 100.00
0.00 0.00 303.80 6.00 0.00 0.00
-9999.00 0.20 4.80 -9999.00 -9999.00 28.84
15.20 0.00 0.00 0.00 0.00 -2.60
-1.80 73.50 -9999.00 999.00 -9999.00 20.00
20.20
725340 200809/0100 1018.00 996.80 27.34 300.50 0.00 100.00
0.00 0.00 301.10 1.00 0.00 0.00
-9999.00 0.10 4.00 -9999.00 -9999.00 27.44
15.56 0.00 0.00 0.00 0.00 -2.70
-1.70 85.70 -9999.00 999.00 -9999.00 20.00
20.58
725340 200809/0200 1017.70 996.40 25.74 298.90 0.00 100.00
0.00 0.00 299.40 3.00 0.00 0.00
-9999.00 0.10 3.30 -9999.00 -9999.00 26.14
15.91 0.00 0.00 0.00 0.00 -3.10
-0.30 103.60 -9999.00 999.00 -9999.00 20.00
20.93
725340 200809/0300 1018.00 996.70 24.44 297.60 0.00 100.00
0.00 0.00 298.20 3.00 0.00 0.00
-9999.00 -0.10 3.10 -9999.00 -9999.00 24.94
15.96 0.00 0.00 0.00 0.00 -3.60
1.00 127.10 -9999.00 999.00 -9999.00 20.00
20.98
725340 200809/0400 1019.20 997.90 23.44 296.60 0.00 100.00
0.00 0.00 297.10 21.00 0.00 0.00
-9999.00 -0.10 2.90 -9999.00 -9999.00 24.04
15.87 0.00 0.00 0.00 0.00 -3.80
1.50 147.80 -9999.00 999.00 -9999.00 20.00
20.91
725340 200809/0500 1018.50 997.10 22.74 295.90 0.00 100.00
0.00 0.00 296.30 10.00 0.00 0.00
-9999.00 -0.10 3.20 -9999.00 -9999.00 23.44
15.72 0.00 0.00 0.00 0.00 -4.00
2.40 126.00 -9999.00 999.00 -9999.00 20.00
20.75
725340 200809/0600 1018.30 996.90 22.14 295.30 0.00 100.00
0.00 0.00 295.70 5.00 0.00 0.00
-9999.00 0.00 2.80 -9999.00 -9999.00 22.74
15.71 0.00 0.00 0.00 0.00 -4.00
3.40 87.10 -9999.00 999.00 -9999.00 20.00
20.73
725340 200809/0700 1018.20 996.80 21.74 294.90 0.00 100.00
0.00 0.00 295.20 6.00 0.00 0.00
-9999.00 0.30 2.40 -9999.00 -9999.00 22.24
15.67 0.00 0.00 0.00 0.00 -4.00
4.30 57.10 -9999.00 999.00 -9999.00 20.00
20.69
725340 200809/0800 1017.80 996.40 21.44 294.60 0.00 100.00
0.00 0.00 294.90 4.00 0.00 0.00
-9999.00 0.70 2.00 -9999.00 -9999.00 21.74
15.62 0.00 0.00 0.00 0.00 -3.60
5.50 17.70 -9999.00 999.00 -9999.00 20.00
20.63
725340 200809/0900 1018.00 996.60 21.24 294.40 0.00 100.00
0.00 0.00 294.60 7.00 0.00 0.00
-9999.00 1.00 1.60 -9999.00 -9999.00 21.44
15.59 0.00 0.00 0.00 0.00 -3.20
6.50 -5.40 -9999.00 999.00 -9999.00 20.00
20.61
725340 200809/1000 1018.70 997.30 21.04 294.20 0.00 100.00
0.00 0.00 294.40 3.00 0.00 0.00
-9999.00 0.80 1.60 -9999.00 -9999.00 21.14
15.58 0.00 0.00 0.00 0.00 -2.80
6.80 0.30 -9999.00 999.00 -9999.00 20.00
20.61
725340 200809/1100 1018.90 997.50 20.84 294.00 0.00 100.00
0.00 0.00 294.20 8.00 0.00 0.00
-9999.00 0.70 1.90 -9999.00 -9999.00 20.94
15.52 0.00 0.00 0.00 0.00 -2.40
6.70 18.20 -9999.00 999.00 -9999.00 20.00
20.55
725340 200809/1200 1018.60 997.20 22.14 295.30 0.00 100.00
0.00 0.00 295.20 10.00 0.00 0.00
-9999.00 1.10 1.80 -9999.00 -9999.00 21.74
16.05 0.00 0.00 0.00 0.00 -3.00
5.80 -0.10 -9999.00 999.00 -9999.00 20.00
21.08
725340 200809/1300 1018.70 997.30 24.44 297.60 0.00 100.00
0.00 0.00 297.20 7.00 0.00 0.00
-9999.00 1.20 2.10 -9999.00 -9999.00 23.34
16.63 0.00 0.00 0.00 0.00 -3.80
0.40 -11.60 -9999.00 999.00 -9999.00 20.00
21.64
725340 200809/1400 1018.60 997.30 26.74 299.90 0.00 100.00
0.00 0.00 299.30 14.00 0.00 0.00
-9999.00 0.30 2.70 -9999.00 -9999.00 24.84
17.05 0.00 0.00 0.00 0.00 -1.30
-2.80 12.10 -9999.00 999.00 -9999.00 20.00
22.04
725340 200809/1500 1018.30 997.00 29.64 302.80 0.00 100.00
0.00 0.00 301.80 20.00 0.00 0.00
-9999.00 -0.40 3.40 -9999.00 -9999.00 26.44
16.48 0.00 0.00 0.00 0.00 0.10
-3.20 35.10 -9999.00 999.00 -9999.00 20.00
21.49
725340 200809/1600 1017.60 996.40 35.54 308.70 0.00 100.00
0.00 0.00 306.80 20.00 0.00 0.00
-9999.00 -0.80 4.00 -9999.00 -9999.00 28.54
15.19 0.00 0.00 0.00 0.00 0.50
-3.10 49.40 -9999.00 999.00 -9999.00 20.00
20.19
725340 200809/1700 1016.90 995.70 38.84 312.00 0.00 100.00
0.00 0.00 310.20 13.00 0.00 0.00
-9999.00 -0.80 4.50 -9999.00 -9999.00 30.04
14.88 0.00 0.00 0.00 0.00 0.20
-2.90 49.60 -9999.00 999.00 -9999.00 20.00
19.86


