
SNPARM = PRES;TMPC;TMWC;DWPC;THTE;DRCT;SKNT;OMEG;CFRL;HGHT 
STNPRM = SHOW;LIFT;SWET;KINX;LCLP;PWAT;TOTL;CAPE;LCLT;CINS;EQLV;LFCT;BRCH 

STID = KMDW STNM = 725340 TIME = 200808/2300 
SLAT = 41.78 SLON = -87.75 SELV = 183.0
STIM = 0

SHOW = -2.95 LIFT = -5.15 SWET = 244.66 KINX = 33.47
LCLP = 878.83 PWAT = 43.14 TOTL = 50.96 CAPE = 980.99
LCLT = 291.46 CINS = -91.60 EQLV = 235.07 LFCT = 680.30
BRCH = 44.40

PRES TMPC TMWC DWPC THTE DRCT SKNT OMEG
CFRL HGHT
995.10 28.84 22.81 20.31 347.96 177.34 8.35 0.00
0.00 192.86
992.10 28.24 22.54 20.16 347.26 176.12 11.48 0.00
0.00 219.76
986.60 27.64 22.23 19.95 346.77 175.67 12.86 0.00
0.00 269.20
977.20 26.74 21.71 19.55 345.98 175.86 13.44 0.00
0.00 354.12
963.30 25.34 20.98 19.07 345.07 176.78 13.81 0.00
0.00 480.70
945.40 23.64 20.42 19.00 345.57 179.20 13.99 0.00
0.00 645.56
924.00 21.74 19.91 19.08 346.86 182.35 14.20 0.00
0.00 845.62
900.70 19.84 18.93 18.48 346.60 189.87 13.60 0.30
0.00 1067.36
875.40 18.34 17.38 16.88 344.49 215.84 12.94 0.60
16.00 1313.21
847.10 17.74 15.00 13.54 340.08 240.69 12.70 0.80
22.00 1595.47
816.00 17.14 12.62 9.89 336.63 247.38 12.63 0.80
9.00 1915.65
782.00 15.44 10.42 7.07 334.83 242.28 12.94 0.70
0.00 2278.14
745.10 13.04 8.35 4.98 334.42 243.03 12.43 0.40
0.00 2686.66
705.20 9.74 5.47 2.00 332.57 248.01 10.90 0.20
0.00 3146.95
662.50 7.04 2.55 -1.65 331.78 265.49 7.40 0.10
0.00 3663.48
616.90 2.94 -0.75 -4.69 331.36 311.63 7.01 0.10
0.00 4245.76
568.80 -2.06 -5.68 -10.83 328.46 322.50 10.53 0.10
0.00 4897.31
522.20 -7.56 -11.37 -19.64 325.20 310.03 12.68 0.10
0.00 5569.64
480.30 -11.56 -14.68 -22.53 327.25 289.40 14.63 0.10
0.00 6215.54
442.80 -15.16 -17.14 -22.15 330.88 270.00 17.29 0.00
0.00 6834.24
409.00 -18.46 -21.89 -40.65 329.89 260.45 21.08 0.00
0.00 7430.35
378.50 -22.06 -25.30 -63.41 331.51 262.81 21.74 0.00
0.00 8004.09
350.90 -25.76 -28.37 -60.88 333.82 261.80 21.78 0.10
0.00 8556.48
326.20 -29.46 -31.47 -55.95 335.88 257.42 22.30 0.10
0.00 9081.10
303.80 -33.16 -34.75 -59.76 337.49 258.78 23.97 0.10
0.00 9584.72
283.70 -36.76 -37.98 -60.30 338.99 261.54 29.06 0.10
0.00 10061.99
265.60 -40.06 -41.01 -63.02 340.57 257.61 34.40 0.10
0.00 10514.99
248.80 -42.96 -43.71 -63.51 342.67 257.12 37.47 0.00
0.00 10958.05
233.60 -45.56 -46.18 -66.97 344.91 259.88 38.68 0.00
0.00 11380.41
219.60 -48.06 -48.58 -72.27 347.16 263.17 37.57 0.00
0.00 11789.87
205.70 -50.46 -50.89 -72.71 349.93 263.73 33.80 0.00
0.00 12218.41
191.70 -52.26 -52.63 -73.19 354.16 259.73 29.41 0.00
0.00 12676.02
177.70 -54.56 -54.86 -73.70 358.15 259.14 28.88 0.00
0.00 13163.80
163.80 -57.66 -57.88 -74.24 361.39 265.72 28.63 0.00
0.00 13681.26
149.80 -61.06 -61.21 -74.84 364.88 271.61 27.60 0.00
0.00 14240.38
135.90 -63.96 -64.07 -75.48 370.05 271.57 28.38 0.00
0.00 14840.82
121.90 -65.56 -65.65 -76.19 378.80 275.57 24.01 0.00
0.00 15503.99
108.00 -65.66 -9999.00 -9999.00 -9999.00 273.14 17.70 0.00
0.00 16239.49
94.00 -64.36 -9999.00 -9999.00 -9999.00 279.02 12.39 0.00
0.00 17085.35
81.00 -62.46 -9999.00 -9999.00 -9999.00 270.00 4.86 0.00
0.00 17999.17
70.60 -60.16 -9999.00 -9999.00 -9999.00 206.57 0.87 0.00
0.00 18851.29
62.20 -59.36 -9999.00 -9999.00 -9999.00 94.76 4.68 0.00
0.00 19642.53
54.30 -58.56 -9999.00 -9999.00 -9999.00 63.43 4.35 0.00
0.00 20494.14
46.90 -56.26 -9999.00 -9999.00 -9999.00 42.18 8.39 0.00
0.00 21419.33
40.10 -54.26 -9999.00 -9999.00 -9999.00 68.50 13.77 0.00
0.00 22418.38
33.80 -53.16 -9999.00 -9999.00 -9999.00 83.16 14.67 0.00
0.00 23516.23
27.80 -51.06 -9999.00 -9999.00 -9999.00 82.79 15.46 0.00
0.00 24780.66
22.30 -48.16 -9999.00 -9999.00 -9999.00 79.64 18.36 0.00
0.00 26223.13
17.10 -44.56 -9999.00 -9999.00 -9999.00 72.79 22.98 0.00
0.00 27985.69
12.30 -41.96 -9999.00 -9999.00 -9999.00 74.50 27.62 0.00
0.00 30202.83

STID = KMDW STNM = 725340 TIME = 200809/0000 
SLAT = 41.78 SLON = -87.75 SELV = 183.0
STIM = 1

SHOW = -2.01 LIFT = -5.48 SWET = 221.65 KINX = 31.97
LCLP = 886.49 PWAT = 41.10 TOTL = 50.67 CAPE = 1074.33
LCLT = 291.58 CINS = -114.13 EQLV = 231.71 LFCT = 697.02
BRCH = 35.85

PRES TMPC TMWC DWPC THTE DRCT SKNT OMEG
CFRL HGHT
995.30 28.24 22.64 20.30 347.18 177.34 8.35 0.00
0.00 191.94
992.20 27.74 22.42 20.19 346.73 176.37 12.26 0.00
0.00 219.69
986.80 27.24 22.20 20.07 346.60 176.95 14.59 0.00
0.00 268.15
977.30 26.34 21.81 19.88 346.41 177.93 16.14 0.10
0.00 353.86
963.40 25.04 21.25 19.62 346.22 179.35 17.09 0.10
0.00 480.30
945.40 23.44 20.55 19.28 346.11 181.26 17.68 0.10
0.00 645.97
924.00 21.54 19.68 18.83 345.90 184.40 17.74 0.20
0.00 845.90
900.70 19.94 18.48 17.77 344.74 201.18 16.67 0.30
11.00 1067.55
875.40 18.94 16.51 15.28 341.14 221.52 15.83 0.30
18.00 1313.54
847.20 18.54 14.13 11.61 336.88 234.94 13.52 0.30
0.00 1595.23
816.10 17.74 11.66 7.65 333.32 239.81 12.35 0.20
0.00 1915.88
782.10 15.84 9.45 4.77 331.66 238.45 13.00 0.00
0.00 2278.67
745.20 13.14 7.51 3.13 331.78 240.14 12.10 -0.20
0.00 2687.24
705.40 9.84 5.15 1.21 331.59 243.43 9.56 -0.30
0.00 3146.27
662.60 6.84 2.34 -1.94 331.19 270.00 6.22 -0.30
0.00 3663.73
617.00 2.94 -1.18 -5.82 330.21 316.91 8.24 -0.10
0.00 4245.63
568.90 -2.26 -5.22 -9.14 329.54 322.37 11.77 0.10
0.00 4896.85
522.30 -7.76 -10.74 -16.40 326.54 317.77 17.06 0.20
0.00 5568.73
480.40 -12.16 -15.18 -23.06 326.28 303.51 17.25 0.20
0.00 6213.60
442.90 -15.76 -17.86 -23.62 329.48 276.95 16.05 0.10
0.00 6830.70
409.10 -18.56 -21.82 -38.14 330.04 266.31 18.10 0.10
0.00 7425.84
378.50 -21.86 -24.99 -50.40 332.11 265.10 20.47 0.10
0.00 8001.53
351.00 -25.66 -28.25 -56.83 334.01 261.44 22.20 0.10
0.00 8552.19
326.20 -29.36 -31.41 -57.43 335.98 257.01 23.33 0.10
0.00 9079.07
303.80 -32.96 -34.54 -56.53 337.86 259.03 25.52 0.00
0.00 9583.01
283.70 -36.66 -37.89 -60.30 339.13 259.43 29.64 0.00
0.00 10060.59
265.60 -39.96 -40.90 -60.81 340.76 256.68 33.74 0.00
0.00 10513.78
248.80 -42.86 -43.62 -63.51 342.82 258.98 37.61 0.00
0.00 10957.03
233.60 -45.56 -46.18 -66.97 344.91 263.75 39.28 0.00
0.00 11379.48
219.60 -48.06 -48.56 -67.41 347.20 267.09 38.33 0.00
0.00 11788.95
205.70 -50.46 -50.89 -72.71 349.93 268.10 35.18 0.10
0.00 12217.48
191.70 -52.36 -52.73 -73.19 354.00 265.38 31.37 0.10
0.00 12674.99
177.70 -54.66 -54.96 -73.70 357.99 263.87 29.12 0.00
0.00 13162.55
163.80 -57.66 -57.88 -74.24 361.39 267.16 27.43 0.00
0.00 13679.89
149.80 -60.96 -61.11 -74.84 365.05 269.18 27.19 0.00
0.00 14239.14
135.90 -64.06 -64.17 -75.48 369.87 272.19 30.52 0.00
0.00 14839.58
121.90 -65.86 -65.95 -76.19 378.25 281.23 26.94 0.00
0.00 15502.11
108.00 -65.56 -9999.00 -9999.00 -9999.00 283.88 17.81 0.00
0.00 16237.26
94.00 -64.26 -9999.00 -9999.00 -9999.00 284.26 11.83 0.00
0.00 17083.53
81.00 -62.06 -9999.00 -9999.00 -9999.00 257.20 4.39 0.00
0.00 17998.44
70.60 -60.06 -9999.00 -9999.00 -9999.00 195.26 2.21 0.00
0.00 18851.56
62.20 -59.16 -9999.00 -9999.00 -9999.00 111.25 3.75 0.00
0.00 19643.36
54.30 -57.66 -9999.00 -9999.00 -9999.00 41.63 4.68 0.00
0.00 20497.16
46.90 -55.86 -9999.00 -9999.00 -9999.00 42.93 11.40 0.00
0.00 21425.13
40.10 -55.26 -9999.00 -9999.00 -9999.00 66.60 14.18 0.00
0.00 22422.81
33.80 -53.96 -9999.00 -9999.00 -9999.00 74.96 13.48 0.00
0.00 23516.15
27.80 -50.96 -9999.00 -9999.00 -9999.00 74.74 15.50 0.00
0.00 24778.58
22.30 -47.36 -9999.00 -9999.00 -9999.00 72.98 19.91 0.00
0.00 26223.95
17.10 -43.86 -9999.00 -9999.00 -9999.00 69.65 25.70 0.00
0.00 27992.35
12.30 -41.96 -9999.00 -9999.00 -9999.00 75.59 28.88 0.00
0.00 30212.86

STID = KMDW STNM = 725340 TIME = 200809/0100 
SLAT = 41.78 SLON = -87.75 SELV = 183.0
STIM = 2

SHOW = -1.10 LIFT = -5.42 SWET = 190.54 KINX = 30.33
LCLP = 908.56 PWAT = 40.21 TOTL = 49.66 CAPE = 1079.66
LCLT = 292.37 CINS = -114.76 EQLV = 231.21 LFCT = 708.42
BRCH = 36.37

PRES TMPC TMWC DWPC THTE DRCT SKNT OMEG
CFRL HGHT
995.30 26.94 22.54 20.70 346.77 181.47 7.58 0.00
0.00 191.90
992.20 26.74 22.40 20.59 346.67 181.85 12.04 0.00
0.00 219.55
986.70 26.34 22.20 20.46 346.65 183.05 14.59 0.10
0.00 268.77
977.30 25.54 21.83 20.25 346.50 183.90 17.13 0.10
0.00 353.36
963.30 24.34 21.27 19.95 346.34 185.95 18.75 0.20
0.00 480.42
945.40 22.84 20.55 19.53 346.09 189.18 19.48 0.20
0.00 644.85
924.00 21.14 19.58 18.86 345.50 193.76 19.60 0.20
0.00 844.45
900.60 19.74 18.21 17.47 343.70 210.12 18.18 0.20
7.00 1066.82
875.30 18.94 15.87 14.26 338.75 226.79 17.60 0.30
0.00 1312.68
847.10 18.54 13.50 10.49 334.69 237.13 15.03 0.20
0.00 1594.27
816.00 17.74 11.06 6.43 331.37 246.68 12.28 0.10
0.00 1914.83
782.10 15.84 8.80 3.30 329.60 248.37 12.12 0.00
0.00 2276.43
745.20 13.04 6.78 1.56 329.58 246.14 11.05 -0.20
0.00 2684.76
705.40 9.64 4.65 0.26 330.14 240.10 8.95 -0.20
0.00 3143.40
662.70 6.44 2.24 -1.75 330.91 254.36 5.05 -0.20
0.00 3659.01
617.00 2.74 -1.51 -6.45 329.37 311.35 6.47 0.00
0.00 4241.49
568.90 -2.46 -5.08 -8.48 329.86 321.67 10.64 0.20
0.00 4892.23
522.30 -7.96 -9.55 -12.06 329.11 320.94 17.27 0.40
0.00 5563.83
480.40 -12.06 -14.73 -21.14 327.17 304.70 15.37 0.40
0.00 6208.79
442.80 -15.26 -18.37 -28.86 328.45 273.62 15.38 0.20
0.00 6828.27
409.10 -18.06 -21.67 -42.17 330.23 266.89 17.89 0.00
0.00 7422.77
378.50 -21.56 -24.78 -51.31 332.47 268.45 21.56 -0.10
0.00 7999.34
351.00 -25.56 -28.13 -54.07 334.23 264.72 23.21 -0.10
0.00 8550.45
326.20 -29.36 -31.30 -51.68 336.18 261.36 24.55 -0.10
0.00 9077.45
303.80 -33.06 -34.58 -54.16 337.80 261.38 25.93 -0.10
0.00 9581.29
283.70 -36.76 -37.95 -58.54 339.03 261.31 28.30 0.00
0.00 10058.67
265.60 -40.16 -41.08 -60.81 340.47 259.57 32.19 0.00
0.00 10511.57
248.80 -42.96 -43.71 -63.51 342.67 262.65 36.42 0.00
0.00 10954.54
233.60 -45.56 -46.18 -66.97 344.91 267.09 38.33 0.00
0.00 11376.90
219.60 -48.16 -48.65 -67.41 347.05 269.71 38.07 0.10
0.00 11786.27
205.70 -50.56 -50.96 -67.88 349.82 270.94 35.35 0.10
0.00 12214.62
191.70 -52.46 -52.82 -73.19 353.84 270.00 31.27 0.10
0.00 12671.92
177.70 -54.46 -54.77 -73.70 358.32 266.00 27.84 0.10
0.00 13159.59
163.80 -57.26 -57.49 -74.24 362.06 264.54 26.53 0.00
0.00 13677.65
149.80 -60.66 -60.82 -74.84 365.57 265.57 27.66 0.00
0.00 14237.82
135.90 -64.16 -64.26 -75.48 369.69 272.39 32.65 0.00
0.00 14838.54
121.90 -65.96 -66.05 -76.19 378.07 284.23 28.46 0.00
0.00 15500.75
108.00 -65.16 -9999.00 -9999.00 -9999.00 285.67 16.55 0.00
0.00 16236.43
94.00 -64.16 -9999.00 -9999.00 -9999.00 274.09 10.90 0.00
0.00 17083.72
81.00 -61.96 -9999.00 -9999.00 -9999.00 252.18 5.71 0.00
0.00 17999.07
70.60 -60.16 -9999.00 -9999.00 -9999.00 248.20 2.10 0.00
0.00 18852.19
62.20 -59.36 -9999.00 -9999.00 -9999.00 90.00 2.53 0.00
0.00 19643.43
54.30 -58.16 -9999.00 -9999.00 -9999.00 32.35 6.90 0.00
0.00 20495.83
46.90 -57.46 -9999.00 -9999.00 -9999.00 47.49 12.65 0.00
0.00 21419.31
40.10 -56.86 -9999.00 -9999.00 -9999.00 67.38 12.63 0.00
0.00 22409.65
33.80 -54.46 -9999.00 -9999.00 -9999.00 74.29 12.92 0.00
0.00 23497.73
27.80 -50.66 -9999.00 -9999.00 -9999.00 70.95 17.27 0.00
0.00 24759.59
22.30 -47.06 -9999.00 -9999.00 -9999.00 69.44 23.23 0.00
0.00 26206.90
17.10 -44.26 -9999.00 -9999.00 -9999.00 70.73 29.43 0.00
0.00 27974.91
12.30 -42.46 -9999.00 -9999.00 -9999.00 71.08 28.75 0.00
0.00 30191.07

STID = KMDW STNM = 725340 TIME = 200809/0200 
SLAT = 41.78 SLON = -87.75 SELV = 183.0
STIM = 3

SHOW = -0.15 LIFT = -5.03 SWET = 167.93 KINX = 28.36
LCLP = 927.75 PWAT = 39.80 TOTL = 48.13 CAPE = 1035.01
LCLT = 293.11 CINS = -108.70 EQLV = 230.28 LFCT = 707.50
BRCH = 30.15

PRES TMPC TMWC DWPC THTE DRCT SKNT OMEG
CFRL HGHT
995.70 25.94 22.53 21.11 346.70 184.90 6.82 0.00
0.00 191.87
992.60 25.74 22.37 20.95 346.46 184.61 12.08 0.00
0.00 219.42
987.10 25.44 22.17 20.79 346.46 185.33 14.63 0.10
0.00 268.48
977.60 24.84 21.80 20.50 346.34 186.98 19.17 0.10
0.00 353.72
963.70 23.84 21.23 20.09 346.07 188.86 21.43 0.10
0.00 479.59
945.70 22.44 20.50 19.63 345.85 191.50 22.40 0.00
0.00 644.64
924.30 20.84 19.72 19.19 346.03 200.50 22.18 0.00
0.00 843.96
901.00 19.34 18.48 18.04 344.70 213.84 21.29 0.00
13.00 1065.09
875.60 18.54 16.02 14.70 339.24 227.88 19.11 0.00
5.00 1311.54
847.40 18.44 13.17 9.93 333.49 242.39 14.26 0.00
0.00 1592.80
816.30 17.84 10.61 5.37 329.86 255.07 12.06 -0.10
0.00 1913.15
782.40 15.64 8.60 3.03 328.97 261.72 10.80 -0.20
0.00 2274.49
745.50 12.84 6.48 1.05 328.67 259.70 8.68 -0.20
0.00 2682.33
705.60 9.64 4.21 -0.79 328.86 243.43 7.81 -0.20
0.00 3141.71
662.90 6.14 2.06 -1.85 330.40 246.50 4.88 -0.10
0.00 3656.83
617.20 2.64 -1.58 -6.51 329.16 304.82 5.44 0.10
0.00 4238.70
569.10 -2.46 -5.01 -8.29 329.99 319.90 9.65 0.30
0.00 4889.10
522.40 -7.66 -9.51 -12.45 329.18 320.56 15.60 0.50
0.00 5562.33
480.50 -11.46 -14.57 -22.27 327.44 305.84 12.94 0.40
0.00 6208.22
442.90 -14.56 -18.53 -35.30 328.00 279.46 15.37 0.20
0.00 6829.02
409.10 -17.66 -21.56 -47.41 330.36 277.13 18.78 0.00
0.00 7426.41
378.50 -21.56 -24.84 -54.72 332.35 276.40 20.92 0.00
0.00 8003.41
351.00 -25.56 -28.07 -51.05 334.35 273.07 21.79 0.10
0.00 8554.52
326.20 -29.46 -31.32 -49.41 336.17 271.44 23.12 0.10
0.00 9081.42
303.80 -33.26 -34.73 -53.17 337.56 267.75 24.69 0.10
0.00 9584.96
283.70 -37.06 -38.22 -58.54 338.60 266.19 26.28 0.10
0.00 10061.84
265.60 -40.36 -41.26 -60.81 340.18 263.74 30.28 0.10
0.00 10514.26
248.80 -43.16 -43.89 -63.51 342.37 265.73 33.90 0.10
0.00 10956.84
233.60 -45.76 -46.35 -63.98 344.66 268.75 35.55 0.10
0.00 11378.83
219.60 -48.36 -48.84 -67.41 346.74 270.63 35.35 0.10
0.00 11787.85
205.70 -50.66 -51.05 -67.88 349.66 272.07 32.26 0.00
0.00 12215.91
191.70 -52.46 -52.80 -68.39 353.89 270.00 27.97 0.00
0.00 12673.11
177.70 -54.36 -54.67 -73.70 358.48 261.68 25.52 -0.10
0.00 13160.89
163.80 -57.26 -57.49 -74.24 362.06 257.29 26.48 -0.10
0.00 13679.07
149.80 -60.96 -61.11 -74.84 365.05 260.67 28.75 -0.20
0.00 14238.84
135.90 -64.66 -64.76 -75.48 368.81 272.46 31.70 -0.10
0.00 14838.42
121.90 -66.26 -66.34 -76.19 377.52 284.85 26.53 0.00
0.00 15499.36
108.00 -64.86 -9999.00 -9999.00 -9999.00 280.52 13.83 0.00
0.00 16235.04
94.00 -63.86 -9999.00 -9999.00 -9999.00 262.01 11.19 0.00
0.00 17083.55
81.00 -61.86 -9999.00 -9999.00 -9999.00 261.38 6.49 0.00
0.00 17999.77
70.60 -60.66 -9999.00 -9999.00 -9999.00 274.40 2.53 0.00
0.00 18852.08
62.20 -60.06 -9999.00 -9999.00 -9999.00 59.04 1.13 0.00
0.00 19641.10
54.30 -58.96 -9999.00 -9999.00 -9999.00 31.43 8.20 0.00
0.00 20490.52
46.90 -58.06 -9999.00 -9999.00 -9999.00 48.65 12.94 0.00
0.00 21411.00
40.10 -56.36 -9999.00 -9999.00 -9999.00 62.02 14.08 0.00
0.00 22401.11
33.80 -53.26 -9999.00 -9999.00 -9999.00 67.58 16.80 0.00
0.00 23493.45
27.80 -49.46 -9999.00 -9999.00 -9999.00 67.62 21.43 0.00
0.00 24762.17
22.30 -46.36 -9999.00 -9999.00 -9999.00 70.65 26.96 0.00
0.00 26215.61
17.10 -43.86 -9999.00 -9999.00 -9999.00 76.16 27.60 0.00
0.00 27987.89
12.30 -41.86 -9999.00 -9999.00 -9999.00 80.20 27.41 0.00
0.00 30208.88

STID = KMDW STNM = 725340 TIME = 200809/0300 
SLAT = 41.78 SLON = -87.75 SELV = 183.0
STIM = 4

SHOW = 0.65 LIFT = -4.90 SWET = 157.45 KINX = 26.76
LCLP = 939.95 PWAT = 39.33 TOTL = 47.04 CAPE = 1009.52
LCLT = 293.48 CINS = -103.64 EQLV = 229.14 LFCT = 707.25
BRCH = 30.40

PRES TMPC TMWC DWPC THTE DRCT SKNT OMEG
CFRL HGHT
996.10 25.24 22.45 21.28 346.30 186.58 5.09 0.00
0.00 192.73
993.10 25.24 22.29 21.04 346.04 185.71 11.71 0.00
0.00 219.33
987.60 24.94 22.06 20.84 345.93 185.55 14.04 0.00
0.00 268.28
978.10 24.64 21.71 20.45 345.87 187.82 20.01 0.00
0.00 353.38
964.20 23.84 21.20 20.05 345.88 190.04 22.30 -0.10
0.00 479.14
946.20 22.64 20.65 19.77 346.42 196.42 22.69 -0.10
0.00 644.16
924.80 21.04 19.88 19.33 346.60 209.74 21.93 -0.10
0.00 843.53
901.40 19.04 18.59 18.34 345.10 220.54 21.21 -0.10
23.00 1065.48
876.00 18.14 15.87 14.67 338.63 233.47 19.58 0.00
11.00 1311.55
847.80 18.54 12.80 9.17 332.19 249.44 14.94 0.00
0.00 1592.48
816.70 17.84 10.41 4.91 329.14 259.94 12.24 -0.10
0.00 1912.67
782.70 15.44 8.52 3.03 328.70 264.40 9.95 -0.20
0.00 2274.77
745.80 12.74 6.45 1.06 328.52 261.03 7.48 -0.20
0.00 2682.24
705.90 9.64 3.89 -1.60 327.90 239.53 7.65 -0.10
0.00 3141.31
663.10 6.04 1.94 -2.04 330.03 234.87 6.41 -0.10
0.00 3657.30
617.40 2.54 -1.61 -6.44 329.07 283.50 4.99 0.00
0.00 4238.76
569.20 -2.46 -4.94 -8.11 330.14 314.06 8.37 0.00
0.00 4890.25
522.60 -7.46 -9.88 -13.98 328.32 323.47 13.05 0.00
0.00 5562.04
480.60 -11.26 -14.57 -22.97 327.40 308.33 10.64 -0.10
0.00 6209.70
443.00 -14.46 -18.62 -37.64 327.77 291.66 14.22 -0.10
0.00 6830.69
409.20 -17.46 -21.58 -57.40 330.23 292.77 17.06 -0.10
0.00 7428.25
378.60 -21.46 -24.78 -56.22 332.41 288.02 16.96 0.10
0.00 8005.43
351.00 -25.46 -28.03 -52.95 334.40 285.69 17.95 0.20
0.00 8558.68
326.20 -29.36 -31.26 -50.10 336.27 284.72 19.89 0.30
0.00 9085.80
303.90 -33.36 -34.81 -53.17 337.39 277.98 20.98 0.30
0.00 9587.00
283.70 -37.06 -38.24 -60.30 338.56 269.01 22.53 0.10
0.00 10066.07
265.60 -40.36 -41.26 -60.81 340.18 266.75 27.43 0.00
0.00 10518.49
248.80 -43.36 -44.08 -63.51 342.08 269.27 30.30 0.00
0.00 10960.88
233.60 -45.96 -46.53 -63.98 344.35 270.00 32.05 0.00
0.00 11382.51
219.60 -48.46 -48.94 -67.41 346.59 270.69 32.05 0.00
0.00 11791.25
205.70 -50.86 -51.24 -67.88 349.35 270.38 29.33 0.00
0.00 12219.02
191.70 -52.76 -53.08 -68.39 353.41 265.41 26.69 -0.10
0.00 12675.71
177.70 -54.76 -55.05 -73.70 357.82 256.17 26.81 -0.10
0.00 13162.71
163.80 -57.56 -57.78 -74.24 361.55 254.16 29.88 -0.10
0.00 13680.06
149.80 -61.46 -61.60 -74.84 364.19 259.30 32.42 -0.10
0.00 14238.78
135.90 -65.16 -65.25 -75.48 367.92 271.41 31.66 0.00
0.00 14836.94
121.90 -66.26 -66.34 -76.19 377.52 285.10 25.35 0.10
0.00 15497.08
108.00 -64.36 -9999.00 -9999.00 -9999.00 269.17 13.40 0.10
0.00 16233.65
94.00 -63.66 -9999.00 -9999.00 -9999.00 258.69 12.88 0.00
0.00 17083.58
81.00 -61.86 -9999.00 -9999.00 -9999.00 278.62 6.49 0.00
0.00 18000.23
70.60 -60.86 -9999.00 -9999.00 -9999.00 301.61 2.97 0.00
0.00 18852.15
62.20 -59.76 -9999.00 -9999.00 -9999.00 356.19 2.91 0.00
0.00 19641.35
54.30 -58.66 -9999.00 -9999.00 -9999.00 35.66 10.99 0.00
0.00 20491.96
46.90 -57.56 -9999.00 -9999.00 -9999.00 52.67 14.41 0.00
0.00 21414.15
40.10 -55.86 -9999.00 -9999.00 -9999.00 63.74 16.24 0.00
0.00 22406.55
33.80 -53.06 -9999.00 -9999.00 -9999.00 71.18 18.07 0.00
0.00 23500.65
27.80 -50.16 -9999.00 -9999.00 -9999.00 74.12 22.01 0.00
0.00 24767.93
22.30 -47.66 -9999.00 -9999.00 -9999.00 79.77 26.24 0.00
0.00 26214.92
17.10 -44.26 -9999.00 -9999.00 -9999.00 82.55 25.47 0.00
0.00 27980.60
12.30 -41.76 -9999.00 -9999.00 -9999.00 78.38 27.97 0.00
0.00 30200.14

STID = KMDW STNM = 725340 TIME = 200809/0400 
SLAT = 41.78 SLON = -87.75 SELV = 183.0
STIM = 5

SHOW = 1.12 LIFT = -5.21 SWET = 146.21 KINX = 25.50
LCLP = 956.16 PWAT = 39.14 TOTL = 46.69 CAPE = 1061.25
LCLT = 293.98 CINS = -94.24 EQLV = 224.55 LFCT = 708.70
BRCH = 38.92

PRES TMPC TMWC DWPC THTE DRCT SKNT OMEG
CFRL HGHT
996.70 24.34 22.36 21.51 345.81 186.34 3.52 0.00
0.00 191.82
993.70 24.64 22.22 21.18 345.64 187.72 11.56 0.00
0.00 218.34
988.20 24.54 22.03 20.95 345.67 188.46 14.53 0.00
0.00 267.18
978.70 24.54 21.79 20.62 346.15 193.37 20.16 -0.10
0.00 352.16
964.70 23.94 21.40 20.31 346.68 198.28 22.30 -0.20
0.00 478.77
946.70 22.84 20.81 19.91 346.99 207.47 21.89 -0.20
0.00 643.80
925.30 21.24 19.79 19.12 346.15 219.67 20.69 -0.30
0.00 843.20
901.90 19.04 18.64 18.40 345.19 226.55 20.34 -0.20
26.00 1065.09
876.50 18.14 15.68 14.36 337.84 239.98 20.18 -0.10
10.00 1311.01
848.20 18.64 12.37 8.24 330.68 253.30 16.22 -0.10
0.00 1592.77
817.10 17.74 10.48 5.15 329.31 258.50 11.69 -0.10
0.00 1912.77
783.10 15.24 8.46 3.06 328.45 254.74 8.86 -0.20
0.00 2274.51
746.10 12.64 6.38 0.99 328.27 246.57 6.35 -0.10
0.00 2682.68
706.20 9.74 3.69 -2.23 327.30 229.09 7.71 0.00
0.00 3141.53
663.40 6.14 1.90 -2.25 329.87 227.29 6.88 0.10
0.00 3657.42
617.70 2.64 -1.55 -6.43 329.15 279.46 4.72 0.10
0.00 4238.81
569.40 -2.56 -4.83 -7.66 330.39 316.97 7.96 0.10
0.00 4891.40
522.70 -7.76 -10.25 -14.63 327.51 326.59 10.94 0.00
0.00 5563.95
480.70 -11.46 -14.75 -23.24 327.03 307.88 8.86 0.00
0.00 6210.83
443.10 -14.86 -18.80 -36.03 327.46 298.18 12.33 0.00
0.00 6830.98
409.30 -17.46 -21.43 -48.11 330.54 301.11 13.15 0.00
0.00 7427.96
378.60 -20.96 -24.36 -53.44 333.15 292.62 12.63 0.10
0.00 8007.54
351.10 -24.96 -27.63 -52.95 335.05 294.33 15.56 0.30
0.00 8559.82
326.30 -29.16 -31.10 -50.10 336.51 294.86 17.56 0.30
0.00 9087.53
303.90 -33.26 -34.75 -54.16 337.49 280.15 18.75 0.20
0.00 9591.21
283.70 -36.96 -38.17 -62.52 338.66 270.00 22.73 0.10
0.00 10070.48
265.60 -40.36 -41.26 -60.81 340.18 272.97 26.26 0.00
0.00 10523.00
248.80 -43.56 -44.26 -63.51 341.78 273.58 28.03 0.00
0.00 10965.19
233.60 -46.16 -46.72 -63.98 344.05 270.36 30.50 -0.10
0.00 11386.45
219.60 -48.66 -49.13 -67.41 346.28 267.87 31.29 -0.10
0.00 11794.83
205.70 -51.16 -51.53 -67.88 348.88 265.86 29.60 -0.10
0.00 12222.12
191.70 -53.16 -53.47 -68.39 352.77 261.25 28.11 -0.10
0.00 12678.09
177.70 -55.26 -55.54 -73.70 357.01 255.33 29.91 0.00
0.00 13164.10
163.80 -58.06 -58.27 -74.24 360.72 255.64 33.68 0.00
0.00 13680.25
149.80 -61.96 -62.09 -74.84 363.33 261.63 33.37 0.00
0.00 14237.67
135.90 -64.86 -64.95 -75.48 368.45 274.00 27.84 0.10
0.00 14835.54
121.90 -64.86 -9999.00 -9999.00 -9999.00 285.64 20.16 0.10
0.00 15498.39
108.00 -63.16 -9999.00 -9999.00 -9999.00 254.32 11.50 0.10
0.00 16239.55
94.00 -63.26 -9999.00 -9999.00 -9999.00 263.35 11.73 0.00
0.00 17092.74
81.00 -61.76 -9999.00 -9999.00 -9999.00 306.53 6.53 0.00
0.00 18010.48
70.60 -60.96 -9999.00 -9999.00 -9999.00 311.63 4.68 0.00
0.00 18862.39
62.20 -60.16 -9999.00 -9999.00 -9999.00 360.00 4.86 -0.10
0.00 19650.67
54.30 -59.66 -9999.00 -9999.00 -9999.00 50.19 10.63 0.00
0.00 20498.50
46.90 -57.96 -9999.00 -9999.00 -9999.00 76.15 14.61 0.00
0.00 21417.69
40.10 -55.86 -9999.00 -9999.00 -9999.00 81.50 17.09 0.00
0.00 22409.17
33.80 -53.06 -9999.00 -9999.00 -9999.00 83.66 19.35 0.00
0.00 23503.26
27.80 -50.56 -9999.00 -9999.00 -9999.00 84.85 21.64 0.00
0.00 24769.41
22.30 -47.36 -9999.00 -9999.00 -9999.00 81.33 23.19 0.00
0.00 26216.07
17.10 -43.46 -9999.00 -9999.00 -9999.00 73.00 24.57 0.00
0.00 27986.02
12.30 -41.96 -50.15 -89.89 812.42 67.26 28.65 0.00
0.00 30208.47

STID = KMDW STNM = 725340 TIME = 200809/0500 
SLAT = 41.78 SLON = -87.75 SELV = 183.0
STIM = 6

SHOW = 1.63 LIFT = -4.90 SWET = 138.88 KINX = 24.40
LCLP = 961.10 PWAT = 38.55 TOTL = 45.87 CAPE = 1105.43
LCLT = 294.18 CINS = -10.82 EQLV = 224.38 LFCT = 902.67
BRCH = 40.51

PRES TMPC TMWC DWPC THTE DRCT SKNT OMEG
CFRL HGHT
996.00 24.04 22.35 21.61 345.85 184.76 4.68 0.00
0.00 193.58
993.20 24.24 22.20 21.32 345.65 186.24 12.51 0.00
0.00 218.32
987.60 24.04 22.00 21.12 345.66 187.50 14.90 0.00
0.00 268.00
978.10 24.24 21.82 20.78 346.35 195.95 21.21 0.00
0.00 352.93
964.20 23.84 21.35 20.27 346.52 201.10 23.74 -0.10
0.00 478.63
946.20 22.74 20.70 19.80 346.63 208.04 23.54 -0.20
0.00 643.68
924.80 21.14 19.84 19.23 346.43 217.60 21.33 -0.20
0.00 843.12
901.30 18.74 18.60 18.48 345.14 223.45 20.34 -0.20
59.00 1065.96
876.00 18.24 15.62 14.22 337.72 234.81 18.53 -0.10
15.00 1310.97
847.80 18.84 12.19 7.73 330.14 244.89 13.73 -0.10
0.00 1592.00
816.70 17.64 10.51 5.31 329.48 238.63 9.32 -0.10
0.00 1912.19
782.70 15.24 8.41 2.96 328.37 225.00 7.96 -0.10
0.00 2274.05
745.80 12.64 6.18 0.52 327.75 214.16 6.57 0.00
0.00 2681.27
705.90 9.94 3.70 -2.44 327.36 218.00 7.89 0.10
0.00 3140.44
663.10 6.84 1.87 -3.11 329.81 237.26 6.47 0.30
0.00 3657.33
617.40 3.14 -1.36 -6.58 329.66 294.30 6.60 0.40
0.00 4240.19
569.30 -2.46 -5.03 -8.33 329.92 312.51 9.48 0.40
0.00 4890.96
522.60 -7.36 -10.78 -17.55 326.37 308.66 11.19 0.30
0.00 5564.12
480.60 -11.26 -14.95 -25.22 326.62 294.96 12.43 0.20
0.00 6211.73
443.00 -15.56 -18.92 -31.72 327.35 298.44 15.91 0.00
0.00 6831.41
409.20 -18.66 -21.96 -39.32 329.74 300.83 14.02 -0.20
0.00 7426.40
378.60 -21.56 -24.74 -49.57 332.52 293.33 10.78 -0.20
0.00 8002.16
351.10 -25.26 -27.81 -50.22 334.77 296.57 11.73 -0.10
0.00 8553.45
326.20 -29.56 -31.41 -49.41 336.03 294.51 14.51 0.00
0.00 9082.63
303.90 -33.46 -34.97 -56.52 337.12 282.75 16.72 0.00
0.00 9583.52
283.70 -37.26 -38.42 -60.30 338.27 281.79 18.07 0.00
0.00 10062.28
265.60 -40.96 -41.81 -60.81 339.30 281.89 18.86 0.00
0.00 10513.93
248.80 -43.96 -44.61 -61.32 341.23 276.23 21.50 0.00
0.00 10955.17
233.60 -46.36 -46.91 -63.98 343.75 271.67 26.63 0.00
0.00 11375.88
219.60 -48.66 -49.13 -67.41 346.28 268.44 28.57 0.00
0.00 11784.08
205.70 -51.06 -51.43 -67.88 349.04 264.37 27.72 0.00
0.00 12211.46
191.70 -52.86 -53.18 -68.39 353.25 259.83 28.61 0.00
0.00 12667.84
177.70 -54.76 -55.05 -73.70 357.82 255.96 32.83 0.00
0.00 13154.74
163.80 -58.06 -58.27 -74.24 360.72 258.14 35.92 0.00
0.00 13671.48
149.80 -61.66 -61.80 -74.84 363.85 266.14 31.74 0.00
0.00 14229.30
135.90 -63.96 -64.07 -75.48 370.05 276.39 26.18 0.00
0.00 14828.87
121.90 -64.26 -9999.00 -9999.00 -9999.00 282.53 19.70 0.00
0.00 15494.11
108.00 -63.86 -9999.00 -9999.00 -9999.00 255.07 12.06 0.00
0.00 16235.10
94.00 -64.36 -9999.00 -9999.00 -9999.00 268.99 11.07 0.00
0.00 17084.63
81.00 -63.16 -9999.00 -9999.00 -9999.00 294.62 5.13 0.00
0.00 17996.92
70.60 -61.86 -9999.00 -9999.00 -9999.00 234.46 1.67 0.00
0.00 18844.21
62.20 -60.36 -9999.00 -9999.00 -9999.00 86.99 3.69 0.00
0.00 19630.45
54.30 -58.46 -9999.00 -9999.00 -9999.00 85.84 10.70 0.00
0.00 20480.27
46.90 -56.36 -9999.00 -9999.00 -9999.00 89.24 14.57 0.00
0.00 21405.46
40.10 -54.36 -9999.00 -9999.00 -9999.00 72.05 14.49 0.00
0.00 22404.05
33.80 -52.56 -9999.00 -9999.00 -9999.00 67.27 15.58 0.00
0.00 23503.15
27.80 -50.56 -9999.00 -9999.00 -9999.00 70.02 15.91 0.00
0.00 24770.72
22.30 -47.16 -9999.00 -9999.00 -9999.00 71.75 18.61 0.00
0.00 26218.03
17.10 -43.36 -9999.00 -9999.00 -9999.00 78.28 26.79 0.00
0.00 27989.15
12.30 -42.16 -50.25 -89.89 811.72 74.71 32.42 0.00
0.00 30211.11

STID = KMDW STNM = 725340 TIME = 200809/0600 
SLAT = 41.78 SLON = -87.75 SELV = 183.0
STIM = 7

SHOW = 1.53 LIFT = -4.74 SWET = 132.26 KINX = 24.22
LCLP = 963.20 PWAT = 38.18 TOTL = 46.13 CAPE = 1025.52
LCLT = 294.16 CINS = -11.15 EQLV = 223.59 LFCT = 902.13
BRCH = 45.68

PRES TMPC TMWC DWPC THTE DRCT SKNT OMEG
CFRL HGHT
996.00 23.84 22.26 21.56 345.46 189.09 4.91 0.00
0.00 192.69
993.00 23.94 22.10 21.30 345.25 190.56 11.65 0.00
0.00 219.18
987.50 23.84 21.92 21.08 345.32 192.09 13.91 0.00
0.00 267.94
978.10 23.84 21.64 20.69 345.60 199.80 20.65 0.00
0.00 351.89
964.10 23.64 21.20 20.13 345.88 203.57 23.31 0.10
0.00 478.36
946.10 22.54 20.58 19.70 346.11 210.22 23.15 0.10
0.00 643.31
924.70 20.94 19.69 19.10 345.83 218.91 20.73 0.20
0.00 842.62
901.30 18.64 18.31 18.11 343.98 225.78 20.05 0.30
63.00 1064.38
875.90 18.74 15.29 13.41 336.54 231.74 17.56 0.40
9.00 1310.47
847.80 19.04 12.21 7.62 330.19 231.19 11.46 0.40
0.00 1590.80
816.70 17.54 10.52 5.41 329.51 219.47 8.55 0.40
0.00 1911.04
782.70 15.14 8.41 3.06 328.39 208.39 8.18 0.50
0.00 2272.79
745.70 12.64 6.13 0.39 327.61 206.57 7.81 0.50
0.00 2681.07
705.90 10.14 3.76 -2.53 327.50 219.47 8.55 0.50
0.00 3139.27
663.10 7.14 1.86 -3.49 329.77 243.43 6.95 0.50
0.00 3656.59
617.40 3.14 -1.36 -6.58 329.66 292.38 7.15 0.40
0.00 4239.74
569.20 -2.56 -5.13 -8.47 329.69 304.99 9.48 0.20
0.00 4891.80
522.60 -7.46 -11.03 -18.35 325.84 301.14 10.90 0.10
0.00 5563.29
480.60 -11.36 -15.18 -26.34 326.15 301.61 11.87 0.10
0.00 6210.61
443.00 -15.66 -18.49 -27.71 328.21 311.19 12.39 0.10
0.00 6830.09
409.20 -18.46 -21.59 -36.10 330.44 302.32 11.27 0.10
0.00 7425.27
378.60 -21.06 -24.34 -48.80 333.23 283.78 10.61 0.00
0.00 8001.84
351.10 -25.16 -27.67 -48.10 335.03 285.71 12.92 -0.10
0.00 8553.81
326.20 -29.46 -31.39 -51.68 336.05 283.71 16.39 -0.10
0.00 9083.19
303.90 -33.46 -35.01 -59.76 337.03 281.79 18.07 -0.10
0.00 9584.18
283.70 -37.36 -38.44 -55.83 338.26 286.50 16.41 -0.10
0.00 10062.85
265.60 -41.06 -41.78 -54.30 339.37 286.84 15.42 -0.10
0.00 10514.31
248.80 -44.26 -44.86 -59.58 340.82 280.84 18.59 0.00
0.00 10955.18
233.60 -46.86 -47.37 -63.98 342.99 278.06 23.54 0.10
0.00 11375.15
219.60 -49.06 -49.50 -67.41 345.66 271.68 26.44 0.10
0.00 11782.54
205.70 -51.26 -51.62 -67.88 348.72 263.39 26.98 0.10
0.00 12209.35
191.70 -52.76 -53.08 -68.39 353.41 257.96 29.80 0.00
0.00 12665.62
177.70 -54.76 -55.05 -73.70 357.82 255.19 34.97 0.00
0.00 13152.63
163.80 -58.26 -58.46 -74.24 360.38 260.49 35.26 0.00
0.00 13669.14
149.80 -61.76 -61.90 -74.84 363.68 266.63 29.78 0.00
0.00 14226.56
135.90 -63.96 -64.07 -75.48 370.05 271.88 23.72 0.00
0.00 14825.99
121.90 -64.26 -9999.00 -9999.00 -9999.00 274.45 17.54 0.00
0.00 15491.23
108.00 -64.06 -9999.00 -9999.00 -9999.00 246.54 11.23 0.00
0.00 16231.87
94.00 -64.46 -9999.00 -9999.00 -9999.00 261.72 10.80 0.00
0.00 17080.78
81.00 -63.56 -9999.00 -9999.00 -9999.00 276.12 5.48 0.00
0.00 17991.99
70.60 -62.46 -9999.00 -9999.00 -9999.00 270.00 1.55 0.00
0.00 18837.27
62.20 -60.76 -9999.00 -9999.00 -9999.00 68.20 4.18 0.00
0.00 19621.65
54.30 -58.36 -9999.00 -9999.00 -9999.00 92.25 9.91 0.00
0.00 20470.87
46.90 -56.46 -9999.00 -9999.00 -9999.00 84.56 12.30 0.00
0.00 21396.06
40.10 -54.66 -9999.00 -9999.00 -9999.00 60.46 13.40 0.00
0.00 22393.74
33.80 -52.86 -9999.00 -9999.00 -9999.00 56.94 14.61 0.00
0.00 23491.33
27.80 -50.26 -9999.00 -9999.00 -9999.00 63.12 15.89 0.00
0.00 24758.91
22.30 -46.46 -9999.00 -9999.00 -9999.00 79.11 20.57 0.00
0.00 26209.45
17.10 -43.46 -9999.00 -9999.00 -9999.00 84.84 28.09 0.00
0.00 27982.89
12.30 -42.26 -50.30 -89.89 811.36 70.40 30.11 0.00
0.00 30203.89

STID = KMDW STNM = 725340 TIME = 200809/0700 
SLAT = 41.78 SLON = -87.75 SELV = 183.0
STIM = 8

SHOW = 1.57 LIFT = -4.64 SWET = 129.52 KINX = 22.98
LCLP = 963.40 PWAT = 37.51 TOTL = 46.22 CAPE = 937.09
LCLT = 293.92 CINS = -182.36 EQLV = 230.19 LFCT = 638.57
BRCH = 41.15

PRES TMPC TMWC DWPC THTE DRCT SKNT OMEG
CFRL HGHT
995.50 23.54 22.00 21.31 344.42 194.93 6.02 0.00
0.00 191.80
992.50 23.64 21.89 21.12 344.43 194.25 12.63 0.00
0.00 218.27
987.00 23.44 21.71 20.94 344.49 195.64 15.13 0.00
0.00 267.00
977.50 23.44 21.45 20.57 344.86 201.15 22.09 0.00
0.00 351.77
963.60 23.34 20.98 19.94 345.05 205.58 25.19 0.00
0.00 477.25
945.60 22.54 20.46 19.53 345.70 212.33 25.06 0.00
0.00 642.19
924.20 20.84 19.61 19.03 345.58 216.20 23.35 0.00
0.00 841.56
900.80 18.74 18.26 17.98 343.83 220.50 22.73 0.10
30.00 1063.43
875.50 18.54 15.26 13.47 336.49 219.58 18.90 0.10
6.00 1308.63
847.30 19.34 12.09 7.13 329.84 204.96 12.43 0.20
0.00 1590.13
816.30 17.84 10.50 5.11 329.48 198.76 10.88 0.20
0.00 1909.81
782.30 15.54 8.35 2.53 328.22 197.47 10.99 0.20
0.00 2272.13
745.40 13.24 6.03 -0.53 327.31 203.86 11.05 0.30
0.00 2680.14
705.60 10.84 3.89 -3.02 327.86 219.04 9.25 0.40
0.00 3139.51
662.90 7.84 1.92 -4.20 329.91 259.05 6.14 0.40
0.00 3657.03
617.20 3.24 -1.34 -6.65 329.75 303.31 8.14 0.30
0.00 4241.15
569.10 -2.66 -5.40 -9.06 329.08 306.47 11.11 0.20
0.00 4891.99
522.50 -7.66 -11.19 -18.49 325.55 302.01 10.99 0.00
0.00 5563.19
480.50 -11.36 -15.11 -25.88 326.31 302.47 10.14 0.00
0.00 6210.39
443.00 -15.36 -18.00 -25.91 329.15 310.49 10.47 0.10
0.00 6828.69
409.20 -18.16 -21.34 -35.64 330.90 298.47 13.03 0.10
0.00 7424.59
378.60 -21.16 -24.42 -48.80 333.09 285.84 14.94 0.10
0.00 8001.40
351.00 -25.66 -28.09 -48.76 334.34 281.16 15.05 0.00
0.00 8554.79
326.20 -29.86 -31.72 -51.68 335.49 275.38 16.59 0.10
0.00 9081.15
303.80 -33.86 -35.33 -58.00 336.55 271.26 17.68 0.00
0.00 9583.64
283.70 -37.66 -38.68 -54.73 337.87 272.42 13.81 0.00
0.00 10059.32
265.60 -41.16 -41.85 -53.42 339.26 271.04 10.68 0.10
0.00 10510.40
248.80 -44.06 -44.65 -58.13 341.16 272.69 16.53 0.10
0.00 10951.36
233.60 -46.46 -47.00 -63.98 343.59 278.33 24.15 0.10
0.00 11371.89
219.60 -49.06 -49.50 -67.41 345.66 271.80 24.69 0.00
0.00 11779.63
205.70 -51.26 -51.62 -67.88 348.72 258.85 27.12 0.00
0.00 12206.45
191.70 -52.66 -53.01 -73.19 353.52 255.05 32.36 0.00
0.00 12662.82
177.80 -54.86 -55.15 -73.70 357.60 257.86 36.97 0.00
0.00 13146.21
163.80 -58.26 -58.46 -74.24 360.38 262.64 34.87 0.00
0.00 13666.17
149.80 -61.66 -61.80 -74.84 363.85 266.97 29.37 0.00
0.00 14223.72
135.90 -64.06 -64.17 -75.48 369.87 268.07 23.14 0.00
0.00 14823.16
121.90 -64.76 -9999.00 -9999.00 -9999.00 266.82 17.50 0.00
0.00 15487.44
108.00 -65.06 -9999.00 -9999.00 -9999.00 235.30 12.28 0.00
0.00 16225.42
94.00 -65.36 -9999.00 -9999.00 -9999.00 242.05 10.78 0.00
0.00 17070.47
81.00 -63.56 -9999.00 -9999.00 -9999.00 246.80 5.92 0.00
0.00 17979.72
70.60 -61.56 -9999.00 -9999.00 -9999.00 245.22 2.78 0.00
0.00 18826.81
62.20 -60.16 -9999.00 -9999.00 -9999.00 79.70 2.18 0.00
0.00 19613.97
54.30 -58.86 -9999.00 -9999.00 -9999.00 96.17 7.23 0.00
0.00 20463.39
46.90 -57.56 -9999.00 -9999.00 -9999.00 77.57 11.73 0.00
0.00 21385.15
40.10 -55.76 -9999.00 -9999.00 -9999.00 75.22 14.47 0.00
0.00 22377.78
33.80 -52.66 -9999.00 -9999.00 -9999.00 78.69 15.85 0.00
0.00 23473.13
27.80 -49.26 -9999.00 -9999.00 -9999.00 73.81 18.80 0.00
0.00 24744.13
22.30 -46.36 -9999.00 -9999.00 -9999.00 84.58 22.63 0.00
0.00 26198.22
17.10 -44.96 -9999.00 -9999.00 -9999.00 80.02 24.65 0.00
0.00 27966.23
12.30 -42.96 -9999.00 -9999.00 -9999.00 75.52 30.30 0.00
0.00 30176.61

STID = KMDW STNM = 725340 TIME = 200809/0800 
SLAT = 41.78 SLON = -87.75 SELV = 183.0
STIM = 9

SHOW = 1.59 LIFT = -4.63 SWET = 130.63 KINX = 22.36
LCLP = 966.20 PWAT = 37.30 TOTL = 46.32 CAPE = 932.02
LCLT = 293.82 CINS = -194.07 EQLV = 228.95 LFCT = 633.72
BRCH = 57.15

PRES TMPC TMWC DWPC THTE DRCT SKNT OMEG
CFRL HGHT
994.90 23.14 21.77 21.15 343.55 194.62 4.62 0.00
0.00 192.68
991.90 23.24 21.64 20.92 343.45 195.00 11.27 0.00
0.00 219.12
986.40 23.14 21.48 20.74 343.63 196.62 13.58 0.00
0.00 267.82
976.90 23.44 21.22 20.23 343.96 202.58 21.25 0.00
0.00 352.58
963.00 23.94 20.98 19.68 345.12 208.24 23.82 0.10
0.00 478.25
945.10 22.74 20.55 19.58 346.16 215.96 24.48 0.20
0.00 642.57
923.70 20.74 19.56 19.00 345.45 218.45 25.29 0.30
0.00 842.09
900.30 18.54 17.89 17.54 342.47 219.75 25.52 0.40
45.00 1063.93
875.00 18.54 14.77 12.64 334.81 215.08 19.93 0.30
11.00 1309.12
846.90 19.54 11.99 6.75 329.55 199.60 15.05 0.10
0.00 1589.80
815.90 17.84 10.62 5.38 329.93 203.10 14.36 0.00
0.00 1909.74
781.90 15.44 8.62 3.27 329.13 206.93 13.73 -0.10
0.00 2272.23
745.10 13.14 6.16 -0.07 327.75 210.82 12.90 -0.10
0.00 2679.24
705.30 10.94 3.76 -3.50 327.55 219.21 9.52 -0.10
0.00 3138.79
662.60 8.04 1.89 -4.55 329.85 261.87 5.50 0.00
0.00 3656.78
617.00 3.24 -1.36 -6.72 329.73 307.15 8.04 0.00
0.00 4240.04
568.90 -2.76 -5.69 -9.72 328.45 306.69 12.35 0.00
0.00 4890.94
522.30 -7.76 -11.00 -17.43 325.99 297.44 11.38 -0.10
0.00 5562.13
480.40 -11.56 -14.90 -23.71 326.79 294.08 10.00 -0.10
0.00 6207.69
442.90 -15.66 -17.92 -24.25 329.37 300.53 8.80 -0.10
0.00 6825.60
409.10 -18.36 -21.45 -35.21 330.74 294.78 11.13 0.00
0.00 7421.09
378.50 -21.26 -24.49 -48.80 332.99 287.10 15.85 0.00
0.00 7997.71
351.00 -25.76 -28.25 -51.95 334.04 279.69 16.16 -0.10
0.00 8548.94
326.20 -30.06 -31.91 -52.57 335.18 269.30 15.93 -0.10
0.00 9074.98
303.80 -33.96 -35.38 -55.27 336.49 264.75 16.98 0.00
0.00 9577.15
283.70 -37.66 -38.68 -54.73 337.87 265.67 12.86 0.00
0.00 10052.73
265.60 -41.16 -41.85 -53.42 339.26 258.49 10.70 0.00
0.00 10503.81
248.80 -44.06 -44.63 -56.89 341.21 271.35 16.51 0.00
0.00 10944.78
233.60 -46.76 -47.26 -61.80 343.18 282.88 20.92 0.00
0.00 11365.03
219.60 -49.26 -49.69 -67.41 345.35 265.88 24.34 0.00
0.00 11772.33
205.70 -51.86 -52.20 -67.88 347.78 258.01 29.00 0.00
0.00 12198.37
191.70 -53.46 -53.75 -68.39 352.29 256.95 32.69 0.00
0.00 12653.31
177.70 -55.56 -55.83 -73.70 356.51 258.75 34.85 0.00
0.00 13138.65
163.80 -58.56 -58.75 -74.24 359.88 260.19 31.93 0.00
0.00 13653.84
149.80 -61.86 -61.99 -74.84 363.50 260.89 25.78 0.00
0.00 14210.74
135.90 -64.06 -64.17 -75.48 369.87 254.21 19.99 0.10
0.00 14809.89
121.90 -64.66 -9999.00 -9999.00 -9999.00 244.29 17.46 0.10
0.00 15474.33
108.00 -65.06 -9999.00 -9999.00 -9999.00 227.29 17.19 0.00
0.00 16212.49
94.00 -65.06 -9999.00 -9999.00 -9999.00 249.89 14.69 0.00
0.00 17058.15
81.00 -63.26 -9999.00 -9999.00 -9999.00 272.44 9.13 0.00
0.00 17968.71
70.60 -61.86 -9999.00 -9999.00 -9999.00 298.61 4.88 0.00
0.00 18815.79
62.20 -60.86 -9999.00 -9999.00 -9999.00 37.87 2.21 0.00
0.00 19601.10
54.30 -59.26 -9999.00 -9999.00 -9999.00 73.81 6.27 0.00
0.00 20448.34
46.90 -57.56 -9999.00 -9999.00 -9999.00 68.37 12.12 0.00
0.00 21369.24
40.10 -55.16 -9999.00 -9999.00 -9999.00 81.75 13.54 0.00
0.00 22363.25
33.80 -52.56 -9999.00 -9999.00 -9999.00 85.06 15.79 0.00
0.00 23460.34
27.80 -49.66 -9999.00 -9999.00 -9999.00 79.85 18.75 0.00
0.00 24730.49
22.30 -48.16 -9999.00 -9999.00 -9999.00 80.35 19.70 0.00
0.00 26177.48
17.10 -46.66 -9999.00 -9999.00 -9999.00 61.70 20.09 0.00
0.00 27931.88
12.30 -43.46 -9999.00 -9999.00 -9999.00 70.54 27.41 0.00
0.00 30131.66

STID = KMDW STNM = 725340 TIME = 200809/0900 
SLAT = 41.78 SLON = -87.75 SELV = 183.0
STIM = 10

SHOW = 0.80 LIFT = -5.17 SWET = 137.69 KINX = 23.66
LCLP = 969.83 PWAT = 38.96 TOTL = 47.62 CAPE = 854.43
LCLT = 293.78 CINS = -185.66 EQLV = 233.75 LFCT = 633.45
BRCH = 57.22

PRES TMPC TMWC DWPC THTE DRCT SKNT OMEG
CFRL HGHT
994.40 22.74 21.58 21.04 342.82 200.56 3.32 0.00
0.00 191.79
991.40 22.94 21.43 20.74 342.64 202.01 9.85 0.00
0.00 218.22
985.90 22.84 21.27 20.55 342.80 202.83 12.00 0.00
0.00 266.88
976.40 23.04 20.99 20.07 343.10 205.82 20.07 -0.10
0.00 351.58
962.50 23.24 20.72 19.59 344.10 208.93 25.29 -0.10
0.00 477.07
944.60 22.54 20.51 19.60 346.06 216.53 26.11 -0.20
0.00 641.23
923.20 20.74 19.75 19.28 346.34 219.86 24.55 -0.20
0.00 840.80
899.80 18.64 18.52 18.41 345.07 219.47 21.39 -0.20
100.00 1062.88
874.50 17.94 15.24 13.76 336.56 219.25 17.81 -0.10
11.00 1308.11
846.40 19.44 12.13 7.15 330.11 202.50 14.72 -0.10
0.00 1588.71
815.40 17.84 11.13 6.50 331.68 208.11 16.08 -0.20
0.00 1908.85
781.50 15.14 9.50 5.45 331.95 218.77 15.19 -0.30
0.00 2270.47
744.60 12.54 6.66 1.77 329.35 220.79 13.09 -0.30
0.00 2678.40
704.90 10.44 3.54 -3.48 327.05 222.06 10.72 -0.30
0.00 3136.31
662.30 7.74 1.63 -4.88 329.22 248.50 6.90 -0.30
0.00 3652.60
616.70 3.04 -1.47 -6.73 329.53 286.56 7.50 -0.20
0.00 4235.59
568.70 -2.86 -5.71 -9.61 328.45 296.18 12.76 0.00
0.00 4885.05
522.10 -8.16 -10.70 -15.33 326.70 290.85 13.09 0.00
0.00 5555.95
480.30 -12.06 -14.62 -20.61 327.43 284.57 10.04 0.10
0.00 6199.20
442.80 -15.96 -17.93 -23.28 329.38 285.95 7.07 0.10
0.00 6816.38
409.00 -18.16 -21.34 -35.65 330.95 288.10 10.63 0.10
0.00 7411.91
378.40 -21.56 -24.63 -45.69 332.81 289.37 18.75 0.10
0.00 7988.57
350.90 -25.86 -28.41 -56.84 333.77 270.00 16.12 0.00
0.00 8539.51
326.20 -30.06 -31.91 -52.57 335.18 254.05 16.98 0.00
0.00 9063.39
303.80 -33.96 -35.38 -55.27 336.49 255.49 17.06 0.00
0.00 9565.56
283.70 -37.46 -38.53 -55.83 338.12 251.83 13.09 0.00
0.00 10041.34
265.60 -40.76 -41.51 -54.30 339.80 253.23 14.80 0.10
0.00 10493.00
248.80 -43.66 -44.28 -58.13 341.76 272.34 19.06 0.10
0.00 10934.73
233.60 -46.76 -47.28 -63.98 343.14 272.39 23.33 0.10
0.00 11355.34
219.60 -49.56 -49.98 -67.41 344.89 261.65 28.07 0.10
0.00 11762.37
205.70 -51.76 -52.10 -67.88 347.93 258.20 31.35 0.10
0.00 12188.22
191.70 -53.46 -53.75 -68.39 352.29 258.69 32.69 0.10
0.00 12643.26
177.70 -55.56 -55.83 -73.70 356.51 261.15 32.83 0.10
0.00 13128.60
163.80 -58.26 -58.46 -74.24 360.38 262.08 29.62 0.10
0.00 13644.16
149.80 -61.06 -61.21 -74.84 364.88 258.33 24.01 0.10
0.00 14202.49
135.90 -63.06 -63.18 -75.48 371.64 249.32 20.36 0.00
0.00 14804.21
121.90 -64.16 -9999.00 -9999.00 -9999.00 239.13 19.70 0.00
0.00 15471.04
108.00 -65.26 -9999.00 -9999.00 -9999.00 234.32 18.65 0.00
0.00 16209.72
94.00 -65.06 -9999.00 -9999.00 -9999.00 260.27 13.79 0.00
0.00 17054.98
81.00 -62.66 -9999.00 -9999.00 -9999.00 278.88 6.29 0.00
0.00 17966.84
70.60 -61.26 -9999.00 -9999.00 -9999.00 14.04 0.80 0.00
0.00 18816.34
62.20 -60.16 -9999.00 -9999.00 -9999.00 107.53 3.87 0.00
0.00 19604.06
54.30 -57.96 -9999.00 -9999.00 -9999.00 84.14 7.61 0.00
0.00 20455.27
46.90 -55.86 -9999.00 -9999.00 -9999.00 80.84 12.20 0.00
0.00 21382.61
40.10 -52.76 -9999.00 -9999.00 -9999.00 81.07 13.77 0.00
0.00 22386.01
33.80 -51.06 -9999.00 -9999.00 -9999.00 75.15 16.69 0.00
0.00 23492.86
27.80 -49.76 -9999.00 -9999.00 -9999.00 80.63 20.28 0.00
0.00 24767.02
22.30 -49.76 -9999.00 -9999.00 -9999.00 77.36 21.31 0.00
0.00 26208.52
17.10 -47.06 -9999.00 -9999.00 -9999.00 71.70 26.59 0.00
0.00 27955.15
12.30 -43.56 -9999.00 -9999.00 -9999.00 76.98 34.50 0.00
0.00 30152.51

STID = KMDW STNM = 725340 TIME = 200809/1000 
SLAT = 41.78 SLON = -87.75 SELV = 183.0
STIM = 11

SHOW = 0.83 LIFT = -4.56 SWET = 157.44 KINX = 23.41
LCLP = 967.13 PWAT = 39.13 TOTL = 47.15 CAPE = 863.62
LCLT = 293.62 CINS = -153.96 EQLV = 230.68 LFCT = 633.51
BRCH = 131.88

PRES TMPC TMWC DWPC THTE DRCT SKNT OMEG
CFRL HGHT
994.70 22.84 21.53 20.93 342.58 171.25 2.56 0.00
0.00 191.79
991.70 23.14 21.41 20.63 342.52 197.53 7.73 0.00
0.00 218.22
986.20 23.04 21.24 20.43 342.65 201.37 9.60 0.00
0.00 266.90
976.70 23.34 21.06 20.04 343.33 208.30 17.21 0.00
0.00 351.64
962.80 23.74 21.00 19.80 345.25 212.56 19.13 0.00
0.00 477.26
944.90 22.74 20.20 19.06 344.72 224.58 18.82 0.00
0.00 641.55
923.50 20.94 19.10 18.23 343.59 231.17 20.45 0.00
0.00 841.10
900.20 18.64 17.81 17.37 342.16 237.35 23.76 0.00
76.00 1062.09
875.00 18.54 15.05 13.11 335.79 241.82 24.69 -0.10
0.00 1306.38
846.80 18.14 12.23 8.34 330.46 235.49 18.86 -0.10
0.00 1587.50
815.70 16.74 10.67 6.40 330.21 215.71 15.31 -0.10
0.00 1907.28
781.70 14.64 10.16 7.15 334.07 216.21 13.48 -0.10
0.00 2268.94
744.80 12.24 7.50 3.89 331.87 219.14 10.76 0.00
0.00 2676.43
705.10 10.44 3.59 -3.34 327.15 217.09 9.98 0.00
0.00 3134.10
662.40 7.74 1.47 -5.35 328.76 236.73 7.44 -0.10
0.00 3651.48
616.80 3.04 -1.60 -7.11 329.17 267.34 8.35 -0.10
0.00 4234.33
568.80 -2.76 -5.92 -10.41 327.92 284.04 12.82 -0.10
0.00 4883.75
522.20 -7.96 -10.67 -15.66 326.74 288.43 12.90 0.00
0.00 5554.84
480.30 -11.96 -14.32 -19.61 328.02 277.25 10.76 0.00
0.00 6199.95
442.80 -15.96 -17.78 -22.54 329.68 272.29 9.71 0.00
0.00 6817.29
409.00 -18.56 -21.06 -30.25 331.55 287.18 11.19 0.00
0.00 7412.43
378.50 -22.26 -25.10 -44.20 331.98 287.99 15.73 0.10
0.00 7985.94
350.90 -25.96 -28.43 -52.95 333.76 256.58 17.58 0.10
0.00 8537.93
326.20 -30.26 -32.07 -52.57 334.90 246.80 17.75 0.10
0.00 9061.50
303.80 -33.86 -35.29 -55.27 336.63 252.20 16.53 0.00
0.00 9563.57
283.70 -37.16 -38.26 -55.83 338.55 253.77 15.99 0.00
0.00 10039.75
265.60 -40.46 -41.24 -54.30 340.24 264.47 18.14 0.00
0.00 10491.98
248.80 -43.76 -44.40 -59.58 341.57 276.40 20.92 0.10
0.00 10933.90
233.60 -46.96 -47.47 -63.98 342.84 269.14 26.03 0.10
0.00 11354.24
219.60 -49.86 -50.26 -67.41 344.43 259.56 30.03 0.10
0.00 11760.81
205.70 -51.96 -52.29 -67.88 347.62 258.76 32.87 0.10
0.00 12186.19
191.70 -53.26 -53.56 -68.39 352.61 260.48 32.89 0.00
0.00 12641.23
177.70 -55.26 -55.54 -73.70 357.01 264.05 31.84 0.00
0.00 13127.12
163.80 -57.96 -58.17 -74.24 360.88 264.66 27.12 0.00
0.00 13643.39
149.80 -60.86 -61.02 -74.84 365.22 258.01 22.44 0.00
0.00 14202.38
135.90 -63.16 -63.28 -75.48 371.46 247.80 20.55 0.00
0.00 14804.24
121.90 -64.36 -9999.00 -9999.00 -9999.00 234.96 20.65 0.00
0.00 15470.59
108.00 -65.66 -9999.00 -9999.00 -9999.00 236.78 19.50 0.00
0.00 16208.22
94.00 -64.96 -9999.00 -9999.00 -9999.00 259.70 13.03 0.00
0.00 17052.86
81.00 -62.36 -9999.00 -9999.00 -9999.00 250.71 4.12 0.00
0.00 17965.59
70.60 -61.56 -9999.00 -9999.00 -9999.00 144.46 1.67 0.00
0.00 18815.09
62.20 -59.96 -9999.00 -9999.00 -9999.00 95.19 2.14 0.00
0.00 19602.63
54.30 -57.46 -9999.00 -9999.00 -9999.00 72.47 7.73 0.00
0.00 20455.23
46.90 -56.06 -9999.00 -9999.00 -9999.00 78.11 11.31 0.00
0.00 21383.21
40.10 -53.36 -9999.00 -9999.00 -9999.00 71.57 13.52 0.00
0.00 22384.78
33.80 -51.16 -9999.00 -9999.00 -9999.00 75.44 15.46 0.00
0.00 23489.88
27.80 -49.46 -9999.00 -9999.00 -9999.00 84.69 16.78 0.00
0.00 24764.61
22.30 -48.46 -9999.00 -9999.00 -9999.00 70.13 17.15 0.00
0.00 26211.27
17.10 -45.76 -9999.00 -9999.00 -9999.00 72.27 24.88 0.00
0.00 27968.01
12.30 -43.56 -9999.00 -9999.00 -9999.00 78.62 31.51 0.00
0.00 30171.64

STID = KMDW STNM = 725340 TIME = 200809/1100 
SLAT = 41.78 SLON = -87.75 SELV = 183.0
STIM = 12

SHOW = -1.30 LIFT = -5.36 SWET = 196.28 KINX = 26.38
LCLP = 973.79 PWAT = 42.02 TOTL = 49.10 CAPE = 854.40
LCLT = 293.62 CINS = -117.01 EQLV = 225.73 LFCT = 637.06
BRCH = 110.78

PRES TMPC TMWC DWPC THTE DRCT SKNT OMEG
CFRL HGHT
995.70 22.34 21.32 20.83 341.53 167.91 2.78 0.00
0.00 192.64
992.70 22.74 21.22 20.52 341.58 193.09 8.57 0.00
0.00 219.00
987.20 22.74 21.05 20.27 341.69 197.42 10.39 0.00
0.00 267.57
977.70 23.04 20.72 19.67 341.79 208.26 17.64 0.00
0.00 352.13
963.80 23.14 20.83 19.80 344.37 212.55 21.66 0.00
0.00 477.42
945.90 22.34 20.83 20.15 347.21 221.19 20.65 0.00
0.00 641.31
924.40 20.94 20.23 19.88 348.16 229.46 19.42 -0.10
0.00 841.61
901.00 19.14 19.02 18.91 346.92 235.34 22.20 -0.10
41.00 1063.73
875.60 17.54 17.01 16.71 343.03 238.32 21.46 -0.30
37.00 1309.86
847.40 16.54 13.55 11.81 334.87 245.40 17.74 -0.30
1.00 1589.96
816.30 16.14 10.71 6.95 330.28 231.34 13.68 -0.20
0.00 1908.53
782.30 14.44 10.07 7.13 333.70 216.87 13.60 -0.30
0.00 2269.45
745.40 12.14 8.00 4.99 333.31 221.01 11.85 -0.30
0.00 2676.46
705.50 10.24 3.90 -2.27 327.95 220.06 11.17 -0.30
0.00 3136.01
662.80 7.54 1.19 -5.89 327.97 228.37 9.36 -0.30
0.00 3652.74
617.20 2.94 -1.72 -7.32 328.79 253.30 10.14 -0.30
0.00 4234.88
569.10 -2.96 -5.87 -9.92 328.01 270.00 13.01 -0.20
0.00 4884.92
522.50 -8.26 -10.77 -15.38 326.47 274.93 11.31 0.00
0.00 5555.05
480.50 -11.76 -14.24 -19.81 328.13 278.43 10.61 0.10
0.00 6201.26
442.90 -16.16 -17.60 -21.18 330.01 275.49 10.14 0.10
0.00 6820.08
409.10 -18.96 -20.98 -27.75 331.71 279.46 9.46 0.10
0.00 7414.45
378.50 -21.86 -25.15 -63.41 331.78 270.00 16.71 0.10
0.00 7989.78
351.00 -26.16 -28.53 -50.22 333.58 249.92 19.23 0.00
0.00 8539.88
326.20 -30.16 -32.01 -53.57 335.00 244.80 18.24 0.00
0.00 9065.39
303.80 -33.56 -35.05 -56.53 337.01 251.76 18.01 0.00
0.00 9567.87
283.70 -36.76 -37.93 -57.08 339.08 260.72 20.47 0.00
0.00 10044.75
265.60 -40.16 -41.03 -57.61 340.56 270.50 22.34 0.00
0.00 10497.66
248.80 -43.86 -44.54 -63.51 341.33 272.12 26.24 0.00
0.00 10939.76
233.60 -47.46 -47.94 -63.98 342.08 267.33 29.18 0.00
0.00 11359.54
219.60 -50.16 -50.52 -64.44 344.01 262.52 31.35 0.00
0.00 11765.39
205.70 -51.86 -52.20 -67.88 347.78 262.16 32.75 0.00
0.00 12190.58
191.70 -53.16 -53.49 -73.19 352.72 266.23 32.52 0.00
0.00 12645.82
177.70 -55.16 -55.44 -73.70 357.17 269.64 30.89 0.00
0.00 13131.94
163.80 -57.86 -58.07 -74.24 361.05 267.42 25.85 0.00
0.00 13648.45
149.80 -60.86 -61.02 -74.84 365.22 257.20 21.91 0.00
0.00 14207.56
135.90 -63.56 -63.68 -75.48 370.75 248.59 21.29 0.00
0.00 14808.85
121.90 -65.16 -9999.00 -9999.00 -9999.00 235.34 22.20 0.00
0.00 15473.30
108.00 -66.26 -9999.00 -9999.00 -9999.00 239.86 20.88 0.00
0.00 16208.44
94.00 -65.06 -9999.00 -9999.00 -9999.00 253.56 12.35 0.00
0.00 17051.67
81.00 -62.36 -9999.00 -9999.00 -9999.00 211.83 6.62 0.00
0.00 17964.18
70.60 -61.86 -9999.00 -9999.00 -9999.00 186.01 3.71 0.00
0.00 18813.08
62.20 -59.66 -9999.00 -9999.00 -9999.00 52.13 2.21 0.00
0.00 19600.61
54.30 -57.66 -9999.00 -9999.00 -9999.00 73.69 8.29 0.00
0.00 20453.41
46.90 -56.96 -9999.00 -9999.00 -9999.00 72.90 10.57 0.00
0.00 21379.03
40.10 -55.06 -9999.00 -9999.00 -9999.00 64.18 13.38 0.00
0.00 22374.64
33.80 -52.66 -9999.00 -9999.00 -9999.00 68.86 15.62 0.00
0.00 23471.74
27.80 -50.96 -9999.00 -9999.00 -9999.00 76.48 15.79 0.00
0.00 24737.88
22.30 -48.16 -9999.00 -9999.00 -9999.00 63.73 17.11 0.00
0.00 26180.68
17.10 -44.66 -9999.00 -9999.00 -9999.00 67.86 24.75 0.00
0.00 27942.85
12.30 -43.36 -9999.00 -9999.00 -9999.00 69.79 29.80 0.00
0.00 30152.75

STID = KMDW STNM = 725340 TIME = 200809/1200 
SLAT = 41.78 SLON = -87.75 SELV = 183.0
STIM = 13

SHOW = -1.06 LIFT = -5.04 SWET = 185.42 KINX = 27.51
LCLP = 969.33 PWAT = 41.66 TOTL = 48.87 CAPE = 895.74
LCLT = 293.50 CINS = -111.70 EQLV = 224.39 LFCT = 637.40
BRCH = 244.71

PRES TMPC TMWC DWPC THTE DRCT SKNT OMEG
CFRL HGHT
996.10 22.64 21.38 20.79 341.72 176.63 3.30 0.00
0.00 192.65
993.10 22.54 21.03 20.33 340.74 187.28 9.21 0.00
0.00 219.00
987.70 22.44 20.78 20.01 340.53 189.82 10.26 0.00
0.00 266.62
978.20 22.84 20.80 19.87 342.03 205.02 16.08 0.10
0.00 351.06
964.20 23.04 21.09 20.22 345.40 217.61 18.14 0.10
0.00 477.15
946.30 22.14 20.88 20.31 347.38 230.44 17.39 0.20
0.00 640.91
924.80 20.74 20.08 19.75 347.46 236.50 16.53 0.10
0.00 840.99
901.40 19.24 18.45 18.04 344.51 235.69 19.99 0.00
49.00 1062.91
876.10 18.24 16.32 15.32 340.28 236.80 18.80 -0.10
0.00 1308.14
847.80 16.94 13.58 11.62 334.90 239.80 15.05 -0.20
0.00 1589.51
816.70 15.94 10.99 7.65 331.12 227.39 13.19 -0.10
0.00 1908.06
782.60 14.34 10.02 7.10 333.48 214.44 16.49 0.00
0.00 2269.73
745.70 12.04 8.49 6.02 334.81 222.18 16.78 0.20
0.00 2676.51
705.80 10.04 4.31 -0.97 329.09 217.37 13.44 0.30
0.00 3135.76
663.00 7.54 1.01 -6.46 327.44 222.34 11.83 0.40
0.00 3653.38
617.30 3.04 -1.91 -8.02 328.30 248.70 12.30 0.30
0.00 4236.70
569.20 -2.86 -6.11 -10.82 327.42 262.97 14.30 0.30
0.00 4886.79
522.60 -8.06 -10.85 -16.10 326.28 269.16 13.21 0.20
0.00 5557.10
480.60 -11.66 -14.05 -19.26 328.50 286.80 10.76 0.10
0.00 6203.54
443.00 -16.06 -17.57 -21.32 330.05 271.19 9.32 0.00
0.00 6822.47
409.20 -18.96 -21.39 -30.53 330.91 264.90 10.92 -0.10
0.00 7416.78
378.60 -22.16 -25.30 -54.72 331.53 264.59 18.53 -0.20
0.00 7991.59
351.00 -26.56 -28.91 -52.95 332.92 250.87 20.14 -0.20
0.00 8542.85
326.20 -30.36 -32.18 -53.57 334.72 252.32 18.55 -0.20
0.00 9067.70
303.90 -33.66 -35.14 -56.52 336.84 260.43 17.54 -0.10
0.00 9567.55
283.70 -36.86 -38.04 -58.54 338.89 264.70 18.92 -0.10
0.00 10046.52
265.60 -40.26 -41.15 -59.06 340.37 271.01 22.14 0.00
0.00 10499.23
248.80 -44.06 -44.73 -63.51 341.03 268.35 27.02 0.00
0.00 10941.04
233.60 -47.46 -47.96 -66.97 342.03 262.48 28.21 0.00
0.00 11360.64
219.60 -50.16 -50.55 -67.41 343.96 258.84 30.09 0.00
0.00 11766.49
205.70 -51.86 -52.20 -67.88 347.78 262.07 30.98 0.00
0.00 12191.67
191.70 -53.46 -53.75 -68.39 352.29 268.50 29.74 0.00
0.00 12646.61
177.70 -55.46 -55.73 -73.70 356.68 269.59 27.39 0.00
0.00 13132.06
163.80 -57.86 -58.07 -74.24 361.05 264.76 23.41 0.00
0.00 13648.21
149.80 -60.86 -61.02 -74.84 365.22 251.23 21.13 0.00
0.00 14207.33
135.90 -63.76 -63.87 -75.48 370.40 245.93 21.91 0.00
0.00 14808.33
121.90 -65.66 -9999.00 -9999.00 -9999.00 236.05 23.66 0.00
0.00 15471.66
108.00 -66.76 -9999.00 -9999.00 -9999.00 241.63 22.07 0.00
0.00 16205.03
94.00 -64.86 -9999.00 -9999.00 -9999.00 248.20 12.55 0.00
0.00 17047.65
81.00 -61.96 -9999.00 -9999.00 -9999.00 214.51 7.54 0.00
0.00 17961.47
70.60 -60.66 -9999.00 -9999.00 -9999.00 225.00 1.92 0.00
0.00 18813.58
62.20 -58.76 -9999.00 -9999.00 -9999.00 43.03 3.98 0.00
0.00 19605.01
54.30 -57.86 -9999.00 -9999.00 -9999.00 88.57 7.77 0.00
0.00 20459.21
46.90 -57.56 -9999.00 -9999.00 -9999.00 84.71 10.53 0.00
0.00 21383.11
40.10 -56.06 -9999.00 -9999.00 -9999.00 78.52 12.68 0.00
0.00 22375.05
33.80 -53.16 -9999.00 -9999.00 -9999.00 83.58 15.64 0.00
0.00 23468.40
27.80 -51.36 -9999.00 -9999.00 -9999.00 75.79 15.83 0.00
0.00 24731.97
22.30 -47.46 -9999.00 -9999.00 -9999.00 62.96 20.94 0.00
0.00 26175.73
17.10 -44.26 -9999.00 -9999.00 -9999.00 74.45 26.83 0.00
0.00 27942.18
12.30 -42.86 -9999.00 -9999.00 -9999.00 68.40 31.14 0.00
0.00 30156.42

STID = KMDW STNM = 725340 TIME = 200809/1300 
SLAT = 41.78 SLON = -87.75 SELV = 183.0
STIM = 14

SHOW = -0.91 LIFT = -4.82 SWET = 183.99 KINX = 25.00
LCLP = 957.63 PWAT = 40.82 TOTL = 48.80 CAPE = 1000.20
LCLT = 293.59 CINS = -131.96 EQLV = 221.67 LFCT = 634.31
BRCH = 371.44

PRES TMPC TMWC DWPC THTE DRCT SKNT OMEG
CFRL HGHT
995.80 23.74 21.89 21.08 343.94 197.74 5.09 0.00
0.00 191.81
992.70 23.34 21.59 20.80 343.10 198.92 7.19 0.00
0.00 219.14
987.20 22.94 21.34 20.61 342.90 201.32 8.55 0.00
0.00 267.78
977.70 22.44 20.99 20.32 342.89 206.98 11.99 0.10
0.00 352.31
963.70 22.44 21.15 20.56 345.74 219.40 14.08 0.10
0.00 478.28
945.80 21.64 20.67 20.21 346.55 229.48 14.04 0.10
2.00 641.84
924.40 20.64 19.58 19.07 345.42 230.10 15.44 0.00
13.00 840.83
901.00 20.24 18.05 17.00 343.00 227.09 18.82 -0.10
3.00 1063.09
875.70 18.84 16.35 15.07 340.47 227.56 18.41 -0.10
0.00 1309.02
847.50 17.24 13.48 11.27 334.61 220.68 14.61 -0.10
0.00 1589.90
816.40 15.74 11.13 8.07 331.63 210.96 14.72 -0.10
0.00 1908.62
782.30 14.04 9.90 7.09 333.16 208.18 18.51 0.00
0.00 2270.14
745.30 12.24 8.23 5.37 334.05 212.97 17.13 0.20
0.00 2678.10
705.50 10.94 4.05 -2.69 328.33 209.13 13.56 0.30
0.00 3137.17
662.80 8.14 0.94 -7.61 327.22 229.76 13.23 0.30
0.00 3655.01
617.20 3.14 -2.22 -9.17 327.51 258.96 16.22 0.10
0.00 4237.82
569.10 -2.76 -6.38 -11.84 326.82 264.35 17.75 0.00
0.00 4888.15
522.50 -7.96 -10.24 -14.18 327.59 273.90 17.13 0.00
0.00 5558.86
480.50 -11.66 -13.66 -17.74 329.32 281.48 12.68 0.10
0.00 6205.67
442.90 -16.16 -17.74 -21.76 329.74 273.24 10.31 0.10
0.00 6824.65
409.20 -19.46 -21.96 -32.21 329.86 265.91 10.90 0.10
0.00 7416.54
378.50 -22.86 -25.74 -49.57 330.83 261.67 16.10 0.10
0.00 7991.92
351.00 -26.76 -29.05 -51.95 332.69 250.43 18.55 0.10
0.00 8540.27
326.20 -30.26 -32.10 -53.57 334.86 256.28 17.19 0.10
0.00 9065.02
303.80 -33.36 -34.88 -56.53 337.29 259.88 16.57 0.10
0.00 9567.61
283.70 -36.66 -37.86 -58.54 339.18 260.93 18.49 0.10
0.00 10044.78
265.60 -40.36 -41.29 -63.02 340.13 265.63 25.52 0.10
0.00 10497.59
248.80 -44.16 -44.84 -66.51 340.84 259.41 27.47 0.10
0.00 10939.21
233.60 -47.46 -47.96 -66.97 342.03 255.68 28.26 0.00
0.00 11358.71
219.60 -49.96 -50.36 -67.41 344.27 256.14 30.01 0.00
0.00 11764.74
205.70 -51.76 -52.10 -67.88 347.93 263.66 29.90 0.00
0.00 12190.21
191.70 -53.46 -53.75 -68.39 352.29 271.23 27.19 0.00
0.00 12645.25
177.80 -55.56 -55.83 -73.70 356.46 271.33 25.06 -0.10
0.00 13126.99
163.80 -58.06 -58.27 -74.24 360.72 265.84 21.43 -0.10
0.00 13646.35
149.80 -61.26 -61.41 -74.84 364.54 250.68 19.97 -0.10
0.00 14204.68
135.90 -64.26 -64.36 -75.48 369.52 245.98 21.48 -0.10
0.00 14804.40
121.90 -65.96 -9999.00 -9999.00 -9999.00 237.12 22.90 0.00
0.00 15466.46
108.00 -66.16 -9999.00 -9999.00 -9999.00 244.13 21.37 0.00
0.00 16200.36
94.00 -64.36 -9999.00 -9999.00 -9999.00 250.02 13.64 0.00
0.00 17045.21
81.00 -62.26 -9999.00 -9999.00 -9999.00 241.39 7.30 0.00
0.00 17959.47
70.60 -61.06 -9999.00 -9999.00 -9999.00 307.57 3.19 0.00
0.00 18810.17
62.20 -59.36 -9999.00 -9999.00 -9999.00 58.39 5.92 0.00
0.00 19599.75
54.30 -58.56 -9999.00 -9999.00 -9999.00 100.54 8.49 0.00
0.00 20451.36
46.90 -57.16 -9999.00 -9999.00 -9999.00 94.01 11.09 0.00
0.00 21374.62
40.10 -55.06 -9999.00 -9999.00 -9999.00 81.19 13.95 0.00
0.00 22369.77
33.80 -53.26 -9999.00 -9999.00 -9999.00 78.56 16.65 0.00
0.00 23465.37
27.80 -50.66 -9999.00 -9999.00 -9999.00 68.20 17.77 0.00
0.00 24730.65
22.30 -45.56 -9999.00 -9999.00 -9999.00 73.13 24.77 0.00
0.00 26182.80
17.10 -44.46 -9999.00 -9999.00 -9999.00 71.82 28.01 0.00
0.00 27955.86
12.30 -43.36 -9999.00 -9999.00 -9999.00 69.25 33.45 0.00
0.00 30166.72

STID = KMDW STNM = 725340 TIME = 200809/1400 
SLAT = 41.78 SLON = -87.75 SELV = 183.0
STIM = 15

SHOW = -1.20 LIFT = -5.46 SWET = 340.66 KINX = 24.11
LCLP = 948.39 PWAT = 41.40 TOTL = 49.43 CAPE = 1165.67
LCLT = 294.16 CINS = -116.31 EQLV = 216.63 LFCT = 637.68
BRCH = 182.58

PRES TMPC TMWC DWPC THTE DRCT SKNT OMEG
CFRL HGHT
995.80 25.14 22.79 21.81 347.84 195.64 5.05 0.00
0.00 192.74
992.90 24.74 22.46 21.49 346.82 196.39 6.88 0.00
0.00 218.44
987.30 24.14 22.13 21.27 346.28 197.10 7.93 0.10
0.00 268.19
977.80 23.24 21.70 21.01 345.87 198.82 9.03 0.10
0.00 353.02
963.90 22.24 21.13 20.61 345.62 209.62 11.40 0.20
0.00 478.23
945.90 21.14 20.51 20.18 345.83 216.53 13.05 0.30
12.00 642.49
924.50 20.54 19.67 19.24 345.77 224.49 15.52 0.30
24.00 841.27
901.10 20.14 18.62 17.90 345.28 225.45 17.44 0.30
7.00 1063.48
875.80 18.94 17.29 16.47 344.08 221.25 16.80 0.30
9.00 1309.53
847.50 17.54 13.47 11.06 334.55 206.57 16.06 0.20
0.00 1591.68
816.40 15.84 11.31 8.35 332.23 201.25 18.76 0.10
0.00 1910.62
782.40 14.14 10.11 7.41 333.81 205.37 20.86 0.20
0.00 2271.22
745.40 12.74 7.94 4.39 333.11 207.65 18.41 0.20
0.00 2679.51
705.60 11.34 3.90 -3.62 327.85 209.74 15.66 0.10
0.00 3139.14
662.90 8.44 0.84 -8.46 326.90 238.67 15.70 -0.10
0.00 3657.45
617.20 3.34 -2.31 -9.80 327.27 265.29 18.90 -0.20
0.00 4241.96
569.20 -2.76 -5.91 -10.36 327.89 275.04 19.89 -0.30
0.00 4891.15
522.50 -8.06 -9.82 -12.67 328.50 286.11 18.20 -0.20
0.00 5563.25
480.50 -11.96 -13.85 -17.74 328.94 276.75 14.86 0.00
0.00 6209.64
443.00 -15.96 -17.62 -21.84 329.94 274.97 8.97 0.10
0.00 6826.78
409.20 -19.46 -22.14 -33.99 329.50 265.84 10.70 0.10
0.00 7420.57
378.50 -22.86 -25.78 -51.31 330.75 254.44 15.93 0.10
0.00 7995.93
351.00 -26.56 -28.89 -51.95 332.96 249.44 16.59 0.10
0.00 8544.50
326.20 -29.76 -31.70 -54.68 335.51 251.35 16.39 0.00
0.00 9070.00
303.80 -32.96 -34.54 -56.53 337.86 250.95 17.27 0.00
0.00 9573.52
283.70 -36.66 -37.86 -58.54 339.18 258.79 21.00 0.00
0.00 10051.10
265.60 -40.46 -41.38 -63.02 339.99 258.20 26.59 0.00
0.00 10503.81
248.80 -44.16 -44.82 -63.51 340.89 253.95 28.09 0.00
0.00 10945.33
233.60 -47.36 -47.87 -66.97 342.19 254.43 28.22 0.00
0.00 11364.93
219.60 -49.76 -50.17 -67.41 344.58 256.06 29.02 0.00
0.00 11771.23
205.70 -51.86 -52.17 -64.93 347.82 262.38 27.84 0.00
0.00 12196.80
191.70 -53.76 -54.04 -68.39 351.81 266.13 25.89 0.00
0.00 12651.42
177.80 -55.76 -56.02 -73.70 356.13 267.25 24.30 0.00
0.00 13132.61
163.80 -58.46 -58.66 -74.24 360.04 263.72 21.31 0.00
0.00 13651.25
149.80 -61.56 -61.70 -74.84 364.02 247.17 20.03 0.00
0.00 14208.67
135.90 -64.46 -64.56 -75.48 369.16 241.70 22.94 0.00
0.00 14807.67
121.90 -65.66 -9999.00 -9999.00 -9999.00 234.83 24.96 0.00
0.00 15469.89
108.00 -65.56 -9999.00 -9999.00 -9999.00 245.51 21.56 0.00
0.00 16205.39
94.00 -64.66 -9999.00 -9999.00 -9999.00 251.32 14.55 0.00
0.00 17050.85
81.00 -63.06 -9999.00 -9999.00 -9999.00 246.61 7.83 0.00
0.00 17962.71
70.60 -61.96 -9999.00 -9999.00 -9999.00 327.99 1.83 0.00
0.00 18810.00
62.20 -59.56 -9999.00 -9999.00 -9999.00 81.67 8.04 0.00
0.00 19597.53
54.30 -58.86 -9999.00 -9999.00 -9999.00 101.56 8.72 0.00
0.00 20448.15
46.90 -57.26 -9999.00 -9999.00 -9999.00 87.88 10.49 0.00
0.00 21370.55
40.10 -55.56 -9999.00 -9999.00 -9999.00 82.07 15.50 0.00
0.00 22364.33
33.80 -54.06 -9999.00 -9999.00 -9999.00 85.87 16.16 0.00
0.00 23456.67
27.80 -50.06 -9999.00 -9999.00 -9999.00 78.81 18.03 0.00
0.00 24721.38
22.30 -47.46 -9999.00 -9999.00 -9999.00 79.97 25.64 0.00
0.00 26169.34
17.10 -46.26 -9999.00 -9999.00 -9999.00 75.78 29.25 0.00
0.00 27928.02
12.30 -43.16 -9999.00 -9999.00 -9999.00 73.55 39.08 0.00
0.00 30131.17

STID = KMDW STNM = 725340 TIME = 200809/1500 
SLAT = 41.78 SLON = -87.75 SELV = 183.0
STIM = 16

SHOW = -2.16 LIFT = -6.30 SWET = 380.66 KINX = 25.92
LCLP = 932.79 PWAT = 42.46 TOTL = 50.57 CAPE = 1477.89
LCLT = 294.04 CINS = -71.69 EQLV = 210.86 LFCT = 656.52
BRCH = 118.93

PRES TMPC TMWC DWPC THTE DRCT SKNT OMEG
CFRL HGHT
995.90 26.44 23.24 21.96 349.88 184.24 5.26 0.00
0.00 192.78
992.90 25.84 22.93 21.74 348.92 185.04 6.62 0.00
0.00 219.48
987.40 25.24 22.65 21.58 348.55 184.40 7.60 0.00
0.00 268.53
977.90 24.34 22.24 21.35 348.23 186.63 8.41 0.00
0.00 353.68
964.00 23.04 21.67 21.06 347.94 188.65 9.03 0.00
0.00 479.31
946.00 21.84 20.90 20.46 347.51 202.17 11.32 0.10
10.00 644.00
924.60 20.94 20.18 19.81 347.92 214.64 13.00 0.10
21.00 843.18
901.20 20.04 19.32 18.96 348.15 218.66 13.68 0.20
23.00 1065.59
875.80 18.84 17.53 16.88 345.04 214.11 14.55 0.10
27.00 1312.62
847.60 17.74 14.14 12.10 336.87 201.08 17.29 0.10
4.00 1593.88
816.40 16.14 12.00 9.43 334.51 201.31 20.84 0.00
0.00 1914.24
782.30 14.74 10.30 7.34 334.41 211.05 21.10 -0.10
0.00 2276.55
745.40 13.24 7.81 3.69 332.67 217.67 19.39 -0.20
0.00 2684.50
705.60 11.24 4.07 -3.02 328.33 218.56 17.13 -0.40
0.00 3144.43
662.90 8.14 0.75 -8.26 326.70 246.89 17.33 -0.50
0.00 3662.42
617.20 3.14 -2.37 -9.67 327.13 270.55 20.20 -0.60
0.00 4246.41
569.10 -2.86 -5.87 -10.08 328.00 284.32 18.84 -0.40
0.00 4896.68
522.50 -8.06 -9.90 -12.90 328.33 299.05 18.01 -0.10
0.00 5567.28
480.50 -11.96 -14.04 -18.48 328.54 276.61 13.50 0.20
0.00 6213.63
443.00 -15.36 -17.36 -22.54 330.41 263.77 10.74 0.20
0.00 6831.45
409.20 -19.36 -21.98 -33.06 329.82 265.60 12.67 0.20
0.00 7426.05
378.50 -22.96 -25.80 -48.80 330.74 254.62 16.12 0.20
0.00 8001.42
351.00 -26.46 -28.83 -52.95 333.05 249.68 16.78 0.10
0.00 8549.99
326.20 -29.86 -31.80 -55.95 335.33 246.88 18.80 0.00
0.00 9075.49
303.80 -33.16 -34.71 -56.53 337.57 243.43 18.69 0.00
0.00 9578.70
283.70 -36.86 -38.09 -62.52 338.80 255.36 22.28 0.00
0.00 10055.87
265.60 -40.56 -41.47 -63.02 339.84 249.73 26.92 0.00
0.00 10508.29
248.80 -44.16 -44.82 -63.51 340.89 246.80 28.11 0.00
0.00 10949.72
233.60 -47.06 -47.59 -66.97 342.64 248.35 27.37 0.00
0.00 11369.59
219.60 -49.36 -49.79 -67.41 345.20 251.69 27.84 0.00
0.00 11776.52
205.70 -51.26 -51.62 -67.88 348.72 255.67 27.47 0.00
0.00 12203.05
191.70 -53.36 -53.68 -73.19 352.40 259.83 28.61 0.00
0.00 12658.70
177.80 -55.86 -56.12 -73.70 355.97 264.84 28.09 0.00
0.00 13140.22
163.80 -58.76 -58.95 -74.24 359.54 265.60 22.79 0.00
0.00 13658.38
149.80 -61.76 -61.90 -74.84 363.68 247.25 19.58 0.00
0.00 14215.14
135.90 -64.46 -64.56 -75.48 369.16 237.60 23.93 0.00
0.00 14813.87
121.90 -65.76 -9999.00 -9999.00 -9999.00 237.31 27.70 0.00
0.00 15475.92
108.00 -65.46 -9999.00 -9999.00 -9999.00 250.64 22.86 0.00
0.00 16211.42
94.00 -64.16 -9999.00 -9999.00 -9999.00 251.57 13.52 0.00
0.00 17058.10
81.00 -62.16 -9999.00 -9999.00 -9999.00 240.46 6.70 0.00
0.00 17973.01
70.60 -60.96 -9999.00 -9999.00 -9999.00 81.87 1.38 0.00
0.00 18824.12
62.20 -58.86 -9999.00 -9999.00 -9999.00 115.20 7.30 0.00
0.00 19614.80
54.30 -58.76 -9999.00 -9999.00 -9999.00 126.87 5.83 0.00
0.00 20467.01
46.90 -56.96 -9999.00 -9999.00 -9999.00 93.18 7.01 0.00
0.00 21390.27
40.10 -55.36 -9999.00 -9999.00 -9999.00 91.76 12.63 0.00
0.00 22385.20
33.80 -53.66 -9999.00 -9999.00 -9999.00 88.26 12.82 0.00
0.00 23479.04
27.80 -50.36 -9999.00 -9999.00 -9999.00 82.32 17.44 0.00
0.00 24744.04
22.30 -48.56 -9999.00 -9999.00 -9999.00 85.11 22.80 0.00
0.00 26187.48
17.10 -46.06 -9999.00 -9999.00 -9999.00 78.23 28.57 0.00
0.00 27942.66
12.30 -43.26 -50.83 -89.89 807.85 79.02 39.76 0.00
0.00 30146.30

STID = KMDW STNM = 725340 TIME = 200809/1600 
SLAT = 41.78 SLON = -87.75 SELV = 183.0
STIM = 17

SHOW = -2.74 LIFT = -6.40 SWET = 248.77 KINX = 27.22
LCLP = 909.55 PWAT = 43.25 TOTL = 50.83 CAPE = 1747.69
LCLT = 293.50 CINS = -4.48 EQLV = 200.25 LFCT = 879.74
BRCH = 122.35

PRES TMPC TMWC DWPC THTE DRCT SKNT OMEG
CFRL HGHT
995.70 28.04 23.58 21.83 351.46 175.60 5.07 0.00
0.00 193.73
992.80 27.34 23.33 21.73 350.74 174.64 6.24 0.00
0.00 219.67
987.30 26.64 23.05 21.61 350.37 173.48 6.84 0.00
0.00 268.96
977.80 25.74 22.66 21.41 350.15 174.14 7.61 0.00
0.00 354.53
963.80 24.34 22.08 21.13 349.79 177.34 8.35 0.00
0.00 481.66
945.90 22.84 21.35 20.70 349.50 182.34 9.52 0.10
0.00 646.12
924.50 21.34 20.42 19.98 348.94 194.28 11.03 0.20
16.00 845.82
901.00 19.84 19.32 19.04 348.17 198.14 11.85 0.20
47.00 1069.31
875.70 18.64 17.64 17.14 345.51 199.54 12.78 0.20
39.00 1315.25
847.40 17.74 14.81 13.22 339.31 193.88 17.81 0.20
14.00 1597.56
816.30 16.34 12.34 9.91 335.67 198.60 21.31 0.10
2.00 1917.16
782.20 14.84 10.44 7.55 334.91 213.69 18.90 0.10
0.00 2279.75
745.30 13.24 7.96 4.00 333.13 224.10 17.58 0.10
0.00 2687.86
705.50 11.14 4.18 -2.57 328.69 225.00 16.49 0.00
0.00 3147.81
662.80 7.84 0.85 -7.41 327.03 264.62 16.59 -0.10
0.00 3665.57
617.20 2.84 -2.31 -8.96 327.32 278.13 16.49 -0.10
0.00 4247.77
569.10 -2.56 -5.76 -10.24 328.24 308.58 20.86 -0.10
0.00 4898.06
522.50 -7.66 -9.93 -13.74 328.25 315.00 18.12 0.00
0.00 5569.49
480.50 -11.56 -13.85 -18.74 328.91 281.66 12.49 0.20
0.00 6216.78
442.90 -14.96 -17.26 -23.36 330.61 267.58 13.81 0.20
0.00 6837.25
409.10 -19.26 -21.68 -31.11 330.40 270.00 12.24 0.20
0.00 7432.57
378.50 -22.96 -25.64 -44.20 331.05 259.82 15.38 0.10
0.00 8006.29
351.00 -26.56 -28.91 -52.95 332.92 254.15 16.36 0.10
0.00 8554.76
326.20 -29.86 -31.78 -54.68 335.37 243.43 18.69 0.00
0.00 9080.15
303.80 -33.16 -34.71 -56.53 337.57 235.71 20.69 0.00
0.00 9583.36
283.70 -36.86 -38.11 -65.55 338.76 247.05 23.41 -0.10
0.00 10060.53
265.60 -40.66 -41.56 -63.02 339.69 243.81 26.42 -0.10
0.00 10512.85
248.80 -44.16 -44.82 -63.51 340.89 239.86 27.86 -0.10
0.00 10954.19
233.60 -47.06 -47.59 -66.97 342.64 243.25 27.19 -0.10
0.00 11374.06
219.60 -49.36 -49.76 -64.44 345.24 250.19 28.09 -0.10
0.00 11780.99
205.70 -51.56 -51.91 -67.88 348.25 255.31 29.12 -0.10
0.00 12207.23
191.70 -54.16 -54.43 -68.39 351.16 260.78 30.30 -0.10
0.00 12661.75
177.70 -56.56 -56.79 -73.70 354.88 262.27 27.45 -0.10
0.00 13145.21
163.80 -58.86 -59.05 -74.24 359.37 261.21 21.62 -0.10
0.00 13658.86
149.80 -61.86 -9999.00 -9999.00 -9999.00 243.69 19.72 -0.10
0.00 14215.36
135.90 -64.56 -64.66 -75.48 368.98 238.28 25.12 0.00
0.00 14813.79
121.90 -66.26 -66.34 -76.19 377.52 240.91 27.56 0.00
0.00 15474.90
108.00 -65.36 -9999.00 -9999.00 -9999.00 247.65 22.47 0.00
0.00 16209.69
94.00 -63.16 -9999.00 -9999.00 -9999.00 235.30 12.28 0.10
0.00 17058.60
81.00 -61.36 -9999.00 -9999.00 -9999.00 242.65 6.33 0.00
0.00 17977.43
70.60 -60.66 -9999.00 -9999.00 -9999.00 22.62 2.53 0.00
0.00 18830.75
62.20 -58.66 -9999.00 -9999.00 -9999.00 104.04 4.00 0.00
0.00 19622.37
54.30 -58.66 -9999.00 -9999.00 -9999.00 95.71 3.90 0.00
0.00 20475.17
46.90 -56.96 -9999.00 -9999.00 -9999.00 82.06 8.43 0.00
0.00 21398.64
40.10 -55.36 -9999.00 -9999.00 -9999.00 89.05 11.65 0.00
0.00 22393.57
33.80 -52.56 -9999.00 -9999.00 -9999.00 71.57 12.90 0.00
0.00 23490.16
27.80 -49.86 -9999.00 -9999.00 -9999.00 81.12 18.88 0.00
0.00 24759.74
22.30 -48.16 -9999.00 -9999.00 -9999.00 83.44 22.09 0.00
0.00 26206.08
17.10 -44.76 -9999.00 -9999.00 -9999.00 75.69 29.06 0.00
0.00 27967.87
12.30 -42.66 -9999.00 -9999.00 -9999.00 81.83 36.89 0.00
0.00 30180.66

STID = KMDW STNM = 725340 TIME = 200809/1700 
SLAT = 41.78 SLON = -87.75 SELV = 183.0
STIM = 18

SHOW = -3.59 LIFT = -6.39 SWET = 277.11 KINX = 25.54
LCLP = 887.01 PWAT = 43.30 TOTL = 51.19 CAPE = 1953.06
LCLT = 292.87 CINS = -2.67 EQLV = 192.40 LFCT = 885.70
BRCH = 134.05

PRES TMPC TMWC DWPC THTE DRCT SKNT OMEG
CFRL HGHT
994.40 29.44 23.79 21.58 352.59 178.21 6.22 0.00
0.00 192.89
991.40 28.54 23.49 21.50 351.71 177.14 7.77 0.00
0.00 219.88
986.00 27.94 23.25 21.39 351.48 176.10 8.57 -0.10
0.00 268.54
976.50 26.94 22.84 21.20 351.17 175.24 9.36 -0.10
0.00 354.57
962.50 25.64 22.29 20.92 350.94 175.68 10.33 -0.20
0.00 482.39
944.60 23.94 21.55 20.55 350.60 176.93 10.90 -0.20
0.00 647.72
923.20 22.14 20.47 19.73 349.39 180.88 12.63 -0.20
0.00 848.31
899.90 20.44 19.27 18.72 348.16 185.26 14.82 -0.20
36.00 1070.69
874.60 18.44 17.86 17.54 346.55 187.13 15.66 -0.20
38.00 1317.12
846.30 17.14 15.51 14.65 342.10 189.46 20.09 -0.20
17.00 1599.52
815.30 15.54 12.94 11.43 337.90 192.09 22.24 -0.10
8.00 1917.93
781.20 14.94 10.58 7.74 335.52 209.05 16.01 0.10
2.00 2280.66
744.30 13.94 7.60 2.62 332.16 222.92 15.11 0.10
0.00 2689.81
704.70 11.84 3.84 -4.46 327.78 232.72 16.36 0.10
0.00 3148.97
662.10 8.04 0.88 -7.62 327.21 284.98 14.28 0.10
0.00 3666.81
616.60 3.14 -2.17 -8.98 327.76 304.06 16.65 0.10
0.00 4248.83
568.60 -2.66 -5.15 -8.38 329.76 316.60 24.59 0.10
0.00 4898.71
522.10 -7.56 -10.08 -14.44 328.00 319.25 16.67 0.10
0.00 5569.33
480.20 -11.16 -13.91 -20.03 328.85 275.79 13.48 0.10
0.00 6216.07
442.70 -15.16 -17.85 -25.81 329.50 272.76 16.14 0.10
0.00 6835.37
409.00 -19.26 -21.72 -31.42 330.35 270.95 11.65 0.10
0.00 7428.86
378.40 -23.26 -25.62 -39.47 331.17 263.91 14.65 0.10
0.00 8002.40
350.90 -26.56 -28.95 -55.35 332.86 259.63 16.20 0.00
0.00 8550.71
326.10 -30.06 -31.95 -54.68 335.13 241.52 20.77 0.00
0.00 9076.04
303.80 -33.66 -35.14 -56.53 336.87 232.52 22.03 0.00
0.00 9576.36
283.70 -37.26 -38.44 -62.52 338.23 238.86 21.79 0.00
0.00 10052.63
265.60 -40.76 -41.65 -63.02 339.55 239.68 23.85 0.00
0.00 10504.47
248.80 -44.06 -44.73 -63.51 341.03 237.44 27.43 0.00
0.00 10945.80
233.60 -47.06 -47.56 -63.98 342.69 242.90 27.72 0.00
0.00 11365.77
219.60 -49.36 -49.76 -64.44 345.24 251.95 27.58 -0.10
0.00 11772.70
205.70 -51.86 -52.20 -67.88 347.78 257.91 27.82 0.00
0.00 12198.66
191.70 -54.46 -54.64 -61.60 350.82 258.09 29.18 0.00
0.00 12652.56
177.70 -56.76 -56.89 -62.18 354.73 254.92 28.36 0.00
0.00 13135.47
163.80 -59.16 -59.31 -69.50 358.92 252.43 24.46 -0.10
0.00 13648.53
149.80 -62.16 -9999.00 -9999.00 -9999.00 238.95 21.10 -0.10
0.00 14204.25
135.90 -64.86 -9999.00 -9999.00 -9999.00 236.43 24.94 0.00
0.00 14801.83
121.90 -66.16 -9999.00 -9999.00 -9999.00 239.11 27.62 0.00
0.00 15462.61
108.00 -64.26 -9999.00 -9999.00 -9999.00 246.87 21.76 0.00
0.00 16199.52
94.00 -62.16 -9999.00 -9999.00 -9999.00 242.56 11.38 0.00
0.00 17052.71
81.00 -61.26 -9999.00 -9999.00 -9999.00 265.36 7.21 0.00
0.00 17973.93
70.60 -60.96 -9999.00 -9999.00 -9999.00 161.57 0.62 0.00
0.00 18826.85
62.20 -58.26 -9999.00 -9999.00 -9999.00 150.95 6.00 0.00
0.00 19618.65
54.30 -57.76 -9999.00 -9999.00 -9999.00 111.80 5.23 0.00
0.00 20474.04
46.90 -56.46 -9999.00 -9999.00 -9999.00 82.57 9.01 0.00
0.00 21400.51
40.10 -55.66 -9999.00 -9999.00 -9999.00 90.00 10.49 0.00
0.00 22395.89
33.80 -53.06 -9999.00 -9999.00 -9999.00 73.71 13.15 0.00
0.00 23490.49
27.80 -50.16 -9999.00 -9999.00 -9999.00 82.57 18.03 0.00
0.00 24757.77
22.30 -47.96 -9999.00 -9999.00 -9999.00 76.34 21.39 0.00
0.00 26203.79
17.10 -44.46 -9999.00 -9999.00 -9999.00 73.04 28.63 0.00
0.00 27967.53
12.30 -41.46 -9999.00 -9999.00 -9999.00 89.01 33.61 0.00
0.00 30187.55

STID = KMDW STNM = 725340 TIME = 200809/1800 
SLAT = 41.78 SLON = -87.75 SELV = 183.0
STIM = 19

SHOW = -4.20 LIFT = -6.66 SWET = 300.31 KINX = 25.02
LCLP = 869.89 PWAT = 43.90 TOTL = 51.87 CAPE = 2107.70
LCLT = 292.33 CINS = -0.42 EQLV = 188.13 LFCT = 876.39
BRCH = 109.80

PRES TMPC TMWC DWPC THTE DRCT SKNT OMEG
CFRL HGHT
994.00 30.54 23.93 21.35 353.28 178.64 8.16 0.00
0.00 192.03
991.00 29.64 23.64 21.28 352.43 177.88 10.49 0.00
0.00 219.12
985.50 29.04 23.40 21.17 352.23 177.18 11.87 -0.10
0.00 268.88
976.00 28.04 23.01 21.00 351.98 176.58 13.03 -0.10
0.00 355.25
962.10 26.64 22.42 20.72 351.62 176.86 14.20 -0.20
0.00 482.65
944.20 25.04 21.73 20.36 351.44 177.80 15.17 -0.20
0.00 648.61
922.80 23.04 20.84 19.90 351.09 178.60 15.93 -0.30
0.00 849.97
899.50 21.04 19.59 18.93 349.59 181.30 17.09 -0.20
2.00 1073.04
874.20 18.94 18.21 17.83 348.06 183.65 18.30 -0.10
42.00 1320.08
845.90 17.44 15.97 15.22 343.94 188.50 21.02 0.00
29.00 1603.07
814.80 15.44 13.59 12.56 340.31 190.53 22.32 0.10
18.00 1922.91
780.80 13.64 11.16 9.64 337.56 203.01 15.40 0.20
10.00 2284.13
744.00 14.54 7.25 1.20 331.06 222.71 13.75 0.20
1.00 2691.92
704.30 12.34 3.76 -5.42 327.56 243.43 12.59 0.10
0.00 3153.23
661.80 8.04 0.89 -7.59 327.28 294.44 11.73 -0.10
0.00 3670.53
616.30 3.34 -1.62 -7.59 329.20 313.83 20.20 -0.10
0.00 4253.10
568.40 -2.76 -4.87 -7.51 330.47 318.96 21.89 0.00
0.00 4902.14
521.90 -7.56 -10.20 -14.86 327.77 321.45 15.89 0.10
0.00 5572.91
480.00 -10.96 -14.20 -22.03 328.27 275.71 15.62 0.10
0.00 6220.09
442.60 -15.36 -18.43 -28.73 328.40 285.52 14.51 0.10
0.00 6837.85
408.90 -19.06 -21.74 -32.89 330.31 278.13 10.99 0.10
0.00 7431.41
378.40 -23.36 -25.64 -38.62 331.15 270.76 14.57 0.00
0.00 8003.25
350.90 -26.66 -29.08 -58.63 332.64 262.07 15.50 0.00
0.00 8551.34
326.10 -30.26 -32.10 -53.57 334.89 239.36 23.25 -0.10
0.00 9076.35
303.80 -33.86 -35.33 -58.00 336.55 230.07 23.31 -0.10
0.00 9576.25
283.70 -37.36 -38.55 -65.55 338.04 233.66 20.98 -0.10
0.00 10052.22
265.60 -40.76 -41.65 -63.02 339.55 237.75 23.66 -0.10
0.00 10503.96
248.80 -44.16 -44.82 -63.51 340.89 239.60 27.25 -0.10
0.00 10945.20
233.60 -47.16 -47.66 -63.98 342.53 248.12 27.62 -0.20
0.00 11364.98
219.60 -49.46 -49.86 -64.44 345.09 254.41 26.01 -0.10
0.00 11771.73
205.70 -52.06 -52.29 -59.64 347.64 255.86 26.24 -0.10
0.00 12197.40
191.70 -54.56 -54.69 -58.98 350.75 252.30 28.75 -0.10
4.00 12651.01
177.70 -57.26 -57.37 -62.18 353.91 250.71 28.81 -0.10
0.00 13133.25
163.80 -59.86 -59.95 -64.48 357.84 247.08 25.93 -0.10
0.00 13644.89
149.80 -62.56 -62.68 -74.84 362.30 232.17 23.12 0.00
0.00 14199.17
135.90 -64.86 -9999.00 -9999.00 -9999.00 232.35 25.76 0.00
0.00 14796.18
121.90 -65.36 -9999.00 -9999.00 -9999.00 240.31 27.06 0.00
0.00 15458.24
108.00 -63.06 -9999.00 -9999.00 -9999.00 254.74 22.14 0.00
0.00 16198.70
94.00 -61.66 -9999.00 -9999.00 -9999.00 250.17 12.59 0.00
0.00 17055.33
81.00 -61.36 -9999.00 -9999.00 -9999.00 251.97 8.78 0.00
0.00 17977.43
70.60 -61.16 -9999.00 -9999.00 -9999.00 178.15 6.02 0.00
0.00 18829.75
62.20 -58.96 -9999.00 -9999.00 -9999.00 169.70 6.51 0.00
0.00 19619.88
54.30 -58.16 -9999.00 -9999.00 -9999.00 94.76 4.68 0.00
0.00 20473.08
46.90 -56.56 -9999.00 -9999.00 -9999.00 86.10 8.57 0.00
0.00 21398.48
40.10 -55.16 -9999.00 -9999.00 -9999.00 81.70 9.42 0.00
0.00 22394.78
33.80 -52.56 -9999.00 -9999.00 -9999.00 62.80 15.73 0.00
0.00 23491.87
27.80 -50.66 -9999.00 -9999.00 -9999.00 75.43 20.07 0.00
0.00 24759.16
22.30 -47.66 -9999.00 -9999.00 -9999.00 81.15 23.99 0.00
0.00 26204.54
17.10 -43.86 -9999.00 -9999.00 -9999.00 80.93 28.32 0.00
0.00 27971.77
12.30 -40.96 -9999.00 -9999.00 -9999.00 85.63 30.59 0.00
0.00 30197.10

STID = KMDW STNM = 725340 TIME = 200809/1900 
SLAT = 41.78 SLON = -87.75 SELV = 183.0
STIM = 20

SHOW = -4.59 LIFT = -6.73 SWET = 458.48 KINX = 25.15
LCLP = 856.83 PWAT = 42.83 TOTL = 52.41 CAPE = 2242.17
LCLT = 291.95 CINS = -4.31 EQLV = 183.52 LFCT = 852.78
BRCH = 76.64

PRES TMPC TMWC DWPC THTE DRCT SKNT OMEG
CFRL HGHT
993.90 31.44 24.07 21.20 353.92 184.32 10.33 0.00
0.00 192.96
991.00 30.54 23.78 21.13 353.07 183.22 13.81 0.00
0.00 219.22
985.50 29.84 23.52 21.02 352.74 182.83 15.75 0.00
0.00 269.12
976.00 28.84 23.12 20.84 352.47 182.57 17.31 0.00
0.00 355.72
962.10 27.44 22.54 20.57 352.14 183.01 18.47 0.00
0.00 483.44
944.20 25.84 21.85 20.22 352.00 184.04 19.27 0.00
0.00 649.83
922.80 23.84 20.97 19.77 351.68 184.48 19.87 0.00
0.00 851.72
899.40 21.84 19.47 18.41 349.08 185.98 20.51 0.00
0.00 1076.32
874.20 19.94 17.99 17.07 347.17 187.59 20.57 0.00
29.00 1323.06
846.00 17.74 16.35 15.65 345.40 188.75 20.44 0.10
24.00 1605.64
814.80 15.64 14.01 13.12 341.83 191.53 19.42 0.30
24.00 1926.85
780.80 14.14 11.00 9.04 337.00 206.91 14.59 0.40
14.00 2288.50
744.00 15.64 6.74 -1.35 329.40 234.57 12.39 0.30
0.00 2697.27
704.40 12.54 3.75 -5.78 327.47 283.39 8.39 0.10
0.00 3158.28
661.80 8.44 1.33 -6.78 328.42 311.35 12.94 0.00
0.00 3677.32
616.30 3.54 -1.89 -8.74 328.48 310.83 20.80 -0.20
0.00 4260.51
568.40 -2.56 -5.53 -9.58 328.90 317.26 20.90 -0.20
0.00 4909.85
521.90 -7.66 -10.06 -14.19 328.07 313.36 14.43 0.00
0.00 5580.65
480.10 -10.76 -14.59 -25.02 327.41 283.24 16.96 0.10
0.00 6226.31
442.60 -15.06 -18.31 -29.41 328.61 298.11 16.08 -0.10
0.00 6846.18
408.90 -19.26 -21.66 -30.97 330.48 290.06 13.03 -0.20
0.00 7439.87
378.40 -24.06 -25.83 -34.59 330.88 282.26 13.71 -0.30
0.00 8010.74
350.90 -27.36 -29.54 -51.95 331.91 263.85 12.70 -0.20
0.00 8557.33
326.10 -30.96 -32.64 -51.68 334.01 241.31 21.04 0.00
0.00 9080.84
303.80 -34.06 -35.48 -56.53 336.31 228.72 23.27 0.00
0.00 9579.81
283.70 -37.36 -38.55 -65.55 338.04 232.43 22.30 0.00
0.00 10055.58
265.60 -40.86 -41.74 -63.02 339.40 241.28 25.47 0.00
0.00 10507.23
248.80 -44.36 -44.98 -61.32 340.63 248.12 27.62 0.00
0.00 10948.18
233.60 -47.46 -47.89 -60.07 342.17 252.67 25.43 0.00
0.00 11367.50
219.60 -49.76 -50.09 -60.55 344.71 254.12 23.43 0.00
0.00 11773.72
205.70 -52.26 -52.48 -59.64 347.33 250.20 25.82 0.00
0.00 12198.91
191.70 -54.86 -55.03 -61.60 350.18 246.19 28.87 0.00
7.00 12652.00
177.70 -57.56 -57.74 -68.92 353.28 244.27 29.97 0.00
0.00 13133.57
163.80 -60.06 -60.19 -69.50 357.41 239.86 27.86 0.00
0.00 13644.60
149.80 -62.16 -62.26 -70.13 363.04 228.54 26.69 0.10
0.00 14199.15
135.90 -63.96 -9999.00 -9999.00 -9999.00 232.22 29.49 0.10
0.00 14798.01
121.90 -64.06 -9999.00 -9999.00 -9999.00 243.27 29.80 0.10
0.00 15463.57
108.00 -62.96 -9999.00 -9999.00 -9999.00 257.74 22.86 0.00
0.00 16206.51
94.00 -62.36 -9999.00 -9999.00 -9999.00 252.96 12.59 0.00
0.00 17061.92
81.00 -62.36 -9999.00 -9999.00 -9999.00 241.70 8.61 0.00
0.00 17980.32
70.60 -61.76 -9999.00 -9999.00 -9999.00 178.81 9.32 0.00
0.00 18829.42
62.20 -59.46 -9999.00 -9999.00 -9999.00 184.76 7.01 0.00
0.00 19617.50
54.30 -58.16 -9999.00 -9999.00 -9999.00 96.01 3.71 0.00
0.00 20469.71
46.90 -56.56 -9999.00 -9999.00 -9999.00 79.99 6.70 0.00
0.00 21395.12
40.10 -55.06 -9999.00 -9999.00 -9999.00 56.89 10.66 0.00
0.00 22391.64
33.80 -52.46 -9999.00 -9999.00 -9999.00 70.59 18.12 0.00
0.00 23489.24
27.80 -50.86 -9999.00 -9999.00 -9999.00 82.87 20.36 0.00
0.00 24756.24
22.30 -47.96 -9999.00 -9999.00 -9999.00 84.19 23.04 0.00
0.00 26200.00
17.10 -45.06 -9999.00 -9999.00 -9999.00 84.84 28.09 0.00
0.00 27961.40
12.30 -41.96 -9999.00 -9999.00 -9999.00 92.26 29.55 0.00
0.00 30176.12

STID = KMDW STNM = 725340 TIME = 200809/2000 
SLAT = 41.78 SLON = -87.75 SELV = 183.0
STIM = 21

SHOW = -5.06 LIFT = -7.34 SWET = 474.14 KINX = 25.94
LCLP = 858.90 PWAT = 42.22 TOTL = 53.36 CAPE = 2390.58
LCLT = 292.21 CINS = -6.45 EQLV = 181.20 LFCT = 853.22
BRCH = 64.34

PRES TMPC TMWC DWPC THTE DRCT SKNT OMEG
CFRL HGHT
993.10 31.44 24.21 21.42 354.73 185.91 11.32 0.00
0.00 192.97
990.20 30.54 23.92 21.34 353.84 185.06 15.40 0.00
0.00 219.26
984.70 29.74 23.63 21.24 353.42 185.02 17.75 0.00
0.00 269.19
975.20 28.74 23.23 21.06 353.15 185.19 19.31 0.00
0.00 355.84
961.30 27.44 22.69 20.79 352.95 186.04 20.32 0.00
0.00 483.67
943.40 25.74 21.98 20.45 352.71 186.40 20.92 0.00
0.00 650.20
922.00 23.84 21.12 19.98 352.46 187.45 20.96 0.00
0.00 852.25
898.70 22.04 19.49 18.36 349.30 189.20 20.67 0.00
0.00 1076.16
873.50 20.04 18.11 17.21 347.80 192.22 19.27 0.10
0.00 1323.23
845.30 17.84 16.34 15.59 345.48 195.26 17.72 0.30
27.00 1606.14
814.20 16.14 13.75 12.43 340.97 204.93 15.21 0.40
14.00 1926.85
780.20 15.24 10.52 7.41 335.46 224.42 13.60 0.30
19.00 2289.62
743.50 16.44 6.29 -3.75 328.01 246.54 11.23 0.20
0.00 2698.70
703.90 12.54 3.83 -5.50 327.78 287.35 6.51 0.10
0.00 3160.58
661.40 8.64 1.52 -6.46 328.99 299.74 14.10 -0.10
0.00 3678.96
616.00 3.64 -2.38 -10.57 327.27 317.12 18.55 -0.30
0.00 4261.43
568.20 -2.26 -5.86 -11.06 328.15 322.88 18.03 -0.30
0.00 4910.01
521.70 -7.76 -9.76 -13.01 328.79 309.81 15.17 -0.20
0.00 5581.29
479.90 -11.46 -14.72 -23.07 327.25 293.90 16.78 -0.10
0.00 6226.31
442.50 -15.46 -18.48 -28.60 328.33 308.26 17.56 -0.10
0.00 6843.46
408.80 -19.76 -21.70 -28.57 330.49 305.96 12.24 -0.10
0.00 7436.30
378.30 -24.56 -25.90 -31.93 330.82 278.91 10.02 -0.10
0.00 8006.23
350.80 -27.56 -29.67 -50.23 331.74 248.05 14.02 0.00
0.00 8552.23
326.10 -31.16 -32.59 -45.56 334.13 241.14 21.74 0.10
0.00 9073.30
303.80 -33.86 -35.36 -59.76 336.50 236.57 23.97 0.20
0.00 9572.28
283.70 -37.16 -38.37 -65.55 338.33 243.06 26.59 0.10
0.00 10048.45
265.60 -41.06 -41.87 -59.06 339.20 251.44 29.29 0.10
0.00 10500.10
248.80 -44.56 -45.12 -58.13 340.42 253.69 24.90 0.00
0.00 10940.67
233.60 -47.36 -47.77 -58.63 342.36 249.93 21.50 0.00
0.00 11359.91
219.60 -49.76 -50.07 -59.12 344.76 245.43 22.44 0.00
0.00 11766.22
205.70 -52.16 -52.41 -61.06 347.44 240.78 26.26 0.00
0.00 12191.51
191.70 -54.66 -54.91 -68.39 350.36 241.27 29.91 0.10
0.00 12644.90
177.70 -57.46 -57.67 -73.70 353.40 241.99 31.02 0.10
0.00 13126.80
163.80 -59.66 -59.83 -74.24 358.03 237.36 29.53 0.10
0.00 13638.42
149.80 -61.66 -61.77 -70.13 363.90 230.05 29.64 0.10
0.00 14194.14
135.90 -63.26 -63.38 -75.48 371.28 238.17 33.16 0.10
0.00 14794.72
121.90 -63.66 -9999.00 -9999.00 -9999.00 250.44 31.33 0.00
0.00 15462.02
108.00 -63.26 -9999.00 -9999.00 -9999.00 263.20 21.33 0.00
0.00 16205.14
94.00 -62.86 -9999.00 -9999.00 -9999.00 238.11 10.30 0.00
0.00 17058.93
81.00 -62.66 -9999.00 -9999.00 -9999.00 223.32 9.34 0.00
0.00 17975.59
70.60 -61.46 -9999.00 -9999.00 -9999.00 197.28 9.15 0.00
0.00 18824.68
62.20 -58.96 -9999.00 -9999.00 -9999.00 238.57 4.10 0.00
0.00 19614.25
54.30 -58.66 -9999.00 -9999.00 -9999.00 32.28 4.37 0.00
0.00 20466.46
46.90 -57.36 -9999.00 -9999.00 -9999.00 57.99 7.32 0.00
0.00 21389.08
40.10 -55.36 -9999.00 -9999.00 -9999.00 59.18 12.90 0.00
0.00 22383.09
33.80 -52.46 -9999.00 -9999.00 -9999.00 84.81 19.31 0.00
0.00 23479.93
27.80 -50.76 -9999.00 -9999.00 -9999.00 85.19 20.86 0.00
0.00 24747.22
22.30 -47.86 -9999.00 -9999.00 -9999.00 79.88 22.11 0.00
0.00 26191.62
17.10 -44.86 -9999.00 -9999.00 -9999.00 86.51 25.49 0.00
0.00 27954.19
12.30 -42.46 -9999.00 -9999.00 -9999.00 86.82 28.01 0.00
0.00 30167.46
STN YYMMDD/HHMM PMSL PRES SKTC STC1 SNFL WTNS
P01M C01M STC2 LCLD MCLD HCLD
SNRA UWND VWND R01M BFGR T2MS
Q2MS WXTS WXTP WXTZ WXTR USTM
VSTM HLCY SLLH WSYM CDBP VSBK
TD2M
725340 200808/2300 1017.40 996.20 32.74 305.90 -9999.00 0.00
-9999.00 -9999.00 306.00 22.00 0.00 0.00
-9999.00 -0.80 5.00 -9999.00 -9999.00 29.14
15.37 0.00 0.00 0.00 0.00 -0.90
-4.20 58.70 -9999.00 999.00 -9999.00 20.00
20.38
725340 200809/0000 1017.50 996.30 29.64 302.80 0.00 100.00
0.00 0.00 303.30 18.00 0.00 0.00
-9999.00 -0.40 4.90 -9999.00 -9999.00 28.14
15.36 0.00 0.00 0.00 0.00 -1.80
-3.10 80.00 -9999.00 999.00 -9999.00 20.00
20.37
725340 200809/0100 1017.50 996.30 26.74 299.90 0.00 100.00
0.00 0.00 300.50 7.00 0.00 0.00
-9999.00 0.20 4.40 -9999.00 -9999.00 26.64
15.76 0.00 0.00 0.00 0.00 -2.00
-2.40 89.20 -9999.00 999.00 -9999.00 20.00
20.77
725340 200809/0200 1017.90 996.70 25.24 298.40 0.00 100.00
0.00 0.00 298.90 13.00 0.00 0.00
-9999.00 0.40 3.90 -9999.00 -9999.00 25.44
16.18 0.00 0.00 0.00 0.00 -2.50
-1.60 114.30 -9999.00 999.00 -9999.00 20.00
21.20
725340 200809/0300 1018.50 997.20 24.44 297.60 0.00 100.00
0.00 0.00 298.00 23.00 0.00 0.00
-9999.00 0.30 3.00 -9999.00 -9999.00 24.74
16.39 0.00 0.00 0.00 0.00 -2.80
-0.40 126.30 -9999.00 999.00 -9999.00 20.00
21.41
725340 200809/0400 1019.10 997.70 23.54 296.70 0.00 100.00
0.00 0.00 297.10 26.00 0.00 0.00
-9999.00 0.00 2.00 -9999.00 -9999.00 23.74
16.70 0.00 0.00 0.00 0.00 -3.10
0.90 119.40 -9999.00 999.00 -9999.00 20.00
21.72
725340 200809/0500 1018.50 997.20 23.34 296.50 0.00 100.00
0.00 0.00 296.80 59.00 0.00 0.00
-9999.00 -0.10 2.60 -9999.00 -9999.00 23.54
16.78 0.00 0.00 0.00 0.00 -3.20
0.90 101.50 -9999.00 999.00 901.30 20.00
21.78
725340 200809/0600 1018.50 997.10 23.04 296.20 0.00 100.00
0.00 0.00 296.40 63.00 0.00 0.00
-9999.00 0.20 3.00 -9999.00 -9999.00 23.34
16.71 0.00 0.00 0.00 0.00 -3.50
2.60 76.10 -9999.00 999.00 -9999.00 20.00
21.72
725340 200809/0700 1017.90 996.50 22.44 295.60 0.00 100.00
0.00 0.00 295.90 30.00 0.00 0.00
-9999.00 0.70 3.40 -9999.00 -9999.00 23.04
16.40 0.00 0.00 0.00 0.00 -3.50
4.00 55.20 -9999.00 999.00 -9999.00 20.00
21.41
725340 200809/0800 1017.40 996.00 22.24 295.40 0.00 100.00
0.00 0.00 295.60 45.00 0.00 0.00
-9999.00 0.50 2.60 -9999.00 -9999.00 22.64
16.25 0.00 0.00 0.00 0.00 -3.10
4.60 41.10 -9999.00 999.00 -9999.00 20.00
21.25
725340 200809/0900 1016.70 995.40 22.24 295.40 0.00 100.00
0.00 0.00 295.50 100.00 0.00 0.00
-9999.00 0.70 1.70 -9999.00 -9999.00 22.34
16.20 0.00 0.00 0.00 0.00 -2.40
5.40 47.30 -9999.00 999.00 899.80 20.00
21.20
725340 200809/1000 1017.10 995.70 22.04 295.20 0.00 100.00
0.00 0.00 295.30 76.00 0.00 0.00
-9999.00 0.10 1.40 -9999.00 -9999.00 22.14
16.17 0.00 0.00 0.00 0.00 -2.00
3.20 37.20 -9999.00 999.00 -9999.00 20.00
21.17
725340 200809/1100 1018.10 996.80 21.64 294.80 0.00 100.00
0.00 0.00 295.00 41.00 0.00 0.00
-9999.00 0.10 1.60 -9999.00 -9999.00 21.64
15.92 0.00 0.00 0.00 0.00 -1.80
3.60 60.50 -9999.00 999.00 901.00 20.00
20.94
725340 200809/1200 1018.60 997.20 22.54 295.70 0.00 100.00
0.00 0.00 295.70 49.00 0.00 0.00
-9999.00 0.10 1.90 -9999.00 -9999.00 22.24
15.99 0.00 0.00 0.00 0.00 -1.60
4.00 44.70 -9999.00 999.00 -9999.00 20.00
21.02
725340 200809/1300 1018.10 996.80 24.44 297.60 0.00 100.00
0.00 0.00 297.20 13.00 0.00 0.00
-9999.00 0.80 2.70 -9999.00 -9999.00 23.44
16.43 0.00 0.00 0.00 0.00 -1.30
2.50 8.10 -9999.00 999.00 -9999.00 20.00
21.44
725340 200809/1400 1018.20 996.90 27.14 300.30 0.00 100.00
0.00 0.00 299.60 24.00 0.00 0.00
-9999.00 0.70 2.80 -9999.00 -9999.00 25.14
17.28 0.00 0.00 0.00 0.00 -1.00
1.80 15.60 -9999.00 999.00 -9999.00 20.00
22.25
725340 200809/1500 1018.30 997.00 30.64 303.80 0.00 100.00
0.00 0.00 302.60 27.00 0.00 0.00
-9999.00 0.00 3.00 -9999.00 -9999.00 26.64
17.29 0.00 0.00 0.00 0.00 0.90
-1.50 50.30 -9999.00 999.00 -9999.00 20.00
22.26
725340 200809/1600 1018.10 996.90 35.74 308.90 0.00 100.00
0.00 0.00 307.00 47.00 0.00 0.00
-9999.00 -0.90 3.00 -9999.00 -9999.00 28.64
16.96 0.00 0.00 0.00 0.00 1.40
-3.70 79.30 -9999.00 999.00 -9999.00 20.00
21.95
725340 200809/1700 1016.60 995.50 38.54 311.70 0.00 100.00
0.00 0.00 310.00 38.00 0.00 0.00
-9999.00 -0.90 3.50 -9999.00 -9999.00 30.14
16.66 0.00 0.00 0.00 0.00 0.20
-4.00 92.90 -9999.00 999.00 -9999.00 20.00
21.64
725340 200809/1800 1016.10 995.00 39.04 312.20 0.00 100.00
0.00 0.00 310.90 42.00 4.00 0.00
-9999.00 -0.60 4.50 -9999.00 -9999.00 31.24
16.42 0.00 0.00 0.00 0.00 -2.10
-2.40 90.10 -9999.00 999.00 -9999.00 20.00
21.40
725340 200809/1900 1016.10 995.00 40.04 313.20 0.00 100.00
0.00 0.00 312.00 29.00 7.00 0.00
-9999.00 0.20 5.80 -9999.00 -9999.00 32.24
16.26 0.00 0.00 0.00 0.00 -2.80
-1.20 84.30 -9999.00 999.00 -9999.00 20.00
21.25
725340 200809/2000 1015.30 994.20 39.74 312.90 0.00 100.00
0.00 0.00 312.10 27.00 0.00 0.00
-9999.00 0.50 6.40 -9999.00 -9999.00 32.24
16.48 0.00 0.00 0.00 0.00 -3.00
-0.70 78.80 -9999.00 999.00 -9999.00 20.00
21.45


