
SNPARM = PRES;TMPC;TMWC;DWPC;THTE;DRCT;SKNT;OMEG;CFRL;HGHT 
STNPRM = SHOW;LIFT;SWET;KINX;LCLP;PWAT;TOTL;CAPE;LCLT;CINS;EQLV;LFCT;BRCH 

STID = KMDW STNM = 725340 TIME = 200809/1600 
SLAT = 41.78 SLON = -87.75 SELV = 183.0
STIM = 0

SHOW = -1.02 LIFT = -3.83 SWET = 177.70 KINX = 24.48
LCLP = 884.34 PWAT = 37.86 TOTL = 48.88 CAPE = 562.02
LCLT = 291.30 CINS = -95.55 EQLV = 291.99 LFCT = 636.51
BRCH = 243.01

PRES TMPC TMWC DWPC THTE DRCT SKNT OMEG
CFRL HGHT
995.10 28.14 22.45 20.05 346.38 185.04 6.62 0.00
0.00 191.94
992.10 27.44 22.14 19.88 345.51 181.36 8.16 0.00
0.00 218.77
986.60 26.94 21.87 19.69 345.20 181.27 8.74 -0.10
0.00 268.08
977.20 26.04 21.27 19.18 344.12 182.49 8.94 -0.10
0.00 352.79
963.20 24.64 20.39 18.47 342.63 183.65 9.15 -0.20
0.00 479.95
945.30 22.84 19.70 18.26 342.60 183.58 9.34 -0.20
0.00 644.35
924.00 21.14 18.45 17.15 340.91 185.81 11.52 -0.10
0.00 842.87
900.60 20.24 17.24 15.73 339.88 183.42 13.03 -0.10
1.00 1065.23
875.40 18.94 15.69 13.96 338.06 180.00 12.63 -0.10
2.00 1310.19
847.10 17.24 13.64 11.54 335.21 183.18 14.01 -0.10
2.00 1592.17
816.00 15.74 12.20 10.04 335.25 202.80 14.53 -0.10
0.00 1911.17
782.00 13.64 10.98 9.32 336.74 219.29 13.81 -0.10
1.00 2271.82
745.00 11.44 7.79 5.12 332.75 209.85 13.66 -0.20
3.00 2679.22
705.20 9.44 2.65 -4.76 324.64 194.04 16.03 -0.10
0.00 3136.53
662.60 7.54 0.06 -9.70 325.00 191.45 15.66 -0.10
0.00 3651.24
617.00 2.74 -2.47 -9.30 326.97 225.81 9.75 -0.20
0.00 4233.10
568.90 -2.76 -5.99 -10.62 327.74 271.25 8.94 -0.10
0.00 4883.22
522.30 -8.06 -11.54 -18.98 324.86 273.47 6.43 0.00
0.00 5553.95
480.40 -11.46 -15.82 -31.22 324.88 234.12 11.27 0.10
0.00 6199.10
442.90 -13.56 -18.35 -46.02 328.18 236.49 17.25 0.20
0.00 6819.31
409.10 -18.36 -22.08 -47.41 329.46 252.01 15.73 0.20
0.00 7416.99
378.50 -22.16 -25.16 -48.10 331.84 270.80 13.99 0.20
0.00 7992.53
351.00 -25.26 -27.87 -52.95 334.67 277.35 18.22 0.10
0.00 8543.31
326.20 -28.16 -30.36 -53.57 337.76 282.63 23.10 0.00
0.00 9071.92
303.80 -31.66 -33.28 -50.03 339.98 281.39 28.54 -0.10
0.00 9578.48
283.70 -35.06 -36.46 -58.54 341.47 282.33 30.03 -0.20
0.00 10058.97
265.60 -38.76 -39.82 -60.81 342.51 279.26 27.76 -0.20
0.00 10514.86
248.80 -42.36 -43.09 -58.13 343.70 279.16 24.40 -0.20
0.00 10959.74
233.60 -45.36 -45.92 -60.07 345.35 291.61 21.10 -0.20
0.00 11382.85
219.60 -48.26 -48.70 -62.27 346.98 314.27 21.43 -0.20
0.00 11792.32
205.70 -51.46 -51.79 -64.93 348.45 325.57 20.96 -0.20
0.00 12219.71
191.70 -54.66 -54.91 -68.39 350.36 313.45 15.25 -0.10
0.00 12673.82
177.70 -57.66 -57.86 -73.70 353.07 272.07 16.14 0.00
0.00 13155.50
163.80 -59.96 -60.12 -74.24 357.53 268.28 25.85 0.10
0.00 13666.53
149.80 -62.16 -9999.00 -9999.00 -9999.00 273.96 25.31 0.10
0.00 14221.20
135.90 -63.76 -9999.00 -9999.00 -9999.00 260.37 22.07 0.00
0.00 14820.34
121.90 -65.46 -9999.00 -9999.00 -9999.00 243.23 24.15 0.00
0.00 15483.99
108.00 -65.86 -9999.00 -9999.00 -9999.00 256.61 20.96 0.00
0.00 16219.31
94.00 -64.26 -9999.00 -9999.00 -9999.00 251.20 9.63 0.00
0.00 17064.97
81.00 -63.76 -9999.00 -9999.00 -9999.00 210.76 9.50 0.00
0.00 17976.18
70.60 -61.56 -9999.00 -9999.00 -9999.00 192.34 6.37 0.00
0.00 18822.87
62.20 -59.96 -9999.00 -9999.00 -9999.00 109.98 2.27 0.00
0.00 19610.40
54.30 -57.76 -9999.00 -9999.00 -9999.00 57.09 7.87 0.00
0.00 20462.41
46.90 -56.06 -9999.00 -9999.00 -9999.00 72.96 12.59 0.00
0.00 21389.74
40.10 -54.36 -9999.00 -9999.00 -9999.00 79.18 13.44 0.00
0.00 22389.02
33.80 -52.06 -9999.00 -9999.00 -9999.00 71.57 11.67 0.00
0.00 23489.37
27.80 -50.16 -9999.00 -9999.00 -9999.00 65.43 14.96 0.00
0.00 24759.52
22.30 -48.66 -9999.00 -9999.00 -9999.00 74.65 20.55 0.00
0.00 26203.28
17.10 -45.96 -9999.00 -9999.00 -9999.00 80.98 24.79 0.00
0.00 27958.46
12.30 -43.26 -50.83 -89.89 807.85 78.47 30.13 0.00
0.00 30162.58

STID = KMDW STNM = 725340 TIME = 200809/1700 
SLAT = 41.78 SLON = -87.75 SELV = 183.0
STIM = 1

SHOW = -1.00 LIFT = -4.41 SWET = 182.64 KINX = 26.21
LCLP = 853.46 PWAT = 38.64 TOTL = 48.96 CAPE = 598.93
LCLT = 289.91 CINS = -40.14 EQLV = 283.42 LFCT = 756.65
BRCH = 119.92

PRES TMPC TMWC DWPC THTE DRCT SKNT OMEG
CFRL HGHT
994.80 29.74 22.38 19.21 346.02 175.36 7.21 0.00
0.00 191.98
991.70 28.84 22.06 19.11 345.13 172.73 9.21 0.00
0.00 219.85
986.20 28.14 21.78 19.00 344.81 172.33 10.20 -0.10
0.00 269.37
976.80 27.14 21.36 18.82 344.53 173.12 11.34 -0.10
0.00 354.42
962.80 25.84 20.78 18.52 344.26 174.47 12.10 -0.10
0.00 482.11
944.90 24.14 20.01 18.14 343.91 175.67 12.86 -0.10
0.00 647.27
923.60 22.24 19.05 17.56 343.36 178.49 14.76 -0.10
0.00 846.70
900.30 20.64 17.43 15.83 340.65 182.10 15.95 -0.10
0.00 1068.78
875.00 18.54 16.08 14.80 339.57 184.71 16.57 -0.10
8.00 1314.86
846.80 17.34 13.49 11.22 334.73 185.97 16.80 -0.10
3.00 1595.85
815.70 15.74 12.15 9.96 335.14 202.19 15.95 -0.10
0.00 1915.00
781.70 13.54 11.39 10.08 338.17 220.10 14.47 0.00
0.00 2275.77
744.70 11.04 8.37 6.52 334.61 216.70 13.33 0.10
7.00 2683.14
704.90 9.14 3.14 -2.97 326.03 201.56 16.92 0.20
0.00 3140.25
662.30 7.54 -0.27 -11.00 324.18 198.22 16.16 0.20
0.00 3654.95
616.70 2.74 -2.53 -9.51 326.86 223.49 10.45 0.10
0.00 4237.03
568.70 -2.86 -5.91 -10.21 327.97 262.23 8.62 0.00
0.00 4885.96
522.20 -8.16 -11.39 -18.02 325.22 258.69 5.94 -0.10
0.00 5555.23
480.30 -11.56 -15.92 -31.58 324.70 230.95 13.25 0.00
0.00 6200.29
442.80 -13.76 -18.45 -44.81 328.02 235.62 17.89 0.10
0.00 6820.28
409.10 -18.06 -21.76 -44.45 330.04 248.04 13.00 0.20
0.00 7416.39
378.50 -21.26 -24.51 -49.57 332.95 268.12 11.85 0.20
0.00 7993.30
351.00 -24.36 -27.18 -54.07 335.85 285.95 16.98 0.10
0.00 8546.06
326.20 -27.86 -30.07 -51.68 338.25 291.61 22.14 0.00
0.00 9075.96
303.80 -31.36 -33.01 -49.38 340.44 298.05 26.85 0.00
0.00 9583.14
283.70 -34.86 -36.18 -52.86 341.97 297.54 25.62 0.10
0.00 10064.15
265.60 -38.46 -39.42 -53.42 343.21 290.97 22.26 0.10
0.00 10520.54
248.80 -42.16 -42.88 -56.89 344.04 303.14 16.71 0.00
0.00 10965.91
233.60 -45.86 -46.39 -60.07 344.59 328.51 18.22 -0.20
0.00 11388.74
219.60 -49.06 -49.45 -62.27 345.75 334.23 18.76 -0.20
0.00 11797.03
205.70 -52.06 -52.34 -62.77 347.55 330.87 13.56 -0.10
0.00 12223.09
191.70 -54.76 -55.01 -68.39 350.20 284.28 11.03 0.00
0.00 12676.48
177.70 -57.56 -57.76 -73.70 353.24 257.24 21.11 0.10
0.00 13158.15
163.80 -60.06 -60.22 -74.24 357.36 266.27 26.86 0.10
0.00 13669.18
149.80 -62.06 -62.19 -74.84 363.16 271.49 22.34 0.00
0.00 14223.85
135.90 -64.16 -9999.00 -9999.00 -9999.00 255.82 19.04 0.00
0.00 14822.57
121.90 -66.16 -9999.00 -9999.00 -9999.00 241.19 22.16 -0.10
0.00 15484.47
108.00 -66.46 -9999.00 -9999.00 -9999.00 251.74 20.45 0.00
0.00 16217.49
94.00 -64.36 -9999.00 -9999.00 -9999.00 237.99 10.99 0.00
0.00 17061.73
81.00 -63.16 -9999.00 -9999.00 -9999.00 217.57 12.74 0.00
0.00 17974.02
70.60 -60.26 -9999.00 -9999.00 -9999.00 221.05 7.98 0.00
0.00 18824.53
62.20 -59.16 -9999.00 -9999.00 -9999.00 270.00 0.19 0.00
0.00 19615.96
54.30 -57.56 -9999.00 -9999.00 -9999.00 57.65 6.90 0.00
0.00 20469.95
46.90 -56.66 -9999.00 -9999.00 -9999.00 64.75 11.38 0.00
0.00 21396.43
40.10 -55.46 -9999.00 -9999.00 -9999.00 64.93 13.29 0.00
0.00 22391.81
33.80 -53.36 -9999.00 -9999.00 -9999.00 59.04 14.72 0.00
0.00 23486.15
27.80 -51.16 -9999.00 -9999.00 -9999.00 66.96 18.36 0.00
0.00 24749.72
22.30 -48.56 -9999.00 -9999.00 -9999.00 80.54 22.46 0.00
0.00 26190.58
17.10 -44.56 -9999.00 -9999.00 -9999.00 82.16 27.06 0.00
0.00 27951.59
12.30 -42.36 -50.35 -89.89 811.01 76.74 31.33 0.00
0.00 30166.80

STID = KMDW STNM = 725340 TIME = 200809/1800 
SLAT = 41.78 SLON = -87.75 SELV = 183.0
STIM = 2

SHOW = -1.91 LIFT = -4.77 SWET = 219.00 KINX = 26.04
LCLP = 837.80 PWAT = 38.41 TOTL = 50.08 CAPE = 653.89
LCLT = 289.39 CINS = -35.93 EQLV = 244.73 LFCT = 753.25
BRCH = 97.93

PRES TMPC TMWC DWPC THTE DRCT SKNT OMEG
CFRL HGHT
994.20 30.74 22.50 18.96 346.62 177.40 8.55 0.00
0.00 192.92
991.30 29.84 22.19 18.87 345.74 175.99 11.09 0.00
0.00 219.08
985.80 29.04 21.89 18.76 345.30 175.46 12.28 -0.10
0.00 268.78
976.30 28.04 21.47 18.58 345.03 175.03 13.46 -0.10
0.00 355.01
962.40 26.74 20.89 18.28 344.76 176.13 14.41 -0.20
0.00 482.22
944.50 25.04 20.12 17.89 344.39 177.06 15.17 -0.20
0.00 647.92
923.20 23.04 19.17 17.38 343.91 178.60 15.93 -0.30
0.00 847.99
899.90 21.04 17.85 16.30 342.35 181.95 17.11 -0.30
0.00 1070.64
874.60 19.14 16.13 14.57 339.82 186.34 17.60 -0.30
6.00 1317.27
846.40 17.34 14.05 12.18 336.74 189.36 17.91 -0.20
5.00 1598.72
815.30 16.14 12.00 9.42 334.66 200.16 16.36 -0.10
0.00 1918.28
781.30 13.64 11.38 10.01 338.22 214.59 13.69 0.10
0.00 2279.50
744.40 11.24 8.15 5.97 333.98 213.23 13.46 0.30
0.00 2686.12
704.60 9.84 3.27 -3.48 326.39 209.36 17.83 0.40
1.00 3144.08
662.10 8.04 -0.27 -12.04 324.15 212.69 15.46 0.30
0.00 3658.81
616.60 2.84 -2.29 -8.90 327.47 234.83 10.45 0.20
0.00 4240.36
568.60 -2.86 -5.91 -10.21 327.99 257.74 9.15 0.00
0.00 4889.55
522.00 -8.36 -11.37 -17.44 325.30 247.89 6.70 0.00
0.00 5560.21
480.20 -11.56 -15.99 -32.34 324.58 242.53 16.41 0.00
0.00 6203.69
442.70 -13.86 -18.49 -43.72 328.00 243.20 21.54 0.00
0.00 6823.69
409.00 -17.96 -21.69 -44.46 330.19 247.54 15.77 0.00
0.00 7419.94
378.50 -21.06 -24.38 -50.40 333.17 261.31 14.14 0.00
0.00 7995.37
350.90 -24.46 -27.26 -54.07 335.74 287.74 15.29 -0.10
0.00 8550.34
326.20 -27.96 -30.13 -50.86 338.16 300.22 20.45 -0.20
0.00 9077.96
303.80 -31.46 -32.99 -46.67 340.50 315.00 21.97 -0.10
0.00 9584.95
283.70 -34.86 -36.00 -47.76 342.30 313.34 18.96 0.00
0.00 10065.87
265.60 -38.36 -39.28 -51.87 343.44 307.33 14.41 0.10
0.00 10522.37
248.80 -42.56 -43.32 -61.32 343.31 345.12 12.86 0.10
0.00 10967.45
233.60 -45.96 -46.51 -61.80 344.40 325.84 13.15 0.00
0.00 11389.82
219.60 -49.16 -49.55 -62.27 345.60 316.93 12.24 0.00
0.00 11797.93
205.70 -52.06 -52.34 -62.77 347.55 308.45 8.43 0.10
0.00 12223.89
191.70 -54.66 -54.91 -68.39 350.36 265.24 14.02 0.10
0.00 12677.38
177.80 -57.76 -57.96 -73.70 352.85 261.47 23.56 0.10
0.00 13155.37
163.80 -60.56 -60.68 -69.50 356.57 270.00 24.86 0.00
0.00 13669.09
149.80 -62.26 -62.39 -74.84 362.82 268.70 17.09 0.00
0.00 14222.85
135.90 -64.46 -9999.00 -9999.00 -9999.00 239.04 14.72 0.00
0.00 14820.86
121.90 -66.56 -9999.00 -9999.00 -9999.00 229.92 20.82 0.00
0.00 15481.64
108.00 -65.76 -9999.00 -9999.00 -9999.00 244.16 20.51 0.00
0.00 16215.19
94.00 -62.96 -9999.00 -9999.00 -9999.00 234.29 15.31 0.00
0.00 17063.70
81.00 -61.66 -9999.00 -9999.00 -9999.00 231.95 17.02 0.00
0.00 17982.31
70.60 -59.56 -9999.00 -9999.00 -9999.00 248.20 9.42 0.00
0.00 18837.24
62.20 -59.26 -9999.00 -9999.00 -9999.00 360.00 1.36 0.00
0.00 19629.78
54.30 -58.16 -9999.00 -9999.00 -9999.00 69.59 8.92 0.00
0.00 20482.38
46.90 -57.36 -9999.00 -9999.00 -9999.00 72.10 13.27 0.00
0.00 21406.07
40.10 -55.66 -9999.00 -9999.00 -9999.00 68.91 14.57 0.00
0.00 22399.39
33.80 -53.06 -9999.00 -9999.00 -9999.00 66.33 15.48 0.00
0.00 23493.98
27.80 -50.66 -9999.00 -9999.00 -9999.00 74.51 16.72 0.00
0.00 24759.84
22.30 -48.56 -9999.00 -9999.00 -9999.00 85.38 19.29 0.00
0.00 26202.31
17.10 -45.16 -9999.00 -9999.00 -9999.00 84.69 25.17 0.00
0.00 27960.99
12.30 -42.96 -50.67 -89.89 808.90 81.33 32.23 0.00
0.00 30170.42

STID = KMDW STNM = 725340 TIME = 200809/1900 
SLAT = 41.78 SLON = -87.75 SELV = 183.0
STIM = 3

SHOW = -2.81 LIFT = -4.79 SWET = 251.70 KINX = 23.82
LCLP = 828.74 PWAT = 37.99 TOTL = 50.68 CAPE = 711.37
LCLT = 289.15 CINS = -93.39 EQLV = 237.58 LFCT = 636.98
BRCH = 81.53

PRES TMPC TMWC DWPC THTE DRCT SKNT OMEG
CFRL HGHT
994.30 31.44 22.66 18.89 347.25 181.17 9.52 0.00
0.00 192.94
991.30 30.44 22.32 18.80 346.27 180.00 12.63 0.00
0.00 220.06
985.80 29.74 22.04 18.69 345.95 179.23 14.37 0.00
0.00 269.86
976.40 28.74 21.63 18.51 345.67 179.28 15.54 0.00
0.00 355.38
962.50 27.44 21.07 18.25 345.50 180.00 16.51 0.00
0.00 482.86
944.60 25.74 20.32 17.88 345.19 181.29 17.29 -0.10
0.00 648.94
923.20 23.74 19.41 17.42 344.86 182.46 18.08 -0.10
0.00 850.41
899.90 21.54 18.31 16.79 344.21 184.17 18.71 -0.10
0.00 1073.54
874.60 19.74 16.42 14.73 340.91 187.05 18.98 -0.20
0.00 1320.67
846.50 17.14 14.95 13.78 340.00 190.15 18.75 -0.10
9.00 1601.41
815.30 16.24 12.06 9.46 334.86 194.21 15.83 0.00
0.00 1922.04
781.30 14.14 11.00 9.04 336.92 202.75 13.05 0.30
1.00 2283.57
744.40 12.34 7.52 3.84 331.97 213.27 14.88 0.50
0.00 2691.12
704.70 11.14 3.12 -5.74 325.84 224.09 17.31 0.50
0.00 3149.59
662.10 8.54 0.13 -11.36 325.14 232.33 13.99 0.50
0.00 3667.05
616.60 2.94 -1.84 -7.66 328.60 253.30 10.14 0.30
0.00 4249.30
568.60 -2.76 -6.09 -10.92 327.57 259.59 9.67 0.20
0.00 4898.76
522.10 -8.26 -11.47 -18.09 325.08 246.80 7.40 0.10
0.00 5568.12
480.20 -10.96 -15.81 -35.22 324.86 252.81 19.72 0.00
0.00 6213.89
442.70 -13.56 -18.26 -43.22 328.41 248.03 24.92 0.10
0.00 6834.93
409.00 -17.76 -21.58 -45.53 330.38 246.25 21.23 0.10
0.00 7431.76
378.50 -21.06 -24.48 -56.22 332.96 255.51 17.85 0.00
0.00 8007.41
351.00 -24.86 -27.63 -58.62 335.05 272.60 12.84 -0.10
0.00 8559.83
326.20 -27.86 -29.95 -47.57 338.50 308.32 15.35 -0.10
0.00 9089.19
303.80 -31.26 -32.73 -44.93 340.94 337.43 16.20 0.00
0.00 9596.51
283.70 -34.66 -35.92 -49.98 342.42 330.14 12.10 0.10
0.00 10077.83
265.60 -38.46 -39.46 -55.27 343.13 317.91 8.12 0.20
0.00 10534.41
248.80 -42.56 -43.32 -61.32 343.31 333.43 8.26 0.20
0.00 10979.39
233.60 -45.66 -46.20 -60.07 344.90 287.74 10.20 0.20
0.00 11402.04
219.60 -48.86 -49.24 -60.55 346.10 292.44 9.67 0.10
0.00 11810.70
205.70 -51.76 -52.05 -62.77 348.03 277.31 7.63 0.10
0.00 12237.23
191.70 -54.76 -54.98 -65.45 350.25 260.75 16.92 0.00
0.00 12690.93
177.70 -58.06 -58.22 -68.92 352.47 261.54 23.76 0.00
0.00 13172.05
163.80 -60.76 -60.88 -69.50 356.24 263.29 23.27 0.00
0.00 13681.65
149.80 -62.16 -62.29 -74.84 362.99 242.18 15.81 0.00
0.00 14235.28
135.90 -64.36 -9999.00 -9999.00 -9999.00 216.66 20.82 0.00
0.00 14833.57
121.90 -66.76 -9999.00 -9999.00 -9999.00 227.81 28.05 0.00
0.00 15494.20
108.00 -65.76 -9999.00 -9999.00 -9999.00 248.20 27.19 0.00
0.00 16227.39
94.00 -63.46 -9999.00 -9999.00 -9999.00 244.25 18.34 0.00
0.00 17074.88
81.00 -62.86 -9999.00 -9999.00 -9999.00 242.14 15.38 0.00
0.00 17989.79
70.60 -61.06 -9999.00 -9999.00 -9999.00 268.15 6.02 0.00
0.00 18839.29
62.20 -60.16 -9999.00 -9999.00 -9999.00 57.26 3.22 0.00
0.00 19627.38
54.30 -58.66 -9999.00 -9999.00 -9999.00 85.43 9.75 0.00
0.00 20477.20
46.90 -57.46 -9999.00 -9999.00 -9999.00 81.25 12.78 0.00
0.00 21399.61
40.10 -55.36 -9999.00 -9999.00 -9999.00 73.95 14.76 0.00
0.00 22393.38
33.80 -52.46 -9999.00 -9999.00 -9999.00 78.18 17.07 0.00
0.00 23490.23
27.80 -49.86 -9999.00 -9999.00 -9999.00 86.53 19.27 0.00
0.00 24760.09
22.30 -47.66 -9999.00 -9999.00 -9999.00 91.59 20.98 0.00
0.00 26208.04
17.10 -44.06 -9999.00 -9999.00 -9999.00 80.78 23.02 0.00
0.00 27974.50
12.30 -42.16 -50.25 -89.89 811.72 78.27 25.80 0.00
0.00 30193.08

STID = KMDW STNM = 725340 TIME = 200809/2000 
SLAT = 41.78 SLON = -87.75 SELV = 183.0
STIM = 4

SHOW = -3.27 LIFT = -5.08 SWET = 407.35 KINX = 23.41
LCLP = 827.31 PWAT = 38.44 TOTL = 51.00 CAPE = 913.13
LCLT = 289.43 CINS = -88.18 EQLV = 217.18 LFCT = 642.94
BRCH = 88.84

PRES TMPC TMWC DWPC THTE DRCT SKNT OMEG
CFRL HGHT
992.60 31.74 22.91 19.18 348.64 185.49 10.14 0.00
0.00 192.06
989.60 30.84 22.60 19.10 347.79 184.83 13.85 0.00
0.00 219.27
984.10 30.04 22.31 19.00 347.38 184.24 15.77 0.00
0.00 269.22
974.70 29.04 21.91 18.84 347.16 184.55 17.15 0.00
0.00 354.98
960.80 27.74 21.36 18.59 347.02 185.47 18.34 0.00
0.00 482.84
942.90 26.04 20.63 18.25 346.80 186.40 19.15 0.00
0.00 649.42
921.60 24.04 19.76 17.84 346.59 187.41 19.58 0.00
0.00 850.55
898.30 21.84 18.75 17.33 346.25 188.91 20.05 -0.10
0.00 1074.36
873.10 19.84 16.80 15.28 342.59 191.09 20.18 -0.10
0.00 1321.18
845.00 17.34 15.41 14.40 341.95 192.83 20.12 -0.20
0.00 1602.64
814.00 15.74 12.92 11.29 338.06 198.22 16.16 -0.10
7.00 1921.75
780.00 14.44 10.53 7.99 335.56 200.65 14.32 0.00
6.00 2283.80
743.30 13.24 7.12 2.17 330.89 219.71 14.90 0.10
0.00 2690.47
703.70 11.94 3.30 -6.36 326.40 240.52 15.40 0.20
0.00 3149.68
661.20 8.54 0.64 -9.32 326.65 246.68 12.28 0.20
0.00 3667.42
615.80 2.94 -1.69 -7.21 329.13 258.23 9.52 0.20
0.00 4249.27
567.90 -2.66 -6.39 -12.05 327.01 253.18 8.72 0.10
0.00 4898.29
521.60 -8.16 -11.69 -19.36 324.70 240.95 8.00 0.10
0.00 5565.66
479.80 -10.46 -15.59 -37.15 325.30 261.25 23.00 0.10
0.00 6211.15
442.40 -13.76 -18.45 -44.82 328.11 259.11 25.72 0.10
0.00 6831.35
408.80 -17.66 -21.56 -47.41 330.43 252.57 24.63 0.10
0.00 7426.63
378.30 -21.36 -24.73 -58.03 332.58 255.96 20.82 0.10
0.00 8002.33
350.80 -25.16 -27.87 -58.63 334.70 260.54 15.37 0.00
0.00 8554.39
326.10 -27.86 -29.87 -45.56 338.69 314.22 10.02 -0.20
0.00 9081.54
303.80 -31.16 -32.63 -44.54 341.12 354.52 14.24 -0.10
0.00 9586.78
283.70 -34.76 -36.09 -52.86 342.12 338.43 8.97 0.00
0.00 10068.10
265.60 -38.36 -39.37 -55.27 343.27 297.76 8.33 0.00
0.00 10524.68
248.80 -42.36 -43.11 -59.58 343.65 293.70 8.70 0.10
0.00 10969.94
233.60 -45.86 -46.37 -58.63 344.64 277.39 10.59 0.10
0.00 11392.59
219.60 -48.86 -49.22 -59.12 346.15 281.09 10.10 0.10
0.00 11801.07
205.70 -51.86 -52.12 -61.06 347.91 265.82 7.98 0.00
0.00 12227.51
191.70 -55.16 -55.37 -65.45 349.61 255.79 15.83 0.00
0.00 12680.70
177.70 -58.36 -58.49 -66.00 352.02 257.31 22.11 0.00
0.00 13161.05
163.80 -60.56 -60.71 -74.24 356.52 256.90 23.14 0.00
0.00 13670.53
149.80 -62.06 -62.19 -74.84 363.16 230.33 20.69 -0.10
0.00 14224.55
135.90 -64.66 -9999.00 -9999.00 -9999.00 217.87 26.57 -0.10
0.00 14822.56
121.90 -67.46 -9999.00 -9999.00 -9999.00 232.36 28.94 0.00
0.00 15481.59
108.00 -66.26 -9999.00 -9999.00 -9999.00 256.97 26.71 0.00
0.00 16212.65
94.00 -63.46 -9999.00 -9999.00 -9999.00 251.15 16.82 0.00
0.00 17059.13
81.00 -62.56 -9999.00 -9999.00 -9999.00 248.50 13.77 0.00
0.00 17974.69
70.60 -60.46 -9999.00 -9999.00 -9999.00 260.54 5.91 0.00
0.00 18826.00
62.20 -59.56 -9999.00 -9999.00 -9999.00 151.70 2.87 0.00
0.00 19616.32
54.30 -58.56 -9999.00 -9999.00 -9999.00 119.20 7.56 0.00
0.00 20467.53
46.90 -58.06 -9999.00 -9999.00 -9999.00 97.97 9.81 0.00
0.00 21388.86
40.10 -56.46 -9999.00 -9999.00 -9999.00 82.53 11.95 0.00
0.00 22378.74
33.80 -53.36 -9999.00 -9999.00 -9999.00 81.03 14.94 0.00
0.00 23470.58
27.80 -50.56 -9999.00 -9999.00 -9999.00 79.34 16.80 0.00
0.00 24735.87
22.30 -48.46 -9999.00 -9999.00 -9999.00 73.97 19.00 0.00
0.00 26178.98
17.10 -45.66 -9999.00 -9999.00 -9999.00 68.73 23.56 0.00
0.00 27936.11
12.30 -42.66 -9999.00 -9999.00 -9999.00 81.14 30.28 0.00
0.00 30144.56

STID = KMDW STNM = 725340 TIME = 200809/2100 
SLAT = 41.78 SLON = -87.75 SELV = 183.0
STIM = 5

SHOW = -3.87 LIFT = -5.50 SWET = 290.84 KINX = 23.53
LCLP = 828.42 PWAT = 38.63 TOTL = 51.78 CAPE = 1073.05
LCLT = 289.77 CINS = -96.37 EQLV = 204.26 LFCT = 648.33
BRCH = 75.03

PRES TMPC TMWC DWPC THTE DRCT SKNT OMEG
CFRL HGHT
992.10 31.94 23.15 19.50 349.83 182.16 10.30 0.00
0.00 192.98
989.10 31.04 22.85 19.42 348.98 182.39 14.01 0.00
0.00 220.22
983.60 30.24 22.55 19.31 348.55 182.07 16.14 0.00
0.00 270.24
974.20 29.34 22.18 19.14 348.41 182.54 17.50 0.10
0.00 356.14
960.30 27.94 21.60 18.88 348.13 183.58 18.69 0.10
0.00 484.19
942.50 26.34 20.90 18.54 348.01 184.57 19.48 0.10
0.00 650.07
921.20 24.34 20.02 18.11 347.76 185.55 20.10 0.10
0.00 851.52
897.90 22.14 19.00 17.57 347.34 187.13 20.36 0.20
0.00 1075.69
872.70 20.14 17.14 15.67 343.99 189.82 20.49 0.20
0.00 1322.92
844.60 17.64 15.80 14.86 343.50 192.29 20.09 0.20
7.00 1604.86
813.50 16.04 13.27 11.70 339.36 201.67 16.30 0.20
12.00 1925.57
779.60 14.64 10.38 7.59 335.15 204.88 14.78 0.20
10.00 2287.08
742.90 14.24 6.62 -0.06 329.37 235.84 13.15 0.20
0.00 2694.67
703.40 12.44 3.43 -6.68 326.76 261.67 16.10 0.10
0.00 3154.02
661.00 8.54 0.98 -8.09 327.60 258.34 12.49 0.10
0.00 3671.22
615.60 2.94 -1.85 -7.68 328.76 257.35 9.75 0.10
0.00 4253.27
567.80 -2.66 -6.68 -13.06 326.36 248.43 8.97 0.00
0.00 4901.04
521.40 -8.26 -11.99 -20.51 324.12 238.39 8.90 0.00
0.00 5569.84
479.70 -10.36 -15.56 -37.77 325.37 274.59 21.83 0.00
0.00 6213.94
442.40 -13.86 -18.54 -45.41 327.94 266.88 21.41 0.00
0.00 6832.54
408.80 -17.26 -21.14 -43.49 331.22 255.96 21.62 0.10
0.00 7428.18
378.30 -20.96 -23.92 -40.39 334.13 265.84 21.43 0.20
0.00 8004.85
350.80 -24.66 -26.84 -39.36 336.64 274.12 21.62 0.10
0.00 8558.00
326.10 -28.36 -30.23 -44.69 338.08 274.67 9.56 0.00
0.00 9085.20
303.80 -31.36 -32.86 -45.76 340.72 1.36 8.16 -0.10
0.00 9589.71
283.70 -34.66 -36.01 -52.86 342.26 327.99 3.67 0.00
0.00 10070.93
265.60 -38.26 -39.22 -52.61 343.54 281.07 9.11 0.10
0.00 10527.71
248.80 -42.26 -42.90 -53.96 344.02 275.29 10.53 0.10
0.00 10973.17
233.60 -45.76 -46.20 -55.36 344.92 262.28 11.56 0.10
0.00 11396.02
219.60 -48.96 -49.29 -57.90 346.03 253.91 10.51 0.10
0.00 11804.50
205.70 -52.06 -52.31 -61.06 347.60 235.01 9.48 0.00
0.00 12230.66
191.70 -55.26 -55.44 -63.30 349.49 238.35 16.67 0.00
0.00 12683.53
177.70 -58.36 -58.49 -66.00 352.02 248.75 22.51 -0.10
0.00 13163.77
163.80 -60.26 -9999.00 -9999.00 -9999.00 249.60 25.08 -0.10
0.00 13673.61
149.80 -62.16 -9999.00 -9999.00 -9999.00 226.33 23.64 -0.10
0.00 14227.89
135.90 -65.16 -9999.00 -9999.00 -9999.00 217.94 29.06 -0.10
0.00 14825.04
121.90 -67.26 -9999.00 -9999.00 -9999.00 242.10 29.90 0.00
0.00 15483.59
108.00 -66.06 -9999.00 -9999.00 -9999.00 260.74 27.76 0.00
0.00 16215.37
94.00 -62.86 -9999.00 -9999.00 -9999.00 245.91 18.08 0.00
0.00 17063.47
81.00 -62.56 -9999.00 -9999.00 -9999.00 243.80 13.64 0.00
0.00 17980.34
70.60 -60.96 -9999.00 -9999.00 -9999.00 260.13 4.53 0.00
0.00 18830.65
62.20 -60.26 -9999.00 -9999.00 -9999.00 100.62 3.17 0.00
0.00 19618.74
54.30 -59.36 -9999.00 -9999.00 -9999.00 88.57 7.77 0.00
0.00 20466.97
46.90 -58.16 -9999.00 -9999.00 -9999.00 77.07 12.16 0.00
0.00 21386.37
40.10 -55.56 -9999.00 -9999.00 -9999.00 78.84 15.05 0.00
0.00 22378.08
33.80 -52.26 -9999.00 -9999.00 -9999.00 83.81 16.22 0.00
0.00 23474.92
27.80 -49.36 -9999.00 -9999.00 -9999.00 79.11 15.42 0.00
0.00 24746.79
22.30 -47.16 -9999.00 -9999.00 -9999.00 73.54 17.83 0.00
0.00 26197.97
17.10 -44.86 -9999.00 -9999.00 -9999.00 73.50 21.87 0.00
0.00 27963.26
12.30 -42.46 -50.41 -89.89 810.66 80.07 23.66 0.00
0.00 30176.54

STID = KMDW STNM = 725340 TIME = 200809/2200 
SLAT = 41.78 SLON = -87.75 SELV = 183.0
STIM = 6

SHOW = -4.74 LIFT = -6.23 SWET = 318.48 KINX = 24.87
LCLP = 835.43 PWAT = 39.49 TOTL = 52.98 CAPE = 1278.47
LCLT = 290.31 CINS = -93.43 EQLV = 189.44 LFCT = 653.97
BRCH = 75.36

PRES TMPC TMWC DWPC THTE DRCT SKNT OMEG
CFRL HGHT
991.70 31.74 23.34 19.91 350.81 186.58 10.16 0.00
0.00 192.98
988.70 30.94 23.07 19.83 350.07 185.55 14.04 0.00
0.00 220.23
983.30 30.24 22.81 19.73 349.77 186.19 16.22 0.00
0.00 269.36
973.80 29.34 22.43 19.55 349.62 186.27 17.77 0.10
0.00 356.22
959.90 28.04 21.89 19.30 349.49 187.05 18.98 0.10
0.00 484.37
942.10 26.34 21.18 18.98 349.30 187.97 19.62 0.10
0.00 650.40
920.80 24.34 20.31 18.56 349.08 188.91 20.05 0.10
0.00 851.98
897.50 22.24 19.35 18.06 348.89 190.99 20.38 0.20
0.00 1076.35
872.30 20.14 17.70 16.54 346.30 193.24 20.36 0.20
0.00 1323.82
844.20 17.74 16.16 15.36 344.95 198.62 18.86 0.30
11.00 1606.04
813.20 16.14 13.40 11.86 339.88 211.20 16.12 0.20
15.00 1926.01
779.30 15.04 10.12 6.80 334.33 224.45 14.41 0.10
11.00 2287.94
742.70 15.04 6.38 -1.64 328.59 257.13 13.95 0.00
0.00 2695.27
703.20 12.54 3.61 -6.22 327.28 272.20 15.17 0.00
0.00 3155.41
660.80 8.54 1.21 -7.30 328.26 268.24 12.63 0.00
0.00 3672.90
615.40 2.94 -2.05 -8.29 328.28 258.47 9.71 0.00
0.00 4255.15
567.70 -2.76 -6.82 -13.36 326.06 248.68 8.55 0.00
0.00 4901.55
521.30 -8.26 -12.17 -21.43 323.77 240.95 10.00 0.00
0.00 5570.32
479.70 -10.86 -15.84 -36.86 324.86 281.07 18.20 0.00
0.00 6212.32
442.30 -13.56 -18.18 -41.03 328.69 263.93 18.36 0.00
0.00 6832.43
408.70 -16.96 -20.62 -37.60 332.28 259.82 23.10 0.10
0.00 7428.95
378.20 -21.06 -22.96 -29.89 336.05 275.15 23.80 0.10
0.00 8006.12
350.80 -23.86 -25.31 -30.94 339.47 288.60 20.71 0.00
0.00 8558.27
326.10 -27.86 -29.68 -42.12 339.04 273.22 17.31 -0.10
0.00 9086.95
303.70 -31.66 -33.15 -46.67 340.25 287.65 4.49 -0.20
0.00 9594.02
283.70 -34.86 -36.14 -51.31 342.06 248.63 4.80 -0.20
0.00 10072.42
265.60 -38.36 -39.19 -49.39 343.60 267.14 11.67 -0.20
0.00 10528.92
248.80 -42.26 -42.67 -47.99 344.43 269.23 14.37 -0.20
0.00 10974.31
233.60 -45.86 -46.12 -50.50 345.06 263.85 12.70 -0.10
0.00 11397.08
219.60 -49.26 -49.50 -55.00 345.70 241.31 11.73 -0.10
0.00 11805.22
205.70 -52.46 -52.67 -59.64 347.01 214.99 11.85 0.00
0.00 12230.71
191.70 -55.66 -55.83 -63.30 348.85 222.51 18.98 0.00
0.00 12682.76
177.70 -58.96 -59.08 -66.00 351.04 234.93 22.32 -0.10
0.00 13161.89
163.80 -60.36 -60.51 -74.24 356.86 239.25 27.35 -0.10
0.00 13670.90
149.80 -62.26 -9999.00 -9999.00 -9999.00 223.58 27.62 -0.10
0.00 14224.91
135.90 -65.16 -9999.00 -9999.00 -9999.00 227.53 31.08 -0.10
0.00 14821.92
121.90 -67.06 -9999.00 -9999.00 -9999.00 252.92 31.10 0.00
0.00 15480.79
108.00 -65.56 -9999.00 -9999.00 -9999.00 264.66 27.12 0.00
0.00 16213.81
94.00 -62.26 -9999.00 -9999.00 -9999.00 242.18 15.81 0.00
0.00 17064.15
81.00 -62.16 -9999.00 -9999.00 -9999.00 241.93 9.91 0.00
0.00 17983.20
70.60 -60.66 -9999.00 -9999.00 -9999.00 273.01 3.69 0.00
0.00 18834.91
62.20 -59.56 -9999.00 -9999.00 -9999.00 110.56 1.65 0.00
0.00 19624.85
54.30 -58.46 -9999.00 -9999.00 -9999.00 90.00 4.08 0.00
0.00 20476.27
46.90 -56.86 -9999.00 -9999.00 -9999.00 77.01 7.77 0.00
0.00 21400.39
40.10 -54.26 -9999.00 -9999.00 -9999.00 88.88 9.91 0.00
0.00 22398.06
33.80 -52.06 -9999.00 -9999.00 -9999.00 93.69 12.06 0.00
0.00 23498.66
27.80 -49.76 -9999.00 -9999.00 -9999.00 82.30 14.51 0.00
0.00 24769.95
22.30 -47.16 -9999.00 -9999.00 -9999.00 77.35 19.50 0.00
0.00 26219.84
17.10 -44.26 -9999.00 -9999.00 -9999.00 78.79 21.99 0.00
0.00 27987.46
12.30 -42.36 -50.35 -89.89 811.01 65.68 22.16 0.00
0.00 30204.12

STID = KMDW STNM = 725340 TIME = 200809/2300 
SLAT = 41.78 SLON = -87.75 SELV = 183.0
STIM = 7

SHOW = -5.00 LIFT = -6.61 SWET = 328.82 KINX = 24.58
LCLP = 842.90 PWAT = 40.93 TOTL = 53.46 CAPE = 1485.24
LCLT = 290.82 CINS = -9.85 EQLV = 183.70 LFCT = 815.03
BRCH = 93.79

PRES TMPC TMWC DWPC THTE DRCT SKNT OMEG
CFRL HGHT
991.10 31.44 23.48 20.27 351.57 190.20 9.87 0.00
0.00 192.07
988.00 30.74 23.24 20.19 350.97 189.73 13.79 0.00
0.00 220.23
982.60 30.14 23.00 20.08 350.76 189.81 15.97 0.00
0.00 269.38
973.20 29.14 22.60 19.91 350.50 190.81 17.60 0.10
0.00 355.36
959.30 27.84 22.06 19.66 350.37 191.31 18.82 0.10
0.00 483.53
941.50 26.24 21.37 19.32 350.25 192.65 19.50 0.10
0.00 649.61
920.20 24.24 20.51 18.92 350.08 193.90 20.20 0.20
0.00 851.30
896.90 22.14 19.55 18.41 349.86 195.35 20.55 0.20
0.00 1075.78
871.80 20.04 18.09 17.18 348.00 197.58 20.57 0.30
1.00 1322.41
843.60 18.14 16.19 15.22 345.19 208.71 18.61 0.40
13.00 1606.00
812.70 16.04 13.82 12.61 341.50 215.75 17.95 0.40
15.00 1925.36
778.80 14.64 10.80 8.37 336.68 232.56 15.66 0.30
12.00 2287.36
742.20 15.04 6.46 -1.38 328.94 260.10 12.43 0.10
0.00 2694.81
702.70 12.64 3.46 -6.89 326.93 273.92 14.22 0.00
0.00 3155.33
660.40 8.34 1.22 -6.96 328.37 270.00 12.24 -0.10
0.00 3671.83
615.10 2.94 -2.18 -8.69 328.01 255.65 8.62 -0.20
0.00 4252.91
567.40 -2.86 -6.94 -13.58 325.86 245.43 7.48 -0.10
0.00 4899.50
521.20 -8.16 -12.22 -22.05 323.68 252.90 10.57 0.00
0.00 5565.60
479.50 -11.06 -15.51 -30.72 325.66 282.67 17.72 0.10
0.00 6209.25
442.30 -13.56 -17.93 -36.56 329.21 264.64 18.73 0.10
0.00 6826.02
408.70 -17.06 -20.51 -35.22 332.52 263.38 21.91 0.10
0.00 7422.47
378.20 -20.46 -21.86 -26.08 338.13 293.07 22.80 0.00
0.00 8000.29
350.70 -24.06 -24.94 -27.94 340.20 296.07 30.05 -0.10
4.00 8555.08
326.00 -27.76 -28.73 -33.17 340.83 292.91 20.45 -0.10
0.00 9083.92
303.70 -31.86 -33.21 -44.54 340.17 251.57 8.61 -0.10
0.00 9588.78
283.60 -35.16 -36.37 -50.62 341.70 229.27 9.23 -0.10
0.00 10069.16
265.60 -39.06 -39.63 -45.77 342.90 253.77 15.99 -0.10
0.00 10522.27
248.80 -42.96 -43.17 -45.63 343.62 262.63 16.65 -0.10
100.00 10966.34
233.60 -46.36 -46.49 -48.55 344.46 264.29 9.75 0.00
100.00 11388.02
219.60 -49.36 -49.52 -52.81 345.67 237.80 12.39 0.00
0.00 11795.62
205.70 -52.76 -52.93 -58.42 346.58 213.92 13.58 0.10
7.00 12220.74
191.70 -55.96 -56.09 -61.60 348.41 218.75 20.18 0.10
3.00 12672.17
177.70 -58.66 -58.81 -68.92 351.48 233.94 24.75 0.00
1.00 13151.30
163.80 -59.86 -60.02 -74.24 357.70 240.98 32.44 -0.10
0.00 13661.26
149.80 -62.16 -62.29 -74.84 362.99 234.78 32.34 -0.20
0.00 14216.06
135.90 -65.66 -65.74 -75.48 367.04 238.91 30.85 -0.10
0.00 14812.51
121.90 -67.96 -9999.00 -9999.00 -9999.00 256.46 27.37 0.00
0.00 15469.15
108.00 -65.56 -9999.00 -9999.00 -9999.00 264.39 21.85 0.00
0.00 16200.57
94.00 -61.46 -9999.00 -9999.00 -9999.00 240.64 14.26 0.00
0.00 17052.54
81.00 -61.56 -9999.00 -9999.00 -9999.00 257.59 9.95 0.00
0.00 17974.63
70.60 -60.86 -9999.00 -9999.00 -9999.00 275.91 5.67 0.00
0.00 18827.15
62.20 -59.76 -9999.00 -9999.00 -9999.00 188.13 1.38 0.00
0.00 19616.35
54.30 -58.26 -9999.00 -9999.00 -9999.00 98.75 2.56 0.00
0.00 20467.76
46.90 -56.06 -9999.00 -9999.00 -9999.00 78.69 6.93 0.00
0.00 21394.03
40.10 -53.66 -9999.00 -9999.00 -9999.00 100.84 9.30 0.00
0.00 22394.91
33.80 -51.96 -9999.00 -9999.00 -9999.00 100.39 11.85 0.00
0.00 23497.26
27.80 -49.66 -9999.00 -9999.00 -9999.00 82.20 14.32 0.00
0.00 24769.12
22.30 -46.86 -9999.00 -9999.00 -9999.00 67.43 18.73 0.00
0.00 26220.31
17.10 -43.96 -9999.00 -9999.00 -9999.00 68.20 21.97 0.00
0.00 27990.26
12.30 -42.76 -50.56 -89.89 809.61 61.03 24.86 0.00
0.00 30206.43

STID = KMDW STNM = 725340 TIME = 200810/0000 
SLAT = 41.78 SLON = -87.75 SELV = 183.0
STIM = 8

SHOW = -5.65 LIFT = -6.95 SWET = 343.77 KINX = 23.60
LCLP = 870.86 PWAT = 43.78 TOTL = 53.70 CAPE = 1791.07
LCLT = 292.43 CINS = -3.10 EQLV = 184.79 LFCT = 840.72
BRCH = 106.84

PRES TMPC TMWC DWPC THTE DRCT SKNT OMEG
CFRL HGHT
991.70 30.34 23.90 21.39 353.52 191.77 9.52 0.00
0.00 191.14
988.70 30.04 23.64 21.12 352.79 190.52 13.83 0.00
0.00 218.30
983.10 29.54 23.37 20.93 352.48 191.31 16.84 0.00
0.00 269.16
973.70 28.74 23.00 20.70 352.28 191.31 18.82 0.00
0.00 354.99
959.80 27.44 22.45 20.44 352.12 192.29 20.09 -0.10
0.00 482.99
941.90 25.84 21.77 20.10 352.01 192.88 20.92 -0.20
0.00 649.77
920.60 23.84 20.92 19.69 351.81 193.78 21.19 -0.30
0.00 851.20
897.30 21.84 19.85 18.98 351.10 194.93 21.11 -0.40
0.00 1075.40
872.10 19.44 18.66 18.28 350.34 196.09 21.02 -0.40
9.00 1322.65
844.00 17.94 16.83 16.28 347.66 209.36 17.83 -0.40
13.00 1604.90
813.00 16.04 14.84 14.21 345.25 226.47 16.08 -0.30
16.00 1925.25
779.10 14.54 11.80 10.19 340.04 243.11 15.46 -0.40
14.00 2287.32
742.40 15.14 6.54 -1.29 329.12 259.54 12.84 -0.50
0.00 2695.89
702.90 12.84 3.19 -8.27 326.08 274.33 12.86 -0.60
0.00 3156.48
660.60 8.14 0.99 -7.38 327.76 270.00 11.07 -0.60
0.00 3672.77
615.30 2.84 -2.16 -8.45 328.05 243.43 6.51 -0.50
0.00 4253.34
567.60 -2.96 -7.02 -13.68 325.64 222.40 6.04 -0.30
0.00 4899.48
521.30 -7.86 -11.85 -21.09 324.39 254.85 9.65 -0.20
0.00 5567.11
479.60 -10.86 -13.77 -20.26 329.24 271.45 15.35 0.00
0.00 6211.46
442.30 -13.76 -17.07 -26.90 331.03 261.30 19.25 0.10
0.00 6830.11
408.70 -16.86 -19.94 -30.97 333.66 271.59 20.98 0.20
0.00 7426.71
378.20 -20.36 -21.95 -26.93 337.95 285.95 22.63 0.20
0.00 8004.90
350.80 -23.66 -25.00 -29.97 340.03 274.95 29.25 0.10
0.00 8558.10
326.00 -27.86 -28.70 -32.48 340.87 272.88 27.04 0.00
7.00 9089.31
303.70 -32.26 -32.95 -37.17 340.68 258.11 18.86 -0.10
0.00 9593.69
283.70 -35.86 -36.83 -46.82 340.94 227.34 13.48 -0.20
0.00 10070.56
265.60 -39.56 -40.10 -46.15 342.13 226.10 14.30 -0.10
0.00 10524.95
248.80 -43.26 -43.46 -45.99 343.13 244.16 13.81 0.10
100.00 10968.26
233.60 -46.46 -46.64 -49.48 344.23 237.09 7.87 0.20
100.00 11389.56
219.60 -49.46 -49.64 -53.48 345.47 212.01 10.99 0.20
100.00 11796.98
205.70 -52.36 -52.58 -59.64 347.17 201.32 17.09 0.20
0.00 12222.38
191.70 -54.66 -54.91 -68.39 350.36 224.70 26.52 0.20
1.00 12675.56
177.70 -57.56 -57.74 -68.92 353.28 248.09 37.47 0.00
0.00 13157.35
163.80 -60.66 -60.75 -66.60 356.45 245.64 33.90 0.00
0.00 13667.67
149.80 -62.76 -62.85 -70.13 362.01 237.81 32.83 -0.10
0.00 14220.65
135.90 -65.56 -65.64 -75.48 367.22 239.53 30.65 -0.10
0.00 14816.38
121.90 -67.06 -9999.00 -9999.00 -9999.00 257.37 24.88 0.00
0.00 15474.62
108.00 -64.76 -9999.00 -9999.00 -9999.00 267.25 20.22 0.00
0.00 16209.05
94.00 -61.86 -9999.00 -9999.00 -9999.00 245.67 15.56 0.00
0.00 17061.83
81.00 -62.36 -9999.00 -9999.00 -9999.00 253.41 9.52 0.00
0.00 17981.31
70.60 -61.66 -9999.00 -9999.00 -9999.00 256.61 4.20 0.00
0.00 18830.61
62.20 -59.36 -9999.00 -9999.00 -9999.00 90.00 0.19 0.00
0.00 19619.07
54.30 -57.86 -9999.00 -9999.00 -9999.00 47.12 3.71 0.00
0.00 20472.07
46.90 -56.66 -9999.00 -9999.00 -9999.00 75.96 8.82 0.00
0.00 21397.91
40.10 -54.66 -9999.00 -9999.00 -9999.00 102.99 10.37 0.00
0.00 22395.12
33.80 -52.36 -9999.00 -9999.00 -9999.00 98.53 11.79 0.00
0.00 23493.97
27.80 -49.06 -9999.00 -9999.00 -9999.00 74.39 13.71 0.00
0.00 24766.40
22.30 -46.26 -9999.00 -9999.00 -9999.00 60.61 19.39 0.00
0.00 26221.46
17.10 -43.86 -9999.00 -9999.00 -9999.00 66.61 23.48 0.00
0.00 27994.12
12.30 -42.66 -50.51 -89.89 809.96 69.13 28.90 0.00
0.00 30211.26

STID = KMDW STNM = 725340 TIME = 200810/0100 
SLAT = 41.78 SLON = -87.75 SELV = 183.0
STIM = 9

SHOW = -5.71 LIFT = -6.90 SWET = 338.15 KINX = 24.29
LCLP = 930.33 PWAT = 47.34 TOTL = 53.16 CAPE = 2075.01
LCLT = 295.41 CINS = -11.48 EQLV = 168.01 LFCT = 871.35
BRCH = 182.69

PRES TMPC TMWC DWPC THTE DRCT SKNT OMEG
CFRL HGHT
992.20 27.74 24.52 23.32 356.55 188.43 5.30 0.00
0.00 192.87
989.20 27.94 24.12 22.67 355.09 190.89 10.30 0.00
0.00 219.84
983.80 27.84 23.75 22.17 354.19 190.98 13.25 0.10
0.00 268.58
974.30 27.34 23.30 21.72 353.65 192.24 16.49 0.10
0.00 354.88
960.40 26.24 22.75 21.37 353.44 193.17 18.75 0.20
0.00 482.33
942.50 24.84 22.09 20.98 353.41 194.72 19.89 0.30
0.00 648.48
921.10 23.04 21.22 20.45 353.08 196.39 20.65 0.40
0.00 850.22
897.90 21.34 19.96 19.35 351.49 198.94 20.94 0.50
0.00 1072.92
872.60 19.44 18.68 18.30 350.32 204.35 20.26 0.60
2.00 1320.81
844.50 17.74 17.33 17.09 349.58 218.45 16.86 0.70
79.00 1602.85
813.40 15.94 15.74 15.59 348.66 241.16 15.31 0.80
99.00 1924.08
779.40 13.94 12.74 12.05 343.30 257.16 15.73 0.60
84.00 2286.89
742.70 13.84 7.67 2.88 332.65 259.70 13.03 0.30
42.00 2694.32
703.20 12.54 3.21 -7.66 326.14 261.42 10.41 -0.10
23.00 3153.69
660.80 8.34 0.63 -8.97 326.73 253.41 9.52 -0.30
19.00 3670.88
615.50 2.64 -2.27 -8.48 327.75 215.36 7.38 -0.50
30.00 4251.19
567.80 -3.06 -7.21 -14.15 325.19 201.32 8.55 -0.60
41.00 4896.74
521.50 -7.36 -11.27 -19.73 325.54 248.63 9.60 -0.40
55.00 5564.64
479.80 -10.36 -12.16 -15.36 332.56 260.91 14.76 -0.10
80.00 6210.14
442.40 -14.96 -15.71 -17.21 333.84 257.05 17.35 0.30
91.00 6829.82
408.70 -16.86 -19.21 -26.08 335.11 266.25 23.76 0.40
0.00 7427.04
378.20 -19.86 -21.29 -25.38 339.22 264.70 29.45 0.20
0.00 8005.90
350.80 -24.16 -25.30 -29.51 339.49 263.83 28.92 0.00
0.00 8559.14
326.00 -27.96 -29.27 -36.28 339.84 263.52 25.80 0.00
0.00 9089.67
303.70 -31.86 -32.81 -39.03 340.90 253.64 18.63 -0.10
0.00 9594.31
283.70 -35.86 -36.56 -42.50 341.42 230.76 15.05 -0.10
0.00 10071.58
265.60 -39.46 -39.99 -45.77 342.31 228.37 14.02 -0.10
0.00 10526.09
248.80 -42.86 -43.26 -48.92 343.45 232.93 10.96 0.00
0.00 10969.87
233.50 -45.96 -46.31 -52.96 344.78 215.43 12.39 0.00
56.00 11394.85
219.60 -48.76 -49.07 -56.82 346.39 215.67 20.32 -0.10
34.00 11800.51
205.70 -51.56 -51.88 -64.93 348.29 222.82 28.87 -0.20
0.00 12227.34
191.70 -55.16 -55.39 -68.39 349.56 230.66 30.63 -0.20
0.00 12680.83
177.70 -58.86 -58.98 -66.00 351.20 246.98 32.28 -0.20
0.00 13160.62
163.80 -61.76 -61.80 -64.48 354.65 251.57 30.71 0.00
91.00 13668.08
149.80 -63.36 -63.41 -67.25 361.02 242.93 29.45 0.00
0.00 14218.84
135.90 -64.86 -64.93 -70.80 368.50 246.61 29.84 0.10
0.00 14814.71
121.90 -65.96 -66.05 -76.19 378.07 262.05 26.67 0.00
0.00 15475.82
108.00 -64.16 -9999.00 -9999.00 -9999.00 261.87 17.85 0.00
0.00 16213.27
94.00 -61.86 -9999.00 -9999.00 -9999.00 235.91 15.25 0.00
0.00 17067.26
81.00 -62.36 -9999.00 -9999.00 -9999.00 252.72 9.15 0.00
0.00 17986.75
70.60 -61.96 -9999.00 -9999.00 -9999.00 273.69 6.04 0.00
0.00 18835.44
62.20 -59.56 -9999.00 -9999.00 -9999.00 330.26 3.13 0.00
0.00 19622.98
54.30 -58.46 -9999.00 -9999.00 -9999.00 43.36 4.82 0.00
0.00 20474.39
46.90 -57.16 -9999.00 -9999.00 -9999.00 91.33 8.35 0.00
0.00 21397.86
40.10 -54.86 -9999.00 -9999.00 -9999.00 93.37 6.62 0.00
0.00 22393.47
33.80 -52.56 -9999.00 -9999.00 -9999.00 47.82 8.39 0.00
0.00 23491.32
27.80 -50.16 -9999.00 -9999.00 -9999.00 45.00 12.35 0.00
0.00 24760.04
22.30 -48.06 -9999.00 -9999.00 -9999.00 63.68 20.59 0.00
0.00 26205.74
17.10 -45.36 -9999.00 -9999.00 -9999.00 74.05 26.86 0.00
0.00 27965.58
12.30 -42.56 -9999.00 -9999.00 -9999.00 70.78 31.27 0.00
0.00 30175.96

STID = KMDW STNM = 725340 TIME = 200810/0200 
SLAT = 41.78 SLON = -87.75 SELV = 183.0
STIM = 10

SHOW = -5.39 LIFT = -6.69 SWET = 327.24 KINX = 27.85
LCLP = 946.76 PWAT = 48.26 TOTL = 52.81 CAPE = 2190.41
LCLT = 295.99 CINS = -12.36 EQLV = 167.87 LFCT = 875.21
BRCH = 126.56

PRES TMPC TMWC DWPC THTE DRCT SKNT OMEG
CFRL HGHT
992.30 26.84 24.51 23.62 356.45 188.88 6.29 0.00
0.00 192.84
989.30 27.04 24.22 23.14 355.54 189.90 12.43 0.00
0.00 219.73
983.90 26.74 23.90 22.81 354.93 191.16 15.05 0.00
0.00 268.33
974.40 26.34 23.43 22.30 354.29 193.50 19.97 0.00
0.00 354.35
960.50 25.44 22.83 21.79 353.78 195.47 22.57 0.00
0.00 481.44
942.60 24.24 22.08 21.19 353.32 197.55 23.83 0.00
0.00 647.22
921.20 22.64 21.15 20.51 352.75 200.83 23.48 0.00
0.00 848.61
898.00 21.04 20.04 19.58 351.80 203.00 22.38 0.00
0.00 1071.04
872.70 19.44 18.68 18.30 350.30 207.06 20.07 0.10
6.00 1318.79
844.50 18.24 17.27 16.79 349.35 220.31 16.82 0.10
55.00 1602.04
813.50 16.54 15.61 15.13 348.15 243.75 15.81 -0.10
58.00 1922.76
779.60 14.34 12.94 12.16 344.01 260.75 16.92 -0.40
66.00 2285.03
742.80 13.24 8.52 5.17 335.33 265.36 14.41 -0.60
39.00 2693.49
703.20 11.74 3.78 -4.49 327.86 263.12 11.34 -0.90
22.00 3153.14
660.80 8.14 0.37 -9.60 326.04 256.24 9.79 -1.00
17.00 3669.52
615.50 2.54 -2.52 -9.12 327.12 218.66 7.46 -1.10
26.00 4249.47
567.80 -3.36 -7.30 -13.88 324.99 202.89 9.48 -1.00
41.00 4894.53
521.50 -7.36 -11.24 -19.58 325.60 240.10 8.95 -0.90
56.00 5562.07
479.80 -9.86 -11.79 -15.16 333.33 264.37 13.85 -0.50
81.00 6208.19
442.40 -15.16 -15.33 -15.66 334.61 263.58 15.64 -0.10
91.00 6828.29
408.70 -17.56 -19.07 -22.98 335.44 261.52 22.40 0.30
0.00 7424.59
378.20 -20.36 -21.73 -25.81 338.37 264.12 26.55 0.50
0.00 8002.14
350.80 -24.16 -25.82 -33.01 338.51 258.54 29.33 0.50
0.00 8554.77
326.00 -27.66 -29.32 -39.29 339.73 252.78 28.88 0.40
0.00 9085.56
303.70 -31.36 -32.67 -42.47 341.11 246.37 23.74 0.30
0.00 9590.99
283.70 -35.46 -36.23 -42.80 341.95 238.51 18.22 0.20
0.00 10069.14
265.60 -39.46 -40.03 -46.56 342.23 233.88 17.79 0.20
0.00 10524.03
248.80 -42.96 -43.40 -49.96 343.22 226.35 17.44 0.20
19.00 10967.70
233.60 -46.06 -46.43 -53.69 344.55 220.66 19.97 0.10
0.00 11389.64
219.60 -48.96 -49.34 -60.55 345.95 223.17 25.84 0.00
0.00 11797.85
205.70 -52.16 -52.48 -67.88 347.31 235.15 31.95 0.00
0.00 12223.90
191.70 -56.06 -56.24 -65.45 348.16 250.28 35.70 -0.10
0.00 12675.84
177.70 -59.16 -59.27 -66.00 350.71 253.38 27.16 0.00
0.00 13154.31
163.80 -61.36 -61.46 -69.50 355.23 248.28 24.67 0.00
79.00 13661.88
149.80 -62.96 -63.05 -70.13 361.66 242.24 29.20 0.00
0.00 14213.68
135.90 -64.66 -64.73 -70.80 368.86 246.07 32.09 0.00
0.00 14810.41
121.90 -65.16 -65.26 -76.19 379.53 256.64 27.76 0.00
0.00 15473.11
108.00 -64.06 -9999.00 -9999.00 -9999.00 255.96 16.03 0.00
0.00 16212.15
94.00 -63.26 -9999.00 -9999.00 -9999.00 234.13 15.58 0.00
0.00 17063.50
81.00 -63.16 -9999.00 -9999.00 -9999.00 252.26 10.20 0.00
0.00 17978.19
70.60 -62.16 -9999.00 -9999.00 -9999.00 259.11 5.15 0.00
0.00 18824.88
62.20 -59.06 -9999.00 -9999.00 -9999.00 32.01 1.83 0.00
0.00 19612.97
54.30 -58.06 -9999.00 -9999.00 -9999.00 49.64 5.09 0.00
0.00 20466.17
46.90 -56.96 -9999.00 -9999.00 -9999.00 58.74 6.37 0.00
0.00 21390.93
40.10 -55.66 -9999.00 -9999.00 -9999.00 23.03 8.45 0.00
0.00 22385.17
33.80 -54.16 -9999.00 -9999.00 -9999.00 28.30 14.34 0.00
0.00 23477.01
27.80 -51.26 -9999.00 -9999.00 -9999.00 59.04 15.85 0.00
0.00 24738.01
22.30 -48.56 -9999.00 -9999.00 -9999.00 82.68 21.35 0.00
0.00 26178.54
17.10 -44.76 -9999.00 -9999.00 -9999.00 76.29 24.59 0.00
0.00 27938.78
12.30 -42.06 -9999.00 -9999.00 -9999.00 66.35 32.44 0.00
0.00 30154.46

STID = KMDW STNM = 725340 TIME = 200810/0300 
SLAT = 41.78 SLON = -87.75 SELV = 183.0
STIM = 11

SHOW = -4.30 LIFT = -6.70 SWET = 298.37 KINX = 27.83
LCLP = 955.37 PWAT = 47.02 TOTL = 52.39 CAPE = 2148.86
LCLT = 296.17 CINS = -24.97 EQLV = 174.34 LFCT = 820.64
BRCH = 128.10

PRES TMPC TMWC DWPC THTE DRCT SKNT OMEG
CFRL HGHT
992.20 26.24 24.37 23.65 355.82 190.49 5.34 0.00
0.00 192.82
989.20 26.44 24.12 23.23 355.11 193.39 12.59 0.00
0.00 219.66
983.80 26.24 23.87 22.95 354.80 194.22 15.03 0.00
0.00 268.18
974.30 25.74 23.40 22.48 354.16 196.60 21.08 0.00
0.00 354.06
960.40 25.04 22.76 21.84 353.46 199.75 24.15 0.00
0.00 480.96
942.50 23.94 21.90 21.05 352.51 205.39 25.37 0.00
0.00 646.56
921.20 22.44 20.86 20.17 351.44 208.87 23.74 0.00
0.00 846.83
897.90 21.04 19.49 18.79 349.44 208.44 21.21 0.00
2.00 1070.07
872.60 20.04 17.78 16.71 346.58 214.01 19.44 -0.10
2.00 1317.94
844.50 18.84 16.29 15.03 345.41 228.06 18.03 -0.10
0.00 1600.53
813.50 16.74 15.33 14.60 347.02 241.89 16.08 -0.10
0.00 1921.50
779.60 14.24 13.25 12.69 345.14 262.57 13.52 -0.10
11.00 2283.82
742.80 13.24 8.94 6.00 336.69 268.21 12.43 0.00
0.00 2692.32
703.20 11.74 4.03 -3.73 328.58 266.12 11.48 0.10
0.00 3152.06
660.80 8.04 0.50 -8.93 326.41 250.28 10.94 0.20
0.00 3668.41
615.50 2.54 -2.84 -10.18 326.33 219.81 10.63 0.30
0.00 4248.24
567.80 -3.46 -7.69 -15.16 324.13 217.21 13.17 0.30
0.00 4893.09
521.50 -7.66 -11.60 -20.43 324.87 233.13 9.71 0.20
0.00 5560.05
479.80 -10.26 -12.15 -15.51 332.59 262.61 10.59 0.10
0.00 6205.29
442.40 -14.76 -15.59 -17.26 334.07 263.29 16.63 0.10
100.00 6825.32
408.70 -17.06 -18.19 -20.81 337.17 265.07 22.61 0.00
2.00 7422.65
378.20 -20.46 -21.99 -26.74 337.88 256.30 23.80 -0.10
0.00 8000.70
350.80 -24.16 -25.94 -33.96 338.29 248.13 28.67 -0.10
0.00 8553.19
326.00 -27.86 -29.48 -39.29 339.45 245.05 30.85 -0.10
0.00 9083.75
303.70 -31.36 -32.97 -48.21 340.55 237.71 28.73 -0.10
0.00 9588.96
283.70 -35.06 -36.18 -47.76 342.01 227.76 25.72 -0.20
0.00 10067.47
265.60 -39.16 -39.79 -46.97 342.64 226.22 25.84 -0.10
0.00 10523.02
248.80 -43.26 -43.63 -48.92 342.85 227.46 25.56 -0.10
0.00 10966.69
233.50 -46.76 -47.04 -52.29 343.61 223.73 24.73 0.00
0.00 11390.56
219.60 -49.96 -50.21 -56.82 344.53 228.85 28.63 0.00
0.00 11794.43
205.70 -53.36 -53.54 -59.64 345.60 242.74 36.05 0.00
0.00 12218.38
191.70 -56.46 -56.60 -63.30 347.57 248.20 35.57 0.00
0.00 12668.68
177.70 -58.16 -58.32 -68.92 352.30 253.26 26.98 0.00
0.00 13147.81
163.80 -60.36 -9999.00 -9999.00 -9999.00 251.29 26.05 0.00
29.00 13657.76
149.80 -62.96 -9999.00 -9999.00 -9999.00 245.01 28.50 0.10
0.00 14210.86
135.90 -65.06 -65.15 -75.48 368.10 243.13 32.23 0.10
0.00 14807.02
121.90 -64.86 -64.97 -76.19 380.08 250.62 29.86 0.10
0.00 15469.56
108.00 -63.36 -9999.00 -9999.00 -9999.00 248.20 17.77 0.00
0.00 16210.37
94.00 -63.56 -9999.00 -9999.00 -9999.00 227.68 17.60 0.00
0.00 17062.54
81.00 -62.86 -9999.00 -9999.00 -9999.00 261.61 11.99 0.00
0.00 17977.23
70.60 -61.66 -9999.00 -9999.00 -9999.00 291.80 5.23 0.00
0.00 18825.52
62.20 -59.26 -9999.00 -9999.00 -9999.00 41.19 2.06 0.00
0.00 19614.17
54.30 -57.96 -9999.00 -9999.00 -9999.00 51.71 4.70 0.00
0.00 20467.17
46.90 -56.16 -9999.00 -9999.00 -9999.00 52.85 8.04 0.00
0.00 21393.86
40.10 -55.16 -9999.00 -9999.00 -9999.00 38.05 11.34 0.00
0.00 22391.08
33.80 -53.26 -9999.00 -9999.00 -9999.00 45.00 15.66 0.00
0.00 23486.42
27.80 -50.36 -9999.00 -9999.00 -9999.00 66.41 18.43 0.00
0.00 24752.56
22.30 -48.36 -9999.00 -9999.00 -9999.00 80.80 20.67 0.00
0.00 26196.65
17.10 -45.06 -9999.00 -9999.00 -9999.00 74.52 26.20 0.00
0.00 27956.50
12.30 -42.26 -9999.00 -9999.00 -9999.00 74.80 32.61 0.00
0.00 30169.77

STID = KMDW STNM = 725340 TIME = 200810/0400 
SLAT = 41.78 SLON = -87.75 SELV = 183.0
STIM = 12

SHOW = -4.25 LIFT = -6.32 SWET = 292.20 KINX = 28.42
LCLP = 961.55 PWAT = 45.36 TOTL = 52.45 CAPE = 2109.78
LCLT = 296.11 CINS = -34.57 EQLV = 179.08 LFCT = 808.28
BRCH = 123.34

PRES TMPC TMWC DWPC THTE DRCT SKNT OMEG
CFRL HGHT
992.40 25.64 24.10 23.48 354.45 184.40 5.07 0.00
0.00 192.80
989.40 25.84 23.92 23.16 354.09 186.34 12.32 0.00
0.00 219.58
983.90 25.54 23.67 22.93 353.84 188.34 14.72 0.00
0.00 268.87
974.50 25.24 23.31 22.54 353.70 194.17 20.63 0.00
0.00 353.67
960.60 24.64 22.72 21.94 353.26 200.06 23.78 0.00
0.00 480.36
942.70 23.64 21.86 21.12 352.33 208.33 25.37 0.00
0.00 645.74
921.30 22.24 20.49 19.72 349.80 211.49 25.29 0.00
0.00 846.72
898.00 21.24 18.72 17.56 346.19 212.55 21.66 0.00
0.00 1069.83
872.90 20.34 17.26 15.77 344.45 217.98 17.99 0.10
0.00 1315.75
844.80 18.94 16.34 15.06 345.56 233.45 14.02 0.20
0.00 1598.36
813.70 16.94 15.28 14.44 346.82 251.57 12.28 0.30
0.00 1920.43
779.70 14.64 12.80 11.78 343.49 273.95 11.29 0.30
0.00 2284.04
742.90 13.24 8.73 5.59 335.99 271.85 12.04 0.30
0.00 2692.65
703.30 11.64 4.14 -3.28 328.89 266.37 12.26 0.30
0.00 3152.24
660.90 7.84 0.62 -8.17 326.73 245.85 12.35 0.20
0.00 3668.29
615.60 2.44 -3.27 -11.52 325.26 221.35 12.94 0.10
0.00 4247.70
567.80 -3.16 -8.26 -18.51 322.83 226.47 16.08 0.00
0.00 4893.93
521.50 -7.46 -11.93 -22.98 324.15 230.30 13.38 -0.10
0.00 5561.35
479.80 -10.56 -13.07 -18.13 330.65 249.83 10.14 -0.20
0.00 6206.32
442.40 -14.36 -15.53 -17.91 334.19 266.47 15.77 -0.20
12.00 6826.35
408.80 -17.76 -18.75 -21.13 336.05 269.44 20.01 -0.10
0.00 7421.47
378.20 -20.96 -22.57 -27.94 336.79 246.04 21.04 -0.10
1.00 7999.94
350.80 -24.36 -26.58 -39.09 337.08 246.04 26.79 0.00
0.00 8551.60
326.00 -28.26 -29.74 -38.57 339.01 239.59 31.08 0.00
0.00 9081.48
303.70 -31.76 -33.02 -42.79 340.50 234.83 35.41 0.00
0.00 9585.88
283.70 -35.26 -36.37 -48.27 341.68 231.92 33.06 -0.10
0.00 10063.81
265.60 -38.96 -39.77 -50.55 342.64 226.55 30.50 -0.20
0.00 10519.35
248.80 -42.96 -43.43 -50.52 343.18 223.94 29.68 -0.20
0.00 10963.48
233.60 -46.96 -47.20 -51.65 343.30 227.53 31.08 -0.20
0.00 11384.59
219.60 -50.56 -50.71 -54.21 343.73 230.91 32.03 -0.10
36.00 11790.55
205.70 -54.16 -54.28 -58.42 344.38 235.22 34.05 0.00
24.00 12213.17
191.70 -56.26 -56.43 -65.45 347.84 245.80 33.64 0.10
1.00 12662.85
177.70 -57.46 -57.67 -73.70 353.40 252.71 30.71 0.10
0.00 13142.98
163.80 -59.56 -59.73 -74.24 358.20 250.56 28.01 0.00
0.00 13654.72
149.80 -62.26 -62.39 -74.84 362.82 241.90 25.99 0.00
0.00 14209.78
135.90 -64.66 -64.76 -75.48 368.81 241.12 30.17 0.00
0.00 14807.51
121.90 -64.86 -64.97 -76.19 380.08 251.57 30.11 0.00
0.00 15470.68
108.00 -63.76 -9999.00 -9999.00 -9999.00 250.59 18.12 0.00
0.00 16210.79
94.00 -64.16 -9999.00 -9999.00 -9999.00 227.33 16.90 0.00
0.00 17060.92
81.00 -62.76 -9999.00 -9999.00 -9999.00 266.68 13.42 0.00
0.00 17974.52
70.60 -60.86 -9999.00 -9999.00 -9999.00 281.77 4.76 0.00
0.00 18824.63
62.20 -59.26 -9999.00 -9999.00 -9999.00 108.43 1.22 0.00
0.00 19614.76
54.30 -58.16 -9999.00 -9999.00 -9999.00 50.91 4.00 0.00
0.00 20467.36
46.90 -56.06 -9999.00 -9999.00 -9999.00 63.43 8.68 0.00
0.00 21393.84
40.10 -54.86 -9999.00 -9999.00 -9999.00 56.08 13.58 0.00
0.00 22391.97
33.80 -51.86 -9999.00 -9999.00 -9999.00 58.12 18.76 0.00
0.00 23491.57
27.80 -48.96 -9999.00 -9999.00 -9999.00 72.98 19.91 0.00
0.00 24765.72
22.30 -47.16 -9999.00 -9999.00 -9999.00 83.59 17.40 0.00
0.00 26218.19
17.10 -44.86 -9999.00 -9999.00 -9999.00 75.07 24.13 0.00
0.00 27983.48
12.30 -43.16 -9999.00 -9999.00 -9999.00 74.58 29.22 0.00
0.00 30193.38

STID = KMDW STNM = 725340 TIME = 200810/0500 
SLAT = 41.78 SLON = -87.75 SELV = 183.0
STIM = 13

SHOW = -5.34 LIFT = -6.69 SWET = 329.62 KINX = 29.21
LCLP = 963.96 PWAT = 44.49 TOTL = 53.91 CAPE = 2057.03
LCLT = 295.93 CINS = -51.81 EQLV = 177.74 LFCT = 693.90
BRCH = 115.39

PRES TMPC TMWC DWPC THTE DRCT SKNT OMEG
CFRL HGHT
992.30 25.24 23.84 23.26 353.21 187.35 6.08 0.00
0.00 191.90
989.30 25.34 23.72 23.06 353.15 188.62 12.98 0.00
0.00 218.64
983.80 25.04 23.51 22.88 353.07 190.30 15.21 0.00
0.00 267.85
974.30 24.64 23.16 22.55 353.02 195.07 20.92 -0.10
0.00 353.41
960.40 24.14 22.61 21.97 352.77 202.31 24.57 -0.10
0.00 479.89
942.50 23.04 21.74 21.17 351.78 209.05 25.99 -0.20
0.00 645.00
921.20 21.64 20.63 20.16 350.41 215.03 25.39 -0.30
10.00 844.70
897.90 21.14 19.07 18.12 347.64 221.95 20.63 -0.20
2.00 1067.64
872.70 20.34 17.73 16.50 346.38 223.53 16.08 -0.20
0.00 1314.62
844.60 18.94 16.83 15.81 347.53 230.77 12.30 -0.10
0.00 1597.41
813.50 17.04 15.16 14.20 346.38 251.18 9.03 -0.20
0.00 1919.65
779.60 15.24 11.93 9.98 340.38 285.26 8.86 -0.10
0.00 2282.54
742.80 13.94 7.98 3.47 333.58 277.25 10.76 -0.10
0.00 2691.84
703.20 11.74 4.08 -3.60 328.71 263.66 12.32 -0.10
0.00 3151.97
660.80 7.54 0.64 -7.61 326.84 243.07 13.73 -0.10
0.00 3667.93
615.50 2.34 -3.40 -11.81 324.97 223.99 15.66 -0.20
0.00 4247.02
567.80 -3.36 -8.26 -17.93 322.85 225.47 16.90 -0.20
0.00 4891.60
521.50 -7.56 -12.58 -27.23 322.77 232.99 15.81 -0.10
0.00 5558.59
479.80 -11.16 -14.09 -20.85 328.56 245.85 12.35 -0.10
0.00 6202.55
442.40 -14.56 -15.71 -18.08 333.83 271.51 14.76 -0.10
0.00 6821.56
408.70 -18.46 -19.29 -21.33 335.05 261.54 14.53 0.10
14.00 7417.46
378.20 -20.86 -23.28 -33.52 335.41 236.85 22.73 0.20
0.00 7993.35
350.80 -24.66 -27.16 -44.90 336.02 242.68 26.24 0.30
0.00 8544.69
326.00 -28.46 -30.07 -40.61 338.43 234.67 31.92 0.30
0.00 9074.00
303.70 -31.76 -33.17 -45.34 340.23 231.72 36.38 0.30
0.00 9578.17
283.70 -35.66 -36.52 -44.43 341.47 230.19 37.94 0.30
0.00 10055.69
265.60 -39.46 -40.17 -49.39 341.99 228.25 38.79 0.20
0.00 10510.38
248.80 -43.26 -43.82 -53.96 342.53 228.76 39.78 0.10
0.00 10953.75
233.50 -46.86 -47.25 -56.32 343.25 225.21 36.95 -0.10
0.00 11377.51
219.60 -50.36 -50.61 -57.90 343.87 224.53 33.80 -0.10
66.00 11780.92
205.70 -53.76 -53.97 -62.77 344.88 229.40 32.25 -0.10
43.00 12204.11
191.70 -56.06 -56.29 -73.19 348.07 241.68 31.12 -0.10
0.00 12654.40
177.70 -58.16 -58.35 -73.70 352.25 248.40 31.14 -0.10
0.00 13133.97
163.80 -59.86 -60.02 -74.24 357.70 245.62 29.64 -0.10
0.00 13644.52
149.80 -61.76 -61.90 -74.84 363.68 241.33 28.34 -0.10
0.00 14199.84
135.90 -64.26 -64.36 -75.48 369.52 238.21 27.66 -0.10
0.00 14798.85
121.90 -65.26 -9999.00 -9999.00 -9999.00 249.35 28.65 0.00
0.00 15462.02
108.00 -64.06 -9999.00 -9999.00 -9999.00 253.97 17.58 0.00
0.00 16200.88
94.00 -64.36 -9999.00 -9999.00 -9999.00 235.56 16.49 0.00
0.00 17050.00
81.00 -63.36 -9999.00 -9999.00 -9999.00 270.00 12.43 0.00
0.00 17961.86
70.60 -60.86 -9999.00 -9999.00 -9999.00 244.80 3.65 0.00
0.00 18810.76
62.20 -59.36 -9999.00 -9999.00 -9999.00 144.78 4.04 0.00
0.00 19600.70
54.30 -58.16 -9999.00 -9999.00 -9999.00 75.53 6.22 0.00
0.00 20453.11
46.90 -56.36 -9999.00 -9999.00 -9999.00 74.36 10.08 0.00
0.00 21378.94
40.10 -54.66 -9999.00 -9999.00 -9999.00 63.43 14.34 0.00
0.00 22376.85
33.80 -51.66 -9999.00 -9999.00 -9999.00 65.27 19.04 0.00
0.00 23477.44
27.80 -48.76 -9999.00 -9999.00 -9999.00 76.24 19.60 0.00
0.00 24752.74
22.30 -47.16 -9999.00 -9999.00 -9999.00 76.83 18.75 0.00
0.00 26205.86
17.10 -44.86 -9999.00 -9999.00 -9999.00 77.28 24.69 0.00
0.00 27971.14
12.30 -43.16 -9999.00 -9999.00 -9999.00 74.12 24.84 0.00
0.00 30181.04

STID = KMDW STNM = 725340 TIME = 200810/0600 
SLAT = 41.78 SLON = -87.75 SELV = 183.0
STIM = 14

SHOW = -5.73 LIFT = -6.64 SWET = 345.91 KINX = 31.70
LCLP = 967.81 PWAT = 46.18 TOTL = 54.13 CAPE = 1936.57
LCLT = 295.85 CINS = -46.17 EQLV = 181.25 LFCT = 795.70
BRCH = 170.27

PRES TMPC TMWC DWPC THTE DRCT SKNT OMEG
CFRL HGHT
992.50 24.84 23.63 23.12 352.21 189.46 4.72 0.00
0.00 192.77
989.50 24.94 23.50 22.91 352.12 192.09 11.13 0.00
0.00 219.46
984.00 24.74 23.32 22.73 352.16 194.04 13.62 0.00
0.00 268.61
974.50 24.24 22.93 22.38 351.93 200.08 19.23 0.00
0.00 354.04
960.60 23.64 22.32 21.75 351.40 205.23 22.34 0.00
0.00 480.28
942.70 22.84 21.67 21.16 351.46 215.11 23.99 0.00
0.00 645.16
921.40 22.04 20.79 20.24 351.13 225.71 22.26 0.00
0.00 844.88
898.10 21.44 19.71 18.94 350.35 229.09 19.27 0.00
0.00 1068.09
872.90 20.34 18.44 17.56 349.25 227.77 17.06 0.00
0.00 1315.27
844.70 18.74 17.08 16.28 348.53 227.08 15.11 0.00
0.00 1599.04
813.60 16.74 15.32 14.59 346.98 234.34 10.99 -0.20
1.00 1921.03
779.70 14.64 12.39 11.10 341.99 262.50 7.44 -0.20
0.00 2283.43
742.90 13.04 8.47 5.23 335.17 272.60 8.55 -0.20
0.00 2691.82
703.30 11.14 4.41 -1.94 329.70 256.93 11.17 0.10
0.00 3150.88
660.90 7.24 0.76 -6.76 327.17 245.12 14.78 0.30
0.00 3666.05
615.50 2.24 -3.40 -11.62 324.98 227.77 17.06 0.40
0.00 4246.01
567.80 -3.36 -8.23 -17.79 322.92 230.27 17.93 0.40
0.00 4890.48
521.50 -7.46 -11.97 -23.27 324.05 237.85 16.06 0.30
0.00 5557.67
479.80 -11.06 -13.54 -18.75 329.69 249.86 12.41 0.20
0.00 6202.00
442.40 -14.56 -15.82 -18.48 333.60 273.63 12.26 0.00
0.00 6821.17
408.70 -18.46 -19.48 -22.09 334.67 232.56 15.66 -0.10
11.00 7417.04
378.20 -20.86 -23.96 -42.51 334.06 237.90 25.21 -0.20
0.00 7992.84
350.80 -24.96 -27.35 -44.02 335.69 243.80 27.27 -0.20
0.00 8543.80
326.00 -28.86 -30.68 -45.56 337.34 234.76 29.97 -0.20
0.00 9072.34
303.70 -32.46 -33.96 -50.03 338.88 232.45 32.83 -0.10
0.00 9575.33
283.60 -36.36 -37.22 -45.96 340.34 229.30 36.64 0.00
0.00 10053.91
265.60 -40.16 -40.73 -47.87 341.09 226.99 39.59 0.00
0.00 10504.82
248.80 -43.76 -44.16 -50.52 341.99 228.17 42.23 0.00
0.00 10947.05
233.50 -47.26 -47.56 -53.70 342.77 231.34 41.05 0.00
0.00 11369.99
219.60 -49.96 -50.28 -60.55 344.40 231.63 35.68 -0.10
16.00 11773.40
205.70 -52.76 -53.06 -67.88 346.36 232.56 31.31 -0.10
0.00 12197.92
191.70 -55.46 -55.71 -73.19 349.03 238.91 30.85 -0.10
0.00 12649.86
177.70 -58.26 -58.45 -73.70 352.09 241.50 30.94 0.00
0.00 13129.98
163.80 -60.36 -60.51 -74.24 356.86 236.61 30.71 0.10
0.00 13639.81
149.80 -61.66 -61.80 -74.84 363.85 238.68 32.52 0.10
0.00 14194.62
135.90 -63.36 -63.48 -75.48 371.11 244.64 29.02 0.10
0.00 14795.05
121.90 -65.26 -9999.00 -9999.00 -9999.00 244.57 26.24 0.00
0.00 15459.65
108.00 -64.16 -9999.00 -9999.00 -9999.00 259.80 19.74 0.00
0.00 16198.34
94.00 -64.86 -9999.00 -9999.00 -9999.00 244.44 14.86 0.00
0.00 17046.24
81.00 -63.16 -9999.00 -9999.00 -9999.00 256.46 10.78 0.00
0.00 17957.44
70.60 -60.16 -9999.00 -9999.00 -9999.00 195.71 6.45 0.00
0.00 18808.15
62.20 -59.06 -9999.00 -9999.00 -9999.00 139.97 6.33 0.00
0.00 19599.95
54.30 -58.26 -9999.00 -9999.00 -9999.00 93.18 7.01 0.00
0.00 20452.75
46.90 -57.06 -9999.00 -9999.00 -9999.00 77.80 7.36 0.00
0.00 21376.87
40.10 -55.76 -9999.00 -9999.00 -9999.00 61.03 12.43 0.00
0.00 22370.65
33.80 -52.46 -9999.00 -9999.00 -9999.00 75.65 17.25 0.00
0.00 23466.49
27.80 -49.56 -9999.00 -9999.00 -9999.00 77.20 17.52 0.00
0.00 24737.21
22.30 -47.26 -9999.00 -9999.00 -9999.00 72.68 18.92 0.00
0.00 26187.43
17.10 -45.36 -9999.00 -9999.00 -9999.00 73.84 21.64 0.00
0.00 27950.38
12.30 -43.26 -50.83 -89.89 807.85 65.73 25.99 0.00
0.00 30157.39

STID = KMDW STNM = 725340 TIME = 200810/0700 
SLAT = 41.78 SLON = -87.75 SELV = 183.0
STIM = 15

SHOW = -5.79 LIFT = -6.70 SWET = 350.70 KINX = 33.50
LCLP = 969.41 PWAT = 45.84 TOTL = 54.74 CAPE = 1917.65
LCLT = 295.68 CINS = -71.62 EQLV = 188.21 LFCT = 776.21
BRCH = 168.58

PRES TMPC TMWC DWPC THTE DRCT SKNT OMEG
CFRL HGHT
992.70 24.54 23.41 22.92 351.14 190.89 5.15 0.00
0.00 192.76
989.70 24.54 23.28 22.75 351.06 193.35 11.77 0.00
0.00 219.41
984.20 24.24 23.09 22.59 351.04 193.84 13.81 0.00
0.00 268.47
974.80 23.84 22.73 22.24 350.92 199.16 19.54 0.00
0.00 352.84
960.80 23.34 22.21 21.71 350.87 204.11 22.34 0.10
0.00 479.80
943.00 22.64 21.87 21.51 352.29 217.07 21.91 0.10
9.00 643.59
921.60 22.54 20.60 19.76 350.24 234.58 21.45 0.10
6.00 844.29
898.30 22.04 19.15 17.85 347.92 240.52 20.53 0.10
0.00 1067.77
873.10 20.64 18.29 17.21 348.60 234.16 17.25 0.10
0.00 1315.17
844.90 19.14 16.88 15.80 347.70 233.43 15.00 0.20
0.00 1599.14
813.80 17.24 14.83 13.58 345.05 240.85 11.56 0.30
0.00 1921.44
779.90 14.84 12.09 10.49 340.89 251.94 9.40 0.30
0.00 2284.05
743.10 12.74 8.62 5.76 335.64 257.74 9.15 0.30
0.00 2692.24
703.50 10.74 4.73 -0.67 330.63 246.67 10.78 0.30
0.00 3150.71
661.00 7.14 0.73 -6.69 327.09 237.41 14.06 0.30
0.00 3666.61
615.70 2.44 -3.77 -13.49 324.03 226.35 17.44 0.20
0.00 4245.20
567.90 -2.96 -8.04 -18.00 323.29 237.09 19.66 -0.10
0.00 4891.49
521.60 -7.96 -10.48 -14.97 327.27 240.16 15.23 -0.20
0.00 5558.66
479.80 -11.26 -12.97 -16.19 330.88 247.99 9.85 -0.20
0.00 6203.93
442.40 -14.86 -16.16 -18.96 332.94 273.73 8.95 -0.20
0.00 6822.57
408.70 -18.66 -20.07 -24.01 333.55 230.67 18.08 -0.10
8.00 7417.80
378.20 -21.76 -24.38 -38.10 333.40 232.77 24.40 0.10
0.00 7992.34
350.80 -25.46 -27.85 -46.37 334.82 240.46 26.79 0.20
0.00 8541.77
326.00 -29.26 -31.16 -49.41 336.50 238.97 29.02 0.30
0.00 9069.32
303.70 -33.16 -34.60 -51.47 337.81 233.13 32.05 0.40
0.00 9571.16
283.70 -36.96 -37.97 -51.31 339.04 229.91 35.30 0.40
0.00 10045.96
265.60 -40.46 -41.19 -52.61 340.33 226.20 39.30 0.40
0.00 10498.40
248.80 -43.96 -44.46 -53.96 341.48 226.11 42.58 0.40
0.00 10940.14
233.50 -47.06 -47.54 -61.80 342.77 230.59 43.75 0.30
0.00 11363.06
219.60 -49.26 -49.72 -72.27 345.30 233.24 39.28 0.20
0.00 11767.26
205.70 -52.06 -52.41 -72.71 347.42 232.43 35.04 0.10
0.00 12193.12
191.70 -54.96 -55.22 -73.19 349.83 235.33 34.48 0.00
0.00 12646.29
177.70 -57.26 -57.47 -73.70 353.73 237.74 32.38 -0.10
0.00 13128.08
163.80 -60.06 -60.22 -74.24 357.36 231.84 31.12 -0.10
0.00 13639.46
149.80 -61.96 -62.09 -74.84 363.33 236.78 32.96 -0.10
0.00 14194.27
135.90 -63.26 -63.38 -75.48 371.28 249.81 32.07 -0.10
0.00 14794.42
121.90 -64.86 -9999.00 -9999.00 -9999.00 249.80 25.87 -0.10
0.00 15459.81
108.00 -65.76 -9999.00 -9999.00 -9999.00 254.53 22.57 0.00
0.00 16196.37
94.00 -64.56 -9999.00 -9999.00 -9999.00 226.29 18.28 0.10
0.00 17041.63
81.00 -62.06 -9999.00 -9999.00 -9999.00 223.07 12.24 0.00
0.00 17955.89
70.60 -59.76 -9999.00 -9999.00 -9999.00 185.08 8.78 0.00
0.00 18809.61
62.20 -59.26 -9999.00 -9999.00 -9999.00 147.26 3.22 0.00
0.00 19601.78
54.30 -58.56 -9999.00 -9999.00 -9999.00 105.52 3.63 0.00
0.00 20453.59
46.90 -58.16 -9999.00 -9999.00 -9999.00 78.31 5.75 0.00
0.00 21374.70
40.10 -56.56 -9999.00 -9999.00 -9999.00 63.03 12.43 0.00
0.00 22364.13
33.80 -52.66 -9999.00 -9999.00 -9999.00 75.35 17.68 0.00
0.00 23457.47
27.80 -49.56 -9999.00 -9999.00 -9999.00 85.00 15.60 0.00
0.00 24727.62
22.30 -47.56 -9999.00 -9999.00 -9999.00 75.19 17.48 0.00
0.00 26176.87
17.10 -45.86 -9999.00 -9999.00 -9999.00 65.16 23.12 0.00
0.00 27936.71
12.30 -43.46 -9999.00 -9999.00 -9999.00 67.70 29.18 0.00
0.00 30140.34

STID = KMDW STNM = 725340 TIME = 200810/0800 
SLAT = 41.78 SLON = -87.75 SELV = 183.0
STIM = 16

SHOW = -5.47 LIFT = -6.89 SWET = 340.98 KINX = 34.30
LCLP = 970.27 PWAT = 45.65 TOTL = 54.63 CAPE = 1963.85
LCLT = 295.51 CINS = -80.48 EQLV = 189.81 LFCT = 753.96
BRCH = 202.04

PRES TMPC TMWC DWPC THTE DRCT SKNT OMEG
CFRL HGHT
992.00 24.24 23.19 22.73 350.25 194.04 5.61 0.00
0.00 192.75
989.00 24.24 23.10 22.60 350.31 196.34 11.73 0.00
0.00 219.40
983.60 23.94 22.92 22.47 350.38 197.93 13.89 0.00
0.00 267.54
974.10 23.44 22.60 22.21 350.44 201.70 19.44 0.00
0.00 352.76
960.20 23.14 22.27 21.88 351.27 205.20 21.89 0.00
0.00 478.78
942.30 22.14 21.78 21.58 352.01 220.27 21.64 0.00
27.00 643.42
921.00 22.44 20.67 19.90 350.64 238.39 23.72 -0.10
10.00 843.14
897.70 22.04 18.91 17.48 347.00 245.56 23.47 -0.10
0.00 1066.71
872.50 20.84 17.55 15.98 345.66 244.25 18.34 -0.20
0.00 1314.26
844.40 18.94 16.53 15.35 346.37 232.52 14.69 -0.20
0.00 1597.29
813.40 17.44 14.30 12.62 343.11 236.89 10.66 -0.10
0.00 1918.61
779.50 15.24 11.62 9.44 339.32 244.59 8.61 0.00
0.00 2281.62
742.80 12.74 8.57 5.66 335.52 250.77 8.84 0.00
0.00 2689.09
703.20 10.44 4.97 0.22 331.40 241.14 10.86 0.10
0.00 3147.55
660.70 6.94 0.86 -6.01 327.49 234.27 13.64 0.00
0.00 3663.30
615.40 2.24 -3.64 -12.52 324.42 226.37 17.17 -0.10
0.00 4241.81
567.70 -3.26 -7.34 -14.21 324.93 236.13 17.07 -0.20
0.00 4886.58
521.40 -8.36 -9.46 -11.14 329.50 241.93 13.21 -0.10
0.00 5553.42
479.60 -11.46 -12.35 -13.86 332.24 236.89 10.66 0.00
1.00 6198.48
442.30 -15.16 -16.39 -19.08 332.50 237.26 9.69 0.00
4.00 6815.15
408.60 -18.76 -21.63 -34.00 330.55 237.82 20.44 0.10
0.00 7409.91
378.20 -21.76 -24.94 -51.31 332.28 238.28 25.12 0.10
0.00 7982.33
350.70 -25.56 -28.07 -51.06 334.43 243.61 27.97 0.10
0.00 8533.67
326.00 -29.66 -31.45 -48.15 336.03 239.16 30.32 0.00
0.00 9058.62
303.70 -33.66 -34.87 -47.16 337.39 234.35 34.65 0.00
0.00 9559.54
283.60 -37.56 -38.41 -48.81 338.37 232.95 36.75 0.00
0.00 10035.71
265.60 -40.86 -41.62 -55.27 339.62 230.12 40.00 0.00
0.00 10484.77
248.70 -43.96 -44.63 -63.51 341.22 231.38 42.02 -0.10
0.00 10928.83
233.50 -46.76 -47.30 -66.97 343.14 233.35 40.68 -0.10
0.00 11349.34
219.60 -49.56 -49.98 -67.41 344.89 233.89 38.23 -0.10
0.00 11753.54
205.70 -52.46 -52.77 -67.88 346.83 235.58 38.15 -0.10
0.00 12178.73
191.70 -54.86 -55.13 -73.19 349.99 240.26 37.59 -0.10
0.00 12631.60
177.70 -56.96 -57.18 -73.70 354.22 244.02 34.15 -0.10
0.00 13113.83
163.80 -59.96 -60.12 -74.24 357.53 236.93 29.90 -0.10
0.00 13625.69
149.80 -62.86 -62.97 -74.84 361.78 234.00 33.37 -0.10
0.00 14179.45
135.90 -63.96 -64.07 -75.48 370.05 248.37 36.36 0.00
0.00 14777.31
121.90 -64.76 -9999.00 -9999.00 -9999.00 253.13 24.77 0.00
0.00 15441.76
108.00 -65.76 -9999.00 -9999.00 -9999.00 243.43 23.89 0.00
0.00 16178.49
94.00 -62.96 -9999.00 -9999.00 -9999.00 229.64 20.40 0.00
0.00 17027.00
81.00 -61.56 -9999.00 -9999.00 -9999.00 233.97 10.57 0.00
0.00 17945.83
70.60 -60.16 -9999.00 -9999.00 -9999.00 212.01 7.32 0.00
0.00 18799.76
62.20 -59.36 -9999.00 -9999.00 -9999.00 240.26 3.13 0.00
0.00 19591.00
54.30 -58.36 -9999.00 -9999.00 -9999.00 30.96 1.13 0.00
0.00 20443.01
46.90 -58.26 -9999.00 -9999.00 -9999.00 54.29 7.65 0.00
0.00 21364.34
40.10 -55.16 -9999.00 -9999.00 -9999.00 68.79 13.97 0.00
0.00 22356.74
33.80 -51.16 -9999.00 -9999.00 -9999.00 76.80 16.16 0.00
0.00 23457.34
27.80 -48.86 -9999.00 -9999.00 -9999.00 74.96 13.48 0.00
0.00 24733.78
22.30 -48.16 -9999.00 -9999.00 -9999.00 77.40 16.92 0.00
0.00 26183.35
17.10 -45.06 -9999.00 -9999.00 -9999.00 73.93 23.85 0.00
0.00 27943.97
12.30 -42.86 -9999.00 -9999.00 -9999.00 72.87 29.68 0.00
0.00 30154.35

STID = KMDW STNM = 725340 TIME = 200810/0900 
SLAT = 41.78 SLON = -87.75 SELV = 183.0
STIM = 17

SHOW = -4.85 LIFT = -7.05 SWET = 317.26 KINX = 35.76
LCLP = 973.53 PWAT = 47.20 TOTL = 53.61 CAPE = 2022.15
LCLT = 295.52 CINS = -79.80 EQLV = 189.44 LFCT = 749.16
BRCH = 342.41

PRES TMPC TMWC DWPC THTE DRCT SKNT OMEG
CFRL HGHT
991.70 23.94 23.07 22.68 349.77 190.30 4.35 0.00
0.00 192.74
988.70 23.94 22.99 22.56 349.85 193.50 9.98 0.00
0.00 219.37
983.20 23.64 22.82 22.44 349.97 195.17 11.87 0.00
0.00 268.37
973.80 23.24 22.56 22.23 350.31 200.26 17.39 0.00
0.00 352.65
959.90 22.64 22.20 21.97 350.98 206.04 19.02 0.00
9.00 478.57
942.00 22.64 21.77 21.38 352.04 231.10 21.97 -0.10
26.00 643.26
920.70 22.74 21.19 20.53 353.03 237.32 24.46 -0.20
0.00 843.33
897.40 21.54 20.03 19.36 351.86 246.09 22.53 -0.20
2.00 1067.06
872.20 20.44 17.82 16.59 346.82 247.65 18.90 -0.20
0.00 1314.49
844.10 18.84 16.18 14.85 345.03 233.29 14.30 -0.20
0.00 1597.39
813.20 17.34 14.09 12.33 342.37 227.07 11.40 -0.20
0.00 1917.60
779.30 15.44 11.28 8.71 338.19 235.62 8.94 -0.10
0.00 2280.70
742.60 12.74 8.73 5.96 336.05 239.42 9.93 -0.10
0.00 2688.37
703.00 9.94 5.45 1.78 332.87 236.79 12.76 -0.10
0.00 3146.67
660.60 6.34 1.66 -3.04 329.70 236.08 13.58 0.00
0.00 3660.56
615.30 1.74 -2.75 -8.53 326.66 229.81 14.74 0.00
0.00 4238.34
567.60 -3.46 -6.57 -11.20 326.69 233.29 14.30 0.10
0.00 4882.69
521.20 -8.16 -8.97 -10.14 330.63 245.85 12.35 0.20
0.00 5551.33
479.50 -11.06 -12.40 -14.74 332.15 242.59 11.81 0.20
0.00 6195.78
442.20 -15.36 -17.30 -22.24 330.72 234.20 14.61 0.10
0.00 6812.71
408.60 -18.96 -22.28 -41.02 329.30 242.53 21.89 0.10
0.00 7405.17
378.10 -22.06 -25.26 -58.03 331.70 247.41 26.30 0.00
0.00 7978.92
350.70 -26.06 -28.53 -54.08 333.63 247.23 27.60 0.00
0.00 8527.44
326.00 -30.26 -32.01 -50.11 335.08 238.66 30.24 0.00
0.00 9051.21
303.70 -34.16 -35.53 -54.16 336.28 235.95 33.99 0.00
0.00 9550.97
283.60 -38.06 -39.01 -53.75 337.37 237.53 35.45 0.00
0.00 10026.11
265.60 -41.36 -42.08 -55.27 338.89 239.09 36.67 0.00
0.00 10474.21
248.70 -43.86 -44.52 -61.32 341.42 239.40 37.00 0.00
0.00 10917.88
233.50 -46.66 -47.21 -66.97 343.29 236.48 37.28 0.10
0.00 11338.57
219.60 -49.66 -50.07 -67.41 344.73 233.36 38.73 0.00
0.00 11742.78
205.70 -52.56 -52.87 -67.88 346.68 234.40 40.38 0.00
0.00 12167.77
191.70 -55.06 -55.30 -68.39 349.72 240.26 40.71 0.00
0.00 12620.33
177.70 -56.96 -57.18 -73.70 354.22 244.37 37.28 -0.10
0.00 13102.34
163.80 -59.36 -59.53 -74.24 358.54 240.47 31.92 -0.10
0.00 13614.92
149.80 -62.76 -62.88 -74.84 361.96 232.82 35.35 -0.10
0.00 14169.59
135.90 -64.26 -64.36 -75.48 369.52 243.03 37.28 -0.10
0.00 14767.17
121.90 -65.16 -9999.00 -9999.00 -9999.00 252.52 25.87 0.00
0.00 15430.50
108.00 -66.16 -9999.00 -9999.00 -9999.00 238.55 23.45 0.00
0.00 16165.82
94.00 -62.86 -9999.00 -9999.00 -9999.00 236.95 19.23 0.00
0.00 17013.72
81.00 -61.96 -9999.00 -9999.00 -9999.00 237.53 10.14 0.00
0.00 17931.90
70.60 -60.76 -9999.00 -9999.00 -9999.00 220.16 8.14 0.00
0.00 18783.81
62.20 -59.76 -9999.00 -9999.00 -9999.00 213.69 2.80 0.00
0.00 19573.20
54.30 -58.36 -9999.00 -9999.00 -9999.00 56.31 5.59 0.00
0.00 20424.41
46.90 -57.26 -9999.00 -9999.00 -9999.00 59.89 11.23 0.00
0.00 21347.89
40.10 -53.86 -9999.00 -9999.00 -9999.00 70.64 15.23 0.00
0.00 22345.56
33.80 -52.06 -9999.00 -9999.00 -9999.00 77.54 17.11 0.00
0.00 23447.16
27.80 -50.46 -9999.00 -9999.00 -9999.00 79.95 15.58 0.00
0.00 24716.45
22.30 -48.96 -9999.00 -9999.00 -9999.00 76.55 18.38 0.00
0.00 26158.27
17.10 -45.66 -9999.00 -9999.00 -9999.00 73.69 24.90 0.00
0.00 27913.45
12.30 -42.66 -50.51 -89.89 809.96 79.73 31.59 0.00
0.00 30121.91

STID = KMDW STNM = 725340 TIME = 200810/1000 
SLAT = 41.78 SLON = -87.75 SELV = 183.0
STIM = 18

SHOW = -4.64 LIFT = -6.56 SWET = 306.54 KINX = 36.69
LCLP = 978.16 PWAT = 47.68 TOTL = 52.67 CAPE = 1946.39
LCLT = 295.51 CINS = -73.99 EQLV = 190.38 LFCT = 746.87
BRCH = 249.58

PRES TMPC TMWC DWPC THTE DRCT SKNT OMEG
CFRL HGHT
991.90 23.54 22.90 22.59 348.95 180.00 3.69 0.00
0.00 192.73
988.90 23.54 22.84 22.50 349.13 183.58 9.34 0.00
0.00 219.31
983.40 23.24 22.67 22.38 349.25 185.91 11.32 0.00
0.00 268.23
974.00 22.84 22.40 22.17 349.59 192.68 15.93 -0.10
0.00 352.38
960.00 22.34 22.08 21.91 350.40 208.26 17.64 -0.10
34.00 479.03
942.20 23.24 21.66 20.98 351.47 225.00 23.89 -0.20
0.00 642.83
920.80 22.94 21.24 20.52 353.23 231.41 23.37 -0.30
0.00 844.06
897.60 21.24 20.51 20.17 353.98 243.91 20.77 -0.40
6.00 1066.81
872.40 19.84 18.53 17.92 349.74 252.54 18.12 -0.40
2.00 1313.95
844.20 18.44 16.25 15.16 345.30 240.80 15.13 -0.40
0.00 1597.45
813.20 16.94 14.14 12.63 342.56 223.15 12.78 -0.30
0.00 1918.28
779.40 15.34 11.18 8.58 337.81 225.83 9.48 -0.30
0.00 2279.98
742.70 12.64 8.85 6.27 336.44 234.83 10.45 -0.10
0.00 2687.47
703.10 9.64 5.82 2.83 333.97 236.07 12.88 0.00
0.00 3145.48
660.60 6.04 2.07 -1.71 330.83 235.54 12.02 0.20
0.00 3660.15
615.30 1.74 -2.21 -6.97 327.99 228.50 13.48 0.30
0.00 4237.77
567.50 -3.06 -5.58 -8.95 328.98 241.33 14.16 0.40
0.00 4884.19
521.20 -7.26 -9.33 -12.61 329.80 266.73 13.62 0.30
0.00 5553.07
479.50 -10.96 -13.83 -20.26 329.14 260.84 12.20 0.20
0.00 6198.43
442.20 -15.56 -18.96 -32.09 327.45 248.33 16.30 0.10
0.00 6814.90
408.60 -18.66 -22.42 -52.80 328.95 247.34 24.20 0.00
0.00 7407.29
378.10 -22.26 -25.40 -56.23 331.48 252.55 28.52 -0.20
0.00 7981.12
350.70 -26.66 -29.00 -52.96 332.87 250.71 28.81 -0.20
0.00 8528.77
326.00 -30.96 -32.69 -53.57 333.95 246.28 28.01 -0.20
0.00 9051.14
303.70 -34.86 -36.16 -55.27 335.26 242.96 31.62 -0.20
0.00 9549.44
283.60 -38.36 -39.35 -57.08 336.82 242.12 34.07 -0.20
0.00 10023.57
265.60 -41.06 -41.90 -60.81 339.15 240.85 34.69 -0.20
0.00 10471.66
248.70 -43.86 -44.54 -63.51 341.37 237.51 36.15 -0.10
0.00 10915.61
233.50 -46.86 -47.37 -63.98 343.03 234.53 38.17 -0.10
0.00 11336.12
219.60 -49.86 -50.24 -64.44 344.47 233.58 39.59 0.00
0.00 11739.97
205.70 -52.86 -53.15 -67.88 346.21 235.49 41.49 0.00
0.00 12164.49
191.70 -55.26 -55.49 -68.39 349.40 241.07 42.17 -0.10
0.00 12616.53
177.70 -57.26 -57.47 -73.70 353.73 245.22 38.93 -0.10
0.00 13097.99
163.80 -59.36 -59.53 -74.24 358.54 241.20 33.47 -0.10
0.00 13610.20
149.80 -62.36 -62.48 -74.84 362.64 229.84 35.84 0.00
0.00 14165.40
135.90 -64.26 -64.36 -75.48 369.52 235.99 38.19 0.10
0.00 14763.55
121.90 -64.96 -9999.00 -9999.00 -9999.00 243.92 30.50 0.10
0.00 15427.20
108.00 -65.36 -9999.00 -9999.00 -9999.00 235.11 25.82 0.10
0.00 16164.29
94.00 -62.96 -9999.00 -9999.00 -9999.00 247.50 20.82 0.00
0.00 17013.61
81.00 -62.56 -9999.00 -9999.00 -9999.00 243.92 10.16 0.00
0.00 17930.26
70.60 -61.36 -9999.00 -9999.00 -9999.00 225.91 8.66 0.00
0.00 18779.76
62.20 -59.96 -9999.00 -9999.00 -9999.00 168.11 3.77 0.00
0.00 19567.67
54.30 -58.76 -9999.00 -9999.00 -9999.00 73.89 9.09 0.00
0.00 20417.69
46.90 -56.76 -9999.00 -9999.00 -9999.00 61.31 11.73 0.00
0.00 21341.38
40.10 -53.96 -9999.00 -9999.00 -9999.00 74.41 17.35 0.00
0.00 22339.97
33.80 -53.26 -9999.00 -9999.00 -9999.00 92.27 19.64 0.00
0.00 23438.31
27.80 -51.56 -9999.00 -9999.00 -9999.00 92.52 17.70 0.00
0.00 24701.03
22.30 -49.06 -9999.00 -9999.00 -9999.00 67.65 18.90 0.00
0.00 26138.98
17.10 -45.96 -9999.00 -9999.00 -9999.00 67.17 24.03 0.00
0.00 27892.61
12.30 -43.56 -50.99 -89.89 806.80 77.03 30.30 0.00
0.00 30095.28

STID = KMDW STNM = 725340 TIME = 200810/1100 
SLAT = 41.78 SLON = -87.75 SELV = 183.0
STIM = 19

SHOW = -5.00 LIFT = -6.41 SWET = 315.45 KINX = 36.26
LCLP = 977.21 PWAT = 47.03 TOTL = 52.66 CAPE = 1883.81
LCLT = 295.39 CINS = -74.51 EQLV = 192.31 LFCT = 736.84
BRCH = 180.34

PRES TMPC TMWC DWPC THTE DRCT SKNT OMEG
CFRL HGHT
992.40 23.54 22.83 22.49 348.55 171.87 4.12 0.00
0.00 191.84
989.30 23.34 22.69 22.38 348.44 176.35 9.15 0.00
0.00 219.29
983.80 23.04 22.53 22.26 348.55 178.96 10.68 0.00
0.00 268.15
974.40 22.64 22.24 22.02 348.79 188.24 14.92 0.00
0.00 352.20
960.40 22.34 21.87 21.62 349.40 207.37 18.59 0.00
41.00 478.74
942.50 23.44 21.75 21.04 351.86 227.15 21.99 0.00
10.00 643.44
921.20 23.04 21.34 20.63 353.64 234.40 21.02 0.00
0.00 843.76
897.90 21.44 20.72 20.38 354.86 242.13 19.11 -0.10
2.00 1067.52
872.70 19.34 19.07 18.90 351.98 250.13 17.15 -0.10
19.00 1314.54
844.50 18.04 16.58 15.85 346.55 242.76 14.86 -0.10
3.00 1597.63
813.50 16.74 14.21 12.85 342.76 223.23 13.33 0.00
0.00 1918.09
779.60 15.34 11.40 8.99 338.55 214.56 10.61 0.00
0.00 2280.67
742.80 12.74 8.75 6.01 336.10 229.64 10.20 0.10
0.00 2689.27
703.20 9.84 5.73 2.46 333.66 232.13 11.07 0.20
0.00 3147.41
660.70 6.34 2.09 -1.98 330.86 230.86 10.76 0.30
0.00 3662.42
615.30 2.14 -1.70 -6.12 329.25 242.62 12.26 0.30
0.00 4242.03
567.50 -2.36 -5.72 -10.44 328.63 272.35 14.20 0.20
0.00 4889.73
521.20 -6.66 -11.07 -20.92 325.95 288.43 15.37 0.00
0.00 5559.87
479.60 -11.26 -15.29 -27.61 326.12 277.65 13.13 -0.10
0.00 6203.57
442.20 -15.76 -19.57 -37.95 326.26 253.50 16.41 -0.20
0.00 6820.83
408.60 -18.96 -22.70 -57.41 328.43 252.45 23.83 -0.20
0.00 7412.59
378.20 -23.06 -26.06 -60.30 330.31 259.73 27.23 0.00
0.00 7983.21
350.70 -27.46 -29.67 -54.08 331.74 256.46 27.37 0.10
0.00 8531.00
326.00 -31.46 -33.11 -53.57 333.27 249.81 28.15 0.00
0.00 9051.99
303.70 -35.06 -36.29 -53.18 335.06 239.59 31.08 -0.10
0.00 9549.57
283.60 -38.36 -39.35 -57.08 336.82 238.70 33.64 -0.10
0.00 10023.50
265.60 -41.16 -42.01 -63.02 338.96 239.20 35.28 -0.10
0.00 10471.49
248.70 -44.16 -44.82 -63.51 340.92 235.08 37.67 -0.10
0.00 10915.06
233.50 -47.06 -47.56 -63.98 342.73 232.17 39.59 0.00
0.00 11335.11
219.60 -49.96 -50.33 -64.44 344.32 233.99 41.30 0.00
0.00 11738.68
205.70 -52.76 -53.06 -67.88 346.36 238.21 43.88 0.00
0.00 12163.20
191.70 -55.26 -55.49 -68.39 349.40 242.19 44.13 0.00
0.00 12615.35
177.70 -57.26 -57.47 -73.70 353.73 243.56 41.01 0.00
0.00 13096.80
163.80 -59.16 -59.34 -74.24 358.87 238.23 35.41 0.10
0.00 13609.26
149.80 -61.76 -61.90 -74.84 363.68 227.11 37.39 0.10
0.00 14165.50
135.90 -63.76 -63.87 -75.48 370.40 235.78 40.40 0.10
0.00 14765.22
121.90 -63.66 -9999.00 -9999.00 -9999.00 246.63 34.29 0.10
0.00 15431.73
108.00 -64.16 -64.30 -76.97 394.78 235.60 26.13 0.00
0.00 16173.26
94.00 -63.36 -9999.00 -9999.00 -9999.00 250.45 22.05 0.00
0.00 17024.21
81.00 -62.26 -9999.00 -9999.00 -9999.00 236.59 10.94 0.00
0.00 17940.64
70.60 -60.86 -9999.00 -9999.00 -9999.00 240.40 9.83 0.00
0.00 18791.75
62.20 -59.76 -9999.00 -9999.00 -9999.00 137.73 2.89 0.00
0.00 19580.95
54.30 -59.16 -9999.00 -9999.00 -9999.00 73.30 8.12 0.00
0.00 20430.58
46.90 -55.46 -9999.00 -9999.00 -9999.00 55.18 10.88 0.00
0.00 21356.20
40.10 -53.76 -9999.00 -9999.00 -9999.00 88.07 17.31 0.00
0.00 22358.22
33.80 -52.16 -9999.00 -9999.00 -9999.00 111.04 16.24 0.00
0.00 23459.82
27.80 -50.36 -9999.00 -9999.00 -9999.00 83.42 15.25 0.00
0.00 24729.11
22.30 -48.26 -9999.00 -9999.00 -9999.00 60.32 20.78 0.00
0.00 26173.52
17.10 -46.16 -9999.00 -9999.00 -9999.00 63.62 26.24 0.00
0.00 27929.48
12.30 -44.36 -9999.00 -9999.00 -9999.00 76.16 27.60 0.00
0.00 30127.32

STID = KMDW STNM = 725340 TIME = 200810/1200 
SLAT = 41.78 SLON = -87.75 SELV = 183.0
STIM = 20

SHOW = -6.12 LIFT = -6.44 SWET = 343.91 KINX = 36.54
LCLP = 974.33 PWAT = 46.52 TOTL = 53.74 CAPE = 1828.07
LCLT = 295.29 CINS = -65.07 EQLV = 197.15 LFCT = 726.08
BRCH = 100.57

PRES TMPC TMWC DWPC THTE DRCT SKNT OMEG
CFRL HGHT
991.80 23.64 22.81 22.43 348.57 180.00 5.44 0.00
0.00 193.62
988.90 23.44 22.64 22.26 348.24 182.29 9.71 0.00
0.00 219.31
983.40 23.04 22.42 22.11 348.14 183.88 11.48 0.00
0.00 268.20
974.00 22.34 22.05 21.87 348.01 188.86 15.13 0.00
10.00 352.24
960.00 22.54 21.90 21.59 349.62 201.08 19.99 0.00
23.00 478.80
942.20 22.54 21.54 21.09 350.95 217.16 23.15 0.00
8.00 642.44
920.90 22.34 20.99 20.40 352.08 232.25 22.84 -0.10
0.00 842.28
897.60 21.64 20.50 20.00 353.94 235.01 18.98 -0.10
0.00 1065.89
872.30 19.54 19.46 19.36 353.73 242.72 13.99 0.00
100.00 1314.16
844.10 17.24 17.13 17.03 348.85 239.20 11.75 0.10
33.00 1597.22
813.10 16.34 14.34 13.27 343.32 220.29 11.71 0.30
3.00 1917.31
779.20 15.14 11.69 9.62 339.60 210.78 10.63 0.30
0.00 2279.77
742.50 12.84 8.68 5.79 335.91 221.42 8.80 0.30
0.00 2687.42
702.90 9.94 5.56 2.02 333.21 227.56 9.21 0.20
0.00 3145.86
660.40 6.44 2.14 -1.98 331.03 237.34 8.99 0.10
0.00 3661.25
615.10 2.54 -1.85 -7.08 328.89 279.29 10.82 0.00
0.00 4240.28
567.40 -1.76 -7.09 -16.77 325.40 298.72 16.16 0.00
0.00 4887.68
521.10 -6.76 -11.85 -25.46 324.29 300.26 16.20 0.00
0.00 5558.22
479.50 -11.76 -15.84 -29.44 325.06 282.15 12.92 0.00
0.00 6201.20
442.20 -15.86 -19.70 -38.88 326.02 252.32 18.55 0.00
0.00 6816.13
408.60 -19.16 -22.90 -67.94 328.05 259.41 24.30 0.10
0.00 7407.53
378.10 -23.16 -26.10 -56.23 330.29 259.57 24.69 0.30
0.00 7979.77
350.70 -27.76 -29.54 -42.83 332.05 255.96 29.64 0.30
0.00 8525.23
326.00 -31.86 -32.84 -40.06 333.80 239.22 30.75 0.20
0.00 9045.54
303.70 -35.36 -36.30 -46.21 335.07 236.31 31.51 0.10
0.00 9542.45
283.60 -38.36 -39.40 -60.30 336.73 244.29 34.93 0.10
0.00 10016.10
265.60 -41.36 -42.19 -63.02 338.67 240.49 35.49 0.10
0.00 10463.89
248.70 -44.26 -44.91 -63.51 340.78 233.76 38.77 0.10
0.00 10907.17
233.50 -47.16 -47.66 -63.98 342.58 232.10 41.10 0.10
0.00 11327.04
219.60 -49.86 -50.24 -64.44 344.47 234.90 43.92 0.10
0.00 11730.61
205.70 -52.56 -52.87 -67.88 346.68 238.10 46.68 0.10
0.00 12155.42
191.70 -54.76 -55.01 -68.39 350.20 240.83 45.82 0.00
0.00 12608.29
177.70 -56.46 -56.70 -73.70 355.04 242.59 41.36 0.00
0.00 13091.19
163.80 -58.76 -58.95 -74.24 359.54 238.35 36.29 0.00
0.00 13605.07
149.80 -61.56 -61.70 -74.84 364.02 227.51 37.67 0.00
0.00 14162.10
135.90 -64.16 -64.26 -75.48 369.69 237.17 43.01 0.00
0.00 14761.54
121.90 -63.66 -9999.00 -9999.00 -9999.00 251.10 37.78 0.00
0.00 15427.41
108.00 -63.76 -63.91 -76.97 395.53 234.93 22.32 0.00
0.00 16169.64
94.00 -63.86 -9999.00 -9999.00 -9999.00 244.63 20.86 0.00
0.00 17020.39
81.00 -61.86 -9999.00 -9999.00 -9999.00 227.66 11.83 0.00
0.00 17936.61
70.60 -60.86 -9999.00 -9999.00 -9999.00 262.57 9.01 0.00
0.00 18788.52
62.20 -60.46 -9999.00 -9999.00 -9999.00 56.31 2.10 0.00
0.00 19576.42
54.30 -59.26 -9999.00 -9999.00 -9999.00 65.38 5.13 0.00
0.00 20424.46
46.90 -55.16 -9999.00 -9999.00 -9999.00 71.82 13.69 0.00
0.00 21350.51
40.10 -54.36 -9999.00 -9999.00 -9999.00 103.05 16.36 0.00
0.00 22351.85
33.80 -51.86 -9999.00 -9999.00 -9999.00 110.35 12.84 0.00
0.00 23452.69
27.80 -50.16 -9999.00 -9999.00 -9999.00 74.15 16.36 0.00
0.00 24723.41
22.30 -48.56 -9999.00 -9999.00 -9999.00 72.71 21.56 0.00
0.00 26167.50
17.10 -45.96 -9999.00 -9999.00 -9999.00 75.77 28.46 0.00
0.00 27923.07
12.30 -44.46 -9999.00 -9999.00 -9999.00 71.69 27.21 0.00
0.00 30121.40

STID = KMDW STNM = 725340 TIME = 200810/1300 
SLAT = 41.78 SLON = -87.75 SELV = 183.0
STIM = 21

SHOW = -5.36 LIFT = -7.20 SWET = 327.40 KINX = 35.53
LCLP = 966.63 PWAT = 45.26 TOTL = 53.99 CAPE = 1991.16
LCLT = 295.43 CINS = -102.18 EQLV = 195.55 LFCT = 716.71
BRCH = 122.50

PRES TMPC TMWC DWPC THTE DRCT SKNT OMEG
CFRL HGHT
991.60 24.44 23.22 22.70 350.47 189.46 5.91 0.00
0.00 192.76
988.60 24.14 22.97 22.46 349.79 189.87 9.07 0.00
0.00 219.42
983.10 23.64 22.70 22.27 349.44 191.11 11.09 0.00
0.00 268.44
973.70 22.94 22.29 21.97 349.12 194.59 14.65 0.00
0.00 352.68
959.70 22.44 21.86 21.57 349.48 198.43 17.19 0.00
13.00 479.39
941.90 22.14 21.52 21.22 350.92 215.89 18.22 0.00
18.00 642.95
920.60 22.84 21.25 20.57 353.30 234.20 14.61 0.20
0.00 842.91
897.20 21.64 20.39 19.84 353.50 237.20 10.39 0.40
0.00 1067.75
872.00 19.14 18.78 18.57 350.85 228.27 9.63 0.50
100.00 1314.90
843.90 18.24 16.13 15.08 344.91 220.60 12.53 0.50
27.00 1597.12
812.90 17.84 13.68 11.36 340.91 224.43 13.87 0.30
0.00 1918.36
779.10 16.04 11.14 8.04 337.70 226.33 11.81 0.20
0.00 2281.06
742.40 13.44 8.35 4.68 334.86 228.09 10.18 0.10
0.00 2689.64
702.90 10.14 5.42 1.53 332.78 231.84 10.37 0.10
0.00 3147.49
660.40 6.44 2.09 -2.09 330.91 256.26 8.99 0.00
0.00 3663.02
615.10 2.54 -2.43 -8.81 327.43 295.35 12.26 -0.10
0.00 4241.96
567.40 -2.06 -7.48 -17.79 324.55 307.15 16.08 0.00
0.00 4888.88
521.20 -7.36 -11.14 -19.08 325.89 302.31 15.64 0.10
0.00 5556.90
479.50 -12.36 -15.71 -25.35 325.42 275.27 12.68 0.10
0.00 6200.10
442.20 -16.16 -19.50 -33.19 326.47 264.54 22.44 0.10
0.00 6814.07
408.60 -18.96 -22.08 -37.60 329.71 262.93 23.68 0.10
0.00 7405.46
378.10 -23.46 -25.41 -34.98 331.68 257.10 26.11 0.10
0.00 7977.73
350.70 -27.86 -28.75 -33.16 333.46 240.40 27.93 0.10
0.00 8522.90
326.00 -31.96 -32.99 -40.90 333.55 240.88 35.14 0.20
0.00 9043.06
303.70 -35.66 -36.56 -46.21 334.65 241.09 38.17 0.20
0.00 9539.55
283.60 -38.76 -39.66 -54.73 336.33 242.24 37.53 0.20
0.00 10012.50
265.60 -41.56 -42.38 -63.02 338.38 241.86 37.90 0.10
0.00 10459.72
248.70 -44.36 -45.00 -63.51 340.63 236.23 38.79 0.00
0.00 10902.71
233.50 -47.26 -47.75 -63.98 342.42 232.59 41.57 0.00
0.00 11322.39
219.60 -49.96 -50.33 -64.44 344.32 234.95 45.32 0.00
0.00 11725.79
205.70 -52.76 -53.06 -67.88 346.36 237.92 47.92 0.00
0.00 12150.31
191.70 -54.56 -54.81 -68.39 350.52 241.33 47.38 0.00
0.00 12603.18
177.70 -55.96 -56.21 -73.70 355.86 244.92 43.53 0.00
0.00 13086.85
163.80 -58.36 -58.56 -74.24 360.21 242.26 37.98 -0.10
0.00 13601.81
149.80 -61.56 -61.70 -74.84 364.02 227.43 35.61 -0.10
0.00 14159.36
135.90 -64.46 -64.56 -75.48 369.16 236.01 41.71 0.00
0.00 14758.37
121.90 -64.16 -9999.00 -9999.00 -9999.00 249.85 38.91 0.00
0.00 15422.97
108.00 -63.16 -9999.00 -9999.00 -9999.00 242.51 21.46 0.00
0.00 16165.38
94.00 -64.26 -9999.00 -9999.00 -9999.00 239.04 19.25 0.00
0.00 17016.53
81.00 -61.56 -9999.00 -9999.00 -9999.00 221.42 13.21 0.00
0.00 17932.53
70.60 -60.86 -9999.00 -9999.00 -9999.00 270.00 7.77 0.00
0.00 18785.05
62.20 -60.36 -9999.00 -9999.00 -9999.00 32.47 2.53 0.00
0.00 19573.14
54.30 -58.56 -9999.00 -9999.00 -9999.00 56.31 5.59 0.00
0.00 20422.76
46.90 -56.16 -9999.00 -9999.00 -9999.00 89.35 17.09 0.00
0.00 21348.16
40.10 -54.76 -9999.00 -9999.00 -9999.00 123.08 15.31 0.00
0.00 22346.30
33.80 -51.66 -9999.00 -9999.00 -9999.00 107.24 11.79 0.00
0.00 23446.64
27.80 -50.36 -9999.00 -9999.00 -9999.00 82.65 18.22 0.00
0.00 24717.36
22.30 -49.06 -9999.00 -9999.00 -9999.00 86.31 24.15 0.00
0.00 26159.19
17.10 -45.96 -9999.00 -9999.00 -9999.00 82.15 28.44 0.00
0.00 27912.82
12.30 -43.36 -9999.00 -9999.00 -9999.00 60.11 28.46 0.00
0.00 30116.45
STN YYMMDD/HHMM PMSL PRES SKTC STC1 SNFL WTNS
P01M C01M STC2 LCLD MCLD HCLD
SNRA UWND VWND R01M BFGR T2MS
Q2MS WXTS WXTP WXTZ WXTR USTM
VSTM HLCY SLLH WSYM CDBP VSBK
TD2M
725340 200809/1600 1017.30 996.10 36.84 310.00 -9999.00 0.00
-9999.00 -9999.00 308.10 3.00 0.00 0.00
-9999.00 -0.80 3.60 -9999.00 -9999.00 29.04
15.14 0.00 0.00 0.00 0.00 2.60
-2.60 7.40 -9999.00 999.00 -9999.00 20.00
20.14
725340 200809/1700 1016.90 995.80 39.84 313.00 0.00 100.00
0.00 0.00 311.20 8.00 0.00 0.00
-9999.00 -0.90 4.00 -9999.00 -9999.00 30.64
14.34 0.00 0.00 0.00 0.00 1.70
-1.80 30.70 -9999.00 999.00 -9999.00 20.00
19.28
725340 200809/1800 1016.40 995.30 41.44 314.60 0.00 100.00
0.00 0.00 313.00 6.00 0.00 0.00
-9999.00 -0.80 4.80 -9999.00 -9999.00 31.74
14.11 0.00 0.00 0.00 0.00 1.30
-1.50 43.30 -9999.00 999.00 -9999.00 20.00
19.02
725340 200809/1900 1016.40 995.40 41.74 314.90 0.00 100.00
0.00 0.00 313.60 9.00 0.00 0.00
-9999.00 -0.40 5.50 -9999.00 -9999.00 32.54
14.04 0.00 0.00 0.00 0.00 1.10
-1.50 56.10 -9999.00 999.00 -9999.00 20.00
18.94
725340 200809/2000 1014.70 993.60 41.14 314.30 0.00 100.00
0.00 0.00 313.40 7.00 0.00 0.00
-9999.00 0.30 5.90 -9999.00 -9999.00 32.64
14.32 0.00 0.00 0.00 0.00 0.00
-1.00 68.10 -9999.00 999.00 -9999.00 20.00
19.22
725340 200809/2100 1014.20 993.20 39.84 313.00 0.00 100.00
0.00 0.00 312.40 12.00 0.00 0.00
-9999.00 0.10 5.90 -9999.00 -9999.00 32.64
14.62 0.00 0.00 0.00 0.00 -1.00
-0.50 85.80 -9999.00 999.00 -9999.00 20.00
19.54
725340 200809/2200 1013.80 992.80 37.84 311.00 0.00 100.00
0.00 0.00 310.80 15.00 0.00 0.00
-9999.00 0.50 5.80 -9999.00 -9999.00 32.24
15.02 0.00 0.00 0.00 0.00 -1.00
-0.70 96.90 -9999.00 999.00 -9999.00 20.00
19.96
725340 200809/2300 1013.10 992.10 35.54 308.70 0.00 100.00
0.00 0.00 308.70 15.00 100.00 0.00
-9999.00 0.80 5.60 -9999.00 -9999.00 31.64
15.38 0.00 0.00 0.00 0.00 -0.80
-0.80 99.90 -9999.00 999.00 -9999.00 20.00
20.32
725340 200810/0000 1013.60 992.60 30.14 303.30 0.00 100.00
0.19 0.19 304.60 16.00 100.00 0.00
-9999.00 0.70 5.20 -9999.00 -9999.00 29.94
17.01 0.00 0.00 0.00 1.00 -1.10
-0.90 99.00 -9999.00 60.00 -9999.00 0.00
21.93
725340 200810/0100 1014.40 993.30 26.24 299.40 0.00 100.00
1.05 1.05 300.20 99.00 91.00 91.00
-9999.00 0.60 3.00 -9999.00 -9999.00 27.04
19.13 0.00 0.00 0.00 1.00 -1.00
-0.90 92.70 -9999.00 60.00 -9999.00 0.00
23.82
725340 200810/0200 1014.50 993.40 25.64 298.80 0.00 100.00
0.81 0.81 299.40 66.00 91.00 79.00
-9999.00 0.40 3.30 -9999.00 -9999.00 26.24
19.27 0.00 0.00 0.00 1.00 -1.80
1.00 108.20 -9999.00 60.00 -9999.00 0.00
23.94
725340 200810/0300 1014.50 993.30 25.24 298.40 0.00 100.00
0.12 0.12 298.80 11.00 100.00 29.00
-9999.00 0.50 2.70 -9999.00 -9999.00 25.64
19.21 0.00 0.00 0.00 1.00 -1.50
1.50 108.00 -9999.00 60.00 -9999.00 0.00
23.89
725340 200810/0400 1014.70 993.50 24.74 297.90 0.00 100.00
0.00 0.00 298.30 0.00 36.00 0.00
-9999.00 -0.10 2.80 -9999.00 -9999.00 25.04
18.91 0.00 0.00 0.00 0.00 -1.30
1.60 104.10 -9999.00 999.00 -9999.00 20.00
23.64
725340 200810/0500 1014.50 993.30 24.34 297.50 0.00 100.00
0.00 0.00 297.90 10.00 66.00 0.00
-9999.00 0.20 3.20 -9999.00 -9999.00 24.74
18.61 0.00 0.00 0.00 0.00 -1.50
2.30 93.20 -9999.00 999.00 -9999.00 20.00
23.38
725340 200810/0600 1014.80 993.60 24.14 297.30 0.00 100.00
0.00 0.00 297.50 1.00 16.00 0.00
-9999.00 0.30 2.50 -9999.00 -9999.00 24.24
18.43 0.00 0.00 0.00 0.00 -1.40
3.20 81.80 -9999.00 999.00 -9999.00 20.00
23.22
725340 200810/0700 1015.00 993.80 23.84 297.00 0.00 100.00
0.00 0.00 297.20 9.00 8.00 0.00
-9999.00 0.40 2.90 -9999.00 -9999.00 24.04
18.18 0.00 0.00 0.00 0.00 -1.30
4.40 89.90 -9999.00 999.00 -9999.00 20.00
23.01
725340 200810/0800 1014.30 993.10 23.54 296.70 0.00 100.00
0.00 0.00 297.00 27.00 4.00 0.00
-9999.00 0.70 3.00 -9999.00 -9999.00 23.74
17.97 0.00 0.00 0.00 0.00 -1.40
5.20 91.20 -9999.00 999.00 -9999.00 20.00
22.81
725340 200810/0900 1014.00 992.80 23.44 296.60 0.00 100.00
0.00 0.00 296.80 26.00 0.00 0.00
-9999.00 0.30 2.30 -9999.00 -9999.00 23.44
17.91 0.00 0.00 0.00 0.00 -1.00
1.50 83.80 -9999.00 999.00 -9999.00 20.00
22.75
725340 200810/1000 1014.20 993.00 23.24 296.40 0.00 100.00
0.00 0.00 296.50 34.00 0.00 0.00
-9999.00 -0.30 2.10 -9999.00 -9999.00 23.04
17.75 0.00 0.00 0.00 0.00 -0.10
-0.40 93.90 -9999.00 999.00 -9999.00 20.00
22.61
725340 200810/1100 1014.60 993.40 23.14 296.30 0.00 100.00
0.00 0.00 296.50 41.00 0.00 0.00
-9999.00 -0.40 2.40 -9999.00 -9999.00 23.04
17.67 0.00 0.00 0.00 0.00 -0.10
-1.50 88.00 -9999.00 999.00 -9999.00 20.00
22.55
725340 200810/1200 1014.20 993.00 23.64 296.80 0.00 100.00
0.00 0.00 296.80 100.00 0.00 0.00
-9999.00 -0.10 3.00 -9999.00 -9999.00 23.24
17.69 0.00 0.00 0.00 0.00 -0.10
-2.90 95.70 -9999.00 999.00 872.30 0.13
22.56
725340 200810/1300 1013.90 992.70 24.94 298.10 0.00 100.00
0.00 0.00 297.90 100.00 0.00 0.00
-9999.00 0.40 3.10 -9999.00 -9999.00 24.14
18.16 0.00 0.00 0.00 0.00 0.40
-4.20 60.20 -9999.00 999.00 -9999.00 0.05
22.97


