
SNPARM = PRES;TMPC;TMWC;DWPC;THTE;DRCT;SKNT;OMEG;CFRL;HGHT 
STNPRM = SHOW;LIFT;SWET;KINX;LCLP;PWAT;TOTL;CAPE;LCLT;CINS;EQLV;LFCT;BRCH 

STID = KMDW STNM = 725340 TIME = 200809/1800 
SLAT = 41.78 SLON = -87.75 SELV = 183.0
STIM = 0

SHOW = -2.02 LIFT = -5.50 SWET = 221.97 KINX = 26.92
LCLP = 858.20 PWAT = 40.12 TOTL = 49.94 CAPE = 868.93
LCLT = 291.13 CINS = -15.70 EQLV = 214.76 LFCT = 788.55
BRCH = 154.71

PRES TMPC TMWC DWPC THTE DRCT SKNT OMEG
CFRL HGHT
993.80 30.44 23.26 20.34 350.16 175.03 8.97 0.00
0.00 192.92
990.80 29.44 22.90 20.21 349.04 175.16 11.50 0.00
0.00 219.99
985.40 28.74 22.54 19.96 348.30 175.60 12.67 -0.10
0.00 268.78
975.90 27.84 22.00 19.53 347.44 177.51 13.42 -0.10
0.00 355.03
962.00 26.34 21.17 18.91 346.03 179.20 13.99 -0.20
0.00 482.21
944.10 24.54 20.52 18.75 346.17 180.80 13.99 -0.30
0.00 647.80
922.80 22.74 19.88 18.61 346.94 179.19 13.79 -0.30
0.00 847.80
899.50 20.74 18.64 17.66 345.61 178.49 14.76 -0.40
0.00 1070.48
874.20 19.04 16.53 15.25 341.38 188.75 17.89 -0.40
0.00 1317.17
846.10 17.14 14.20 12.56 337.36 196.59 19.06 -0.40
6.00 1597.67
815.00 15.74 11.86 9.43 334.25 209.12 17.56 -0.40
0.00 1917.04
781.00 13.64 11.18 9.67 337.59 227.25 14.02 -0.20
3.00 2278.12
744.10 11.34 8.46 6.47 334.99 229.71 11.71 0.00
9.00 2684.98
704.30 9.54 3.35 -2.89 326.67 210.00 15.93 0.10
1.00 3143.04
661.80 8.14 -0.30 -12.38 324.11 203.96 15.31 0.20
0.00 3657.83
616.30 3.04 -2.22 -8.98 327.69 226.68 9.34 0.10
0.00 4239.95
568.40 -2.76 -5.52 -9.23 328.94 262.09 7.05 0.00
0.00 4888.46
521.90 -8.36 -10.77 -15.17 326.59 235.62 4.47 -0.10
0.00 5558.12
480.10 -11.16 -15.57 -30.71 325.41 232.13 15.50 -0.10
0.00 6202.31
442.60 -13.36 -18.12 -43.22 328.69 235.10 20.38 -0.10
0.00 6823.53
408.90 -17.26 -21.18 -44.46 331.12 243.76 15.38 -0.10
0.00 7421.32
378.40 -20.16 -23.72 -51.31 334.34 264.22 15.42 -0.10
0.00 7998.71
350.90 -23.76 -26.73 -55.35 336.64 288.06 18.80 -0.20
0.00 8553.50
326.10 -27.56 -29.79 -50.11 338.78 300.19 24.73 -0.30
0.00 9084.52
303.80 -31.26 -32.82 -46.67 340.78 313.75 25.27 -0.20
0.00 9589.95
283.70 -34.76 -35.92 -47.76 342.44 315.36 21.56 0.00
0.00 10071.17
265.60 -38.26 -39.19 -51.87 343.59 312.14 16.51 0.10
0.00 10527.86
248.80 -42.56 -43.30 -59.58 343.36 347.23 14.94 0.10
0.00 10973.04
233.60 -46.06 -46.58 -60.07 344.29 331.26 13.73 0.00
0.00 11395.32
219.60 -49.16 -49.55 -62.27 345.60 316.36 11.54 0.00
0.00 11803.34
205.70 -51.96 -52.24 -62.77 347.71 289.75 8.04 0.00
0.00 12229.39
191.70 -54.46 -54.72 -68.39 350.68 256.33 14.80 0.00
0.00 12683.20
177.80 -57.66 -57.86 -73.70 353.02 257.42 22.30 0.00
0.00 13161.52
163.80 -60.76 -60.88 -69.50 356.24 269.05 23.31 0.00
0.00 13675.12
149.80 -62.66 -62.78 -74.84 362.13 268.67 16.71 0.00
0.00 14228.09
135.90 -64.86 -9999.00 -9999.00 -9999.00 240.35 14.53 -0.10
0.00 14824.96
121.90 -66.96 -9999.00 -9999.00 -9999.00 229.92 20.82 0.00
0.00 15484.47
108.00 -66.16 -9999.00 -9999.00 -9999.00 244.86 21.04 0.00
0.00 16216.60
94.00 -63.16 -9999.00 -9999.00 -9999.00 235.12 15.62 0.00
0.00 17063.89
81.00 -61.76 -9999.00 -9999.00 -9999.00 231.44 17.13 0.00
0.00 17981.85
70.60 -59.56 -9999.00 -9999.00 -9999.00 245.06 9.21 0.00
0.00 18836.58
62.20 -59.16 -9999.00 -9999.00 -9999.00 30.96 1.13 0.00
0.00 19629.30
54.30 -57.96 -9999.00 -9999.00 -9999.00 71.94 9.40 0.00
0.00 20482.50
46.90 -57.16 -9999.00 -9999.00 -9999.00 72.84 13.83 0.00
0.00 21407.05
40.10 -55.46 -9999.00 -9999.00 -9999.00 69.02 15.19 0.00
0.00 22401.29
33.80 -52.76 -9999.00 -9999.00 -9999.00 65.61 15.99 0.00
0.00 23497.13
27.80 -50.46 -9999.00 -9999.00 -9999.00 73.61 17.21 0.00
0.00 24764.42
22.30 -48.36 -9999.00 -9999.00 -9999.00 83.66 19.35 0.00
0.00 26208.18
17.10 -44.96 -9999.00 -9999.00 -9999.00 82.82 24.86 0.00
0.00 27968.42
12.30 -42.86 -50.62 -89.89 809.26 78.83 31.08 0.00
0.00 30179.29

STID = KMDW STNM = 725340 TIME = 200809/1900 
SLAT = 41.78 SLON = -87.75 SELV = 183.0
STIM = 1

SHOW = -3.74 LIFT = -5.96 SWET = 282.48 KINX = 27.85
LCLP = 845.10 PWAT = 41.11 TOTL = 51.68 CAPE = 1090.80
LCLT = 290.54 CINS = -1.82 EQLV = 210.29 LFCT = 847.83
BRCH = 121.88

PRES TMPC TMWC DWPC THTE DRCT SKNT OMEG
CFRL HGHT
993.50 31.14 23.23 19.99 350.04 180.00 9.71 0.00
0.00 192.95
990.50 30.14 22.91 19.91 349.07 179.13 12.82 0.00
0.00 220.08
985.10 29.44 22.64 19.80 348.73 178.45 14.37 0.00
0.00 268.99
975.60 28.44 22.23 19.63 348.49 177.85 15.56 -0.10
0.00 355.45
961.70 27.04 21.65 19.36 348.17 178.65 16.51 -0.10
0.00 482.97
943.80 25.34 20.92 19.01 347.91 180.00 17.29 -0.20
0.00 649.06
922.50 23.34 20.02 18.56 347.58 181.26 17.68 -0.30
0.00 849.61
899.10 21.24 19.01 17.99 347.20 183.04 18.28 -0.40
0.00 1073.76
873.90 19.14 17.29 16.38 344.40 190.76 19.77 -0.40
0.00 1319.93
845.70 16.94 15.37 14.54 341.69 197.91 20.20 -0.40
20.00 1601.69
814.70 15.34 12.50 10.82 336.51 209.98 17.48 -0.20
2.00 1920.07
780.70 13.84 10.96 9.17 336.91 218.80 12.70 0.00
0.00 2281.22
743.80 11.64 8.28 5.91 334.45 221.71 11.97 0.20
0.00 2688.52
704.10 9.94 3.34 -3.40 326.66 221.69 16.65 0.40
0.00 3146.09
661.60 8.34 -0.22 -12.49 324.31 219.71 14.90 0.30
0.00 3661.54
616.20 3.14 -1.84 -7.97 328.65 242.35 9.21 0.20
0.00 4242.87
568.20 -2.86 -5.56 -9.20 328.88 260.54 7.09 0.10
0.00 4892.96
521.80 -8.46 -10.73 -14.81 326.71 237.72 4.37 0.10
0.00 5561.13
480.00 -11.06 -15.62 -31.96 325.31 249.06 16.84 0.00
0.00 6205.45
442.60 -13.36 -18.19 -45.40 328.53 247.85 23.70 0.00
0.00 6825.18
408.90 -17.46 -21.33 -44.46 330.87 249.26 21.39 0.00
0.00 7422.73
378.40 -20.96 -24.36 -53.44 333.20 261.44 18.26 0.00
0.00 7998.98
350.90 -24.66 -27.50 -60.88 335.30 280.75 15.62 0.00
0.00 8551.89
326.10 -27.66 -29.79 -47.57 338.80 312.32 17.60 0.00
0.00 9081.84
303.80 -31.06 -32.57 -44.93 341.22 337.65 18.90 0.10
0.00 9587.38
283.70 -34.56 -35.86 -50.62 342.53 331.98 13.64 0.30
0.00 10069.00
265.60 -38.36 -39.37 -55.27 343.27 325.01 9.48 0.30
0.00 10525.78
248.80 -42.26 -43.05 -61.32 343.76 325.01 9.48 0.30
0.00 10971.14
233.60 -45.56 -46.11 -60.07 345.05 283.80 11.40 0.30
0.00 11394.15
219.60 -48.66 -49.05 -60.55 346.41 275.01 11.11 0.30
0.00 11803.08
205.70 -51.56 -51.86 -62.77 348.34 259.02 13.25 0.10
0.00 12230.00
191.70 -54.66 -54.88 -65.45 350.41 257.01 20.73 0.00
0.00 12684.01
177.70 -58.06 -58.22 -68.92 352.47 261.03 22.42 0.00
0.00 13165.24
163.80 -61.16 -61.27 -69.50 355.56 264.51 20.30 0.00
0.00 13674.36
149.80 -62.66 -62.78 -74.84 362.13 243.78 14.51 0.00
0.00 14226.82
135.90 -64.66 -9999.00 -9999.00 -9999.00 216.43 20.28 0.00
0.00 14823.97
121.90 -66.86 -9999.00 -9999.00 -9999.00 227.86 27.51 0.00
0.00 15483.95
108.00 -65.46 -9999.00 -9999.00 -9999.00 248.51 26.52 0.00
0.00 16217.50
94.00 -62.96 -9999.00 -9999.00 -9999.00 244.83 17.81 0.00
0.00 17066.62
81.00 -62.26 -9999.00 -9999.00 -9999.00 244.09 15.11 0.00
0.00 17983.93
70.60 -60.46 -9999.00 -9999.00 -9999.00 271.85 6.02 0.00
0.00 18835.84
62.20 -59.76 -9999.00 -9999.00 -9999.00 52.43 3.19 0.00
0.00 19625.78
54.30 -58.36 -9999.00 -9999.00 -9999.00 82.87 9.40 0.00
0.00 20477.00
46.90 -57.36 -9999.00 -9999.00 -9999.00 79.38 12.65 0.00
0.00 21400.26
40.10 -55.36 -9999.00 -9999.00 -9999.00 72.51 14.86 0.00
0.00 22394.27
33.80 -52.66 -9999.00 -9999.00 -9999.00 75.03 17.29 0.00
0.00 23490.61
27.80 -50.06 -9999.00 -9999.00 -9999.00 82.52 19.39 0.00
0.00 24759.33
22.30 -48.06 -9999.00 -9999.00 -9999.00 86.88 21.41 0.00
0.00 26205.35
17.10 -44.56 -9999.00 -9999.00 -9999.00 77.37 24.88 0.00
0.00 27968.30
12.30 -42.36 -50.35 -89.89 811.01 77.01 28.52 0.00
0.00 30183.51

STID = KMDW STNM = 725340 TIME = 200809/2000 
SLAT = 41.78 SLON = -87.75 SELV = 183.0
STIM = 2

SHOW = -4.20 LIFT = -5.94 SWET = 295.02 KINX = 26.25
LCLP = 842.60 PWAT = 41.43 TOTL = 52.02 CAPE = 1153.96
LCLT = 290.52 CINS = -2.62 EQLV = 200.82 LFCT = 845.18
BRCH = 132.88

PRES TMPC TMWC DWPC THTE DRCT SKNT OMEG
CFRL HGHT
993.10 31.34 23.30 20.01 350.40 186.98 9.60 0.00
0.00 192.96
990.10 30.44 23.00 19.93 349.55 185.27 12.68 0.00
0.00 220.12
984.70 29.64 22.71 19.83 349.12 185.40 14.43 0.00
0.00 269.10
975.20 28.74 22.34 19.66 349.00 185.71 15.62 0.00
0.00 355.66
961.30 27.34 21.76 19.40 348.71 186.04 16.61 0.00
0.00 483.36
943.40 25.74 21.07 19.07 348.63 187.77 17.25 0.00
0.00 649.73
922.10 23.74 20.19 18.64 348.36 188.75 17.89 -0.10
0.00 850.64
898.80 21.54 19.18 18.12 347.98 191.07 18.20 -0.10
0.00 1074.19
873.60 19.54 17.44 16.43 345.06 199.01 18.49 -0.10
0.00 1320.75
845.40 17.14 15.88 15.23 343.69 203.84 18.26 -0.10
33.00 1602.96
814.30 15.44 13.50 12.42 340.08 217.02 14.84 0.00
12.00 1922.83
780.30 13.54 11.19 9.75 337.74 219.59 13.11 0.10
15.00 2284.20
743.50 12.54 7.82 4.30 333.04 224.43 13.87 0.10
0.00 2690.96
703.90 10.94 3.27 -4.96 326.40 235.76 16.92 0.10
0.00 3148.87
661.40 8.64 0.24 -11.11 325.53 232.06 14.53 0.20
0.00 3665.63
616.00 3.04 -1.49 -6.78 329.60 249.04 9.77 0.10
0.00 4247.46
568.10 -2.76 -5.77 -9.94 328.42 243.43 7.38 0.10
0.00 4896.38
521.60 -8.36 -10.95 -15.78 326.29 222.61 6.60 0.00
0.00 5566.35
479.90 -10.66 -15.37 -32.16 325.79 257.59 19.89 -0.10
0.00 6209.90
442.50 -13.66 -18.42 -46.03 328.14 258.95 25.33 -0.10
0.00 6829.88
408.80 -17.76 -21.62 -46.75 330.34 252.47 23.21 0.00
0.00 7426.86
378.30 -21.46 -24.82 -60.30 332.40 256.55 18.38 0.00
0.00 8002.34
350.90 -24.86 -27.65 -60.88 335.03 270.83 13.40 0.00
0.00 8552.53
326.10 -27.16 -29.24 -44.28 339.77 331.14 10.86 0.00
0.00 9082.81
303.80 -30.56 -32.26 -47.15 341.73 349.85 13.23 0.10
0.00 9589.39
283.70 -34.16 -35.62 -54.73 342.89 309.81 9.11 0.20
0.00 10071.90
265.60 -38.06 -39.09 -54.30 343.75 290.66 12.67 0.20
0.00 10529.35
248.80 -42.16 -42.86 -55.81 344.08 285.48 13.09 0.10
0.00 10975.10
233.60 -45.76 -46.22 -56.32 344.87 274.97 13.46 0.10
0.00 11398.03
219.60 -48.86 -49.22 -59.12 346.15 266.73 13.62 0.10
0.00 11806.60
205.70 -51.96 -52.22 -61.06 347.76 253.37 15.62 0.00
0.00 12232.94
191.70 -55.16 -55.37 -65.45 349.61 250.91 21.39 0.00
0.00 12686.03
177.70 -58.36 -58.49 -66.00 352.02 255.14 19.70 0.00
0.00 13166.38
163.80 -60.86 -61.00 -74.24 356.02 253.69 16.59 -0.10
0.00 13675.50
149.80 -62.26 -62.39 -74.84 362.82 223.26 18.14 -0.10
0.00 14228.86
135.90 -64.76 -9999.00 -9999.00 -9999.00 216.45 26.81 -0.10
0.00 14826.44
121.90 -67.36 -9999.00 -9999.00 -9999.00 234.03 29.76 0.00
0.00 15485.47
108.00 -65.86 -9999.00 -9999.00 -9999.00 256.57 26.77 0.00
0.00 16217.43
94.00 -63.06 -9999.00 -9999.00 -9999.00 250.68 15.85 0.00
0.00 17065.53
81.00 -62.26 -9999.00 -9999.00 -9999.00 253.56 12.35 0.00
0.00 17982.62
70.60 -60.46 -9999.00 -9999.00 -9999.00 289.09 5.34 0.00
0.00 18834.53
62.20 -59.56 -9999.00 -9999.00 -9999.00 73.30 2.02 0.00
0.00 19624.85
54.30 -58.56 -9999.00 -9999.00 -9999.00 97.70 7.25 0.00
0.00 20476.06
46.90 -57.96 -9999.00 -9999.00 -9999.00 85.68 10.33 0.00
0.00 21397.61
40.10 -56.06 -9999.00 -9999.00 -9999.00 78.52 12.68 0.00
0.00 22388.63
33.80 -52.96 -9999.00 -9999.00 -9999.00 81.36 15.52 0.00
0.00 23482.47
27.80 -50.06 -9999.00 -9999.00 -9999.00 81.50 17.09 0.00
0.00 24750.33
22.30 -47.96 -9999.00 -9999.00 -9999.00 76.79 19.56 0.00
0.00 26196.68
17.10 -45.06 -9999.00 -9999.00 -9999.00 70.84 24.26 0.00
0.00 27958.08
12.30 -42.36 -9999.00 -9999.00 -9999.00 79.43 29.64 0.00
0.00 30170.87

STID = KMDW STNM = 725340 TIME = 200809/2100 
SLAT = 41.78 SLON = -87.75 SELV = 183.0
STIM = 3

SHOW = -4.65 LIFT = -5.97 SWET = 310.77 KINX = 25.87
LCLP = 840.27 PWAT = 41.73 TOTL = 52.40 CAPE = 1278.70
LCLT = 290.55 CINS = -2.26 EQLV = 190.79 LFCT = 835.95
BRCH = 123.26

PRES TMPC TMWC DWPC THTE DRCT SKNT OMEG
CFRL HGHT
992.30 31.54 23.39 20.07 350.93 186.84 9.79 0.00
0.00 192.97
989.40 30.74 23.12 19.99 350.18 185.96 13.09 0.00
0.00 219.28
983.90 30.04 22.85 19.89 349.89 185.93 15.03 0.00
0.00 269.25
974.50 29.04 22.46 19.73 349.66 186.19 16.22 0.00
0.00 355.08
960.60 27.74 21.91 19.47 349.50 187.13 17.23 0.00
0.00 483.03
942.70 26.04 21.20 19.15 349.33 188.75 17.89 -0.10
0.00 649.71
921.40 24.14 20.37 18.74 349.25 189.76 18.34 -0.10
0.00 851.02
898.10 21.94 19.39 18.25 348.96 192.01 18.67 -0.20
0.00 1075.07
872.90 19.74 17.87 16.99 346.92 196.36 18.63 -0.10
0.00 1322.12
844.80 17.44 16.33 15.76 345.52 201.57 17.97 0.00
31.00 1603.86
813.70 15.54 13.83 12.89 341.36 215.71 15.31 0.10
10.00 1924.26
779.80 13.34 11.27 10.01 338.10 221.04 13.91 0.20
21.00 2284.82
743.00 12.54 7.57 3.79 332.36 236.55 13.03 0.20
4.00 2691.69
703.40 11.54 3.33 -5.65 326.57 253.69 16.59 0.10
0.00 3150.34
661.00 8.64 0.66 -9.41 326.73 246.12 12.96 0.20
0.00 3666.81
615.60 3.04 -1.49 -6.79 329.66 246.80 8.88 0.30
0.00 4249.06
567.80 -2.86 -6.36 -11.59 327.11 221.88 7.56 0.40
0.00 4896.82
521.40 -8.06 -11.46 -18.58 325.22 225.00 9.62 0.20
0.00 5565.73
479.70 -10.46 -15.16 -31.24 326.26 265.88 21.62 0.10
0.00 6210.06
442.40 -13.86 -18.59 -47.42 327.83 266.52 22.38 0.10
0.00 6828.59
408.80 -17.46 -21.44 -48.12 330.65 255.68 18.84 0.20
0.00 7423.98
378.30 -20.66 -24.00 -47.44 333.91 266.60 19.66 0.10
0.00 8000.72
350.80 -24.16 -26.59 -41.43 337.05 276.65 23.47 -0.10
0.00 8554.72
326.10 -27.76 -29.66 -43.14 339.06 288.12 11.25 -0.40
0.00 9083.09
303.80 -30.86 -32.51 -47.15 341.31 341.57 6.14 -0.50
0.00 9588.74
283.70 -34.16 -35.56 -52.05 343.02 299.05 6.00 -0.40
0.00 10070.95
265.60 -38.16 -38.90 -46.97 344.10 283.16 15.37 -0.20
0.00 10528.33
248.80 -42.16 -42.60 -48.45 344.54 279.57 17.54 -0.10
0.00 10974.01
233.60 -45.96 -46.24 -51.06 344.86 273.14 14.20 0.00
0.00 11396.78
219.60 -49.46 -49.66 -54.21 345.43 259.26 11.46 0.00
0.00 11804.65
205.70 -52.66 -52.84 -58.42 346.74 236.56 12.33 0.10
0.00 12229.76
191.70 -55.56 -55.73 -63.30 349.01 233.51 17.64 0.10
0.00 12681.71
177.70 -58.06 -58.22 -68.92 352.47 241.07 16.86 0.10
0.00 13161.95
163.80 -59.96 -60.12 -74.24 357.53 239.60 16.90 0.00
0.00 13672.50
149.80 -61.86 -61.99 -74.84 363.50 223.05 24.18 -0.10
0.00 14227.56
135.90 -65.06 -9999.00 -9999.00 -9999.00 224.23 30.63 -0.10
0.00 14825.29
121.90 -67.06 -9999.00 -9999.00 -9999.00 249.44 31.53 0.00
0.00 15484.32
108.00 -65.66 -9999.00 -9999.00 -9999.00 268.43 28.38 0.00
0.00 16217.16
94.00 -62.86 -9999.00 -9999.00 -9999.00 257.86 15.70 0.00
0.00 17066.07
81.00 -62.76 -9999.00 -9999.00 -9999.00 252.90 10.57 0.00
0.00 17982.50
70.60 -61.46 -9999.00 -9999.00 -9999.00 266.63 3.30 0.00
0.00 18831.40
62.20 -60.46 -9999.00 -9999.00 -9999.00 114.44 4.70 0.00
0.00 19618.19
54.30 -59.46 -9999.00 -9999.00 -9999.00 109.23 8.84 0.00
0.00 20465.83
46.90 -58.06 -9999.00 -9999.00 -9999.00 91.97 11.27 0.00
0.00 21385.23
40.10 -55.26 -9999.00 -9999.00 -9999.00 86.78 13.81 0.00
0.00 22377.86
33.80 -52.26 -9999.00 -9999.00 -9999.00 86.38 15.38 0.00
0.00 23475.45
27.80 -49.66 -9999.00 -9999.00 -9999.00 78.41 15.46 0.00
0.00 24746.46
22.30 -47.86 -9999.00 -9999.00 -9999.00 72.12 18.98 0.00
0.00 26194.42
17.10 -45.66 -9999.00 -9999.00 -9999.00 72.76 23.60 0.00
0.00 27953.87
12.30 -42.76 -9999.00 -9999.00 -9999.00 74.41 26.01 0.00
0.00 30161.84

STID = KMDW STNM = 725340 TIME = 200809/2200 
SLAT = 41.78 SLON = -87.75 SELV = 183.0
STIM = 4

SHOW = -4.66 LIFT = -6.24 SWET = 450.52 KINX = 23.26
LCLP = 843.32 PWAT = 41.47 TOTL = 52.47 CAPE = 1432.80
LCLT = 290.90 CINS = -3.65 EQLV = 187.38 LFCT = 836.64
BRCH = 95.18

PRES TMPC TMWC DWPC THTE DRCT SKNT OMEG
CFRL HGHT
991.70 31.54 23.57 20.36 351.87 185.60 9.95 0.00
0.00 192.98
988.70 30.74 23.29 20.27 351.10 184.83 13.85 0.00
0.00 220.21
983.30 30.14 23.05 20.17 350.91 184.94 15.79 0.00
0.00 269.33
973.90 29.14 22.66 20.00 350.66 185.19 17.17 0.00
0.00 355.25
960.00 27.84 22.12 19.75 350.52 186.14 18.16 0.00
0.00 483.34
942.10 26.24 21.44 19.43 350.48 187.13 18.78 0.00
0.00 650.25
920.80 24.24 20.59 19.03 350.30 188.13 19.23 0.00
0.00 851.82
897.60 22.04 19.62 18.56 350.06 189.74 19.50 0.00
0.00 1075.16
872.30 19.94 18.05 17.16 347.74 191.65 19.23 0.00
0.00 1323.50
844.20 17.74 16.33 15.62 345.62 196.64 17.64 0.10
27.00 1605.69
813.20 15.44 14.10 13.36 342.41 207.28 13.99 0.30
21.00 1925.40
779.30 14.04 10.73 8.63 336.36 235.49 11.31 0.40
10.00 2286.51
742.60 13.74 6.85 1.05 330.15 264.56 16.39 0.20
3.00 2693.60
703.10 12.84 3.40 -7.46 326.65 269.39 18.26 0.00
0.00 3153.10
660.70 8.74 1.12 -7.93 328.01 258.69 11.89 0.00
0.00 3671.04
615.40 3.04 -1.77 -7.58 329.00 240.26 7.83 0.10
0.00 4252.37
567.60 -2.76 -7.02 -14.10 325.62 215.39 9.05 0.10
0.00 4900.32
521.30 -7.66 -12.06 -22.98 323.94 237.60 11.97 0.00
0.00 5568.39
479.70 -10.66 -14.94 -28.00 326.75 272.06 21.58 0.00
0.00 6211.41
442.30 -13.76 -18.31 -41.03 328.44 263.29 19.95 0.00
0.00 6831.61
408.70 -17.26 -20.94 -39.33 331.67 255.11 18.90 0.10
0.00 7427.54
378.30 -20.36 -22.06 -27.52 337.71 279.38 22.65 0.10
0.00 8003.22
350.80 -23.36 -24.53 -28.54 340.91 294.99 22.07 0.00
0.00 8558.72
326.10 -27.36 -28.85 -36.85 340.54 286.48 19.85 0.00
0.00 9088.53
303.70 -31.56 -33.03 -45.76 340.47 274.29 7.79 0.00
0.00 9596.27
283.70 -34.66 -35.92 -49.98 342.42 261.38 6.49 0.00
0.00 10074.97
265.60 -38.66 -39.25 -45.40 343.53 267.06 15.17 0.00
0.00 10531.39
248.80 -42.46 -42.76 -46.36 344.29 271.23 18.07 0.00
8.00 10976.32
233.60 -45.96 -46.22 -50.50 344.90 264.60 14.43 0.00
0.00 11398.82
219.60 -49.46 -49.64 -53.48 345.47 240.38 11.40 0.00
31.00 11806.69
205.70 -52.56 -52.74 -58.42 346.90 221.76 14.59 0.00
5.00 12231.89
191.70 -55.46 -55.63 -63.30 349.17 225.00 20.88 0.00
0.00 12684.05
177.70 -57.86 -58.03 -68.92 352.79 233.97 21.13 0.00
0.00 13164.62
163.80 -59.66 -9999.00 -9999.00 -9999.00 239.68 26.55 -0.10
0.00 13675.77
149.80 -62.56 -9999.00 -9999.00 -9999.00 230.45 27.47 -0.20
0.00 14230.31
135.90 -65.86 -65.94 -75.48 366.68 230.87 29.55 -0.10
0.00 14825.89
121.90 -67.76 -9999.00 -9999.00 -9999.00 253.04 28.63 0.00
0.00 15482.54
108.00 -65.46 -9999.00 -9999.00 -9999.00 266.63 23.15 0.10
0.00 16214.49
94.00 -62.16 -9999.00 -9999.00 -9999.00 235.84 13.15 0.00
0.00 17065.24
81.00 -62.56 -9999.00 -9999.00 -9999.00 235.01 9.48 0.00
0.00 17983.63
70.60 -61.16 -9999.00 -9999.00 -9999.00 243.43 3.90 0.00
0.00 18833.53
62.20 -60.06 -9999.00 -9999.00 -9999.00 144.46 3.34 0.00
0.00 19621.62
54.30 -58.76 -9999.00 -9999.00 -9999.00 106.93 4.66 0.00
0.00 20471.44
46.90 -57.16 -9999.00 -9999.00 -9999.00 75.07 9.05 0.00
0.00 21394.28
40.10 -54.76 -9999.00 -9999.00 -9999.00 80.10 12.43 0.00
0.00 22390.12
33.80 -52.46 -9999.00 -9999.00 -9999.00 83.16 14.67 0.00
0.00 23488.46
27.80 -49.86 -9999.00 -9999.00 -9999.00 73.24 16.84 0.00
0.00 24758.32
22.30 -46.86 -9999.00 -9999.00 -9999.00 69.51 20.53 0.00
0.00 26208.86
17.10 -43.46 -9999.00 -9999.00 -9999.00 72.71 21.56 0.00
0.00 27980.75
12.30 -41.96 -50.15 -89.89 812.42 62.74 21.64 0.00
0.00 30203.19

STID = KMDW STNM = 725340 TIME = 200809/2300 
SLAT = 41.78 SLON = -87.75 SELV = 183.0
STIM = 5

SHOW = -4.50 LIFT = -6.48 SWET = 305.71 KINX = 24.66
LCLP = 850.92 PWAT = 42.22 TOTL = 52.29 CAPE = 1622.84
LCLT = 291.40 CINS = -4.43 EQLV = 184.37 LFCT = 845.13
BRCH = 140.09

PRES TMPC TMWC DWPC THTE DRCT SKNT OMEG
CFRL HGHT
991.30 31.24 23.70 20.71 352.60 194.62 9.23 0.00
0.00 192.07
988.30 30.54 23.46 20.63 351.98 194.04 12.82 0.00
0.00 219.30
982.80 29.94 23.22 20.52 351.78 193.50 14.98 0.00
0.00 269.32
973.40 29.04 22.84 20.34 351.61 193.71 16.39 0.10
0.00 355.26
959.50 27.74 22.30 20.08 351.45 193.57 17.39 0.10
0.00 483.40
941.70 26.04 21.58 19.73 351.18 193.74 17.99 0.10
0.00 649.40
920.40 24.14 20.73 19.29 351.01 194.04 18.41 0.20
0.00 850.99
897.10 21.94 19.67 18.67 350.34 194.47 18.65 0.20
0.00 1075.35
871.90 20.04 17.79 16.72 346.73 195.78 18.57 0.30
0.00 1322.82
843.80 17.64 16.24 15.53 345.33 198.23 17.39 0.40
21.00 1605.10
812.80 15.84 13.71 12.53 341.06 208.41 13.48 0.40
13.00 1925.07
779.00 13.74 10.90 9.13 336.99 226.30 12.08 0.20
20.00 2285.29
742.30 14.14 6.99 0.99 330.59 266.05 16.94 -0.20
2.00 2692.66
702.80 12.64 3.72 -6.00 327.64 275.77 19.33 -0.40
0.00 3152.55
660.50 8.64 1.21 -7.46 328.30 266.19 11.67 -0.40
0.00 3669.27
615.20 2.94 -2.11 -8.45 328.18 235.89 7.26 -0.20
0.00 4250.55
567.50 -2.86 -7.17 -14.43 325.32 221.08 10.04 -0.10
0.00 4897.02
521.30 -7.76 -11.96 -22.05 324.15 248.01 10.90 -0.10
0.00 5563.46
479.60 -10.56 -14.50 -25.24 327.69 271.13 19.62 0.10
0.00 6208.16
442.30 -13.56 -17.16 -28.48 330.83 255.96 20.82 0.20
0.00 6827.28
408.70 -16.96 -20.29 -33.62 332.95 252.58 20.77 0.10
0.00 7423.94
378.20 -20.46 -21.55 -24.63 338.73 292.32 19.95 0.00
0.00 8001.91
350.80 -23.16 -24.40 -28.65 341.15 295.81 26.32 -0.10
0.00 8555.62
326.00 -27.16 -28.13 -32.35 341.88 291.04 24.36 -0.20
2.00 9088.14
303.70 -31.66 -32.81 -41.01 340.88 271.59 13.99 -0.30
0.00 9593.85
283.70 -35.16 -36.37 -50.62 341.67 240.71 9.13 -0.20
0.00 10071.97
265.60 -39.16 -39.63 -44.36 342.91 251.81 14.32 -0.20
0.00 10527.43
248.80 -43.16 -43.32 -45.29 343.36 261.87 17.85 -0.10
100.00 10971.22
233.60 -46.46 -46.64 -49.48 344.23 262.88 14.10 0.00
100.00 11392.62
219.60 -49.66 -49.80 -52.81 345.21 227.54 12.37 0.00
100.00 11799.86
205.70 -52.86 -53.00 -57.35 346.47 208.50 15.46 0.10
28.00 12224.59
191.70 -55.56 -55.73 -63.30 349.01 215.92 23.50 0.10
0.00 12676.34
177.70 -57.66 -57.86 -73.70 353.07 233.52 28.75 0.00
0.00 13157.02
163.80 -60.46 -60.61 -74.24 356.69 240.78 31.84 -0.10
0.00 13667.45
149.80 -62.86 -62.97 -74.84 361.78 229.23 27.95 -0.10
0.00 14220.55
135.90 -65.86 -65.94 -75.48 366.68 230.30 26.77 -0.10
0.00 14815.71
121.90 -66.86 -9999.00 -9999.00 -9999.00 255.01 25.54 0.00
0.00 15473.79
108.00 -64.76 -9999.00 -9999.00 -9999.00 265.19 20.86 0.00
0.00 16208.58
94.00 -61.96 -9999.00 -9999.00 -9999.00 230.19 13.66 0.00
0.00 17061.15
81.00 -62.46 -9999.00 -9999.00 -9999.00 240.40 9.83 0.00
0.00 17980.20
70.60 -61.26 -9999.00 -9999.00 -9999.00 255.07 6.02 0.00
0.00 18830.10
62.20 -59.86 -9999.00 -9999.00 -9999.00 212.01 1.83 0.00
0.00 19618.38
54.30 -58.26 -9999.00 -9999.00 -9999.00 51.34 2.49 0.00
0.00 20469.59
46.90 -56.26 -9999.00 -9999.00 -9999.00 58.57 8.20 0.00
0.00 21395.42
40.10 -54.06 -9999.00 -9999.00 -9999.00 79.16 9.30 0.00
0.00 22394.93
33.80 -52.16 -9999.00 -9999.00 -9999.00 83.99 11.13 0.00
0.00 23495.78
27.80 -49.86 -9999.00 -9999.00 -9999.00 70.08 14.26 0.00
0.00 24766.50
22.30 -46.96 -9999.00 -9999.00 -9999.00 64.71 19.54 0.00
0.00 26216.71
17.10 -44.26 -9999.00 -9999.00 -9999.00 71.13 24.01 0.00
0.00 27985.11
12.30 -42.96 -50.67 -89.89 808.90 64.33 27.80 0.00
0.00 30198.87

STID = KMDW STNM = 725340 TIME = 200810/0000 
SLAT = 41.78 SLON = -87.75 SELV = 183.0
STIM = 6

SHOW = -3.28 LIFT = -6.35 SWET = 261.91 KINX = 23.89
LCLP = 865.03 PWAT = 41.81 TOTL = 50.89 CAPE = 1747.10
LCLT = 292.10 CINS = -9.67 EQLV = 183.24 LFCT = 814.14
BRCH = 141.50

PRES TMPC TMWC DWPC THTE DRCT SKNT OMEG
CFRL HGHT
991.20 30.54 23.80 21.16 353.13 187.59 8.82 0.00
0.00 192.96
988.20 30.14 23.64 21.08 352.87 188.00 12.55 0.00
0.00 220.14
982.80 29.54 23.39 20.96 352.62 188.24 14.92 0.00
0.00 269.21
973.40 28.64 23.01 20.77 352.42 188.70 16.71 0.10
0.00 355.06
959.50 27.34 22.47 20.50 352.22 189.46 17.72 0.10
0.00 483.06
941.60 25.74 21.76 20.13 352.03 189.76 18.34 0.20
0.00 649.85
920.30 23.84 20.88 19.64 351.70 190.04 18.94 0.20
0.00 851.30
896.90 21.74 19.65 18.72 350.27 191.20 19.02 0.10
0.00 1076.50
872.00 19.94 17.66 16.58 346.21 192.46 18.90 0.20
3.00 1320.90
843.80 18.14 15.54 14.20 342.64 202.31 16.38 0.30
0.00 1604.26
812.80 16.54 13.21 11.31 339.26 208.55 15.03 0.30
0.00 1924.70
779.00 14.14 11.04 9.12 337.45 224.44 14.14 0.10
7.00 2285.52
742.30 14.14 7.00 1.02 330.63 264.94 15.40 -0.20
0.00 2693.17
702.80 12.34 3.57 -6.04 327.26 277.13 17.23 -0.40
0.00 3152.82
660.50 8.34 1.20 -7.00 328.32 263.45 11.93 -0.40
0.00 3669.01
615.20 2.94 -2.31 -9.09 327.67 219.81 7.60 -0.20
0.00 4249.97
567.50 -2.86 -7.45 -15.58 324.68 220.82 11.29 -0.20
0.00 4896.37
521.20 -7.76 -11.77 -21.01 324.57 249.83 10.14 -0.10
0.00 5564.30
479.60 -9.86 -14.11 -25.68 328.42 265.50 17.35 0.10
0.00 6208.39
442.30 -13.06 -16.72 -27.73 331.68 256.56 22.57 0.10
0.00 6828.93
408.70 -16.96 -19.97 -30.68 333.60 259.53 23.50 0.00
0.00 7426.21
378.20 -20.56 -22.23 -27.63 337.43 282.34 19.09 -0.10
0.00 8004.05
350.80 -23.56 -24.91 -29.85 340.20 278.46 23.76 -0.10
0.00 8557.13
326.00 -27.36 -28.63 -34.86 340.98 264.58 26.73 -0.10
0.00 9088.96
303.70 -31.66 -32.41 -36.79 341.60 258.08 21.64 -0.10
0.00 9594.46
283.70 -35.76 -36.40 -41.66 341.68 240.26 15.66 -0.10
0.00 10072.05
265.60 -39.66 -40.01 -43.42 342.30 229.81 14.74 -0.10
10.00 10526.48
248.80 -43.46 -43.65 -45.99 342.84 235.12 15.62 0.10
100.00 10969.51
233.50 -46.86 -47.01 -49.48 343.66 230.95 13.25 0.20
100.00 11393.12
219.60 -49.66 -49.83 -53.48 345.17 198.68 14.55 0.30
100.00 11797.17
205.70 -52.26 -52.48 -59.64 347.33 197.60 21.19 0.30
16.00 12222.47
191.70 -54.56 -54.81 -68.39 350.52 223.64 28.98 0.20
0.00 12675.87
177.70 -57.86 -58.00 -66.00 352.84 245.97 35.30 0.10
0.00 13157.43
163.80 -60.56 -60.65 -66.60 356.62 241.09 29.74 0.00
0.00 13667.51
149.80 -62.76 -62.85 -70.13 362.01 235.04 29.16 -0.10
0.00 14220.62
135.90 -65.56 -65.64 -75.48 367.22 240.87 27.14 -0.10
0.00 14816.35
121.90 -66.86 -9999.00 -9999.00 -9999.00 263.18 22.88 0.00
0.00 15474.91
108.00 -64.66 -9999.00 -9999.00 -9999.00 268.17 18.26 0.00
0.00 16209.87
94.00 -61.86 -9999.00 -9999.00 -9999.00 232.84 15.11 0.00
0.00 17062.85
81.00 -62.56 -9999.00 -9999.00 -9999.00 247.83 11.32 0.00
0.00 17981.90
70.60 -61.56 -9999.00 -9999.00 -9999.00 262.30 7.25 0.00
0.00 18831.00
62.20 -59.36 -9999.00 -9999.00 -9999.00 288.43 1.85 0.00
0.00 19619.65
54.30 -57.96 -9999.00 -9999.00 -9999.00 34.38 4.47 0.00
0.00 20472.45
46.90 -56.66 -9999.00 -9999.00 -9999.00 69.15 8.72 0.00
0.00 21398.07
40.10 -54.46 -9999.00 -9999.00 -9999.00 92.34 9.52 0.00
0.00 22395.74
33.80 -52.36 -9999.00 -9999.00 -9999.00 92.86 11.67 0.00
0.00 23495.09
27.80 -49.56 -9999.00 -9999.00 -9999.00 75.07 15.07 0.00
0.00 24766.10
22.30 -46.76 -9999.00 -9999.00 -9999.00 64.80 21.89 0.00
0.00 26217.92
17.10 -44.06 -9999.00 -9999.00 -9999.00 69.24 25.76 0.00
0.00 27987.87
12.30 -42.46 -50.41 -89.89 810.66 62.90 27.72 0.00
0.00 30205.01

STID = KMDW STNM = 725340 TIME = 200810/0100 
SLAT = 41.78 SLON = -87.75 SELV = 183.0
STIM = 7

SHOW = -3.76 LIFT = -6.76 SWET = 277.67 KINX = 25.13
LCLP = 891.47 PWAT = 43.26 TOTL = 51.42 CAPE = 2027.82
LCLT = 293.39 CINS = -7.13 EQLV = 170.72 LFCT = 839.11
BRCH = 105.85

PRES TMPC TMWC DWPC THTE DRCT SKNT OMEG
CFRL HGHT
992.00 29.34 24.03 21.99 354.14 183.99 8.37 0.00
0.00 192.01
988.90 29.14 23.93 21.92 354.16 184.40 12.67 0.00
0.00 220.00
983.50 28.64 23.72 21.82 354.09 184.34 15.38 0.00
0.00 268.90
974.00 27.84 23.38 21.64 354.06 185.41 18.53 0.10
0.00 355.40
960.10 26.64 22.86 21.37 353.98 186.52 20.53 0.10
0.00 483.08
942.20 25.04 22.16 21.00 353.77 187.13 21.93 0.10
0.00 649.46
920.90 23.14 21.23 20.43 353.18 187.43 22.53 0.10
0.00 850.41
897.60 21.44 19.48 18.60 349.43 188.41 22.57 0.10
0.00 1074.15
872.40 19.54 18.00 17.26 347.50 192.64 21.31 0.20
3.00 1321.09
844.30 18.34 15.90 14.67 343.94 206.27 16.69 0.20
4.00 1603.28
813.30 16.74 14.00 12.52 342.05 223.85 13.73 0.30
0.00 1923.86
779.30 14.84 11.37 9.25 338.50 250.29 13.83 0.20
0.00 2287.30
742.60 14.34 7.14 1.15 330.98 277.64 16.06 -0.10
0.00 2695.45
703.10 12.04 3.55 -5.66 327.19 280.66 16.80 -0.30
0.00 3154.85
660.70 7.94 1.14 -6.62 328.14 267.51 13.42 -0.40
0.00 3671.46
615.40 2.84 -2.36 -9.08 327.53 220.31 8.41 -0.40
0.00 4251.74
567.70 -2.96 -7.65 -16.19 324.20 220.06 11.17 -0.30
0.00 4897.66
521.40 -7.66 -11.82 -21.60 324.42 239.24 9.50 -0.20
0.00 5565.31
479.70 -9.96 -14.42 -27.47 327.76 256.53 14.18 -0.10
0.00 6210.71
442.40 -13.26 -16.67 -26.46 331.79 260.54 24.81 0.00
0.00 6830.75
408.70 -16.46 -19.59 -30.40 334.32 260.54 24.81 0.00
0.00 7430.11
378.30 -20.16 -21.81 -26.93 338.19 271.70 19.62 0.10
0.00 8007.02
350.80 -24.06 -25.01 -28.34 340.02 260.47 25.80 0.30
1.00 8561.97
326.00 -27.86 -28.74 -32.75 340.80 251.43 26.85 0.40
3.00 9092.77
303.70 -31.86 -32.62 -37.17 341.24 244.24 24.59 0.50
8.00 9597.57
283.70 -35.66 -36.27 -41.13 341.90 236.46 20.05 0.50
11.00 10075.05
265.60 -39.66 -40.07 -44.36 342.18 229.33 18.18 0.40
100.00 10529.58
248.80 -43.26 -43.61 -48.45 342.89 223.15 17.04 0.30
7.00 10972.79
233.50 -46.16 -46.48 -52.29 344.52 208.76 18.16 0.20
0.00 11397.22
219.60 -48.56 -48.91 -57.90 346.65 205.54 24.32 0.10
41.00 11802.88
205.70 -51.26 -51.62 -67.88 348.72 218.06 31.82 0.00
0.00 12230.18
191.70 -54.96 -55.20 -68.39 349.88 234.98 34.87 -0.10
0.00 12684.18
177.70 -58.76 -58.86 -63.87 351.41 246.67 32.36 -0.10
0.00 13164.31
163.80 -60.86 -60.92 -64.48 356.16 241.42 27.21 0.00
81.00 13672.96
149.80 -62.56 -62.63 -67.25 362.40 235.78 29.37 0.00
0.00 14225.94
135.90 -64.46 -64.56 -75.48 369.16 246.85 30.63 -0.10
0.00 14823.53
121.90 -66.16 -9999.00 -9999.00 -9999.00 264.17 26.75 -0.10
0.00 15484.95
108.00 -65.46 -9999.00 -9999.00 -9999.00 264.29 17.56 0.00
0.00 16219.74
94.00 -63.16 -9999.00 -9999.00 -9999.00 227.96 15.95 0.00
0.00 17068.45
81.00 -63.16 -9999.00 -9999.00 -9999.00 242.88 8.95 0.00
0.00 17983.36
70.60 -61.16 -9999.00 -9999.00 -9999.00 270.00 4.66 0.00
0.00 18832.05
62.20 -58.36 -9999.00 -9999.00 -9999.00 8.97 3.73 0.00
0.00 19623.30
54.30 -57.66 -9999.00 -9999.00 -9999.00 37.48 7.34 0.00
0.00 20478.68
46.90 -56.76 -9999.00 -9999.00 -9999.00 76.55 9.19 0.00
0.00 21404.73
40.10 -54.46 -9999.00 -9999.00 -9999.00 87.21 7.96 0.00
0.00 22402.18
33.80 -52.26 -9999.00 -9999.00 -9999.00 62.24 8.33 0.00
0.00 23501.77
27.80 -49.76 -9999.00 -9999.00 -9999.00 50.31 11.87 0.00
0.00 24772.49
22.30 -47.96 -9999.00 -9999.00 -9999.00 57.62 18.86 0.00
0.00 26219.81
17.10 -45.86 -9999.00 -9999.00 -9999.00 66.86 24.71 0.00
0.00 27978.10
12.30 -42.86 -9999.00 -9999.00 -9999.00 73.30 32.44 0.00
0.00 30184.62

STID = KMDW STNM = 725340 TIME = 200810/0200 
SLAT = 41.78 SLON = -87.75 SELV = 183.0
STIM = 8

SHOW = -4.74 LIFT = -6.78 SWET = 397.40 KINX = 27.92
LCLP = 935.95 PWAT = 46.85 TOTL = 51.87 CAPE = 2221.03
LCLT = 295.51 CINS = -8.09 EQLV = 170.78 LFCT = 889.83
BRCH = 185.98

PRES TMPC TMWC DWPC THTE DRCT SKNT OMEG
CFRL HGHT
992.30 27.34 24.43 23.33 356.07 197.88 6.33 0.00
0.00 191.96
989.30 27.44 24.21 22.98 355.49 199.33 11.73 0.00
0.00 218.89
983.80 27.24 23.95 22.70 355.20 199.92 14.26 0.00
0.00 268.45
974.30 26.54 23.53 22.36 354.75 200.49 18.86 0.00
0.00 354.59
960.40 25.54 22.95 21.93 354.38 201.61 22.14 0.00
0.00 481.76
942.50 24.24 22.16 21.31 353.72 201.97 23.87 0.00
0.00 647.60
921.10 22.64 21.14 20.50 352.74 202.06 24.32 -0.10
0.00 849.03
897.90 20.84 19.87 19.42 351.08 202.23 24.13 -0.10
0.00 1071.39
872.60 19.04 18.53 18.25 349.67 205.02 22.51 -0.10
9.00 1318.90
844.50 17.54 16.73 16.30 347.13 214.38 17.89 0.00
32.00 1600.59
813.40 15.74 15.04 14.65 345.93 226.77 13.33 0.10
33.00 1921.45
779.50 13.84 12.54 11.79 342.57 252.82 11.19 0.10
31.00 2282.87
742.70 13.14 8.16 4.52 334.21 283.82 12.20 0.10
18.00 2690.89
703.20 11.34 3.77 -3.99 327.86 290.97 12.49 0.00
11.00 3148.98
660.70 7.74 0.98 -6.81 327.74 263.05 8.02 0.00
10.00 3666.02
615.40 2.74 -2.76 -10.27 326.52 196.82 8.72 0.10
14.00 4245.93
567.70 -2.66 -7.98 -18.59 323.42 214.56 10.61 0.10
18.00 4891.96
521.40 -6.46 -11.57 -24.76 324.81 233.90 11.54 0.00
26.00 5561.34
479.70 -10.86 -13.05 -17.35 330.72 246.88 18.80 -0.10
51.00 6207.28
442.40 -14.26 -15.91 -19.51 333.41 254.58 23.37 -0.20
0.00 6825.46
408.70 -16.46 -19.08 -26.89 335.36 256.09 21.81 -0.10
0.00 7423.87
378.20 -19.86 -21.83 -28.26 338.16 252.33 23.04 0.00
0.00 8003.12
350.80 -23.86 -25.11 -29.74 339.83 244.98 25.72 0.00
0.00 8556.63
326.00 -27.86 -28.91 -33.91 340.51 239.68 26.55 0.20
0.00 9087.61
303.70 -31.66 -32.79 -40.74 340.92 234.76 25.93 0.30
0.00 9592.58
283.70 -35.26 -36.33 -47.28 341.77 229.92 25.64 0.30
0.00 10070.61
265.60 -39.36 -40.04 -48.35 342.22 228.18 24.77 0.20
0.00 10525.78
248.80 -43.36 -43.77 -49.96 342.62 224.66 22.94 0.10
17.00 10969.16
233.50 -46.36 -46.69 -52.96 344.17 210.44 21.85 0.10
12.00 11393.30
219.60 -48.66 -49.05 -60.55 346.41 214.49 27.10 0.00
0.00 11798.69
205.70 -51.96 -52.29 -67.88 347.62 236.75 35.08 0.00
0.00 12225.22
191.70 -56.16 -56.29 -61.60 348.09 252.44 36.05 0.00
0.00 12677.27
177.70 -58.46 -58.56 -63.87 351.90 251.43 26.22 0.00
86.00 13156.40
163.80 -60.46 -60.56 -66.60 356.79 243.24 25.45 0.00
53.00 13665.89
149.80 -62.86 -62.92 -67.25 361.88 240.72 29.39 0.00
0.00 14219.00
135.90 -65.06 -65.12 -70.80 368.15 247.27 31.18 0.00
0.00 14815.30
121.90 -66.06 -66.15 -76.19 377.89 255.86 27.04 0.00
0.00 15475.93
108.00 -64.66 -9999.00 -9999.00 -9999.00 244.62 16.76 0.00
0.00 16212.32
94.00 -63.06 -9999.00 -9999.00 -9999.00 227.93 18.84 0.00
0.00 17062.86
81.00 -62.66 -9999.00 -9999.00 -9999.00 258.31 11.50 0.00
0.00 17979.07
70.60 -61.36 -9999.00 -9999.00 -9999.00 276.58 5.09 0.00
0.00 18828.37
62.20 -59.06 -9999.00 -9999.00 -9999.00 50.19 4.55 0.00
0.00 19617.94
54.30 -58.06 -9999.00 -9999.00 -9999.00 69.44 6.64 0.00
0.00 20471.15
46.90 -56.36 -9999.00 -9999.00 -9999.00 90.00 8.55 0.00
0.00 21397.20
40.10 -54.56 -9999.00 -9999.00 -9999.00 52.13 6.64 0.00
0.00 22395.33
33.80 -53.26 -9999.00 -9999.00 -9999.00 26.93 13.73 0.00
0.00 23492.17
27.80 -51.66 -9999.00 -9999.00 -9999.00 49.87 17.77 0.00
0.00 24754.60
22.30 -49.06 -9999.00 -9999.00 -9999.00 77.91 22.24 0.00
0.00 26192.23
17.10 -44.56 -9999.00 -9999.00 -9999.00 82.35 26.26 0.00
0.00 27951.30
12.30 -41.86 -9999.00 -9999.00 -9999.00 68.73 31.06 0.00
0.00 30168.91

STID = KMDW STNM = 725340 TIME = 200810/0300 
SLAT = 41.78 SLON = -87.75 SELV = 183.0
STIM = 9

SHOW = -4.93 LIFT = -6.76 SWET = 392.52 KINX = 31.77
LCLP = 950.58 PWAT = 47.95 TOTL = 52.55 CAPE = 2212.24
LCLT = 296.00 CINS = -11.33 EQLV = 174.53 LFCT = 864.48
BRCH = 222.98

PRES TMPC TMWC DWPC THTE DRCT SKNT OMEG
CFRL HGHT
992.70 26.54 24.39 23.57 355.84 201.80 6.27 0.00
0.00 191.93
989.70 26.54 24.19 23.28 355.33 204.52 12.16 0.00
0.00 218.78
984.20 26.24 23.96 23.07 355.14 205.53 14.41 0.00
0.00 268.18
974.70 25.64 23.57 22.75 354.87 207.60 19.29 0.00
0.00 354.02
960.80 24.74 22.94 22.21 354.25 209.74 21.93 0.10
0.00 480.81
942.90 23.74 21.95 21.21 352.71 212.51 23.50 0.10
0.00 646.23
921.50 22.34 20.90 20.27 351.58 212.88 22.90 0.10
0.00 847.27
898.20 20.84 19.79 19.31 350.70 212.28 21.83 0.10
2.00 1070.37
873.00 19.64 18.36 17.76 348.93 217.93 18.96 0.10
12.00 1317.01
844.90 18.14 16.80 16.14 347.38 226.52 15.52 0.10
12.00 1599.10
813.80 16.04 15.02 14.48 345.79 235.41 13.69 0.20
15.00 1920.28
779.80 14.04 12.44 11.52 342.16 251.57 12.28 0.10
12.00 2282.88
743.00 12.74 8.43 5.39 335.05 273.24 10.31 0.00
7.00 2690.62
703.40 10.64 4.49 -1.15 329.97 288.80 9.63 -0.10
4.00 3149.03
661.00 7.34 0.99 -6.18 327.77 255.96 5.61 -0.10
3.00 3663.83
615.60 2.64 -2.94 -10.72 326.04 187.67 10.20 -0.10
4.00 4244.28
567.90 -2.76 -8.11 -18.97 323.10 206.13 11.46 -0.10
4.00 4889.83
521.60 -6.46 -11.91 -27.51 324.02 232.21 12.04 0.00
6.00 5558.79
479.90 -11.16 -12.39 -14.54 332.08 259.85 18.75 0.00
21.00 6204.17
442.50 -14.16 -14.27 -14.49 336.75 264.72 23.21 0.00
100.00 6823.85
408.80 -16.96 -18.00 -20.36 337.52 257.63 22.67 0.00
0.00 7421.98
378.30 -20.06 -21.46 -25.55 338.85 248.46 23.82 0.00
0.00 8000.47
350.80 -23.76 -25.13 -30.32 339.79 235.33 25.27 0.10
0.00 8555.86
326.00 -27.86 -29.15 -35.91 340.06 231.87 26.42 0.10
0.00 9086.92
303.70 -31.66 -32.85 -41.57 340.80 232.41 30.89 0.10
0.00 9591.87
283.70 -35.26 -36.33 -47.28 341.77 230.64 32.17 0.10
0.00 10069.90
265.60 -38.86 -39.71 -51.19 342.75 227.08 30.24 0.10
0.00 10525.54
248.80 -43.26 -43.70 -50.52 342.73 219.14 25.54 0.10
0.00 10969.48
233.50 -46.66 -46.94 -52.29 343.76 210.49 24.13 0.20
7.00 11393.45
219.60 -49.16 -49.52 -60.55 345.64 224.75 32.01 0.10
0.00 11798.11
205.70 -53.26 -53.44 -59.64 345.76 244.56 39.80 0.00
0.00 12222.93
191.70 -56.06 -56.24 -65.45 348.16 252.43 36.67 -0.10
0.00 12673.74
177.70 -57.76 -57.96 -73.70 352.91 255.41 29.31 -0.20
37.00 13153.75
163.80 -60.26 -60.41 -74.24 357.03 247.52 24.38 -0.20
0.00 13664.30
149.80 -63.26 -63.37 -74.84 361.10 239.53 26.83 -0.10
0.00 14217.15
135.90 -65.36 -65.45 -75.48 367.57 242.94 29.88 0.00
0.00 14812.45
121.90 -65.56 -65.65 -76.19 378.80 250.91 26.73 0.10
0.00 15473.39
108.00 -64.16 -9999.00 -9999.00 -9999.00 245.35 18.16 0.00
0.00 16211.55
94.00 -63.36 -9999.00 -9999.00 -9999.00 231.91 18.26 0.00
0.00 17062.50
81.00 -62.36 -9999.00 -9999.00 -9999.00 271.74 12.82 0.00
0.00 17978.71
70.60 -60.66 -9999.00 -9999.00 -9999.00 274.97 4.49 0.00
0.00 18830.02
62.20 -58.66 -9999.00 -9999.00 -9999.00 98.75 2.56 0.00
0.00 19621.64
54.30 -57.56 -9999.00 -9999.00 -9999.00 94.76 2.33 0.00
0.00 20476.63
46.90 -56.06 -9999.00 -9999.00 -9999.00 63.43 6.08 0.00
0.00 21404.39
40.10 -55.36 -9999.00 -9999.00 -9999.00 32.01 10.99 0.00
0.00 22401.38
33.80 -53.76 -9999.00 -9999.00 -9999.00 41.69 16.65 0.00
0.00 23494.97
27.80 -50.36 -9999.00 -9999.00 -9999.00 67.56 19.33 0.00
0.00 24759.68
22.30 -47.76 -9999.00 -9999.00 -9999.00 80.80 20.67 0.00
0.00 26205.70
17.10 -44.96 -9999.00 -9999.00 -9999.00 70.32 25.37 0.00
0.00 27968.27
12.30 -42.66 -9999.00 -9999.00 -9999.00 72.95 30.48 0.00
0.00 30180.10

STID = KMDW STNM = 725340 TIME = 200810/0400 
SLAT = 41.78 SLON = -87.75 SELV = 183.0
STIM = 10

SHOW = -5.65 LIFT = -7.24 SWET = 342.72 KINX = 31.99
LCLP = 957.63 PWAT = 46.44 TOTL = 54.33 CAPE = 2005.29
LCLT = 295.96 CINS = -24.00 EQLV = 179.16 LFCT = 832.68
BRCH = 275.54

PRES TMPC TMWC DWPC THTE DRCT SKNT OMEG
CFRL HGHT
992.40 25.84 24.09 23.40 354.42 203.43 6.35 0.00
0.00 191.91
989.30 25.84 23.93 23.17 354.14 204.90 11.99 0.00
0.00 219.60
983.80 25.54 23.70 22.97 353.99 206.22 14.51 0.00
0.00 268.90
974.40 24.94 23.28 22.61 353.58 209.23 18.71 0.00
0.00 353.67
960.40 24.24 22.55 21.85 352.50 212.83 21.50 0.00
0.00 481.13
942.50 23.44 21.59 20.80 351.11 217.45 23.00 0.10
0.00 646.36
921.20 22.34 20.52 19.72 349.94 219.61 21.93 0.10
0.00 846.38
897.90 21.04 19.47 18.76 349.36 218.07 20.47 0.10
0.00 1069.55
872.70 19.74 18.13 17.37 348.00 218.66 18.65 0.20
7.00 1316.34
844.60 18.24 16.61 15.80 346.64 221.76 14.59 0.20
7.00 1598.57
813.50 16.34 14.71 13.85 344.65 231.50 10.92 0.10
7.00 1920.01
779.60 14.64 11.78 10.08 339.86 254.41 8.66 0.10
5.00 2282.06
742.90 13.54 7.80 3.43 333.04 275.71 7.81 0.00
3.00 2689.52
703.30 11.04 4.63 -1.24 330.36 270.00 8.55 0.00
2.00 3148.81
660.90 7.54 0.65 -7.57 326.85 235.56 8.24 -0.10
2.00 3664.18
615.60 2.74 -3.32 -12.31 325.11 205.82 13.38 -0.20
2.00 4243.59
567.90 -3.06 -7.71 -16.18 324.05 215.22 16.16 -0.40
2.00 4888.91
521.60 -7.56 -12.04 -23.27 323.91 235.84 13.15 -0.30
4.00 5556.28
479.90 -12.06 -13.11 -15.02 330.60 260.54 11.81 0.00
21.00 6199.27
442.40 -13.86 -14.15 -14.67 337.03 266.04 19.66 0.10
100.00 6819.93
408.80 -17.46 -17.90 -18.84 337.74 260.72 20.47 0.10
100.00 7416.16
378.20 -20.46 -21.61 -24.88 338.62 241.11 19.31 0.00
27.00 7995.67
350.80 -23.76 -25.29 -31.32 339.50 226.27 24.73 -0.10
0.00 8548.67
326.00 -28.16 -29.25 -34.70 339.90 229.52 29.62 -0.20
0.00 9079.40
303.70 -31.86 -32.91 -40.23 340.71 233.71 34.46 -0.20
0.00 9583.85
283.70 -35.06 -36.15 -47.28 342.05 231.83 35.82 -0.20
0.00 10061.89
265.60 -38.46 -39.37 -51.87 343.29 225.00 35.16 -0.10
0.00 10518.10
248.80 -43.06 -43.57 -51.75 342.95 219.04 31.76 -0.10
0.00 10962.62
233.50 -46.86 -47.13 -52.29 343.46 216.37 31.12 -0.10
1.00 11386.58
219.60 -50.36 -50.56 -55.86 343.96 226.80 34.91 -0.10
0.00 11790.00
205.70 -54.16 -54.26 -57.35 344.43 236.15 39.06 0.00
80.00 12212.81
191.70 -56.46 -56.63 -65.45 347.52 246.56 36.64 0.00
3.00 12662.28
177.70 -57.76 -57.96 -73.70 352.91 251.68 30.91 0.00
0.00 13141.85
163.80 -59.66 -59.83 -74.24 358.03 244.37 26.50 0.00
0.00 13653.12
149.80 -62.56 -62.68 -74.84 362.30 234.51 25.76 0.00
0.00 14207.66
135.90 -64.66 -64.76 -75.48 368.81 243.60 29.70 0.00
0.00 14804.96
121.90 -64.86 -64.97 -76.19 380.08 254.11 27.66 0.10
0.00 15468.13
108.00 -64.06 -9999.00 -9999.00 -9999.00 244.80 18.24 0.00
0.00 16207.70
94.00 -63.46 -9999.00 -9999.00 -9999.00 232.77 18.30 0.00
0.00 17058.65
81.00 -62.76 -9999.00 -9999.00 -9999.00 270.00 11.65 0.00
0.00 17973.78
70.60 -60.66 -9999.00 -9999.00 -9999.00 267.14 3.88 0.00
0.00 18824.28
62.20 -59.26 -9999.00 -9999.00 -9999.00 97.13 1.57 0.00
0.00 19614.78
54.30 -58.26 -9999.00 -9999.00 -9999.00 45.00 3.30 0.00
0.00 20467.19
46.90 -56.36 -9999.00 -9999.00 -9999.00 61.19 8.88 0.00
0.00 21392.81
40.10 -55.06 -9999.00 -9999.00 -9999.00 52.79 13.17 0.00
0.00 22389.79
33.80 -52.16 -9999.00 -9999.00 -9999.00 55.62 17.89 0.00
0.00 23488.14
27.80 -49.16 -9999.00 -9999.00 -9999.00 67.89 20.12 0.00
0.00 24760.86
22.30 -47.66 -9999.00 -9999.00 -9999.00 72.94 17.87 0.00
0.00 26211.08
17.10 -44.86 -9999.00 -9999.00 -9999.00 70.69 24.09 0.00
0.00 27974.42
12.30 -42.86 -9999.00 -9999.00 -9999.00 70.11 31.39 0.00
0.00 30185.76

STID = KMDW STNM = 725340 TIME = 200810/0500 
SLAT = 41.78 SLON = -87.75 SELV = 183.0
STIM = 11

SHOW = -5.39 LIFT = -7.32 SWET = 332.48 KINX = 33.60
LCLP = 965.34 PWAT = 47.35 TOTL = 54.32 CAPE = 2009.53
LCLT = 296.02 CINS = -30.61 EQLV = 179.93 LFCT = 800.41
BRCH = 377.00

PRES TMPC TMWC DWPC THTE DRCT SKNT OMEG
CFRL HGHT
992.70 25.24 23.89 23.33 353.39 192.80 4.39 0.00
0.00 191.89
989.60 25.34 23.75 23.11 353.27 196.70 10.14 0.00
0.00 219.52
984.10 25.04 23.54 22.92 353.15 199.00 12.53 0.00
0.00 268.72
974.70 24.54 23.16 22.59 352.96 205.17 17.81 -0.10
0.00 353.33
960.80 23.94 22.52 21.92 352.29 210.60 20.98 -0.10
0.00 479.69
942.90 23.04 21.64 21.04 351.30 218.19 21.99 -0.10
0.00 644.67
921.50 22.04 20.68 20.07 350.58 226.15 20.47 -0.10
0.00 845.35
898.20 20.94 19.52 18.87 349.50 227.68 17.60 -0.10
0.00 1068.33
873.00 19.84 18.05 17.20 347.60 223.99 15.66 0.00
0.00 1315.03
844.90 18.64 16.36 15.24 345.63 223.90 14.30 0.10
0.00 1597.35
813.80 16.84 14.47 13.21 343.67 225.67 11.67 0.10
0.00 1919.07
779.90 14.74 11.70 9.89 339.54 235.56 8.24 0.10
0.00 2281.29
743.20 13.44 8.00 3.94 333.61 254.29 6.45 0.00
0.00 2688.61
703.50 10.64 4.98 0.03 331.35 250.11 9.71 -0.20
0.00 3148.60
661.10 7.04 0.97 -5.82 327.72 241.46 12.61 -0.40
0.00 3663.14
615.80 2.44 -3.21 -11.32 325.36 216.35 12.78 -0.60
0.00 4241.65
568.00 -3.26 -7.42 -14.53 324.69 209.66 16.10 -0.40
0.00 4887.67
521.70 -8.66 -11.61 -17.64 324.89 213.41 10.94 -0.20
0.00 5553.49
479.90 -11.16 -11.94 -13.24 333.02 231.34 8.70 0.00
2.00 6197.93
442.50 -13.86 -14.10 -14.53 337.12 248.20 19.87 0.10
100.00 6818.02
408.80 -17.66 -18.41 -20.12 336.72 250.68 19.97 0.00
42.00 7415.69
378.30 -20.66 -22.02 -26.17 337.80 237.33 21.23 0.00
2.00 7992.71
350.80 -24.66 -25.76 -29.97 338.66 229.88 22.61 -0.10
0.00 8546.43
326.00 -28.66 -29.51 -33.61 339.47 228.96 27.82 0.00
7.00 9075.69
303.70 -31.86 -33.02 -41.57 340.52 227.94 34.79 0.00
0.00 9579.63
283.70 -35.26 -36.28 -46.38 341.85 228.65 38.81 0.10
0.00 10057.46
265.60 -38.96 -39.68 -48.35 342.81 226.45 38.05 0.00
0.00 10513.01
248.80 -42.86 -43.38 -51.75 343.25 223.32 37.37 0.00
0.00 10957.25
233.50 -46.76 -47.09 -53.70 343.52 222.01 36.87 -0.10
0.00 11381.49
219.60 -50.56 -50.73 -55.00 343.69 225.62 38.05 -0.10
16.00 11784.81
205.70 -53.86 -54.02 -59.64 344.81 231.05 36.46 -0.10
76.00 12207.72
191.70 -56.06 -56.26 -68.39 348.12 243.43 33.45 0.00
0.00 12657.91
177.70 -57.86 -58.06 -73.70 352.75 249.81 32.07 0.00
0.00 13137.81
163.80 -59.46 -59.63 -74.24 358.37 244.96 29.37 0.00
0.00 13649.19
149.80 -61.66 -61.80 -74.84 363.85 238.90 27.45 -0.10
0.00 14205.17
135.90 -64.16 -64.26 -75.48 369.69 242.53 27.37 0.00
0.00 14804.47
121.90 -65.06 -9999.00 -9999.00 -9999.00 253.07 28.01 0.00
0.00 15468.11
108.00 -64.06 -9999.00 -9999.00 -9999.00 248.75 18.76 0.00
0.00 16207.33
94.00 -64.16 -9999.00 -9999.00 -9999.00 236.49 17.25 0.00
0.00 17056.86
81.00 -62.86 -9999.00 -9999.00 -9999.00 262.33 10.20 0.00
0.00 17970.24
70.60 -60.36 -9999.00 -9999.00 -9999.00 226.74 4.53 0.00
0.00 18821.15
62.20 -59.36 -9999.00 -9999.00 -9999.00 124.38 4.47 0.00
0.00 19612.02
54.30 -58.06 -9999.00 -9999.00 -9999.00 75.38 4.62 0.00
0.00 20464.62
46.90 -56.06 -9999.00 -9999.00 -9999.00 65.06 9.21 0.00
0.00 21391.32
40.10 -54.66 -9999.00 -9999.00 -9999.00 53.45 14.02 0.00
0.00 22389.91
33.80 -52.26 -9999.00 -9999.00 -9999.00 59.74 18.88 0.00
0.00 23489.00
27.80 -49.36 -9999.00 -9999.00 -9999.00 73.41 19.06 0.00
0.00 24760.87
22.30 -46.86 -9999.00 -9999.00 -9999.00 73.89 18.20 0.00
0.00 26213.02
17.10 -44.86 -9999.00 -9999.00 -9999.00 73.39 25.14 0.00
0.00 27979.47
12.30 -43.46 -9999.00 -9999.00 -9999.00 72.93 28.46 0.00
0.00 30187.92

STID = KMDW STNM = 725340 TIME = 200810/0600 
SLAT = 41.78 SLON = -87.75 SELV = 183.0
STIM = 12

SHOW = -5.15 LIFT = -6.85 SWET = 326.95 KINX = 33.40
LCLP = 968.86 PWAT = 47.58 TOTL = 53.79 CAPE = 1896.89
LCLT = 295.93 CINS = -46.72 EQLV = 183.30 LFCT = 742.47
BRCH = 362.42

PRES TMPC TMWC DWPC THTE DRCT SKNT OMEG
CFRL HGHT
992.70 24.84 23.67 23.18 352.38 188.43 5.30 0.00
0.00 192.77
989.70 24.84 23.56 23.02 352.33 191.11 11.09 0.00
0.00 219.46
984.20 24.54 23.35 22.85 352.28 192.80 13.15 0.00
0.00 268.57
974.80 24.04 22.97 22.51 352.06 201.35 18.14 -0.10
0.00 353.02
960.80 23.54 22.33 21.81 351.44 207.76 20.86 -0.10
2.00 480.09
942.90 22.84 21.55 20.99 350.89 217.18 21.21 -0.10
0.00 644.90
921.60 21.84 20.73 20.23 350.81 222.51 18.98 -0.10
4.00 844.50
898.30 21.04 19.59 18.93 349.79 225.48 16.34 -0.10
3.00 1067.43
873.10 20.04 18.16 17.28 348.06 226.58 14.98 0.00
0.00 1314.24
844.90 18.74 16.43 15.30 345.91 232.06 14.53 0.10
0.00 1597.70
813.90 17.14 14.41 12.97 343.46 236.31 12.61 0.20
0.00 1918.57
780.00 15.04 11.61 9.54 339.19 237.99 9.17 0.20
0.00 2281.08
743.20 13.14 8.16 4.53 334.15 244.23 6.25 0.20
0.00 2689.49
703.60 10.54 4.86 -0.15 331.00 242.85 8.51 0.20
0.00 3147.99
661.10 6.74 0.93 -5.51 327.64 243.43 12.59 0.20
0.00 3663.35
615.80 2.34 -3.19 -11.04 325.43 211.11 13.15 0.20
0.00 4241.47
568.00 -3.36 -7.68 -15.33 324.12 207.47 16.41 0.30
0.00 4887.24
521.70 -8.76 -10.72 -14.15 326.77 202.91 14.98 0.30
3.00 5552.91
479.90 -10.36 -10.79 -11.44 335.51 236.09 14.28 0.00
100.00 6198.41
442.50 -13.86 -13.88 -13.94 337.58 254.44 15.93 -0.20
100.00 6819.57
408.80 -18.46 -18.89 -19.88 335.80 247.81 15.95 -0.10
100.00 7416.34
378.20 -21.06 -22.46 -26.93 337.01 232.50 21.06 0.00
2.00 7993.95
350.80 -24.56 -26.44 -35.73 337.38 233.77 24.32 0.00
0.00 8545.33
326.00 -28.56 -30.40 -44.69 337.83 234.03 29.76 -0.20
0.00 9074.66
303.70 -32.06 -33.58 -48.78 339.52 229.02 35.26 -0.20
0.00 9578.39
283.70 -35.76 -36.56 -43.75 341.40 226.78 39.72 -0.10
0.00 10055.51
265.60 -39.36 -39.97 -46.97 342.34 224.43 41.06 0.00
0.00 10510.21
248.80 -43.36 -43.77 -49.96 342.62 223.49 41.76 0.00
0.00 10953.59
233.50 -47.06 -47.37 -53.70 343.07 222.11 40.85 0.00
0.00 11377.09
219.60 -50.56 -50.76 -55.86 343.65 228.18 39.63 0.00
12.00 11780.14
205.70 -53.06 -53.32 -64.93 345.94 231.70 34.17 0.00
26.00 12203.81
191.70 -55.36 -55.61 -73.19 349.19 242.67 32.58 0.00
0.00 12655.54
177.70 -57.96 -58.15 -73.70 352.58 245.18 31.47 0.10
0.00 13136.11
163.80 -60.16 -60.32 -74.24 357.19 240.70 30.96 0.10
0.00 13646.54
149.80 -61.56 -61.70 -74.84 364.02 241.22 31.47 0.00
0.00 14201.74
135.90 -63.56 -63.68 -75.48 370.75 245.39 27.99 0.00
0.00 14802.03
121.90 -65.26 -9999.00 -9999.00 -9999.00 247.04 24.90 0.00
0.00 15466.31
108.00 -64.66 -9999.00 -9999.00 -9999.00 250.02 20.45 0.00
0.00 16204.11
94.00 -64.26 -9999.00 -9999.00 -9999.00 236.31 18.20 0.00
0.00 17052.22
81.00 -62.26 -9999.00 -9999.00 -9999.00 259.51 10.66 0.00
0.00 17966.69
70.60 -59.96 -9999.00 -9999.00 -9999.00 213.69 4.90 0.00
0.00 18819.61
62.20 -59.56 -9999.00 -9999.00 -9999.00 127.23 6.10 0.00
0.00 19610.85
54.30 -58.56 -9999.00 -9999.00 -9999.00 95.44 4.10 0.00
0.00 20462.07
46.90 -57.76 -9999.00 -9999.00 -9999.00 62.30 8.78 0.00
0.00 21384.04
40.10 -56.26 -9999.00 -9999.00 -9999.00 62.28 12.94 0.00
0.00 22375.07
33.80 -52.56 -9999.00 -9999.00 -9999.00 75.07 18.08 0.00
0.00 23469.41
27.80 -48.96 -9999.00 -9999.00 -9999.00 75.81 17.42 0.00
0.00 24741.56
22.30 -46.66 -9999.00 -9999.00 -9999.00 73.12 18.07 0.00
0.00 26195.65
17.10 -45.76 -9999.00 -9999.00 -9999.00 72.79 22.98 0.00
0.00 27959.38
12.30 -43.86 -9999.00 -9999.00 -9999.00 71.83 26.79 0.00
0.00 30161.56

STID = KMDW STNM = 725340 TIME = 200810/0700 
SLAT = 41.78 SLON = -87.75 SELV = 183.0
STIM = 13

SHOW = -5.31 LIFT = -6.55 SWET = 331.03 KINX = 32.31
LCLP = 968.14 PWAT = 46.79 TOTL = 53.65 CAPE = 1740.56
LCLT = 295.67 CINS = -67.53 EQLV = 189.37 LFCT = 714.89
BRCH = 266.87

PRES TMPC TMWC DWPC THTE DRCT SKNT OMEG
CFRL HGHT
992.70 24.64 23.44 22.93 351.30 194.47 6.22 0.00
0.00 192.76
989.70 24.54 23.31 22.78 351.16 196.07 11.93 0.00
0.00 219.42
984.20 24.24 23.10 22.61 351.11 197.68 14.06 0.00
0.00 268.48
974.80 23.64 22.71 22.29 350.84 201.25 18.76 0.00
0.00 352.82
960.80 23.04 22.05 21.60 350.14 206.33 21.46 -0.10
5.00 479.68
943.00 22.64 21.47 20.95 350.50 216.14 21.41 -0.10
3.00 643.35
921.60 21.84 20.81 20.34 351.15 223.78 19.37 0.00
5.00 843.81
898.30 20.94 19.65 19.06 350.05 227.45 19.25 0.00
5.00 1066.72
873.10 19.74 18.31 17.63 348.67 226.82 17.31 -0.10
0.00 1313.39
844.90 18.44 16.65 15.77 346.76 231.34 14.92 0.00
0.00 1596.63
813.90 17.24 14.39 12.88 343.38 238.88 12.02 0.10
0.00 1917.42
780.00 15.54 11.38 8.82 338.40 237.85 8.02 0.20
0.00 2280.25
743.20 13.34 7.97 3.96 333.53 233.53 5.56 0.30
0.00 2689.06
703.60 10.64 4.48 -1.18 329.91 238.30 7.77 0.20
0.00 3147.72
661.10 6.84 0.78 -6.10 327.23 234.06 9.60 0.20
0.00 3663.17
615.80 2.44 -3.36 -11.86 325.01 201.80 12.55 0.20
0.00 4241.44
568.00 -3.26 -7.76 -15.93 323.92 210.10 15.50 0.20
0.00 4887.39
521.70 -8.36 -10.07 -12.87 328.14 215.46 15.73 0.10
7.00 5553.72
479.90 -10.46 -10.65 -10.96 335.81 261.76 14.92 -0.10
100.00 6199.67
442.40 -14.36 -14.40 -14.49 336.52 247.07 10.98 -0.10
100.00 6821.84
408.70 -18.16 -19.36 -22.45 334.90 229.25 16.67 0.10
42.00 7418.42
378.20 -21.36 -23.26 -30.40 335.51 230.08 24.83 0.10
2.00 7994.09
350.80 -24.56 -27.34 -54.07 335.63 240.91 29.56 0.10
0.00 8545.01
326.00 -29.06 -31.02 -50.11 336.74 242.77 30.15 0.00
0.00 9073.73
303.70 -32.76 -34.15 -48.21 338.58 228.78 33.31 0.00
0.00 9576.19
283.60 -36.26 -37.26 -48.81 340.24 223.35 38.21 0.00
0.00 10054.56
265.60 -39.76 -40.46 -49.95 341.51 222.01 42.09 0.10
0.00 10505.94
248.80 -43.56 -44.00 -51.11 342.24 222.61 46.19 0.10
0.00 10948.74
233.50 -47.46 -47.72 -52.96 342.50 223.50 47.13 0.00
4.00 11371.68
219.60 -50.06 -50.38 -60.55 344.25 229.19 41.32 0.00
3.00 11774.82
205.70 -52.36 -52.70 -72.71 346.95 234.46 35.08 -0.10
0.00 12199.62
191.70 -55.16 -55.42 -73.19 349.51 240.34 33.76 -0.10
0.00 12652.29
177.70 -57.46 -57.67 -73.70 353.40 243.59 31.45 -0.10
0.00 13133.63
163.80 -60.36 -60.51 -74.24 356.86 235.70 30.34 0.00
0.00 13644.42
149.80 -62.36 -62.48 -74.84 362.64 237.14 33.29 0.00
0.00 14198.30
135.90 -63.46 -63.58 -75.48 370.93 246.62 32.81 0.00
0.00 14797.60
121.90 -64.76 -9999.00 -9999.00 -9999.00 244.42 25.19 0.00
0.00 15462.84
108.00 -65.56 -9999.00 -9999.00 -9999.00 242.78 22.94 0.00
0.00 16199.93
94.00 -63.96 -9999.00 -9999.00 -9999.00 232.92 20.94 0.00
0.00 17046.81
81.00 -61.66 -9999.00 -9999.00 -9999.00 233.39 8.47 0.00
0.00 17963.25
70.60 -59.96 -9999.00 -9999.00 -9999.00 190.62 6.33 0.00
0.00 18817.37
62.20 -60.06 -9999.00 -9999.00 -9999.00 155.10 6.00 0.00
0.00 19607.69
54.30 -58.96 -9999.00 -9999.00 -9999.00 135.00 1.11 0.00
0.00 20457.11
46.90 -58.46 -9999.00 -9999.00 -9999.00 66.04 7.65 0.00
0.00 21376.73
40.10 -55.96 -9999.00 -9999.00 -9999.00 66.22 12.53 0.00
0.00 22366.84
33.80 -52.06 -9999.00 -9999.00 -9999.00 71.77 17.39 0.00
0.00 23463.18
27.80 -48.66 -9999.00 -9999.00 -9999.00 72.47 15.48 0.00
0.00 24737.62
22.30 -47.46 -9999.00 -9999.00 -9999.00 66.63 17.13 0.00
0.00 26190.09
17.10 -46.26 -9999.00 -9999.00 -9999.00 64.93 23.37 0.00
0.00 27948.77
12.30 -43.46 -9999.00 -9999.00 -9999.00 69.25 27.43 0.00
0.00 30150.47

STID = KMDW STNM = 725340 TIME = 200810/0800 
SLAT = 41.78 SLON = -87.75 SELV = 183.0
STIM = 14

SHOW = -5.28 LIFT = -6.22 SWET = 324.01 KINX = 31.20
LCLP = 971.12 PWAT = 47.63 TOTL = 52.86 CAPE = 1659.74
LCLT = 295.49 CINS = -46.96 EQLV = 192.70 LFCT = 698.55
BRCH = 216.42

PRES TMPC TMWC DWPC THTE DRCT SKNT OMEG
CFRL HGHT
992.00 24.14 23.13 22.69 350.00 197.24 5.91 0.00
0.00 192.75
989.00 24.14 23.03 22.54 349.99 199.90 11.99 0.00
0.00 219.38
983.50 23.74 22.81 22.39 349.89 200.92 14.14 0.00
0.00 268.39
974.10 23.14 22.44 22.10 349.72 203.66 18.88 -0.10
0.00 352.65
960.20 22.54 21.78 21.42 349.05 207.01 22.24 -0.10
6.00 478.45
942.30 22.14 21.45 21.12 350.53 219.29 22.09 -0.10
4.00 642.88
921.00 21.44 20.95 20.70 351.89 228.55 19.95 -0.20
10.00 842.27
897.70 20.34 19.91 19.68 351.29 237.36 20.53 -0.30
9.00 1065.02
872.50 19.14 18.43 18.07 349.29 238.84 19.52 -0.30
4.00 1311.43
844.30 17.54 16.81 16.42 347.49 233.56 15.70 -0.40
4.00 1594.22
813.30 16.24 14.68 13.85 344.56 235.49 11.31 -0.30
2.00 1914.33
779.40 15.24 11.57 9.36 339.18 236.77 6.74 -0.10
0.00 2276.74
742.70 13.24 7.90 3.89 333.38 223.26 4.53 0.00
0.00 2684.49
703.10 10.74 4.30 -1.77 329.44 233.47 6.53 0.10
0.00 3143.43
660.70 6.84 0.78 -6.11 327.29 222.51 9.48 0.10
0.00 3658.07
615.50 2.24 -3.32 -11.33 325.17 209.31 12.70 0.20
0.00 4235.19
567.70 -3.06 -7.38 -14.82 324.82 207.38 12.26 0.30
0.00 4881.52
521.40 -7.36 -8.62 -10.44 331.34 223.36 14.43 0.20
3.00 5549.87
479.70 -10.86 -10.91 -11.00 335.30 252.76 11.79 0.10
100.00 6195.44
442.30 -14.66 -15.04 -15.76 335.22 223.51 15.79 0.20
100.00 6815.27
408.60 -18.26 -19.47 -22.60 334.72 226.95 24.18 0.20
6.00 7411.48
378.10 -21.56 -24.36 -40.08 333.43 241.21 24.61 0.10
0.00 7986.86
350.70 -25.46 -28.07 -55.35 334.40 248.71 28.36 0.00
0.00 8536.64
326.00 -29.66 -31.49 -49.41 335.95 243.76 30.32 -0.10
0.00 9061.69
303.70 -33.36 -34.64 -47.67 337.77 231.12 32.19 -0.10
0.00 9562.92
283.60 -37.16 -38.15 -51.31 338.79 226.83 34.36 -0.10
0.00 10039.78
265.60 -40.36 -41.24 -59.06 340.22 224.21 39.84 -0.20
0.00 10489.70
248.70 -43.66 -44.31 -59.58 341.76 221.82 44.58 -0.20
0.00 10934.52
233.50 -47.06 -47.56 -63.98 342.73 225.36 43.41 -0.30
0.00 11355.03
219.60 -49.86 -50.26 -67.41 344.43 228.63 39.08 -0.20
0.00 11758.70
205.70 -52.56 -52.87 -67.88 346.68 231.63 35.68 -0.20
0.00 12183.50
191.70 -55.16 -55.42 -73.19 349.51 237.43 35.72 -0.20
0.00 12635.96
177.70 -57.26 -57.47 -73.70 353.73 241.34 33.22 -0.10
0.00 13117.52
163.80 -60.16 -60.32 -74.24 357.19 233.28 30.54 -0.10
0.00 13628.79
149.80 -62.66 -62.78 -74.84 362.13 232.81 34.38 -0.10
0.00 14182.54
135.90 -63.66 -63.77 -75.48 370.58 246.07 35.92 0.00
0.00 14781.13
121.90 -64.46 -9999.00 -9999.00 -9999.00 248.93 25.39 0.00
0.00 15446.52
108.00 -65.46 -9999.00 -9999.00 -9999.00 238.43 21.89 0.00
0.00 16184.32
94.00 -63.66 -9999.00 -9999.00 -9999.00 242.70 20.34 0.00
0.00 17032.02
81.00 -61.76 -9999.00 -9999.00 -9999.00 238.82 8.62 0.00
0.00 17948.89
70.60 -60.86 -9999.00 -9999.00 -9999.00 215.84 8.62 0.00
0.00 18801.01
62.20 -59.86 -9999.00 -9999.00 -9999.00 199.65 5.77 0.00
0.00 19590.02
54.30 -57.56 -9999.00 -9999.00 -9999.00 14.04 3.21 0.00
0.00 20442.63
46.90 -57.46 -9999.00 -9999.00 -9999.00 49.40 10.74 0.00
0.00 21367.39
40.10 -55.06 -9999.00 -9999.00 -9999.00 51.46 14.65 0.00
0.00 22361.86
33.80 -52.06 -9999.00 -9999.00 -9999.00 64.01 17.29 0.00
0.00 23460.45
27.80 -49.56 -9999.00 -9999.00 -9999.00 73.50 16.41 0.00
0.00 24732.31
22.30 -48.26 -9999.00 -9999.00 -9999.00 75.53 18.65 0.00
0.00 26179.30
17.10 -44.36 -9999.00 -9999.00 -9999.00 69.66 24.03 0.00
0.00 27942.26
12.30 -42.06 -9999.00 -9999.00 -9999.00 67.47 28.40 0.00
0.00 30159.87

STID = KMDW STNM = 725340 TIME = 200810/0900 
SLAT = 41.78 SLON = -87.75 SELV = 183.0
STIM = 15

SHOW = -4.85 LIFT = -6.15 SWET = 303.59 KINX = 31.61
LCLP = 972.45 PWAT = 47.75 TOTL = 52.30 CAPE = 1676.45
LCLT = 295.29 CINS = -48.96 EQLV = 193.83 LFCT = 701.24
BRCH = 336.47

PRES TMPC TMWC DWPC THTE DRCT SKNT OMEG
CFRL HGHT
992.20 23.84 22.90 22.47 348.88 197.65 4.49 0.00
0.00 192.73
989.30 23.84 22.77 22.30 348.80 200.81 10.39 0.00
0.00 218.45
983.80 23.44 22.56 22.15 348.70 202.14 12.37 0.00
0.00 267.38
974.30 22.84 22.20 21.89 348.64 205.06 16.51 0.00
0.00 352.41
960.40 22.24 21.71 21.44 348.71 209.67 19.23 -0.10
11.00 478.06
942.60 22.24 21.59 21.28 351.12 225.41 19.37 -0.20
11.00 641.47
921.20 21.74 21.13 20.83 352.65 235.20 19.41 -0.30
0.00 841.91
897.90 20.34 20.14 20.00 352.25 247.56 19.33 -0.40
21.00 1064.75
872.70 18.84 18.47 18.25 349.40 247.23 17.06 -0.50
18.00 1311.02
844.50 17.54 16.54 16.03 346.41 235.01 14.22 -0.50
0.00 1593.58
813.50 16.24 14.46 13.51 343.70 229.60 11.99 -0.50
0.00 1913.55
779.60 15.14 11.63 9.52 339.34 227.64 8.94 -0.40
0.00 2275.78
742.90 13.04 8.09 4.47 333.98 213.69 7.71 -0.30
0.00 2683.26
703.30 10.54 4.45 -1.16 329.86 225.00 8.24 -0.20
0.00 3141.82
660.90 6.64 1.19 -4.65 328.37 225.00 10.43 -0.10
0.00 3656.04
615.50 1.84 -3.32 -10.58 325.21 213.96 11.48 0.10
0.00 4235.11
567.80 -2.86 -6.69 -12.71 326.34 213.37 9.54 0.20
0.00 4879.90
521.40 -6.86 -7.42 -8.16 334.05 256.76 10.18 0.20
3.00 5550.73
479.60 -11.16 -11.35 -11.67 334.35 240.75 11.13 0.10
100.00 6198.25
442.30 -14.46 -16.46 -21.19 332.33 231.97 19.23 0.00
27.00 6816.16
408.60 -18.46 -21.38 -33.62 331.02 239.38 22.13 -0.10
0.00 7412.02
378.20 -22.06 -25.24 -56.23 331.72 250.45 22.05 -0.20
0.00 7984.43
350.70 -26.06 -28.59 -58.63 333.51 248.05 28.07 -0.30
0.00 8534.88
326.00 -30.36 -32.14 -51.68 334.86 238.97 29.02 -0.30
0.00 9058.53
303.70 -34.06 -35.28 -48.78 336.71 228.72 31.80 -0.30
0.00 9558.30
283.60 -37.96 -38.79 -49.38 337.76 227.27 34.63 -0.20
0.00 10033.66
265.60 -41.16 -41.89 -55.27 339.18 229.06 38.83 -0.20
0.00 10482.05
248.70 -43.96 -44.63 -63.51 341.22 231.25 40.35 -0.10
0.00 10925.82
233.50 -46.76 -47.30 -66.97 343.14 230.73 39.90 -0.10
0.00 11346.33
219.60 -49.76 -50.17 -67.41 344.58 229.21 39.26 -0.10
0.00 11750.35
205.70 -52.86 -53.15 -67.88 346.21 231.12 39.92 0.00
0.00 12174.96
191.70 -55.26 -55.51 -73.19 349.35 237.91 40.58 0.00
0.00 12627.00
177.70 -57.16 -57.38 -73.70 353.89 243.05 38.58 0.00
0.00 13108.57
163.80 -59.66 -59.83 -74.24 358.03 236.40 34.05 0.00
0.00 13620.55
149.80 -62.96 -63.07 -74.84 361.61 230.23 37.65 0.10
0.00 14174.57
135.90 -64.36 -64.46 -75.48 369.34 241.57 39.98 0.10
0.00 14771.72
121.90 -64.56 -9999.00 -9999.00 -9999.00 245.62 29.64 0.10
0.00 15435.85
108.00 -64.76 -9999.00 -9999.00 -9999.00 230.91 24.03 0.00
0.00 16174.71
94.00 -63.46 -9999.00 -9999.00 -9999.00 240.05 20.63 -0.10
0.00 17024.24
81.00 -61.86 -9999.00 -9999.00 -9999.00 247.96 8.80 -0.10
0.00 17941.33
70.60 -61.86 -9999.00 -9999.00 -9999.00 219.81 7.60 0.00
0.00 18791.23
62.20 -60.56 -9999.00 -9999.00 -9999.00 176.99 3.69 0.00
0.00 19577.09
54.30 -58.56 -9999.00 -9999.00 -9999.00 35.71 7.65 0.00
0.00 20426.32
46.90 -57.86 -9999.00 -9999.00 -9999.00 51.50 10.92 0.00
0.00 21348.08
40.10 -54.26 -9999.00 -9999.00 -9999.00 67.83 17.00 0.00
0.00 22343.46
33.80 -51.56 -9999.00 -9999.00 -9999.00 77.12 20.92 0.00
0.00 23445.30
27.80 -50.36 -9999.00 -9999.00 -9999.00 77.78 19.27 0.00
0.00 24716.31
22.30 -48.66 -9999.00 -9999.00 -9999.00 74.74 19.93 0.00
0.00 26159.43
17.10 -44.96 -9999.00 -9999.00 -9999.00 69.15 26.18 0.00
0.00 27918.50
12.30 -42.66 -50.51 -89.89 809.96 75.20 31.95 0.00
0.00 30130.33

STID = KMDW STNM = 725340 TIME = 200810/1000 
SLAT = 41.78 SLON = -87.75 SELV = 183.0
STIM = 16

SHOW = -4.71 LIFT = -6.23 SWET = 292.82 KINX = 32.22
LCLP = 974.73 PWAT = 47.39 TOTL = 52.14 CAPE = 1678.35
LCLT = 295.29 CINS = -47.32 EQLV = 196.95 LFCT = 708.09
BRCH = 566.20

PRES TMPC TMWC DWPC THTE DRCT SKNT OMEG
CFRL HGHT
992.20 23.64 22.81 22.43 348.51 192.99 2.58 0.00
0.00 192.73
989.20 23.54 22.64 22.23 348.22 193.32 7.60 0.00
0.00 219.30
983.80 23.14 22.42 22.08 348.10 195.78 9.29 0.00
0.00 267.30
974.30 22.54 22.08 21.83 348.08 201.30 12.30 0.00
0.00 352.24
960.40 22.14 21.66 21.40 348.46 214.10 15.25 0.10
21.00 477.80
942.50 22.54 21.69 21.30 351.57 232.74 17.33 0.10
13.00 642.20
921.20 22.04 21.36 21.04 353.71 240.02 17.48 0.10
0.00 841.92
897.90 20.34 20.24 20.14 352.70 256.95 16.36 0.10
100.00 1064.90
872.60 18.64 18.51 18.39 349.58 258.86 13.07 0.00
100.00 1312.10
844.50 17.54 16.42 15.85 345.93 237.99 10.99 0.00
8.00 1593.57
813.40 16.24 14.07 12.90 342.29 227.07 11.40 0.10
2.00 1914.54
779.60 14.84 11.47 9.43 338.80 225.00 9.89 0.10
0.00 2275.48
742.80 12.94 8.33 5.02 334.73 214.44 8.24 0.30
0.00 2683.84
703.20 10.34 4.62 -0.52 330.38 221.05 7.98 0.40
0.00 3142.29
660.80 6.64 1.11 -4.88 328.16 226.64 9.62 0.40
0.00 3656.43
615.50 2.14 -3.31 -11.09 325.21 217.07 10.96 0.40
0.00 4234.55
567.70 -2.56 -5.73 -10.15 328.57 237.99 9.17 0.20
0.00 4881.55
521.40 -6.96 -7.59 -8.42 333.67 285.46 9.48 0.00
2.00 5551.34
479.60 -11.06 -12.55 -15.22 331.80 250.29 13.83 -0.10
36.00 6198.70
442.20 -15.06 -17.73 -25.51 329.84 248.55 17.52 -0.10
0.00 6817.48
408.60 -18.66 -21.99 -39.65 329.84 246.23 17.83 0.00
0.00 7410.58
378.20 -22.36 -25.38 -50.40 331.53 245.47 21.99 0.00
0.00 7982.39
350.70 -26.56 -28.98 -56.84 332.88 244.65 28.59 0.10
0.00 8531.96
326.00 -30.86 -32.51 -50.11 334.26 236.52 28.88 0.10
0.00 9054.55
303.70 -34.56 -35.87 -54.16 335.72 230.69 31.88 0.00
0.00 9553.27
283.60 -38.16 -39.15 -55.83 337.14 232.68 34.93 0.00
0.00 10027.91
265.60 -41.16 -41.96 -59.06 339.05 235.82 38.03 0.10
0.00 10476.09
248.70 -43.76 -44.45 -63.51 341.52 235.86 40.83 0.10
0.00 10920.05
233.50 -46.76 -47.28 -63.98 343.18 232.87 42.15 0.00
0.00 11340.74
219.60 -49.76 -50.17 -67.41 344.58 230.43 42.07 0.00
0.00 11744.77
205.70 -52.56 -52.87 -67.88 346.68 231.94 43.16 0.00
0.00 12169.67
191.70 -54.96 -55.22 -73.19 349.83 239.60 44.13 0.00
0.00 12622.33
177.70 -57.16 -57.38 -73.70 353.89 243.56 40.13 0.00
0.00 13104.23
163.80 -59.26 -59.44 -74.24 358.70 235.22 34.05 0.00
0.00 13616.68
149.80 -62.56 -62.68 -74.84 362.30 228.22 39.06 0.00
0.00 14171.75
135.90 -63.96 -9999.00 -9999.00 -9999.00 239.32 39.98 0.10
0.00 14770.04
121.90 -64.26 -9999.00 -9999.00 -9999.00 248.06 30.15 0.00
0.00 15435.28
108.00 -64.66 -9999.00 -9999.00 -9999.00 242.81 23.80 0.00
0.00 16174.85
94.00 -63.86 -9999.00 -9999.00 -9999.00 249.57 21.13 0.00
0.00 17023.77
81.00 -62.86 -9999.00 -9999.00 -9999.00 242.05 10.78 0.00
0.00 17937.81
70.60 -62.26 -9999.00 -9999.00 -9999.00 197.47 10.99 0.00
0.00 18784.89
62.20 -60.16 -9999.00 -9999.00 -9999.00 170.22 5.71 0.00
0.00 19570.76
54.30 -58.06 -9999.00 -9999.00 -9999.00 52.13 6.64 0.00
0.00 20421.77
46.90 -56.06 -9999.00 -9999.00 -9999.00 58.09 12.12 0.00
0.00 21348.46
40.10 -53.66 -9999.00 -9999.00 -9999.00 72.30 19.17 0.00
0.00 22349.35
33.80 -52.56 -9999.00 -9999.00 -9999.00 91.68 19.81 0.00
0.00 23450.20
27.80 -50.96 -9999.00 -9999.00 -9999.00 81.77 16.30 0.00
0.00 24716.62
22.30 -49.16 -9999.00 -9999.00 -9999.00 61.34 19.04 0.00
0.00 26156.19
17.10 -46.06 -9999.00 -9999.00 -9999.00 66.22 25.04 0.00
0.00 27909.04
12.30 -43.46 -50.94 -89.89 807.15 79.66 29.22 0.00
0.00 30111.72

STID = KMDW STNM = 725340 TIME = 200810/1100 
SLAT = 41.78 SLON = -87.75 SELV = 183.0
STIM = 17

SHOW = -5.22 LIFT = -6.75 SWET = 308.17 KINX = 31.14
LCLP = 976.12 PWAT = 46.43 TOTL = 52.61 CAPE = 1772.77
LCLT = 295.27 CINS = -25.62 EQLV = 194.67 LFCT = 860.09
BRCH = 207.92

PRES TMPC TMWC DWPC THTE DRCT SKNT OMEG
CFRL HGHT
992.60 23.54 22.76 22.40 348.23 188.53 3.92 0.00
0.00 192.72
989.60 23.44 22.61 22.23 348.03 188.84 8.84 0.00
0.00 219.28
984.10 22.94 22.38 22.09 347.84 189.64 10.45 0.00
0.00 268.12
974.70 22.34 22.03 21.84 347.80 192.99 12.96 0.00
6.00 352.08
960.70 22.34 21.77 21.48 348.91 210.84 15.15 0.00
20.00 478.50
942.90 22.74 21.91 21.53 352.50 230.96 18.51 0.00
6.00 642.04
921.50 21.94 21.60 21.41 354.75 235.98 18.75 0.00
3.00 842.70
898.20 20.64 20.53 20.43 353.96 250.25 16.10 0.00
100.00 1065.73
872.90 18.84 18.73 18.62 350.47 253.81 12.55 0.00
100.00 1313.09
844.70 16.74 16.55 16.41 346.40 236.00 10.08 0.10
21.00 1595.26
813.60 16.24 13.96 12.72 341.84 226.59 9.89 0.30
3.00 1915.74
779.70 15.24 11.24 8.76 337.98 224.09 8.66 0.50
0.00 2277.86
743.00 13.44 8.09 4.12 333.91 219.40 7.03 0.50
0.00 2685.56
703.40 10.74 4.46 -1.35 329.86 233.75 7.23 0.50
0.00 3144.51
660.90 6.84 0.82 -6.00 327.35 242.40 9.63 0.30
0.00 3660.20
615.60 2.34 -2.84 -9.83 326.33 247.80 10.28 0.10
0.00 4238.63
567.80 -2.56 -5.11 -8.40 330.02 292.69 11.58 0.00
0.00 4885.91
521.40 -7.26 -9.05 -11.79 330.37 299.74 12.53 -0.10
0.00 5556.62
479.70 -11.36 -14.76 -23.63 327.21 280.52 13.83 -0.10
0.00 6201.20
442.30 -15.46 -18.84 -31.57 327.66 252.84 13.83 0.10
0.00 6818.69
408.70 -18.76 -22.02 -39.02 329.76 237.38 17.29 0.10
0.00 7410.99
378.20 -22.46 -25.63 -68.49 331.02 246.04 24.86 0.10
0.00 7984.37
350.70 -27.06 -29.42 -60.89 332.12 246.04 28.69 0.10
0.00 8533.26
326.00 -31.26 -32.98 -55.95 333.46 240.15 27.33 0.10
0.00 9054.88
303.70 -34.86 -36.16 -55.27 335.26 233.42 30.96 0.10
0.00 9552.86
283.60 -38.26 -39.26 -57.08 336.96 235.11 35.99 0.00
0.00 10027.10
265.60 -41.16 -41.99 -60.81 339.01 237.26 38.79 0.00
0.00 10475.18
248.70 -43.96 -44.63 -63.51 341.22 234.49 40.81 0.00
0.00 10918.94
233.50 -46.86 -47.37 -63.98 343.03 231.46 42.72 0.00
0.00 11339.36
219.60 -49.66 -50.07 -67.41 344.73 231.50 43.69 0.00
0.00 11743.39
205.70 -52.56 -52.87 -67.88 346.68 235.83 45.32 0.00
0.00 12168.38
191.70 -55.16 -55.39 -68.39 349.56 241.09 44.60 0.10
0.00 12620.84
177.70 -56.86 -57.08 -73.70 354.38 242.93 39.26 0.10
0.00 13102.85
163.80 -58.96 -59.14 -74.24 359.21 234.39 33.68 0.00
0.00 13616.02
149.80 -61.86 -61.99 -74.84 363.50 229.83 39.14 0.00
0.00 14172.39
135.90 -63.56 -9999.00 -9999.00 -9999.00 239.08 40.07 0.00
0.00 14772.26
121.90 -64.16 -9999.00 -9999.00 -9999.00 246.52 30.71 0.00
0.00 15438.29
108.00 -65.06 -65.18 -76.97 393.08 237.86 25.93 0.00
0.00 16177.33
94.00 -63.96 -9999.00 -9999.00 -9999.00 251.40 21.93 0.00
0.00 17025.23
81.00 -63.06 -9999.00 -9999.00 -9999.00 240.64 10.70 0.00
0.00 17938.62
70.60 -61.26 -9999.00 -9999.00 -9999.00 219.64 8.84 0.00
0.00 18787.31
62.20 -59.66 -9999.00 -9999.00 -9999.00 270.00 0.97 0.00
0.00 19575.96
54.30 -58.46 -9999.00 -9999.00 -9999.00 58.30 7.77 0.00
0.00 20427.17
46.90 -56.46 -9999.00 -9999.00 -9999.00 61.70 14.34 0.00
0.00 21352.15
40.10 -54.06 -9999.00 -9999.00 -9999.00 95.60 19.91 0.00
0.00 22351.20
33.80 -52.46 -9999.00 -9999.00 -9999.00 110.34 18.43 0.00
0.00 23451.29
27.80 -50.46 -9999.00 -9999.00 -9999.00 78.83 16.05 0.00
0.00 24719.44
22.30 -48.26 -9999.00 -9999.00 -9999.00 63.19 20.67 0.00
0.00 26163.53
17.10 -45.86 -9999.00 -9999.00 -9999.00 70.75 25.93 0.00
0.00 27920.65
12.30 -44.66 -9999.00 -9999.00 -9999.00 74.00 27.49 0.00
0.00 30118.49

STID = KMDW STNM = 725340 TIME = 200810/1200 
SLAT = 41.78 SLON = -87.75 SELV = 183.0
STIM = 18

SHOW = -5.06 LIFT = -7.19 SWET = 307.39 KINX = 30.27
LCLP = 974.53 PWAT = 44.25 TOTL = 52.76 CAPE = 1895.01
LCLT = 295.29 CINS = -21.02 EQLV = 196.23 LFCT = 868.29
BRCH = 189.86

PRES TMPC TMWC DWPC THTE DRCT SKNT OMEG
CFRL HGHT
992.00 23.64 22.81 22.43 348.54 199.29 4.12 0.00
0.00 191.84
989.00 23.34 22.60 22.25 348.07 198.43 7.98 0.00
0.00 218.42
983.50 22.94 22.39 22.11 348.00 199.57 9.29 0.00
0.00 267.29
974.10 22.34 22.04 21.85 347.93 200.22 11.79 0.10
10.00 351.30
960.10 22.44 21.94 21.68 349.77 213.90 14.98 0.10
19.00 477.83
942.30 22.64 22.08 21.80 353.36 236.66 17.68 0.20
11.00 641.50
920.90 21.94 21.65 21.48 355.09 246.45 16.53 0.20
32.00 842.28
897.60 20.54 20.36 20.23 353.29 259.54 12.84 0.20
100.00 1065.40
872.30 18.64 18.50 18.38 349.60 248.96 10.82 0.30
100.00 1312.78
844.20 16.64 16.15 15.86 344.89 233.97 10.57 0.40
43.00 1593.92
813.10 16.94 13.57 11.69 340.50 234.73 9.75 0.30
3.00 1914.81
779.30 15.94 10.78 7.43 336.47 228.37 7.01 0.30
0.00 2276.78
742.60 13.94 7.67 2.79 332.66 218.05 5.67 0.20
0.00 2685.37
703.00 10.94 4.32 -1.94 329.51 242.65 6.33 0.00
0.00 3145.02
660.60 6.84 1.05 -5.32 328.02 256.83 9.38 -0.20
0.00 3659.94
615.30 2.24 -2.49 -8.53 327.26 274.93 11.31 -0.30
0.00 4238.62
567.50 -2.66 -6.35 -11.92 327.17 312.61 13.19 -0.20
0.00 4885.89
521.20 -7.46 -11.46 -20.36 325.20 305.62 16.01 -0.10
0.00 5554.60
479.60 -11.86 -15.83 -28.70 325.10 287.90 13.27 0.00
0.00 6196.59
442.20 -15.36 -18.84 -32.26 327.67 247.17 16.03 0.10
0.00 6813.65
408.60 -18.66 -22.27 -46.13 329.26 243.43 20.42 0.10
0.00 7406.28
378.10 -22.96 -9999.00 -9999.00 -9999.00 250.40 27.21 0.20
0.00 7979.33
350.70 -27.46 -29.77 -63.98 331.53 246.12 27.84 0.20
0.00 8525.30
326.00 -31.46 -33.13 -54.68 333.22 236.20 27.58 0.20
0.00 9046.27
303.70 -35.16 -36.40 -54.16 334.87 234.00 33.37 0.20
0.00 9543.75
283.60 -38.26 -39.29 -58.54 336.92 236.31 37.12 0.10
0.00 10017.68
265.60 -41.06 -41.92 -63.02 339.11 235.68 39.28 0.10
0.00 10465.86
248.70 -43.96 -44.61 -61.32 341.27 231.75 42.06 0.10
0.00 10909.71
233.50 -46.86 -47.37 -63.98 343.03 231.14 43.65 0.10
0.00 11330.13
219.60 -49.66 -50.07 -67.41 344.73 234.12 45.07 0.10
0.00 11734.16
205.70 -52.46 -52.77 -67.88 346.83 237.05 46.08 0.00
0.00 12159.25
191.70 -54.46 -54.74 -73.19 350.64 240.07 44.39 0.00
0.00 12612.53
177.70 -56.06 -56.31 -73.70 355.69 242.55 39.18 -0.10
0.00 13096.20
163.80 -58.56 -58.75 -74.24 359.88 236.76 34.38 -0.10
0.00 13610.81
149.80 -61.66 -61.80 -74.84 363.85 227.40 39.32 -0.20
0.00 14167.96
135.90 -64.16 -64.26 -75.48 369.69 236.39 40.35 -0.10
0.00 14767.26
121.90 -64.36 -9999.00 -9999.00 -9999.00 246.71 33.41 -0.10
0.00 15432.02
108.00 -65.16 -65.28 -76.97 392.89 233.04 24.55 0.00
0.00 16170.53
94.00 -63.66 -9999.00 -9999.00 -9999.00 251.89 21.87 0.00
0.00 17018.84
81.00 -61.96 -9999.00 -9999.00 -9999.00 241.07 8.43 0.00
0.00 17935.27
70.60 -61.06 -9999.00 -9999.00 -9999.00 248.50 6.90 0.00
0.00 18786.59
62.20 -60.96 -9999.00 -9999.00 -9999.00 360.00 0.97 0.00
0.00 19573.19
54.30 -59.16 -9999.00 -9999.00 -9999.00 73.30 6.08 0.00
0.00 20420.43
46.90 -56.46 -9999.00 -9999.00 -9999.00 72.28 14.69 0.00
0.00 21343.90
40.10 -54.46 -9999.00 -9999.00 -9999.00 110.41 17.83 0.00
0.00 22342.04
33.80 -52.06 -9999.00 -9999.00 -9999.00 112.11 13.42 0.00
0.00 23442.13
27.80 -50.86 -9999.00 -9999.00 -9999.00 80.54 17.72 0.00
0.00 24710.28
22.30 -48.46 -9999.00 -9999.00 -9999.00 75.16 23.50 0.00
0.00 26152.43
17.10 -46.16 -9999.00 -9999.00 -9999.00 74.43 28.22 0.00
0.00 27907.61
12.30 -44.56 -9999.00 -9999.00 -9999.00 71.44 28.07 0.00
0.00 30104.49

STID = KMDW STNM = 725340 TIME = 200810/1300 
SLAT = 41.78 SLON = -87.75 SELV = 183.0
STIM = 19

SHOW = -4.21 LIFT = -7.20 SWET = 284.10 KINX = 30.53
LCLP = 968.61 PWAT = 42.56 TOTL = 52.34 CAPE = 2060.25
LCLT = 295.50 CINS = -13.95 EQLV = 193.00 LFCT = 883.22
BRCH = 118.61

PRES TMPC TMWC DWPC THTE DRCT SKNT OMEG
CFRL HGHT
991.60 24.34 23.22 22.74 350.47 197.74 5.09 0.00
0.00 191.87
988.50 24.04 22.98 22.52 349.88 195.12 7.44 0.00
0.00 219.41
983.00 23.54 22.72 22.34 349.56 196.46 8.92 0.00
0.00 268.42
973.60 22.74 22.31 22.08 349.24 196.89 11.36 0.00
1.00 352.63
959.70 22.44 22.05 21.84 350.35 205.53 14.41 0.10
19.00 478.41
941.80 22.34 21.95 21.74 352.87 220.68 14.61 0.10
18.00 643.01
920.40 21.84 21.52 21.33 354.55 242.53 10.96 0.10
21.00 843.74
897.10 20.34 19.87 19.62 351.21 254.25 7.87 0.30
13.00 1066.83
871.90 18.14 18.04 17.94 347.77 236.31 9.11 0.40
100.00 1312.98
843.80 17.74 15.48 14.31 342.42 240.12 10.53 0.40
10.00 1594.40
812.80 17.74 12.96 10.14 338.33 257.47 8.95 0.40
0.00 1915.21
779.00 16.24 10.52 6.70 335.63 244.89 6.86 0.40
0.00 2277.85
742.40 14.04 7.58 2.50 332.41 234.25 5.98 0.40
0.00 2685.68
702.80 10.84 4.50 -1.36 330.06 259.29 7.32 0.30
0.00 3145.47
660.40 6.74 1.43 -4.12 329.09 281.51 10.70 0.30
0.00 3660.44
615.10 2.64 -3.02 -11.00 325.93 307.61 14.96 0.20
0.00 4239.59
567.40 -2.76 -7.39 -15.58 324.82 311.89 17.75 0.20
0.00 4885.77
521.10 -7.66 -12.31 -24.65 323.43 304.78 17.04 0.00
0.00 5554.00
479.50 -11.76 -15.63 -27.61 325.52 271.49 14.96 0.00
0.00 6195.92
442.20 -15.46 -18.94 -32.63 327.47 246.15 20.18 -0.10
0.00 6811.40
408.60 -19.06 -22.60 -47.42 328.67 250.45 22.05 -0.10
0.00 7403.45
378.10 -23.36 -26.34 -68.49 329.85 250.17 25.19 -0.10
0.00 7975.58
350.70 -27.76 -29.98 -58.63 331.21 244.82 25.12 -0.10
0.00 8520.79
326.00 -31.36 -33.00 -52.58 333.44 230.30 28.28 -0.10
0.00 9041.55
303.70 -35.36 -36.55 -53.18 334.63 233.07 34.27 -0.20
0.00 9538.93
283.60 -38.36 -39.37 -58.54 336.77 235.03 36.27 -0.20
0.00 10012.56
265.60 -41.26 -42.08 -60.81 338.86 234.23 38.54 -0.20
0.00 10460.45
248.70 -44.16 -44.82 -63.51 340.92 231.80 41.78 -0.20
0.00 10903.92
233.50 -47.06 -47.56 -63.98 342.73 232.72 43.94 -0.10
0.00 11323.97
219.60 -49.96 -50.36 -67.41 344.27 234.69 45.71 -0.10
0.00 11727.55
205.70 -52.56 -52.87 -67.88 346.68 236.70 47.42 -0.10
0.00 12152.25
191.70 -54.56 -54.84 -73.19 350.48 239.95 45.78 0.00
0.00 12605.33
177.70 -56.36 -56.60 -73.70 355.20 242.84 41.71 0.00
0.00 13088.56
163.80 -58.96 -59.14 -74.24 359.21 241.29 37.20 0.00
0.00 13602.33
149.80 -61.76 -61.90 -74.84 363.68 227.24 38.62 0.00
0.00 14158.83
135.90 -64.66 -64.76 -75.48 368.81 235.52 42.89 0.10
0.00 14757.27
121.90 -64.66 -9999.00 -9999.00 -9999.00 248.68 38.99 0.10
0.00 15420.76
108.00 -64.36 -9999.00 -9999.00 -9999.00 236.71 23.00 0.00
0.00 16160.15
94.00 -63.46 -9999.00 -9999.00 -9999.00 245.51 19.21 0.00
0.00 17010.49
81.00 -61.46 -9999.00 -9999.00 -9999.00 205.02 6.43 0.00
0.00 17928.45
70.60 -61.86 -9999.00 -9999.00 -9999.00 255.38 4.62 0.00
0.00 18779.16
62.20 -60.16 -9999.00 -9999.00 -9999.00 321.34 1.24 0.00
0.00 19565.76
54.30 -57.26 -9999.00 -9999.00 -9999.00 62.10 7.48 0.00
0.00 20418.37
46.90 -56.46 -9999.00 -9999.00 -9999.00 88.57 15.54 0.00
0.00 21345.92
40.10 -54.16 -9999.00 -9999.00 -9999.00 118.74 13.73 0.00
0.00 22344.74
33.80 -52.76 -9999.00 -9999.00 -9999.00 94.09 10.90 0.00
0.00 23443.83
27.80 -51.06 -9999.00 -9999.00 -9999.00 90.00 16.71 0.00
0.00 24709.40
22.30 -48.76 -9999.00 -9999.00 -9999.00 84.84 25.93 0.00
0.00 26149.94
17.10 -46.16 -9999.00 -9999.00 -9999.00 79.70 28.22 0.00
0.00 27903.96
12.30 -43.46 -9999.00 -9999.00 -9999.00 59.93 29.86 0.00
0.00 30106.14

STID = KMDW STNM = 725340 TIME = 200810/1400 
SLAT = 41.78 SLON = -87.75 SELV = 183.0
STIM = 20

SHOW = -4.03 LIFT = -7.57 SWET = 280.11 KINX = 30.20
LCLP = 960.24 PWAT = 40.41 TOTL = 52.79 CAPE = 2254.02
LCLT = 295.74 CINS = -8.73 EQLV = 189.20 LFCT = 887.12
BRCH = 84.89

PRES TMPC TMWC DWPC THTE DRCT SKNT OMEG
CFRL HGHT
991.80 25.34 23.77 23.13 352.98 189.78 5.71 0.00
0.00 192.79
988.90 24.94 23.50 22.90 352.18 189.93 7.89 0.00
0.00 218.64
983.40 24.34 23.21 22.72 351.73 189.87 9.07 0.00
0.00 267.78
973.90 23.54 22.83 22.50 351.55 190.01 10.06 0.00
0.00 353.10
960.00 22.84 22.26 21.97 351.22 198.43 13.52 0.10
0.00 479.13
942.10 21.74 21.59 21.47 351.19 200.46 13.89 0.10
46.00 643.60
920.70 21.74 21.37 21.16 353.81 221.31 8.53 0.10
39.00 844.01
897.40 20.34 19.81 19.54 350.91 223.73 6.18 0.20
18.00 1066.96
872.20 18.24 18.10 17.98 347.96 215.91 6.95 0.20
100.00 1313.07
844.00 18.54 15.10 13.28 340.95 236.31 9.11 0.20
6.00 1595.78
813.10 18.54 12.28 8.33 335.87 261.67 8.04 0.20
0.00 1916.15
779.30 16.94 10.22 5.53 334.53 246.19 7.23 0.20
0.00 2279.40
742.60 14.44 7.56 2.06 332.26 247.38 7.58 0.20
0.00 2688.89
703.00 11.04 4.59 -1.35 330.28 283.45 9.19 0.20
0.00 3149.01
660.60 7.64 0.73 -7.46 327.11 310.84 15.15 0.20
0.00 3664.69
615.30 2.84 -3.62 -13.78 324.40 315.80 19.77 0.30
0.00 4244.54
567.50 -2.86 -8.06 -18.37 323.31 315.37 21.02 0.20
0.00 4891.84
521.30 -7.86 -13.08 -30.19 321.78 311.13 18.32 0.00
0.00 5557.90
479.60 -12.16 -16.15 -29.74 324.48 270.74 14.96 0.00
0.00 6200.33
442.30 -15.86 -19.75 -39.90 325.89 254.84 21.54 0.00
0.00 6814.65
408.60 -19.06 -22.73 -54.09 328.39 252.59 24.03 0.10
0.00 7407.86
378.20 -23.46 -26.34 -56.23 329.87 249.90 25.45 0.10
0.00 7977.92
350.70 -27.96 -30.10 -55.35 331.03 241.95 26.85 0.10
0.00 8524.72
326.00 -31.76 -33.32 -51.68 332.93 231.28 31.37 0.00
0.00 9044.85
303.70 -35.46 -36.66 -54.16 334.45 232.62 35.20 -0.10
0.00 9541.71
283.60 -38.46 -39.46 -58.54 336.63 237.05 37.51 -0.10
0.00 10015.14
265.60 -41.36 -42.17 -60.81 338.72 236.23 40.89 -0.10
0.00 10462.84
248.70 -44.26 -44.91 -63.51 340.78 233.54 43.47 -0.10
0.00 10906.12
233.50 -47.36 -47.84 -63.98 342.27 233.57 45.14 0.00
0.00 11325.80
219.60 -50.26 -50.62 -64.44 343.85 235.47 47.63 0.00
0.00 11728.84
205.70 -52.96 -53.25 -67.88 346.05 236.88 48.70 0.00
0.00 12152.88
191.70 -54.76 -55.03 -73.19 350.16 238.87 46.97 0.10
0.00 12605.33
177.70 -56.46 -56.70 -73.70 355.04 240.97 44.42 0.10
0.00 13088.23
163.80 -58.86 -59.05 -74.24 359.37 239.74 40.48 0.10
0.00 13602.00
149.80 -61.96 -62.09 -74.84 363.33 227.35 40.13 0.10
0.00 14158.37
135.90 -64.46 -64.56 -75.48 369.16 234.29 44.25 0.10
0.00 14756.81
121.90 -64.36 -9999.00 -9999.00 -9999.00 246.54 38.54 0.00
0.00 15421.09
108.00 -63.56 -9999.00 -9999.00 -9999.00 234.78 20.20 0.00
0.00 16162.43
94.00 -63.66 -63.83 -77.86 411.74 238.27 17.37 0.00
0.00 17014.00
81.00 -61.26 -9999.00 -9999.00 -9999.00 201.41 10.64 0.00
0.00 17931.96
70.60 -60.56 -9999.00 -9999.00 -9999.00 254.88 7.44 0.00
0.00 18785.68
62.20 -57.76 -9999.00 -9999.00 -9999.00 35.54 3.34 0.00
0.00 19579.15
54.30 -57.46 -9999.00 -9999.00 -9999.00 66.64 9.30 0.00
0.00 20436.13
46.90 -56.26 -9999.00 -9999.00 -9999.00 97.39 10.59 0.00
0.00 21363.68
40.10 -55.26 -9999.00 -9999.00 -9999.00 103.07 11.17 0.00
0.00 22360.44
33.80 -53.76 -9999.00 -9999.00 -9999.00 90.00 9.13 0.00
0.00 23454.28
27.80 -50.76 -9999.00 -9999.00 -9999.00 93.41 16.34 0.00
0.00 24717.85
22.30 -48.76 -9999.00 -9999.00 -9999.00 90.89 25.06 0.00
0.00 26159.35
17.10 -45.76 -9999.00 -9999.00 -9999.00 78.69 28.73 0.00
0.00 27914.92
12.30 -43.16 -50.78 -89.89 808.20 61.07 35.74 0.00
0.00 30120.49

STID = KMDW STNM = 725340 TIME = 200810/1500 
SLAT = 41.78 SLON = -87.75 SELV = 183.0
STIM = 21

SHOW = -4.17 LIFT = -8.35 SWET = 292.12 KINX = 28.30
LCLP = 946.69 PWAT = 39.10 TOTL = 53.72 CAPE = 2628.55
LCLT = 295.80 CINS = 0.00 EQLV = 183.59 LFCT = 943.49
BRCH = 95.71

PRES TMPC TMWC DWPC THTE DRCT SKNT OMEG
CFRL HGHT
992.10 26.64 24.32 23.43 355.57 191.31 5.94 0.00
0.00 192.83
989.10 26.14 24.00 23.16 354.52 191.31 7.93 0.00
0.00 219.68
983.60 25.54 23.69 22.96 353.99 191.07 9.11 0.00
0.00 269.02
974.20 24.64 23.27 22.70 353.54 192.17 10.14 -0.10
0.00 353.76
960.20 23.44 22.66 22.31 353.06 192.85 11.36 -0.10
0.00 481.04
942.30 21.94 21.83 21.72 352.22 194.93 12.06 0.00
39.00 645.74
920.90 21.94 21.04 20.63 352.31 203.70 8.70 0.00
21.00 846.22
897.60 20.24 19.75 19.49 350.60 204.78 8.35 0.00
13.00 1069.12
872.40 18.14 18.05 17.95 347.71 200.85 8.72 0.00
73.00 1315.08
844.30 19.24 14.83 12.43 339.87 232.43 9.56 0.00
8.00 1596.94
813.30 18.94 11.79 7.05 334.15 258.18 8.53 0.00
0.00 1918.73
779.50 17.34 9.96 4.64 333.62 257.01 7.77 0.10
0.00 2282.26
742.80 14.54 7.63 2.14 332.45 264.81 8.59 0.20
0.00 2691.95
703.20 11.54 4.23 -2.92 329.15 296.13 11.46 0.20
0.00 3152.35
660.70 8.04 -0.20 -11.70 324.57 310.45 15.58 0.30
0.00 3669.72
615.40 2.84 -3.80 -14.54 323.97 312.12 19.11 0.30
0.00 4249.71
567.70 -2.66 -8.48 -21.44 322.29 316.29 24.46 0.30
0.00 4895.63
521.40 -8.46 -12.74 -24.10 322.57 311.95 20.63 0.10
0.00 5562.46
479.70 -12.66 -16.84 -33.38 323.13 272.29 14.59 0.00
0.00 6203.47
442.30 -15.86 -20.02 -47.42 325.32 261.52 22.40 0.00
0.00 6818.71
408.70 -19.06 -22.71 -52.79 328.41 254.63 26.40 0.10
0.00 7410.07
378.20 -23.76 -26.41 -48.10 329.79 252.19 27.95 0.10
0.00 7981.61
350.80 -28.16 -30.14 -49.47 330.97 241.51 28.52 0.10
0.00 8525.82
326.00 -32.06 -33.55 -50.86 332.56 234.34 31.31 0.00
0.00 9047.45
303.70 -35.46 -36.68 -55.27 334.41 236.91 35.94 0.00
0.00 9544.00
283.60 -38.86 -39.85 -60.30 336.01 241.09 38.17 0.10
0.00 10017.02
265.60 -41.86 -42.63 -60.81 337.98 238.80 40.87 0.10
0.00 10463.86
248.70 -44.66 -45.26 -61.32 340.22 234.05 43.67 0.10
0.00 10906.28
233.50 -47.66 -48.13 -63.98 341.82 233.51 46.39 0.10
0.00 11325.31
219.60 -50.56 -50.90 -64.44 343.39 235.36 48.87 0.10
0.00 11727.81
205.70 -53.16 -53.44 -67.88 345.73 237.12 49.73 0.10
0.00 12151.37
191.70 -54.86 -55.13 -73.19 349.99 239.12 48.45 0.10
0.00 12603.52
177.70 -56.56 -56.79 -73.70 354.88 241.08 46.60 0.00
0.00 13086.19
163.80 -58.86 -59.05 -74.24 359.37 237.82 40.85 0.00
0.00 13599.84
149.80 -61.76 -61.90 -74.84 363.68 227.00 39.32 0.00
0.00 14156.47
135.90 -63.66 -63.77 -75.48 370.58 235.34 44.41 0.00
0.00 14756.34
121.90 -62.96 -9999.00 -9999.00 -9999.00 247.86 37.12 0.00
0.00 15424.12
108.00 -62.66 -62.83 -76.97 397.61 235.49 18.86 0.00
0.00 16169.54
94.00 -63.96 -64.13 -77.86 411.15 237.30 18.71 0.00
0.00 17022.32
81.00 -61.16 -9999.00 -9999.00 -9999.00 223.03 11.97 0.00
0.00 17939.85
70.60 -60.66 -9999.00 -9999.00 -9999.00 265.60 7.60 0.00
0.00 18793.58
62.20 -58.26 -9999.00 -9999.00 -9999.00 87.95 5.44 0.00
0.00 19585.93
54.30 -57.86 -9999.00 -9999.00 -9999.00 104.35 8.62 0.00
0.00 20441.12
46.90 -56.96 -9999.00 -9999.00 -9999.00 113.53 13.13 0.00
0.00 21366.31
40.10 -55.76 -9999.00 -9999.00 -9999.00 118.69 11.73 0.00
0.00 22360.31
33.80 -52.16 -9999.00 -9999.00 -9999.00 88.78 9.13 0.00
0.00 23456.91
27.80 -49.66 -9999.00 -9999.00 -9999.00 83.07 14.47 0.00
0.00 24728.20
22.30 -47.86 -9999.00 -9999.00 -9999.00 84.75 19.11 0.00
0.00 26176.16
17.10 -46.26 -9999.00 -9999.00 -9999.00 70.67 27.58 0.00
0.00 27933.28
12.30 -43.76 -51.10 -89.89 806.09 64.84 38.85 0.00
0.00 30133.54
STN YYMMDD/HHMM PMSL PRES SKTC STC1 SNFL WTNS
P01M C01M STC2 LCLD MCLD HCLD
SNRA UWND VWND R01M BFGR T2MS
Q2MS WXTS WXTP WXTZ WXTR USTM
VSTM HLCY SLLH WSYM CDBP VSBK
TD2M
725340 200809/1800 1016.00 994.90 41.14 314.30 -9999.00 0.00
-9999.00 -9999.00 312.80 9.00 0.00 0.00
-9999.00 -0.90 4.80 -9999.00 -9999.00 31.64
15.40 0.00 0.00 0.00 0.00 1.90
-2.00 48.80 -9999.00 999.00 -9999.00 20.00
20.39
725340 200809/1900 1015.60 994.60 41.54 314.70 0.00 100.00
0.00 0.00 313.40 20.00 0.00 0.00
-9999.00 -0.60 5.60 -9999.00 -9999.00 32.14
15.07 0.00 0.00 0.00 0.00 0.80
-1.50 61.50 -9999.00 999.00 -9999.00 20.00
20.04
725340 200809/2000 1015.20 994.20 39.54 312.70 0.00 100.00
0.00 0.00 312.00 33.00 0.00 0.00
-9999.00 0.20 5.50 -9999.00 -9999.00 32.04
15.09 0.00 0.00 0.00 0.00 0.50
-1.40 60.70 -9999.00 999.00 -9999.00 20.00
20.05
725340 200809/2100 1014.50 993.40 38.64 311.80 0.00 100.00
0.00 0.00 311.30 31.00 0.00 0.00
-9999.00 0.30 5.60 -9999.00 -9999.00 32.14
15.16 0.00 0.00 0.00 0.00 -0.60
-0.80 72.80 -9999.00 999.00 -9999.00 20.00
20.11
725340 200809/2200 1013.90 992.80 37.14 310.30 0.00 100.00
0.00 0.00 310.10 27.00 31.00 0.00
-9999.00 0.20 5.70 -9999.00 -9999.00 31.94
15.45 0.00 0.00 0.00 0.00 -0.70
-1.00 76.20 -9999.00 999.00 -9999.00 20.00
20.40
725340 200809/2300 1013.40 992.30 35.04 308.20 0.00 100.00
0.00 0.00 308.20 21.00 100.00 0.00
-9999.00 1.00 5.20 -9999.00 -9999.00 31.44
15.80 0.00 0.00 0.00 0.00 0.20
-1.90 75.70 -9999.00 999.00 -9999.00 20.00
20.75
725340 200810/0000 1013.30 992.30 32.04 305.20 0.00 100.00
0.00 0.00 305.60 7.00 100.00 0.00
-9999.00 0.60 4.90 -9999.00 -9999.00 30.44
16.26 0.00 0.00 0.00 0.00 0.40
-1.80 89.60 -9999.00 999.00 -9999.00 20.00
21.20
725340 200810/0100 1014.10 993.00 29.14 302.30 0.00 100.00
0.00 0.00 302.90 4.00 100.00 81.00
-9999.00 0.20 4.70 -9999.00 -9999.00 28.94
17.12 0.00 0.00 0.00 0.00 0.20
-1.60 105.30 -9999.00 999.00 -9999.00 20.00
22.03
725340 200810/0200 1014.40 993.30 26.04 299.20 0.00 100.00
0.42 0.42 299.90 33.00 86.00 53.00
-9999.00 1.00 3.30 -9999.00 -9999.00 26.74
18.90 0.00 0.00 0.00 1.00 -0.30
-1.20 79.60 -9999.00 60.00 -9999.00 0.00
23.62
725340 200810/0300 1014.90 993.70 25.54 298.70 0.00 100.00
0.00 0.00 299.10 15.00 100.00 0.00
-9999.00 1.10 3.10 -9999.00 -9999.00 25.94
19.06 0.00 0.00 0.00 0.00 -1.10
-0.50 74.50 -9999.00 999.00 -9999.00 0.02
23.77
725340 200810/0400 1014.50 993.40 24.94 298.10 0.00 100.00
0.03 0.03 298.50 7.00 100.00 0.00
-9999.00 1.10 3.00 -9999.00 -9999.00 25.24
18.81 0.00 0.00 0.00 1.00 -1.60
0.70 46.50 -9999.00 60.00 -9999.00 0.00
23.55
725340 200810/0500 1014.90 993.70 24.54 297.70 0.00 100.00
0.00 0.00 298.00 0.00 100.00 0.00
-9999.00 0.30 2.40 -9999.00 -9999.00 24.64
18.70 0.00 0.00 0.00 0.00 -0.50
-0.70 54.70 -9999.00 999.00 -9999.00 20.00
23.46
725340 200810/0600 1015.00 993.80 24.24 297.40 0.00 100.00
0.00 0.00 297.70 4.00 100.00 0.00
-9999.00 0.10 2.90 -9999.00 -9999.00 24.34
18.48 0.00 0.00 0.00 0.00 -2.00
1.40 68.40 -9999.00 999.00 442.50 20.00
23.27
725340 200810/0700 1015.00 993.80 23.94 297.10 0.00 100.00
0.00 0.00 297.40 5.00 100.00 0.00
-9999.00 0.70 3.20 -9999.00 -9999.00 24.14
18.19 0.00 0.00 0.00 0.00 -3.10
4.30 67.20 -9999.00 999.00 -9999.00 20.00
23.02
725340 200810/0800 1014.30 993.10 23.64 296.80 0.00 100.00
0.06 0.06 297.00 10.00 100.00 0.00
-9999.00 0.90 2.90 -9999.00 -9999.00 23.64
17.93 0.00 0.00 0.00 1.00 -2.90
3.10 69.10 -9999.00 60.00 -9999.00 0.00
22.78
725340 200810/0900 1014.60 993.30 23.34 296.50 0.00 100.00
0.00 0.00 296.80 21.00 100.00 0.00
-9999.00 0.70 2.20 -9999.00 -9999.00 23.34
17.68 0.00 0.00 0.00 0.00 2.20
-3.00 55.30 -9999.00 999.00 -9999.00 20.00
22.55
725340 200810/1000 1014.60 993.30 23.44 296.60 0.00 100.00
0.00 0.00 296.70 100.00 36.00 0.00
-9999.00 -0.10 1.70 -9999.00 -9999.00 23.24
17.66 0.00 0.00 0.00 0.00 1.00
-3.60 48.90 -9999.00 999.00 897.90 1.52
22.54
725340 200810/1100 1015.00 993.70 23.44 296.60 0.00 100.00
0.00 0.00 296.70 100.00 0.00 0.00
-9999.00 0.20 2.30 -9999.00 -9999.00 23.14
17.60 0.00 0.00 0.00 0.00 -1.40
-2.40 62.10 -9999.00 999.00 898.20 0.02
22.49
725340 200810/1200 1014.30 993.00 23.74 296.90 0.00 100.00
0.01 0.00 296.90 100.00 0.00 0.00
-9999.00 0.80 2.20 -9999.00 -9999.00 23.24
17.70 0.00 0.00 0.00 0.00 0.60
-5.30 51.90 -9999.00 999.00 872.30 0.01
22.57
725340 200810/1300 1013.80 992.60 25.34 298.50 0.00 100.00
0.00 0.00 298.20 100.00 0.00 0.00
-9999.00 0.70 2.70 -9999.00 -9999.00 24.14
18.21 0.00 0.00 0.00 0.00 3.20
-7.40 47.80 -9999.00 999.00 -9999.00 0.06
23.02
725340 200810/1400 1014.10 992.90 26.74 299.90 0.00 100.00
0.00 0.00 299.50 100.00 0.00 0.00
-9999.00 0.40 3.00 -9999.00 -9999.00 25.24
18.74 0.00 0.00 0.00 0.00 2.30
-8.10 45.70 -9999.00 999.00 872.20 0.28
23.48
725340 200810/1500 1014.40 993.20 29.14 302.30 0.00 100.00
0.00 0.00 301.60 73.00 0.00 0.00
-9999.00 0.40 3.10 -9999.00 -9999.00 26.64
19.13 0.00 0.00 0.00 0.00 2.30
-8.30 47.10 -9999.00 999.00 872.40 10.78
23.82


