
SNPARM = PRES;TMPC;TMWC;DWPC;THTE;DRCT;SKNT;OMEG;CFRL;HGHT 
STNPRM = SHOW;LIFT;SWET;KINX;LCLP;PWAT;TOTL;CAPE;LCLT;CINS;EQLV;LFCT;BRCH 

STID = KMDW STNM = 725340 TIME = 200807/1400 
SLAT = 41.78 SLON = -87.75 SELV = 183.0
STIM = 0

SHOW = 11.16 LIFT = 5.54 SWET = 38.86 KINX = -1.86
LCLP = 933.20 PWAT = 18.25 TOTL = 31.20 CAPE = 0.00
LCLT = 288.76 CINS = 0.00 EQLV = -9999.00 LFCT = -9999.00
BRCH = 0.00

PRES TMPC TMWC DWPC THTE DRCT SKNT OMEG
CFRL HGHT
998.50 21.24 18.25 16.67 329.34 360.00 0.19 0.00
0.00 191.69
995.50 20.84 17.91 16.33 328.53 360.00 0.39 0.00
0.00 217.79
989.90 20.24 17.51 16.02 327.90 360.00 0.78 0.10
0.00 266.63
980.50 19.74 16.38 14.43 325.28 345.96 1.59 0.10
0.00 349.05
966.50 19.84 15.50 12.86 324.21 356.82 3.50 0.10
0.00 473.12
948.50 18.94 14.10 10.94 322.11 355.24 4.68 0.10
0.00 634.99
927.10 17.24 13.14 10.41 322.02 344.93 5.23 0.20
0.00 830.55
903.70 15.44 12.36 10.30 322.82 339.68 5.59 0.20
0.00 1048.31
878.40 13.24 10.31 8.16 320.21 329.74 5.40 0.30
0.00 1288.46
850.10 11.34 6.48 1.84 313.57 320.53 4.27 0.30
0.00 1563.15
818.90 10.24 2.40 -8.99 307.56 310.91 3.85 0.20
0.00 1874.64
784.80 9.24 0.14 -17.58 306.73 316.22 6.45 0.20
0.00 2227.22
747.80 8.34 -0.29 -15.71 310.89 333.97 9.30 0.20
0.00 2626.11
707.80 7.04 -1.46 -17.10 314.08 325.01 9.48 0.20
0.00 3078.43
664.80 4.44 -3.44 -19.06 316.34 307.50 10.53 0.20
0.00 3590.50
618.90 0.34 -6.86 -25.22 316.52 313.45 10.16 0.20
0.00 4167.88
570.60 -2.46 -9.87 -40.34 318.54 331.70 5.73 0.20
0.00 4815.24
523.70 -6.16 -12.37 -35.69 322.53 325.78 5.87 0.20
0.00 5490.30
481.50 -11.36 -16.02 -34.46 324.22 310.71 11.01 0.20
0.00 6140.63
443.70 -16.46 -20.14 -39.18 324.91 300.96 12.45 0.10
0.00 6761.17
409.80 -21.06 -23.94 -42.57 326.15 308.37 11.89 0.10
0.00 7353.09
379.00 -25.46 -27.66 -45.15 327.54 327.89 11.69 0.10
0.00 7924.68
351.30 -29.56 -31.23 -47.49 329.06 336.37 13.58 0.10
0.00 8470.44
326.40 -33.76 -35.04 -51.67 330.06 329.53 15.33 0.10
0.00 8990.15
304.00 -37.86 -38.79 -54.15 330.98 323.00 16.78 0.10
0.00 9484.10
283.80 -41.36 -42.05 -55.82 332.49 322.91 19.97 0.00
0.00 9954.15
265.70 -44.46 -45.01 -59.06 334.19 321.48 24.34 0.00
0.00 10398.31
248.80 -47.46 -47.88 -61.32 336.02 319.36 28.92 0.00
0.00 10835.37
233.60 -50.16 -50.50 -63.98 337.99 318.14 32.60 0.00
0.00 11249.34
219.60 -52.66 -52.94 -67.41 340.11 317.19 36.01 0.00
0.00 11650.48
205.70 -54.76 -54.99 -67.88 343.22 315.60 39.14 0.00
0.00 12070.50
191.70 -56.56 -56.75 -68.39 347.32 317.04 42.46 0.00
0.00 12519.24
177.80 -57.26 -57.47 -73.70 353.67 319.26 42.56 0.10
0.00 12995.69
163.80 -56.66 -56.91 -74.24 363.06 314.80 39.98 0.10
0.00 13514.69
149.80 -56.56 -56.84 -74.84 372.62 305.60 38.69 0.00
0.00 14081.00
135.90 -57.76 -9999.00 -9999.00 -9999.00 302.01 36.65 0.00
0.00 14696.68
121.90 -58.86 -9999.00 -9999.00 -9999.00 299.98 29.16 0.00
0.00 15380.38
108.00 -59.76 -9999.00 -9999.00 -9999.00 291.80 19.87 0.00
0.00 16138.20
94.00 -60.66 -9999.00 -9999.00 -9999.00 289.77 13.21 0.00
0.00 17003.57
81.00 -60.46 -9999.00 -9999.00 -9999.00 307.88 6.64 0.00
0.00 17929.81
70.60 -59.56 -9999.00 -9999.00 -9999.00 15.26 4.43 0.00
0.00 18787.16
62.20 -58.96 -9999.00 -9999.00 -9999.00 52.00 7.89 0.00
0.00 19580.25
54.30 -57.86 -9999.00 -9999.00 -9999.00 71.86 11.85 0.00
0.00 20434.05
46.90 -56.66 -9999.00 -9999.00 -9999.00 65.03 15.64 0.00
0.00 21359.88
40.10 -54.56 -9999.00 -9999.00 -9999.00 66.59 20.53 0.00
0.00 22357.33
33.80 -52.76 -9999.00 -9999.00 -9999.00 71.24 21.74 0.00
0.00 23455.42
27.80 -50.46 -9999.00 -9999.00 -9999.00 72.16 23.47 0.00
0.00 24722.71
22.30 -48.56 -9999.00 -9999.00 -9999.00 80.10 24.84 0.00
0.00 26165.83
17.10 -45.06 -9999.00 -9999.00 -9999.00 87.12 27.04 0.00
0.00 27924.89
12.30 -41.46 -9999.00 -9999.00 -9999.00 81.53 27.70 0.00
0.00 30142.03

STID = KMDW STNM = 725340 TIME = 200807/1500 
SLAT = 41.78 SLON = -87.75 SELV = 183.0
STIM = 1

SHOW = 11.95 LIFT = 5.14 SWET = 17.91 KINX = -1.88
LCLP = 901.48 PWAT = 18.31 TOTL = 29.83 CAPE = 0.00
LCLT = 287.49 CINS = 0.00 EQLV = -9999.00 LFCT = -9999.00
BRCH = 0.00

PRES TMPC TMWC DWPC THTE DRCT SKNT OMEG
CFRL HGHT
998.30 22.84 18.33 15.93 329.61 68.96 2.70 0.00
0.00 191.73
995.30 22.34 17.99 15.64 328.81 68.20 3.15 0.00
0.00 217.97
989.80 21.74 17.61 15.35 328.23 69.44 3.32 0.00
0.00 266.17
980.30 20.94 17.10 14.96 327.75 64.98 3.22 0.00
0.00 349.86
966.40 20.04 15.64 13.00 324.70 58.39 2.97 0.10
0.00 473.38
948.50 18.84 14.46 11.69 323.27 37.57 3.19 0.10
0.00 634.42
927.00 17.24 13.47 11.01 323.04 14.04 4.00 0.10
0.00 830.92
903.60 15.54 12.31 10.13 322.66 2.39 4.66 0.20
0.00 1048.75
878.30 13.34 10.13 7.73 319.69 347.74 4.56 0.20
4.00 1288.99
850.00 11.84 6.00 0.03 312.31 324.78 4.04 0.20
2.00 1563.93
818.80 10.84 2.22 -11.27 307.05 310.36 5.09 0.20
0.00 1875.96
784.80 9.74 0.62 -16.04 307.81 316.08 7.28 0.20
0.00 2228.19
747.70 8.84 0.06 -15.16 311.68 327.43 8.29 0.20
0.00 2628.92
707.70 7.34 -1.06 -15.67 315.01 313.26 9.07 0.20
0.00 3081.98
664.80 4.64 -2.97 -16.80 317.45 303.11 10.66 0.20
0.00 3593.42
618.90 0.64 -6.59 -24.29 317.11 310.24 9.93 0.10
0.00 4171.40
570.50 -2.06 -9.65 -41.35 318.95 315.00 5.23 0.10
0.00 4820.99
523.70 -6.06 -12.24 -34.60 322.79 307.88 6.64 0.10
0.00 5495.30
481.50 -11.36 -16.05 -34.94 324.15 302.91 11.79 0.10
0.00 6145.76
443.70 -16.26 -20.01 -39.52 325.12 296.57 13.03 0.10
0.00 6766.53
409.80 -20.86 -23.80 -43.01 326.37 305.75 11.97 0.10
0.00 7358.92
379.00 -25.26 -27.50 -45.15 327.81 325.44 10.61 0.00
0.00 7930.96
351.30 -29.56 -31.23 -47.49 329.06 335.94 11.91 0.00
0.00 8476.94
326.40 -33.76 -35.02 -50.85 330.10 328.50 14.12 0.00
0.00 8996.65
304.00 -37.76 -38.67 -53.17 331.16 323.27 16.24 0.00
0.00 9490.71
283.80 -41.36 -42.05 -55.82 332.49 325.34 19.13 0.00
0.00 9960.87
265.70 -44.56 -45.10 -59.06 334.05 326.44 23.54 0.00
0.00 10404.93
248.80 -47.46 -47.88 -61.32 336.02 325.33 28.34 0.00
0.00 10841.88
233.60 -50.16 -50.50 -63.98 337.99 324.02 32.40 0.00
0.00 11255.86
219.60 -52.66 -52.92 -64.44 340.15 322.58 36.44 0.00
0.00 11657.00
205.70 -54.76 -54.99 -67.88 343.22 321.12 39.92 0.00
0.00 12077.02
191.70 -56.36 -56.56 -68.39 347.64 322.45 42.39 0.00
0.00 12525.97
177.80 -56.96 -57.18 -73.70 354.16 321.63 41.63 0.00
0.00 13002.97
163.80 -56.56 -56.81 -74.24 363.23 315.00 39.55 0.00
0.00 13522.45
149.80 -56.66 -9999.00 -9999.00 -9999.00 305.37 38.60 0.00
0.00 14088.76
135.90 -58.06 -9999.00 -9999.00 -9999.00 301.85 36.81 0.00
0.00 14703.87
121.90 -59.46 -9999.00 -9999.00 -9999.00 303.48 28.88 0.00
0.00 15386.13
108.00 -60.56 -9999.00 -9999.00 -9999.00 296.82 19.37 0.00
0.00 16141.47
94.00 -61.06 -9999.00 -9999.00 -9999.00 297.30 13.56 0.00
0.00 17004.41
81.00 -60.26 -9999.00 -9999.00 -9999.00 316.17 6.74 0.00
0.00 17930.21
70.60 -59.16 -9999.00 -9999.00 -9999.00 30.96 4.53 0.00
0.00 18788.76
62.20 -58.76 -9999.00 -9999.00 -9999.00 61.07 8.43 0.00
0.00 19582.97
54.30 -57.76 -9999.00 -9999.00 -9999.00 74.05 11.31 0.00
0.00 20437.36
46.90 -56.06 -9999.00 -9999.00 -9999.00 68.46 15.87 0.00
0.00 21364.70
40.10 -54.56 -9999.00 -9999.00 -9999.00 77.29 20.32 0.00
0.00 22363.52
33.80 -53.06 -9999.00 -9999.00 -9999.00 74.56 21.15 0.00
0.00 23460.86
27.80 -50.96 -9999.00 -9999.00 -9999.00 73.80 23.66 0.00
0.00 24725.86
22.30 -48.76 -9999.00 -9999.00 -9999.00 83.81 25.21 0.00
0.00 26166.72
17.10 -45.66 -9999.00 -9999.00 -9999.00 89.13 25.45 0.00
0.00 27922.68
12.30 -41.66 -9999.00 -9999.00 -9999.00 79.80 27.43 0.00
0.00 30135.95

STID = KMDW STNM = 725340 TIME = 200807/1600 
SLAT = 41.78 SLON = -87.75 SELV = 183.0
STIM = 2

SHOW = 11.14 LIFT = 5.21 SWET = 31.96 KINX = 1.69
LCLP = 856.11 PWAT = 18.57 TOTL = 31.17 CAPE = 0.00
LCLT = 284.57 CINS = 0.00 EQLV = -9999.00 LFCT = -9999.00
BRCH = 0.00

PRES TMPC TMWC DWPC THTE DRCT SKNT OMEG
CFRL HGHT
998.90 24.24 17.59 13.78 326.82 77.74 4.56 0.00
0.00 191.76
995.90 23.54 17.26 13.63 326.12 79.51 5.34 0.00
0.00 218.07
990.40 22.94 16.96 13.47 325.83 80.22 5.71 0.00
0.00 266.40
981.00 22.04 16.46 13.16 325.42 80.22 5.71 0.00
0.00 349.42
967.00 20.74 15.77 12.77 325.00 79.51 5.34 0.10
0.00 474.07
949.10 19.14 14.92 12.33 324.67 75.96 4.80 0.10
0.00 635.30
927.60 17.54 13.70 11.23 323.68 67.17 4.00 0.10
0.00 831.90
904.20 15.74 12.14 9.68 322.07 30.96 3.40 0.20
0.00 1049.77
878.80 13.64 10.21 7.64 319.83 356.82 3.50 0.20
0.00 1291.00
850.60 12.04 6.63 1.41 313.84 320.53 4.27 0.20
8.00 1565.06
819.30 11.34 2.28 -12.31 307.05 307.23 6.10 0.20
0.00 1878.30
785.20 10.34 1.21 -14.34 309.07 310.16 8.14 0.20
0.00 2232.06
748.10 9.24 0.40 -14.41 312.39 310.46 8.68 0.10
0.00 2633.33
708.10 7.44 -0.60 -13.45 316.08 297.05 10.26 0.10
0.00 3086.60
665.10 4.64 -2.44 -14.02 318.68 300.11 11.23 0.10
0.00 3599.18
619.10 0.74 -6.28 -22.28 317.76 308.33 10.64 0.10
0.00 4178.39
570.70 -1.96 -9.61 -41.89 319.00 305.31 5.71 0.10
0.00 4828.04
523.80 -6.06 -12.21 -34.09 322.85 304.99 7.11 0.10
0.00 5503.73
481.60 -11.36 -16.10 -35.71 324.02 303.96 11.48 0.10
0.00 6154.06
443.80 -16.16 -19.97 -40.23 325.15 300.19 12.35 0.10
0.00 6774.81
409.80 -20.76 -23.74 -43.46 326.46 305.88 11.27 0.10
0.00 7369.10
379.10 -25.16 -27.44 -45.67 327.88 322.13 8.86 0.10
0.00 7939.44
351.40 -29.46 -31.15 -47.48 329.17 334.98 9.65 0.10
0.00 8485.49
326.50 -33.66 -34.91 -50.10 330.25 326.82 12.06 0.10
0.00 9005.27
304.00 -37.76 -38.67 -53.17 331.16 322.19 14.26 0.10
0.00 9501.56
283.80 -41.36 -42.05 -55.82 332.49 325.95 17.35 0.10
0.00 9971.72
265.70 -44.46 -45.01 -59.06 334.19 329.12 21.95 0.10
0.00 10415.88
248.80 -47.36 -47.79 -61.32 336.16 328.82 27.02 0.10
0.00 10853.02
233.60 -49.96 -50.31 -63.98 338.29 328.07 31.59 0.10
0.00 11267.27
219.60 -52.36 -52.65 -67.41 340.57 326.65 36.05 0.10
0.00 11668.87
205.70 -54.36 -54.60 -67.88 343.85 326.99 41.01 0.10
0.00 12089.56
191.70 -55.96 -56.17 -68.39 348.28 327.37 43.59 0.00
0.00 12539.33
177.80 -56.96 -57.18 -73.70 354.16 324.52 41.51 0.00
0.00 13016.77
163.80 -56.86 -57.10 -74.24 362.73 316.45 38.05 0.00
0.00 13535.89
149.80 -56.96 -9999.00 -9999.00 -9999.00 304.35 37.18 0.00
0.00 14101.42
135.90 -58.46 -9999.00 -9999.00 -9999.00 301.97 35.96 -0.10
0.00 14715.53
121.90 -59.66 -9999.00 -9999.00 -9999.00 305.58 27.70 -0.10
0.00 15396.83
108.00 -60.56 -9999.00 -9999.00 -9999.00 297.32 19.89 0.00
0.00 16151.82
94.00 -60.66 -9999.00 -9999.00 -9999.00 297.53 15.56 0.00
0.00 17015.57
81.00 -59.36 -9999.00 -9999.00 -9999.00 306.87 7.77 0.00
0.00 17944.21
70.60 -58.86 -9999.00 -9999.00 -9999.00 18.43 3.07 0.00
0.00 18805.17
62.20 -58.76 -9999.00 -9999.00 -9999.00 57.80 6.20 0.00
0.00 19599.93
54.30 -57.46 -9999.00 -9999.00 -9999.00 68.40 10.02 0.00
0.00 20454.92
46.90 -55.86 -9999.00 -9999.00 -9999.00 75.15 16.69 0.00
0.00 21383.33
40.10 -54.86 -9999.00 -9999.00 -9999.00 84.45 20.10 0.00
0.00 22381.92
33.80 -53.36 -9999.00 -9999.00 -9999.00 77.84 23.06 0.00
0.00 23477.77
27.80 -51.26 -9999.00 -9999.00 -9999.00 81.05 24.98 0.00
0.00 24741.05
22.30 -48.76 -9999.00 -9999.00 -9999.00 91.72 25.85 0.00
0.00 26180.94
17.10 -46.16 -9999.00 -9999.00 -9999.00 92.62 25.47 0.00
0.00 27934.96
12.30 -41.86 -9999.00 -9999.00 -9999.00 79.95 31.18 0.00
0.00 30144.86

STID = KMDW STNM = 725340 TIME = 200807/1700 
SLAT = 41.78 SLON = -87.75 SELV = 183.0
STIM = 3

SHOW = 9.35 LIFT = 5.63 SWET = 67.92 KINX = 7.59
LCLP = 830.87 PWAT = 19.36 TOTL = 33.82 CAPE = 0.00
LCLT = 283.02 CINS = 0.00 EQLV = -9999.00 LFCT = -9999.00
BRCH = 0.00

PRES TMPC TMWC DWPC THTE DRCT SKNT OMEG
CFRL HGHT
998.60 25.14 17.31 12.66 325.83 81.57 5.30 0.00
0.00 191.79
995.60 24.34 16.96 12.54 325.09 83.09 6.45 0.00
0.00 218.17
990.10 23.64 16.62 12.37 324.68 83.48 6.84 0.00
0.00 266.62
980.70 22.74 16.15 12.12 324.39 83.48 6.84 0.00
0.00 349.82
966.70 21.44 15.51 11.82 324.14 86.63 6.62 0.00
0.00 474.76
948.80 19.84 14.69 11.44 323.93 88.21 6.22 0.00
0.00 636.37
927.40 17.94 13.63 10.84 323.49 88.03 5.63 0.00
0.00 832.44
904.00 16.14 12.10 9.30 321.94 83.29 3.32 0.00
0.00 1050.63
878.60 13.94 10.33 7.64 320.20 45.00 1.38 0.10
0.00 1292.18
850.30 11.94 7.79 4.23 316.98 301.76 4.80 0.10
11.00 1567.49
819.10 11.24 3.46 -6.75 309.98 301.26 6.37 0.10
0.00 1879.91
785.00 10.44 1.60 -12.43 310.04 308.23 8.16 0.10
0.00 2233.90
747.90 9.24 0.79 -12.33 313.38 302.01 9.17 0.00
0.00 2635.41
707.90 7.14 -0.05 -10.31 317.49 294.27 10.86 0.00
0.00 3088.69
664.90 4.64 -2.05 -12.26 319.66 302.80 10.39 0.10
0.00 3601.27
619.00 0.94 -6.07 -21.53 318.24 309.37 9.79 0.10
0.00 4179.63
570.60 -1.66 -9.42 -41.89 319.37 302.01 5.50 0.20
0.00 4829.99
523.70 -5.96 -12.10 -33.37 323.09 308.16 6.92 0.20
0.00 5506.32
481.50 -11.26 -16.08 -36.53 324.05 305.79 10.30 0.20
0.00 6157.03
443.80 -16.06 -19.94 -41.00 325.21 302.86 11.09 0.20
0.00 6776.43
409.80 -20.56 -23.61 -43.94 326.68 302.13 9.87 0.20
0.00 7371.06
379.00 -24.86 -27.20 -45.67 328.30 305.91 6.95 0.20
0.00 7943.90
351.30 -29.26 -30.98 -47.49 329.47 315.00 7.96 0.20
0.00 8490.66
326.40 -33.46 -34.76 -50.85 330.51 308.66 11.19 0.20
0.00 9011.02
304.00 -37.36 -38.34 -54.15 331.69 308.78 13.95 0.20
0.00 9505.80
283.80 -40.96 -41.70 -57.08 333.02 318.63 17.35 0.20
0.00 9976.76
265.70 -44.06 -44.63 -59.06 334.78 325.05 22.05 0.20
0.00 10421.69
248.80 -46.86 -47.34 -63.51 336.87 326.77 26.94 0.20
0.00 10859.70
233.60 -49.36 -49.74 -63.98 339.20 326.22 33.18 0.10
0.00 11274.96
219.60 -51.56 -51.89 -67.41 341.80 327.59 40.95 0.10
0.00 11677.83
205.70 -53.86 -54.12 -67.88 344.63 330.68 48.80 0.10
0.00 12099.76
191.70 -56.16 -56.36 -68.39 347.96 331.85 50.23 0.00
0.00 12549.84
177.80 -57.66 -57.86 -73.70 353.02 328.61 44.37 0.00
0.00 13026.29
163.80 -57.66 -57.88 -74.24 361.39 316.87 37.80 0.00
0.00 13543.61
149.80 -57.86 -9999.00 -9999.00 -9999.00 302.51 39.39 -0.10
0.00 14106.91
135.90 -59.46 -9999.00 -9999.00 -9999.00 303.38 39.55 -0.10
0.00 14718.32
121.90 -60.46 -9999.00 -9999.00 -9999.00 308.28 31.66 -0.10
0.00 15396.76
108.00 -61.26 -9999.00 -9999.00 -9999.00 303.29 23.00 0.00
0.00 16149.09
94.00 -61.06 -9999.00 -9999.00 -9999.00 303.18 18.10 0.00
0.00 17010.60
81.00 -59.56 -9999.00 -9999.00 -9999.00 315.97 8.10 0.00
0.00 17937.93
70.60 -59.36 -9999.00 -9999.00 -9999.00 34.38 4.47 0.00
0.00 18797.49
62.20 -58.66 -9999.00 -9999.00 -9999.00 60.57 8.70 0.00
0.00 19591.51
54.30 -56.56 -9999.00 -9999.00 -9999.00 73.07 14.01 0.00
0.00 20448.49
46.90 -55.16 -9999.00 -9999.00 -9999.00 89.42 19.23 0.00
0.00 21380.33
40.10 -54.56 -9999.00 -9999.00 -9999.00 90.60 18.45 0.00
0.00 22381.21
33.80 -52.66 -9999.00 -9999.00 -9999.00 83.48 20.53 0.00
0.00 23479.55
27.80 -50.76 -9999.00 -9999.00 -9999.00 93.21 20.82 0.00
0.00 24746.27
22.30 -49.26 -9999.00 -9999.00 -9999.00 96.65 20.14 0.00
0.00 26186.16
17.10 -46.56 -9999.00 -9999.00 -9999.00 79.82 23.10 0.00
0.00 27936.68
12.30 -41.66 -9999.00 -9999.00 -9999.00 74.92 33.61 0.00
0.00 30145.62

STID = KMDW STNM = 725340 TIME = 200807/1800 
SLAT = 41.78 SLON = -87.75 SELV = 183.0
STIM = 4

SHOW = 8.42 LIFT = 6.07 SWET = 76.39 KINX = 11.13
LCLP = 812.18 PWAT = 20.22 TOTL = 35.12 CAPE = 0.00
LCLT = 281.87 CINS = 0.00 EQLV = -9999.00 LFCT = -9999.00
BRCH = 0.00

PRES TMPC TMWC DWPC THTE DRCT SKNT OMEG
CFRL HGHT
998.40 25.84 17.13 11.82 325.19 86.19 5.85 0.00
0.00 191.81
995.30 24.94 16.73 11.65 324.27 86.99 7.40 0.00
0.00 219.13
989.90 24.24 16.36 11.44 323.79 88.53 7.58 -0.10
0.00 266.79
980.40 23.34 15.91 11.21 323.56 90.00 7.77 -0.10
0.00 351.04
966.50 22.04 15.27 10.93 323.34 94.18 7.98 -0.10
0.00 475.33
948.50 20.44 14.42 10.50 323.08 98.75 7.67 -0.10
0.00 638.16
927.10 18.54 13.36 9.90 322.66 104.83 6.84 0.00
0.00 834.63
903.80 16.54 12.01 8.84 321.70 118.61 4.88 0.10
0.00 1052.27
878.40 14.54 10.51 7.52 320.73 137.29 3.44 0.30
0.00 1294.28
850.10 12.44 8.39 5.07 318.64 260.54 3.54 0.40
5.00 1570.21
818.90 10.54 5.46 0.43 315.14 277.13 6.25 0.30
4.00 1882.82
784.80 10.34 2.13 -9.64 311.39 295.82 6.68 0.20
0.00 2236.66
747.70 8.94 1.40 -8.97 314.95 301.87 8.47 0.00
0.00 2638.12
707.70 6.94 0.49 -7.88 318.89 302.13 9.87 0.00
0.00 3091.27
664.70 4.74 -1.96 -12.10 319.90 304.70 9.21 0.10
0.00 3604.00
618.80 1.24 -5.95 -21.96 318.48 304.02 9.38 0.20
0.00 4182.96
570.50 -1.46 -9.30 -41.89 319.62 298.30 5.73 0.20
0.00 4832.73
523.60 -5.96 -12.07 -32.91 323.18 305.91 6.95 0.20
0.00 5509.44
481.40 -11.16 -16.07 -37.42 324.09 305.54 10.02 0.20
0.00 6160.39
443.70 -15.96 -19.90 -41.83 325.28 300.62 11.05 0.10
0.00 6780.16
409.70 -20.36 -23.48 -44.44 326.93 291.19 10.22 0.10
0.00 7375.28
379.00 -24.66 -27.06 -46.22 328.52 282.09 8.35 0.20
0.00 7946.77
351.30 -29.06 -30.84 -48.10 329.70 289.18 9.46 0.20
0.00 8493.98
326.40 -33.26 -34.60 -51.67 330.75 290.85 13.09 0.20
0.00 9014.76
304.00 -37.16 -38.16 -54.15 331.97 297.53 15.56 0.20
0.00 9509.96
283.80 -40.66 -41.43 -57.08 333.45 310.53 17.64 0.20
0.00 9981.42
265.70 -43.66 -44.29 -60.81 335.32 319.40 21.48 0.20
0.00 10427.03
248.80 -46.36 -46.87 -63.51 337.61 321.34 27.37 0.10
0.00 10865.90
233.60 -48.66 -49.10 -66.97 340.22 324.53 36.50 0.10
0.00 11282.27
219.60 -50.86 -51.22 -67.41 342.88 331.98 47.96 0.10
0.00 11686.40
205.70 -53.46 -53.68 -62.77 345.35 338.47 61.40 0.10
0.00 12109.39
191.70 -56.66 -56.82 -65.45 347.20 340.17 62.98 0.10
0.00 12559.37
177.80 -58.16 -58.35 -73.70 352.20 330.92 45.57 0.00
0.00 13034.72
163.80 -58.26 -58.46 -74.24 360.38 313.75 37.92 0.00
0.00 13550.72
149.80 -59.16 -59.36 -74.84 368.15 302.43 41.65 -0.10
0.00 14111.54
135.90 -60.86 -9999.00 -9999.00 -9999.00 306.09 39.90 -0.10
0.00 14719.10
121.90 -61.36 -9999.00 -9999.00 -9999.00 313.42 29.95 0.00
0.00 15393.88
108.00 -61.36 -9999.00 -9999.00 -9999.00 307.93 18.96 0.00
0.00 16144.44
94.00 -60.26 -9999.00 -9999.00 -9999.00 305.73 13.64 0.00
0.00 17007.37
81.00 -58.56 -9999.00 -9999.00 -9999.00 339.44 3.32 0.00
0.00 17938.62
70.60 -58.46 -9999.00 -9999.00 -9999.00 74.05 5.65 0.00
0.00 18802.00
62.20 -57.16 -9999.00 -9999.00 -9999.00 74.74 8.86 0.00
0.00 19600.47
54.30 -55.36 -9999.00 -9999.00 -9999.00 87.44 13.03 0.00
0.00 20462.82
46.90 -55.16 -9999.00 -9999.00 -9999.00 106.16 13.95 0.00
0.00 21397.23
40.10 -55.06 -9999.00 -9999.00 -9999.00 92.60 12.84 0.00
0.00 22396.97
33.80 -53.96 -9999.00 -9999.00 -9999.00 85.60 17.74 0.00
0.00 23490.81
27.80 -52.46 -9999.00 -9999.00 -9999.00 90.58 19.23 0.00
0.00 24748.95
22.30 -50.26 -9999.00 -9999.00 -9999.00 85.47 19.68 0.00
0.00 26180.12
17.10 -45.86 -9999.00 -9999.00 -9999.00 82.38 24.88 0.00
0.00 27929.48
12.30 -41.06 -9999.00 -9999.00 -9999.00 85.24 32.75 0.00
0.00 30144.68

STID = KMDW STNM = 725340 TIME = 200807/1900 
SLAT = 41.78 SLON = -87.75 SELV = 183.0
STIM = 5

SHOW = 7.52 LIFT = 6.31 SWET = 90.28 KINX = 12.64
LCLP = 795.36 PWAT = 20.94 TOTL = 36.35 CAPE = 0.00
LCLT = 280.81 CINS = 0.00 EQLV = -9999.00 LFCT = -9999.00
BRCH = 0.00

PRES TMPC TMWC DWPC THTE DRCT SKNT OMEG
CFRL HGHT
998.80 26.54 17.01 11.06 324.66 90.00 5.24 0.00
0.00 191.82
995.80 25.64 16.61 10.89 323.75 91.74 6.41 -0.10
0.00 218.30
990.30 25.04 16.26 10.62 323.31 94.90 6.82 -0.10
0.00 266.93
980.90 24.14 15.82 10.43 323.13 97.70 7.25 -0.20
0.00 350.47
966.90 22.84 15.14 10.08 322.83 101.89 7.54 -0.30
0.00 475.90
949.00 21.24 14.30 9.65 322.56 109.86 7.44 -0.20
0.00 638.14
927.60 19.34 13.25 9.07 322.19 120.96 6.80 -0.20
0.00 834.99
904.30 17.34 12.06 8.32 321.75 141.63 5.94 0.00
0.00 1053.06
878.90 15.24 10.76 7.47 321.39 161.57 5.54 0.20
0.00 1295.54
850.60 12.84 9.03 6.04 320.34 202.62 5.05 0.40
0.00 1571.87
819.30 10.84 6.64 2.92 318.19 258.11 7.54 0.40
0.00 1885.83
785.10 9.64 3.54 -3.37 314.95 271.64 6.80 0.20
0.00 2240.56
748.00 8.74 1.98 -6.45 316.40 305.91 6.95 0.00
0.00 2641.47
707.90 7.04 0.73 -7.24 319.45 309.64 8.84 0.00
0.00 3095.62
664.90 4.94 -2.04 -12.94 319.63 300.53 8.80 0.10
0.00 3608.47
619.00 1.54 -5.88 -22.72 318.57 295.51 9.48 0.10
0.00 4187.74
570.60 -1.36 -9.21 -40.83 319.79 291.80 6.27 0.10
0.00 4839.16
523.70 -5.86 -11.97 -32.47 323.36 301.50 7.07 0.00
0.00 5516.00
481.50 -11.16 -16.08 -37.73 324.03 303.37 9.54 0.00
0.00 6166.95
443.80 -15.96 -19.88 -41.40 325.30 300.26 10.80 0.00
0.00 6786.58
409.80 -20.26 -23.40 -44.44 327.03 286.80 10.76 0.00
0.00 7381.68
379.00 -24.46 -26.92 -46.81 328.75 275.49 10.14 0.10
0.00 7955.31
351.30 -28.86 -30.69 -48.76 329.93 280.56 11.65 0.10
0.00 8502.95
326.40 -33.06 -34.45 -52.57 330.98 286.35 15.19 0.20
0.00 9024.16
304.00 -36.86 -37.92 -55.26 332.35 293.63 16.96 0.20
0.00 9519.88
283.80 -40.16 -41.00 -58.54 334.12 304.85 18.71 0.20
0.00 9992.14
265.70 -43.06 -43.75 -63.01 336.15 310.29 23.43 0.10
0.00 10438.80
248.80 -45.76 -46.31 -63.51 338.50 314.24 30.91 0.10
0.00 10878.83
233.60 -47.86 -48.32 -63.98 341.47 326.82 42.25 0.10
0.00 11296.49
219.60 -50.06 -50.38 -60.55 344.25 336.95 61.01 0.10
0.00 11702.07
205.70 -53.66 -53.82 -59.64 345.13 341.96 72.13 0.10
0.00 12125.64
191.70 -57.16 -57.28 -63.30 346.44 343.40 65.27 0.00
8.00 12574.91
177.80 -58.16 -58.35 -73.70 352.20 326.58 45.84 0.00
0.00 13049.71
163.80 -58.66 -58.85 -74.24 359.71 309.63 41.10 0.00
0.00 13565.23
149.80 -60.36 -60.53 -74.84 366.09 306.16 43.78 0.00
0.00 14123.95
135.90 -61.26 -9999.00 -9999.00 -9999.00 311.46 37.84 0.00
0.00 14729.23
121.90 -60.96 -9999.00 -9999.00 -9999.00 314.70 26.52 0.00
0.00 15404.01
108.00 -60.36 -9999.00 -9999.00 -9999.00 299.98 17.48 0.00
0.00 16157.05
94.00 -59.46 -9999.00 -9999.00 -9999.00 297.68 13.38 0.00
0.00 17023.65
81.00 -58.36 -9999.00 -9999.00 -9999.00 294.78 2.78 0.00
0.00 17957.07
70.60 -58.46 -9999.00 -9999.00 -9999.00 54.46 1.67 0.00
0.00 18820.85
62.20 -57.06 -9999.00 -9999.00 -9999.00 76.50 4.99 -0.10
0.00 19619.51
54.30 -56.06 -9999.00 -9999.00 -9999.00 102.65 9.75 -0.10
0.00 20480.66
46.90 -56.56 -9999.00 -9999.00 -9999.00 106.11 9.09 0.00
0.00 21410.57
40.10 -55.96 -9999.00 -9999.00 -9999.00 79.22 12.45 0.00
0.00 22405.04
33.80 -54.46 -9999.00 -9999.00 -9999.00 87.66 19.06 0.00
0.00 23495.38
27.80 -52.26 -9999.00 -9999.00 -9999.00 89.45 20.40 0.00
0.00 24752.65
22.30 -48.96 -9999.00 -9999.00 -9999.00 86.93 21.79 0.00
0.00 26188.67
17.10 -45.16 -9999.00 -9999.00 -9999.00 90.90 24.86 0.00
0.00 27945.80
12.30 -41.16 -9999.00 -9999.00 -9999.00 89.31 32.25 0.00
0.00 30163.89

STID = KMDW STNM = 725340 TIME = 200807/2000 
SLAT = 41.78 SLON = -87.75 SELV = 183.0
STIM = 6

SHOW = 6.51 LIFT = 6.19 SWET = 103.94 KINX = 13.77
LCLP = 780.17 PWAT = 21.91 TOTL = 37.75 CAPE = 0.00
LCLT = 279.92 CINS = 0.00 EQLV = -9999.00 LFCT = -9999.00
BRCH = 0.00

PRES TMPC TMWC DWPC THTE DRCT SKNT OMEG
CFRL HGHT
997.60 27.14 16.93 10.42 324.45 95.44 4.10 0.00
0.00 192.73
994.60 26.34 16.53 10.18 323.55 96.58 5.09 -0.10
0.00 219.30
989.20 25.74 16.19 9.95 323.17 100.12 5.52 -0.20
0.00 267.20
979.70 24.84 15.76 9.77 323.03 103.13 5.98 -0.30
0.00 351.90
965.80 23.54 15.11 9.48 322.81 108.43 6.14 -0.40
0.00 476.85
947.90 21.94 14.31 9.13 322.68 118.18 6.18 -0.50
0.00 639.64
926.60 20.04 13.34 8.71 322.56 133.67 5.91 -0.40
0.00 836.22
903.20 18.04 12.30 8.26 322.59 157.83 5.67 -0.20
0.00 1056.00
877.90 15.74 11.08 7.71 322.45 180.00 6.02 0.10
0.00 1298.31
849.70 13.24 9.62 6.90 322.15 194.04 6.41 0.40
0.00 1574.45
818.40 11.04 7.66 4.91 321.08 247.93 7.75 0.50
0.00 1889.21
784.30 8.94 5.21 1.78 319.42 262.23 8.62 0.50
4.00 2243.24
747.20 8.54 2.63 -4.07 318.18 302.01 7.32 0.30
0.00 2644.23
707.20 6.94 0.60 -7.51 319.23 313.99 7.83 0.20
0.00 3097.54
664.30 5.04 -2.22 -13.97 319.29 292.52 8.62 0.20
0.00 3609.65
618.40 1.74 -5.81 -23.08 318.79 288.80 9.63 0.20
0.00 4189.74
570.20 -1.36 -9.15 -39.00 320.01 286.39 6.88 0.10
0.00 4839.25
523.40 -5.96 -12.05 -32.70 323.25 295.87 7.13 0.00
0.00 5514.96
481.20 -11.16 -16.10 -38.06 324.05 302.01 9.17 0.10
0.00 6166.17
443.50 -15.96 -19.87 -41.00 325.40 299.88 10.53 0.10
0.00 6786.20
409.60 -20.16 -23.33 -44.44 327.21 285.95 11.31 0.10
0.00 7380.02
378.90 -24.36 -26.86 -47.43 328.87 275.53 12.10 0.20
0.00 7952.23
351.30 -28.76 -30.65 -50.22 329.99 278.81 13.95 0.20
0.00 8498.18
326.40 -32.86 -34.30 -53.56 331.22 284.35 17.25 0.20
0.00 9019.72
304.00 -36.46 -37.58 -56.52 332.87 289.73 18.98 0.10
0.00 9516.05
283.80 -39.76 -40.63 -58.54 334.70 296.33 21.02 0.10
0.00 9989.12
265.70 -42.66 -43.39 -63.01 336.74 304.05 26.03 0.00
0.00 10436.55
248.80 -44.86 -45.47 -63.51 339.84 322.82 36.32 0.00
0.00 10877.83
233.60 -46.46 -46.93 -58.63 343.73 338.37 61.65 0.10
0.00 11297.62
219.60 -49.96 -50.26 -59.12 344.45 338.32 70.45 0.20
0.00 11704.56
205.70 -53.76 -53.95 -61.06 344.93 337.58 63.68 0.10
0.00 12128.13
191.70 -56.96 -57.09 -63.30 346.76 338.99 60.14 0.00
14.00 12577.50
177.70 -59.16 -59.30 -68.92 350.66 325.35 51.24 0.00
0.00 13054.96
163.80 -59.26 -59.44 -74.24 358.70 310.88 47.79 0.00
0.00 13565.04
149.80 -60.86 -61.02 -74.84 365.22 308.74 45.32 0.00
0.00 14122.33
135.90 -61.06 -61.23 -75.48 375.18 312.49 37.67 0.00
0.00 14727.18
121.90 -60.56 -9999.00 -9999.00 -9999.00 310.21 27.97 0.00
0.00 15402.92
108.00 -60.36 -9999.00 -9999.00 -9999.00 295.64 21.54 0.00
0.00 16156.66
94.00 -60.26 -9999.00 -9999.00 -9999.00 296.87 16.34 0.00
0.00 17021.63
81.00 -59.76 -9999.00 -9999.00 -9999.00 286.93 4.66 0.00
0.00 17950.27
70.60 -60.36 -9999.00 -9999.00 -9999.00 14.04 1.59 0.00
0.00 18807.41
62.20 -58.96 -9999.00 -9999.00 -9999.00 70.35 5.77 0.00
0.00 19599.02
54.30 -57.96 -9999.00 -9999.00 -9999.00 102.53 10.74 0.00
0.00 20452.62
46.90 -57.96 -9999.00 -9999.00 -9999.00 83.00 11.15 0.00
0.00 21375.45
40.10 -56.76 -9999.00 -9999.00 -9999.00 72.20 16.53 0.00
0.00 22364.87
33.80 -54.56 -9999.00 -9999.00 -9999.00 83.59 17.40 0.00
0.00 23452.96
27.80 -51.46 -9999.00 -9999.00 -9999.00 79.34 16.80 0.00
0.00 24712.24
22.30 -48.36 -9999.00 -9999.00 -9999.00 75.03 17.29 0.00
0.00 26152.78
17.10 -44.66 -9999.00 -9999.00 -9999.00 76.10 20.20 0.00
0.00 27914.18
12.30 -40.46 -9999.00 -9999.00 -9999.00 84.11 30.26 0.00
0.00 30138.06

STID = KMDW STNM = 725340 TIME = 200807/2100 
SLAT = 41.78 SLON = -87.75 SELV = 183.0
STIM = 7

SHOW = 5.76 LIFT = 5.95 SWET = 110.55 KINX = 13.89
LCLP = 770.59 PWAT = 22.51 TOTL = 38.85 CAPE = 0.00
LCLT = 279.39 CINS = 0.00 EQLV = -9999.00 LFCT = -9999.00
BRCH = 0.00

PRES TMPC TMWC DWPC THTE DRCT SKNT OMEG
CFRL HGHT
996.60 27.54 16.89 10.04 324.43 101.89 3.77 0.00
0.00 191.87
993.60 26.84 16.56 9.86 323.73 104.04 4.80 -0.10
0.00 218.50
988.20 26.24 16.22 9.63 323.36 107.74 5.09 -0.20
0.00 266.53
978.70 25.34 15.78 9.44 323.21 110.32 5.59 -0.40
0.00 351.44
964.80 24.04 15.16 9.19 323.05 116.57 6.08 -0.70
0.00 476.72
947.00 22.44 14.39 8.92 323.03 126.16 6.25 -0.80
0.00 639.02
925.60 20.64 13.52 8.62 323.22 144.25 5.98 -0.80
0.00 837.10
902.40 18.54 12.49 8.27 323.28 165.07 6.02 -0.70
0.00 1055.61
877.10 16.24 11.36 7.89 323.40 185.04 6.62 -0.40
0.00 1298.57
848.80 13.74 10.06 7.37 323.56 197.45 7.13 -0.10
0.00 1576.47
817.60 11.34 8.43 6.20 323.37 234.64 7.38 0.20
0.00 1891.07
783.50 9.04 6.24 3.88 322.28 258.69 8.92 0.30
9.00 2245.87
746.50 8.34 3.13 -2.39 319.58 292.99 6.95 0.10
1.00 2646.27
706.50 7.14 0.46 -8.34 318.97 313.83 6.74 0.00
0.00 3100.06
663.70 5.04 -2.43 -15.02 318.86 282.53 8.95 0.00
0.00 3611.59
618.00 1.64 -5.86 -22.97 318.77 279.46 9.46 0.00
0.00 4189.47
569.80 -1.56 -9.14 -35.75 320.16 281.63 6.74 0.00
0.00 4839.08
523.10 -6.06 -12.16 -33.38 323.08 294.30 6.60 0.10
0.00 5513.42
481.00 -11.16 -16.09 -37.74 324.13 302.97 8.57 0.20
0.00 6163.28
443.40 -15.96 -19.87 -41.01 325.42 299.48 10.26 0.30
0.00 6781.87
409.50 -20.06 -23.27 -44.97 327.32 286.07 11.93 0.30
0.00 7375.94
378.80 -24.26 -26.80 -48.09 328.98 279.06 13.58 0.30
0.00 7948.52
351.20 -28.46 -30.45 -51.95 330.34 282.68 15.93 0.20
0.00 8495.06
326.30 -32.46 -33.98 -54.68 331.76 287.35 19.54 0.20
0.00 9017.49
303.90 -35.96 -37.17 -57.99 333.56 290.79 22.44 0.10
0.00 9514.92
283.80 -39.16 -40.12 -60.30 335.52 297.14 25.97 0.00
0.00 9986.83
265.70 -41.56 -42.38 -63.01 338.34 310.20 32.81 0.00
0.00 10435.90
248.80 -43.66 -44.31 -59.58 341.72 327.26 45.26 0.00
0.00 10879.39
233.60 -46.36 -46.78 -56.32 343.96 336.13 59.05 0.00
0.00 11300.38
219.60 -50.06 -50.35 -59.12 344.29 336.73 57.52 0.00
0.00 11707.33
205.70 -53.66 -53.87 -62.77 345.04 336.54 56.12 0.10
0.00 12130.89
191.70 -56.86 -57.02 -65.45 346.88 328.93 54.20 0.10
0.00 12580.47
177.80 -58.56 -58.71 -68.92 351.59 318.00 55.15 0.00
0.00 13055.16
163.80 -60.46 -60.61 -74.24 356.69 311.15 59.34 0.00
0.00 13568.04
149.80 -61.66 -61.80 -74.84 363.85 312.98 46.74 0.00
0.00 14122.71
135.90 -61.46 -61.62 -75.48 374.47 314.16 37.37 0.00
0.00 14725.85
121.90 -60.76 -9999.00 -9999.00 -9999.00 314.39 25.82 0.00
0.00 15400.63
108.00 -60.06 -9999.00 -9999.00 -9999.00 295.23 18.69 0.00
0.00 16154.56
94.00 -59.66 -9999.00 -9999.00 -9999.00 296.20 13.64 0.00
0.00 17021.36
81.00 -59.66 -9999.00 -9999.00 -9999.00 291.25 3.75 0.00
0.00 17951.51
70.60 -59.86 -9999.00 -9999.00 -9999.00 8.13 2.74 0.00
0.00 18809.86
62.20 -58.66 -9999.00 -9999.00 -9999.00 83.48 6.84 0.00
0.00 19602.96
54.30 -58.46 -9999.00 -9999.00 -9999.00 112.20 10.28 0.00
0.00 20456.16
46.90 -58.46 -9999.00 -9999.00 -9999.00 74.83 11.87 0.00
0.00 21376.85
40.10 -57.06 -9999.00 -9999.00 -9999.00 75.35 17.68 0.00
0.00 22364.44
33.80 -54.26 -9999.00 -9999.00 -9999.00 85.45 17.15 0.00
0.00 23452.53
27.80 -50.96 -9999.00 -9999.00 -9999.00 80.84 18.30 0.00
0.00 24714.09
22.30 -47.86 -9999.00 -9999.00 -9999.00 71.18 18.07 0.00
0.00 26157.86
17.10 -43.36 -9999.00 -9999.00 -9999.00 70.73 21.19 0.00
0.00 27926.25
12.30 -39.86 -9999.00 -9999.00 -9999.00 79.23 28.07 0.00
0.00 30159.30

STID = KMDW STNM = 725340 TIME = 200807/2200 
SLAT = 41.78 SLON = -87.75 SELV = 183.0
STIM = 8

SHOW = 5.38 LIFT = 5.81 SWET = 116.71 KINX = 12.76
LCLP = 767.53 PWAT = 22.67 TOTL = 39.28 CAPE = 0.00
LCLT = 279.35 CINS = 0.00 EQLV = -9999.00 LFCT = -9999.00
BRCH = 0.00

PRES TMPC TMWC DWPC THTE DRCT SKNT OMEG
CFRL HGHT
996.60 27.84 17.00 10.06 324.79 108.43 4.29 0.00
0.00 191.88
993.70 27.14 16.65 9.84 324.02 109.80 5.17 -0.10
0.00 217.64
988.20 26.54 16.32 9.61 323.66 113.96 5.73 -0.20
0.00 266.61
978.70 25.64 15.88 9.42 323.51 115.77 6.25 -0.50
0.00 351.61
964.80 24.44 15.31 9.21 323.53 119.54 6.70 -0.70
0.00 477.04
947.00 22.94 14.60 8.98 323.68 131.50 6.74 -0.90
0.00 639.58
925.70 21.04 13.72 8.74 323.84 148.74 6.37 -0.80
0.00 837.03
902.40 19.04 12.77 8.44 324.10 167.66 6.37 -0.60
0.00 1056.82
877.10 16.74 11.68 8.14 324.35 186.52 6.84 -0.30
0.00 1300.21
848.80 14.04 10.39 7.79 324.55 198.43 7.36 0.00
0.00 1578.53
817.60 11.74 8.85 6.69 324.57 235.01 7.11 0.40
0.00 1893.55
783.50 9.64 6.56 4.01 323.16 257.62 8.16 0.60
0.00 2249.02
746.40 8.64 3.34 -2.21 320.11 292.11 6.70 0.40
2.00 2651.18
706.50 7.64 0.34 -9.74 318.61 307.48 7.34 0.10
0.00 3104.48
663.70 5.04 -2.54 -15.57 318.60 281.31 9.91 0.10
0.00 3616.41
618.00 1.84 -5.83 -23.68 318.80 280.20 9.87 0.20
0.00 4194.47
569.80 -1.26 -8.81 -32.98 320.88 286.99 7.30 0.20
0.00 4844.69
523.10 -5.86 -12.05 -33.62 323.29 296.57 7.38 0.20
0.00 5519.66
481.00 -11.06 -16.02 -37.74 324.25 303.02 9.27 0.20
0.00 6169.90
443.40 -15.86 -19.78 -40.62 325.58 298.37 11.03 0.10
0.00 6788.73
409.50 -20.06 -23.27 -44.97 327.32 288.70 13.33 0.00
0.00 7382.91
378.80 -24.16 -26.74 -48.80 329.08 285.64 15.13 -0.10
0.00 7955.60
351.20 -28.36 -30.36 -51.95 330.47 290.41 17.83 -0.10
0.00 8502.37
326.30 -32.06 -33.64 -54.68 332.31 297.01 22.24 -0.10
0.00 9025.34
303.90 -35.46 -36.73 -57.99 334.26 300.40 27.25 -0.10
0.00 9523.70
283.80 -38.26 -39.31 -60.30 336.81 303.41 32.81 0.00
0.00 9997.01
265.70 -40.46 -41.28 -56.36 340.12 322.87 42.15 0.10
0.00 10448.01
248.80 -42.96 -43.47 -51.75 343.10 333.87 57.34 0.20
0.00 10893.26
233.60 -46.76 -47.11 -54.49 343.44 333.14 50.29 0.20
0.00 11314.54
219.60 -50.26 -50.49 -56.82 344.07 332.46 50.84 0.20
3.00 11720.94
205.70 -53.46 -53.68 -62.77 345.35 326.62 50.49 0.20
0.00 12144.51
191.70 -56.36 -56.50 -63.30 347.73 316.95 52.37 0.10
0.00 12594.81
177.80 -59.56 -59.66 -66.00 350.00 305.97 59.52 0.10
0.00 13068.95
163.80 -61.06 -61.14 -66.60 355.78 308.78 58.31 0.10
0.00 13579.91
149.80 -60.76 -9999.00 -9999.00 -9999.00 317.25 45.49 0.00
0.00 14134.98
135.90 -61.06 -61.23 -75.48 375.18 310.63 36.09 0.00
0.00 14739.98
121.90 -60.36 -9999.00 -9999.00 -9999.00 308.11 25.17 0.00
0.00 15416.03
108.00 -60.46 -9999.00 -9999.00 -9999.00 289.78 18.38 0.00
0.00 16169.96
94.00 -60.06 -9999.00 -9999.00 -9999.00 299.86 12.10 0.00
0.00 17035.13
81.00 -59.86 -9999.00 -9999.00 -9999.00 312.51 3.17 0.00
0.00 17963.98
70.60 -59.16 -9999.00 -9999.00 -9999.00 25.02 3.22 0.00
0.00 18823.34
62.20 -58.06 -9999.00 -9999.00 -9999.00 99.21 7.28 0.00
0.00 19618.84
54.30 -58.06 -9999.00 -9999.00 -9999.00 111.16 6.45 0.00
0.00 20474.03
46.90 -57.16 -9999.00 -9999.00 -9999.00 69.57 10.57 0.00
0.00 21398.37
40.10 -55.56 -9999.00 -9999.00 -9999.00 88.32 13.21 0.00
0.00 22392.37
33.80 -53.26 -9999.00 -9999.00 -9999.00 91.88 11.85 0.00
0.00 23486.71
27.80 -50.66 -9999.00 -9999.00 -9999.00 83.21 16.43 0.00
0.00 24752.00
22.30 -47.66 -9999.00 -9999.00 -9999.00 68.61 20.24 0.00
0.00 26197.37
17.10 -42.76 -9999.00 -9999.00 -9999.00 72.14 24.69 0.00
0.00 27968.88
12.30 -39.86 -9999.00 -9999.00 -9999.00 83.47 25.62 0.00
0.00 30204.81

STID = KMDW STNM = 725340 TIME = 200807/2300 
SLAT = 41.78 SLON = -87.75 SELV = 183.0
STIM = 9

SHOW = 5.20 LIFT = 5.74 SWET = 119.43 KINX = 13.42
LCLP = 771.84 PWAT = 22.64 TOTL = 39.43 CAPE = 0.00
LCLT = 279.65 CINS = 0.00 EQLV = -9999.00 LFCT = -9999.00
BRCH = 0.00

PRES TMPC TMWC DWPC THTE DRCT SKNT OMEG
CFRL HGHT
997.20 27.74 17.08 10.30 324.98 114.44 4.70 0.00
0.00 192.76
994.20 27.24 16.78 10.04 324.38 114.90 6.00 -0.10
0.00 219.40
988.80 26.64 16.43 9.77 323.94 118.07 6.60 -0.20
0.00 267.46
979.30 25.84 16.02 9.57 323.88 120.70 7.23 -0.50
0.00 352.46
965.40 24.64 15.44 9.34 323.87 124.51 7.54 -0.70
0.00 477.90
947.60 23.24 14.79 9.16 324.21 137.12 7.42 -0.80
0.00 640.49
926.20 21.34 13.93 8.94 324.42 154.13 7.13 -0.70
0.00 838.96
902.90 19.34 12.99 8.67 324.73 170.54 7.09 -0.50
0.00 1058.87
877.60 16.94 11.89 8.41 324.93 184.76 7.01 -0.20
0.00 1302.35
849.30 14.34 10.66 8.07 325.27 197.45 7.13 0.20
0.00 1580.77
818.10 12.44 8.98 6.39 324.85 241.11 6.43 0.60
0.00 1896.16
783.90 10.64 6.53 3.05 322.99 265.24 7.01 0.60
0.00 2253.47
746.80 9.74 3.29 -3.80 319.84 293.96 9.56 0.20
0.00 2656.80
706.90 7.84 0.50 -9.49 318.94 295.30 11.81 -0.20
0.00 3110.84
664.00 4.64 -2.43 -13.98 318.87 281.94 10.33 -0.10
0.00 3623.57
618.20 1.94 -5.71 -23.20 319.02 278.47 9.23 0.10
0.00 4202.40
570.00 -0.96 -8.51 -31.17 321.48 289.98 6.82 0.20
0.00 4852.90
523.20 -5.66 -11.96 -34.10 323.44 297.26 7.21 0.30
0.00 5529.78
481.10 -10.86 -15.88 -37.74 324.48 299.29 9.13 0.30
0.00 6180.37
443.50 -15.66 -19.65 -41.00 325.78 294.44 11.73 0.20
0.00 6799.53
409.60 -19.96 -23.20 -44.97 327.43 288.89 15.60 0.10
0.00 7393.93
378.80 -24.16 -26.72 -48.09 329.12 291.57 17.97 0.10
0.00 7968.53
351.20 -28.26 -30.26 -51.04 330.65 296.81 20.67 0.10
0.00 8515.41
326.40 -32.06 -33.62 -53.56 332.32 301.49 25.29 0.10
0.00 9036.31
303.90 -35.66 -36.88 -56.52 334.03 299.20 30.26 0.00
0.00 9536.62
283.80 -38.26 -39.28 -58.54 336.85 311.96 28.48 -0.10
0.00 10009.72
265.70 -39.26 -40.18 -55.27 341.92 338.29 43.07 0.00
0.00 10461.89
248.80 -42.56 -43.25 -56.89 343.44 335.31 45.10 0.10
0.00 10908.66
233.60 -45.86 -46.37 -58.63 344.64 326.99 49.57 0.20
0.00 11331.13
219.60 -49.16 -49.52 -60.55 345.64 315.84 56.31 0.10
0.00 11739.34
205.70 -53.06 -53.27 -61.06 346.03 312.67 57.32 0.00
0.00 12164.34
191.70 -57.26 -57.35 -61.60 346.33 310.32 55.54 0.00
0.00 12614.12
177.80 -59.96 -60.03 -63.87 349.39 302.09 54.12 0.00
100.00 13086.84
163.80 -60.86 -60.95 -66.60 356.11 299.35 55.50 0.00
0.00 13597.56
149.80 -61.06 -61.18 -70.13 364.93 317.29 48.12 0.00
0.00 14152.50
135.90 -61.36 -9999.00 -9999.00 -9999.00 313.58 33.26 -0.10
0.00 14756.64
121.90 -60.86 -9999.00 -9999.00 -9999.00 306.00 25.45 0.00
0.00 15431.42
108.00 -60.76 -9999.00 -9999.00 -9999.00 287.24 17.70 0.00
0.00 16183.93
94.00 -60.36 -9999.00 -9999.00 -9999.00 294.90 11.99 0.00
0.00 17047.88
81.00 -60.06 -9999.00 -9999.00 -9999.00 295.02 3.22 0.00
0.00 17975.65
70.60 -59.16 -9999.00 -9999.00 -9999.00 10.30 2.18 0.00
0.00 18834.60
62.20 -58.66 -9999.00 -9999.00 -9999.00 101.31 4.95 0.00
0.00 19628.99
54.30 -58.26 -9999.00 -9999.00 -9999.00 54.78 4.04 0.00
0.00 20482.59
46.90 -56.56 -9999.00 -9999.00 -9999.00 56.04 11.48 0.00
0.00 21407.78
40.10 -54.96 -9999.00 -9999.00 -9999.00 82.41 11.75 0.00
0.00 22404.54
33.80 -53.06 -9999.00 -9999.00 -9999.00 71.29 12.72 0.00
0.00 23500.88
27.80 -50.76 -9999.00 -9999.00 -9999.00 73.54 17.83 0.00
0.00 24766.45
22.30 -47.66 -9999.00 -9999.00 -9999.00 68.55 23.37 0.00
0.00 26211.51
17.10 -43.66 -9999.00 -9999.00 -9999.00 76.15 28.40 0.00
0.00 27979.51
12.30 -40.96 -9999.00 -9999.00 -9999.00 79.92 26.63 0.00
0.00 30205.81

STID = KMDW STNM = 725340 TIME = 200808/0000 
SLAT = 41.78 SLON = -87.75 SELV = 183.0
STIM = 10

SHOW = 5.14 LIFT = 5.73 SWET = 119.50 KINX = 16.64
LCLP = 783.85 PWAT = 23.06 TOTL = 39.44 CAPE = 0.00
LCLT = 280.42 CINS = 0.00 EQLV = -9999.00 LFCT = -9999.00
BRCH = 0.00

PRES TMPC TMWC DWPC THTE DRCT SKNT OMEG
CFRL HGHT
997.20 27.24 17.16 10.86 325.31 118.81 4.43 0.00
0.00 191.86
994.20 26.84 16.86 10.53 324.70 124.22 5.87 -0.10
0.00 218.46
988.70 26.34 16.51 10.19 324.27 127.87 6.64 -0.20
0.00 267.37
979.30 25.64 16.07 9.84 324.07 129.61 7.30 -0.40
0.00 351.42
965.40 24.54 15.50 9.55 324.08 136.01 7.83 -0.60
0.00 476.80
947.50 23.24 14.87 9.33 324.49 147.85 8.02 -0.70
0.00 640.30
926.20 21.44 14.06 9.13 324.83 163.86 7.69 -0.60
0.00 837.89
902.80 19.34 13.09 8.88 325.07 175.49 7.40 -0.40
0.00 1058.81
877.50 17.04 12.02 8.59 325.35 189.46 7.09 -0.10
0.00 1302.38
849.30 14.54 10.79 8.18 325.68 206.57 6.08 0.30
0.00 1579.99
818.00 12.74 9.03 6.25 325.01 244.29 5.83 0.50
0.00 1896.68
783.90 11.34 6.54 2.39 322.97 280.01 6.70 0.30
0.00 2253.56
746.80 10.34 3.65 -3.56 320.74 306.87 13.60 0.00
0.00 2657.79
706.90 7.24 0.99 -6.70 320.23 307.75 15.23 0.00
0.00 3111.93
664.00 4.34 -2.40 -13.07 319.00 286.26 9.71 0.10
0.00 3623.95
618.20 2.44 -5.49 -23.68 319.47 272.54 8.74 0.30
0.00 4203.01
570.00 -0.46 -8.20 -30.96 322.11 284.83 6.84 0.20
0.00 4854.69
523.20 -5.46 -11.88 -34.87 323.57 289.36 7.61 0.20
0.00 5532.44
481.10 -10.76 -15.82 -37.74 324.60 291.19 10.22 0.20
0.00 6183.40
443.40 -15.56 -19.60 -41.41 325.89 291.04 13.52 0.10
0.00 6804.52
409.50 -19.96 -23.18 -44.44 327.49 292.04 17.60 0.10
0.00 7399.17
378.80 -24.26 -26.76 -46.81 329.06 295.77 18.76 0.10
0.00 7971.87
351.20 -28.26 -30.26 -51.04 330.65 301.76 19.19 0.10
0.00 8518.64
326.30 -31.56 -33.19 -53.56 333.04 308.16 24.20 0.10
0.00 9042.26
303.90 -34.16 -35.48 -52.28 336.30 309.13 33.55 0.10
0.00 9542.51
283.80 -37.66 -38.73 -57.08 337.75 312.60 29.56 0.10
0.00 10017.72
265.70 -39.46 -40.33 -54.29 341.67 338.86 37.70 0.10
0.00 10470.28
248.80 -42.76 -43.41 -55.81 343.19 326.23 40.89 0.10
0.00 10916.67
233.60 -45.76 -46.32 -61.80 344.70 304.23 57.32 0.00
0.00 11339.04
219.60 -49.26 -49.64 -62.27 345.44 302.80 55.23 0.00
0.00 11747.25
205.70 -53.26 -53.46 -61.06 345.71 317.36 43.30 -0.10
0.00 12171.96
191.70 -56.96 -57.06 -61.60 346.81 307.85 38.62 0.00
1.00 12621.85
177.70 -59.76 -59.83 -63.87 349.77 293.51 47.24 0.10
100.00 13098.65
163.80 -61.46 -61.54 -66.60 355.11 293.90 52.27 0.10
100.00 13605.39
149.80 -61.36 -61.48 -70.13 364.41 311.77 48.70 0.00
0.00 14159.16
135.90 -62.36 -62.50 -75.48 372.88 317.70 34.93 0.00
0.00 14761.44
121.90 -61.96 -9999.00 -9999.00 -9999.00 309.99 23.58 0.00
0.00 15432.89
108.00 -61.36 -9999.00 -9999.00 -9999.00 292.15 18.03 0.00
0.00 16182.38
94.00 -61.26 -9999.00 -9999.00 -9999.00 303.96 11.48 0.00
0.00 17043.29
81.00 -60.36 -9999.00 -9999.00 -9999.00 285.52 3.63 0.00
0.00 17968.43
70.60 -59.26 -9999.00 -9999.00 -9999.00 291.04 2.70 0.00
0.00 18826.58
62.20 -59.26 -9999.00 -9999.00 -9999.00 129.81 1.52 0.00
0.00 19619.68
54.30 -58.76 -9999.00 -9999.00 -9999.00 28.44 5.30 0.00
0.00 20471.09
46.90 -56.36 -9999.00 -9999.00 -9999.00 54.36 12.67 0.00
0.00 21395.64
40.10 -54.26 -9999.00 -9999.00 -9999.00 68.03 11.95 0.00
0.00 22394.46
33.80 -52.46 -9999.00 -9999.00 -9999.00 54.74 13.79 0.00
0.00 23494.05
27.80 -50.56 -9999.00 -9999.00 -9999.00 58.80 16.12 0.00
0.00 24761.91
22.30 -48.56 -9999.00 -9999.00 -9999.00 64.07 23.54 0.00
0.00 26204.71
17.10 -45.86 -9999.00 -9999.00 -9999.00 78.06 30.98 0.00
0.00 27960.67
12.30 -41.96 -9999.00 -9999.00 -9999.00 80.41 27.97 0.00
0.00 30171.53

STID = KMDW STNM = 725340 TIME = 200808/0100 
SLAT = 41.78 SLON = -87.75 SELV = 183.0
STIM = 11

SHOW = 5.24 LIFT = 5.63 SWET = 117.15 KINX = 19.31
LCLP = 815.51 PWAT = 23.90 TOTL = 39.29 CAPE = 0.00
LCLT = 282.31 CINS = 0.00 EQLV = -9999.00 LFCT = -9999.00
BRCH = 0.00

PRES TMPC TMWC DWPC THTE DRCT SKNT OMEG
CFRL HGHT
997.00 25.84 17.31 12.19 325.99 122.01 3.67 0.00
0.00 191.82
994.00 25.74 17.07 11.80 325.57 129.29 5.52 -0.10
0.00 218.33
988.50 25.64 16.57 10.85 324.56 136.17 6.74 -0.20
0.00 267.12
979.00 25.34 16.07 10.08 324.15 143.13 7.77 -0.30
0.00 351.95
965.10 24.44 15.58 9.81 324.41 155.22 8.35 -0.50
0.00 477.30
947.30 23.14 14.99 9.65 324.90 166.91 8.57 -0.50
0.00 639.89
925.90 21.34 14.15 9.40 325.18 177.27 8.16 -0.40
0.00 838.41
902.60 19.24 13.14 9.04 325.24 186.01 7.42 -0.10
0.00 1058.39
877.30 16.94 11.99 8.60 325.27 194.83 6.84 0.10
0.00 1301.94
849.10 14.54 10.76 8.12 325.61 212.62 5.77 0.30
0.00 1579.56
817.80 12.94 9.03 6.09 325.03 245.56 4.70 0.30
0.00 1896.43
783.70 11.64 6.81 2.70 323.73 297.30 6.78 0.10
0.00 2253.71
746.70 10.14 4.60 -0.73 323.31 320.60 14.08 -0.10
0.00 2657.13
706.70 6.74 1.73 -3.76 322.20 318.01 15.68 0.00
0.00 3112.18
663.80 4.34 -2.62 -14.11 318.48 285.95 9.91 0.20
0.00 3624.00
618.00 2.64 -5.39 -23.80 319.70 266.42 9.34 0.20
0.00 4203.42
569.80 -0.26 -8.10 -31.17 322.34 276.91 6.45 0.00
0.00 4855.78
523.10 -5.36 -11.83 -35.14 323.68 283.63 6.60 -0.10
0.00 5532.64
481.00 -10.76 -15.80 -37.43 324.66 289.98 9.09 0.00
0.00 6183.85
443.40 -15.36 -19.47 -41.83 326.10 297.30 13.56 0.00
0.00 6803.63
409.50 -19.66 -23.01 -46.11 327.76 300.43 18.03 0.10
0.00 7398.85
378.80 -23.96 -26.63 -50.39 329.26 298.11 19.39 0.10
0.00 7972.22
351.20 -28.06 -30.14 -52.94 330.84 300.02 20.18 0.20
0.00 8519.53
326.30 -31.06 -32.72 -51.67 333.81 307.73 26.03 0.20
0.00 9043.91
303.90 -33.66 -34.92 -48.20 337.25 307.67 33.37 0.10
0.00 9545.21
283.80 -37.16 -38.19 -52.86 338.64 309.52 30.23 0.10
0.00 10021.44
265.60 -39.46 -40.26 -51.87 341.83 333.60 30.57 0.10
0.00 10477.08
248.80 -42.76 -43.38 -54.84 343.23 302.57 44.02 0.20
0.00 10920.92
233.60 -46.26 -46.72 -57.40 344.07 293.28 54.56 0.10
0.00 11342.83
219.60 -49.16 -49.55 -62.27 345.60 300.03 48.91 0.00
0.00 11750.68
205.70 -53.46 -53.66 -61.06 345.40 318.72 33.86 -0.10
0.00 12175.30
191.70 -57.16 -57.26 -61.60 346.49 308.56 35.53 0.00
6.00 12624.77
177.70 -59.76 -59.83 -63.87 349.77 293.29 45.69 0.00
28.00 13101.35
163.80 -61.46 -61.56 -69.50 355.06 293.29 50.12 0.10
0.00 13608.09
149.80 -61.76 -61.87 -70.13 363.73 306.03 47.55 0.00
0.00 14161.33
135.90 -62.86 -62.99 -75.48 371.99 322.64 32.01 0.00
0.00 14762.34
121.90 -61.76 -9999.00 -9999.00 -9999.00 301.38 22.75 0.00
0.00 15433.30
108.00 -61.86 -9999.00 -9999.00 -9999.00 291.91 19.27 0.00
0.00 16182.27
94.00 -61.66 -9999.00 -9999.00 -9999.00 299.54 13.40 0.00
0.00 17041.34
81.00 -61.16 -9999.00 -9999.00 -9999.00 282.68 7.96 0.00
0.00 17963.88
70.60 -60.36 -9999.00 -9999.00 -9999.00 305.54 5.01 0.00
0.00 18818.21
62.20 -59.46 -9999.00 -9999.00 -9999.00 56.31 2.80 0.00
0.00 19608.89
54.30 -58.06 -9999.00 -9999.00 -9999.00 43.96 7.56 0.00
0.00 20461.30
46.90 -55.86 -9999.00 -9999.00 -9999.00 66.57 12.70 0.00
0.00 21388.42
40.10 -54.46 -9999.00 -9999.00 -9999.00 66.04 11.48 0.00
0.00 22387.93
33.80 -53.16 -9999.00 -9999.00 -9999.00 52.31 16.20 0.00
0.00 23485.27
27.80 -51.26 -9999.00 -9999.00 -9999.00 52.72 21.48 0.00
0.00 24749.13
22.30 -48.46 -9999.00 -9999.00 -9999.00 64.27 29.97 0.00
0.00 26189.99
17.10 -44.46 -9999.00 -9999.00 -9999.00 79.53 31.02 0.00
0.00 27951.78
12.30 -40.66 -9999.00 -9999.00 -9999.00 83.03 27.19 0.00
0.00 30175.66

STID = KMDW STNM = 725340 TIME = 200808/0200 
SLAT = 41.78 SLON = -87.75 SELV = 183.0
STIM = 12

SHOW = 5.20 LIFT = 5.14 SWET = 112.95 KINX = 20.39
LCLP = 855.15 PWAT = 24.86 TOTL = 39.52 CAPE = 0.00
LCLT = 284.70 CINS = 0.00 EQLV = -9999.00 LFCT = -9999.00
BRCH = 0.00

PRES TMPC TMWC DWPC THTE DRCT SKNT OMEG
CFRL HGHT
997.30 24.34 17.69 13.91 327.38 135.00 3.03 0.00
0.00 191.78
994.30 24.64 17.29 12.97 326.35 141.34 4.97 -0.10
0.00 218.18
988.80 25.24 16.61 11.22 324.68 152.70 6.78 -0.10
0.00 266.84
979.40 25.14 16.19 10.49 324.52 169.22 8.31 -0.30
0.00 350.68
965.50 24.34 15.84 10.43 325.23 183.58 9.34 -0.40
0.00 475.94
947.60 22.94 15.24 10.33 325.72 192.01 9.34 -0.50
0.00 639.33
926.20 21.14 14.34 9.93 325.76 197.20 8.55 -0.40
0.00 837.70
902.90 19.04 13.19 9.29 325.37 199.36 7.61 -0.20
0.00 1057.48
877.60 16.84 11.90 8.50 324.96 200.38 7.25 -0.10
0.00 1300.83
849.30 14.64 10.66 7.85 325.27 203.96 5.73 0.00
0.00 1579.34
818.10 13.04 9.08 6.11 325.13 225.00 3.30 -0.10
0.00 1895.19
784.00 11.64 7.08 3.31 324.47 313.53 5.36 -0.20
0.00 2252.43
746.90 9.74 5.29 1.35 325.21 330.59 12.26 -0.20
0.00 2656.66
706.90 6.64 2.25 -2.27 323.52 319.24 14.88 0.00
0.00 3111.35
663.90 4.54 -2.79 -15.50 318.03 287.82 11.42 0.20
0.00 3624.38
618.20 2.84 -5.33 -24.30 319.76 263.66 10.55 0.20
0.00 4202.77
570.00 -0.36 -8.18 -31.59 322.12 265.10 6.82 0.00
0.00 4855.03
523.20 -5.56 -11.94 -34.87 323.45 270.00 6.02 -0.10
0.00 5532.77
481.10 -10.96 -15.92 -37.12 324.43 281.31 7.93 0.00
0.00 6183.36
443.40 -15.56 -19.62 -41.83 325.85 299.74 10.96 0.00
0.00 6804.25
409.60 -19.66 -23.06 -48.11 327.62 307.03 13.87 0.00
0.00 7397.41
378.80 -23.66 -26.43 -52.31 329.58 304.70 15.37 0.10
0.00 7972.91
351.20 -26.86 -28.91 -44.89 332.94 313.53 21.43 0.10
0.00 8521.90
326.40 -29.66 -30.63 -36.08 337.40 315.97 32.42 0.20
0.00 9046.96
303.90 -33.26 -34.09 -40.22 338.67 307.90 34.46 0.20
0.00 9552.40
283.80 -36.56 -37.50 -48.27 339.78 307.16 30.23 0.10
0.00 10029.68
265.70 -39.76 -40.53 -51.87 341.35 316.77 26.65 0.00
0.00 10483.03
248.80 -43.66 -44.12 -51.75 342.05 295.32 39.98 0.00
0.00 10928.28
233.60 -47.16 -47.41 -52.28 342.96 285.82 48.45 0.00
2.00 11348.54
219.60 -49.46 -49.81 -60.55 345.18 291.63 48.48 0.00
0.00 11755.31
205.70 -52.46 -52.72 -62.77 346.93 304.20 36.64 0.00
0.00 12180.60
191.70 -56.46 -56.60 -63.30 347.57 303.35 36.05 -0.10
100.00 12631.83
177.80 -59.86 -59.93 -63.87 349.55 297.29 41.08 0.00
100.00 13105.53
163.80 -61.66 -61.76 -69.50 354.73 293.96 47.82 0.10
0.00 13615.41
149.80 -61.66 -61.80 -74.84 363.85 304.41 47.09 0.00
0.00 14168.52
135.90 -62.46 -62.60 -75.48 372.70 319.93 27.16 0.00
0.00 14770.23
121.90 -62.36 -9999.00 -9999.00 -9999.00 299.05 23.99 0.00
0.00 15440.88
108.00 -62.06 -9999.00 -9999.00 -9999.00 287.15 19.11 0.00
0.00 16188.43
94.00 -61.96 -9999.00 -9999.00 -9999.00 291.67 15.25 0.00
0.00 17046.49
81.00 -61.56 -9999.00 -9999.00 -9999.00 283.45 9.19 0.00
0.00 17967.50
70.60 -60.26 -9999.00 -9999.00 -9999.00 326.89 5.34 0.00
0.00 18821.22
62.20 -58.96 -9999.00 -9999.00 -9999.00 52.31 5.40 0.00
0.00 19613.02
54.30 -57.36 -9999.00 -9999.00 -9999.00 50.86 10.76 0.00
0.00 20467.81
46.90 -55.96 -9999.00 -9999.00 -9999.00 73.01 14.63 0.00
0.00 21396.22
40.10 -55.26 -9999.00 -9999.00 -9999.00 64.16 13.81 0.00
0.00 22393.66
33.80 -53.86 -9999.00 -9999.00 -9999.00 54.02 17.52 0.00
0.00 23487.25
27.80 -51.26 -9999.00 -9999.00 -9999.00 53.80 23.35 0.00
0.00 24749.11
22.30 -48.16 -9999.00 -9999.00 -9999.00 68.54 30.26 0.00
0.00 26190.94
17.10 -43.46 -9999.00 -9999.00 -9999.00 77.99 28.01 0.00
0.00 27957.78
12.30 -40.16 -9999.00 -9999.00 -9999.00 75.68 28.26 0.00
0.00 30188.89

STID = KMDW STNM = 725340 TIME = 200808/0300 
SLAT = 41.78 SLON = -87.75 SELV = 183.0
STIM = 13

SHOW = 5.71 LIFT = 4.69 SWET = 107.26 KINX = 21.17
LCLP = 887.06 PWAT = 25.64 TOTL = 38.84 CAPE = 0.00
LCLT = 286.59 CINS = 0.00 EQLV = -9999.00 LFCT = -9999.00
BRCH = 0.00

PRES TMPC TMWC DWPC THTE DRCT SKNT OMEG
CFRL HGHT
997.80 23.24 18.08 15.27 328.75 132.71 3.44 0.00
0.00 191.75
994.80 24.04 17.45 13.67 326.90 145.71 5.17 0.00
0.00 218.07
989.30 24.94 16.76 11.75 325.17 167.80 7.36 -0.10
0.00 266.65
979.90 25.04 16.58 11.36 325.77 187.28 9.21 -0.20
0.00 350.40
965.90 24.14 16.24 11.40 326.56 198.08 10.00 -0.30
0.00 476.48
948.00 22.74 15.62 11.23 326.96 202.89 9.48 -0.30
0.00 639.75
926.70 20.94 14.63 10.65 326.67 204.78 8.35 -0.20
0.00 837.01
903.30 18.94 13.37 9.72 325.91 201.50 6.90 0.00
0.00 1057.56
878.00 16.84 11.87 8.43 324.80 190.30 6.51 0.10
0.00 1300.77
849.70 14.64 10.36 7.27 324.32 181.85 6.02 0.10
0.00 1579.12
818.50 12.94 8.98 6.00 324.80 209.74 3.13 0.10
0.00 1894.74
784.30 11.44 7.21 3.76 324.80 308.66 4.97 0.00
0.00 2252.70
747.20 9.34 5.66 2.56 326.23 326.93 9.97 0.10
0.00 2656.42
707.10 6.34 2.67 -0.92 324.59 317.29 13.75 0.20
0.00 3111.66
664.10 4.54 -2.69 -14.95 318.26 291.97 11.95 0.30
0.00 3624.35
618.30 3.04 -5.50 -27.18 319.30 262.48 10.39 0.10
0.00 4204.07
570.10 -0.26 -8.20 -32.73 322.04 251.08 7.19 -0.10
0.00 4856.52
523.30 -5.46 -11.93 -35.70 323.45 255.17 6.84 -0.20
0.00 5534.38
481.20 -10.96 -15.92 -37.12 324.41 268.73 8.74 0.00
0.00 6184.95
443.50 -15.46 -19.58 -42.73 325.88 290.32 11.19 0.10
0.00 6805.82
409.60 -19.66 -23.08 -48.88 327.58 301.55 13.00 0.10
0.00 7400.78
378.90 -23.66 -26.43 -52.30 329.55 304.55 14.39 0.10
0.00 7974.33
351.30 -26.66 -28.48 -40.18 333.68 321.60 20.32 0.10
0.00 8523.41
326.40 -29.26 -30.26 -35.71 338.03 322.23 27.27 0.10
0.00 9051.19
304.00 -32.26 -33.49 -43.45 339.62 304.70 27.64 0.10
0.00 9555.75
283.80 -36.16 -37.11 -47.28 340.44 297.09 28.57 0.10
0.00 10036.72
265.70 -40.06 -40.73 -49.95 341.04 289.80 30.96 0.10
0.00 10490.17
248.80 -44.06 -44.41 -49.96 341.58 287.26 35.99 0.00
0.00 10934.75
233.60 -47.36 -47.50 -49.98 342.82 274.28 44.21 0.00
100.00 11354.47
219.60 -50.56 -50.71 -54.21 343.73 279.18 45.07 0.00
14.00 11760.08
205.70 -52.76 -52.98 -61.06 346.50 287.43 49.28 0.00
0.00 12184.04
191.70 -55.86 -56.10 -73.19 348.39 294.91 39.20 0.00
0.00 12635.57
177.80 -59.16 -59.32 -73.70 350.56 295.42 34.85 0.00
33.00 13110.70
163.80 -61.36 -61.44 -66.60 355.28 294.07 43.82 0.00
0.00 13621.77
149.80 -61.86 -61.97 -70.13 363.55 306.73 46.78 0.00
0.00 14175.01
135.90 -61.96 -62.11 -75.48 373.58 312.41 27.37 0.00
0.00 14777.16
121.90 -63.26 -63.40 -76.19 383.00 300.05 22.88 0.00
0.00 15447.17
108.00 -62.06 -9999.00 -9999.00 -9999.00 280.12 22.11 0.00
0.00 16193.12
94.00 -62.16 -9999.00 -9999.00 -9999.00 294.39 15.99 0.00
0.00 17050.78
81.00 -60.76 -9999.00 -9999.00 -9999.00 293.05 9.93 0.00
0.00 17973.09
70.60 -59.16 -9999.00 -9999.00 -9999.00 337.25 6.53 0.00
0.00 18830.64
62.20 -58.06 -9999.00 -9999.00 -9999.00 28.30 5.73 0.00
0.00 19626.14
54.30 -56.36 -9999.00 -9999.00 -9999.00 36.87 9.71 0.00
0.00 20484.71
46.90 -55.86 -9999.00 -9999.00 -9999.00 65.22 11.13 0.00
0.00 21415.48
40.10 -55.96 -9999.00 -9999.00 -9999.00 49.76 13.23 0.00
0.00 22411.55
33.80 -54.86 -9999.00 -9999.00 -9999.00 47.97 18.57 0.00
0.00 23500.89
27.80 -51.86 -9999.00 -9999.00 -9999.00 59.26 25.08 0.00
0.00 24758.17
22.30 -47.76 -9999.00 -9999.00 -9999.00 78.39 28.96 0.00
0.00 26199.35
17.10 -42.86 -9999.00 -9999.00 -9999.00 85.24 28.07 0.00
0.00 27970.07
12.30 -40.56 -9999.00 -9999.00 -9999.00 75.96 30.44 0.00
0.00 30202.15

STID = KMDW STNM = 725340 TIME = 200808/0400 
SLAT = 41.78 SLON = -87.75 SELV = 183.0
STIM = 14

SHOW = 6.38 LIFT = 4.61 SWET = 97.28 KINX = 20.81
LCLP = 911.45 PWAT = 25.97 TOTL = 37.88 CAPE = 0.00
LCLT = 287.93 CINS = 0.00 EQLV = -9999.00 LFCT = -9999.00
BRCH = 0.00

PRES TMPC TMWC DWPC THTE DRCT SKNT OMEG
CFRL HGHT
998.00 22.34 18.33 16.20 329.65 132.51 3.17 0.00
0.00 191.72
995.00 23.44 17.54 14.21 327.22 147.99 5.50 0.00
0.00 217.98
989.50 24.64 16.94 12.31 325.77 174.29 7.81 -0.10
0.00 266.49
980.00 24.84 16.87 12.10 326.80 192.41 9.95 -0.20
0.00 351.07
966.10 23.94 16.51 12.08 327.50 198.43 9.83 -0.20
0.00 476.17
948.20 22.54 15.84 11.80 327.71 203.03 8.45 -0.20
0.00 639.33
926.80 20.74 14.76 11.04 327.10 202.99 6.95 -0.10
0.00 837.39
903.40 18.84 13.28 9.62 325.62 187.85 5.69 0.10
0.00 1057.81
878.10 16.94 11.62 7.87 324.03 173.09 6.45 0.20
0.00 1300.97
849.80 14.84 10.06 6.50 323.39 181.91 5.83 0.20
0.00 1579.37
818.60 13.24 8.96 5.70 324.70 242.24 4.18 0.10
0.00 1895.17
784.40 11.54 7.53 4.35 325.71 293.63 6.78 0.00
0.00 2253.35
747.30 9.24 5.97 3.30 327.10 312.36 8.94 0.00
0.00 2657.09
707.20 6.24 2.78 -0.54 324.89 310.40 11.99 0.10
0.00 3112.18
664.20 4.64 -2.56 -14.61 318.52 289.03 11.93 0.10
0.00 3624.82
618.40 3.04 -5.75 -30.53 318.66 264.40 9.95 0.00
0.00 4204.53
570.20 -0.26 -8.28 -34.27 321.81 243.43 6.51 -0.10
0.00 4856.82
523.40 -5.26 -11.89 -37.57 323.45 247.25 6.53 0.00
0.00 5534.78
481.30 -10.76 -15.83 -38.06 324.53 268.70 8.55 0.20
0.00 6185.70
443.60 -14.96 -19.33 -46.01 326.26 288.15 12.47 0.30
0.00 6807.25
409.60 -19.26 -22.84 -51.64 327.98 293.89 14.88 0.20
0.00 7404.93
378.90 -23.16 -25.78 -43.74 330.72 304.41 17.19 0.10
0.00 7979.53
351.30 -26.56 -27.81 -33.94 334.89 322.31 21.60 0.00
0.00 8529.34
326.40 -29.76 -30.73 -36.26 337.23 319.30 25.62 -0.10
0.00 9056.73
304.00 -33.16 -33.92 -39.25 338.93 303.57 25.64 -0.20
0.00 9559.85
283.80 -36.56 -37.23 -43.42 340.26 286.53 25.93 -0.20
0.00 10039.55
265.70 -40.26 -40.68 -45.39 341.15 277.42 33.10 -0.20
0.00 10492.45
248.80 -43.86 -44.23 -49.96 341.88 267.69 43.36 -0.20
3.00 10937.04
233.60 -47.56 -47.81 -52.96 342.31 264.23 40.62 -0.10
66.00 11356.76
219.60 -50.76 -50.92 -55.00 343.38 273.75 47.49 -0.10
51.00 11762.00
205.70 -53.16 -53.34 -59.64 345.91 282.35 48.12 -0.10
10.00 12185.38
191.70 -56.16 -56.34 -65.45 348.00 289.42 39.14 0.00
0.00 12636.20
177.80 -58.56 -58.74 -73.70 351.54 289.82 35.51 0.00
0.00 13111.66
163.80 -60.76 -60.88 -69.50 356.24 293.76 44.37 0.00
0.00 13624.17
149.80 -61.96 -62.09 -74.84 363.33 309.99 45.63 0.00
0.00 14178.06
135.90 -62.46 -62.60 -75.48 372.70 315.27 28.71 0.00
0.00 14779.35
121.90 -63.46 -63.59 -76.19 382.63 297.42 23.19 0.00
0.00 15448.25
108.00 -62.86 -9999.00 -9999.00 -9999.00 284.04 24.03 0.00
0.00 16192.43
94.00 -61.86 -9999.00 -9999.00 -9999.00 305.93 16.55 0.00
0.00 17049.07
81.00 -60.36 -9999.00 -9999.00 -9999.00 316.51 10.45 0.00
0.00 17972.91
70.60 -58.86 -9999.00 -9999.00 -9999.00 4.18 7.98 0.00
0.00 18831.87
62.20 -58.06 -9999.00 -9999.00 -9999.00 33.18 6.04 0.00
0.00 19627.93
54.30 -56.96 -9999.00 -9999.00 -9999.00 40.10 9.65 0.00
0.00 20485.30
46.90 -57.06 -9999.00 -9999.00 -9999.00 60.49 11.83 0.00
0.00 21412.21
40.10 -56.96 -9999.00 -9999.00 -9999.00 46.88 16.76 0.00
0.00 22403.24
33.80 -54.66 -9999.00 -9999.00 -9999.00 45.34 23.21 0.00
0.00 23490.57
27.80 -51.16 -9999.00 -9999.00 -9999.00 63.80 27.27 0.00
0.00 24750.43
22.30 -48.06 -9999.00 -9999.00 -9999.00 83.51 24.05 0.00
0.00 26192.90
17.10 -43.56 -9999.00 -9999.00 -9999.00 89.17 26.81 0.00
0.00 27959.74
12.30 -41.56 -9999.00 -9999.00 -9999.00 75.50 34.91 0.00
0.00 30183.62

STID = KMDW STNM = 725340 TIME = 200808/0500 
SLAT = 41.78 SLON = -87.75 SELV = 183.0
STIM = 15

SHOW = 6.48 LIFT = 4.66 SWET = 93.90 KINX = 20.43
LCLP = 927.30 PWAT = 26.22 TOTL = 37.80 CAPE = 0.00
LCLT = 288.60 CINS = 0.00 EQLV = -9999.00 LFCT = -9999.00
BRCH = 0.00

PRES TMPC TMWC DWPC THTE DRCT SKNT OMEG
CFRL HGHT
997.60 21.54 18.31 16.60 329.65 141.34 3.73 0.00
0.00 191.71
994.60 22.74 17.63 14.79 327.62 152.70 6.78 0.00
0.00 217.92
989.10 24.24 17.11 12.92 326.45 175.60 10.14 -0.10
0.00 266.36
979.70 24.54 16.98 12.52 327.24 187.59 11.75 -0.10
0.00 350.00
965.70 23.74 16.58 12.35 327.81 190.49 10.66 -0.20
0.00 475.96
947.80 22.24 15.83 11.99 327.76 191.56 8.72 -0.10
0.00 639.06
926.50 20.64 14.73 11.05 327.05 184.90 6.82 -0.10
0.00 836.14
903.10 18.84 13.09 9.25 325.05 166.76 6.78 0.00
0.00 1056.59
877.80 16.94 11.35 7.31 323.23 163.86 7.69 0.10
0.00 1299.79
849.60 15.24 10.04 6.13 323.34 187.59 5.89 0.20
0.00 1577.45
818.30 13.64 9.21 5.89 325.48 252.90 5.28 0.20
0.00 1894.79
784.20 11.74 7.94 5.02 326.92 286.14 7.69 0.20
0.00 2252.45
747.00 9.24 6.03 3.42 327.31 301.43 8.20 0.20
0.00 2657.60
707.00 6.44 2.63 -1.11 324.51 297.85 11.64 0.30
0.00 3111.85
664.00 4.34 -2.48 -13.43 318.81 284.98 14.28 0.20
0.00 3624.55
618.30 2.44 -6.05 -29.90 318.09 272.77 12.06 0.00
0.00 4202.22
570.00 -0.66 -8.64 -36.72 321.08 250.14 7.44 -0.20
0.00 4854.83
523.30 -5.26 -11.99 -39.83 323.25 239.53 7.65 -0.10
0.00 5531.00
481.20 -10.66 -15.80 -38.73 324.60 258.93 9.11 0.00
0.00 6182.16
443.50 -14.76 -19.24 -48.17 326.42 284.04 12.82 0.10
0.00 6804.19
409.60 -18.96 -22.48 -46.11 328.65 296.88 15.89 0.00
0.00 7400.77
378.90 -22.96 -25.13 -36.19 331.93 313.73 18.55 -0.10
0.00 7975.99
351.30 -26.66 -27.53 -31.31 335.40 322.40 21.33 -0.10
0.00 8525.99
326.40 -30.26 -30.99 -35.02 336.79 313.13 25.29 -0.10
0.00 9052.77
304.00 -33.96 -34.49 -38.15 337.99 301.04 25.62 -0.20
2.00 9554.56
283.80 -37.26 -37.58 -40.15 339.71 279.60 26.79 -0.20
0.00 10032.77
265.70 -40.76 -41.13 -45.39 340.41 272.83 35.39 -0.20
100.00 10484.53
248.80 -44.16 -44.46 -48.92 341.51 267.31 41.41 -0.20
4.00 10928.36
233.60 -47.76 -47.90 -50.50 342.17 268.02 44.89 -0.20
100.00 11347.62
219.60 -50.96 -51.09 -54.21 343.12 272.64 50.56 -0.10
100.00 11752.50
205.70 -53.56 -53.73 -59.64 345.28 279.85 47.71 -0.10
8.00 12175.31
191.70 -56.06 -56.24 -65.45 348.16 285.10 38.03 0.00
0.00 12625.82
177.70 -58.56 -58.74 -73.70 351.60 285.01 35.99 0.00
0.00 13104.94
163.80 -60.66 -60.80 -74.24 356.36 293.07 44.13 0.00
0.00 13614.06
149.80 -62.06 -62.19 -74.84 363.16 311.61 44.17 0.00
0.00 14167.95
135.90 -62.96 -63.09 -75.48 371.81 319.17 26.44 0.00
0.00 14768.38
121.90 -63.76 -63.89 -76.19 382.09 295.62 21.11 0.00
0.00 15436.01
108.00 -63.16 -63.32 -76.97 396.67 286.42 22.69 0.00
0.00 16179.13
94.00 -61.96 -9999.00 -9999.00 -9999.00 313.48 15.52 0.00
0.00 17034.96
81.00 -60.66 -9999.00 -9999.00 -9999.00 324.06 9.60 0.00
0.00 17957.93
70.60 -59.06 -9999.00 -9999.00 -9999.00 4.76 7.01 0.00
0.00 18815.88
62.20 -58.96 -9999.00 -9999.00 -9999.00 23.20 4.43 0.00
0.00 19609.90
54.30 -58.26 -9999.00 -9999.00 -9999.00 43.26 9.07 0.00
0.00 20462.90
46.90 -57.66 -9999.00 -9999.00 -9999.00 61.02 14.43 0.00
0.00 21385.73
40.10 -56.86 -9999.00 -9999.00 -9999.00 57.65 20.69 0.00
0.00 22375.61
33.80 -53.66 -9999.00 -9999.00 -9999.00 56.55 26.07 0.00
0.00 23465.70
27.80 -50.36 -9999.00 -9999.00 -9999.00 73.34 27.78 0.00
0.00 24730.70
22.30 -48.46 -9999.00 -9999.00 -9999.00 88.56 23.12 0.00
0.00 26174.46
17.10 -43.96 -9999.00 -9999.00 -9999.00 90.42 26.22 0.00
0.00 27938.20
12.30 -41.66 -9999.00 -9999.00 -9999.00 76.88 32.52 0.00
0.00 30159.67

STID = KMDW STNM = 725340 TIME = 200808/0600 
SLAT = 41.78 SLON = -87.75 SELV = 183.0
STIM = 16

SHOW = 6.42 LIFT = 4.93 SWET = 94.92 KINX = 21.33
LCLP = 937.68 PWAT = 26.44 TOTL = 37.87 CAPE = 0.00
LCLT = 288.92 CINS = 0.00 EQLV = -9999.00 LFCT = -9999.00
BRCH = 0.00

PRES TMPC TMWC DWPC THTE DRCT SKNT OMEG
CFRL HGHT
997.70 20.94 18.20 16.75 329.28 143.75 3.61 0.00
0.00 191.69
994.70 22.14 17.50 14.91 327.16 165.96 8.00 0.00
0.00 217.84
989.20 23.94 17.14 13.17 326.56 181.88 11.85 0.00
0.00 266.21
979.70 24.34 16.91 12.52 327.02 186.91 12.92 -0.10
0.00 350.67
965.80 23.54 16.50 12.32 327.51 187.13 10.96 0.00
0.00 475.64
947.90 22.14 15.76 11.91 327.49 184.97 8.97 0.00
0.00 638.64
926.50 20.54 14.60 10.88 326.64 175.49 7.40 0.00
0.00 836.56
903.20 18.74 12.91 8.96 324.47 160.25 8.04 0.10
0.00 1055.96
877.90 17.04 11.19 6.89 322.72 162.41 8.35 0.20
0.00 1299.10
849.60 15.54 10.16 6.11 323.66 192.53 5.38 0.30
0.00 1577.90
818.40 14.14 9.58 6.24 326.56 255.96 5.61 0.40
0.00 1894.67
784.20 12.24 8.06 4.85 327.26 278.13 8.24 0.30
0.00 2253.99
747.10 9.44 5.88 2.92 326.84 280.54 8.49 0.30
0.00 2658.49
707.00 6.44 2.72 -0.89 324.76 278.88 12.59 0.20
0.00 3113.98
664.10 3.94 -1.95 -10.42 320.09 279.69 16.16 0.10
0.00 3625.19
618.30 2.04 -5.97 -26.09 318.38 279.46 14.18 0.00
0.00 4203.38
570.10 -0.76 -8.79 -39.00 320.73 266.27 8.95 -0.10
0.00 4854.02
523.30 -5.16 -12.00 -42.16 323.18 247.56 9.67 -0.10
0.00 5531.55
481.20 -10.56 -15.76 -39.45 324.65 254.32 11.50 0.00
0.00 6182.94
443.50 -14.86 -19.33 -49.02 326.25 275.40 14.43 0.00
0.00 6804.97
409.60 -19.06 -22.44 -43.01 328.75 295.31 15.91 -0.10
0.00 7401.32
378.90 -23.06 -24.86 -32.84 332.45 319.01 15.70 -0.10
0.00 7976.36
351.30 -26.96 -27.72 -31.05 335.06 317.56 18.41 -0.10
0.00 8525.95
326.40 -30.76 -31.30 -34.21 336.28 309.40 21.11 -0.10
35.00 9051.88
304.00 -34.16 -34.55 -37.16 337.89 288.15 24.32 -0.10
100.00 9552.95
283.80 -37.66 -38.22 -43.75 338.63 278.19 28.65 -0.20
61.00 10030.55
265.70 -41.06 -41.40 -45.39 339.97 271.74 38.48 -0.20
12.00 10481.61
248.80 -44.56 -44.73 -47.14 341.07 268.74 44.11 -0.20
100.00 10924.78
233.60 -47.96 -48.12 -51.06 341.83 267.55 45.49 -0.20
100.00 11343.49
219.60 -50.86 -51.07 -56.82 343.14 272.26 44.33 -0.10
0.00 11748.27
205.70 -53.36 -53.59 -62.77 345.51 279.33 40.75 -0.10
2.00 12171.37
191.70 -55.56 -55.78 -68.39 348.92 283.31 37.12 0.00
0.00 12622.59
177.80 -58.26 -58.45 -73.70 352.03 284.26 36.29 0.00
0.00 13099.04
163.80 -60.36 -60.51 -74.24 356.86 292.78 42.13 0.10
0.00 13612.39
149.80 -61.56 -61.70 -74.84 364.02 309.70 41.67 0.10
0.00 14167.33
135.90 -62.96 -63.09 -75.48 371.81 315.67 23.35 0.00
0.00 14768.48
121.90 -63.76 -63.89 -76.19 382.09 291.61 22.14 0.00
0.00 15436.10
108.00 -63.16 -9999.00 -9999.00 -9999.00 287.21 22.98 0.00
0.00 16179.22
94.00 -61.76 -9999.00 -9999.00 -9999.00 313.33 14.16 0.00
0.00 17035.45
81.00 -60.66 -9999.00 -9999.00 -9999.00 309.64 8.84 0.00
0.00 17958.86
70.60 -59.16 -9999.00 -9999.00 -9999.00 354.56 4.10 0.00
0.00 18816.60
62.20 -59.36 -9999.00 -9999.00 -9999.00 37.57 3.19 0.00
0.00 19609.70
54.30 -58.16 -9999.00 -9999.00 -9999.00 55.38 9.91 0.00
0.00 20462.10
46.90 -57.16 -9999.00 -9999.00 -9999.00 65.74 15.13 0.00
0.00 21386.22
40.10 -55.66 -9999.00 -9999.00 -9999.00 66.04 19.13 0.00
0.00 22380.00
33.80 -52.56 -9999.00 -9999.00 -9999.00 71.72 22.92 0.00
0.00 23475.85
27.80 -50.36 -9999.00 -9999.00 -9999.00 83.51 24.05 0.00
0.00 24743.99
22.30 -48.86 -9999.00 -9999.00 -9999.00 79.96 22.30 0.00
0.00 26186.46
17.10 -45.26 -9999.00 -9999.00 -9999.00 81.94 23.54 0.00
0.00 27943.59
12.30 -42.46 -9999.00 -9999.00 -9999.00 74.52 29.84 0.00
0.00 30154.94

STID = KMDW STNM = 725340 TIME = 200808/0700 
SLAT = 41.78 SLON = -87.75 SELV = 183.0
STIM = 17

SHOW = 6.24 LIFT = 5.20 SWET = 95.73 KINX = 22.35
LCLP = 942.13 PWAT = 26.35 TOTL = 38.21 CAPE = 0.00
LCLT = 288.81 CINS = 0.00 EQLV = -9999.00 LFCT = -9999.00
BRCH = 0.00

PRES TMPC TMWC DWPC THTE DRCT SKNT OMEG
CFRL HGHT
997.90 20.44 17.92 16.56 328.25 161.57 3.69 0.00
0.00 192.54
994.90 21.74 17.29 14.78 326.42 181.10 10.10 0.00
0.00 218.65
989.40 23.84 16.87 12.72 325.61 188.02 13.93 -0.10
0.00 266.96
979.90 24.34 16.63 11.96 326.01 189.34 14.37 -0.10
0.00 351.37
966.00 23.44 16.28 11.96 326.73 187.24 12.33 -0.10
0.00 476.27
948.10 22.04 15.56 11.61 326.81 182.16 10.30 -0.10
0.00 639.16
926.70 20.44 14.40 10.56 325.95 171.35 9.03 -0.20
0.00 836.95
903.40 18.74 12.74 8.61 323.89 160.87 10.08 -0.20
0.00 1056.24
878.10 17.04 11.01 6.50 322.14 159.57 10.57 -0.10
0.00 1299.30
849.80 15.74 10.22 6.07 323.80 174.09 5.67 -0.10
0.00 1578.11
818.60 14.54 9.71 6.18 326.90 255.96 4.00 0.00
0.00 1895.13
784.40 12.84 7.86 3.92 326.62 279.46 7.09 0.10
0.00 2254.94
747.30 10.04 5.74 2.08 326.41 274.48 9.95 0.20
0.00 2660.09
707.20 6.84 3.22 -0.18 326.02 272.10 15.95 0.30
0.00 3116.25
664.20 3.74 -1.11 -7.23 322.15 277.33 19.77 0.30
0.00 3628.87
618.40 1.74 -5.80 -22.96 318.83 282.14 18.47 0.20
0.00 4206.62
570.10 -0.96 -8.90 -38.59 320.53 277.88 12.74 -0.10
0.00 4858.02
523.40 -5.36 -12.14 -42.70 322.88 258.49 10.70 -0.10
0.00 5533.54
481.30 -10.56 -15.83 -41.05 324.48 255.07 12.06 0.00
0.00 6184.54
443.60 -14.96 -19.44 -50.96 326.02 271.57 14.18 0.00
0.00 6806.30
409.70 -18.96 -22.14 -38.70 329.31 295.89 14.69 0.00
0.00 7402.53
378.90 -23.26 -24.51 -29.27 333.11 318.65 12.94 0.00
0.00 7979.33
351.30 -27.16 -28.04 -32.12 334.51 314.09 17.31 0.00
4.00 8528.50
326.40 -30.76 -31.83 -39.03 335.36 304.95 19.68 0.00
0.00 9054.17
304.00 -34.56 -35.29 -41.28 336.65 289.87 24.57 0.00
40.00 9554.76
283.80 -37.96 -38.49 -43.75 338.20 276.49 32.65 -0.10
11.00 10031.62
265.70 -41.66 -41.95 -45.39 339.09 273.38 39.51 -0.10
100.00 10481.82
248.80 -44.76 -45.04 -49.43 340.58 268.09 40.81 -0.10
100.00 10924.20
233.60 -47.76 -48.02 -53.69 341.97 265.24 42.09 -0.10
50.00 11342.91
219.60 -50.46 -50.76 -60.55 343.63 270.83 40.02 -0.10
0.00 11748.22
205.70 -53.06 -53.35 -67.88 345.89 277.97 39.24 0.00
0.00 12171.98
191.70 -55.46 -55.71 -73.19 349.03 282.59 37.41 0.10
0.00 12623.61
177.70 -57.56 -57.76 -73.70 353.24 284.26 35.47 0.10
0.00 13104.51
163.80 -59.46 -59.63 -74.24 358.37 293.85 40.35 0.10
0.00 13616.25
149.80 -61.16 -9999.00 -9999.00 -9999.00 307.90 38.89 0.10
0.00 14172.88
135.90 -62.26 -62.40 -75.48 373.05 298.07 19.81 0.00
0.00 14775.60
121.90 -63.66 -63.79 -76.19 382.27 286.44 24.71 0.00
0.00 15444.50
108.00 -62.96 -9999.00 -9999.00 -9999.00 286.28 22.86 0.00
0.00 16188.15
94.00 -61.96 -9999.00 -9999.00 -9999.00 308.96 11.73 0.00
0.00 17044.38
81.00 -61.06 -9999.00 -9999.00 -9999.00 290.92 7.07 0.00
0.00 17966.47
70.60 -59.66 -9999.00 -9999.00 -9999.00 56.31 1.40 0.00
0.00 18822.41
62.20 -60.16 -9999.00 -9999.00 -9999.00 67.75 4.62 0.00
0.00 19613.10
54.30 -58.56 -9999.00 -9999.00 -9999.00 64.75 11.38 0.00
0.00 20463.12
46.90 -57.16 -9999.00 -9999.00 -9999.00 69.44 14.94 0.00
0.00 21386.38
40.10 -55.06 -9999.00 -9999.00 -9999.00 69.01 17.89 0.00
0.00 22381.53
33.80 -52.46 -9999.00 -9999.00 -9999.00 80.93 23.41 0.00
0.00 23479.12
27.80 -51.76 -9999.00 -9999.00 -9999.00 83.06 22.49 0.00
0.00 24743.55
22.30 -49.86 -9999.00 -9999.00 -9999.00 75.96 24.03 0.00
0.00 26178.28
17.10 -46.36 -9999.00 -9999.00 -9999.00 74.79 22.94 0.00
0.00 27927.25
12.30 -42.66 -9999.00 -9999.00 -9999.00 71.81 28.63 0.00
0.00 30132.32

STID = KMDW STNM = 725340 TIME = 200808/0800 
SLAT = 41.78 SLON = -87.75 SELV = 183.0
STIM = 18

SHOW = 6.60 LIFT = 5.70 SWET = 96.46 KINX = 22.24
LCLP = 942.65 PWAT = 26.28 TOTL = 37.71 CAPE = 0.00
LCLT = 288.32 CINS = 0.00 EQLV = -9999.00 LFCT = -9999.00
BRCH = 0.00

PRES TMPC TMWC DWPC THTE DRCT SKNT OMEG
CFRL HGHT
997.20 19.84 17.40 16.05 326.56 183.01 3.69 0.00
0.00 191.66
994.10 21.24 16.91 14.42 325.25 196.53 12.98 0.00
0.00 218.60
988.70 23.34 16.61 12.56 324.85 197.99 15.73 0.00
0.00 265.98
979.30 23.84 16.31 11.68 325.04 200.10 16.96 0.00
0.00 349.42
965.30 23.14 15.87 11.36 325.45 192.77 14.94 0.00
0.00 475.11
947.50 21.84 15.24 11.12 325.82 185.36 12.49 0.00
0.00 637.03
926.10 20.24 14.02 9.95 324.79 174.19 11.52 0.00
0.00 834.77
902.80 18.64 12.37 7.92 322.81 165.34 13.05 0.00
0.00 1054.05
877.50 16.84 10.75 6.11 321.46 164.17 13.52 0.00
0.00 1297.11
849.30 15.44 9.92 5.70 323.01 167.62 8.16 0.10
0.00 1574.85
818.10 14.44 9.64 6.11 326.75 227.29 3.44 0.10
0.00 1891.81
784.00 12.94 7.64 3.35 326.03 268.15 6.02 0.10
0.00 2250.74
746.90 10.34 5.59 1.45 326.03 266.88 10.70 0.10
0.00 2656.33
706.90 7.14 3.47 0.09 326.74 268.05 17.11 0.20
0.00 3112.03
663.90 3.64 -0.17 -4.43 324.54 277.77 21.56 0.30
0.00 3625.21
618.10 1.14 -5.49 -18.53 319.69 284.80 21.29 0.20
0.00 4202.72
569.90 -1.26 -9.02 -37.07 320.36 285.52 14.51 0.00
0.00 4852.06
523.20 -5.56 -12.24 -41.66 322.75 262.48 10.39 -0.10
0.00 5527.21
481.10 -10.56 -15.90 -42.95 324.37 256.19 12.20 -0.10
0.00 6178.23
443.40 -15.06 -19.56 -54.93 325.82 265.36 14.41 0.00
0.00 6800.12
409.60 -19.06 -22.12 -37.32 329.39 285.33 12.49 0.10
0.00 7394.58
378.80 -23.26 -24.24 -27.72 333.63 315.78 10.02 0.10
0.00 7971.43
351.20 -26.86 -28.52 -38.57 333.66 315.50 15.79 0.10
0.00 8521.06
326.40 -30.56 -31.60 -38.33 335.75 297.71 21.72 0.00
0.00 9045.17
303.90 -34.76 -35.16 -37.95 336.92 281.23 27.93 0.00
5.00 9548.11
283.80 -38.46 -39.00 -44.79 337.37 281.19 35.04 -0.10
2.00 10022.00
265.60 -42.06 -42.46 -47.87 338.31 275.77 36.71 0.00
19.00 10473.88
248.80 -44.86 -45.23 -51.75 340.26 267.66 38.11 0.00
24.00 10913.25
233.60 -47.66 -48.03 -57.40 341.95 265.85 37.59 0.00
1.00 11331.94
219.60 -50.16 -50.55 -67.41 343.96 270.92 36.32 0.00
0.00 11737.61
205.70 -52.76 -53.08 -72.71 346.32 276.01 37.10 0.00
0.00 12161.93
191.70 -54.76 -55.03 -73.19 350.16 280.66 36.77 0.10
0.00 12614.59
177.70 -56.76 -56.99 -73.70 354.55 287.08 36.38 0.10
0.00 13097.16
163.80 -59.26 -59.44 -74.24 358.70 294.49 38.42 0.10
0.00 13610.09
149.80 -60.96 -9999.00 -9999.00 -9999.00 306.29 34.46 0.00
0.00 14167.25
135.90 -61.96 -62.11 -75.48 373.58 296.30 18.84 0.00
0.00 14770.67
121.90 -64.36 -64.48 -76.19 380.99 283.06 24.92 -0.10
0.00 15438.94
108.00 -63.96 -9999.00 -9999.00 -9999.00 292.62 22.73 0.00
0.00 16179.57
94.00 -62.56 -9999.00 -9999.00 -9999.00 307.07 10.96 0.00
0.00 17032.55
81.00 -61.36 -9999.00 -9999.00 -9999.00 287.97 7.56 0.00
0.00 17952.69
70.60 -59.46 -9999.00 -9999.00 -9999.00 15.26 2.21 0.00
0.00 18808.43
62.20 -58.96 -9999.00 -9999.00 -9999.00 32.83 7.17 0.00
0.00 19601.71
54.30 -57.06 -9999.00 -9999.00 -9999.00 58.34 13.69 0.00
0.00 20457.10
46.90 -56.76 -9999.00 -9999.00 -9999.00 56.69 16.28 0.00
0.00 21384.43
40.10 -55.06 -9999.00 -9999.00 -9999.00 50.84 17.54 0.00
0.00 22380.50
33.80 -52.76 -9999.00 -9999.00 -9999.00 74.36 20.16 0.00
0.00 23477.35
27.80 -51.76 -9999.00 -9999.00 -9999.00 76.55 18.38 0.00
0.00 24740.92
22.30 -48.56 -9999.00 -9999.00 -9999.00 72.68 22.18 0.00
0.00 26179.84
17.10 -45.26 -9999.00 -9999.00 -9999.00 68.11 22.40 0.00
0.00 27938.13
12.30 -42.06 -9999.00 -9999.00 -9999.00 70.92 27.33 0.00
0.00 30151.40

STID = KMDW STNM = 725340 TIME = 200808/0900 
SLAT = 41.78 SLON = -87.75 SELV = 183.0
STIM = 19

SHOW = 6.31 LIFT = 6.43 SWET = 96.55 KINX = 22.30
LCLP = 945.20 PWAT = 26.23 TOTL = 38.24 CAPE = 0.00
LCLT = 287.92 CINS = 0.00 EQLV = -9999.00 LFCT = -9999.00
BRCH = 0.00

PRES TMPC TMWC DWPC THTE DRCT SKNT OMEG
CFRL HGHT
997.60 19.24 16.93 15.61 324.90 191.89 3.77 0.00
0.00 191.63
994.60 20.74 16.67 14.31 324.40 199.77 13.21 0.00
0.00 217.64
989.10 22.64 16.60 13.00 324.80 200.64 15.99 0.00
0.00 265.79
979.70 23.54 16.30 11.86 324.96 202.95 17.93 0.00
0.00 349.06
965.70 22.94 15.64 11.04 324.63 194.53 16.26 0.00
0.00 474.59
947.80 21.74 14.77 10.24 324.20 185.48 14.24 0.00
0.00 637.25
926.50 20.44 13.24 8.18 322.23 175.24 14.02 0.00
0.00 833.94
903.20 18.84 11.42 5.64 319.84 169.11 15.42 -0.10
0.00 1053.13
877.90 16.84 10.34 5.19 320.18 171.19 13.95 -0.10
0.00 1296.06
849.70 15.64 10.03 5.75 323.25 182.66 8.35 -0.10
0.00 1573.73
818.50 14.74 9.71 6.00 326.88 226.33 5.91 -0.10
0.00 1890.81
784.30 13.04 7.57 3.08 325.75 248.75 7.50 -0.10
0.00 2250.87
747.20 10.44 5.52 1.18 325.77 260.54 11.81 -0.10
0.00 2656.41
707.20 7.54 3.41 -0.47 326.50 268.11 17.68 0.00
0.00 3112.29
664.20 3.44 0.92 -1.58 327.26 277.92 22.55 0.10
0.00 3625.54
618.30 0.74 -4.75 -13.78 321.44 287.74 20.40 0.10
0.00 4203.75
570.00 -1.46 -8.96 -33.48 320.54 288.90 15.00 -0.10
0.00 4853.72
523.30 -5.76 -12.37 -41.65 322.49 266.82 10.51 -0.20
0.00 5528.28
481.20 -10.66 -15.93 -41.96 324.30 252.82 11.19 -0.10
0.00 6178.80
443.50 -14.96 -19.44 -50.96 326.04 261.38 12.98 0.00
0.00 6800.57
409.60 -18.86 -21.85 -35.63 329.90 270.00 11.07 0.20
0.00 7397.08
378.90 -22.96 -24.28 -29.27 333.51 302.97 8.57 0.20
0.00 7972.55
351.30 -26.56 -28.46 -41.10 333.70 302.31 15.64 0.10
0.00 8522.65
326.40 -30.76 -31.36 -34.69 336.17 286.13 24.48 0.00
0.00 9048.93
303.90 -35.16 -35.59 -38.80 336.21 286.28 27.72 -0.10
52.00 9551.25
283.80 -39.26 -39.72 -44.79 336.22 287.68 28.13 -0.10
4.00 10023.94
265.70 -42.36 -42.78 -48.85 337.75 274.11 32.52 0.00
2.00 10472.19
248.80 -44.96 -45.39 -53.96 339.99 265.48 34.50 0.00
0.00 10913.70
233.60 -47.56 -48.01 -61.80 341.97 265.68 33.51 0.00
0.00 11332.38
219.60 -49.86 -50.26 -67.41 344.43 270.66 33.61 0.00
0.00 11738.41
205.70 -52.36 -52.68 -67.88 346.99 273.48 35.22 0.10
0.00 12163.41
191.70 -54.16 -54.45 -73.19 351.12 278.44 35.74 0.10
0.00 12617.10
177.70 -55.96 -56.21 -73.70 355.86 283.28 35.53 0.10
0.00 13101.22
163.80 -58.66 -9999.00 -9999.00 -9999.00 288.53 37.30 0.10
0.00 13615.82
149.80 -60.96 -9999.00 -9999.00 -9999.00 299.38 33.66 0.00
0.00 14173.76
135.90 -62.66 -9999.00 -9999.00 -9999.00 291.80 19.87 -0.10
0.00 14776.18
121.90 -65.26 -65.36 -76.19 379.35 281.67 24.01 -0.10
0.00 15441.90
108.00 -64.36 -64.49 -76.97 394.40 296.57 22.59 0.00
0.00 16180.23
94.00 -62.86 -9999.00 -9999.00 -9999.00 309.69 11.87 0.00
0.00 17031.79
81.00 -61.66 -9999.00 -9999.00 -9999.00 290.22 7.87 0.00
0.00 17950.62
70.60 -60.06 -9999.00 -9999.00 -9999.00 16.70 2.02 0.00
0.00 18804.55
62.20 -59.46 -9999.00 -9999.00 -9999.00 40.60 7.17 0.00
0.00 19595.79
54.30 -57.76 -9999.00 -9999.00 -9999.00 68.63 14.39 0.00
0.00 20448.79
46.90 -56.96 -9999.00 -9999.00 -9999.00 65.22 16.69 0.00
0.00 21374.20
40.10 -54.86 -9999.00 -9999.00 -9999.00 67.25 19.58 0.00
0.00 22370.27
33.80 -53.06 -9999.00 -9999.00 -9999.00 87.32 20.80 0.00
0.00 23466.86
27.80 -50.96 -9999.00 -9999.00 -9999.00 80.86 17.11 0.00
0.00 24731.86
22.30 -47.66 -9999.00 -9999.00 -9999.00 74.40 22.38 0.00
0.00 26176.27
17.10 -45.06 -9999.00 -9999.00 -9999.00 66.12 25.91 0.00
0.00 27938.84
12.30 -42.36 -9999.00 -9999.00 -9999.00 69.02 30.38 0.00
0.00 30151.63

STID = KMDW STNM = 725340 TIME = 200808/1000 
SLAT = 41.78 SLON = -87.75 SELV = 183.0
STIM = 20

SHOW = 6.53 LIFT = 7.38 SWET = 99.73 KINX = 21.40
LCLP = 949.56 PWAT = 26.33 TOTL = 37.84 CAPE = 0.00
LCLT = 287.79 CINS = 0.00 EQLV = -9999.00 LFCT = -9999.00
BRCH = 0.00

PRES TMPC TMWC DWPC THTE DRCT SKNT OMEG
CFRL HGHT
997.80 18.74 16.63 15.41 323.89 191.89 3.77 0.00
0.00 192.48
994.90 20.14 16.50 14.37 323.80 201.80 12.55 0.00
0.00 217.57
989.40 22.04 16.43 13.07 324.21 202.46 15.77 0.00
0.00 265.60
980.00 23.24 16.12 11.71 324.33 204.94 18.41 0.00
0.00 348.72
966.00 22.74 15.39 10.67 323.76 198.43 17.81 0.00
0.00 474.09
948.10 21.64 14.27 9.28 322.55 190.01 16.76 0.00
0.00 636.58
926.80 20.24 12.56 6.84 320.09 181.35 16.51 -0.10
0.00 833.04
903.50 18.74 10.81 4.27 318.00 176.10 17.13 -0.10
0.00 1051.97
878.20 16.84 9.96 4.31 319.04 176.28 15.00 0.00
0.00 1294.70
850.00 15.54 9.98 5.74 323.08 192.65 9.75 0.00
0.00 1572.19
818.80 14.34 9.60 6.10 326.52 222.18 8.39 0.00
0.00 1888.89
784.60 12.54 7.66 3.75 326.02 233.13 8.74 0.00
0.00 2248.29
747.50 10.14 5.66 1.80 326.14 248.20 10.47 0.00
0.00 2653.16
707.40 7.94 3.38 -0.97 326.37 267.83 15.37 0.10
0.00 3110.11
664.40 3.54 1.27 -0.91 328.14 275.19 21.46 0.20
0.00 3623.68
618.40 0.34 -4.33 -11.32 322.44 285.95 18.38 0.10
0.00 4202.83
570.10 -1.56 -8.71 -29.06 321.14 290.35 12.84 0.10
0.00 4852.24
523.40 -5.66 -12.16 -37.91 322.93 264.29 9.75 0.00
0.00 5526.73
481.30 -10.46 -15.73 -40.22 324.68 249.65 12.84 0.00
0.00 6177.51
443.60 -14.66 -19.12 -46.01 326.64 260.91 14.76 0.10
0.00 6799.77
409.70 -18.66 -21.70 -35.63 330.14 259.14 14.43 0.10
0.00 7396.73
378.90 -22.76 -24.51 -31.91 333.07 278.13 10.99 0.00
0.00 7974.42
351.30 -26.76 -28.29 -36.94 334.03 287.53 15.48 0.00
0.00 8524.52
326.40 -31.46 -31.94 -34.69 335.20 281.31 21.79 -0.10
0.00 9049.85
304.00 -35.76 -35.96 -37.35 335.59 290.22 23.60 0.00
100.00 9548.52
283.80 -39.36 -39.88 -45.96 335.96 282.68 23.89 0.00
11.00 10022.79
265.70 -42.36 -42.80 -49.38 337.71 269.66 32.63 0.00
0.00 10470.94
248.80 -44.96 -45.44 -55.81 339.91 265.24 32.75 0.00
0.00 10912.43
233.60 -47.36 -47.84 -63.98 342.23 268.31 32.85 -0.10
0.00 11331.30
219.60 -49.66 -50.07 -67.41 344.73 268.37 34.21 -0.10
0.00 11737.69
205.70 -52.06 -52.39 -67.88 347.46 271.54 36.15 0.00
0.00 12163.16
191.70 -54.16 -54.45 -73.19 351.12 277.83 37.06 0.00
0.00 12617.16
177.70 -55.86 -56.12 -73.70 356.02 280.41 36.54 0.00
0.00 13101.39
163.80 -58.36 -9999.00 -9999.00 -9999.00 285.34 35.26 0.00
0.00 13616.47
149.80 -61.26 -9999.00 -9999.00 -9999.00 298.01 31.02 -0.10
0.00 14174.41
135.90 -63.06 -9999.00 -9999.00 -9999.00 290.08 19.23 -0.10
0.00 14775.84
121.90 -65.76 -65.85 -76.19 378.44 287.10 23.78 0.00
0.00 15440.12
108.00 -64.46 -64.59 -76.97 394.21 299.62 22.79 0.00
0.00 16177.39
94.00 -62.56 -9999.00 -9999.00 -9999.00 305.22 12.12 0.00
0.00 17029.36
81.00 -61.26 -9999.00 -9999.00 -9999.00 291.37 9.60 0.00
0.00 17949.72
70.60 -60.16 -9999.00 -9999.00 -9999.00 349.22 4.16 0.00
0.00 18804.25
62.20 -59.96 -9999.00 -9999.00 -9999.00 37.75 7.61 0.00
0.00 19594.37
54.30 -58.76 -9999.00 -9999.00 -9999.00 70.29 13.83 0.00
0.00 20444.39
46.90 -57.16 -9999.00 -9999.00 -9999.00 66.45 16.53 0.00
0.00 21367.23
40.10 -55.46 -9999.00 -9999.00 -9999.00 75.83 20.63 0.00
0.00 22361.46
33.80 -53.46 -9999.00 -9999.00 -9999.00 88.87 19.62 0.00
0.00 23455.55
27.80 -50.56 -9999.00 -9999.00 -9999.00 87.44 21.78 0.00
0.00 24720.55
22.30 -48.56 -9999.00 -9999.00 -9999.00 81.29 24.36 0.00
0.00 26163.35
17.10 -45.06 -9999.00 -9999.00 -9999.00 64.65 24.49 0.00
0.00 27922.42
12.30 -41.96 -9999.00 -9999.00 -9999.00 63.09 29.20 0.00
0.00 30137.14

STID = KMDW STNM = 725340 TIME = 200808/1100 
SLAT = 41.78 SLON = -87.75 SELV = 183.0
STIM = 21

SHOW = 6.37 LIFT = 8.33 SWET = 104.54 KINX = 20.90
LCLP = 952.69 PWAT = 25.85 TOTL = 38.03 CAPE = 0.00
LCLT = 287.65 CINS = 0.00 EQLV = -9999.00 LFCT = -9999.00
BRCH = 0.00

PRES TMPC TMWC DWPC THTE DRCT SKNT OMEG
CFRL HGHT
998.00 18.34 16.38 15.22 323.03 183.01 3.69 0.00
0.00 192.46
995.00 19.64 16.23 14.20 322.89 198.14 11.85 0.00
0.00 218.37
989.50 21.84 16.10 12.59 323.12 200.30 15.11 0.00
0.00 266.34
980.10 23.14 15.72 10.98 323.00 203.20 17.75 0.00
0.00 349.38
966.20 22.74 14.56 8.92 321.05 195.20 18.51 0.00
0.00 473.77
948.30 21.64 13.41 7.38 319.79 188.62 19.44 0.00
0.00 636.13
927.00 20.14 12.15 5.97 318.81 185.71 19.52 -0.10
0.00 832.44
903.70 18.54 10.58 3.90 317.32 182.41 18.47 -0.10
0.00 1051.17
878.40 17.04 9.79 3.68 318.48 179.30 15.93 -0.10
0.00 1293.82
850.20 15.64 10.12 5.95 323.46 195.07 10.47 -0.10
0.00 1571.38
818.90 14.34 9.66 6.22 326.69 217.87 8.86 -0.10
0.00 1889.10
784.70 12.64 7.80 3.95 326.39 225.00 8.80 -0.10
0.00 2248.54
747.60 10.44 5.96 2.18 326.96 243.84 12.33 0.00
0.00 2653.67
707.50 8.14 3.27 -1.46 326.05 265.29 16.57 0.00
0.00 3110.96
664.50 3.74 0.98 -1.76 327.36 274.76 18.71 0.10
0.00 3624.75
618.50 0.14 -4.19 -10.48 322.76 284.36 16.43 0.10
0.00 4203.78
570.20 -1.66 -8.54 -26.69 321.52 283.54 10.78 0.00
0.00 4852.78
523.40 -5.66 -11.99 -34.61 323.33 253.50 10.94 -0.10
0.00 5528.59
481.30 -10.36 -15.58 -38.39 324.99 249.44 13.29 0.00
0.00 6179.53
443.60 -14.26 -18.69 -41.83 327.45 263.33 15.05 0.10
0.00 6802.40
409.70 -18.46 -21.48 -34.77 330.55 258.69 15.85 0.20
0.00 7400.09
378.90 -22.66 -24.75 -34.58 332.62 267.40 12.84 0.10
0.00 7978.10
351.30 -27.06 -28.31 -34.80 334.02 275.55 14.04 0.10
0.00 8527.96
326.40 -31.66 -32.05 -34.21 335.03 276.12 16.41 0.00
100.00 9052.78
304.00 -35.86 -36.27 -39.48 335.08 287.68 18.55 0.00
100.00 9551.13
283.80 -39.06 -39.77 -49.37 336.11 274.64 28.85 0.00
0.00 10025.57
265.70 -42.66 -43.15 -51.18 337.15 271.36 32.83 -0.10
0.00 10473.71
248.80 -45.06 -45.61 -59.58 339.63 268.30 32.65 -0.10
0.00 10914.81
233.60 -47.36 -47.87 -66.97 342.19 266.42 34.25 0.00
0.00 11333.58
219.60 -49.66 -50.07 -67.41 344.73 266.62 36.19 0.00
0.00 11739.97
205.70 -52.06 -52.39 -67.88 347.46 268.46 36.15 0.00
0.00 12165.44
191.70 -53.96 -54.26 -73.19 351.44 274.66 35.86 0.10
0.00 12619.65
177.70 -55.86 -56.12 -73.70 356.02 279.72 35.66 0.10
0.00 13104.10
163.80 -58.36 -9999.00 -9999.00 -9999.00 284.81 34.97 0.00
0.00 13619.18
149.80 -61.46 -9999.00 -9999.00 -9999.00 297.27 28.40 0.00
0.00 14176.86
135.90 -63.36 -9999.00 -9999.00 -9999.00 288.08 20.03 0.00
0.00 14777.57
121.90 -65.56 -65.65 -76.19 378.80 286.41 26.13 0.00
0.00 15441.69
108.00 -64.16 -64.30 -76.97 394.78 307.71 23.82 0.00
0.00 16179.85
94.00 -62.26 -9999.00 -9999.00 -9999.00 305.96 12.24 0.00
0.00 17033.04
81.00 -61.36 -9999.00 -9999.00 -9999.00 300.41 10.35 0.00
0.00 17953.83
70.60 -60.66 -9999.00 -9999.00 -9999.00 2.12 5.24 0.00
0.00 18807.15
62.20 -59.96 -9999.00 -9999.00 -9999.00 51.77 8.16 0.00
0.00 19596.35
54.30 -58.76 -9999.00 -9999.00 -9999.00 70.46 12.78 0.00
0.00 20446.37
46.90 -56.66 -9999.00 -9999.00 -9999.00 67.17 16.03 0.00
0.00 21370.28
40.10 -55.86 -9999.00 -9999.00 -9999.00 80.80 20.67 0.00
0.00 22364.74
33.80 -53.96 -9999.00 -9999.00 -9999.00 80.64 17.91 0.00
0.00 23456.58
27.80 -50.86 -9999.00 -9999.00 -9999.00 81.34 20.63 0.00
0.00 24719.29
22.30 -47.96 -9999.00 -9999.00 -9999.00 82.15 22.75 0.00
0.00 26163.06
17.10 -44.66 -9999.00 -9999.00 -9999.00 68.54 24.42 0.00
0.00 27926.01
12.30 -41.56 -9999.00 -9999.00 -9999.00 67.60 31.10 0.00
0.00 30144.59
STN YYMMDD/HHMM PMSL PRES SKTC STC1 SNFL WTNS
P01M C01M STC2 LCLD MCLD HCLD
SNRA UWND VWND R01M BFGR T2MS
Q2MS WXTS WXTP WXTZ WXTR USTM
VSTM HLCY SLLH WSYM CDBP VSBK
TD2M
725340 200807/1400 1021.00 999.50 23.54 296.70 -9999.00 0.00
-9999.00 -9999.00 295.90 0.00 0.00 0.00
-9999.00 -0.40 0.30 -9999.00 -9999.00 21.14
12.30 0.00 0.00 0.00 0.00 -1.40
-9.40 -6.50 -9999.00 999.00 -9999.00 20.00
16.95
725340 200807/1500 1020.80 999.30 27.04 300.20 0.00 100.00
0.00 0.00 299.00 4.00 0.00 0.00
-9999.00 -1.20 -0.30 -9999.00 -9999.00 23.14
11.94 0.00 0.00 0.00 0.00 -0.50
-9.40 -11.00 -9999.00 999.00 -9999.00 20.00
16.48
725340 200807/1600 1021.40 999.90 32.94 306.10 0.00 100.00
0.00 0.00 304.10 8.00 0.00 0.00
-9999.00 -2.40 -0.20 -9999.00 -9999.00 25.14
10.12 0.00 0.00 0.00 0.00 -0.30
-9.20 -12.70 -9999.00 999.00 -9999.00 20.00
13.97
725340 200807/1700 1021.00 999.60 36.14 309.30 0.00 100.00
0.00 0.00 307.40 11.00 0.00 0.00
-9999.00 -3.20 -0.10 -9999.00 -9999.00 26.24
9.34 0.00 0.00 0.00 0.00 -0.60
-8.90 -4.00 -9999.00 999.00 -9999.00 20.00
12.75
725340 200807/1800 1020.70 999.40 37.44 310.60 0.00 100.00
0.00 0.00 309.00 5.00 0.00 0.00
-9999.00 -3.80 0.10 -9999.00 -9999.00 27.04
8.80 0.00 0.00 0.00 0.00 -1.00
-8.20 18.70 -9999.00 999.00 -9999.00 20.00
11.85
725340 200807/1900 1021.20 999.80 38.14 311.30 0.00 100.00
0.00 0.00 309.90 0.00 8.00 0.00
-9999.00 -3.60 0.20 -9999.00 -9999.00 27.74
8.38 0.00 0.00 0.00 0.00 -1.20
-7.50 36.80 -9999.00 999.00 -9999.00 20.00
11.13
725340 200807/2000 1020.00 998.70 38.04 311.20 0.00 100.00
0.00 0.00 310.10 4.00 14.00 0.00
-9999.00 -3.30 0.10 -9999.00 -9999.00 28.34
8.03 0.00 0.00 0.00 0.00 -1.20
-7.00 41.90 -9999.00 999.00 -9999.00 20.00
10.48
725340 200807/2100 1018.90 997.60 37.04 310.20 0.00 100.00
0.00 0.00 309.40 9.00 0.00 0.00
-9999.00 -3.20 0.20 -9999.00 -9999.00 28.54
7.84 0.00 0.00 0.00 0.00 -1.60
-6.30 42.00 -9999.00 999.00 -9999.00 20.00
10.11
725340 200807/2200 1018.90 997.60 35.04 308.20 0.00 100.00
0.00 0.00 307.90 2.00 3.00 0.00
-9999.00 -3.30 0.40 -9999.00 -9999.00 28.54
7.85 0.00 0.00 0.00 0.00 -1.60
-6.20 39.70 -9999.00 999.00 -9999.00 20.00
10.13
725340 200807/2300 1019.60 998.30 32.34 305.50 0.00 100.00
0.00 0.00 305.70 0.00 100.00 0.00
-9999.00 -3.30 0.70 -9999.00 -9999.00 28.24
7.97 0.00 0.00 0.00 0.00 -1.30
-6.20 38.80 -9999.00 999.00 -9999.00 20.00
10.37
725340 200808/0000 1019.50 998.20 29.04 302.20 0.00 100.00
0.00 0.00 302.80 0.00 100.00 100.00
-9999.00 -2.90 0.90 -9999.00 -9999.00 27.34
8.29 0.00 0.00 0.00 0.00 -1.10
-6.50 38.40 -9999.00 999.00 -9999.00 20.00
10.95
725340 200808/0100 1019.30 998.00 25.54 298.70 0.00 100.00
0.00 0.00 299.50 0.00 28.00 0.00
-9999.00 -2.30 1.00 -9999.00 -9999.00 25.64
9.06 0.00 0.00 0.00 0.00 -2.20
-5.80 30.40 -9999.00 999.00 -9999.00 20.00
12.27
725340 200808/0200 1019.70 998.30 23.54 296.70 0.00 100.00
0.00 0.00 297.50 0.00 100.00 0.00
-9999.00 -1.50 0.90 -9999.00 -9999.00 23.84
10.22 0.00 0.00 0.00 0.00 -3.30
-4.20 10.40 -9999.00 999.00 -9999.00 20.00
14.09
725340 200808/0300 1020.20 998.80 22.24 295.40 0.00 100.00
0.00 0.00 296.10 0.00 100.00 0.00
-9999.00 -1.50 1.10 -9999.00 -9999.00 22.64
11.26 0.00 0.00 0.00 0.00 -3.40
-3.90 9.80 -9999.00 999.00 -9999.00 20.00
15.58
725340 200808/0400 1020.50 999.00 21.14 294.30 0.00 100.00
0.00 0.00 295.00 0.00 66.00 0.00
-9999.00 -1.50 1.10 -9999.00 -9999.00 21.64
12.06 0.00 0.00 0.00 0.00 -3.00
-4.10 24.00 -9999.00 999.00 -9999.00 20.00
16.63
725340 200808/0500 1020.10 998.60 20.14 293.30 0.00 100.00
0.00 0.00 293.90 0.00 100.00 0.00
-9999.00 -1.50 1.50 -9999.00 -9999.00 20.84
12.41 0.00 0.00 0.00 0.00 -2.50
-4.10 27.90 -9999.00 999.00 -9999.00 20.00
17.07
725340 200808/0600 1020.20 998.70 19.54 292.70 0.00 100.00
0.00 0.00 293.20 0.00 100.00 0.00
-9999.00 -1.30 1.50 -9999.00 -9999.00 20.04
12.60 0.00 0.00 0.00 0.00 -1.30
-4.50 24.00 -9999.00 999.00 -9999.00 20.00
17.31
725340 200808/0700 1020.50 999.00 18.94 292.10 0.00 100.00
0.00 0.00 292.60 0.00 100.00 0.00
-9999.00 -0.70 1.80 -9999.00 -9999.00 19.54
12.48 0.00 0.00 0.00 0.00 -0.90
-4.20 7.30 -9999.00 999.00 -9999.00 20.00
17.16
725340 200808/0800 1019.80 998.20 18.34 291.50 0.00 100.00
0.00 0.00 291.90 0.00 24.00 0.00
-9999.00 0.20 2.00 -9999.00 -9999.00 18.94
12.07 0.00 0.00 0.00 0.00 -1.00
-3.30 -2.80 -9999.00 999.00 -9999.00 20.00
16.63
725340 200808/0900 1020.20 998.60 17.74 290.90 0.00 100.00
0.00 0.00 291.30 0.00 52.00 0.00
-9999.00 0.50 2.00 -9999.00 -9999.00 18.34
11.69 0.00 0.00 0.00 0.00 -1.20
-2.40 11.30 -9999.00 999.00 -9999.00 20.00
16.15
725340 200808/1000 1020.50 998.90 17.24 290.40 0.00 100.00
0.00 0.00 290.80 0.00 100.00 0.00
-9999.00 0.70 2.00 -9999.00 -9999.00 17.84
11.46 0.00 0.00 0.00 0.00 -1.40
-1.80 18.60 -9999.00 999.00 -9999.00 20.00
15.85
725340 200808/1100 1020.70 999.10 16.84 290.00 0.00 100.00
0.00 0.00 290.40 0.00 100.00 0.00
-9999.00 0.50 2.00 -9999.00 -9999.00 17.44
11.29 0.00 0.00 0.00 0.00 -1.50
-1.10 30.10 -9999.00 999.00 -9999.00 20.00
15.62


