
SNPARM = PRES;TMPC;TMWC;DWPC;THTE;DRCT;SKNT;OMEG;CFRL;HGHT 
STNPRM = SHOW;LIFT;SWET;KINX;LCLP;PWAT;TOTL;CAPE;LCLT;CINS;EQLV;LFCT;BRCH 

STID = KMDW STNM = 725340 TIME = 200809/0000 
SLAT = 41.78 SLON = -87.75 SELV = 183.0
STIM = 0

SHOW = -3.06 LIFT = -5.89 SWET = 258.93 KINX = 32.52
LCLP = 887.03 PWAT = 42.48 TOTL = 51.78 CAPE = 1146.28
LCLT = 291.73 CINS = -88.27 EQLV = 230.66 LFCT = 701.16
BRCH = 45.97

PRES TMPC TMWC DWPC THTE DRCT SKNT OMEG
CFRL HGHT
995.30 28.34 22.76 20.44 347.70 176.99 7.40 0.00
0.00 191.94
992.20 27.94 22.56 20.32 347.34 175.99 11.09 0.00
0.00 219.71
986.80 27.34 22.29 20.17 347.00 176.53 12.84 0.00
0.00 268.20
977.30 26.54 21.91 19.95 346.85 177.58 13.81 0.10
0.00 353.95
963.40 25.24 21.36 19.70 346.69 180.00 14.37 0.10
0.00 480.49
945.40 23.44 20.73 19.55 346.88 183.01 14.78 0.10
0.00 646.23
924.00 21.44 19.89 19.18 346.78 187.40 15.07 0.20
0.00 846.16
900.70 19.64 19.07 18.77 347.19 203.01 15.40 0.30
11.00 1067.74
875.40 18.44 17.26 16.66 344.03 225.50 15.79 0.30
18.00 1313.55
847.20 18.34 14.77 12.83 339.21 242.35 13.81 0.30
0.00 1595.07
816.10 17.34 12.42 9.41 335.95 246.32 12.08 0.20
0.00 1915.57
782.10 15.54 10.12 6.41 333.84 241.11 12.86 0.00
0.00 2278.13
745.20 13.24 7.86 3.79 332.84 242.28 12.94 -0.20
0.00 2686.70
705.40 9.94 5.04 0.87 331.27 241.86 9.48 -0.30
0.00 3145.91
662.60 6.94 2.04 -2.80 330.35 274.09 5.46 -0.30
0.00 3663.49
617.00 3.14 -1.48 -6.90 329.44 321.55 8.43 -0.10
0.00 4245.59
568.90 -2.26 -5.45 -9.80 329.00 320.91 12.00 0.10
0.00 4896.95
522.30 -7.76 -10.68 -16.16 326.68 317.73 17.33 0.20
0.00 5568.81
480.40 -12.26 -15.00 -21.78 326.65 302.57 16.59 0.20
0.00 6213.59
442.90 -15.76 -17.78 -23.19 329.65 272.83 15.75 0.10
0.00 6830.61
409.10 -18.56 -21.93 -39.96 329.81 264.47 18.14 0.10
0.00 7425.75
378.50 -22.06 -25.24 -56.22 331.64 264.02 20.51 0.10
0.00 8001.19
351.00 -25.96 -28.51 -58.62 333.56 259.08 22.55 0.10
0.00 8551.29
326.20 -29.56 -31.58 -57.43 335.70 252.86 24.40 0.10
0.00 9077.63
303.80 -33.06 -34.62 -56.53 337.71 253.66 26.92 0.00
0.00 9581.26
283.70 -36.46 -37.71 -60.30 339.42 253.51 30.79 0.00
0.00 10058.93
265.60 -39.66 -40.63 -60.81 341.20 251.06 34.71 0.00
0.00 10512.60
248.80 -42.46 -43.25 -63.51 343.42 254.21 38.56 0.00
0.00 10956.52
233.60 -45.26 -45.90 -66.97 345.37 259.67 40.07 0.00
0.00 11379.62
219.60 -48.06 -48.56 -67.41 347.20 264.26 38.85 0.00
0.00 11789.36
205.70 -50.46 -50.89 -72.71 349.93 265.96 35.84 0.10
0.00 12217.90
191.70 -52.26 -52.63 -73.19 354.16 264.43 32.01 0.10
0.00 12675.51
177.70 -54.46 -54.77 -73.70 358.32 263.95 29.49 0.00
0.00 13163.40
163.80 -57.46 -57.69 -74.24 361.72 266.75 27.43 0.00
0.00 13681.22
149.80 -60.86 -61.02 -74.84 365.22 268.33 26.63 0.00
0.00 14240.86
135.90 -64.06 -64.17 -75.48 369.87 270.38 29.14 0.00
0.00 14841.44
121.90 -65.86 -65.95 -76.19 378.25 279.32 25.19 0.00
0.00 15503.98
108.00 -65.66 -9999.00 -9999.00 -9999.00 280.49 16.01 0.00
0.00 16238.94
94.00 -64.26 -9999.00 -9999.00 -9999.00 280.30 10.86 0.00
0.00 17085.01
81.00 -62.06 -9999.00 -9999.00 -9999.00 245.77 4.25 0.00
0.00 17999.92
70.60 -60.06 -9999.00 -9999.00 -9999.00 192.99 2.58 0.00
0.00 18853.05
62.20 -59.16 -9999.00 -9999.00 -9999.00 111.80 4.18 0.00
0.00 19644.84
54.30 -57.66 -9999.00 -9999.00 -9999.00 43.45 5.09 0.00
0.00 20498.64
46.90 -55.86 -9999.00 -9999.00 -9999.00 43.70 12.08 0.00
0.00 21426.62
40.10 -55.26 -9999.00 -9999.00 -9999.00 65.12 14.78 0.00
0.00 22424.29
33.80 -53.96 -9999.00 -9999.00 -9999.00 72.84 13.83 0.00
0.00 23517.63
27.80 -50.96 -9999.00 -9999.00 -9999.00 73.37 15.62 0.00
0.00 24780.06
22.30 -47.36 -9999.00 -9999.00 -9999.00 71.57 20.28 0.00
0.00 26225.44
17.10 -43.86 -9999.00 -9999.00 -9999.00 68.75 26.26 0.00
0.00 27993.83
12.30 -41.86 -9999.00 -9999.00 -9999.00 74.31 29.45 0.00
0.00 30214.82

STID = KMDW STNM = 725340 TIME = 200809/0100 
SLAT = 41.78 SLON = -87.75 SELV = 183.0
STIM = 1

SHOW = -2.89 LIFT = -6.25 SWET = 252.15 KINX = 31.78
LCLP = 907.52 PWAT = 42.22 TOTL = 51.98 CAPE = 1248.36
LCLT = 292.54 CINS = -88.79 EQLV = 227.08 LFCT = 709.90
BRCH = 46.75

PRES TMPC TMWC DWPC THTE DRCT SKNT OMEG
CFRL HGHT
995.70 27.24 22.74 20.89 347.63 181.51 7.38 0.00
0.00 191.91
992.60 27.04 22.61 20.77 347.50 181.94 11.46 0.00
0.00 219.58
987.20 26.54 22.38 20.64 347.34 183.22 13.81 0.10
0.00 267.93
977.70 25.74 22.00 20.43 347.21 184.88 15.99 0.10
0.00 353.44
963.70 24.54 21.46 20.15 347.10 187.13 17.23 0.10
0.00 480.55
945.80 23.04 20.79 19.81 347.09 190.70 17.79 0.10
0.00 645.04
924.40 21.14 19.96 19.41 347.02 197.43 17.50 0.10
0.00 844.67
901.00 19.44 18.99 18.74 346.80 214.41 17.19 0.30
18.00 1066.94
875.60 18.34 17.04 16.38 343.14 233.53 16.67 0.40
22.00 1313.51
847.40 18.64 14.48 12.16 338.10 249.94 13.03 0.40
0.00 1595.00
816.30 17.54 11.95 8.37 334.28 256.46 10.78 0.20
0.00 1915.59
782.30 15.64 9.64 5.33 332.23 252.47 11.62 0.10
0.00 2278.12
745.30 13.14 7.12 2.25 330.57 248.37 12.12 -0.10
0.00 2687.56
705.50 9.84 4.58 -0.11 329.91 238.24 9.60 -0.30
0.00 3146.39
662.80 6.34 1.92 -2.40 330.04 248.63 4.80 -0.30
0.00 3661.96
617.10 2.74 -1.80 -7.25 328.63 315.00 5.77 -0.20
0.00 4244.16
569.00 -2.46 -5.31 -9.10 329.31 319.90 9.65 0.10
0.00 4894.71
522.40 -8.16 -9.55 -11.72 329.10 319.40 16.12 0.30
0.00 5565.91
480.40 -12.46 -14.68 -19.74 327.30 302.01 14.67 0.30
0.00 6211.67
442.90 -15.86 -18.60 -27.47 328.04 267.06 15.17 0.10
0.00 6828.30
409.10 -18.46 -21.95 -41.77 329.75 260.03 17.95 -0.10
0.00 7423.35
378.50 -22.06 -25.16 -51.31 331.81 261.21 21.62 -0.20
0.00 7998.90
351.00 -25.96 -28.45 -54.07 333.69 257.42 24.09 -0.10
0.00 8549.02
326.20 -29.56 -31.49 -52.57 335.87 253.82 26.50 -0.10
0.00 9075.37
303.80 -33.16 -34.69 -55.27 337.62 253.30 28.40 -0.10
0.00 9578.90
283.70 -36.76 -37.95 -58.54 339.03 252.13 31.02 -0.10
0.00 10056.18
265.60 -39.86 -40.81 -60.81 340.91 252.16 35.51 -0.10
0.00 10509.37
248.80 -42.66 -43.44 -63.51 343.12 257.47 39.39 0.00
0.00 10952.91
233.60 -45.36 -45.97 -63.98 345.26 263.42 40.68 0.00
0.00 11375.73
219.60 -48.06 -48.56 -67.41 347.20 267.77 39.86 0.10
0.00 11785.38
205.70 -50.56 -50.96 -67.88 349.82 270.30 36.52 0.10
0.00 12213.82
191.70 -52.36 -52.70 -68.39 354.05 270.35 32.25 0.10
0.00 12671.23
177.70 -54.26 -54.57 -73.70 358.64 268.05 28.57 0.00
0.00 13159.23
163.80 -57.16 -57.40 -74.24 362.22 266.27 26.86 0.00
0.00 13677.65
149.80 -60.66 -60.82 -74.84 365.57 265.94 27.47 0.00
0.00 14237.95
135.90 -64.26 -64.36 -75.48 369.52 271.78 31.29 0.00
0.00 14838.52
121.90 -66.06 -66.15 -76.19 377.89 283.03 26.71 0.00
0.00 15500.42
108.00 -65.26 -9999.00 -9999.00 -9999.00 281.89 15.09 0.00
0.00 16235.74
94.00 -64.16 -9999.00 -9999.00 -9999.00 271.08 10.30 0.00
0.00 17082.83
81.00 -61.86 -9999.00 -9999.00 -9999.00 249.68 5.59 0.00
0.00 17998.39
70.60 -60.06 -9999.00 -9999.00 -9999.00 240.95 2.00 0.00
0.00 18851.92
62.20 -59.26 -9999.00 -9999.00 -9999.00 90.00 2.53 0.00
0.00 19643.53
54.30 -57.96 -9999.00 -9999.00 -9999.00 35.36 7.38 0.00
0.00 20496.53
46.90 -57.26 -9999.00 -9999.00 -9999.00 48.01 13.07 0.00
0.00 21420.87
40.10 -56.66 -9999.00 -9999.00 -9999.00 67.25 13.05 0.00
0.00 22412.12
33.80 -54.26 -9999.00 -9999.00 -9999.00 72.65 13.03 0.00
0.00 23501.21
27.80 -50.36 -9999.00 -9999.00 -9999.00 69.29 17.04 0.00
0.00 24764.49
22.30 -46.76 -9999.00 -9999.00 -9999.00 68.65 22.94 0.00
0.00 26213.74
17.10 -43.86 -9999.00 -9999.00 -9999.00 69.98 28.94 0.00
0.00 27984.47
12.30 -42.16 -9999.00 -9999.00 -9999.00 70.35 28.88 0.00
0.00 30204.01

STID = KMDW STNM = 725340 TIME = 200809/0200 
SLAT = 41.78 SLON = -87.75 SELV = 183.0
STIM = 2

SHOW = -1.77 LIFT = -5.97 SWET = 208.95 KINX = 29.68
LCLP = 927.21 PWAT = 41.72 TOTL = 50.43 CAPE = 1293.60
LCLT = 293.35 CINS = -80.51 EQLV = 223.48 LFCT = 717.04
BRCH = 39.00

PRES TMPC TMWC DWPC THTE DRCT SKNT OMEG
CFRL HGHT
995.80 26.24 22.78 21.36 347.80 186.01 7.42 0.00
0.00 192.77
992.90 26.04 22.63 21.22 347.58 185.36 12.49 0.00
0.00 218.57
987.40 25.64 22.41 21.07 347.49 186.75 14.86 0.00
0.00 267.66
977.90 24.94 22.03 20.81 347.33 188.30 18.84 0.00
0.00 352.93
963.90 23.94 21.51 20.46 347.25 190.45 20.34 0.00
0.00 479.74
946.00 22.54 20.95 20.25 347.74 193.91 21.02 0.00
0.00 643.93
924.50 20.84 20.28 19.99 348.35 205.82 20.07 0.10
0.00 844.25
901.10 19.14 18.99 18.86 346.76 220.54 19.42 0.10
32.00 1066.31
875.80 18.14 16.89 16.25 342.53 233.38 17.91 0.20
22.00 1311.66
847.50 18.94 14.04 11.20 336.48 249.94 13.03 0.10
0.00 1594.08
816.40 17.74 11.50 7.33 332.74 261.25 10.22 -0.10
0.00 1914.79
782.40 15.34 9.49 5.27 331.78 263.29 9.98 -0.20
0.00 2277.15
745.50 12.94 6.89 1.90 329.85 261.09 10.02 -0.30
0.00 2685.02
705.60 9.74 4.01 -1.39 328.30 245.66 8.95 -0.20
0.00 3144.58
662.90 6.04 1.76 -2.45 329.61 245.38 5.13 -0.10
0.00 3659.63
617.20 2.44 -1.90 -7.11 328.38 308.99 5.24 0.00
0.00 4241.11
569.10 -2.56 -5.24 -8.77 329.45 316.68 9.34 0.30
0.00 4891.10
522.40 -7.86 -9.42 -11.85 329.38 317.63 15.00 0.50
0.00 5563.95
480.50 -11.86 -14.62 -21.21 327.37 300.51 12.63 0.40
0.00 6209.16
442.90 -15.36 -19.03 -34.40 327.13 272.73 16.34 0.20
0.00 6828.57
409.10 -18.26 -21.95 -45.53 329.71 270.00 18.84 0.00
0.00 7424.34
378.50 -22.06 -25.14 -50.40 331.85 267.90 21.19 0.00
0.00 8000.10
351.00 -25.96 -28.33 -48.76 333.93 263.51 24.05 0.10
0.00 8550.23
326.20 -29.66 -31.49 -49.41 335.89 262.93 26.83 0.20
0.00 9076.49
303.80 -33.36 -34.86 -55.27 337.33 258.92 28.30 0.20
0.00 9579.71
283.70 -37.06 -38.22 -58.54 338.60 255.78 30.05 0.20
0.00 10056.49
265.60 -40.16 -41.08 -60.81 340.47 257.37 34.63 0.20
0.00 10509.10
248.80 -42.86 -43.60 -61.32 342.87 262.50 37.22 0.20
0.00 10952.16
233.60 -45.46 -46.07 -63.98 345.11 266.77 37.94 0.20
0.00 11374.71
219.60 -48.16 -48.65 -67.41 347.05 270.00 36.52 0.20
0.00 11784.18
205.70 -50.46 -50.86 -67.88 349.98 272.41 32.26 0.10
0.00 12212.62
191.70 -52.06 -52.41 -68.39 354.53 271.61 27.60 0.00
0.00 12670.44
177.70 -53.96 -54.29 -73.70 359.14 265.13 25.16 -0.10
0.00 13159.11
163.80 -56.96 -57.20 -74.24 362.56 261.25 25.54 -0.10
0.00 13678.12
149.80 -60.76 -60.92 -74.84 365.40 263.48 27.37 -0.10
0.00 14238.55
135.90 -64.56 -64.66 -75.48 368.98 273.34 29.97 -0.10
0.00 14838.56
121.90 -66.06 -66.15 -76.19 377.89 284.26 24.46 0.00
0.00 15499.98
108.00 -64.66 -9999.00 -9999.00 -9999.00 272.56 13.03 0.00
0.00 16236.36
94.00 -63.76 -9999.00 -9999.00 -9999.00 259.78 12.04 0.00
0.00 17085.48
81.00 -61.66 -9999.00 -9999.00 -9999.00 261.03 7.48 0.00
0.00 18002.35
70.60 -60.36 -9999.00 -9999.00 -9999.00 276.34 3.52 0.00
0.00 18855.67
62.20 -59.86 -9999.00 -9999.00 -9999.00 18.43 1.22 0.00
0.00 19645.62
54.30 -58.76 -9999.00 -9999.00 -9999.00 31.18 8.62 0.00
0.00 20495.84
46.90 -57.86 -9999.00 -9999.00 -9999.00 49.13 13.36 0.00
0.00 21417.17
40.10 -56.36 -9999.00 -9999.00 -9999.00 61.39 14.61 0.00
0.00 22407.74
33.80 -53.36 -9999.00 -9999.00 -9999.00 65.50 16.86 0.00
0.00 23499.83
27.80 -49.66 -9999.00 -9999.00 -9999.00 65.34 20.94 0.00
0.00 24767.69
22.30 -46.36 -9999.00 -9999.00 -9999.00 68.59 26.09 0.00
0.00 26220.48
17.10 -43.56 -9999.00 -9999.00 -9999.00 73.26 26.98 0.00
0.00 27993.93
12.30 -41.66 -9999.00 -9999.00 -9999.00 73.34 27.78 0.00
0.00 30217.33

STID = KMDW STNM = 725340 TIME = 200809/0300 
SLAT = 41.78 SLON = -87.75 SELV = 183.0
STIM = 3

SHOW = -0.35 LIFT = -5.74 SWET = 159.97 KINX = 27.16
LCLP = 938.05 PWAT = 40.95 TOTL = 48.59 CAPE = 1181.53
LCLT = 293.64 CINS = -7.52 EQLV = 228.78 LFCT = 887.85
BRCH = 39.63

PRES TMPC TMWC DWPC THTE DRCT SKNT OMEG
CFRL HGHT
995.80 25.54 22.66 21.46 347.25 187.35 6.08 0.00
0.00 193.63
992.90 25.44 22.50 21.27 347.00 187.99 11.19 0.00
0.00 219.38
987.40 25.14 22.29 21.09 346.94 188.37 13.34 0.00
0.00 268.38
977.90 24.54 21.90 20.77 346.72 189.76 18.34 -0.10
0.00 353.52
964.00 23.74 21.37 20.35 346.66 191.42 20.61 -0.10
0.00 479.29
946.00 22.44 20.93 20.26 347.65 195.80 21.41 -0.20
0.00 644.29
924.60 20.74 20.46 20.29 349.13 206.32 20.59 -0.30
0.00 843.63
901.10 19.24 19.16 19.06 347.47 218.48 19.35 -0.20
100.00 1066.66
875.80 17.74 17.05 16.68 343.16 230.84 17.54 0.00
31.00 1311.92
847.50 19.04 13.22 9.62 333.62 254.67 12.49 0.10
0.00 1594.14
816.40 17.84 10.99 6.20 331.08 268.85 9.71 0.10
0.00 1914.81
782.40 15.24 9.40 5.15 331.48 267.40 8.55 0.00
0.00 2277.09
745.50 12.74 6.80 1.90 329.62 264.56 8.20 0.00
0.00 2684.74
705.70 9.84 3.69 -2.33 327.39 244.03 8.43 0.00
0.00 3143.00
662.90 5.94 1.57 -2.82 329.08 236.82 6.04 0.00
0.00 3659.14
617.20 2.34 -1.94 -7.07 328.29 294.44 4.70 0.00
0.00 4240.40
569.10 -2.56 -5.08 -8.33 329.83 312.27 8.66 0.10
0.00 4890.29
522.50 -7.66 -9.79 -13.31 328.55 319.97 12.68 0.10
0.00 5561.84
480.50 -11.56 -14.75 -22.88 327.08 303.39 10.24 0.10
0.00 6209.04
442.90 -14.86 -18.92 -37.94 327.25 287.27 15.05 0.10
0.00 6829.34
409.20 -17.86 -21.78 -50.64 329.92 285.69 17.95 0.10
0.00 7424.28
378.60 -21.86 -24.99 -50.39 332.09 276.91 19.37 0.20
0.00 8000.56
351.00 -25.86 -28.27 -49.47 334.03 276.23 21.50 0.30
0.00 8552.95
326.20 -29.56 -31.43 -50.10 335.99 272.35 23.72 0.30
0.00 9079.42
303.80 -33.36 -34.88 -56.53 337.29 260.75 25.39 0.30
0.00 9582.75
283.70 -37.06 -38.22 -58.54 338.60 257.47 28.65 0.20
0.00 10059.52
265.60 -39.96 -40.90 -60.81 340.76 262.83 32.69 0.10
0.00 10512.33
248.80 -42.66 -43.44 -63.51 343.12 267.02 33.64 0.10
0.00 10955.77
233.60 -45.36 -45.97 -63.98 345.26 269.34 33.61 0.00
0.00 11378.60
219.60 -47.96 -48.47 -67.41 347.36 270.70 31.86 0.00
0.00 11788.33
205.70 -50.26 -50.67 -67.88 350.29 270.78 28.36 -0.10
0.00 12217.16
191.70 -52.06 -52.41 -68.39 354.53 265.70 25.91 -0.10
0.00 12675.18
177.70 -54.16 -54.48 -73.70 358.81 257.29 26.48 -0.20
0.00 13163.63
163.80 -57.16 -57.40 -74.24 362.22 255.51 29.49 -0.20
0.00 13682.17
149.80 -61.16 -61.31 -74.84 364.71 260.13 31.74 -0.10
0.00 14241.81
135.90 -65.06 -65.15 -75.48 368.10 271.07 31.27 -0.10
0.00 14840.53
121.90 -66.16 -66.25 -76.19 377.71 280.19 25.27 0.00
0.00 15501.00
108.00 -64.46 -9999.00 -9999.00 -9999.00 259.56 15.02 0.00
0.00 16237.56
94.00 -64.16 -9999.00 -9999.00 -9999.00 259.14 14.43 0.00
0.00 17086.27
81.00 -62.26 -9999.00 -9999.00 -9999.00 278.75 7.67 0.00
0.00 18000.97
70.60 -61.16 -9999.00 -9999.00 -9999.00 292.38 3.57 0.00
0.00 18851.47
62.20 -59.96 -9999.00 -9999.00 -9999.00 354.81 2.14 0.00
0.00 19639.75
54.30 -58.76 -9999.00 -9999.00 -9999.00 41.19 10.33 0.00
0.00 20489.77
46.90 -57.56 -9999.00 -9999.00 -9999.00 56.73 14.88 0.00
0.00 21411.74
40.10 -55.96 -9999.00 -9999.00 -9999.00 64.01 17.29 0.00
0.00 22403.91
33.80 -53.26 -9999.00 -9999.00 -9999.00 67.03 19.41 0.00
0.00 23497.26
27.80 -50.46 -9999.00 -9999.00 -9999.00 68.82 23.12 0.00
0.00 24763.11
22.30 -47.96 -9999.00 -9999.00 -9999.00 74.85 26.77 0.00
0.00 26208.17
17.10 -44.46 -9999.00 -9999.00 -9999.00 77.94 26.03 0.00
0.00 27971.90
12.30 -41.66 -9999.00 -9999.00 -9999.00 75.00 30.77 0.00
0.00 30190.96

STID = KMDW STNM = 725340 TIME = 200809/0400 
SLAT = 41.78 SLON = -87.75 SELV = 183.0
STIM = 4

SHOW = 0.91 LIFT = -5.44 SWET = 138.41 KINX = 25.66
LCLP = 947.20 PWAT = 39.77 TOTL = 47.18 CAPE = 1171.64
LCLT = 293.99 CINS = -7.74 EQLV = 224.94 LFCT = 906.62
BRCH = 51.24

PRES TMPC TMWC DWPC THTE DRCT SKNT OMEG
CFRL HGHT
996.60 25.14 22.69 21.67 347.28 189.87 4.53 0.00
0.00 191.84
993.60 25.14 22.52 21.42 346.98 188.91 10.02 0.00
0.00 218.43
988.10 24.84 22.29 21.22 346.86 190.06 12.24 0.00
0.00 267.34
978.60 24.34 21.93 20.90 346.76 192.95 17.35 -0.10
0.00 352.36
964.60 23.74 21.45 20.46 346.89 195.79 19.99 -0.10
0.00 478.92
946.60 22.64 20.95 20.20 347.62 206.82 19.81 -0.10
0.00 643.88
925.20 21.04 20.00 19.50 347.03 219.66 19.17 -0.10
0.00 843.20
901.80 18.74 18.67 18.57 345.32 226.27 18.55 0.00
100.00 1064.96
876.30 18.04 15.75 14.54 338.16 237.06 16.43 0.00
51.00 1311.74
848.20 19.44 12.53 7.96 331.14 254.39 13.71 -0.10
0.00 1591.88
817.00 17.84 10.83 5.85 330.46 261.09 10.02 -0.20
0.00 1913.44
783.00 15.04 9.23 4.95 330.86 252.03 7.56 -0.30
0.00 2275.29
746.00 12.44 6.87 2.33 329.75 251.03 6.57 -0.30
0.00 2683.41
706.10 9.74 3.59 -2.50 327.03 239.04 7.93 -0.20
0.00 3142.23
663.30 5.84 1.37 -3.19 328.50 231.84 6.92 0.00
0.00 3657.86
617.60 2.34 -1.88 -6.92 328.36 289.18 4.74 0.10
0.00 4238.62
569.40 -2.66 -4.92 -7.76 330.17 315.00 8.51 0.10
0.00 4889.41
522.70 -7.76 -10.22 -14.53 327.58 322.93 10.96 0.10
0.00 5561.83
480.70 -11.46 -14.86 -23.89 326.79 301.76 9.60 0.00
0.00 6208.70
443.10 -14.96 -18.98 -37.64 327.12 293.72 14.01 0.10
0.00 6828.70
409.30 -17.56 -21.49 -47.40 330.45 294.26 15.13 0.10
0.00 7425.44
378.60 -21.36 -24.59 -49.57 332.79 284.89 15.87 0.20
0.00 8004.46
351.10 -25.36 -27.89 -50.22 334.63 284.74 19.08 0.20
0.00 8555.87
326.20 -29.36 -31.28 -50.86 336.23 276.74 21.52 0.20
0.00 9085.15
303.90 -33.16 -34.73 -57.99 337.50 264.56 24.59 0.10
0.00 9586.55
283.70 -36.86 -38.06 -60.30 338.85 266.05 28.22 -0.10
0.00 10066.02
265.60 -40.06 -40.99 -60.81 340.62 272.64 29.56 -0.10
0.00 10518.92
248.80 -42.96 -43.71 -63.51 342.67 272.59 30.15 -0.10
0.00 10961.98
233.60 -45.66 -46.25 -63.98 344.81 270.00 30.89 -0.10
0.00 11384.25
219.60 -48.26 -48.75 -67.41 346.89 267.80 30.32 -0.10
0.00 11793.45
205.70 -50.76 -51.15 -67.88 349.51 265.27 28.26 -0.10
0.00 12221.50
191.70 -52.76 -53.08 -68.39 353.41 260.27 27.58 -0.10
0.00 12678.29
177.70 -54.86 -55.15 -73.70 357.66 254.36 30.26 -0.10
0.00 13165.19
163.80 -57.76 -57.98 -74.24 361.22 254.14 34.13 0.00
0.00 13682.17
149.80 -61.76 -61.90 -74.84 363.68 259.46 33.99 0.00
0.00 14240.25
135.90 -65.06 -65.15 -75.48 368.10 269.62 29.14 0.10
0.00 14838.12
121.90 -65.26 -65.36 -76.19 379.35 277.25 21.54 0.10
0.00 15500.01
108.00 -63.76 -9999.00 -9999.00 -9999.00 251.31 13.95 0.00
0.00 16239.41
94.00 -63.76 -9999.00 -9999.00 -9999.00 270.00 12.82 0.00
0.00 17090.36
81.00 -61.96 -9999.00 -9999.00 -9999.00 308.42 7.19 0.00
0.00 18006.58
70.60 -61.16 -9999.00 -9999.00 -9999.00 328.24 4.80 0.00
0.00 18857.68
62.20 -60.26 -9999.00 -9999.00 -9999.00 15.42 5.85 0.00
0.00 19645.40
54.30 -59.66 -9999.00 -9999.00 -9999.00 55.36 13.00 0.00
0.00 20493.04
46.90 -57.96 -9999.00 -9999.00 -9999.00 77.05 17.35 0.00
0.00 21412.23
40.10 -55.76 -9999.00 -9999.00 -9999.00 80.63 19.09 0.00
0.00 22403.94
33.80 -52.96 -9999.00 -9999.00 -9999.00 80.72 20.47 0.00
0.00 23498.53
27.80 -50.36 -9999.00 -9999.00 -9999.00 80.29 21.87 0.00
0.00 24765.53
22.30 -47.36 -9999.00 -9999.00 -9999.00 76.20 22.80 0.00
0.00 26212.85
17.10 -43.76 -9999.00 -9999.00 -9999.00 69.44 24.90 0.00
0.00 27981.63
12.30 -41.96 -50.15 -89.89 812.42 70.17 30.36 0.00
0.00 30202.62

STID = KMDW STNM = 725340 TIME = 200809/0500 
SLAT = 41.78 SLON = -87.75 SELV = 183.0
STIM = 5

SHOW = 1.41 LIFT = -4.97 SWET = 135.42 KINX = 24.62
LCLP = 959.29 PWAT = 38.78 TOTL = 46.30 CAPE = 1151.08
LCLT = 294.31 CINS = -10.45 EQLV = 223.47 LFCT = 903.61
BRCH = 44.64

PRES TMPC TMWC DWPC THTE DRCT SKNT OMEG
CFRL HGHT
996.00 24.34 22.55 21.78 346.74 184.97 4.49 0.00
0.00 191.83
993.00 24.34 22.36 21.51 346.37 185.10 10.92 0.00
0.00 218.36
987.50 24.14 22.16 21.31 346.37 186.71 13.31 0.00
0.00 267.18
978.00 23.94 21.86 20.97 346.57 192.78 19.33 -0.10
0.00 352.10
964.00 23.44 21.34 20.43 346.53 196.84 22.13 -0.10
0.00 478.58
946.10 22.54 20.73 19.92 346.75 205.64 21.54 -0.20
0.00 642.60
924.60 21.04 19.68 19.05 345.82 216.75 19.15 -0.20
0.00 842.89
901.20 18.74 18.52 18.36 344.82 222.44 18.41 -0.20
45.00 1064.76
875.90 18.74 14.89 12.72 335.07 236.14 17.77 -0.10
0.00 1309.93
847.70 19.14 12.32 7.77 330.56 245.04 12.43 -0.10
0.00 1591.28
816.60 17.54 10.83 6.10 330.55 239.74 8.10 -0.10
0.00 1911.66
782.60 14.94 9.05 4.66 330.38 223.88 7.01 -0.10
0.00 2273.44
745.70 12.34 6.75 2.17 329.47 223.67 5.91 -0.10
0.00 2680.47
705.80 9.84 3.60 -2.59 327.10 230.39 7.30 0.10
0.00 3139.47
663.00 6.44 1.33 -4.04 328.39 241.82 6.18 0.30
0.00 3655.92
617.40 2.74 -1.62 -6.75 329.03 300.38 6.53 0.30
0.00 4236.64
569.20 -2.76 -5.07 -8.01 329.86 312.65 10.04 0.30
0.00 4888.00
522.50 -7.56 -10.86 -17.37 326.23 312.06 10.72 0.20
0.00 5560.68
480.60 -11.26 -15.07 -26.00 326.37 295.77 12.51 0.10
0.00 6206.55
443.00 -15.46 -18.97 -32.98 327.23 298.72 16.16 0.00
0.00 6826.33
409.20 -18.16 -21.67 -40.65 330.23 296.22 14.51 -0.10
0.00 7421.99
378.60 -21.36 -24.57 -48.80 332.83 286.39 13.77 -0.10
0.00 7998.54
351.00 -25.56 -27.99 -48.11 334.51 287.59 16.71 -0.10
0.00 8551.82
326.20 -29.76 -31.64 -51.68 335.63 280.55 20.16 -0.10
0.00 9078.40
303.90 -33.56 -35.07 -57.99 336.94 273.45 22.57 -0.10
0.00 9578.98
283.70 -37.36 -38.51 -60.30 338.13 277.07 23.68 -0.20
0.00 10057.54
265.60 -40.66 -41.56 -63.02 339.69 281.86 23.62 -0.20
0.00 10509.38
248.80 -43.56 -44.26 -63.51 341.78 278.51 24.94 -0.10
0.00 10951.29
233.60 -46.16 -46.72 -63.98 344.05 272.44 27.41 -0.10
0.00 11372.55
219.60 -48.66 -49.13 -67.41 346.28 266.84 28.21 0.00
0.00 11780.93
205.70 -50.96 -51.34 -67.88 349.19 262.22 27.25 0.10
0.00 12208.41
191.70 -52.66 -52.99 -68.39 353.57 256.80 28.92 0.10
0.00 12665.10
177.80 -54.66 -54.96 -73.70 357.93 253.65 33.80 0.10
0.00 13148.71
163.80 -57.86 -58.07 -74.24 361.05 256.19 35.80 0.10
0.00 13669.39
149.80 -61.56 -61.70 -74.84 364.02 262.96 31.70 0.10
0.00 14227.59
135.90 -64.06 -64.17 -75.48 369.87 272.54 26.24 0.10
0.00 14827.17
121.90 -64.46 -9999.00 -9999.00 -9999.00 276.71 19.95 0.00
0.00 15491.93
108.00 -63.96 -9999.00 -9999.00 -9999.00 253.94 13.34 0.00
0.00 16232.39
94.00 -64.26 -9999.00 -9999.00 -9999.00 275.81 11.52 0.00
0.00 17081.92
81.00 -63.06 -9999.00 -9999.00 -9999.00 307.69 5.40 0.00
0.00 17994.65
70.60 -62.26 -9999.00 -9999.00 -9999.00 329.04 1.13 0.00
0.00 18841.33
62.20 -61.06 -9999.00 -9999.00 -9999.00 71.57 4.91 0.00
0.00 19625.53
54.30 -59.46 -9999.00 -9999.00 -9999.00 86.53 12.84 0.00
0.00 20471.97
46.90 -57.26 -9999.00 -9999.00 -9999.00 92.54 17.50 0.00
0.00 21393.09
40.10 -54.76 -9999.00 -9999.00 -9999.00 79.19 17.60 0.00
0.00 22388.70
33.80 -52.36 -9999.00 -9999.00 -9999.00 73.24 18.86 0.00
0.00 23487.29
27.80 -49.96 -9999.00 -9999.00 -9999.00 71.38 18.86 0.00
0.00 24757.16
22.30 -46.26 -9999.00 -9999.00 -9999.00 70.16 20.03 0.00
0.00 26209.31
17.10 -42.66 -9999.00 -9999.00 -9999.00 76.40 24.79 0.00
0.00 27986.64
12.30 -41.66 -49.99 -89.89 813.47 72.00 32.67 0.00
0.00 30214.39

STID = KMDW STNM = 725340 TIME = 200809/0600 
SLAT = 41.78 SLON = -87.75 SELV = 183.0
STIM = 6

SHOW = 1.59 LIFT = -4.63 SWET = 128.94 KINX = 24.08
LCLP = 963.45 PWAT = 38.10 TOTL = 46.11 CAPE = 1066.76
LCLT = 294.27 CINS = -115.23 EQLV = 230.27 LFCT = 681.18
BRCH = 47.36

PRES TMPC TMWC DWPC THTE DRCT SKNT OMEG
CFRL HGHT
996.10 23.94 22.36 21.67 345.90 186.58 5.09 0.00
0.00 191.81
993.10 23.94 22.21 21.45 345.69 187.99 11.19 0.00
0.00 218.30
987.50 23.74 22.01 21.26 345.73 190.01 13.42 0.00
0.00 267.95
978.00 23.64 21.72 20.88 345.94 195.95 19.79 0.00
0.00 352.76
964.10 23.34 21.16 20.21 345.75 201.07 22.69 0.10
0.00 478.24
946.10 22.54 20.55 19.66 345.99 208.77 22.61 0.10
0.00 643.11
924.70 20.94 19.62 19.00 345.54 218.13 19.50 0.20
0.00 842.41
901.20 18.74 18.12 17.78 343.22 223.34 18.96 0.20
51.00 1065.14
875.90 19.44 14.75 12.07 334.58 231.03 17.00 0.20
5.00 1310.52
847.80 19.34 12.25 7.47 330.30 229.29 11.01 0.20
0.00 1591.25
816.70 17.44 10.84 6.19 330.55 214.05 8.68 0.20
0.00 1911.63
782.60 14.94 8.95 4.45 330.07 207.15 8.51 0.10
0.00 2274.38
745.70 12.34 6.60 1.81 329.00 211.22 7.50 0.10
0.00 2681.38
705.80 9.94 3.57 -2.80 327.00 225.00 7.96 0.20
0.00 3140.43
663.10 6.94 1.40 -4.48 328.53 248.50 6.90 0.30
0.00 3656.15
617.40 2.94 -1.47 -6.61 329.40 296.57 7.38 0.20
0.00 4238.82
569.20 -2.76 -5.35 -8.76 329.19 304.29 10.35 0.00
0.00 4890.38
522.60 -7.46 -11.26 -19.41 325.35 299.88 10.53 -0.10
0.00 5561.58
480.60 -11.26 -15.21 -27.07 326.07 302.99 13.21 0.00
0.00 6208.98
443.00 -15.56 -18.41 -27.59 328.37 312.84 14.57 0.10
0.00 6828.69
409.20 -18.46 -21.67 -37.07 330.29 303.02 13.91 0.20
0.00 7423.97
378.60 -21.26 -24.53 -50.39 332.88 288.20 14.92 0.20
0.00 8000.31
351.00 -25.76 -28.17 -48.76 334.20 287.43 17.50 0.20
0.00 8553.47
326.20 -30.06 -31.93 -53.57 335.14 279.91 20.32 0.10
0.00 9079.52
303.90 -34.06 -35.51 -57.99 336.23 276.51 22.28 0.00
0.00 9579.26
283.70 -37.76 -38.86 -60.30 337.56 281.73 21.04 0.00
0.00 10056.91
265.60 -40.96 -41.74 -56.36 339.43 285.26 17.72 0.00
0.00 10508.08
248.80 -43.56 -44.24 -61.32 341.82 276.58 20.34 0.00
0.00 10949.71
233.60 -45.96 -46.53 -63.98 344.35 270.84 26.61 0.10
0.00 11371.16
219.60 -48.56 -49.03 -67.41 346.43 265.07 27.10 0.10
0.00 11779.81
205.70 -50.66 -51.05 -67.88 349.66 260.27 27.58 0.10
0.00 12207.68
191.70 -52.26 -52.63 -73.19 354.16 255.79 30.87 0.00
0.00 12665.08
177.70 -54.66 -54.96 -73.70 357.99 255.19 34.97 0.00
0.00 13152.75
163.80 -58.06 -58.27 -74.24 360.72 260.11 33.92 0.00
0.00 13669.62
149.80 -61.56 -61.70 -74.84 364.02 265.72 28.63 0.00
0.00 14227.56
135.90 -63.96 -64.07 -75.48 370.05 271.88 23.72 0.00
0.00 14827.28
121.90 -64.56 -9999.00 -9999.00 -9999.00 274.86 18.32 0.00
0.00 15492.04
108.00 -64.56 -9999.00 -9999.00 -9999.00 250.67 11.73 0.00
0.00 16231.26
94.00 -64.86 -9999.00 -9999.00 -9999.00 261.53 9.23 0.00
0.00 17078.35
81.00 -63.46 -9999.00 -9999.00 -9999.00 258.69 2.97 0.00
0.00 17988.90
70.60 -61.86 -9999.00 -9999.00 -9999.00 164.05 1.42 0.00
0.00 18835.59
62.20 -60.06 -9999.00 -9999.00 -9999.00 85.60 5.07 0.00
0.00 19622.38
54.30 -57.96 -9999.00 -9999.00 -9999.00 93.37 9.93 0.00
0.00 20473.79
46.90 -56.16 -9999.00 -9999.00 -9999.00 81.61 11.99 0.00
0.00 21400.48
40.10 -54.46 -9999.00 -9999.00 -9999.00 60.87 13.56 0.00
0.00 22399.30
33.80 -52.86 -9999.00 -9999.00 -9999.00 61.70 14.34 0.00
0.00 23497.40
27.80 -50.46 -9999.00 -9999.00 -9999.00 68.75 15.02 0.00
0.00 24764.40
22.30 -46.86 -9999.00 -9999.00 -9999.00 82.67 19.77 0.00
0.00 26213.00
17.10 -44.16 -9999.00 -9999.00 -9999.00 85.24 28.07 0.00
0.00 27982.17
12.30 -42.46 -50.41 -89.89 810.66 74.77 34.01 0.00
0.00 30198.83

STID = KMDW STNM = 725340 TIME = 200809/0700 
SLAT = 41.78 SLON = -87.75 SELV = 183.0
STIM = 7

SHOW = 1.48 LIFT = -4.39 SWET = 132.94 KINX = 22.92
LCLP = 967.00 PWAT = 37.45 TOTL = 46.22 CAPE = 945.69
LCLT = 294.12 CINS = -164.55 EQLV = 238.31 LFCT = 646.23
BRCH = 42.14

PRES TMPC TMWC DWPC THTE DRCT SKNT OMEG
CFRL HGHT
995.70 23.44 22.07 21.45 344.68 191.69 5.75 0.00
0.00 192.68
992.70 23.54 21.97 21.28 344.75 191.66 12.49 0.00
0.00 219.14
987.20 23.24 21.77 21.11 344.72 192.94 14.74 0.00
0.00 267.83
977.80 23.34 21.51 20.70 345.07 199.24 21.81 0.00
0.00 351.65
963.80 23.24 20.95 19.93 344.87 204.56 24.77 0.00
0.00 477.97
945.80 22.34 20.36 19.46 345.22 212.30 24.36 0.00
0.00 642.79
924.40 20.84 19.62 19.04 345.58 217.07 21.91 0.00
0.00 842.04
901.00 19.14 17.96 17.37 342.64 220.99 21.62 0.00
21.00 1063.97
875.80 19.24 14.99 12.61 335.45 220.20 18.07 0.10
2.00 1308.51
847.50 19.24 12.28 7.61 330.45 209.86 12.10 0.10
0.00 1591.19
816.50 17.44 10.82 6.16 330.54 199.09 10.68 0.20
0.00 1910.59
782.40 15.04 8.83 4.10 329.73 200.81 10.39 0.20
0.00 2273.48
745.50 12.84 6.36 0.75 328.30 207.55 10.08 0.20
0.00 2680.94
705.70 10.54 3.58 -3.52 327.00 220.73 9.23 0.30
0.00 3139.72
663.00 7.54 1.57 -4.80 328.95 254.29 6.45 0.30
0.00 3656.57
617.30 2.94 -1.45 -6.54 329.48 302.15 8.02 0.30
0.00 4239.94
569.10 -2.86 -5.76 -9.76 328.26 304.82 10.88 0.20
0.00 4891.45
522.50 -7.46 -11.50 -20.57 324.87 295.08 10.08 0.10
0.00 5562.56
480.60 -11.26 -15.11 -26.34 326.27 303.69 11.91 0.10
0.00 6208.46
443.00 -15.36 -18.13 -26.66 328.91 313.19 13.05 0.10
0.00 6828.44
409.20 -18.06 -21.43 -37.86 330.70 298.50 15.46 0.00
0.00 7424.43
378.60 -21.36 -24.67 -53.44 332.63 295.56 19.81 -0.10
0.00 8001.10
351.00 -26.06 -28.51 -52.95 333.59 291.91 19.27 -0.10
0.00 8553.80
326.20 -30.46 -32.26 -53.57 334.59 278.88 18.88 0.00
0.00 9079.09
303.90 -34.56 -35.92 -56.52 335.57 272.22 20.03 0.00
0.00 9577.90
283.70 -37.96 -38.99 -57.08 337.36 275.91 17.00 0.10
0.00 10054.85
265.60 -40.66 -41.42 -54.30 339.95 270.78 14.18 0.10
0.00 10506.12
248.80 -43.16 -43.87 -61.32 342.42 268.96 21.37 0.10
0.00 10948.42
233.60 -45.86 -46.46 -66.97 344.46 270.84 26.42 0.00
0.00 11370.33
219.60 -48.46 -48.94 -67.41 346.59 259.18 26.90 0.00
0.00 11779.16
205.70 -50.56 -50.96 -67.88 349.82 255.96 29.64 -0.10
0.00 12207.22
191.70 -52.36 -52.73 -73.19 354.00 255.48 33.31 -0.10
0.00 12664.63
177.70 -54.96 -55.25 -73.70 357.50 258.50 35.08 -0.10
0.00 13151.85
163.80 -58.26 -58.46 -74.24 360.38 262.16 32.75 0.00
0.00 13668.12
149.80 -61.76 -61.90 -74.84 363.68 264.37 27.72 0.00
0.00 14225.54
135.90 -64.36 -64.46 -75.48 369.34 264.49 22.24 0.00
0.00 14824.41
121.90 -64.96 -9999.00 -9999.00 -9999.00 259.70 17.37 0.00
0.00 15487.90
108.00 -64.96 -9999.00 -9999.00 -9999.00 233.13 13.60 0.00
0.00 16225.70
94.00 -64.86 -9999.00 -9999.00 -9999.00 242.05 10.78 0.00
0.00 17071.97
81.00 -62.96 -9999.00 -9999.00 -9999.00 238.67 5.23 0.00
0.00 17983.61
70.60 -61.46 -9999.00 -9999.00 -9999.00 250.35 2.89 0.00
0.00 18832.11
62.20 -60.46 -9999.00 -9999.00 -9999.00 53.13 0.97 0.00
0.00 19618.90
54.30 -58.96 -9999.00 -9999.00 -9999.00 88.03 5.63 0.00
0.00 20467.53
46.90 -57.36 -9999.00 -9999.00 -9999.00 72.82 11.19 0.00
0.00 21389.50
40.10 -55.86 -9999.00 -9999.00 -9999.00 73.23 14.80 0.00
0.00 22382.36
33.80 -53.26 -9999.00 -9999.00 -9999.00 80.86 17.11 0.00
0.00 23475.95
27.80 -49.66 -9999.00 -9999.00 -9999.00 78.27 21.04 0.00
0.00 24744.10
22.30 -46.26 -9999.00 -9999.00 -9999.00 86.89 25.10 0.00
0.00 26197.22
17.10 -44.16 -9999.00 -9999.00 -9999.00 81.36 24.55 0.00
0.00 27968.72
12.30 -42.26 -9999.00 -9999.00 -9999.00 73.16 30.85 0.00
0.00 30186.33

STID = KMDW STNM = 725340 TIME = 200809/0800 
SLAT = 41.78 SLON = -87.75 SELV = 183.0
STIM = 8

SHOW = 0.90 LIFT = -4.31 SWET = 144.21 KINX = 22.85
LCLP = 967.52 PWAT = 36.84 TOTL = 47.20 CAPE = 854.94
LCLT = 293.85 CINS = -206.11 EQLV = 241.81 LFCT = 635.56
BRCH = 39.21

PRES TMPC TMWC DWPC THTE DRCT SKNT OMEG
CFRL HGHT
994.80 23.04 21.74 21.15 343.44 189.78 5.71 0.00
0.00 193.55
991.90 23.14 21.65 20.97 343.47 191.31 12.88 0.00
0.00 219.11
986.40 22.94 21.47 20.80 343.57 193.32 15.17 0.00
0.00 267.78
976.90 23.14 21.16 20.28 343.74 200.61 22.63 0.00
0.00 352.48
963.00 23.44 20.77 19.59 344.27 207.72 25.89 0.00
0.00 477.97
945.00 22.64 20.33 19.30 345.26 213.69 25.91 0.10
0.00 643.04
923.60 20.94 19.38 18.65 344.73 215.43 24.79 0.20
0.00 842.57
900.20 19.34 17.59 16.71 341.29 215.19 22.57 0.20
15.00 1064.76
875.00 19.24 14.90 12.45 335.24 208.18 18.51 0.20
3.00 1309.55
846.90 19.44 12.48 7.87 331.18 200.05 15.31 0.20
0.00 1590.56
815.80 17.54 11.02 6.50 331.28 201.80 14.65 0.20
0.00 1911.43
781.80 15.14 9.01 4.41 330.37 206.22 14.51 0.20
0.00 2273.72
745.00 12.94 6.36 0.64 328.36 209.22 13.13 0.20
0.00 2680.52
705.20 10.74 3.45 -4.15 326.71 216.87 9.71 0.20
0.00 3139.83
662.50 7.84 1.64 -4.98 329.21 261.25 5.11 0.30
0.00 3657.47
616.90 2.94 -1.53 -6.76 329.35 311.19 8.26 0.30
0.00 4240.27
568.80 -2.76 -6.30 -11.57 327.06 308.25 12.86 0.10
0.00 4890.83
522.30 -7.56 -11.59 -20.74 324.72 298.69 11.73 0.00
0.00 5560.72
480.40 -11.66 -15.21 -25.22 326.16 303.93 12.88 -0.10
0.00 6206.28
442.90 -15.76 -18.35 -26.33 328.52 311.63 11.69 -0.10
0.00 6823.88
409.10 -18.46 -21.67 -37.07 330.32 302.74 12.94 0.10
0.00 7419.09
378.50 -21.46 -24.67 -49.57 332.68 291.58 19.02 0.10
0.00 7995.35
351.00 -25.96 -28.41 -51.95 333.77 276.34 19.35 0.00
0.00 8546.13
326.20 -30.36 -32.18 -53.57 334.72 267.08 19.06 0.00
0.00 9071.63
303.80 -34.36 -35.74 -56.53 335.89 269.40 18.65 0.00
0.00 9573.08
283.70 -37.66 -38.70 -55.83 337.83 266.42 15.58 0.00
0.00 10048.25
265.60 -40.36 -41.17 -55.27 340.35 260.86 17.11 0.00
0.00 10500.10
248.80 -43.26 -43.96 -61.32 342.27 272.39 23.33 0.00
0.00 10942.59
233.60 -46.16 -46.74 -66.97 344.00 270.00 25.64 0.00
0.00 11364.13
219.60 -48.96 -49.41 -67.41 345.81 258.91 29.29 -0.10
0.00 11772.24
205.70 -51.36 -51.72 -67.88 348.56 258.00 31.78 -0.10
0.00 12199.05
191.70 -53.26 -53.56 -68.39 352.61 259.09 32.85 -0.10
0.00 12654.71
177.70 -55.66 -55.92 -73.70 356.35 260.21 33.12 -0.10
0.00 13140.16
163.80 -58.76 -58.95 -74.24 359.54 261.14 30.28 0.00
0.00 13655.00
149.80 -62.06 -62.19 -74.84 363.16 260.68 25.19 0.00
0.00 14211.37
135.90 -64.26 -64.36 -75.48 369.52 253.30 20.28 0.10
0.00 14809.95
121.90 -64.66 -9999.00 -9999.00 -9999.00 238.51 18.22 0.00
0.00 15474.08
108.00 -65.06 -9999.00 -9999.00 -9999.00 225.00 19.23 0.00
0.00 16212.23
94.00 -65.16 -9999.00 -9999.00 -9999.00 241.75 14.78 0.00
0.00 17057.69
81.00 -63.36 -9999.00 -9999.00 -9999.00 255.62 7.83 0.00
0.00 17967.81
70.60 -62.06 -9999.00 -9999.00 -9999.00 278.97 3.73 0.00
0.00 18814.29
62.20 -60.66 -9999.00 -9999.00 -9999.00 66.80 1.48 0.00
0.00 19599.60
54.30 -58.56 -9999.00 -9999.00 -9999.00 76.33 7.40 0.00
0.00 20448.63
46.90 -57.06 -9999.00 -9999.00 -9999.00 70.46 12.78 0.00
0.00 21372.10
40.10 -55.06 -9999.00 -9999.00 -9999.00 80.94 13.58 0.00
0.00 22367.48
33.80 -52.66 -9999.00 -9999.00 -9999.00 80.66 15.56 0.00
0.00 23464.58
27.80 -50.06 -9999.00 -9999.00 -9999.00 79.24 19.77 0.00
0.00 24733.29
22.30 -48.46 -9999.00 -9999.00 -9999.00 84.66 20.88 0.00
0.00 26178.03
17.10 -45.86 -9999.00 -9999.00 -9999.00 73.91 21.02 0.00
0.00 27934.37
12.30 -42.76 -9999.00 -9999.00 -9999.00 73.06 30.67 0.00
0.00 30141.38

STID = KMDW STNM = 725340 TIME = 200809/0900 
SLAT = 41.78 SLON = -87.75 SELV = 183.0
STIM = 9

SHOW = -0.34 LIFT = -4.33 SWET = 164.41 KINX = 23.85
LCLP = 970.95 PWAT = 37.86 TOTL = 48.93 CAPE = 830.51
LCLT = 293.61 CINS = -208.19 EQLV = 240.34 LFCT = 633.79
BRCH = 47.28

PRES TMPC TMWC DWPC THTE DRCT SKNT OMEG
CFRL HGHT
994.10 22.44 21.36 20.84 341.92 191.89 3.77 0.00
0.00 191.78
991.10 22.74 21.30 20.63 342.13 197.18 11.19 0.00
0.00 218.19
985.60 22.54 21.10 20.43 342.14 198.95 13.75 0.00
0.00 266.82
976.10 22.84 20.78 19.84 342.26 205.20 21.89 0.00
0.00 351.47
962.20 23.34 20.74 19.59 344.27 209.97 24.88 -0.10
0.00 476.97
944.30 22.54 20.51 19.61 346.13 215.65 23.66 0.00
0.00 641.21
923.00 20.84 19.16 18.36 343.90 220.60 23.29 0.00
0.00 839.89
899.60 19.64 16.83 15.38 338.48 221.68 21.33 0.00
4.00 1062.20
874.40 19.44 14.64 11.88 334.42 210.26 18.88 -0.10
0.00 1307.26
846.30 19.04 13.06 9.33 333.28 202.38 17.85 -0.20
0.00 1588.41
815.30 17.34 12.00 8.61 334.62 207.73 17.11 -0.30
0.00 1908.33
781.30 14.84 10.19 7.07 334.23 214.88 15.62 -0.40
0.00 2270.80
744.40 12.54 6.84 2.19 329.93 215.84 12.94 -0.30
0.00 2678.76
704.70 10.74 3.33 -4.50 326.46 216.63 9.44 -0.30
0.00 3137.01
662.10 7.74 1.51 -5.22 328.93 255.96 4.80 -0.20
0.00 3653.66
616.60 2.84 -1.67 -7.01 329.05 304.51 7.54 -0.20
0.00 4235.27
568.60 -2.76 -6.41 -11.94 326.84 308.90 14.22 -0.10
0.00 4884.60
522.10 -7.86 -11.30 -18.43 325.41 307.88 13.29 0.00
0.00 5554.40
480.20 -12.16 -14.98 -22.03 326.72 303.42 11.64 0.10
0.00 6199.37
442.70 -15.86 -18.35 -25.91 328.57 297.60 9.63 0.20
0.00 6816.59
409.00 -18.06 -21.39 -37.33 330.82 291.66 14.22 0.10
0.00 7410.61
378.40 -21.86 -25.09 -56.22 331.93 290.97 22.26 0.00
0.00 7987.00
350.90 -26.36 -28.73 -51.95 333.26 270.00 18.45 0.00
0.00 8537.04
326.10 -30.66 -32.43 -53.57 334.34 257.22 19.33 0.00
0.00 9061.95
303.80 -34.36 -35.74 -56.53 335.89 260.75 16.92 0.00
0.00 9560.92
283.70 -37.46 -38.55 -57.08 338.07 255.96 16.82 0.00
0.00 10036.29
265.60 -40.36 -41.17 -55.27 340.35 264.24 21.29 0.00
0.00 10488.33
248.80 -43.46 -44.17 -63.51 341.93 278.64 24.55 0.10
0.00 10930.63
233.60 -46.66 -47.21 -66.97 343.25 272.58 25.85 0.10
0.00 11351.52
219.60 -49.66 -50.07 -67.41 344.73 261.87 28.85 0.10
0.00 11758.54
205.70 -51.76 -52.10 -67.88 347.93 259.47 30.83 0.10
0.00 12184.30
191.70 -53.36 -53.66 -68.39 352.45 259.66 31.39 0.10
0.00 12639.44
177.70 -55.46 -55.73 -73.70 356.68 260.36 31.33 0.10
0.00 13125.00
163.80 -58.26 -58.46 -74.24 360.38 259.77 28.42 0.10
0.00 13640.68
149.80 -61.26 -61.41 -74.84 364.54 254.05 24.05 0.10
0.00 14198.75
135.90 -63.36 -63.48 -75.48 371.11 243.20 21.54 0.10
0.00 14799.76
121.90 -64.36 -9999.00 -9999.00 -9999.00 232.70 20.51 0.00
0.00 15465.79
108.00 -65.16 -9999.00 -9999.00 -9999.00 230.71 19.33 0.00
0.00 16204.30
94.00 -64.76 -9999.00 -9999.00 -9999.00 251.57 12.90 0.00
0.00 17050.37
81.00 -62.56 -9999.00 -9999.00 -9999.00 263.66 5.28 0.00
0.00 17963.10
70.60 -61.26 -9999.00 -9999.00 -9999.00 338.20 1.05 0.00
0.00 18812.80
62.20 -59.86 -9999.00 -9999.00 -9999.00 71.57 3.07 0.00
0.00 19601.08
54.30 -58.06 -9999.00 -9999.00 -9999.00 69.27 7.69 0.00
0.00 20452.69
46.90 -56.56 -9999.00 -9999.00 -9999.00 78.11 11.31 0.00
0.00 21378.31
40.10 -53.76 -9999.00 -9999.00 -9999.00 80.94 13.58 0.00
0.00 22377.81
33.80 -51.56 -9999.00 -9999.00 -9999.00 80.86 17.11 0.00
0.00 23480.91
27.80 -49.66 -9999.00 -9999.00 -9999.00 89.44 20.01 0.00
0.00 24753.92
22.30 -49.16 -9999.00 -9999.00 -9999.00 77.59 19.89 0.00
0.00 26197.68
17.10 -46.96 -9999.00 -9999.00 -9999.00 69.44 24.90 0.00
0.00 27947.04
12.30 -43.56 -9999.00 -9999.00 -9999.00 79.76 32.77 0.00
0.00 30144.88

STID = KMDW STNM = 725340 TIME = 200809/1000 
SLAT = 41.78 SLON = -87.75 SELV = 183.0
STIM = 10

SHOW = 0.47 LIFT = -4.49 SWET = 158.15 KINX = 23.56
LCLP = 974.00 PWAT = 39.76 TOTL = 47.52 CAPE = 724.73
LCLT = 293.43 CINS = -179.92 EQLV = 252.22 LFCT = 630.27
BRCH = 48.09

PRES TMPC TMWC DWPC THTE DRCT SKNT OMEG
CFRL HGHT
994.60 22.04 21.09 20.62 340.74 180.00 2.91 0.00
0.00 191.76
991.60 22.44 21.01 20.34 340.87 200.56 9.97 0.00
0.00 218.13
986.10 22.34 20.84 20.14 341.00 202.83 12.00 0.00
0.00 266.69
976.60 22.94 20.41 19.24 340.66 209.61 21.23 -0.10
0.00 351.25
962.70 23.24 20.51 19.28 343.21 212.44 24.63 -0.10
0.00 476.65
944.80 22.24 20.51 19.73 346.03 216.97 21.64 -0.20
0.00 640.69
923.40 20.84 19.70 19.16 346.08 222.35 20.77 -0.30
5.00 840.15
900.20 19.44 17.67 16.79 341.62 233.03 21.64 -0.30
3.00 1060.49
874.90 19.04 14.66 12.16 334.43 243.43 20.42 -0.20
0.00 1306.22
846.70 17.84 12.51 9.10 331.41 228.42 16.10 -0.20
0.00 1587.46
815.60 16.44 11.85 8.95 334.12 216.29 15.42 -0.20
0.00 1907.12
781.60 14.34 11.06 9.01 337.06 220.14 12.96 -0.20
0.00 2268.72
744.70 11.94 7.76 4.66 332.68 220.24 9.93 -0.10
0.00 2676.02
704.90 10.24 3.36 -3.76 326.54 216.12 8.90 -0.10
0.00 3134.57
662.30 7.54 1.23 -5.76 328.17 234.25 5.98 -0.10
0.00 3650.44
616.70 2.74 -1.69 -6.94 328.98 276.34 7.03 -0.10
0.00 4232.86
568.70 -3.06 -6.17 -10.66 327.38 295.74 12.08 -0.10
0.00 4881.66
522.20 -7.96 -10.70 -15.77 326.67 302.40 11.97 0.00
0.00 5550.99
480.30 -11.96 -14.50 -20.39 327.65 285.95 11.31 0.00
0.00 6196.07
442.80 -15.86 -18.09 -24.43 329.06 284.26 11.83 0.00
0.00 6813.47
409.00 -18.86 -21.42 -31.42 330.87 291.52 14.82 0.00
0.00 7408.33
378.40 -22.06 -25.28 -60.30 331.58 277.56 19.21 0.00
0.00 7983.63
350.90 -26.46 -28.79 -51.05 333.16 258.23 19.06 0.00
0.00 8533.34
326.20 -30.66 -32.45 -54.68 334.27 256.55 18.38 0.00
0.00 9055.94
303.80 -34.06 -35.51 -58.00 336.27 258.42 16.45 0.10
0.00 9557.38
283.70 -36.96 -38.11 -57.08 338.79 259.80 19.74 0.10
0.00 10033.56
265.60 -40.16 -41.03 -57.61 340.56 272.91 22.96 0.10
0.00 10486.27
248.80 -43.56 -44.29 -66.51 341.73 275.89 24.61 0.10
0.00 10928.66
233.60 -46.86 -47.37 -63.98 342.99 264.29 29.27 0.00
0.00 11349.27
219.60 -49.36 -49.79 -67.41 345.20 261.28 32.03 0.00
0.00 11756.39
205.70 -51.26 -51.62 -67.88 348.72 261.44 32.61 0.00
0.00 12182.91
191.70 -53.06 -53.40 -73.19 352.88 263.66 31.66 0.00
0.00 12638.88
177.80 -55.26 -55.54 -73.70 356.95 265.24 30.40 0.00
0.00 13121.38
163.80 -58.06 -58.27 -74.24 360.72 261.99 26.48 0.00
0.00 13641.10
149.80 -60.96 -61.11 -74.84 365.05 252.02 23.29 0.00
0.00 14199.83
135.90 -63.26 -63.38 -75.48 371.28 242.31 22.16 0.00
0.00 14801.40
121.90 -64.46 -9999.00 -9999.00 -9999.00 230.86 21.54 0.00
0.00 15467.44
108.00 -65.46 -9999.00 -9999.00 -9999.00 233.02 19.70 0.00
0.00 16205.24
94.00 -64.76 -9999.00 -9999.00 -9999.00 252.15 12.04 0.00
0.00 17050.70
81.00 -62.46 -9999.00 -9999.00 -9999.00 249.78 3.92 0.00
0.00 17963.65
70.60 -61.76 -9999.00 -9999.00 -9999.00 68.20 1.05 0.00
0.00 18812.54
62.20 -59.56 -9999.00 -9999.00 -9999.00 74.48 3.63 0.00
0.00 19600.45
54.30 -56.86 -9999.00 -9999.00 -9999.00 88.75 8.94 0.00
0.00 20455.04
46.90 -55.46 -9999.00 -9999.00 -9999.00 88.18 12.24 0.00
0.00 21385.59
40.10 -53.06 -9999.00 -9999.00 -9999.00 74.05 14.14 0.00
0.00 22389.23
33.80 -51.16 -9999.00 -9999.00 -9999.00 79.76 16.38 0.00
0.00 23495.08
27.80 -49.76 -9999.00 -9999.00 -9999.00 90.62 17.87 0.00
0.00 24768.94
22.30 -48.26 -9999.00 -9999.00 -9999.00 79.70 19.54 0.00
0.00 26215.29
17.10 -45.16 -9999.00 -9999.00 -9999.00 79.18 26.90 0.00
0.00 27975.13
12.30 -43.36 -9999.00 -9999.00 -9999.00 81.08 33.82 0.00
0.00 30182.62

STID = KMDW STNM = 725340 TIME = 200809/1100 
SLAT = 41.78 SLON = -87.75 SELV = 183.0
STIM = 11

SHOW = 0.06 LIFT = -4.97 SWET = 163.96 KINX = 24.08
LCLP = 975.59 PWAT = 41.32 TOTL = 47.85 CAPE = 768.73
LCLT = 293.27 CINS = -142.53 EQLV = 233.14 LFCT = 632.99
BRCH = 68.13

PRES TMPC TMWC DWPC THTE DRCT SKNT OMEG
CFRL HGHT
995.80 21.84 20.91 20.45 339.84 180.00 2.53 0.00
0.00 192.62
992.80 22.14 20.76 20.10 339.67 200.17 10.14 0.00
0.00 218.93
987.30 22.04 20.56 19.85 339.67 200.77 12.04 0.00
0.00 267.37
977.90 22.94 20.50 19.38 340.85 212.80 20.80 0.00
0.00 350.89
963.90 23.24 20.87 19.82 344.54 216.59 23.47 0.00
0.00 477.06
946.00 22.24 20.59 19.84 346.16 223.24 22.40 -0.10
0.00 640.91
924.50 20.64 19.97 19.63 347.03 229.94 22.34 -0.20
0.00 841.02
901.10 18.84 18.73 18.62 345.70 233.13 21.37 -0.30
100.00 1062.86
875.80 17.64 16.22 15.47 339.97 243.43 17.81 -0.30
8.00 1307.80
847.60 17.34 12.70 9.79 331.92 246.70 13.75 -0.30
0.00 1588.07
816.50 16.14 11.18 7.88 331.77 227.66 11.83 -0.30
0.00 1906.92
782.40 14.24 10.95 8.88 336.56 221.47 11.15 -0.30
0.00 2268.88
745.40 11.94 8.01 5.17 333.36 218.09 9.13 -0.30
0.00 2676.82
705.60 10.24 3.49 -3.40 326.79 214.33 9.63 -0.30
0.00 3134.98
662.90 7.54 1.05 -6.32 327.58 225.00 8.80 -0.30
0.00 3651.57
617.20 2.74 -1.75 -7.11 328.74 253.41 9.52 -0.30
0.00 4234.72
569.10 -3.16 -6.03 -10.08 327.64 272.73 12.26 -0.10
0.00 4884.28
522.50 -8.16 -10.60 -15.00 326.83 280.06 12.24 -0.10
0.00 5554.30
480.50 -11.86 -14.26 -19.60 328.11 282.53 12.53 0.00
0.00 6200.53
443.00 -16.36 -17.91 -21.91 329.40 279.62 11.62 0.00
0.00 6817.26
409.20 -19.16 -21.70 -31.88 330.33 281.31 13.87 0.10
0.00 7410.95
378.50 -22.16 -25.40 -68.48 331.34 270.55 20.40 0.10
0.00 7987.46
351.00 -26.56 -28.85 -50.22 333.04 255.96 19.23 0.00
0.00 8536.79
326.20 -30.36 -32.20 -54.68 334.68 256.58 17.58 0.00
0.00 9061.65
303.80 -33.56 -35.07 -58.00 336.97 261.12 18.88 -0.10
0.00 9563.92
283.70 -36.66 -37.84 -57.08 339.22 269.51 22.73 0.00
0.00 10040.90
265.60 -40.26 -41.15 -59.06 340.37 275.53 24.20 0.00
0.00 10493.81
248.80 -44.06 -44.70 -61.32 341.08 272.44 27.41 0.00
0.00 10935.62
233.60 -47.46 -47.94 -63.98 342.08 268.50 29.74 0.00
0.00 11355.22
219.60 -49.86 -50.24 -64.44 344.47 265.09 31.78 0.00
0.00 11761.34
205.70 -51.46 -51.81 -67.88 348.41 265.87 32.32 0.00
0.00 12187.20
191.70 -53.16 -53.49 -73.19 352.72 267.83 30.71 0.00
0.00 12642.85
177.70 -55.36 -55.63 -73.70 356.84 267.27 28.59 0.00
0.00 13128.75
163.80 -57.96 -58.17 -74.24 360.88 261.19 25.35 0.10
0.00 13644.90
149.80 -60.96 -61.11 -74.84 365.05 248.11 23.45 0.10
0.00 14203.76
135.90 -63.46 -63.58 -75.48 370.93 240.95 23.99 0.10
0.00 14805.04
121.90 -64.86 -9999.00 -9999.00 -9999.00 233.70 23.62 0.00
0.00 15470.12
108.00 -65.56 -9999.00 -9999.00 -9999.00 238.65 19.79 0.00
0.00 16207.04
94.00 -64.46 -9999.00 -9999.00 -9999.00 250.02 11.36 0.00
0.00 17052.91
81.00 -62.36 -9999.00 -9999.00 -9999.00 220.36 5.09 0.00
0.00 17966.73
70.60 -61.76 -9999.00 -9999.00 -9999.00 188.13 1.38 0.00
0.00 18815.82
62.20 -58.66 -9999.00 -9999.00 -9999.00 66.80 2.95 0.00
0.00 19605.40
54.30 -57.16 -9999.00 -9999.00 -9999.00 85.71 7.79 0.00
0.00 20461.18
46.90 -57.06 -9999.00 -9999.00 -9999.00 74.65 10.28 0.00
0.00 21387.66
40.10 -55.06 -9999.00 -9999.00 -9999.00 69.86 12.41 0.00
0.00 22383.04
33.80 -52.26 -9999.00 -9999.00 -9999.00 78.11 15.09 0.00
0.00 23481.13
27.80 -50.76 -9999.00 -9999.00 -9999.00 77.70 15.50 0.00
0.00 24748.99
22.30 -48.06 -9999.00 -9999.00 -9999.00 69.23 18.07 0.00
0.00 26192.76
17.10 -44.96 -9999.00 -9999.00 -9999.00 76.07 25.02 0.00
0.00 27954.15
12.30 -43.26 -9999.00 -9999.00 -9999.00 74.53 32.05 0.00
0.00 30163.09

STID = KMDW STNM = 725340 TIME = 200809/1200 
SLAT = 41.78 SLON = -87.75 SELV = 183.0
STIM = 12

SHOW = -0.25 LIFT = -4.44 SWET = 171.10 KINX = 27.67
LCLP = 969.85 PWAT = 41.27 TOTL = 48.13 CAPE = 825.71
LCLT = 293.21 CINS = -103.06 EQLV = 232.83 LFCT = 641.95
BRCH = 612.35

PRES TMPC TMWC DWPC THTE DRCT SKNT OMEG
CFRL HGHT
996.50 22.34 21.09 20.50 340.48 192.09 2.78 0.00
0.00 192.63
993.50 22.24 20.75 20.04 339.52 201.12 9.17 0.00
0.00 218.94
988.00 22.14 20.56 19.81 339.57 203.20 10.35 0.10
0.00 267.37
978.60 22.74 20.91 20.08 342.44 218.77 16.43 0.10
0.00 350.83
964.60 22.64 21.02 20.29 345.05 227.73 17.33 0.20
0.00 476.77
946.60 21.84 20.38 19.71 345.20 234.46 16.71 0.20
0.00 641.17
925.20 20.84 19.35 18.64 344.33 233.39 16.94 0.10
0.00 840.08
901.80 19.54 17.87 17.04 342.13 229.59 18.88 -0.10
76.00 1061.92
876.50 18.54 15.82 14.38 338.36 233.13 17.48 -0.20
0.00 1307.17
848.20 17.24 13.06 10.51 333.04 239.30 14.45 -0.20
0.00 1588.57
817.10 15.64 10.88 7.67 330.74 228.73 12.67 -0.20
0.00 1906.90
783.00 13.74 10.44 8.30 334.80 216.87 14.57 -0.10
0.00 2267.90
745.90 11.44 8.57 6.60 335.03 212.78 13.64 0.10
0.00 2675.99
706.00 9.34 4.16 -0.59 328.67 210.07 12.80 0.20
0.00 3134.13
663.20 7.04 0.72 -6.61 326.69 214.22 11.75 0.20
0.00 3650.52
617.50 2.74 -1.91 -7.57 328.29 239.89 11.23 0.20
0.00 4232.84
569.40 -2.96 -6.11 -10.65 327.39 261.38 12.98 0.20
0.00 4882.26
522.70 -8.06 -10.18 -13.78 327.69 281.15 14.06 0.20
0.00 5553.80
480.70 -11.76 -13.75 -17.86 329.09 289.65 11.56 0.20
0.00 6200.12
443.10 -16.06 -17.88 -22.69 329.42 275.29 10.53 0.10
0.00 6818.80
409.20 -18.96 -22.02 -36.82 329.68 282.26 13.71 0.00
0.00 7414.71
378.60 -22.46 -25.53 -54.72 331.13 267.14 19.44 -0.10
0.00 7989.11
351.10 -26.76 -29.03 -51.05 332.70 256.48 20.78 -0.20
0.00 8537.75
326.20 -30.56 -32.35 -53.57 334.45 261.70 18.84 -0.30
0.00 9064.21
303.90 -33.96 -35.42 -57.99 336.37 266.42 18.69 -0.20
0.00 9563.54
283.70 -37.16 -38.31 -58.54 338.46 266.04 19.66 -0.10
0.00 10041.90
265.60 -40.66 -41.51 -59.06 339.78 267.59 23.14 0.00
0.00 10493.94
248.80 -44.26 -44.91 -63.51 340.74 266.82 28.01 0.10
0.00 10935.18
233.60 -47.36 -47.84 -63.98 342.23 264.77 29.84 0.10
0.00 11354.69
219.60 -49.66 -50.05 -64.44 344.78 265.30 30.79 0.10
0.00 11761.08
205.70 -51.36 -51.69 -64.93 348.61 270.00 29.91 0.10
0.00 12187.22
191.70 -52.96 -53.28 -68.39 353.09 269.60 27.58 0.10
0.00 12643.19
177.70 -55.06 -55.34 -73.70 357.33 265.24 25.74 0.00
0.00 13129.64
163.80 -57.86 -58.07 -74.24 361.05 259.53 23.50 0.00
0.00 13646.27
149.80 -60.86 -61.02 -74.84 365.22 248.02 22.82 0.00
0.00 14205.39
135.90 -63.66 -63.77 -75.48 370.58 243.23 23.72 0.00
0.00 14806.54
121.90 -65.36 -9999.00 -9999.00 -9999.00 237.70 24.36 0.00
0.00 15470.50
108.00 -65.86 -9999.00 -9999.00 -9999.00 243.94 19.89 0.00
0.00 16206.00
94.00 -64.86 -9999.00 -9999.00 -9999.00 244.65 12.26 0.00
0.00 17050.44
81.00 -62.46 -9999.00 -9999.00 -9999.00 225.00 7.96 0.00
0.00 17963.17
70.60 -61.06 -9999.00 -9999.00 -9999.00 228.37 2.33 0.00
0.00 18813.48
62.20 -58.56 -9999.00 -9999.00 -9999.00 77.20 4.39 0.00
0.00 19604.53
54.30 -58.56 -9999.00 -9999.00 -9999.00 90.00 8.16 0.00
0.00 20457.74
46.90 -57.96 -9999.00 -9999.00 -9999.00 80.54 10.63 0.00
0.00 21379.28
40.10 -55.76 -9999.00 -9999.00 -9999.00 70.75 12.96 0.00
0.00 22370.99
33.80 -53.46 -9999.00 -9999.00 -9999.00 73.37 15.62 0.00
0.00 23464.34
27.80 -51.66 -9999.00 -9999.00 -9999.00 72.03 15.11 0.00
0.00 24726.19
22.30 -47.56 -9999.00 -9999.00 -9999.00 67.17 20.03 0.00
0.00 26168.66
17.10 -44.86 -9999.00 -9999.00 -9999.00 74.90 25.35 0.00
0.00 27932.39
12.30 -43.16 -9999.00 -9999.00 -9999.00 74.61 30.01 0.00
0.00 30142.29

STID = KMDW STNM = 725340 TIME = 200809/1300 
SLAT = 41.78 SLON = -87.75 SELV = 183.0
STIM = 13

SHOW = -0.78 LIFT = -4.20 SWET = 178.15 KINX = 25.48
LCLP = 960.07 PWAT = 40.35 TOTL = 48.82 CAPE = 809.45
LCLT = 293.59 CINS = -164.88 EQLV = 239.41 LFCT = 627.13
BRCH = 992.26

PRES TMPC TMWC DWPC THTE DRCT SKNT OMEG
CFRL HGHT
996.00 23.54 21.81 21.04 343.55 203.20 4.43 0.00
0.00 192.68
993.10 23.24 21.53 20.76 342.81 205.02 6.43 0.00
0.00 218.23
987.50 22.74 21.24 20.55 342.44 209.20 7.56 0.10
0.00 267.71
978.10 22.24 20.89 20.26 342.42 218.66 11.19 0.10
0.00 351.25
964.10 22.14 20.70 20.03 343.77 227.44 12.92 0.20
2.00 477.05
946.20 21.64 19.88 19.06 343.19 233.43 15.00 0.20
3.00 640.38
924.80 21.04 18.89 17.87 342.54 232.85 16.08 0.10
0.00 839.29
901.40 20.04 17.69 16.53 341.49 226.82 17.31 0.10
26.00 1061.42
876.10 18.84 16.01 14.53 339.13 218.66 17.40 0.00
0.00 1307.09
847.80 17.34 13.34 10.96 334.08 214.35 14.12 -0.10
0.00 1588.85
816.70 15.74 11.19 8.18 331.78 209.64 12.96 0.00
0.00 1907.50
782.60 14.04 10.41 8.04 334.76 207.53 15.56 0.20
0.00 2268.95
745.60 12.14 7.96 4.90 333.14 208.55 15.03 0.40
0.00 2676.71
705.80 10.34 3.79 -2.68 327.59 205.82 13.38 0.50
0.00 3135.00
663.00 7.74 0.86 -7.25 327.01 225.00 12.35 0.50
0.00 3652.95
617.40 3.04 -2.03 -8.40 327.97 256.89 14.57 0.30
0.00 4235.10
569.30 -2.86 -6.28 -11.34 327.02 271.33 16.71 0.10
0.00 4885.03
522.60 -8.16 -10.09 -13.31 327.90 286.96 16.65 0.00
0.00 5556.69
480.60 -11.76 -13.42 -16.65 329.80 283.39 12.59 0.00
0.00 6203.07
443.00 -15.96 -17.86 -22.94 329.47 282.31 10.94 0.10
0.00 6822.04
409.20 -19.66 -22.01 -31.41 329.78 294.52 12.16 0.20
0.00 7415.61
378.60 -23.06 -25.90 -49.57 330.54 264.86 17.37 0.20
0.00 7988.59
351.00 -26.96 -29.24 -52.95 332.38 257.41 18.71 0.20
0.00 8538.42
326.20 -30.46 -32.28 -54.68 334.54 259.53 18.18 0.20
0.00 9062.73
303.90 -33.76 -35.25 -57.99 336.66 257.41 18.71 0.20
0.00 9562.37
283.70 -37.06 -38.22 -58.54 338.60 258.79 21.00 0.20
0.00 10041.04
265.60 -40.56 -41.47 -63.02 339.84 263.80 26.96 0.10
0.00 10493.26
248.80 -44.06 -44.75 -66.51 340.99 263.22 27.97 0.10
0.00 10934.79
233.60 -47.06 -47.56 -63.98 342.69 261.87 28.85 0.00
0.00 11354.75
219.60 -49.46 -49.83 -62.27 345.13 264.98 28.87 0.00
0.00 11761.60
205.70 -51.36 -51.69 -64.93 348.61 269.19 27.39 0.00
0.00 12187.94
191.70 -53.06 -53.37 -68.39 352.93 268.74 26.42 -0.10
0.00 12643.80
177.80 -55.26 -55.54 -73.70 356.95 268.18 24.49 -0.10
0.00 13126.31
163.80 -58.06 -58.27 -74.24 360.72 263.32 21.72 -0.10
0.00 13646.03
149.80 -61.36 -61.50 -74.84 364.36 248.59 21.29 -0.10
0.00 14204.23
135.90 -64.26 -64.36 -75.48 369.52 244.72 23.19 -0.10
0.00 14803.81
121.90 -66.06 -9999.00 -9999.00 -9999.00 238.48 24.15 0.00
0.00 15465.71
108.00 -65.96 -9999.00 -9999.00 -9999.00 245.46 19.64 0.00
0.00 16199.79
94.00 -65.06 -9999.00 -9999.00 -9999.00 245.48 12.16 0.00
0.00 17043.62
81.00 -62.76 -9999.00 -9999.00 -9999.00 244.03 8.43 0.00
0.00 17955.26
70.60 -61.26 -9999.00 -9999.00 -9999.00 286.70 2.02 0.00
0.00 18804.56
62.20 -59.06 -9999.00 -9999.00 -9999.00 88.15 6.02 0.00
0.00 19594.32
54.30 -59.16 -9999.00 -9999.00 -9999.00 100.44 7.50 0.00
0.00 20445.33
46.90 -57.66 -9999.00 -9999.00 -9999.00 81.72 10.80 0.00
0.00 21366.24
40.10 -55.96 -9999.00 -9999.00 -9999.00 74.36 15.13 0.00
0.00 22358.18
33.80 -54.06 -9999.00 -9999.00 -9999.00 79.70 17.37 0.00
0.00 23449.52
27.80 -50.56 -9999.00 -9999.00 -9999.00 68.53 18.57 0.00
0.00 24712.80
22.30 -45.56 -9999.00 -9999.00 -9999.00 69.34 25.33 0.00
0.00 26165.28
17.10 -43.96 -9999.00 -9999.00 -9999.00 73.71 26.30 0.00
0.00 27940.28
12.30 -42.66 -9999.00 -9999.00 -9999.00 69.61 32.32 0.00
0.00 30156.93

STID = KMDW STNM = 725340 TIME = 200809/1400 
SLAT = 41.78 SLON = -87.75 SELV = 183.0
STIM = 14

SHOW = -1.43 LIFT = -4.88 SWET = 202.87 KINX = 24.30
LCLP = 945.51 PWAT = 40.55 TOTL = 49.78 CAPE = 959.09
LCLT = 293.79 CINS = -151.40 EQLV = 229.48 LFCT = 629.89
BRCH = 406.24

PRES TMPC TMWC DWPC THTE DRCT SKNT OMEG
CFRL HGHT
996.00 25.04 22.54 21.49 346.71 205.56 4.95 0.00
0.00 191.85
993.00 24.54 22.18 21.17 345.60 206.57 6.51 0.00
0.00 218.41
987.50 24.04 21.89 20.95 345.17 206.57 7.38 0.00
0.00 267.23
978.00 23.14 21.42 20.65 344.65 208.93 8.43 0.10
0.00 352.00
964.00 22.04 20.72 20.10 343.86 215.42 10.72 0.20
0.00 478.00
946.10 21.64 20.03 19.28 343.81 225.55 14.41 0.30
5.00 641.33
924.70 20.64 19.20 18.52 343.83 227.63 15.00 0.40
6.00 840.18
901.30 20.04 18.09 17.15 343.11 227.08 15.11 0.40
6.00 1062.26
876.00 19.14 16.08 14.48 339.39 216.73 16.24 0.40
2.00 1308.12
847.70 17.54 13.68 11.43 335.25 205.06 16.51 0.30
0.00 1590.18
816.60 15.64 11.59 9.00 333.11 200.39 16.16 0.30
0.00 1908.99
782.50 13.94 10.27 7.85 334.32 201.80 16.74 0.30
0.00 2270.40
745.50 12.54 7.70 4.05 332.35 200.05 15.31 0.30
0.00 2678.36
705.70 11.04 3.61 -4.08 327.05 201.21 13.97 0.20
0.00 3137.48
663.00 8.34 0.95 -7.89 327.21 233.97 13.21 0.10
0.00 3655.36
617.30 3.24 -2.26 -9.46 327.39 270.66 16.90 0.00
0.00 4239.60
569.20 -2.76 -6.06 -10.82 327.54 292.23 19.52 -0.10
0.00 4889.97
522.60 -8.26 -10.10 -13.17 327.88 294.97 15.64 0.00
0.00 5560.27
480.60 -11.96 -13.79 -17.51 329.05 275.88 13.29 0.10
0.00 6206.27
443.00 -15.56 -17.48 -22.46 330.19 276.98 9.60 0.20
0.00 6825.46
409.20 -19.46 -21.51 -28.81 330.71 290.45 12.24 0.20
0.00 7419.77
378.60 -23.06 -25.82 -46.82 330.70 268.60 15.93 0.20
0.00 7993.02
351.00 -26.76 -29.07 -52.95 332.65 260.22 17.15 0.10
0.00 8543.07
326.20 -30.26 -32.14 -55.95 334.78 255.40 19.27 0.10
0.00 9067.82
303.80 -33.56 -35.05 -56.53 337.01 252.65 19.54 0.10
0.00 9570.19
283.70 -36.96 -38.15 -60.30 338.70 259.61 23.70 0.00
0.00 10046.87
265.60 -40.46 -41.40 -66.03 339.94 260.06 27.02 0.00
0.00 10499.28
248.80 -43.86 -44.56 -66.51 341.29 258.69 27.74 0.00
0.00 10941.09
233.60 -46.96 -47.47 -63.98 342.84 258.31 28.77 0.00
0.00 11361.34
219.60 -49.36 -49.76 -64.44 345.24 261.07 27.53 0.00
0.00 11768.36
205.70 -51.36 -51.72 -67.88 348.56 262.88 26.63 0.00
0.00 12194.79
191.70 -53.26 -53.56 -68.39 352.61 264.25 27.14 0.00
0.00 12650.45
177.80 -55.66 -55.92 -73.70 356.29 267.81 25.47 0.00
0.00 13132.30
163.80 -58.46 -58.66 -74.24 360.04 264.34 21.66 0.00
0.00 13651.05
149.80 -61.76 -61.90 -74.84 363.68 246.59 20.53 0.00
0.00 14208.21
135.90 -64.66 -64.76 -75.48 368.81 241.08 23.31 0.00
0.00 14806.65
121.90 -65.96 -9999.00 -9999.00 -9999.00 238.96 24.49 0.00
0.00 15468.07
108.00 -65.46 -9999.00 -9999.00 -9999.00 250.20 20.65 0.00
0.00 16203.21
94.00 -64.86 -9999.00 -9999.00 -9999.00 246.70 13.75 0.00
0.00 17048.47
81.00 -63.06 -9999.00 -9999.00 -9999.00 238.84 9.75 0.00
0.00 17959.89
70.60 -61.36 -9999.00 -9999.00 -9999.00 135.00 0.82 0.00
0.00 18808.39
62.20 -59.26 -9999.00 -9999.00 -9999.00 96.48 8.61 0.00
0.00 19597.59
54.30 -59.36 -9999.00 -9999.00 -9999.00 87.21 7.96 0.00
0.00 20447.81
46.90 -57.16 -9999.00 -9999.00 -9999.00 72.18 11.42 0.00
0.00 21369.35
40.10 -55.16 -9999.00 -9999.00 -9999.00 80.17 14.78 0.00
0.00 22364.28
33.80 -53.36 -9999.00 -9999.00 -9999.00 77.96 14.90 0.00
0.00 23459.37
27.80 -50.16 -9999.00 -9999.00 -9999.00 70.82 18.92 0.00
0.00 24725.80
22.30 -47.56 -9999.00 -9999.00 -9999.00 80.04 25.84 0.00
0.00 26173.11
17.10 -45.66 -9999.00 -9999.00 -9999.00 74.00 30.30 0.00
0.00 27933.73
12.30 -43.26 -9999.00 -9999.00 -9999.00 74.89 40.25 0.00
0.00 30139.29

STID = KMDW STNM = 725340 TIME = 200809/1500 
SLAT = 41.78 SLON = -87.75 SELV = 183.0
STIM = 15

SHOW = -1.73 LIFT = -5.47 SWET = 217.23 KINX = 23.67
LCLP = 924.73 PWAT = 40.25 TOTL = 50.31 CAPE = 1249.67
LCLT = 293.40 CINS = -135.81 EQLV = 220.48 LFCT = 646.55
BRCH = 159.05

PRES TMPC TMWC DWPC THTE DRCT SKNT OMEG
CFRL HGHT
996.00 26.54 22.93 21.46 348.44 188.43 5.30 0.00
0.00 192.78
993.00 25.94 22.63 21.26 347.56 188.13 6.88 0.00
0.00 219.47
987.50 25.34 22.34 21.08 347.14 188.53 7.85 0.00
0.00 268.52
978.10 24.44 21.92 20.85 346.81 190.30 8.68 0.00
0.00 352.77
964.10 23.14 21.32 20.52 346.42 192.01 9.34 0.10
0.00 479.29
946.10 22.14 20.43 19.66 345.50 207.41 11.81 0.20
3.00 644.00
924.70 21.04 19.49 18.77 345.01 213.69 12.61 0.30
13.00 843.19
901.30 20.14 18.22 17.29 343.60 214.64 13.00 0.40
17.00 1065.48
876.00 19.74 15.97 13.98 338.97 202.91 14.98 0.40
4.00 1311.62
847.80 18.04 13.92 11.55 336.07 194.18 18.24 0.40
0.00 1593.17
816.60 16.24 12.05 9.45 334.64 195.36 18.34 0.40
0.00 1913.63
782.50 14.84 10.20 7.08 334.06 202.17 17.00 0.30
0.00 2275.97
745.60 13.44 7.10 1.91 330.43 205.28 15.46 0.10
0.00 2683.90
705.80 11.44 3.50 -5.00 326.66 216.57 15.00 -0.20
0.00 3143.83
663.00 8.14 0.73 -8.34 326.62 251.13 16.22 -0.60
0.00 3663.01
617.40 3.14 -2.37 -9.67 327.10 272.75 20.22 -0.70
0.00 4245.58
569.30 -3.06 -6.03 -10.23 327.60 292.97 19.41 -0.50
0.00 4895.38
522.60 -8.56 -9.98 -12.27 328.15 302.74 16.16 -0.10
0.00 5566.38
480.60 -11.66 -14.03 -19.19 328.54 272.49 13.42 0.10
0.00 6212.36
443.00 -15.16 -17.18 -22.30 330.77 271.04 10.68 0.20
0.00 6832.35
409.20 -19.36 -21.14 -26.98 331.41 294.90 11.99 0.20
0.00 7427.26
378.60 -23.16 -25.54 -39.46 331.26 274.09 13.64 0.20
0.00 8000.57
351.00 -26.56 -28.93 -54.07 332.88 258.04 16.88 0.10
0.00 8550.77
326.20 -30.16 -32.03 -54.68 334.96 247.59 20.38 0.00
0.00 9075.84
303.80 -33.66 -35.14 -56.53 336.87 246.04 21.04 0.00
0.00 9578.21
283.70 -36.96 -38.17 -62.52 338.66 253.09 25.37 -0.10
0.00 10054.78
265.60 -40.56 -41.47 -63.02 339.84 257.07 26.90 -0.10
0.00 10507.11
248.80 -43.86 -44.54 -63.51 341.33 256.76 27.14 0.00
0.00 10948.82
233.60 -46.66 -47.19 -63.98 343.29 255.76 26.85 0.00
0.00 11369.34
219.60 -48.96 -49.41 -67.41 345.81 256.27 26.20 0.00
0.00 11777.00
205.70 -51.16 -51.53 -67.88 348.88 258.30 27.78 0.00
0.00 12204.00
191.70 -53.36 -53.68 -73.19 352.40 261.81 28.65 0.00
0.00 12659.76
177.70 -55.86 -56.12 -73.70 356.02 265.27 25.93 0.00
0.00 13144.88
163.80 -58.66 -58.85 -74.24 359.71 263.77 21.50 0.00
0.00 13659.60
149.80 -61.76 -61.90 -74.84 363.68 246.59 20.53 0.00
0.00 14216.50
135.90 -64.56 -64.66 -75.48 368.98 240.20 24.63 0.00
0.00 14815.08
121.90 -65.86 -65.95 -76.19 378.25 239.25 27.35 0.00
0.00 15476.82
108.00 -65.36 -9999.00 -9999.00 -9999.00 248.29 22.57 0.00
0.00 16212.32
94.00 -64.16 -9999.00 -9999.00 -9999.00 240.26 14.10 0.00
0.00 17059.20
81.00 -62.16 -9999.00 -9999.00 -9999.00 240.71 9.13 0.00
0.00 17974.11
70.60 -60.76 -9999.00 -9999.00 -9999.00 63.43 1.73 0.00
0.00 18825.62
62.20 -59.26 -9999.00 -9999.00 -9999.00 98.62 6.49 0.00
0.00 19615.94
54.30 -59.16 -9999.00 -9999.00 -9999.00 86.05 5.65 0.00
0.00 20466.55
46.90 -56.66 -9999.00 -9999.00 -9999.00 77.83 10.14 0.00
0.00 21389.60
40.10 -54.86 -9999.00 -9999.00 -9999.00 88.51 14.96 0.00
0.00 22386.36
33.80 -53.26 -9999.00 -9999.00 -9999.00 83.25 14.86 0.00
0.00 23482.45
27.80 -49.96 -9999.00 -9999.00 -9999.00 84.70 18.92 0.00
0.00 24749.74
22.30 -48.26 -9999.00 -9999.00 -9999.00 88.53 22.73 0.00
0.00 26195.44
17.10 -45.76 -9999.00 -9999.00 -9999.00 74.92 28.36 0.00
0.00 27952.95
12.30 -42.96 -50.67 -89.89 808.90 78.58 39.24 0.00
0.00 30159.48

STID = KMDW STNM = 725340 TIME = 200809/1600 
SLAT = 41.78 SLON = -87.75 SELV = 183.0
STIM = 16

SHOW = -2.16 LIFT = -5.58 SWET = 231.10 KINX = 24.68
LCLP = 897.72 PWAT = 40.79 TOTL = 50.39 CAPE = 1449.33
LCLT = 292.63 CINS = -92.78 EQLV = 211.91 LFCT = 666.19
BRCH = 123.31

PRES TMPC TMWC DWPC THTE DRCT SKNT OMEG
CFRL HGHT
995.30 28.24 23.19 21.16 349.70 175.76 5.26 0.00
0.00 192.84
992.40 27.54 22.93 21.06 349.00 174.96 6.62 0.00
0.00 218.80
986.80 26.84 22.65 20.93 348.62 173.99 7.42 -0.10
0.00 269.03
977.40 25.94 22.26 20.73 348.38 174.56 8.20 -0.10
0.00 353.75
963.40 24.54 21.64 20.41 347.91 176.27 8.95 -0.20
0.00 480.97
945.50 22.94 20.89 20.00 347.57 178.85 9.71 -0.10
0.00 645.51
924.10 21.54 19.78 18.98 346.31 189.13 11.01 -0.10
0.00 845.29
900.70 19.84 18.61 18.02 345.30 193.35 11.77 -0.10
29.00 1067.87
875.40 19.54 16.48 14.93 341.02 191.16 15.05 -0.10
10.00 1314.07
847.20 18.14 14.49 12.47 338.19 190.62 18.98 0.00
2.00 1595.88
816.00 16.64 12.48 9.96 336.17 195.71 19.37 -0.10
0.00 1916.94
782.00 15.24 10.17 6.74 334.04 206.28 17.54 -0.10
0.00 2278.98
745.10 13.64 6.99 1.47 330.18 214.47 15.79 -0.20
0.00 2687.56
705.30 11.24 3.47 -4.80 326.68 224.47 14.98 -0.20
0.00 3147.79
662.70 7.74 0.60 -8.10 326.39 266.38 15.38 -0.20
0.00 3664.31
617.10 2.84 -2.29 -8.89 327.39 289.44 17.50 -0.10
0.00 4246.47
569.00 -2.96 -5.89 -10.00 327.96 302.74 16.16 0.10
0.00 4896.41
522.40 -7.86 -10.01 -13.64 328.09 308.55 15.89 0.20
0.00 5567.24
480.50 -11.36 -13.97 -19.74 328.67 271.74 12.82 0.20
0.00 6213.02
442.90 -14.76 -17.06 -23.03 331.00 263.23 11.54 0.30
0.00 6833.94
409.10 -19.06 -21.04 -27.64 331.61 285.26 11.07 0.30
0.00 7429.78
378.50 -23.06 -25.39 -38.35 331.56 268.34 13.40 0.20
0.00 8003.69
351.00 -26.66 -29.03 -55.35 332.70 256.12 17.81 0.10
0.00 8551.97
326.20 -30.56 -32.37 -54.68 334.41 247.09 20.45 0.10
0.00 9076.50
303.80 -33.76 -35.22 -56.53 336.73 245.08 21.21 0.10
0.00 9578.36
283.70 -36.96 -38.15 -60.30 338.70 253.61 24.09 0.00
0.00 10054.83
265.60 -40.36 -41.26 -60.81 340.18 253.39 25.14 0.00
0.00 10507.35
248.80 -43.66 -44.36 -63.51 341.63 253.76 25.70 0.00
0.00 10949.45
233.60 -46.26 -46.81 -63.98 343.90 255.54 25.68 0.00
0.00 11370.52
219.60 -48.76 -49.22 -67.41 346.12 258.05 27.19 -0.10
0.00 11778.72
205.70 -51.46 -51.81 -67.88 348.41 260.85 29.31 -0.10
0.00 12205.63
191.70 -54.06 -54.33 -68.39 351.32 262.53 28.40 -0.20
0.00 12660.36
177.70 -56.36 -56.60 -73.70 355.20 264.29 25.37 -0.20
0.00 13144.14
163.80 -58.96 -59.14 -74.24 359.21 264.29 21.46 -0.20
0.00 13657.91
149.80 -62.06 -62.19 -74.84 363.16 247.99 19.70 -0.10
0.00 14214.02
135.90 -64.76 -64.85 -75.48 368.63 240.81 24.69 -0.10
0.00 14811.89
121.90 -66.06 -9999.00 -9999.00 -9999.00 243.07 27.45 0.00
0.00 15472.99
108.00 -64.76 -9999.00 -9999.00 -9999.00 248.67 21.89 0.00
0.00 16209.20
94.00 -63.06 -9999.00 -9999.00 -9999.00 232.21 12.04 0.00
0.00 17059.53
81.00 -61.66 -9999.00 -9999.00 -9999.00 240.07 7.40 0.00
0.00 17977.93
70.60 -60.76 -9999.00 -9999.00 -9999.00 93.81 2.91 0.00
0.00 18830.45
62.20 -58.96 -9999.00 -9999.00 -9999.00 124.29 5.17 0.00
0.00 19621.32
54.30 -58.06 -9999.00 -9999.00 -9999.00 90.00 5.44 0.00
0.00 20474.72
46.90 -56.16 -9999.00 -9999.00 -9999.00 77.69 10.94 0.00
0.00 21401.19
40.10 -54.96 -9999.00 -9999.00 -9999.00 84.73 12.68 0.00
0.00 22398.87
33.80 -52.46 -9999.00 -9999.00 -9999.00 70.29 13.83 0.00
0.00 23496.71
27.80 -49.86 -9999.00 -9999.00 -9999.00 79.81 17.56 0.00
0.00 24766.57
22.30 -48.46 -9999.00 -9999.00 -9999.00 86.19 20.44 0.00
0.00 26211.95
17.10 -45.36 -9999.00 -9999.00 -9999.00 83.40 28.75 0.00
0.00 27970.24
12.30 -42.46 -9999.00 -9999.00 -9999.00 82.54 37.41 0.00
0.00 30181.10

STID = KMDW STNM = 725340 TIME = 200809/1700 
SLAT = 41.78 SLON = -87.75 SELV = 183.0
STIM = 17

SHOW = -3.54 LIFT = -5.78 SWET = 268.49 KINX = 25.26
LCLP = 877.32 PWAT = 42.64 TOTL = 50.88 CAPE = 1673.42
LCLT = 292.13 CINS = -1.44 EQLV = 198.69 LFCT = 879.38
BRCH = 143.01

PRES TMPC TMWC DWPC THTE DRCT SKNT OMEG
CFRL HGHT
994.60 29.64 23.47 21.01 351.06 181.59 6.99 0.00
0.00 191.99
991.60 28.74 23.17 20.93 350.19 180.00 8.74 0.00
0.00 218.98
986.10 28.04 22.90 20.82 349.86 178.85 9.71 -0.10
0.00 268.55
976.60 27.04 22.50 20.64 349.58 178.94 10.49 -0.10
0.00 354.56
962.70 25.74 21.94 20.36 349.34 180.00 11.46 -0.20
0.00 481.45
944.80 24.04 21.19 19.98 348.97 180.92 12.04 -0.20
0.00 646.74
923.40 22.14 20.31 19.50 348.68 182.64 12.65 -0.20
0.00 847.29
900.00 20.24 19.05 18.49 347.24 186.43 13.87 -0.10
11.00 1070.47
874.70 18.34 17.74 17.41 346.05 189.83 14.78 -0.10
30.00 1316.72
846.50 16.94 15.62 14.92 342.48 193.88 17.81 0.00
22.00 1597.94
815.40 15.64 13.32 12.01 339.24 194.89 18.90 0.10
11.00 1917.33
781.30 15.24 10.40 7.18 334.89 203.20 16.28 0.20
2.00 2280.28
744.50 13.74 6.97 1.33 330.21 216.57 15.00 0.20
0.00 2688.20
704.80 11.34 3.40 -5.16 326.55 226.61 14.70 0.10
0.00 3147.76
662.20 7.74 0.80 -7.43 326.99 273.22 13.81 0.10
0.00 3664.76
616.60 2.74 -2.14 -8.27 327.85 297.58 14.69 0.10
0.00 4247.33
568.70 -2.56 -5.69 -10.04 328.48 318.93 18.03 0.00
0.00 4895.39
522.10 -7.56 -10.32 -15.28 327.48 317.73 14.43 0.00
0.00 5567.39
480.20 -10.86 -13.87 -20.76 328.89 264.81 15.02 0.00
0.00 6214.45
442.80 -14.56 -17.10 -23.89 330.94 268.32 13.21 0.00
0.00 6833.12
409.00 -18.96 -20.95 -27.53 331.80 288.43 11.05 0.00
0.00 7429.44
378.40 -23.46 -25.38 -34.78 331.64 276.24 12.51 0.00
0.00 8003.18
350.90 -26.96 -29.30 -56.84 332.28 264.49 16.20 -0.10
0.00 8550.86
326.10 -30.56 -32.37 -54.68 334.44 247.80 20.55 -0.10
0.00 9075.22
303.80 -34.06 -35.44 -54.16 336.39 246.67 23.06 -0.10
0.00 9574.61
283.70 -37.16 -38.31 -58.54 338.46 248.55 23.37 -0.10
0.00 10050.59
265.60 -40.46 -41.33 -59.06 340.07 250.71 24.69 0.00
0.00 10502.82
248.80 -43.66 -44.33 -61.32 341.67 252.76 23.60 0.00
0.00 10944.82
233.60 -46.46 -47.00 -63.98 343.59 253.61 24.09 0.00
0.00 11365.71
219.60 -49.16 -49.57 -64.44 345.55 257.20 26.30 0.00
0.00 11773.37
205.70 -52.16 -52.33 -57.35 347.57 261.05 28.71 0.00
0.00 12199.24
191.70 -54.56 -54.66 -57.92 350.79 259.86 29.80 0.00
2.00 12652.74
177.80 -56.96 -57.08 -62.18 354.35 258.15 28.38 0.00
0.00 13131.74
163.80 -59.56 -59.70 -69.50 358.25 255.52 24.07 0.00
0.00 13647.63
149.80 -62.46 -62.58 -74.84 362.47 240.32 20.78 0.00
0.00 14202.43
135.90 -64.96 -9999.00 -9999.00 -9999.00 236.07 25.76 0.00
0.00 14799.44
121.90 -65.56 -9999.00 -9999.00 -9999.00 243.80 27.27 0.00
0.00 15461.02
108.00 -63.36 -9999.00 -9999.00 -9999.00 249.12 20.16 0.00
0.00 16200.59
94.00 -62.06 -9999.00 -9999.00 -9999.00 235.24 11.58 0.00
0.00 17055.81
81.00 -61.36 -9999.00 -9999.00 -9999.00 247.96 8.80 0.00
0.00 17977.03
70.60 -60.76 -9999.00 -9999.00 -9999.00 149.53 3.83 0.00
0.00 18830.16
62.20 -59.16 -9999.00 -9999.00 -9999.00 158.63 4.80 0.00
0.00 19620.66
54.30 -58.26 -9999.00 -9999.00 -9999.00 92.29 4.86 0.00
0.00 20473.26
46.90 -56.86 -9999.00 -9999.00 -9999.00 87.88 10.49 0.00
0.00 21397.81
40.10 -55.96 -9999.00 -9999.00 -9999.00 90.94 11.85 0.00
0.00 22391.58
33.80 -53.76 -9999.00 -9999.00 -9999.00 71.57 15.37 0.00
0.00 23483.68
27.80 -50.46 -9999.00 -9999.00 -9999.00 85.56 20.07 0.00
0.00 24748.10
22.30 -46.96 -9999.00 -9999.00 -9999.00 88.56 23.12 0.00
0.00 26196.38
17.10 -42.86 -9999.00 -9999.00 -9999.00 79.95 27.82 0.00
0.00 27970.22
12.30 -41.06 -9999.00 -9999.00 -9999.00 84.12 32.23 0.00
0.00 30199.89

STID = KMDW STNM = 725340 TIME = 200809/1800 
SLAT = 41.78 SLON = -87.75 SELV = 183.0
STIM = 18

SHOW = -4.33 LIFT = -6.38 SWET = 298.75 KINX = 24.64
LCLP = 868.12 PWAT = 43.12 TOTL = 51.96 CAPE = 1942.53
LCLT = 292.08 CINS = -2.84 EQLV = 191.42 LFCT = 864.80
BRCH = 110.70

PRES TMPC TMWC DWPC THTE DRCT SKNT OMEG
CFRL HGHT
993.90 30.44 23.75 21.12 352.47 180.00 8.35 0.00
0.00 192.92
991.00 29.54 23.47 21.05 351.61 178.98 10.88 0.00
0.00 219.10
985.50 28.84 23.20 20.94 351.28 178.18 12.24 0.00
0.00 268.83
976.00 27.84 22.80 20.76 351.01 178.34 13.40 0.00
0.00 355.14
962.10 26.54 22.25 20.50 350.83 179.24 14.57 -0.10
0.00 482.46
944.20 24.84 21.53 20.15 350.56 180.00 15.35 -0.10
0.00 648.31
922.80 22.94 20.67 19.70 350.36 182.07 16.14 -0.10
0.00 849.55
899.50 21.04 19.27 18.46 348.22 185.71 17.56 -0.10
0.00 1072.53
874.20 19.04 17.90 17.34 346.80 189.16 18.30 -0.20
37.00 1319.54
846.00 17.24 16.08 15.48 344.34 192.01 18.67 -0.10
23.00 1601.45
814.80 15.44 13.70 12.74 340.71 196.28 18.01 0.00
17.00 1922.22
780.90 14.84 10.52 7.70 335.38 206.23 14.94 0.10
6.00 2282.99
744.00 14.74 6.57 -0.75 329.01 220.01 14.20 0.10
0.00 2692.62
704.40 12.04 3.38 -6.27 326.48 240.87 13.56 0.20
0.00 3152.53
661.90 7.94 1.06 -6.89 327.72 292.69 11.58 0.10
0.00 3669.37
616.40 3.14 -1.85 -8.00 328.59 306.87 14.57 0.00
0.00 4251.56
568.40 -2.76 -5.13 -8.17 329.86 324.78 20.20 0.00
0.00 4901.59
521.90 -7.56 -10.28 -15.12 327.61 319.30 12.80 -0.10
0.00 5572.32
480.10 -11.06 -13.95 -20.54 328.76 270.68 16.32 -0.10
0.00 6217.79
442.60 -14.86 -17.37 -24.25 330.46 269.16 13.21 -0.10
0.00 6837.72
408.90 -19.06 -21.00 -27.42 331.73 285.78 9.29 -0.10
0.00 7432.01
378.40 -23.66 -25.38 -33.35 331.67 278.28 10.80 -0.10
0.00 8003.62
350.90 -27.06 -29.38 -56.84 332.15 269.26 14.96 -0.10
0.00 8550.99
326.10 -30.86 -32.60 -53.57 334.06 250.06 21.08 -0.10
0.00 9074.92
303.80 -34.16 -35.55 -55.27 336.21 247.00 22.38 0.00
0.00 9573.89
283.70 -37.06 -38.17 -55.83 338.69 247.57 22.90 0.00
0.00 10049.87
265.60 -40.26 -41.10 -56.36 340.45 251.86 23.72 0.00
0.00 10502.39
248.80 -43.56 -44.22 -59.58 341.87 251.42 24.38 -0.10
0.00 10944.69
233.60 -46.46 -47.00 -63.98 343.59 253.05 25.99 -0.10
0.00 11365.68
219.60 -49.56 -49.88 -59.12 345.07 257.65 27.23 -0.10
0.00 11772.98
205.70 -52.26 -52.38 -55.54 347.50 257.85 28.61 -0.10
100.00 12198.37
191.70 -54.66 -54.76 -57.92 350.63 257.47 30.44 -0.10
100.00 12651.67
177.70 -57.16 -57.25 -60.78 354.12 253.23 29.62 0.00
100.00 13133.92
163.80 -59.56 -59.68 -66.60 358.30 246.52 25.84 0.00
0.00 13646.03
149.80 -62.46 -62.58 -74.84 362.47 233.33 22.77 0.00
0.00 14200.84
135.90 -64.76 -9999.00 -9999.00 -9999.00 235.73 26.55 0.00
0.00 14798.13
121.90 -64.86 -9999.00 -9999.00 -9999.00 244.36 26.94 0.00
0.00 15461.14
108.00 -63.06 -9999.00 -9999.00 -9999.00 246.25 21.23 0.00
0.00 16202.49
94.00 -62.26 -9999.00 -9999.00 -9999.00 234.94 13.52 0.00
0.00 17057.90
81.00 -61.26 -9999.00 -9999.00 -9999.00 245.56 9.38 0.00
0.00 17978.91
70.60 -60.26 -9999.00 -9999.00 -9999.00 159.68 5.59 0.00
0.00 18833.24
62.20 -58.86 -9999.00 -9999.00 -9999.00 161.57 3.69 0.00
0.00 19625.22
54.30 -57.76 -9999.00 -9999.00 -9999.00 100.01 6.70 0.00
0.00 20479.42
46.90 -56.86 -9999.00 -9999.00 -9999.00 103.07 11.17 0.00
0.00 21405.04
40.10 -55.76 -9999.00 -9999.00 -9999.00 83.42 10.16 0.00
0.00 22399.28
33.80 -52.86 -9999.00 -9999.00 -9999.00 65.12 14.78 0.00
0.00 23494.12
27.80 -50.16 -9999.00 -9999.00 -9999.00 76.91 17.15 0.00
0.00 24761.98
22.30 -47.66 -9999.00 -9999.00 -9999.00 78.17 20.84 0.00
0.00 26208.97
17.10 -44.06 -9999.00 -9999.00 -9999.00 78.61 28.54 0.00
0.00 27975.42
12.30 -41.16 -9999.00 -9999.00 -9999.00 84.22 32.81 0.00
0.00 30198.82

STID = KMDW STNM = 725340 TIME = 200809/1900 
SLAT = 41.78 SLON = -87.75 SELV = 183.0
STIM = 19

SHOW = -4.86 LIFT = -6.68 SWET = 318.20 KINX = 24.67
LCLP = 857.90 PWAT = 43.64 TOTL = 52.59 CAPE = 2149.37
LCLT = 291.86 CINS = -2.39 EQLV = 186.32 LFCT = 858.84
BRCH = 91.27

PRES TMPC TMWC DWPC THTE DRCT SKNT OMEG
CFRL HGHT
993.90 31.24 23.95 21.09 353.35 186.71 9.98 0.00
0.00 192.95
990.90 30.34 23.65 21.01 352.48 185.04 13.27 0.00
0.00 220.10
985.50 29.64 23.39 20.90 352.13 184.46 15.00 0.00
0.00 269.06
976.00 28.64 22.99 20.72 351.86 184.76 16.38 0.00
0.00 355.59
962.10 27.34 22.44 20.45 351.66 185.08 17.56 0.00
0.00 483.25
944.20 25.64 21.72 20.11 351.42 185.47 18.34 -0.10
0.00 649.54
922.80 23.64 20.84 19.65 351.07 186.54 18.76 -0.10
0.00 851.28
899.50 21.64 19.49 18.53 349.16 188.13 19.23 -0.10
0.00 1074.75
874.20 19.64 18.01 17.24 347.27 189.37 19.09 -0.10
24.00 1322.27
846.00 17.34 16.47 16.02 345.88 190.73 18.78 0.00
38.00 1604.55
814.80 15.54 14.08 13.28 342.08 193.72 17.19 0.20
27.00 1925.52
780.80 13.94 10.90 8.99 336.67 211.76 14.39 0.30
22.00 2287.00
744.00 15.64 6.48 -2.09 328.63 228.37 14.02 0.30
0.00 2695.59
704.40 12.54 3.56 -6.43 326.93 258.91 10.10 0.20
0.00 3156.54
661.90 8.14 1.21 -6.71 328.11 300.11 11.23 0.10
0.00 3674.03
616.40 3.34 -1.35 -6.81 329.87 319.69 16.82 0.00
0.00 4256.70
568.40 -2.56 -5.12 -8.42 329.89 325.98 18.75 -0.10
0.00 4907.26
521.90 -7.46 -10.35 -15.61 327.44 314.36 12.22 -0.10
0.00 5578.33
480.10 -11.16 -14.03 -20.61 328.60 279.36 17.91 -0.10
0.00 6223.79
442.70 -15.06 -17.51 -24.25 330.18 277.59 14.70 -0.10
0.00 6841.64
408.90 -19.36 -21.18 -27.21 331.40 288.43 9.83 -0.10
0.00 7437.04
378.40 -23.96 -25.44 -31.93 331.59 284.32 9.42 -0.20
0.00 8007.99
350.90 -27.56 -29.60 -48.11 331.84 271.97 11.27 -0.10
0.00 8554.51
326.10 -31.26 -32.87 -50.86 333.63 251.92 20.03 -0.10
0.00 9077.49
303.80 -34.06 -35.39 -52.28 336.47 245.22 22.24 0.00
0.00 9576.16
283.70 -36.66 -37.71 -51.31 339.47 252.43 24.46 0.00
0.00 10052.65
265.60 -40.36 -41.05 -51.19 340.55 254.92 28.36 -0.10
0.00 10505.48
248.80 -44.06 -44.63 -56.89 341.21 250.16 27.47 -0.10
0.00 10947.22
233.60 -47.26 -47.73 -61.80 342.43 252.65 26.05 -0.10
0.00 11367.00
219.60 -50.06 -50.28 -55.86 344.42 252.27 24.88 -0.10
0.00 11773.13
205.70 -52.36 -52.45 -54.75 347.38 249.63 27.35 0.00
100.00 12197.96
191.70 -54.86 -54.98 -58.98 350.27 249.74 30.85 0.00
100.00 12650.95
177.70 -57.46 -57.59 -63.87 353.54 249.32 31.35 0.00
0.00 13132.64
163.80 -59.86 -59.95 -64.48 357.84 243.97 27.89 0.00
0.00 13644.03
149.80 -62.16 -62.29 -74.84 362.99 230.37 24.96 0.00
0.00 14198.84
135.90 -63.96 -9999.00 -9999.00 -9999.00 234.37 28.67 0.10
0.00 14797.71
121.90 -64.06 -9999.00 -9999.00 -9999.00 241.70 28.67 0.00
0.00 15463.26
108.00 -63.66 -9999.00 -9999.00 -9999.00 250.64 22.86 0.00
0.00 16204.96
94.00 -62.86 -9999.00 -9999.00 -9999.00 248.96 13.52 0.00
0.00 17057.94
81.00 -61.46 -9999.00 -9999.00 -9999.00 245.14 8.78 0.00
0.00 17977.20
70.60 -60.56 -9999.00 -9999.00 -9999.00 172.87 9.40 0.00
0.00 18830.52
62.20 -59.36 -9999.00 -9999.00 -9999.00 190.12 5.52 0.00
0.00 19621.02
54.30 -57.96 -9999.00 -9999.00 -9999.00 117.65 4.60 0.00
0.00 20473.83
46.90 -57.16 -9999.00 -9999.00 -9999.00 83.48 6.84 0.00
0.00 21398.37
40.10 -55.46 -9999.00 -9999.00 -9999.00 57.14 11.09 0.00
0.00 22392.61
33.80 -52.56 -9999.00 -9999.00 -9999.00 73.89 18.20 0.00
0.00 23488.95
27.80 -50.56 -9999.00 -9999.00 -9999.00 80.72 20.47 0.00
0.00 24756.53
22.30 -47.76 -9999.00 -9999.00 -9999.00 80.13 22.67 0.00
0.00 26201.91
17.10 -44.66 -9999.00 -9999.00 -9999.00 80.99 28.52 0.00
0.00 27965.64
12.30 -41.76 -9999.00 -9999.00 -9999.00 91.40 31.86 0.00
0.00 30183.25

STID = KMDW STNM = 725340 TIME = 200809/2000 
SLAT = 41.78 SLON = -87.75 SELV = 183.0
STIM = 20

SHOW = -5.33 LIFT = -7.08 SWET = 341.26 KINX = 25.37
LCLP = 856.03 PWAT = 43.69 TOTL = 53.43 CAPE = 2282.35
LCLT = 291.91 CINS = -4.28 EQLV = 182.95 LFCT = 854.01
BRCH = 80.66

PRES TMPC TMWC DWPC THTE DRCT SKNT OMEG
CFRL HGHT
993.40 31.44 24.05 21.17 353.91 188.43 10.61 0.00
0.00 192.96
990.40 30.54 23.76 21.09 353.04 187.03 14.30 0.00
0.00 220.15
984.90 29.84 23.50 20.99 352.74 187.37 16.65 0.00
0.00 270.07
975.50 28.84 23.10 20.82 352.49 187.43 18.03 0.00
0.00 355.81
961.60 27.54 22.56 20.55 352.28 188.13 19.23 0.00
0.00 483.62
943.70 25.84 21.85 20.22 352.08 188.91 20.05 0.00
0.00 650.12
922.30 23.84 20.97 19.77 351.77 189.73 20.69 -0.10
0.00 852.12
899.00 21.94 19.56 18.51 349.56 191.62 21.21 -0.10
0.00 1075.92
873.70 19.94 18.20 17.38 348.11 193.78 21.19 0.00
0.00 1323.84
845.50 17.64 16.63 16.11 346.57 196.24 20.84 0.00
31.00 1606.58
814.40 15.54 14.45 13.86 343.53 197.72 19.77 0.10
28.00 1926.92
780.40 13.84 11.13 9.47 337.54 216.71 14.30 0.10
16.00 2288.60
743.70 16.04 6.40 -2.85 328.38 244.70 11.81 0.00
0.00 2696.49
704.10 12.84 3.81 -6.01 327.67 290.56 8.29 0.00
0.00 3158.18
661.60 8.34 1.24 -6.90 328.23 299.51 11.83 -0.10
0.00 3676.36
616.10 3.44 -1.59 -7.67 329.28 322.47 16.90 -0.10
0.00 4259.56
568.20 -2.56 -5.43 -9.27 329.19 327.34 17.99 0.00
0.00 4909.07
521.80 -7.56 -10.38 -15.50 327.40 307.04 12.90 0.10
0.00 5578.71
480.00 -11.46 -14.36 -21.23 327.97 286.82 17.44 0.10
0.00 6223.80
442.60 -15.16 -17.94 -26.34 329.35 289.92 14.26 0.10
0.00 6841.25
408.90 -19.46 -21.38 -27.98 331.03 298.52 10.18 0.10
0.00 7434.68
378.30 -24.06 -25.49 -31.78 331.52 284.68 8.43 0.10
0.00 8007.34
350.80 -27.86 -29.76 -45.86 331.61 258.69 9.91 0.00
0.00 8553.57
326.10 -31.36 -32.87 -48.15 333.66 250.35 20.22 0.10
0.00 9074.10
303.80 -33.36 -34.66 -48.20 337.70 245.73 25.99 0.10
0.00 9573.41
283.70 -36.86 -37.72 -47.28 339.47 251.77 33.55 0.10
0.00 10050.42
265.60 -40.86 -41.50 -51.19 339.82 245.47 31.82 0.00
0.00 10502.58
248.80 -44.66 -45.14 -54.84 340.40 246.39 28.61 0.00
0.00 10943.27
233.60 -47.56 -47.86 -54.49 342.23 249.44 24.90 0.00
0.00 11362.24
219.60 -49.76 -49.92 -53.48 345.01 245.56 25.82 0.00
51.00 11768.38
205.70 -52.16 -52.31 -56.40 347.61 244.65 28.59 0.00
79.00 12193.68
191.70 -54.96 -55.10 -60.19 350.06 245.00 31.72 0.00
18.00 12646.78
177.70 -57.56 -57.71 -66.00 353.33 245.50 31.37 0.00
2.00 13128.24
163.80 -59.66 -59.80 -69.50 358.08 239.37 28.22 0.10
0.00 13639.75
149.80 -61.46 -61.58 -70.13 364.24 228.30 28.61 0.10
0.00 14195.73
135.90 -63.16 -9999.00 -9999.00 -9999.00 235.06 32.23 0.00
0.00 14796.74
121.90 -63.76 -9999.00 -9999.00 -9999.00 247.52 30.48 0.00
0.00 15464.04
108.00 -63.46 -9999.00 -9999.00 -9999.00 257.26 22.90 0.00
0.00 16206.63
94.00 -62.96 -9999.00 -9999.00 -9999.00 248.36 13.17 0.00
0.00 17059.81
81.00 -62.36 -9999.00 -9999.00 -9999.00 235.30 9.21 0.00
0.00 17976.90
70.60 -62.16 -9999.00 -9999.00 -9999.00 196.14 7.69 0.00
0.00 18825.19
62.20 -59.96 -9999.00 -9999.00 -9999.00 210.26 2.70 0.00
0.00 19611.61
54.30 -58.36 -9999.00 -9999.00 -9999.00 83.16 4.90 0.00
0.00 20462.42
46.90 -57.16 -9999.00 -9999.00 -9999.00 67.17 8.00 0.00
0.00 21386.12
40.10 -54.46 -9999.00 -9999.00 -9999.00 67.25 13.05 0.00
0.00 22382.64
33.80 -51.86 -9999.00 -9999.00 -9999.00 81.79 19.04 0.00
0.00 23483.24
27.80 -50.76 -9999.00 -9999.00 -9999.00 78.48 20.42 0.00
0.00 24752.24
22.30 -48.46 -9999.00 -9999.00 -9999.00 73.05 21.33 0.00
0.00 26194.71
17.10 -45.26 -9999.00 -9999.00 -9999.00 82.72 26.05 0.00
0.00 27953.39
12.30 -42.26 -9999.00 -9999.00 -9999.00 91.47 30.32 0.00
0.00 30165.71

STID = KMDW STNM = 725340 TIME = 200809/2100 
SLAT = 41.78 SLON = -87.75 SELV = 183.0
STIM = 21

SHOW = -5.42 LIFT = -7.54 SWET = 342.27 KINX = 25.62
LCLP = 870.92 PWAT = 43.04 TOTL = 53.71 CAPE = 2473.29
LCLT = 292.73 CINS = -5.83 EQLV = 181.39 LFCT = 860.88
BRCH = 83.99

PRES TMPC TMWC DWPC THTE DRCT SKNT OMEG
CFRL HGHT
992.80 30.74 24.21 21.71 354.83 187.67 10.20 0.00
0.00 192.95
989.80 29.94 23.95 21.64 354.11 187.91 14.12 0.00
0.00 220.10
984.30 29.24 23.69 21.53 353.78 188.23 16.30 0.10
0.00 269.98
974.90 28.34 23.32 21.35 353.61 188.65 18.08 0.20
0.00 355.63
961.00 27.04 22.77 21.08 353.41 189.37 19.09 0.30
0.00 483.35
943.10 25.34 22.04 20.71 353.08 190.55 20.16 0.40
0.00 649.74
921.70 23.44 21.11 20.14 352.51 192.36 20.88 0.50
0.00 851.61
898.40 21.74 19.71 18.82 350.31 196.09 21.02 0.60
0.00 1075.38
873.20 19.74 18.36 17.71 348.88 200.49 20.53 0.60
27.00 1322.35
845.00 17.74 16.52 15.91 346.25 204.54 19.64 0.60
29.00 1605.22
813.90 16.04 13.96 12.82 341.78 215.69 16.98 0.50
27.00 1925.99
780.00 14.74 10.71 8.13 336.17 237.22 13.64 0.30
25.00 2287.51
743.30 16.34 6.28 -3.62 328.05 254.65 10.28 0.10
0.00 2696.33
703.70 12.94 3.94 -5.72 328.09 294.44 7.03 -0.10
0.00 3158.58
661.20 8.54 1.28 -7.06 328.40 293.96 11.48 -0.30
0.00 3677.34
615.90 3.44 -2.07 -9.15 328.11 323.29 14.30 -0.40
0.00 4258.39
568.00 -2.36 -5.82 -10.76 328.29 328.54 15.25 -0.40
0.00 4908.21
521.60 -7.76 -10.40 -15.13 327.42 304.46 12.02 -0.20
0.00 5578.03
479.90 -11.56 -14.72 -22.72 327.26 293.01 15.40 -0.10
0.00 6221.37
442.50 -15.06 -18.25 -29.00 328.73 294.44 11.73 0.00
0.00 6838.89
408.80 -19.56 -21.55 -28.57 330.75 293.96 7.65 0.00
0.00 7432.41
378.30 -24.06 -25.59 -32.54 331.34 266.99 7.40 0.00
0.00 8003.13
350.80 -27.86 -29.85 -48.11 331.46 248.70 12.30 0.00
0.00 8549.35
326.10 -31.26 -32.76 -47.57 333.83 250.59 21.62 0.10
0.00 9069.99
303.80 -33.66 -34.85 -46.67 337.40 252.05 29.00 0.00
0.00 9569.09
283.70 -37.66 -38.45 -47.76 338.28 252.65 29.31 0.10
0.00 10045.00
265.60 -41.36 -41.82 -47.87 339.33 249.66 29.62 0.10
0.00 10495.92
248.80 -44.56 -44.88 -49.96 340.83 249.89 29.37 0.10
0.00 10936.24
233.60 -47.46 -47.67 -51.65 342.54 249.30 28.03 0.10
20.00 11355.41
219.60 -49.76 -49.99 -55.86 344.89 244.91 27.02 0.00
51.00 11761.64
205.70 -52.16 -52.41 -61.06 347.44 241.86 28.42 0.00
29.00 12186.93
191.70 -54.76 -54.98 -65.45 350.25 241.84 31.29 0.00
0.00 12640.22
177.70 -57.06 -57.28 -73.70 354.06 242.79 31.02 0.10
0.00 13122.46
163.80 -58.96 -59.14 -74.24 359.21 234.03 29.76 0.10
0.00 13635.39
149.80 -61.06 -61.18 -70.13 364.93 229.40 32.25 0.10
0.00 14192.81
135.90 -63.06 -63.18 -75.48 371.64 240.95 33.99 0.00
0.00 14794.53
121.90 -63.96 -9999.00 -9999.00 -9999.00 259.34 30.44 0.00
0.00 15461.68
108.00 -64.16 -9999.00 -9999.00 -9999.00 269.06 23.70 0.00
0.00 16202.67
94.00 -63.46 -9999.00 -9999.00 -9999.00 241.39 12.16 0.00
0.00 17053.41
81.00 -62.76 -9999.00 -9999.00 -9999.00 218.99 10.49 0.00
0.00 17968.54
70.60 -61.46 -9999.00 -9999.00 -9999.00 200.56 8.29 0.00
0.00 18817.43
62.20 -59.16 -9999.00 -9999.00 -9999.00 225.00 1.38 0.00
0.00 19606.64
54.30 -58.46 -9999.00 -9999.00 -9999.00 47.86 5.50 0.00
0.00 20458.84
46.90 -56.46 -9999.00 -9999.00 -9999.00 57.99 9.17 0.00
0.00 21383.82
40.10 -54.06 -9999.00 -9999.00 -9999.00 78.84 15.05 0.00
0.00 22382.87
33.80 -52.26 -9999.00 -9999.00 -9999.00 87.48 17.70 0.00
0.00 23483.46
27.80 -50.46 -9999.00 -9999.00 -9999.00 82.95 18.98 0.00
0.00 24752.18
22.30 -47.86 -9999.00 -9999.00 -9999.00 76.09 21.02 0.00
0.00 26197.56
17.10 -44.26 -9999.00 -9999.00 -9999.00 86.21 26.48 0.00
0.00 27962.46
12.30 -42.46 -9999.00 -9999.00 -9999.00 81.25 30.65 0.00
0.00 30178.62
STN YYMMDD/HHMM PMSL PRES SKTC STC1 SNFL WTNS
P01M C01M STC2 LCLD MCLD HCLD
SNRA UWND VWND R01M BFGR T2MS
Q2MS WXTS WXTP WXTZ WXTR USTM
VSTM HLCY SLLH WSYM CDBP VSBK
TD2M
725340 200809/0000 1017.50 996.30 29.64 302.80 -9999.00 0.00
-9999.00 -9999.00 303.40 18.00 0.00 0.00
-9999.00 -0.40 4.90 -9999.00 -9999.00 28.14
15.50 0.00 0.00 0.00 0.00 -1.10
-4.00 71.80 -9999.00 999.00 -9999.00 20.00
20.51
725340 200809/0100 1018.00 996.70 27.04 300.20 0.00 100.00
0.00 0.00 300.80 22.00 0.00 0.00
-9999.00 0.10 4.20 -9999.00 -9999.00 26.84
15.95 0.00 0.00 0.00 0.00 -1.60
-3.20 79.40 -9999.00 999.00 -9999.00 20.00
20.97
725340 200809/0200 1018.20 996.90 25.74 298.90 0.00 100.00
0.00 0.00 299.40 32.00 0.00 0.00
-9999.00 0.40 4.20 -9999.00 -9999.00 25.84
16.45 0.00 0.00 0.00 0.00 -2.10
-2.40 101.60 -9999.00 999.00 -9999.00 20.00
21.46
725340 200809/0300 1018.20 997.00 24.94 298.10 0.00 100.00
0.00 0.00 298.50 100.00 0.00 0.00
-9999.00 0.40 3.30 -9999.00 -9999.00 25.14
16.59 0.00 0.00 0.00 0.00 -2.90
-1.30 99.10 -9999.00 999.00 901.10 20.00
21.60
725340 200809/0400 1019.00 997.60 24.54 297.70 0.00 100.00
0.00 0.00 298.00 100.00 0.00 0.00
-9999.00 0.20 2.60 -9999.00 -9999.00 24.64
16.84 0.00 0.00 0.00 0.00 -3.20
-0.50 91.00 -9999.00 999.00 -9999.00 20.00
21.85
725340 200809/0500 1018.40 997.00 23.54 296.70 0.00 100.00
0.00 0.00 297.10 45.00 0.00 0.00
-9999.00 0.00 2.60 -9999.00 -9999.00 23.84
16.94 0.00 0.00 0.00 0.00 -3.30
-0.10 90.60 -9999.00 999.00 -9999.00 20.00
21.93
725340 200809/0600 1018.40 997.10 23.24 296.40 0.00 100.00
0.00 0.00 296.70 51.00 0.00 0.00
-9999.00 0.20 3.00 -9999.00 -9999.00 23.44
16.82 0.00 0.00 0.00 0.00 -3.60
1.90 73.80 -9999.00 999.00 -9999.00 20.00
21.82
725340 200809/0700 1018.10 996.80 22.54 295.70 0.00 100.00
0.00 0.00 296.00 21.00 0.00 0.00
-9999.00 0.50 3.30 -9999.00 -9999.00 22.94
16.54 0.00 0.00 0.00 0.00 -3.60
3.30 61.10 -9999.00 999.00 -9999.00 20.00
21.55
725340 200809/0800 1017.30 996.00 22.14 295.30 0.00 100.00
0.00 0.00 295.50 15.00 0.00 0.00
-9999.00 0.50 3.20 -9999.00 -9999.00 22.54
16.24 0.00 0.00 0.00 0.00 -3.30
4.30 49.60 -9999.00 999.00 -9999.00 20.00
21.24
725340 200809/0900 1016.50 995.10 21.64 294.80 0.00 100.00
0.00 0.00 295.10 4.00 0.00 0.00
-9999.00 0.60 2.10 -9999.00 -9999.00 21.94
15.93 0.00 0.00 0.00 0.00 -2.90
4.20 40.70 -9999.00 999.00 -9999.00 20.00
20.92
725340 200809/1000 1017.00 995.60 21.24 294.40 0.00 100.00
0.00 0.00 294.70 5.00 0.00 0.00
-9999.00 0.50 1.60 -9999.00 -9999.00 21.34
15.68 0.00 0.00 0.00 0.00 -2.50
2.90 51.70 -9999.00 999.00 -9999.00 20.00
20.68
725340 200809/1100 1018.30 996.90 21.54 294.70 0.00 100.00
0.00 0.00 294.80 100.00 0.00 0.00
-9999.00 0.60 1.40 -9999.00 -9999.00 21.44
15.58 0.00 0.00 0.00 0.00 -2.20
3.60 66.70 -9999.00 999.00 901.10 20.00
20.60
725340 200809/1200 1019.00 997.60 22.34 295.50 0.00 100.00
0.00 0.00 295.40 76.00 0.00 0.00
-9999.00 0.70 1.60 -9999.00 -9999.00 21.94
15.71 0.00 0.00 0.00 0.00 -2.10
4.10 16.70 -9999.00 999.00 -9999.00 13.44
20.74
725340 200809/1300 1018.50 997.10 24.44 297.60 0.00 100.00
0.00 0.00 297.20 26.00 0.00 0.00
-9999.00 1.00 2.30 -9999.00 -9999.00 23.34
16.40 0.00 0.00 0.00 0.00 -1.90
2.50 -9.70 -9999.00 999.00 -9999.00 20.00
21.42
725340 200809/1400 1018.40 997.00 27.04 300.20 0.00 100.00
0.00 0.00 299.60 6.00 0.00 0.00
-9999.00 1.00 2.60 -9999.00 -9999.00 25.04
16.97 0.00 0.00 0.00 0.00 -2.00
1.40 -6.90 -9999.00 999.00 -9999.00 20.00
21.96
725340 200809/1500 1018.40 997.10 30.94 304.10 0.00 100.00
0.00 0.00 302.80 17.00 0.00 0.00
-9999.00 0.10 3.10 -9999.00 -9999.00 26.84
16.75 0.00 0.00 0.00 0.00 -0.60
-1.20 36.10 -9999.00 999.00 -9999.00 20.00
21.75
725340 200809/1600 1017.60 996.40 36.34 309.50 0.00 100.00
0.00 0.00 307.60 29.00 0.00 0.00
-9999.00 -0.90 3.00 -9999.00 -9999.00 28.94
16.25 0.00 0.00 0.00 0.00 0.40
-3.30 71.10 -9999.00 999.00 -9999.00 20.00
21.26
725340 200809/1700 1016.80 995.60 39.14 312.30 0.00 100.00
0.00 0.00 310.50 30.00 2.00 0.00
-9999.00 -0.60 3.90 -9999.00 -9999.00 30.44
16.06 0.00 0.00 0.00 0.00 -0.90
-3.10 69.60 -9999.00 999.00 -9999.00 20.00
21.06
725340 200809/1800 1016.10 995.00 38.84 312.00 0.00 100.00
0.00 0.00 310.80 37.00 100.00 0.00
-9999.00 -0.40 4.70 -9999.00 -9999.00 31.14
16.18 0.00 0.00 0.00 0.00 -1.80
-2.60 82.20 -9999.00 999.00 -9999.00 20.00
21.17
725340 200809/1900 1016.10 995.00 39.64 312.80 0.00 100.00
0.00 0.00 311.70 38.00 100.00 0.00
-9999.00 0.30 5.50 -9999.00 -9999.00 32.04
16.14 0.00 0.00 0.00 0.00 -2.50
-1.90 77.00 -9999.00 999.00 -9999.00 20.00
21.13
725340 200809/2000 1015.50 994.50 39.34 312.50 0.00 100.00
0.00 0.00 311.70 31.00 79.00 0.00
-9999.00 0.50 6.00 -9999.00 -9999.00 32.14
16.23 0.00 0.00 0.00 0.00 -2.90
-0.80 86.40 -9999.00 999.00 -9999.00 20.00
21.21
725340 200809/2100 1014.90 993.90 37.04 310.20 0.00 100.00
0.00 0.00 309.90 29.00 51.00 0.00
-9999.00 0.70 6.00 -9999.00 -9999.00 31.24
16.80 0.00 0.00 0.00 0.00 -3.00
-0.20 94.20 -9999.00 999.00 -9999.00 0.01
21.75


