
SNPARM = PRES;TMPC;TMWC;DWPC;THTE;DRCT;SKNT;OMEG;CFRL;HGHT 
STNPRM = SHOW;LIFT;SWET;KINX;LCLP;PWAT;TOTL;CAPE;LCLT;CINS;EQLV;LFCT;BRCH 

STID = KMDW STNM = 725340 TIME = 200808/1400 
SLAT = 41.78 SLON = -87.75 SELV = 183.0
STIM = 0

SHOW = 0.44 LIFT = 4.16 SWET = 183.89 KINX = 29.13
LCLP = 900.92 PWAT = 37.29 TOTL = 46.07 CAPE = 0.00
LCLT = 286.76 CINS = 0.00 EQLV = -9999.00 LFCT = -9999.00
BRCH = 0.00

PRES TMPC TMWC DWPC THTE DRCT SKNT OMEG
CFRL HGHT
998.30 22.14 17.67 15.20 327.29 178.21 6.22 0.00
0.00 192.58
995.40 21.94 17.39 14.84 326.70 174.92 8.78 0.00
0.00 217.88
989.80 21.74 17.30 14.82 327.15 176.63 9.93 0.00
0.00 266.91
980.40 21.14 16.73 14.21 326.46 179.16 13.21 0.00
0.00 349.73
966.60 20.54 15.11 11.69 322.92 182.02 16.53 0.10
0.00 472.43
948.60 19.74 14.24 10.65 322.52 187.26 19.97 0.10
0.00 634.66
927.30 18.34 14.51 12.17 326.32 203.48 20.96 0.10
0.00 829.96
903.90 17.54 14.65 12.96 330.11 211.88 18.76 0.20
0.00 1049.06
878.60 17.04 14.12 12.41 332.04 213.31 16.28 0.30
0.00 1291.93
850.30 15.64 13.24 11.82 333.39 217.75 15.23 0.30
0.00 1571.10
819.00 14.64 11.96 10.30 333.97 223.88 14.01 0.30
0.00 1889.50
784.70 13.54 9.78 7.21 332.40 227.02 11.67 0.30
0.00 2251.15
747.60 11.34 7.65 4.92 331.90 242.53 10.96 0.30
0.00 2657.93
707.50 8.84 4.80 1.36 330.26 263.09 12.92 0.20
0.00 3116.84
664.50 4.94 0.88 -3.37 327.04 281.77 9.52 0.20
0.00 3632.46
618.60 1.14 -0.86 -2.92 330.80 324.78 8.08 0.10
0.00 4212.78
570.20 -2.56 -5.11 -8.41 329.56 312.21 11.29 0.00
0.00 4864.18
523.30 -7.36 -9.58 -13.20 328.84 300.96 12.45 0.00
0.00 5539.27
481.20 -10.96 -14.19 -22.00 328.03 279.62 11.62 0.00
0.00 6188.17
443.50 -14.26 -17.99 -31.54 328.94 253.14 13.40 0.00
0.00 6810.74
409.60 -18.06 -21.17 -34.57 331.12 231.34 18.65 -0.10
0.00 7409.11
378.80 -22.16 -24.71 -38.61 332.64 233.31 24.71 -0.10
0.00 7988.27
351.20 -26.26 -27.55 -33.78 335.36 235.33 25.27 -0.20
0.00 8539.71
326.30 -29.86 -30.39 -33.02 337.86 241.21 24.61 -0.20
90.00 9067.50
303.90 -33.16 -33.77 -37.75 339.22 258.22 27.58 -0.20
18.00 9570.72
283.80 -36.26 -37.31 -49.97 340.09 269.30 31.66 -0.10
0.00 10048.41
265.60 -39.66 -40.58 -57.61 341.29 273.60 34.05 -0.10
0.00 10504.72
248.80 -42.76 -43.50 -61.32 343.01 277.45 34.48 -0.10
0.00 10948.35
233.60 -45.56 -46.18 -66.97 344.91 280.39 33.37 0.00
0.00 11370.90
219.60 -48.46 -48.94 -67.41 346.59 281.45 30.32 0.00
0.00 11780.00
205.70 -51.66 -52.01 -67.88 348.09 277.38 27.23 0.00
0.00 12207.01
191.70 -54.76 -55.03 -73.19 350.16 269.13 25.64 0.00
0.00 12660.81
177.70 -57.16 -57.38 -73.70 353.89 262.77 26.24 0.10
0.00 13142.93
163.80 -59.76 -59.92 -74.24 357.86 264.56 28.69 0.10
0.00 13654.79
149.80 -62.66 -62.78 -74.84 362.13 274.04 33.10 0.10
0.00 14209.07
135.90 -64.46 -64.56 -75.48 369.16 289.46 34.40 0.10
0.00 14806.51
121.90 -65.16 -9999.00 -9999.00 -9999.00 303.13 27.37 0.00
0.00 15469.52
108.00 -64.56 -9999.00 -9999.00 -9999.00 312.09 16.22 0.00
0.00 16207.67
94.00 -63.46 -9999.00 -9999.00 -9999.00 295.41 8.61 0.00
0.00 17057.60
81.00 -60.56 -9999.00 -9999.00 -9999.00 304.70 9.21 0.00
0.00 17977.52
70.60 -59.56 -9999.00 -9999.00 -9999.00 360.00 3.50 0.00
0.00 18834.67
62.20 -59.06 -9999.00 -9999.00 -9999.00 9.46 1.18 0.00
0.00 19627.58
54.30 -57.46 -9999.00 -9999.00 -9999.00 71.57 4.91 0.00
0.00 20481.97
46.90 -56.56 -9999.00 -9999.00 -9999.00 74.83 11.87 0.00
0.00 21408.87
40.10 -55.36 -9999.00 -9999.00 -9999.00 82.36 16.06 0.00
0.00 22404.71
33.80 -53.46 -9999.00 -9999.00 -9999.00 79.92 17.75 0.00
0.00 23499.06
27.80 -51.56 -9999.00 -9999.00 -9999.00 71.57 19.66 0.00
0.00 24761.20
22.30 -48.66 -9999.00 -9999.00 -9999.00 64.90 23.82 0.00
0.00 26200.44
17.10 -44.76 -9999.00 -9999.00 -9999.00 70.11 29.12 0.00
0.00 27960.29
12.30 -42.06 -9999.00 -9999.00 -9999.00 75.41 33.92 0.00
0.00 30175.97

STID = KMDW STNM = 725340 TIME = 200808/1500 
SLAT = 41.78 SLON = -87.75 SELV = 183.0
STIM = 1

SHOW = -1.28 LIFT = 2.66 SWET = 201.45 KINX = 30.43
LCLP = 851.47 PWAT = 39.02 TOTL = 48.31 CAPE = 0.00
LCLT = 284.82 CINS = 0.00 EQLV = -9999.00 LFCT = -9999.00
BRCH = 0.00

PRES TMPC TMWC DWPC THTE DRCT SKNT OMEG
CFRL HGHT
997.40 24.84 17.96 14.10 328.30 182.79 7.96 0.00
0.00 192.67
994.40 24.14 17.59 13.87 327.44 183.12 10.70 0.00
0.00 219.08
989.00 23.54 17.28 13.69 327.10 183.58 12.45 0.00
0.00 266.70
979.50 22.54 16.77 13.42 326.66 184.76 14.02 -0.10
0.00 350.89
965.60 21.34 16.12 13.03 326.34 186.50 15.44 -0.10
0.00 475.08
947.80 19.84 15.18 12.34 325.66 191.43 18.63 0.00
0.00 636.00
926.40 18.54 15.04 12.97 328.18 206.57 20.84 0.10
0.00 832.59
903.10 18.04 15.91 14.75 334.60 214.90 20.38 0.20
0.00 1051.33
877.70 17.24 15.44 14.46 336.81 219.42 18.36 0.30
3.00 1295.89
849.40 15.94 14.15 13.13 336.64 223.60 16.90 0.30
9.00 1575.80
818.10 15.04 12.34 10.71 335.39 227.05 15.38 0.30
5.00 1895.05
784.00 13.84 9.82 7.07 332.62 225.59 13.33 0.20
0.00 2255.41
746.90 11.64 7.58 4.54 331.79 239.35 12.20 0.20
0.00 2662.96
706.90 9.04 4.61 0.76 329.82 258.52 12.68 0.10
0.00 3121.48
664.00 5.14 1.06 -3.15 327.59 277.94 8.43 0.10
0.00 3636.66
618.10 1.24 -0.43 -2.07 332.03 337.25 6.53 0.10
0.00 4217.82
569.80 -2.66 -4.87 -7.65 330.20 335.16 11.56 0.00
0.00 4868.47
523.00 -7.66 -9.17 -11.46 329.81 321.19 11.46 0.00
0.00 5542.17
480.90 -11.26 -13.66 -18.73 329.21 295.41 8.61 0.00
0.00 6190.89
443.30 -14.36 -18.02 -31.21 328.92 249.78 11.79 0.00
0.00 6811.76
409.40 -18.16 -21.69 -41.00 330.15 236.46 20.05 -0.10
0.00 7410.13
378.70 -22.36 -25.02 -41.04 332.10 241.03 26.86 -0.20
0.00 7987.24
351.20 -26.26 -27.92 -37.16 334.70 240.00 27.58 -0.20
0.00 8536.48
326.30 -30.06 -30.62 -33.45 337.47 241.93 26.42 -0.30
42.00 9064.02
303.90 -33.46 -34.00 -37.55 338.84 256.66 26.94 -0.20
16.00 9566.72
283.80 -36.46 -37.46 -49.37 339.85 268.13 29.74 -0.20
0.00 10043.91
265.60 -39.66 -40.54 -55.27 341.37 271.33 33.41 -0.10
0.00 10500.03
248.80 -42.66 -43.34 -56.89 343.29 273.37 36.38 0.00
0.00 10943.77
233.60 -45.66 -46.23 -61.80 344.85 275.50 36.50 -0.10
0.00 11366.33
219.60 -48.66 -49.13 -67.41 346.28 276.71 33.26 -0.10
0.00 11775.16
205.70 -51.86 -52.20 -67.88 347.78 273.01 29.56 -0.10
0.00 12201.78
191.70 -55.06 -55.32 -73.19 349.67 265.17 27.68 0.00
0.00 12655.06
177.80 -57.56 -57.76 -73.70 353.18 259.18 26.90 0.00
0.00 13132.83
163.80 -59.76 -59.92 -74.24 357.86 264.33 27.53 0.00
0.00 13647.75
149.80 -62.26 -62.39 -74.84 362.82 278.39 30.63 0.00
0.00 14202.55
135.90 -63.96 -64.07 -75.48 370.05 295.31 31.80 0.00
0.00 14801.28
121.90 -64.76 -9999.00 -9999.00 -9999.00 306.09 25.72 0.00
0.00 15465.72
108.00 -64.36 -9999.00 -9999.00 -9999.00 302.91 15.73 0.00
0.00 16204.94
94.00 -63.56 -9999.00 -9999.00 -9999.00 282.23 11.93 0.00
0.00 17055.07
81.00 -61.16 -9999.00 -9999.00 -9999.00 301.76 9.60 0.00
0.00 17973.47
70.60 -60.56 -9999.00 -9999.00 -9999.00 360.00 0.97 0.00
0.00 18827.39
62.20 -59.36 -9999.00 -9999.00 -9999.00 90.00 0.97 0.00
0.00 19617.89
54.30 -57.16 -9999.00 -9999.00 -9999.00 73.89 9.09 0.00
0.00 20472.29
46.90 -56.26 -9999.00 -9999.00 -9999.00 80.07 15.77 0.00
0.00 21400.48
40.10 -54.86 -9999.00 -9999.00 -9999.00 81.60 17.29 0.00
0.00 22398.15
33.80 -53.26 -9999.00 -9999.00 -9999.00 70.39 17.95 0.00
0.00 23494.25
27.80 -51.36 -9999.00 -9999.00 -9999.00 64.42 20.24 0.00
0.00 24757.53
22.30 -48.76 -9999.00 -9999.00 -9999.00 69.03 24.96 0.00
0.00 26197.10
17.10 -45.16 -9999.00 -9999.00 -9999.00 76.72 28.75 0.00
0.00 27955.00
12.30 -41.76 -9999.00 -9999.00 -9999.00 79.26 34.40 0.00
0.00 30170.21

STID = KMDW STNM = 725340 TIME = 200808/1600 
SLAT = 41.78 SLON = -87.75 SELV = 183.0
STIM = 2

SHOW = -1.60 LIFT = 1.40 SWET = 203.00 KINX = 31.52
LCLP = 835.49 PWAT = 40.33 TOTL = 48.63 CAPE = 0.00
LCLT = 284.88 CINS = 0.00 EQLV = -9999.00 LFCT = -9999.00
BRCH = 0.00

PRES TMPC TMWC DWPC THTE DRCT SKNT OMEG
CFRL HGHT
997.60 26.54 18.71 14.46 330.90 190.44 7.50 0.00
0.00 192.73
994.60 25.64 18.34 14.34 330.03 189.09 9.83 0.00
0.00 219.27
989.20 24.94 18.05 14.24 329.73 188.97 11.21 0.00
0.00 267.13
979.70 23.94 17.61 14.09 329.51 189.90 12.43 -0.10
0.00 351.72
965.80 22.64 17.04 13.89 329.45 190.82 13.44 -0.10
0.00 476.49
947.90 21.04 16.35 13.69 329.59 192.53 14.34 -0.10
0.00 639.04
926.50 19.34 15.99 14.13 331.44 210.85 17.42 -0.10
0.00 836.38
903.10 18.54 16.54 15.48 336.87 216.38 18.34 0.00
0.00 1056.64
877.80 17.34 16.08 15.41 339.15 222.81 18.01 0.00
15.00 1300.57
849.50 16.34 14.49 13.47 337.86 229.25 16.67 0.00
20.00 1580.77
818.20 15.54 12.52 10.72 335.99 234.78 16.16 0.00
0.00 1900.50
784.00 13.94 10.12 7.57 333.59 233.13 14.57 -0.10
0.00 2262.30
746.90 11.54 7.55 4.56 331.70 237.99 12.82 -0.10
0.00 2669.89
706.90 8.94 4.82 1.31 330.41 256.43 11.60 -0.10
0.00 3128.28
664.00 5.34 1.25 -2.91 328.09 280.62 6.33 0.00
0.00 3643.60
618.20 1.44 -0.25 -1.89 332.47 3.81 5.85 0.00
0.00 4223.89
569.80 -2.76 -5.10 -8.10 329.66 354.99 11.11 0.10
0.00 4875.95
523.00 -7.56 -9.43 -12.39 329.23 329.66 9.23 0.20
0.00 5549.58
480.90 -10.96 -13.43 -18.60 329.66 287.45 7.13 0.10
0.00 6198.75
443.30 -14.36 -17.99 -30.89 328.99 242.70 13.56 0.00
0.00 6819.98
409.40 -18.56 -22.02 -41.76 329.56 244.89 20.59 -0.10
0.00 7417.89
378.80 -22.66 -24.69 -34.03 332.75 245.11 26.77 -0.10
0.00 7992.29
351.20 -26.56 -27.49 -31.57 335.50 239.55 29.53 -0.10
0.00 8542.90
326.30 -30.36 -30.72 -32.47 337.30 238.37 28.52 -0.10
85.00 9069.86
303.90 -33.86 -34.47 -38.80 338.05 247.41 26.30 -0.10
27.00 9571.83
283.80 -36.66 -37.71 -51.31 339.44 258.94 26.32 0.00
0.00 10048.40
265.60 -39.36 -40.22 -53.42 341.89 265.50 32.15 0.00
0.00 10504.62
248.80 -42.16 -42.86 -55.81 344.08 268.35 40.42 0.00
0.00 10949.13
233.60 -45.36 -45.92 -60.07 345.35 270.26 42.54 0.00
0.00 11372.42
219.60 -48.66 -49.10 -64.44 346.32 272.30 38.69 0.00
0.00 11781.53
205.70 -51.96 -52.29 -67.88 347.62 271.05 31.66 0.00
0.00 12208.06
191.70 -55.06 -55.32 -73.19 349.67 263.22 27.97 0.00
0.00 12661.24
177.80 -57.46 -57.67 -73.70 353.34 258.93 27.31 0.10
0.00 13139.12
163.80 -59.16 -59.34 -74.24 358.87 268.80 27.78 0.10
0.00 13654.88
149.80 -61.36 -61.50 -74.84 364.36 285.03 29.97 0.10
0.00 14211.64
135.90 -63.26 -63.38 -75.48 371.28 297.88 30.32 0.00
0.00 14812.65
121.90 -64.26 -9999.00 -9999.00 -9999.00 303.57 24.94 0.00
0.00 15479.00
108.00 -64.26 -9999.00 -9999.00 -9999.00 293.82 16.36 0.00
0.00 16219.28
94.00 -63.86 -9999.00 -9999.00 -9999.00 278.37 13.34 0.00
0.00 17069.01
81.00 -61.66 -9999.00 -9999.00 -9999.00 309.61 7.30 0.00
0.00 17985.66
70.60 -61.26 -9999.00 -9999.00 -9999.00 104.04 2.41 0.00
0.00 18837.17
62.20 -58.96 -9999.00 -9999.00 -9999.00 84.29 3.90 0.00
0.00 19627.11
54.30 -57.06 -9999.00 -9999.00 -9999.00 82.87 12.53 0.00
0.00 20482.50
46.90 -55.86 -9999.00 -9999.00 -9999.00 92.29 14.59 0.00
0.00 21411.77
40.10 -54.46 -9999.00 -9999.00 -9999.00 84.74 14.82 0.00
0.00 22411.28
33.80 -53.36 -9999.00 -9999.00 -9999.00 70.20 15.48 0.00
0.00 23508.12
27.80 -51.56 -9999.00 -9999.00 -9999.00 65.35 18.16 0.00
0.00 24770.54
22.30 -49.36 -9999.00 -9999.00 -9999.00 74.38 23.80 0.00
0.00 26207.53
17.10 -46.16 -9999.00 -9999.00 -9999.00 79.59 29.04 0.00
0.00 27959.22
12.30 -41.76 -9999.00 -9999.00 -9999.00 84.75 38.23 0.00
0.00 30169.60

STID = KMDW STNM = 725340 TIME = 200808/1700 
SLAT = 41.78 SLON = -87.75 SELV = 183.0
STIM = 3

SHOW = -1.32 LIFT = 0.22 SWET = 202.01 KINX = 32.19
LCLP = 833.57 PWAT = 41.38 TOTL = 48.04 CAPE = 0.00
LCLT = 285.95 CINS = 0.00 EQLV = -9999.00 LFCT = -9999.00
BRCH = 0.00

PRES TMPC TMWC DWPC THTE DRCT SKNT OMEG
CFRL HGHT
997.40 27.84 19.73 15.58 334.72 190.30 6.51 0.00
0.00 192.78
994.50 26.94 19.39 15.49 333.88 188.13 8.24 0.00
0.00 218.57
989.00 26.24 19.10 15.40 333.61 188.65 9.03 0.00
0.00 267.55
979.50 25.24 18.69 15.27 333.44 189.09 9.83 -0.10
0.00 352.57
965.60 23.94 18.13 15.07 333.39 190.68 10.47 -0.10
0.00 477.98
947.70 22.24 17.42 14.85 333.40 192.09 11.13 -0.10
0.00 641.33
926.30 20.34 16.81 14.93 334.36 206.94 13.29 -0.10
0.00 839.54
902.90 19.04 16.66 15.42 337.36 217.16 15.11 -0.10
0.00 1060.45
877.60 17.24 15.88 15.15 338.43 225.00 16.49 -0.10
14.00 1304.58
849.30 16.24 14.47 13.48 337.79 233.53 16.67 -0.10
21.00 1584.73
818.00 15.64 12.60 10.80 336.31 243.12 15.89 -0.10
5.00 1904.55
783.80 13.84 10.37 8.10 334.43 243.79 14.06 -0.10
1.00 2266.48
746.80 11.34 7.59 4.80 331.84 241.59 13.48 -0.10
0.00 2672.88
706.80 8.74 5.15 2.21 331.40 252.76 11.79 0.00
0.00 3131.09
663.90 5.34 1.45 -2.43 328.63 271.74 6.41 0.00
0.00 3646.39
618.00 1.44 -0.34 -2.09 332.27 11.89 3.77 0.10
0.00 4228.10
569.70 -2.76 -5.28 -8.57 329.27 2.66 8.35 0.10
0.00 4878.94
523.00 -7.36 -9.71 -13.63 328.60 318.81 6.20 0.20
0.00 5551.35
480.90 -10.66 -13.39 -19.19 329.74 265.82 7.98 0.10
0.00 6201.07
443.30 -14.56 -17.83 -28.45 329.34 243.11 15.46 0.10
0.00 6822.44
409.40 -19.26 -21.79 -32.04 330.12 250.22 18.38 0.00
0.00 7419.40
378.70 -23.06 -24.49 -30.13 333.18 246.18 23.56 0.00
0.00 7994.61
351.10 -26.66 -26.93 -27.93 336.52 235.90 29.80 0.00
100.00 8544.91
326.30 -30.46 -30.80 -32.47 337.17 233.81 29.60 0.00
100.00 9069.67
303.90 -33.76 -34.78 -43.80 337.50 239.60 27.25 0.00
0.00 9571.61
283.80 -36.46 -37.57 -52.86 339.64 249.76 29.20 0.00
0.00 10048.46
265.60 -39.16 -40.07 -54.30 342.14 259.62 37.72 0.00
0.00 10505.06
248.80 -42.46 -43.18 -58.13 343.55 265.09 43.08 0.00
0.00 10949.47
233.60 -45.56 -46.13 -61.80 345.00 267.47 43.94 0.00
0.00 11372.30
219.60 -48.66 -49.10 -64.44 346.32 268.94 42.15 0.00
0.00 11781.22
205.70 -51.86 -52.20 -67.88 347.78 269.35 34.19 0.00
0.00 12207.85
191.70 -54.86 -55.13 -73.19 349.99 263.62 27.95 0.00
0.00 12661.34
177.80 -56.66 -56.89 -73.70 354.65 262.09 28.24 0.00
0.00 13140.32
163.80 -58.46 -58.66 -74.24 360.04 273.39 29.58 0.00
0.00 13657.88
149.80 -61.06 -61.21 -74.84 364.88 288.08 29.43 0.00
0.00 14215.95
135.90 -63.16 -63.28 -75.48 371.46 299.84 28.88 -0.10
0.00 14817.52
121.90 -64.86 -9999.00 -9999.00 -9999.00 304.44 24.73 -0.10
0.00 15483.08
108.00 -65.06 -9999.00 -9999.00 -9999.00 289.98 15.91 0.00
0.00 16220.88
94.00 -64.06 -9999.00 -9999.00 -9999.00 270.00 12.24 0.00
0.00 17068.58
81.00 -61.66 -9999.00 -9999.00 -9999.00 309.29 2.76 0.00
0.00 17984.79
70.60 -61.66 -9999.00 -9999.00 -9999.00 126.25 3.61 0.00
0.00 18835.50
62.20 -59.06 -9999.00 -9999.00 -9999.00 60.02 5.83 0.00
0.00 19624.52
54.30 -58.06 -9999.00 -9999.00 -9999.00 77.85 12.92 0.00
0.00 20477.72
46.90 -56.26 -9999.00 -9999.00 -9999.00 84.64 12.49 0.00
0.00 21403.98
40.10 -54.86 -9999.00 -9999.00 -9999.00 74.60 13.91 0.00
0.00 22401.66
33.80 -53.16 -9999.00 -9999.00 -9999.00 67.09 14.98 0.00
0.00 23498.00
27.80 -51.16 -9999.00 -9999.00 -9999.00 65.75 19.39 0.00
0.00 24762.14
22.30 -48.46 -9999.00 -9999.00 -9999.00 75.96 23.23 0.00
0.00 26203.32
17.10 -45.26 -9999.00 -9999.00 -9999.00 86.66 29.97 0.00
0.00 27962.00
12.30 -41.76 -9999.00 -9999.00 -9999.00 87.64 37.72 0.00
0.00 30176.72

STID = KMDW STNM = 725340 TIME = 200808/1800 
SLAT = 41.78 SLON = -87.75 SELV = 183.0
STIM = 4

SHOW = -1.27 LIFT = -0.94 SWET = 207.52 KINX = 33.04
LCLP = 830.69 PWAT = 42.20 TOTL = 47.73 CAPE = 126.47
LCLT = 286.85 CINS = -165.18 EQLV = 343.54 LFCT = 602.10
BRCH = 15.73

PRES TMPC TMWC DWPC THTE DRCT SKNT OMEG
CFRL HGHT
996.80 29.04 20.63 16.55 338.32 191.31 6.93 0.00
0.00 192.83
993.80 28.24 20.34 16.48 337.64 189.04 8.66 0.00
0.00 219.65
988.40 27.54 20.06 16.38 337.34 188.30 9.42 -0.10
0.00 268.00
978.90 26.54 19.65 16.24 337.16 188.75 10.22 -0.20
0.00 353.48
965.00 25.14 19.06 16.03 336.98 189.29 10.82 -0.20
0.00 479.54
947.10 23.44 18.33 15.75 336.87 190.92 11.29 -0.30
0.00 643.74
925.70 21.54 17.51 15.44 337.00 192.63 11.54 -0.30
0.00 842.94
902.40 19.64 16.81 15.35 337.99 212.59 14.06 -0.20
0.00 1063.73
877.00 17.74 15.81 14.78 338.25 225.95 16.49 -0.20
0.00 1309.43
848.70 15.84 14.48 13.72 337.95 231.24 17.68 -0.20
21.00 1589.81
817.50 15.14 12.63 11.15 336.49 240.50 16.96 -0.20
11.00 1908.36
783.40 13.74 10.41 8.24 334.63 245.22 13.91 -0.10
2.00 2269.10
746.30 11.34 7.87 5.35 332.78 244.20 12.94 -0.10
0.00 2676.82
706.40 8.64 5.63 3.27 332.87 252.15 12.04 0.00
0.00 3134.19
663.50 5.44 1.66 -2.03 329.26 262.88 6.25 0.10
0.00 3649.89
617.70 1.64 -0.43 -2.49 332.08 26.57 1.73 0.20
0.00 4230.97
569.50 -2.66 -5.63 -9.71 328.47 360.00 6.02 0.20
0.00 4881.00
522.80 -7.26 -9.95 -14.63 328.11 294.62 5.13 0.10
0.00 5553.81
480.80 -10.56 -13.34 -19.26 329.85 257.99 9.34 0.00
0.00 6202.38
443.20 -14.76 -17.59 -25.90 329.87 253.74 14.57 0.00
0.00 6823.80
409.30 -19.66 -21.38 -27.09 330.95 259.51 16.01 0.00
0.00 7420.31
378.70 -23.26 -24.30 -28.04 333.55 250.73 21.19 -0.10
0.00 7993.14
351.10 -26.86 -27.12 -28.13 336.18 237.17 28.67 -0.10
100.00 8543.02
326.20 -30.36 -31.14 -35.54 336.60 232.09 30.03 0.00
0.00 9069.83
303.90 -33.36 -34.73 -50.02 337.55 236.31 29.41 0.00
0.00 9570.08
283.70 -36.16 -37.36 -54.73 340.02 249.82 34.36 0.00
0.00 10050.07
265.60 -39.46 -40.45 -60.81 341.49 260.12 39.63 0.00
0.00 10504.23
248.80 -42.76 -43.55 -66.51 342.92 265.52 42.29 0.00
0.00 10948.05
233.60 -45.66 -46.30 -71.85 344.72 266.74 44.37 0.00
0.00 11370.50
219.60 -48.66 -49.15 -72.27 346.23 267.25 44.54 0.00
0.00 11779.33
205.70 -51.56 -51.91 -67.88 348.25 268.78 36.52 0.00
0.00 12206.24
191.70 -53.96 -54.26 -73.19 351.44 263.87 29.12 0.10
0.00 12660.97
177.80 -55.96 -56.21 -73.70 355.80 265.46 29.43 0.10
0.00 13141.71
163.80 -58.16 -58.37 -74.24 360.55 277.59 29.39 0.00
0.00 13660.47
149.80 -61.26 -61.41 -74.84 364.54 290.46 27.78 0.00
0.00 14218.67
135.90 -63.86 -63.97 -75.48 370.22 299.31 25.39 0.00
0.00 14818.96
121.90 -65.26 -9999.00 -9999.00 -9999.00 295.08 20.16 0.00
0.00 15482.77
108.00 -64.66 -9999.00 -9999.00 -9999.00 268.34 13.40 0.00
0.00 16220.57
94.00 -63.26 -9999.00 -9999.00 -9999.00 260.73 9.63 0.00
0.00 17070.71
81.00 -61.56 -9999.00 -9999.00 -9999.00 36.87 1.94 0.00
0.00 17988.88
70.60 -61.96 -9999.00 -9999.00 -9999.00 144.46 1.67 0.00
0.00 18839.19
62.20 -58.96 -9999.00 -9999.00 -9999.00 51.01 5.24 0.00
0.00 19627.84
54.30 -57.96 -9999.00 -9999.00 -9999.00 92.34 9.52 0.00
0.00 20481.43
46.90 -55.76 -9999.00 -9999.00 -9999.00 94.76 9.36 0.00
0.00 21408.98
40.10 -54.86 -9999.00 -9999.00 -9999.00 76.43 11.60 0.00
0.00 22407.80
33.80 -52.86 -9999.00 -9999.00 -9999.00 66.41 15.05 0.00
0.00 23504.90
27.80 -50.96 -9999.00 -9999.00 -9999.00 68.10 21.35 0.00
0.00 24770.47
22.30 -48.46 -9999.00 -9999.00 -9999.00 75.40 23.89 0.00
0.00 26212.29
17.10 -45.66 -9999.00 -9999.00 -9999.00 86.66 29.97 0.00
0.00 27969.42
12.30 -42.66 -9999.00 -9999.00 -9999.00 90.60 36.91 0.00
0.00 30177.87

STID = KMDW STNM = 725340 TIME = 200808/1900 
SLAT = 41.78 SLON = -87.75 SELV = 183.0
STIM = 5

SHOW = -1.73 LIFT = -2.29 SWET = 206.20 KINX = 35.13
LCLP = 825.98 PWAT = 42.94 TOTL = 48.84 CAPE = 385.17
LCLT = 287.43 CINS = -87.44 EQLV = 317.33 LFCT = 645.75
BRCH = 38.37

PRES TMPC TMWC DWPC THTE DRCT SKNT OMEG
CFRL HGHT
996.80 30.14 21.34 17.23 341.18 188.75 7.67 0.00
0.00 192.87
993.80 29.24 21.02 17.15 340.36 185.71 9.75 0.00
0.00 219.79
988.40 28.54 20.74 17.05 340.06 185.19 10.72 -0.10
0.00 268.32
978.90 27.54 20.33 16.90 339.86 185.81 11.52 -0.10
0.00 354.11
965.00 26.24 19.77 16.66 339.73 186.44 12.12 -0.20
0.00 480.65
947.10 24.54 19.04 16.37 339.61 188.13 12.35 -0.30
0.00 645.50
925.70 22.54 18.16 16.00 339.50 191.48 12.68 -0.30
0.00 845.47
902.30 20.44 17.19 15.55 339.43 197.10 13.21 -0.30
0.00 1067.94
877.00 18.54 16.08 14.79 339.24 221.52 15.83 -0.20
0.00 1313.36
848.70 16.54 14.57 13.49 338.27 230.84 17.54 -0.10
0.00 1594.46
817.50 14.54 12.68 11.59 336.68 235.46 18.16 0.00
16.00 1913.08
783.30 13.84 10.30 7.98 334.30 243.09 14.59 0.10
0.00 2274.60
746.30 11.34 8.32 6.21 334.19 247.38 12.63 0.10
0.00 2681.35
706.30 8.54 6.30 4.64 334.89 254.18 12.12 0.10
3.00 3139.99
663.50 5.64 1.92 -1.65 329.94 258.02 6.55 0.10
0.00 3654.74
617.70 1.84 -0.52 -2.91 331.83 341.57 0.62 0.10
0.00 4236.24
569.50 -2.46 -6.00 -11.16 327.60 344.93 5.23 0.10
0.00 4886.64
522.80 -7.36 -10.34 -15.81 327.28 286.86 6.70 -0.10
0.00 5559.46
480.80 -11.06 -13.50 -18.60 329.56 263.77 10.74 -0.20
0.00 6207.27
443.20 -15.26 -17.45 -23.27 330.19 258.20 13.29 -0.10
0.00 6827.57
409.30 -19.86 -21.06 -24.68 331.56 261.43 14.34 -0.10
0.00 7423.36
378.60 -23.66 -24.39 -26.92 333.42 251.74 19.83 0.00
6.00 7997.51
351.10 -26.86 -27.70 -31.44 335.15 237.99 27.49 0.10
100.00 8545.01
326.20 -29.76 -31.40 -45.11 336.07 233.48 31.66 0.10
0.00 9072.36
303.90 -32.76 -34.32 -54.16 338.19 244.96 35.80 0.10
0.00 9573.79
283.70 -36.36 -37.60 -58.54 339.61 254.01 35.98 0.10
0.00 10054.17
265.60 -39.56 -40.56 -63.02 341.30 258.41 38.68 0.00
0.00 10508.03
248.80 -42.76 -43.53 -63.51 342.97 262.74 41.51 0.00
0.00 10951.76
233.60 -45.46 -46.09 -66.97 345.07 266.00 44.60 0.00
0.00 11374.40
219.60 -48.36 -48.84 -67.41 346.74 269.25 44.29 0.00
0.00 11783.68
205.70 -50.96 -51.36 -72.71 349.15 271.87 35.76 0.00
0.00 12211.45
191.70 -53.06 -53.40 -73.19 352.88 267.35 29.37 0.00
0.00 12667.72
177.80 -55.26 -55.54 -73.70 356.95 268.43 28.38 0.00
0.00 13150.23
163.80 -58.16 -58.37 -74.24 360.55 277.13 26.63 0.00
0.00 13669.83
149.80 -61.36 -61.50 -74.84 364.36 283.48 24.16 0.00
0.00 14227.90
135.90 -63.86 -63.97 -75.48 370.22 287.29 21.56 0.00
0.00 14828.05
121.90 -64.86 -9999.00 -9999.00 -9999.00 281.07 18.20 0.00
0.00 15492.49
108.00 -64.76 -9999.00 -9999.00 -9999.00 262.60 15.07 0.00
0.00 16230.83
94.00 -63.86 -9999.00 -9999.00 -9999.00 270.99 11.27 0.00
0.00 17079.54
81.00 -62.56 -9999.00 -9999.00 -9999.00 270.00 1.75 0.00
0.00 17994.23
70.60 -61.96 -9999.00 -9999.00 -9999.00 236.31 4.90 0.00
0.00 18842.52
62.20 -58.36 -9999.00 -9999.00 -9999.00 59.74 2.70 0.00
0.00 19632.28
54.30 -57.86 -9999.00 -9999.00 -9999.00 110.73 7.69 0.00
0.00 20487.27
46.90 -56.36 -9999.00 -9999.00 -9999.00 103.45 9.19 0.00
0.00 21413.75
40.10 -56.06 -9999.00 -9999.00 -9999.00 79.05 12.28 0.00
0.00 22408.44
33.80 -53.36 -9999.00 -9999.00 -9999.00 66.96 18.36 0.00
0.00 23501.28
27.80 -50.16 -9999.00 -9999.00 -9999.00 72.86 24.40 0.00
0.00 24767.71
22.30 -47.26 -9999.00 -9999.00 -9999.00 85.05 24.77 0.00
0.00 26215.99
17.10 -44.06 -9999.00 -9999.00 -9999.00 93.08 25.29 0.00
0.00 27984.00
12.30 -41.56 -9999.00 -9999.00 -9999.00 88.04 28.38 0.00
0.00 30205.47

STID = KMDW STNM = 725340 TIME = 200808/2000 
SLAT = 41.78 SLON = -87.75 SELV = 183.0
STIM = 6

SHOW = -2.34 LIFT = -3.35 SWET = 224.39 KINX = 37.27
LCLP = 821.78 PWAT = 43.40 TOTL = 50.06 CAPE = 564.27
LCLT = 287.72 CINS = -42.71 EQLV = 285.69 LFCT = 705.81
BRCH = 48.99

PRES TMPC TMWC DWPC THTE DRCT SKNT OMEG
CFRL HGHT
995.10 30.74 21.70 17.58 342.97 188.13 8.24 0.00
0.00 192.90
992.10 29.84 21.39 17.50 342.14 186.46 10.35 0.00
0.00 219.93
986.60 29.14 21.11 17.40 341.85 184.84 11.50 -0.10
0.00 269.56
977.20 28.24 20.74 17.25 341.76 185.53 12.10 -0.10
0.00 354.79
963.30 26.94 20.18 17.01 341.64 186.15 12.70 -0.20
0.00 481.88
945.40 25.24 19.44 16.69 341.46 187.65 13.13 -0.30
0.00 647.43
924.10 23.24 18.57 16.31 341.31 190.01 13.42 -0.30
0.00 847.33
900.80 21.04 17.57 15.86 341.13 192.44 13.52 -0.30
0.00 1069.75
875.50 18.84 16.37 15.10 340.57 209.74 14.10 -0.20
0.00 1316.00
847.30 17.04 14.67 13.38 338.85 229.84 16.26 -0.10
0.00 1596.98
816.20 14.14 13.09 12.47 338.30 233.92 16.82 0.10
24.00 1915.20
782.10 13.74 10.11 7.70 333.88 242.76 14.86 0.20
4.00 2275.97
745.20 11.34 8.87 7.22 336.12 254.05 11.31 0.20
0.00 2682.21
705.30 8.34 6.81 5.72 336.63 260.87 11.01 0.10
7.00 3140.37
662.50 5.64 2.05 -1.33 330.48 263.09 6.45 0.10
0.00 3655.81
616.90 1.84 -0.60 -3.09 331.77 300.96 1.13 0.00
0.00 4235.59
568.80 -2.46 -6.42 -12.55 326.75 338.55 5.85 0.00
0.00 4885.39
522.30 -7.56 -11.19 -18.77 325.58 302.83 7.17 0.00
0.00 5555.66
480.40 -11.56 -13.82 -18.61 329.00 270.00 10.88 0.00
0.00 6201.55
442.80 -15.56 -17.42 -22.15 330.37 257.01 12.96 0.10
0.00 6821.47
409.10 -19.96 -20.86 -23.43 331.99 255.07 15.07 0.20
1.00 7413.74
378.50 -23.36 -24.61 -29.40 333.04 247.73 22.05 0.20
0.00 7986.45
350.90 -25.86 -27.98 -42.46 334.60 240.81 32.26 0.10
20.00 8537.48
326.20 -29.36 -31.30 -51.68 336.18 247.80 36.50 0.00
0.00 9062.14
303.80 -33.26 -34.77 -55.27 337.48 255.19 34.97 0.00
0.00 9565.78
283.70 -36.36 -37.60 -58.54 339.61 259.11 35.99 0.00
0.00 10043.36
265.60 -39.66 -40.63 -60.81 341.20 260.91 39.34 0.00
0.00 10497.13
248.80 -42.96 -43.71 -63.51 342.67 263.42 40.68 0.00
0.00 10940.57
233.60 -45.66 -46.28 -66.97 344.76 268.18 42.75 0.00
0.00 11362.84
219.60 -48.26 -48.75 -67.41 346.89 272.35 42.58 0.00
0.00 11772.03
205.70 -50.56 -50.98 -72.71 349.77 275.19 34.32 0.00
0.00 12200.28
191.70 -52.56 -52.92 -73.19 353.68 267.98 27.60 0.00
0.00 12657.48
177.70 -54.96 -55.25 -73.70 357.50 262.46 26.65 0.00
0.00 13144.48
163.80 -58.16 -58.37 -74.24 360.55 268.65 24.67 -0.10
0.00 13660.87
149.80 -61.66 -61.80 -74.84 363.85 276.01 22.26 -0.10
0.00 14218.56
135.90 -64.36 -64.46 -75.48 369.34 280.89 20.57 -0.10
0.00 14817.56
121.90 -65.46 -9999.00 -9999.00 -9999.00 278.21 19.04 0.00
0.00 15480.26
108.00 -65.46 -9999.00 -9999.00 -9999.00 264.23 17.39 0.00
0.00 16216.28
94.00 -64.66 -9999.00 -9999.00 -9999.00 273.32 13.42 0.00
0.00 17061.95
81.00 -62.66 -9999.00 -9999.00 -9999.00 255.38 4.62 0.00
0.00 17974.68
70.60 -61.26 -9999.00 -9999.00 -9999.00 260.54 5.91 0.00
0.00 18824.18
62.20 -57.96 -9999.00 -9999.00 -9999.00 51.34 4.97 0.00
0.00 19615.98
54.30 -58.26 -9999.00 -9999.00 -9999.00 99.21 7.28 0.00
0.00 20470.97
46.90 -57.86 -9999.00 -9999.00 -9999.00 85.52 9.95 0.00
0.00 21393.37
40.10 -57.46 -9999.00 -9999.00 -9999.00 66.70 13.75 0.00
0.00 22381.41
33.80 -54.16 -9999.00 -9999.00 -9999.00 68.50 20.67 0.00
0.00 23468.75
27.80 -49.76 -9999.00 -9999.00 -9999.00 77.47 23.29 0.00
0.00 24734.04
22.30 -46.66 -9999.00 -9999.00 -9999.00 82.69 22.92 0.00
0.00 26185.54
17.10 -44.36 -9999.00 -9999.00 -9999.00 77.24 21.11 0.00
0.00 27954.71
12.30 -41.16 -9999.00 -9999.00 -9999.00 82.13 24.13 0.00
0.00 30176.67

STID = KMDW STNM = 725340 TIME = 200808/2100 
SLAT = 41.78 SLON = -87.75 SELV = 183.0
STIM = 7

SHOW = -2.51 LIFT = -3.66 SWET = 228.57 KINX = 36.40
LCLP = 819.94 PWAT = 42.76 TOTL = 50.30 CAPE = 663.74
LCLT = 287.92 CINS = -56.77 EQLV = 260.43 LFCT = 685.05
BRCH = 47.11

PRES TMPC TMWC DWPC THTE DRCT SKNT OMEG
CFRL HGHT
993.90 31.04 21.91 17.80 344.03 185.19 8.59 0.00
0.00 192.93
991.00 30.24 21.62 17.71 343.28 184.01 11.09 0.00
0.00 219.11
985.50 29.54 21.34 17.60 342.97 183.58 12.45 0.00
0.00 268.87
976.10 28.64 20.97 17.45 342.88 183.37 13.23 0.00
0.00 354.32
962.20 27.34 20.41 17.20 342.74 184.03 13.83 0.00
0.00 481.74
944.30 25.64 19.68 16.88 342.56 185.48 14.24 -0.10
0.00 647.72
923.00 23.64 18.80 16.50 342.43 187.80 14.32 -0.10
0.00 848.14
899.70 21.54 17.84 16.04 342.34 190.10 14.39 0.00
0.00 1071.19
874.50 19.34 16.52 15.09 341.31 201.50 13.77 0.10
0.00 1317.19
846.30 17.34 14.81 13.44 339.50 228.18 14.86 0.30
0.00 1598.89
815.20 14.54 13.24 12.49 338.99 231.34 14.92 0.50
33.00 1917.89
781.30 14.64 10.20 7.23 334.26 240.46 13.40 0.50
2.00 2277.73
744.40 11.74 9.55 8.15 338.45 257.35 9.75 0.60
0.00 2685.37
704.60 8.84 6.53 4.85 335.89 265.24 9.36 0.40
0.00 3143.59
661.90 5.94 2.00 -1.76 330.44 261.57 5.30 0.30
0.00 3658.95
616.30 1.94 -0.74 -3.51 331.52 290.56 1.65 0.20
0.00 4239.64
568.40 -2.36 -6.97 -14.80 325.56 331.93 6.60 0.20
0.00 4887.41
521.90 -7.36 -11.78 -22.49 324.37 314.09 8.66 0.10
0.00 5558.36
480.10 -11.56 -13.89 -18.88 328.93 275.81 11.52 0.10
0.00 6203.31
442.70 -15.46 -17.09 -21.04 331.02 263.66 12.32 0.10
0.00 6820.33
408.90 -19.76 -20.78 -23.68 332.19 260.31 16.16 0.10
0.00 7414.95
378.40 -22.76 -25.06 -37.11 332.17 255.96 25.62 -0.10
0.00 7986.82
350.90 -26.06 -28.47 -51.05 333.70 257.55 32.42 -0.20
0.00 8536.26
326.10 -29.76 -31.68 -53.57 335.58 261.10 32.63 -0.20
0.00 9062.45
303.80 -33.06 -34.62 -56.53 337.71 263.12 34.05 -0.10
0.00 9563.71
283.70 -36.46 -37.71 -60.30 339.42 264.64 37.45 -0.10
0.00 10041.38
265.60 -39.96 -40.90 -60.81 340.76 261.00 39.72 -0.10
0.00 10494.77
248.80 -43.26 -43.99 -63.51 342.23 261.79 40.83 -0.10
0.00 10937.63
233.60 -45.96 -46.56 -66.97 344.31 266.59 42.42 -0.10
0.00 11359.35
219.60 -48.36 -48.87 -72.27 346.69 270.79 42.15 0.00
0.00 11768.18
205.70 -50.66 -51.08 -72.71 349.62 273.54 34.63 0.00
0.00 12196.23
191.70 -52.66 -53.01 -73.19 353.52 266.71 27.04 0.00
0.00 12653.23
177.80 -55.16 -55.44 -73.70 357.11 256.27 26.20 0.00
0.00 13136.29
163.80 -58.46 -58.66 -74.24 360.04 259.46 25.49 0.00
0.00 13655.64
149.80 -61.96 -62.09 -74.84 363.33 270.00 22.53 0.00
0.00 14212.54
135.90 -64.76 -64.85 -75.48 368.63 274.40 20.26 0.00
0.00 14810.55
121.90 -65.26 -9999.00 -9999.00 -9999.00 267.08 19.06 0.00
0.00 15472.92
108.00 -65.16 -9999.00 -9999.00 -9999.00 252.94 20.53 0.00
0.00 16209.84
94.00 -64.36 -9999.00 -9999.00 -9999.00 266.19 14.61 0.00
0.00 17056.72
81.00 -62.36 -9999.00 -9999.00 -9999.00 265.03 4.49 0.00
0.00 17970.76
70.60 -61.06 -9999.00 -9999.00 -9999.00 328.24 4.80 0.00
0.00 18821.27
62.20 -58.66 -9999.00 -9999.00 -9999.00 68.40 10.02 0.00
0.00 19612.14
54.30 -58.96 -9999.00 -9999.00 -9999.00 98.75 10.22 0.00
0.00 20464.34
46.90 -58.46 -9999.00 -9999.00 -9999.00 83.35 11.73 0.00
0.00 21383.96
40.10 -55.76 -9999.00 -9999.00 -9999.00 68.34 14.22 0.00
0.00 22374.53
33.80 -52.26 -9999.00 -9999.00 -9999.00 73.91 21.02 0.00
0.00 23470.87
27.80 -49.76 -9999.00 -9999.00 -9999.00 79.45 20.16 0.00
0.00 24741.59
22.30 -47.46 -9999.00 -9999.00 -9999.00 81.87 17.85 0.00
0.00 26190.52
17.10 -45.26 -9999.00 -9999.00 -9999.00 60.10 17.93 0.00
0.00 27953.08
12.30 -41.36 -9999.00 -9999.00 -9999.00 65.77 25.56 0.00
0.00 30169.73

STID = KMDW STNM = 725340 TIME = 200808/2200 
SLAT = 41.78 SLON = -87.75 SELV = 183.0
STIM = 8

SHOW = -2.66 LIFT = -4.01 SWET = 236.30 KINX = 35.32
LCLP = 821.02 PWAT = 42.15 TOTL = 50.73 CAPE = 754.94
LCLT = 288.11 CINS = -81.82 EQLV = 249.51 LFCT = 665.62
BRCH = 44.79

PRES TMPC TMWC DWPC THTE DRCT SKNT OMEG
CFRL HGHT
994.00 31.14 22.04 17.98 344.58 185.08 8.78 0.00
0.00 192.93
991.00 30.44 21.79 17.90 343.99 183.81 11.67 0.00
0.00 220.03
985.60 29.74 21.52 17.80 343.68 184.21 13.25 0.00
0.00 268.92
976.20 28.84 21.14 17.64 343.57 184.70 14.22 0.00
0.00 354.43
962.30 27.54 20.59 17.40 343.46 186.01 14.84 0.00
0.00 481.92
944.40 25.84 19.86 17.08 343.28 187.31 15.27 0.00
0.00 648.02
923.10 23.94 19.01 16.69 343.24 189.46 15.37 -0.10
0.00 848.60
899.80 21.74 18.01 16.22 343.01 192.99 15.54 -0.10
0.00 1071.84
874.60 19.64 16.72 15.25 342.04 202.09 14.47 0.00
0.00 1318.04
846.40 17.84 14.86 13.25 339.66 228.24 14.59 0.10
0.00 1600.09
815.30 15.04 13.24 12.22 338.99 231.93 14.80 0.20
21.00 1919.57
781.30 15.54 10.45 7.07 335.06 240.78 13.13 0.30
0.00 2281.30
744.40 12.14 9.84 8.39 339.40 255.96 8.82 0.20
0.00 2689.87
704.60 9.34 6.18 3.80 334.82 262.50 7.44 0.10
0.00 3148.76
661.90 6.34 2.05 -2.09 330.54 263.99 3.71 0.10
0.00 3664.84
616.40 2.24 -0.96 -4.37 330.93 321.34 2.49 0.10
0.00 4244.87
568.40 -2.26 -7.61 -17.92 324.08 338.68 8.55 0.10
0.00 4894.26
522.00 -7.26 -11.56 -21.59 324.80 326.31 11.21 0.10
0.00 5563.88
480.10 -11.76 -14.05 -19.01 328.61 291.25 11.25 0.00
0.00 6210.20
442.70 -15.66 -17.01 -20.15 331.20 274.32 10.33 0.00
0.00 6826.76
408.90 -19.76 -21.14 -25.41 331.50 267.10 15.37 0.00
6.00 7421.14
378.40 -22.76 -25.61 -47.44 331.11 262.43 25.08 -0.10
0.00 7992.93
350.90 -26.46 -28.85 -54.07 333.04 267.36 29.56 -0.10
0.00 8541.88
326.10 -29.66 -31.57 -52.58 335.76 265.91 32.71 0.00
0.00 9067.74
303.80 -32.96 -34.56 -58.00 337.81 269.07 35.94 0.00
0.00 9569.20
283.70 -36.56 -37.80 -60.30 339.28 266.42 40.48 0.00
0.00 10046.88
265.60 -40.06 -40.99 -60.81 340.62 262.81 40.33 0.00
0.00 10500.07
248.80 -43.26 -43.99 -63.51 342.23 263.07 41.88 0.00
0.00 10942.84
233.60 -45.86 -46.46 -66.97 344.46 266.95 43.76 0.00
0.00 11364.65
219.60 -48.36 -48.84 -67.41 346.74 271.05 42.54 0.00
0.00 11773.57
205.70 -50.46 -50.89 -72.71 349.93 273.66 33.49 0.00
0.00 12201.82
191.70 -52.56 -52.92 -73.19 353.68 268.26 25.66 0.00
0.00 12659.12
177.70 -55.16 -55.44 -73.70 357.17 257.37 24.88 0.00
0.00 13145.90
163.80 -58.46 -58.66 -74.24 360.04 259.54 25.68 -0.10
0.00 13661.70
149.80 -61.86 -61.99 -74.84 363.50 269.08 24.09 0.00
0.00 14218.72
135.90 -64.26 -64.36 -75.48 369.52 270.51 21.95 0.00
0.00 14817.59
121.90 -64.86 -9999.00 -9999.00 -9999.00 259.84 20.92 0.00
0.00 15481.40
108.00 -65.26 -9999.00 -9999.00 -9999.00 255.84 22.24 0.00
0.00 16218.84
94.00 -64.26 -9999.00 -9999.00 -9999.00 278.93 13.77 0.00
0.00 17065.73
81.00 -61.86 -9999.00 -9999.00 -9999.00 280.01 3.36 0.00
0.00 17981.07
70.60 -59.46 -9999.00 -9999.00 -9999.00 25.20 3.65 0.00
0.00 18835.80
62.20 -57.66 -9999.00 -9999.00 -9999.00 109.44 10.51 0.00
0.00 19631.49
54.30 -57.86 -9999.00 -9999.00 -9999.00 129.61 7.30 0.00
0.00 20487.87
46.90 -56.76 -9999.00 -9999.00 -9999.00 77.12 6.97 0.00
0.00 21413.49
40.10 -53.56 -9999.00 -9999.00 -9999.00 58.20 11.42 0.00
0.00 22413.00
33.80 -51.36 -9999.00 -9999.00 -9999.00 80.65 16.72 0.00
0.00 23517.10
27.80 -49.76 -9999.00 -9999.00 -9999.00 86.51 15.97 0.00
0.00 24790.39
22.30 -48.56 -9999.00 -9999.00 -9999.00 77.40 16.92 0.00
0.00 26235.77
17.10 -45.76 -9999.00 -9999.00 -9999.00 69.80 21.93 0.00
0.00 27992.12
12.30 -41.26 -9999.00 -9999.00 -9999.00 69.23 30.13 0.00
0.00 30206.84

STID = KMDW STNM = 725340 TIME = 200808/2300 
SLAT = 41.78 SLON = -87.75 SELV = 183.0
STIM = 9

SHOW = -2.95 LIFT = -4.32 SWET = 246.81 KINX = 34.91
LCLP = 826.75 PWAT = 41.96 TOTL = 51.18 CAPE = 829.80
LCLT = 288.45 CINS = -91.59 EQLV = 244.78 LFCT = 663.48
BRCH = 41.78

PRES TMPC TMWC DWPC THTE DRCT SKNT OMEG
CFRL HGHT
994.60 30.94 22.13 18.22 344.87 184.97 8.97 0.00
0.00 192.92
991.70 30.34 21.90 18.14 344.38 184.54 12.28 0.00
0.00 219.09
986.20 29.74 21.65 18.02 344.15 184.70 14.22 0.00
0.00 268.85
976.70 28.84 21.27 17.86 344.06 185.78 15.42 0.10
0.00 355.22
962.80 27.54 20.72 17.62 343.94 186.87 16.24 0.10
0.00 482.67
945.00 25.94 20.02 17.30 343.87 188.70 16.71 0.10
0.00 647.79
923.60 23.94 19.15 16.92 343.75 191.18 17.04 0.10
0.00 849.25
900.30 21.74 18.17 16.46 343.54 195.31 16.92 0.10
0.00 1072.39
875.00 19.64 16.93 15.58 342.79 202.73 15.58 0.20
0.00 1319.48
846.80 17.94 15.00 13.42 340.10 227.16 14.57 0.30
0.00 1601.48
815.70 15.44 13.22 11.96 338.84 231.58 14.37 0.40
20.00 1921.07
781.70 16.04 10.50 6.79 335.12 241.39 12.16 0.30
0.00 2283.14
744.80 12.34 9.89 8.35 339.50 252.03 7.56 0.30
0.00 2691.98
704.90 9.54 5.99 3.24 334.16 259.11 5.15 0.20
0.00 3152.08
662.20 6.54 2.08 -2.25 330.54 264.81 2.14 0.20
0.00 3668.25
616.60 2.44 -1.34 -5.57 329.92 344.48 3.63 0.20
0.00 4249.67
568.60 -2.16 -7.50 -17.63 324.30 347.83 10.14 0.20
0.00 4899.12
522.10 -7.36 -10.94 -18.22 326.13 335.94 11.91 0.10
0.00 5570.09
480.20 -11.86 -14.31 -19.82 328.06 306.38 9.17 0.00
0.00 6216.11
442.70 -15.86 -17.41 -21.25 330.41 268.78 9.13 0.00
0.00 6833.84
409.00 -19.56 -22.14 -33.25 329.57 265.50 17.35 0.10
0.00 7426.25
378.40 -22.76 -25.65 -48.81 331.03 274.89 22.80 0.00
0.00 7999.96
350.90 -26.46 -28.73 -48.77 333.28 272.22 30.13 0.10
0.00 8548.91
326.10 -29.76 -31.57 -49.41 335.78 272.01 33.24 0.10
0.00 9074.69
303.80 -33.16 -34.73 -58.00 337.53 273.88 34.46 0.10
0.00 9575.84
283.70 -36.76 -37.98 -60.30 338.99 269.14 39.04 0.10
0.00 10053.11
265.60 -40.16 -41.08 -60.81 340.47 263.54 39.69 0.10
0.00 10506.02
248.80 -43.26 -43.99 -63.51 342.23 262.51 41.72 0.00
0.00 10948.69
233.60 -46.06 -46.65 -66.97 344.16 266.93 43.57 0.00
0.00 11370.32
219.60 -48.46 -48.94 -67.41 346.59 271.33 41.98 0.00
0.00 11778.97
205.70 -50.56 -50.98 -72.71 349.77 272.30 33.82 0.00
0.00 12207.03
191.70 -52.56 -52.92 -73.19 353.68 265.98 24.92 0.00
0.00 12664.23
177.70 -55.26 -55.54 -73.70 357.01 257.07 24.32 -0.10
0.00 13150.90
163.80 -58.36 -58.56 -74.24 360.21 258.28 26.79 -0.10
0.00 13666.69
149.80 -61.56 -61.70 -74.84 364.02 264.77 27.70 0.00
0.00 14224.24
135.90 -63.96 -9999.00 -9999.00 -9999.00 266.48 25.29 0.00
0.00 14823.96
121.90 -65.06 -9999.00 -9999.00 -9999.00 260.70 22.82 0.00
0.00 15487.92
108.00 -65.56 -9999.00 -9999.00 -9999.00 263.83 21.68 0.00
0.00 16224.48
94.00 -64.36 -9999.00 -9999.00 -9999.00 287.61 12.84 0.00
0.00 17070.55
81.00 -61.96 -9999.00 -9999.00 -9999.00 270.00 3.30 0.00
0.00 17985.46
70.60 -59.76 -9999.00 -9999.00 -9999.00 29.74 1.57 0.00
0.00 18839.39
62.20 -58.16 -9999.00 -9999.00 -9999.00 145.95 8.68 0.00
0.00 19633.59
54.30 -57.66 -9999.00 -9999.00 -9999.00 167.91 2.78 0.00
0.00 20489.38
46.90 -56.16 -9999.00 -9999.00 -9999.00 39.40 7.03 0.00
0.00 21416.71
40.10 -53.66 -9999.00 -9999.00 -9999.00 45.60 13.05 0.00
0.00 22417.37
33.80 -52.66 -9999.00 -9999.00 -9999.00 77.01 15.54 0.00
0.00 23517.96
27.80 -51.66 -9999.00 -9999.00 -9999.00 93.14 14.20 0.00
0.00 24782.11
22.30 -49.16 -9999.00 -9999.00 -9999.00 75.32 16.86 0.00
0.00 26219.42
17.10 -44.06 -9999.00 -9999.00 -9999.00 70.17 30.36 0.00
0.00 27980.04
12.30 -41.06 -9999.00 -9999.00 -9999.00 70.59 36.25 0.00
0.00 30203.92

STID = KMDW STNM = 725340 TIME = 200809/0000 
SLAT = 41.78 SLON = -87.75 SELV = 183.0
STIM = 10

SHOW = -2.83 LIFT = -4.39 SWET = 244.91 KINX = 34.11
LCLP = 836.66 PWAT = 41.61 TOTL = 50.99 CAPE = 885.29
LCLT = 288.92 CINS = -99.73 EQLV = 239.44 LFCT = 659.03
BRCH = 38.82

PRES TMPC TMWC DWPC THTE DRCT SKNT OMEG
CFRL HGHT
995.00 30.44 22.16 18.52 345.00 186.48 8.61 0.00
0.00 192.00
992.00 29.94 21.95 18.41 344.55 186.24 12.51 0.00
0.00 219.03
986.50 29.44 21.73 18.30 344.47 187.59 14.70 0.00
0.00 268.72
977.10 28.54 21.35 18.13 344.34 188.80 16.51 0.10
0.00 354.09
963.10 27.24 20.78 17.87 344.18 190.30 17.37 0.10
0.00 482.29
945.30 25.64 20.10 17.57 344.15 192.99 18.14 0.10
0.00 647.21
923.90 23.64 19.22 17.17 343.98 196.53 18.43 0.00
0.00 848.43
900.60 21.54 18.26 16.71 343.89 200.91 18.51 0.00
0.00 1071.34
875.30 19.44 17.08 15.92 343.35 208.00 17.39 0.10
0.00 1318.21
847.10 17.94 14.94 13.33 339.85 226.49 15.79 0.20
0.00 1600.03
815.90 15.64 13.10 11.64 338.37 231.34 14.92 0.20
11.00 1920.64
781.90 16.24 10.28 6.20 334.36 241.63 11.03 0.10
0.00 2282.82
745.00 12.34 9.77 8.14 339.06 247.83 5.67 0.10
0.00 2691.62
705.10 9.74 5.84 2.78 333.69 258.69 2.97 0.10
0.00 3151.71
662.40 6.74 2.06 -2.52 330.45 330.26 1.57 0.20
0.00 3668.05
616.80 2.64 -1.60 -6.56 329.18 360.00 6.02 0.30
0.00 4249.63
568.70 -2.26 -6.80 -14.35 325.89 356.12 11.48 0.30
0.00 4900.44
522.20 -7.36 -11.02 -18.56 325.94 337.71 12.80 0.20
0.00 5571.27
480.30 -11.76 -14.67 -21.78 327.30 308.45 8.43 0.10
0.00 6217.21
442.80 -15.66 -18.06 -25.00 329.12 267.09 11.48 0.10
0.00 6835.04
409.00 -19.26 -22.67 -44.98 328.47 276.28 19.54 0.10
0.00 7429.56
378.50 -22.96 -25.70 -45.69 330.93 282.06 23.23 0.10
0.00 8001.37
350.90 -26.66 -28.85 -47.50 333.09 281.46 29.33 0.10
0.00 8551.81
326.20 -29.96 -31.76 -50.10 335.44 281.31 30.71 0.10
0.00 9074.97
303.80 -33.56 -35.01 -54.16 337.09 280.53 30.83 0.20
0.00 9577.67
283.70 -37.06 -38.24 -60.30 338.56 272.91 34.42 0.20
0.00 10054.24
265.60 -40.46 -41.35 -60.81 340.03 263.85 38.09 0.10
0.00 10506.57
248.80 -43.46 -44.17 -63.51 341.93 262.02 40.60 0.10
0.00 10948.76
233.60 -46.26 -46.84 -66.97 343.85 265.97 41.47 0.00
0.00 11370.02
219.60 -48.66 -49.13 -67.41 346.28 269.16 39.63 0.10
0.00 11778.31
205.70 -50.46 -50.89 -72.71 349.93 269.33 33.22 0.10
0.00 12206.27
191.70 -52.46 -52.82 -73.19 353.84 260.04 25.84 0.00
0.00 12663.68
177.70 -55.26 -55.54 -73.70 357.01 252.43 24.46 0.00
0.00 13150.46
163.80 -58.26 -58.46 -74.24 360.38 256.66 26.94 0.00
0.00 13666.37
149.80 -61.36 -61.50 -74.84 364.36 264.90 30.61 0.00
0.00 14224.31
135.90 -63.86 -9999.00 -9999.00 -9999.00 270.00 29.33 0.00
0.00 14824.46
121.90 -65.36 -9999.00 -9999.00 -9999.00 268.17 24.30 0.00
0.00 15488.11
108.00 -65.76 -9999.00 -9999.00 -9999.00 270.53 20.98 0.00
0.00 16223.78
94.00 -64.26 -9999.00 -9999.00 -9999.00 293.46 11.23 0.00
0.00 17069.65
81.00 -61.46 -9999.00 -9999.00 -9999.00 250.56 3.50 0.00
0.00 17985.86
70.60 -59.06 -9999.00 -9999.00 -9999.00 218.66 1.24 0.00
0.00 18842.20
62.20 -58.46 -9999.00 -9999.00 -9999.00 182.05 5.44 0.00
0.00 19637.15
54.30 -57.66 -9999.00 -9999.00 -9999.00 337.52 6.10 0.00
0.00 20492.34
46.90 -57.06 -9999.00 -9999.00 -9999.00 24.06 11.91 0.00
0.00 21417.74
40.10 -55.66 -9999.00 -9999.00 -9999.00 60.44 14.96 0.00
0.00 22411.75
33.80 -54.46 -9999.00 -9999.00 -9999.00 82.71 16.84 0.00
0.00 23502.84
27.80 -51.76 -9999.00 -9999.00 -9999.00 82.06 16.86 0.00
0.00 24761.55
22.30 -47.56 -9999.00 -9999.00 -9999.00 59.53 22.98 0.00
0.00 26203.70
17.10 -42.46 -9999.00 -9999.00 -9999.00 68.91 31.86 0.00
0.00 27976.75
12.30 -40.36 -9999.00 -9999.00 -9999.00 76.86 33.31 0.00
0.00 30211.73

STID = KMDW STNM = 725340 TIME = 200809/0100 
SLAT = 41.78 SLON = -87.75 SELV = 183.0
STIM = 11

SHOW = -3.09 LIFT = -4.24 SWET = 250.25 KINX = 35.05
LCLP = 854.35 PWAT = 41.68 TOTL = 50.94 CAPE = 824.84
LCLT = 289.53 CINS = -102.43 EQLV = 245.41 LFCT = 658.80
BRCH = 38.37

PRES TMPC TMWC DWPC THTE DRCT SKNT OMEG
CFRL HGHT
994.70 29.24 21.99 18.80 344.35 178.36 6.80 0.00
0.00 191.97
991.70 28.94 21.83 18.70 344.17 178.99 11.07 0.00
0.00 218.91
986.20 28.54 21.63 18.57 344.15 180.82 13.60 0.00
0.00 268.47
976.80 27.74 21.27 18.38 344.08 182.79 15.95 0.00
0.00 353.63
962.80 26.54 20.71 18.09 343.96 186.41 17.40 0.00
0.00 481.57
945.00 25.04 20.02 17.73 343.90 190.47 18.18 0.00
0.00 646.20
923.60 23.34 19.24 17.34 344.11 198.05 18.18 -0.10
0.00 847.20
900.30 21.34 18.35 16.94 344.29 208.81 17.74 -0.10
0.00 1070.02
875.00 19.24 17.19 16.18 343.82 218.16 17.29 0.00
0.00 1316.84
846.80 17.44 15.18 13.98 340.78 233.41 15.97 0.00
0.00 1598.48
815.70 15.44 12.95 11.51 337.88 242.42 14.69 -0.10
4.00 1917.81
781.70 15.84 9.90 5.73 333.18 243.90 10.61 -0.20
0.00 2279.66
744.70 12.34 9.51 7.68 338.25 233.13 4.86 -0.30
0.00 2689.36
704.90 9.44 6.03 3.42 334.31 213.69 2.10 -0.20
0.00 3148.22
662.20 6.64 2.03 -2.47 330.42 18.43 0.62 -0.10
0.00 3664.39
616.60 2.64 -1.76 -6.98 328.84 15.07 5.23 0.00
0.00 4246.03
568.60 -2.56 -6.48 -12.55 326.67 3.65 9.15 0.00
0.00 4895.34
522.10 -7.36 -11.28 -19.79 325.40 337.22 10.53 0.00
0.00 5565.95
480.20 -11.56 -15.12 -25.02 326.39 289.75 8.04 0.10
0.00 6212.17
442.70 -15.46 -18.99 -33.18 327.26 274.90 13.66 0.20
0.00 6830.42
409.00 -19.06 -22.43 -42.59 328.92 293.28 18.18 0.20
0.00 7423.62
378.40 -22.76 -25.39 -42.12 331.53 292.35 22.47 0.20
0.00 7997.86
350.90 -26.36 -28.42 -43.21 333.85 296.95 26.15 0.30
0.00 8546.96
326.10 -29.96 -31.68 -47.57 335.63 293.31 26.01 0.30
0.00 9072.65
303.80 -33.76 -35.14 -52.28 336.90 282.88 27.89 0.30
0.00 9572.99
283.70 -36.96 -38.17 -62.52 338.66 273.03 33.06 0.30
0.00 10049.47
265.60 -40.26 -41.17 -60.81 340.32 263.05 38.56 0.20
0.00 10502.08
248.80 -43.26 -43.99 -63.51 342.23 265.31 40.35 0.10
0.00 10944.66
233.60 -45.86 -46.46 -66.97 344.46 267.53 40.64 0.00
0.00 11366.47
219.60 -48.26 -48.75 -67.41 346.89 269.18 40.60 0.00
0.00 11775.48
205.70 -50.56 -50.96 -67.88 349.82 270.30 37.10 -0.10
0.00 12203.73
191.70 -52.66 -53.01 -73.19 353.52 266.74 30.75 -0.10
0.00 12660.83
177.70 -55.36 -55.63 -73.70 356.84 258.93 27.31 -0.10
0.00 13147.28
163.80 -58.46 -58.66 -74.24 360.04 260.47 28.17 -0.10
0.00 13662.83
149.80 -61.46 -61.60 -74.84 364.19 267.57 32.07 0.00
0.00 14220.38
135.90 -64.26 -64.36 -75.48 369.52 273.90 34.27 0.00
0.00 14819.82
121.90 -65.56 -9999.00 -9999.00 -9999.00 275.96 26.17 0.10
0.00 15482.51
108.00 -65.66 -9999.00 -9999.00 -9999.00 275.30 18.92 0.10
0.00 16218.01
94.00 -64.26 -9999.00 -9999.00 -9999.00 285.59 8.66 0.00
0.00 17064.08
81.00 -61.06 -9999.00 -9999.00 -9999.00 228.01 5.23 0.00
0.00 17981.17
70.60 -58.96 -9999.00 -9999.00 -9999.00 236.31 1.40 0.00
0.00 18838.51
62.20 -58.96 -9999.00 -9999.00 -9999.00 229.40 1.79 0.00
0.00 19632.72
54.30 -57.86 -9999.00 -9999.00 -9999.00 349.99 10.06 0.00
0.00 20486.51
46.90 -56.76 -9999.00 -9999.00 -9999.00 27.80 12.08 0.00
0.00 21412.13
40.10 -55.76 -9999.00 -9999.00 -9999.00 70.02 13.64 0.00
0.00 22406.60
33.80 -54.46 -9999.00 -9999.00 -9999.00 70.82 14.20 0.00
0.00 23497.44
27.80 -51.56 -9999.00 -9999.00 -9999.00 64.77 18.69 0.00
0.00 24756.72
22.30 -47.56 -9999.00 -9999.00 -9999.00 64.39 26.07 0.00
0.00 26199.51
17.10 -43.06 -9999.00 -9999.00 -9999.00 78.06 30.98 0.00
0.00 27970.24
12.30 -40.56 -9999.00 -9999.00 -9999.00 82.43 28.03 0.00
0.00 30201.36

STID = KMDW STNM = 725340 TIME = 200809/0200 
SLAT = 41.78 SLON = -87.75 SELV = 183.0
STIM = 12

SHOW = -3.07 LIFT = -3.94 SWET = 251.41 KINX = 36.05
LCLP = 874.54 PWAT = 41.71 TOTL = 50.78 CAPE = 631.90
LCLT = 290.08 CINS = -123.27 EQLV = 253.06 LFCT = 648.91
BRCH = 22.97

PRES TMPC TMWC DWPC THTE DRCT SKNT OMEG
CFRL HGHT
995.20 27.84 21.70 18.99 343.12 169.05 6.14 0.00
0.00 191.92
992.20 27.74 21.58 18.84 343.04 171.47 11.79 0.00
0.00 218.74
986.70 27.44 21.38 18.68 343.06 172.09 14.12 0.10
0.00 268.08
977.30 26.84 20.97 18.33 342.81 176.50 19.08 0.10
0.00 352.92
963.30 25.94 20.38 17.84 342.53 180.00 20.98 0.10
0.00 480.47
945.40 24.74 19.81 17.53 342.96 187.59 20.57 0.10
0.00 645.68
924.10 23.24 19.28 17.46 344.22 200.34 18.43 0.10
0.00 845.50
900.70 21.34 18.58 17.29 345.15 214.57 17.46 0.20
0.00 1069.15
875.40 19.34 17.36 16.40 344.45 225.44 17.72 0.20
0.00 1315.94
847.20 17.34 15.24 14.13 340.95 236.66 17.68 0.20
0.00 1597.48
816.00 15.14 13.06 11.87 338.24 249.27 15.37 0.10
2.00 1917.51
782.00 15.24 9.60 5.58 332.19 245.38 10.26 -0.10
0.00 2278.68
745.10 12.24 8.99 6.81 336.49 209.48 5.13 -0.20
0.00 2686.52
705.20 9.04 6.28 4.22 335.01 174.81 4.29 -0.10
0.00 3145.88
662.40 6.44 2.00 -2.32 330.31 153.43 1.73 0.10
0.00 3662.59
616.80 2.74 -1.87 -7.47 328.49 40.91 3.85 0.20
0.00 4243.93
568.80 -2.56 -6.43 -12.40 326.73 5.86 7.61 0.20
0.00 4893.12
522.20 -7.36 -11.33 -20.02 325.28 333.43 8.68 0.10
0.00 5564.99
480.30 -11.36 -15.45 -28.40 325.65 286.93 9.34 0.20
0.00 6211.26
442.80 -15.16 -19.14 -37.94 326.89 295.82 13.38 0.30
0.00 6829.89
409.10 -18.56 -21.59 -35.21 330.48 307.12 18.03 0.30
0.00 7423.88
378.50 -22.26 -24.85 -39.47 332.47 307.07 21.91 0.30
0.00 7999.17
351.00 -25.96 -28.21 -45.36 334.17 310.55 23.00 0.30
0.00 8549.12
326.20 -29.66 -31.55 -51.68 335.77 294.06 23.83 0.20
0.00 9075.39
303.80 -33.76 -35.14 -52.28 336.90 285.71 25.84 0.20
0.00 9578.20
283.70 -37.06 -38.29 -65.55 338.47 272.83 31.51 0.10
0.00 10054.57
265.60 -40.46 -41.35 -60.81 340.03 262.80 37.20 0.00
0.00 10506.89
248.80 -43.46 -44.17 -63.51 341.93 265.58 37.80 0.00
0.00 10949.09
233.60 -46.06 -46.65 -66.97 344.16 266.24 38.54 -0.10
0.00 11370.53
219.60 -48.66 -49.13 -67.41 346.28 269.17 40.21 0.00
0.00 11779.00
205.70 -51.16 -51.53 -67.88 348.88 271.75 38.09 0.00
0.00 12206.29
191.70 -52.96 -53.30 -73.19 353.04 269.66 33.22 0.00
0.00 12662.46
177.70 -55.06 -55.34 -73.70 357.33 265.49 29.62 -0.10
0.00 13148.91
163.80 -58.06 -58.27 -74.24 360.72 265.11 29.64 -0.10
0.00 13665.30
149.80 -61.26 -61.41 -74.84 364.54 269.31 32.44 0.00
0.00 14223.63
135.90 -64.06 -64.17 -75.48 369.87 276.24 35.76 0.00
0.00 14823.64
121.90 -64.76 -9999.00 -9999.00 -9999.00 280.75 27.08 0.10
0.00 15487.92
108.00 -64.16 -9999.00 -9999.00 -9999.00 274.76 16.38 0.00
0.00 16227.50
94.00 -63.76 -9999.00 -9999.00 -9999.00 268.81 9.32 0.00
0.00 17077.63
81.00 -61.96 -9999.00 -9999.00 -9999.00 241.93 9.91 0.00
0.00 17993.85
70.60 -60.86 -9999.00 -9999.00 -9999.00 272.49 4.47 0.00
0.00 18845.56
62.20 -60.76 -9999.00 -9999.00 -9999.00 324.46 1.67 0.00
0.00 19632.91
54.30 -59.06 -9999.00 -9999.00 -9999.00 11.31 10.90 0.00
0.00 20480.74
46.90 -56.96 -9999.00 -9999.00 -9999.00 43.60 16.90 0.00
0.00 21403.36
40.10 -55.76 -9999.00 -9999.00 -9999.00 71.18 18.07 0.00
0.00 22397.37
33.80 -53.96 -9999.00 -9999.00 -9999.00 69.23 18.07 0.00
0.00 23489.46
27.80 -50.16 -9999.00 -9999.00 -9999.00 67.62 21.43 0.00
0.00 24754.17
22.30 -45.66 -9999.00 -9999.00 -9999.00 73.37 29.20 0.00
0.00 26207.61
17.10 -42.86 -9999.00 -9999.00 -9999.00 77.70 26.44 0.00
0.00 27986.50
12.30 -40.36 -9999.00 -9999.00 -9999.00 70.02 25.02 0.00
0.00 30219.54

STID = KMDW STNM = 725340 TIME = 200809/0300 
SLAT = 41.78 SLON = -87.75 SELV = 183.0
STIM = 13

SHOW = -3.97 LIFT = -3.68 SWET = 273.90 KINX = 36.10
LCLP = 887.88 PWAT = 42.63 TOTL = 50.89 CAPE = 568.61
LCLT = 290.34 CINS = -131.23 EQLV = 258.27 LFCT = 632.03
BRCH = 18.44

PRES TMPC TMWC DWPC THTE DRCT SKNT OMEG
CFRL HGHT
995.50 26.84 21.43 19.02 341.97 173.48 6.84 0.00
0.00 192.78
992.50 26.84 21.30 18.81 341.85 174.60 14.43 0.00
0.00 219.50
987.10 26.54 21.09 18.63 341.81 175.29 16.57 0.00
0.00 267.79
977.60 26.24 20.71 18.18 341.67 178.52 22.53 0.00
0.00 353.28
963.70 25.74 20.28 17.77 342.05 181.39 24.09 0.10
0.00 479.69
945.80 24.74 20.04 17.91 343.88 191.69 23.02 0.20
0.00 644.79
924.40 23.24 19.70 18.10 345.89 203.75 21.23 0.20
0.00 845.53
901.10 21.34 19.01 17.95 346.88 213.69 20.32 0.20
0.00 1068.22
875.70 18.94 18.19 17.81 347.75 220.03 19.02 0.20
0.00 1315.85
847.50 16.64 16.17 15.89 344.42 226.35 17.44 0.20
2.00 1596.99
816.20 14.94 13.33 12.41 339.14 248.20 13.60 0.20
5.00 1917.63
782.20 14.94 9.55 5.72 332.03 242.74 7.21 0.10
0.00 2278.45
745.20 12.24 8.57 6.01 335.11 182.05 5.44 0.10
0.00 2687.05
705.30 9.04 6.07 3.81 334.35 169.38 6.33 0.20
0.00 3146.26
662.60 6.74 1.78 -3.23 329.65 152.10 3.73 0.30
0.00 3661.84
616.90 2.84 -2.07 -8.22 327.96 72.47 3.87 0.30
0.00 4244.65
568.90 -2.46 -6.42 -12.55 326.74 8.62 6.49 0.30
0.00 4893.92
522.30 -7.06 -11.23 -20.49 325.43 322.43 6.37 0.30
0.00 5566.14
480.40 -10.76 -15.25 -30.20 325.96 290.81 10.39 0.30
0.00 6213.35
442.90 -14.46 -17.89 -29.41 329.31 312.55 16.08 0.20
0.00 6833.45
409.10 -18.46 -21.22 -32.21 331.19 314.01 23.76 0.10
0.00 7430.17
378.50 -22.86 -25.08 -36.42 332.12 319.62 22.18 0.00
0.00 8004.94
351.00 -26.36 -28.63 -48.11 333.43 317.22 17.74 0.00
0.00 8553.80
326.20 -30.06 -31.80 -48.75 335.38 290.26 17.39 0.10
0.00 9079.21
303.80 -33.86 -35.29 -55.27 336.63 272.10 21.19 0.10
0.00 9581.50
283.70 -37.16 -38.33 -60.30 338.42 260.43 32.69 0.00
0.00 10057.67
265.60 -40.46 -41.35 -60.81 340.03 260.59 36.83 -0.10
0.00 10509.90
248.80 -43.36 -44.08 -63.51 342.08 266.22 38.34 -0.10
0.00 10952.19
233.60 -46.16 -46.74 -66.97 344.00 270.00 41.38 -0.10
0.00 11373.63
219.60 -49.06 -49.50 -67.41 345.66 273.48 41.65 0.00
0.00 11781.65
205.70 -51.46 -51.81 -67.88 348.41 275.19 38.62 0.00
0.00 12208.27
191.70 -53.16 -53.49 -73.19 352.72 273.14 35.41 0.00
0.00 12663.93
177.70 -55.06 -55.34 -73.70 357.33 268.98 32.83 0.00
0.00 13150.15
163.80 -57.86 -58.07 -74.24 361.05 266.53 32.11 0.00
0.00 13666.78
149.80 -61.26 -61.41 -74.84 364.54 266.14 31.74 0.00
0.00 14225.38
135.90 -64.26 -64.36 -75.48 369.52 272.00 33.43 0.00
0.00 14825.10
121.90 -64.86 -9999.00 -9999.00 -9999.00 279.60 26.79 0.00
0.00 15488.91
108.00 -63.76 -9999.00 -9999.00 -9999.00 265.49 14.80 0.00
0.00 16229.01
94.00 -63.76 -9999.00 -9999.00 -9999.00 259.70 10.86 0.00
0.00 17079.96
81.00 -62.26 -9999.00 -9999.00 -9999.00 247.52 12.20 0.00
0.00 17995.52
70.60 -61.36 -9999.00 -9999.00 -9999.00 272.29 4.86 0.00
0.00 18845.62
62.20 -60.96 -9999.00 -9999.00 -9999.00 344.74 2.21 0.00
0.00 19631.67
54.30 -58.96 -9999.00 -9999.00 -9999.00 17.88 12.65 0.00
0.00 20479.31
46.90 -56.36 -9999.00 -9999.00 -9999.00 47.68 17.60 0.00
0.00 21403.43
40.10 -54.76 -9999.00 -9999.00 -9999.00 72.20 16.53 0.00
0.00 22401.10
33.80 -52.66 -9999.00 -9999.00 -9999.00 74.93 15.70 0.00
0.00 23498.95
27.80 -49.66 -9999.00 -9999.00 -9999.00 66.21 19.74 0.00
0.00 24768.81
22.30 -46.46 -9999.00 -9999.00 -9999.00 74.45 26.83 0.00
0.00 26221.28
17.10 -43.46 -9999.00 -9999.00 -9999.00 75.34 26.11 0.00
0.00 27994.73
12.30 -40.86 -9999.00 -9999.00 -9999.00 69.76 29.20 0.00
0.00 30222.47

STID = KMDW STNM = 725340 TIME = 200809/0400 
SLAT = 41.78 SLON = -87.75 SELV = 183.0
STIM = 14

SHOW = -2.97 LIFT = -4.20 SWET = 232.07 KINX = 31.89
LCLP = 895.93 PWAT = 41.73 TOTL = 49.75 CAPE = 838.89
LCLT = 290.68 CINS = -150.70 EQLV = 240.61 LFCT = 638.30
BRCH = 30.67

PRES TMPC TMWC DWPC THTE DRCT SKNT OMEG
CFRL HGHT
995.80 26.44 21.44 19.22 341.98 180.00 7.38 0.00
0.00 191.88
992.80 26.44 21.33 19.05 341.97 180.78 14.18 0.00
0.00 218.56
987.30 26.14 21.15 18.92 342.06 181.36 16.32 0.00
0.00 267.67
977.80 25.74 20.90 18.73 342.47 185.61 21.85 0.10
0.00 353.03
963.90 25.34 20.86 18.88 344.46 190.68 24.11 0.10
0.00 479.28
946.00 24.24 20.83 19.35 347.19 205.07 23.37 0.20
0.00 644.21
924.60 22.64 20.09 18.96 347.52 211.57 21.89 0.30
0.00 844.66
901.20 20.94 19.13 18.30 347.36 210.87 19.70 0.50
0.00 1067.96
875.80 18.64 18.01 17.67 346.96 208.93 16.86 0.60
0.00 1315.29
847.50 16.54 15.52 14.96 341.93 213.69 11.21 0.70
38.00 1597.13
816.30 16.74 12.04 9.10 334.64 230.19 6.06 0.70
3.00 1917.38
782.30 15.84 9.46 4.78 331.65 187.59 5.89 0.60
0.00 2279.55
745.40 12.74 8.25 5.01 334.06 178.85 9.71 0.50
0.00 2687.84
705.50 9.94 5.34 1.53 332.12 180.00 8.35 0.40
0.00 3147.83
662.80 7.44 1.34 -5.31 328.38 159.78 3.92 0.20
0.00 3664.46
617.10 3.04 -2.22 -9.01 327.53 48.01 2.62 0.20
0.00 4247.88
569.00 -2.26 -6.36 -12.74 326.83 347.80 7.36 0.10
0.00 4898.76
522.50 -6.86 -11.00 -19.94 325.87 312.36 8.94 0.10
0.00 5569.87
480.50 -10.76 -14.60 -25.12 327.29 305.54 13.36 0.10
0.00 6218.76
443.00 -15.36 -17.38 -22.62 330.38 319.21 18.73 0.10
0.00 6837.85
409.20 -19.56 -21.14 -26.17 331.42 322.33 19.39 0.10
0.00 7432.31
378.50 -22.96 -25.25 -37.59 331.81 322.13 15.50 0.20
0.00 8007.60
351.00 -26.16 -28.41 -46.37 333.82 291.80 13.60 0.10
0.00 8556.56
326.20 -30.06 -31.82 -49.41 335.34 271.17 19.04 0.00
0.00 9082.19
303.80 -33.86 -35.33 -58.00 336.55 270.00 24.67 -0.10
0.00 9584.47
283.70 -37.76 -38.82 -57.08 337.64 264.56 32.79 0.00
0.00 10060.05
265.60 -40.86 -41.72 -60.81 339.45 265.58 35.26 0.00
0.00 10511.31
248.80 -43.36 -44.08 -63.51 342.08 268.59 39.45 0.00
0.00 10953.22
233.60 -46.36 -46.93 -66.97 343.70 272.11 42.17 0.10
0.00 11374.48
219.60 -49.16 -49.60 -67.41 345.51 274.01 41.67 0.10
0.00 11782.22
205.70 -51.76 -52.10 -67.88 347.93 275.83 38.27 0.10
0.00 12208.46
191.70 -53.56 -53.88 -73.19 352.08 273.31 33.66 0.10
0.00 12663.39
177.70 -55.06 -55.34 -73.70 357.33 264.22 32.81 0.10
0.00 13149.18
163.80 -57.56 -57.78 -74.24 361.55 256.68 33.74 0.00
0.00 13666.16
149.80 -61.16 -61.31 -74.84 364.71 254.05 31.12 0.00
0.00 14225.28
135.90 -64.46 -64.56 -75.48 369.16 264.91 28.48 0.00
0.00 14824.86
121.90 -64.66 -9999.00 -9999.00 -9999.00 279.46 23.64 0.00
0.00 15488.67
108.00 -63.66 -9999.00 -9999.00 -9999.00 267.71 14.59 0.00
0.00 16229.30
94.00 -64.16 -9999.00 -9999.00 -9999.00 271.88 11.85 0.00
0.00 17079.64
81.00 -62.56 -9999.00 -9999.00 -9999.00 267.84 10.30 0.00
0.00 17993.68
70.60 -61.16 -9999.00 -9999.00 -9999.00 316.97 3.98 0.00
0.00 18843.58
62.20 -60.16 -9999.00 -9999.00 -9999.00 2.86 3.88 0.00
0.00 19631.49
54.30 -58.06 -9999.00 -9999.00 -9999.00 29.15 11.56 0.00
0.00 20482.50
46.90 -56.26 -9999.00 -9999.00 -9999.00 62.18 15.81 0.00
0.00 21408.76
40.10 -55.46 -9999.00 -9999.00 -9999.00 76.35 13.99 0.00
0.00 22405.06
33.80 -53.76 -9999.00 -9999.00 -9999.00 69.35 14.32 0.00
0.00 23498.40
27.80 -51.46 -9999.00 -9999.00 -9999.00 70.35 20.22 0.00
0.00 24759.97
22.30 -47.16 -9999.00 -9999.00 -9999.00 80.39 24.44 0.00
0.00 26204.38
17.10 -43.16 -9999.00 -9999.00 -9999.00 78.94 26.32 0.00
0.00 27976.27
12.30 -41.36 -9999.00 -9999.00 -9999.00 67.27 31.18 0.00
0.00 30203.05

STID = KMDW STNM = 725340 TIME = 200809/0500 
SLAT = 41.78 SLON = -87.75 SELV = 183.0
STIM = 15

SHOW = -0.67 LIFT = -4.84 SWET = 168.80 KINX = 29.70
LCLP = 918.91 PWAT = 39.26 TOTL = 48.53 CAPE = 1156.48
LCLT = 291.93 CINS = -141.26 EQLV = 216.99 LFCT = 659.97
BRCH = 51.70

PRES TMPC TMWC DWPC THTE DRCT SKNT OMEG
CFRL HGHT
995.60 25.54 21.73 20.07 343.25 188.88 6.29 0.00
0.00 191.86
992.60 25.54 21.63 19.92 343.27 190.46 12.84 0.00
0.00 218.48
987.10 25.34 21.50 19.82 343.57 191.74 15.27 0.00
0.00 267.48
977.60 25.04 21.43 19.86 344.74 196.86 20.09 0.10
0.00 352.69
963.70 24.54 21.56 20.29 347.51 206.34 21.89 0.10
0.00 478.74
945.70 23.34 21.12 20.16 348.50 210.70 21.68 0.30
0.00 644.27
924.30 22.14 19.88 18.87 346.70 205.58 20.24 0.40
0.00 844.35
900.90 20.64 18.42 17.37 344.48 199.82 17.75 0.60
0.00 1067.36
875.60 19.14 16.26 14.77 340.13 203.10 14.36 0.60
0.00 1313.62
847.40 18.44 13.71 10.93 335.38 200.07 10.76 0.30
0.00 1595.22
816.30 18.04 11.23 6.55 331.86 186.20 8.99 0.00
0.00 1915.80
782.30 16.04 8.63 2.72 329.04 180.00 11.07 -0.20
0.00 2278.65
745.40 12.74 7.04 2.44 330.34 184.84 11.50 -0.10
0.00 2686.81
705.50 9.84 5.01 0.88 331.15 185.44 8.20 0.00
0.00 3146.52
662.80 7.34 1.18 -5.65 327.95 161.57 3.07 0.10
0.00 3662.90
617.20 3.04 -2.22 -9.01 327.52 13.24 3.40 0.00
0.00 4244.87
569.10 -2.36 -6.15 -11.84 327.31 350.18 10.26 0.00
0.00 4895.57
522.50 -7.16 -10.62 -17.37 326.72 336.25 10.61 0.00
0.00 5567.67
480.50 -11.36 -14.24 -20.98 328.10 332.15 11.64 0.20
0.00 6215.62
443.00 -15.46 -17.62 -23.45 329.91 331.59 13.48 0.30
0.00 6833.95
409.20 -18.56 -21.15 -30.96 331.32 321.22 13.95 0.30
0.00 7429.36
378.50 -22.26 -25.03 -42.50 332.13 313.83 13.46 0.20
0.00 8006.49
351.00 -26.36 -28.51 -44.89 333.67 282.45 15.33 0.10
0.00 8555.99
326.20 -30.46 -32.18 -50.10 334.75 267.08 19.06 0.00
0.00 9080.98
303.80 -34.36 -35.77 -58.00 335.84 262.82 23.29 0.10
0.00 9582.32
283.70 -38.06 -39.08 -57.08 337.21 261.05 32.44 0.10
0.00 10057.09
265.60 -40.76 -41.62 -60.81 339.59 264.69 35.70 0.10
0.00 10508.16
248.80 -43.56 -44.26 -63.51 341.78 271.65 40.42 0.10
0.00 10949.98
233.60 -46.76 -47.30 -66.97 343.10 274.16 40.11 0.10
0.00 11370.68
219.60 -49.56 -49.98 -67.41 344.89 272.60 38.50 0.00
0.00 11777.70
205.70 -51.96 -52.29 -67.88 347.62 270.97 34.58 0.00
0.00 12203.37
191.70 -53.46 -53.78 -73.19 352.24 266.04 30.96 0.00
0.00 12658.20
177.70 -54.96 -55.25 -73.70 357.50 258.56 33.29 0.00
0.00 13144.20
163.80 -57.76 -57.98 -74.24 361.22 255.72 33.88 -0.10
0.00 13661.07
149.80 -61.26 -61.41 -74.84 364.54 255.26 30.54 -0.10
0.00 14219.79
135.90 -64.26 -64.36 -75.48 369.52 268.35 27.02 -0.10
0.00 14819.51
121.90 -65.26 -9999.00 -9999.00 -9999.00 282.32 23.66 0.00
0.00 15482.68
108.00 -64.66 -9999.00 -9999.00 -9999.00 275.64 15.81 0.00
0.00 16220.48
94.00 -65.06 -9999.00 -9999.00 -9999.00 280.56 11.65 0.00
0.00 17066.96
81.00 -63.26 -9999.00 -9999.00 -9999.00 279.46 8.28 0.00
0.00 17977.51
70.60 -61.36 -9999.00 -9999.00 -9999.00 342.90 2.64 0.00
0.00 18825.61
62.20 -59.76 -9999.00 -9999.00 -9999.00 47.12 3.71 0.00
0.00 19613.88
54.30 -57.76 -9999.00 -9999.00 -9999.00 69.15 13.09 0.00
0.00 20466.29
46.90 -56.76 -9999.00 -9999.00 -9999.00 85.70 18.12 0.00
0.00 21392.12
40.10 -55.46 -9999.00 -9999.00 -9999.00 79.70 13.03 0.00
0.00 22387.28
33.80 -52.56 -9999.00 -9999.00 -9999.00 53.45 14.02 0.00
0.00 23483.62
27.80 -50.46 -9999.00 -9999.00 -9999.00 60.10 17.93 0.00
0.00 24751.48
22.30 -47.96 -9999.00 -9999.00 -9999.00 74.65 20.55 0.00
0.00 26196.53
17.10 -44.66 -9999.00 -9999.00 -9999.00 88.00 27.80 0.00
0.00 27959.49
12.30 -42.16 -9999.00 -9999.00 -9999.00 75.96 36.03 0.00
0.00 30175.17

STID = KMDW STNM = 725340 TIME = 200809/0600 
SLAT = 41.78 SLON = -87.75 SELV = 183.0
STIM = 16

SHOW = -0.65 LIFT = -5.10 SWET = 167.99 KINX = 28.23
LCLP = 943.08 PWAT = 38.90 TOTL = 48.62 CAPE = 1362.47
LCLT = 293.11 CINS = -101.39 EQLV = 212.17 LFCT = 694.23
BRCH = 78.99

PRES TMPC TMWC DWPC THTE DRCT SKNT OMEG
CFRL HGHT
995.70 24.54 21.96 20.84 344.22 198.43 4.91 0.00
0.00 191.83
992.70 24.64 21.91 20.73 344.47 202.17 11.32 0.00
0.00 218.38
987.20 24.44 21.81 20.67 344.88 203.30 13.75 0.10
0.00 267.25
977.70 24.44 21.99 20.95 347.17 211.37 18.65 0.10
0.00 352.29
963.70 23.84 21.83 20.97 348.69 214.77 20.10 0.20
0.00 479.03
945.80 23.04 21.01 20.13 348.03 211.33 20.92 0.30
0.00 643.38
924.40 21.74 19.82 18.95 346.43 204.44 21.11 0.30
0.00 843.21
901.00 20.34 18.20 17.17 343.57 202.13 19.08 0.30
1.00 1065.92
875.70 19.34 16.01 14.27 339.19 200.05 15.31 0.20
0.00 1312.06
847.50 18.44 13.62 10.77 335.05 193.63 13.19 0.10
0.00 1593.68
816.30 17.14 11.34 7.46 332.27 184.27 13.05 0.00
0.00 1914.82
782.30 15.44 8.20 2.27 327.78 183.42 13.03 -0.10
0.00 2276.76
745.40 12.64 5.94 -0.09 327.10 184.76 9.36 0.00
0.00 2684.28
705.60 10.04 4.53 -0.44 329.74 181.68 6.60 0.00
0.00 3142.66
662.90 7.44 1.04 -6.21 327.56 158.20 3.15 0.00
0.00 3659.14
617.20 2.84 -2.27 -8.84 327.41 14.04 2.41 0.00
0.00 4242.21
569.10 -2.66 -6.13 -11.21 327.39 356.42 9.34 0.00
0.00 4892.35
522.50 -7.46 -10.63 -16.69 326.72 349.46 8.49 0.00
0.00 5563.75
480.50 -11.36 -14.26 -21.06 328.07 331.61 8.18 0.10
0.00 6211.36
443.00 -14.96 -17.54 -24.80 330.04 324.04 12.24 0.10
0.00 6830.25
409.20 -18.56 -21.35 -32.71 330.93 329.18 12.90 0.10
0.00 7426.20
378.60 -22.56 -25.06 -39.17 332.09 312.21 11.29 0.10
0.00 8001.02
351.00 -26.46 -28.61 -45.36 333.49 273.41 16.34 0.20
0.00 8552.02
326.20 -30.36 -32.20 -54.68 334.68 261.05 21.23 0.10
0.00 9077.00
303.80 -34.66 -35.96 -54.16 335.55 260.48 29.35 0.10
0.00 9578.13
283.70 -38.26 -39.24 -55.83 336.97 263.97 31.45 0.10
0.00 10052.40
265.60 -40.86 -41.74 -63.02 339.40 270.64 34.58 0.00
0.00 10503.19
248.80 -44.16 -44.82 -63.51 340.89 276.58 35.59 0.00
0.00 10944.33
233.60 -47.16 -47.66 -63.98 342.53 273.16 35.22 0.00
0.00 11364.11
219.60 -49.56 -49.98 -67.41 344.89 270.00 35.74 0.00
0.00 11770.77
205.70 -51.76 -52.10 -67.88 347.93 268.99 33.22 0.00
0.00 12196.63
191.70 -53.56 -53.88 -73.19 352.08 263.31 31.68 0.00
0.00 12651.56
177.70 -55.56 -55.83 -73.70 356.51 259.34 33.61 0.00
0.00 13136.79
163.80 -58.26 -58.46 -74.24 360.38 259.20 34.21 0.00
0.00 13652.35
149.80 -61.46 -61.60 -74.84 364.19 257.03 30.30 0.00
0.00 14210.16
135.90 -64.26 -64.36 -75.48 369.52 264.46 26.15 0.00
0.00 14809.59
121.90 -64.96 -9999.00 -9999.00 -9999.00 276.80 21.33 0.10
0.00 15473.24
108.00 -64.66 -9999.00 -9999.00 -9999.00 272.94 15.17 0.00
0.00 16211.57
94.00 -65.06 -9999.00 -9999.00 -9999.00 275.10 10.92 0.00
0.00 17058.05
81.00 -63.36 -9999.00 -9999.00 -9999.00 265.24 7.01 0.00
0.00 17968.38
70.60 -61.16 -9999.00 -9999.00 -9999.00 270.00 0.19 0.00
0.00 18816.68
62.20 -58.86 -9999.00 -9999.00 -9999.00 68.20 4.18 0.00
0.00 19606.99
54.30 -57.16 -9999.00 -9999.00 -9999.00 83.66 14.06 0.00
0.00 20462.38
46.90 -56.16 -9999.00 -9999.00 -9999.00 93.01 14.78 0.00
0.00 21390.78
40.10 -55.26 -9999.00 -9999.00 -9999.00 66.43 11.65 0.00
0.00 22387.77
33.80 -53.06 -9999.00 -9999.00 -9999.00 45.00 15.11 0.00
0.00 23483.37
27.80 -50.56 -9999.00 -9999.00 -9999.00 64.56 17.64 0.00
0.00 24749.51
22.30 -48.36 -9999.00 -9999.00 -9999.00 80.16 19.33 0.00
0.00 26192.95
17.10 -44.46 -9999.00 -9999.00 -9999.00 86.10 25.70 0.00
0.00 27955.12
12.30 -42.26 -9999.00 -9999.00 -9999.00 74.94 34.40 0.00
0.00 30171.29

STID = KMDW STNM = 725340 TIME = 200809/0700 
SLAT = 41.78 SLON = -87.75 SELV = 183.0
STIM = 17

SHOW = -1.84 LIFT = -4.96 SWET = 206.06 KINX = 28.51
LCLP = 962.06 PWAT = 39.92 TOTL = 49.59 CAPE = 1348.20
LCLT = 293.96 CINS = -75.52 EQLV = 212.49 LFCT = 706.21
BRCH = 79.52

PRES TMPC TMWC DWPC THTE DRCT SKNT OMEG
CFRL HGHT
996.00 23.74 22.10 21.38 344.79 202.83 4.00 0.00
0.00 191.81
993.00 23.94 22.07 21.25 345.10 207.41 11.81 0.00
0.00 218.29
987.50 23.84 22.00 21.20 345.67 208.98 14.43 0.00
0.00 267.05
978.00 23.84 22.13 21.39 347.72 218.29 18.80 0.10
0.00 351.92
964.00 23.34 21.60 20.85 347.67 219.52 20.14 0.10
0.00 478.39
946.10 22.54 20.88 20.15 347.43 211.84 21.72 0.20
0.00 642.41
924.60 21.44 19.67 18.85 345.74 207.01 22.24 0.20
0.00 842.84
901.20 20.14 18.06 17.06 343.01 204.92 21.21 0.20
1.00 1065.30
875.90 18.84 16.31 15.01 340.29 201.91 19.27 0.10
0.00 1311.13
847.70 17.54 14.44 12.73 337.95 196.04 16.16 -0.10
0.00 1592.18
816.50 16.24 12.23 9.77 335.25 193.84 13.81 -0.10
0.00 1912.50
782.50 15.14 8.75 3.82 329.44 193.60 12.39 -0.10
0.00 2273.82
745.50 12.84 5.43 -1.67 325.61 183.99 8.37 0.00
0.00 2682.31
705.70 9.94 4.12 -1.33 328.58 176.05 5.65 0.00
0.00 3140.59
663.00 7.24 0.91 -6.32 327.21 143.13 2.91 0.00
0.00 3656.65
617.30 2.74 -2.29 -8.72 327.37 32.47 2.53 0.00
0.00 4239.33
569.20 -2.96 -6.21 -10.95 327.20 3.90 8.57 0.00
0.00 4888.89
522.60 -7.56 -10.66 -16.57 326.64 356.63 6.62 0.00
0.00 5559.69
480.60 -11.26 -14.08 -20.53 328.41 329.62 6.53 0.10
0.00 6207.18
443.00 -14.66 -17.32 -24.71 330.46 327.26 9.69 0.20
0.00 6828.15
409.20 -18.16 -21.19 -33.99 331.20 323.67 8.20 0.20
0.00 7424.90
378.60 -22.16 -24.75 -39.17 332.62 282.34 12.72 0.20
0.00 8000.63
351.00 -26.16 -28.55 -51.05 333.54 266.33 21.21 0.10
0.00 8552.38
326.20 -30.46 -32.35 -59.20 334.42 261.36 24.55 -0.10
0.00 9077.56
303.80 -35.26 -36.46 -53.17 334.74 266.73 27.23 -0.10
0.00 9577.95
283.70 -38.46 -39.42 -55.83 336.68 270.00 29.33 0.00
0.00 10051.43
265.60 -41.16 -41.99 -60.81 339.01 278.23 31.22 0.00
0.00 10501.73
248.80 -44.26 -44.89 -61.32 340.78 275.00 31.20 0.00
0.00 10942.49
233.60 -47.06 -47.59 -66.97 342.64 267.99 33.24 0.00
0.00 11362.28
219.60 -49.66 -50.07 -67.41 344.73 265.78 34.29 0.00
0.00 11768.94
205.70 -51.76 -52.10 -67.88 347.93 265.12 31.97 0.00
0.00 12194.70
191.70 -53.76 -54.07 -73.19 351.76 260.95 30.89 0.10
0.00 12649.42
177.80 -55.86 -56.12 -73.70 355.97 258.55 32.30 0.10
0.00 13130.50
163.80 -58.16 -58.37 -74.24 360.55 258.00 31.78 0.10
0.00 13649.38
149.80 -60.76 -60.92 -74.84 365.40 254.58 29.22 0.10
0.00 14208.24
135.90 -63.16 -63.28 -75.48 371.46 261.03 26.15 0.00
0.00 14810.24
121.90 -64.36 -9999.00 -9999.00 -9999.00 270.00 20.59 0.00
0.00 15476.59
108.00 -64.96 -9999.00 -9999.00 -9999.00 259.56 15.02 0.00
0.00 16215.45
94.00 -65.16 -9999.00 -9999.00 -9999.00 249.33 10.99 0.00
0.00 17061.12
81.00 -63.06 -9999.00 -9999.00 -9999.00 243.43 7.81 0.00
0.00 17971.89
70.60 -60.86 -9999.00 -9999.00 -9999.00 237.99 1.83 0.00
0.00 18821.39
62.20 -58.66 -9999.00 -9999.00 -9999.00 63.43 3.48 0.00
0.00 19612.63
54.30 -57.16 -9999.00 -9999.00 -9999.00 89.09 12.24 0.00
0.00 20468.42
46.90 -55.66 -9999.00 -9999.00 -9999.00 92.77 12.06 0.00
0.00 21397.89
40.10 -54.76 -9999.00 -9999.00 -9999.00 66.43 11.65 0.00
0.00 22397.17
33.80 -52.76 -9999.00 -9999.00 -9999.00 53.56 15.70 0.00
0.00 23494.77
27.80 -50.56 -9999.00 -9999.00 -9999.00 71.57 15.97 0.00
0.00 24761.77
22.30 -49.16 -9999.00 -9999.00 -9999.00 76.95 16.36 0.00
0.00 26202.63
17.10 -46.16 -9999.00 -9999.00 -9999.00 70.62 22.24 0.00
0.00 27955.09
12.30 -42.96 -9999.00 -9999.00 -9999.00 76.87 35.90 0.00
0.00 30159.69

STID = KMDW STNM = 725340 TIME = 200809/0800 
SLAT = 41.78 SLON = -87.75 SELV = 183.0
STIM = 18

SHOW = -1.73 LIFT = -4.53 SWET = 195.99 KINX = 27.16
LCLP = 975.93 PWAT = 39.33 TOTL = 49.19 CAPE = 1292.92
LCLT = 294.51 CINS = -73.75 EQLV = 214.73 LFCT = 699.56
BRCH = 104.10

PRES TMPC TMWC DWPC THTE DRCT SKNT OMEG
CFRL HGHT
995.50 23.04 22.12 21.69 344.95 201.80 3.15 0.00
0.00 192.67
992.50 23.44 22.19 21.63 345.72 212.55 10.84 0.00
0.00 219.12
987.00 23.34 22.13 21.58 346.29 214.38 13.42 0.10
0.00 267.83
977.50 23.04 21.98 21.50 347.16 221.74 16.92 0.10
0.00 352.57
963.50 22.54 21.46 20.97 347.13 218.19 18.53 0.20
5.00 478.78
945.60 22.44 20.55 19.71 346.09 211.22 22.49 0.20
4.00 642.62
924.20 21.24 19.28 18.37 344.22 209.86 24.18 0.20
0.00 842.06
900.80 19.54 17.67 16.75 341.54 208.46 23.64 0.30
0.00 1064.27
875.50 18.14 16.02 14.91 339.27 206.82 19.81 0.30
0.00 1309.64
847.30 17.04 14.41 12.96 337.91 199.36 15.23 0.30
0.00 1590.24
816.10 16.24 12.36 10.00 335.75 192.26 13.71 0.20
0.00 1910.48
782.10 15.34 8.64 3.39 329.15 190.62 12.65 0.20
0.00 2272.10
745.20 12.94 4.82 -3.59 323.91 174.81 10.72 0.10
0.00 2679.78
705.50 9.84 3.60 -2.57 327.17 169.29 7.32 0.10
0.00 3136.92
662.80 7.14 0.76 -6.62 326.86 150.52 5.13 0.10
0.00 3652.88
617.10 2.64 -2.33 -8.69 327.31 101.31 1.98 0.10
0.00 4235.51
569.10 -3.06 -6.22 -10.82 327.19 19.80 5.17 0.20
0.00 4883.66
522.40 -7.56 -10.60 -16.34 326.80 7.59 2.93 0.10
0.00 5555.97
480.50 -11.16 -13.90 -20.02 328.79 309.09 4.00 0.10
0.00 6202.26
442.90 -14.36 -17.16 -25.00 330.76 317.29 6.88 0.10
0.00 6823.84
409.10 -17.86 -21.05 -34.79 331.46 298.50 7.73 0.00
0.00 7421.42
378.50 -22.16 -24.74 -38.89 332.68 279.04 17.31 -0.10
0.00 7997.63
351.00 -26.26 -28.67 -52.95 333.32 271.93 23.14 -0.10
0.00 8547.35
326.20 -31.16 -32.87 -54.68 333.58 269.58 26.22 -0.10
0.00 9071.67
303.80 -35.66 -36.77 -51.47 334.26 272.70 24.69 -0.10
0.00 9570.93
283.70 -38.66 -39.60 -55.83 336.39 274.69 26.13 0.00
0.00 10043.81
265.60 -41.36 -42.15 -59.06 338.76 273.25 27.43 0.10
0.00 10493.72
248.80 -44.26 -44.86 -59.58 340.82 267.84 30.91 0.10
0.00 10934.30
233.60 -47.16 -47.68 -66.97 342.49 264.86 34.71 0.10
0.00 11353.99
219.60 -49.66 -50.07 -67.41 344.73 263.59 34.79 0.00
0.00 11760.56
205.70 -51.76 -52.10 -67.88 347.93 260.94 32.07 0.00
0.00 12186.32
191.70 -53.76 -54.07 -73.19 351.76 259.18 31.04 0.00
0.00 12641.05
177.70 -55.96 -56.21 -73.70 355.86 260.42 31.53 0.00
0.00 13125.61
163.80 -58.26 -58.46 -74.24 360.38 261.45 30.05 0.00
0.00 13640.69
149.80 -60.86 -61.02 -74.84 365.22 256.53 28.36 0.00
0.00 14199.28
135.90 -63.46 -63.58 -75.48 370.93 260.40 26.79 0.00
0.00 14800.71
121.90 -64.76 -9999.00 -9999.00 -9999.00 264.51 20.30 0.00
0.00 15465.95
108.00 -65.26 -9999.00 -9999.00 -9999.00 247.58 16.80 0.00
0.00 16203.57
94.00 -65.16 -9999.00 -9999.00 -9999.00 248.20 13.60 0.00
0.00 17048.63
81.00 -62.96 -9999.00 -9999.00 -9999.00 266.19 8.76 0.00
0.00 17959.62
70.60 -60.66 -9999.00 -9999.00 -9999.00 317.73 2.89 0.00
0.00 18809.72
62.20 -58.66 -9999.00 -9999.00 -9999.00 45.00 5.23 0.00
0.00 19601.33
54.30 -57.76 -9999.00 -9999.00 -9999.00 79.11 10.30 0.00
0.00 20455.92
46.90 -56.26 -9999.00 -9999.00 -9999.00 82.57 9.01 0.00
0.00 21382.83
40.10 -54.76 -9999.00 -9999.00 -9999.00 62.05 10.78 0.00
0.00 22380.74
33.80 -52.26 -9999.00 -9999.00 -9999.00 59.15 16.30 0.00
0.00 23479.58
27.80 -49.86 -9999.00 -9999.00 -9999.00 68.08 17.17 0.00
0.00 24750.02
22.30 -49.16 -9999.00 -9999.00 -9999.00 73.81 18.80 0.00
0.00 26193.13
17.10 -45.66 -9999.00 -9999.00 -9999.00 73.44 22.49 0.00
0.00 27947.54
12.30 -42.16 -9999.00 -9999.00 -9999.00 75.24 33.55 0.00
0.00 30158.40

STID = KMDW STNM = 725340 TIME = 200809/0900 
SLAT = 41.78 SLON = -87.75 SELV = 183.0
STIM = 19

SHOW = -1.64 LIFT = -3.42 SWET = 196.73 KINX = 24.88
LCLP = 980.91 PWAT = 37.91 TOTL = 48.72 CAPE = 1088.79
LCLT = 294.66 CINS = -131.02 EQLV = 218.63 LFCT = 650.45
BRCH = 82.94

PRES TMPC TMWC DWPC THTE DRCT SKNT OMEG
CFRL HGHT
995.30 22.74 22.08 21.75 344.80 190.62 3.17 0.00
0.00 192.66
992.40 22.94 22.16 21.78 345.58 203.20 10.35 0.00
0.00 218.20
986.80 22.84 22.12 21.77 346.29 205.80 12.94 0.10
0.00 267.73
977.40 22.64 21.88 21.52 346.75 211.65 16.67 0.10
1.00 351.47
963.30 22.24 21.01 20.44 345.21 215.48 20.75 0.20
15.00 478.43
945.40 22.34 19.84 18.69 343.14 214.63 22.90 0.20
0.00 642.12
924.00 21.04 18.44 17.19 340.89 211.95 23.12 0.20
0.00 841.38
900.70 19.54 17.47 16.44 340.77 212.83 21.50 0.10
0.00 1062.51
875.40 18.04 16.40 15.55 340.71 212.01 18.32 0.10
0.00 1307.89
847.20 17.04 14.58 13.24 338.55 200.98 15.19 0.20
0.00 1588.54
816.00 16.34 12.11 9.49 334.92 186.52 13.69 0.20
0.00 1908.85
782.00 15.74 8.09 1.69 327.46 177.27 12.26 0.20
0.00 2270.72
745.20 13.24 4.17 -6.21 322.06 167.57 11.73 0.30
0.00 2677.65
705.40 10.24 3.10 -4.52 325.76 159.15 8.72 0.30
0.00 3136.35
662.70 7.44 0.64 -7.49 326.51 150.02 5.83 0.30
0.00 3652.89
617.10 2.64 -2.37 -8.81 327.21 101.31 1.98 0.30
0.00 4234.56
569.00 -2.86 -6.31 -11.43 327.01 25.02 3.22 0.40
0.00 4884.32
522.40 -7.06 -10.48 -17.06 327.03 296.57 1.73 0.30
0.00 5556.07
480.50 -10.86 -13.69 -19.95 329.20 291.80 6.27 0.20
0.00 6203.32
442.90 -14.56 -17.06 -23.71 330.98 301.87 8.47 0.00
0.00 6825.05
409.10 -18.26 -21.21 -33.43 331.20 279.69 8.08 -0.10
0.00 7421.97
378.50 -22.66 -25.16 -39.47 331.94 280.05 15.58 -0.10
0.00 7997.17
351.00 -26.86 -29.01 -47.49 332.79 277.82 20.01 -0.10
0.00 8545.68
326.20 -31.76 -33.32 -51.68 332.87 273.09 21.60 0.00
0.00 9068.72
303.80 -35.76 -36.83 -50.72 334.16 271.01 21.95 0.00
0.00 9567.26
283.70 -38.36 -39.35 -57.08 336.78 271.43 23.31 0.00
0.00 10040.34
265.60 -41.06 -41.87 -59.06 339.20 264.37 27.72 0.00
0.00 10490.83
248.80 -44.16 -44.82 -63.51 340.89 263.12 34.05 0.00
0.00 10931.79
233.60 -47.46 -47.94 -63.98 342.08 262.88 36.01 0.00
0.00 11351.29
219.60 -50.06 -50.45 -67.41 344.12 260.43 35.06 0.00
0.00 11757.23
205.70 -51.96 -52.29 -67.88 347.62 258.42 32.91 0.00
0.00 12182.42
191.70 -53.86 -54.16 -73.19 351.60 259.47 30.83 0.00
0.00 12636.83
177.70 -56.06 -56.31 -73.70 355.69 261.76 29.84 0.00
0.00 13121.17
163.80 -58.36 -58.56 -74.24 360.21 261.05 28.71 0.00
0.00 13636.02
149.80 -60.86 -61.02 -74.84 365.22 255.40 28.50 0.00
0.00 14194.48
135.90 -63.56 -63.68 -75.48 370.75 259.31 28.26 0.00
0.00 14795.77
121.90 -64.86 -9999.00 -9999.00 -9999.00 259.70 21.72 0.00
0.00 15460.69
108.00 -65.76 -9999.00 -9999.00 -9999.00 246.04 19.13 0.00
0.00 16197.25
94.00 -65.06 -9999.00 -9999.00 -9999.00 254.16 14.94 0.00
0.00 17041.49
81.00 -62.56 -9999.00 -9999.00 -9999.00 275.86 7.61 0.00
0.00 17953.57
70.60 -60.46 -9999.00 -9999.00 -9999.00 360.00 1.36 0.00
0.00 18804.88
62.20 -59.06 -9999.00 -9999.00 -9999.00 63.43 5.65 0.00
0.00 19596.12
54.30 -58.26 -9999.00 -9999.00 -9999.00 84.29 9.75 0.00
0.00 20448.92
46.90 -56.96 -9999.00 -9999.00 -9999.00 79.11 10.30 0.00
0.00 21373.26
40.10 -54.76 -9999.00 -9999.00 -9999.00 57.83 14.22 0.00
0.00 22369.55
33.80 -51.86 -9999.00 -9999.00 -9999.00 64.77 18.69 0.00
0.00 23469.40
27.80 -49.46 -9999.00 -9999.00 -9999.00 71.57 18.43 0.00
0.00 24742.12
22.30 -48.26 -9999.00 -9999.00 -9999.00 74.64 18.34 0.00
0.00 26189.44
17.10 -45.46 -9999.00 -9999.00 -9999.00 74.26 22.20 0.00
0.00 27948.12
12.30 -42.56 -9999.00 -9999.00 -9999.00 75.96 32.03 0.00
0.00 30158.01

STID = KMDW STNM = 725340 TIME = 200809/1000 
SLAT = 41.78 SLON = -87.75 SELV = 183.0
STIM = 20

SHOW = -2.45 LIFT = -2.73 SWET = 212.18 KINX = 22.84
LCLP = 983.84 PWAT = 37.39 TOTL = 49.14 CAPE = 877.66
LCLT = 294.62 CINS = -190.45 EQLV = 226.82 LFCT = 636.07
BRCH = 64.68

PRES TMPC TMWC DWPC THTE DRCT SKNT OMEG
CFRL HGHT
995.20 22.44 21.93 21.66 344.18 187.59 2.93 0.00
0.00 191.78
992.10 22.64 22.05 21.75 345.17 200.56 9.97 0.00
0.00 219.05
986.60 22.54 22.01 21.73 345.83 203.32 12.28 0.10
0.00 267.66
977.10 22.34 21.67 21.34 345.87 213.50 16.53 0.10
14.00 352.22
963.20 22.24 20.59 19.83 343.46 218.31 20.05 0.10
14.00 477.31
945.30 22.24 19.23 17.80 340.68 215.66 21.99 0.10
0.00 640.92
923.90 20.94 18.20 16.86 339.95 212.55 21.66 0.00
0.00 840.08
900.60 19.24 17.46 16.56 340.73 216.63 18.88 0.00
0.00 1061.07
875.30 17.64 16.92 16.53 342.72 216.25 14.45 0.10
1.00 1306.25
847.00 16.64 15.29 14.56 341.16 200.06 13.03 0.30
6.00 1587.71
815.80 16.44 12.05 9.32 334.76 180.91 12.24 0.40
0.00 1908.03
781.80 16.04 7.90 0.89 326.88 170.05 11.25 0.40
0.00 2270.19
745.00 13.84 3.81 -8.67 321.02 161.90 10.63 0.40
0.00 2677.76
705.30 10.74 2.57 -7.01 324.26 155.66 8.95 0.30
0.00 3136.11
662.70 7.64 0.60 -7.93 326.40 149.93 4.27 0.20
0.00 3652.00
617.10 2.74 -2.36 -8.97 327.21 63.43 1.30 0.20
0.00 4233.95
569.00 -2.56 -6.33 -12.07 326.92 4.76 2.33 0.10
0.00 4884.15
522.40 -6.66 -10.36 -17.56 327.26 285.52 3.63 0.10
0.00 5556.74
480.50 -10.76 -13.52 -19.47 329.56 295.94 7.98 0.10
0.00 6204.59
442.90 -14.86 -16.96 -22.22 331.21 296.57 8.68 0.00
0.00 6826.14
409.10 -18.56 -21.37 -32.89 330.92 257.91 8.35 0.00
0.00 7422.40
378.50 -22.86 -25.43 -41.39 331.45 275.19 12.88 0.00
0.00 7997.02
351.00 -27.16 -29.32 -49.47 332.27 276.71 16.63 0.00
0.00 8544.96
326.20 -32.16 -33.59 -49.41 332.44 267.05 18.86 0.00
0.00 9067.25
303.80 -35.56 -36.68 -51.47 334.40 262.03 19.62 0.00
0.00 9565.59
283.70 -37.86 -38.93 -58.54 337.46 258.89 22.16 0.00
0.00 10039.36
265.60 -40.96 -41.81 -60.81 339.30 255.87 29.45 0.00
0.00 10490.43
248.80 -44.46 -45.10 -63.51 340.44 258.56 33.29 0.10
0.00 10931.20
233.60 -47.76 -48.22 -63.98 341.62 257.13 34.87 0.10
0.00 11350.15
219.60 -50.06 -50.45 -67.41 344.12 254.32 34.50 0.10
0.00 11755.81
205.70 -52.06 -52.39 -67.88 347.46 254.98 32.98 0.10
0.00 12180.91
191.70 -53.66 -53.97 -73.19 351.92 257.63 30.83 0.10
0.00 12635.42
177.70 -55.66 -55.92 -73.70 356.35 259.63 30.21 0.00
0.00 13120.43
163.80 -58.16 -58.37 -74.24 360.55 259.43 29.64 0.00
0.00 13635.99
149.80 -61.06 -61.21 -74.84 364.88 257.06 29.51 0.00
0.00 14194.45
135.90 -63.76 -63.87 -75.48 370.40 260.67 28.75 0.00
0.00 14795.17
121.90 -64.96 -9999.00 -9999.00 -9999.00 255.23 22.11 0.00
0.00 15459.61
108.00 -65.56 -9999.00 -9999.00 -9999.00 241.21 20.16 0.00
0.00 16196.35
94.00 -64.16 -9999.00 -9999.00 -9999.00 258.98 15.23 0.00
0.00 17042.83
81.00 -62.16 -9999.00 -9999.00 -9999.00 275.86 7.61 0.00
0.00 17957.74
70.60 -60.96 -9999.00 -9999.00 -9999.00 255.96 1.59 0.00
0.00 18808.85
62.20 -59.86 -9999.00 -9999.00 -9999.00 68.20 4.18 0.00
0.00 19597.68
54.30 -59.16 -9999.00 -9999.00 -9999.00 87.34 8.35 0.00
0.00 20447.10
46.90 -58.16 -9999.00 -9999.00 -9999.00 74.65 10.28 0.00
0.00 21366.93
40.10 -55.16 -9999.00 -9999.00 -9999.00 59.64 15.75 0.00
0.00 22359.56
33.80 -51.96 -9999.00 -9999.00 -9999.00 76.22 21.19 0.00
0.00 23458.16
27.80 -50.16 -9999.00 -9999.00 -9999.00 81.63 20.03 0.00
0.00 24728.59
22.30 -47.96 -9999.00 -9999.00 -9999.00 77.41 18.71 0.00
0.00 26174.61
17.10 -45.06 -9999.00 -9999.00 -9999.00 68.02 22.82 0.00
0.00 27936.01
12.30 -42.86 -9999.00 -9999.00 -9999.00 74.30 30.87 0.00
0.00 30146.39

STID = KMDW STNM = 725340 TIME = 200809/1100 
SLAT = 41.78 SLON = -87.75 SELV = 183.0
STIM = 21

SHOW = -2.74 LIFT = -2.95 SWET = 222.13 KINX = 20.90
LCLP = 984.51 PWAT = 36.94 TOTL = 49.91 CAPE = 735.44
LCLT = 294.47 CINS = -257.65 EQLV = 233.59 LFCT = 629.06
BRCH = 53.40

PRES TMPC TMWC DWPC THTE DRCT SKNT OMEG
CFRL HGHT
995.30 22.24 21.76 21.50 343.44 176.42 3.11 0.00
0.00 192.65
992.30 22.44 21.90 21.62 344.50 198.06 9.40 0.00
0.00 219.01
986.80 22.34 21.85 21.58 345.10 202.69 11.58 0.00
0.00 267.58
977.40 22.24 21.43 21.03 344.77 214.78 17.04 0.00
16.00 351.17
963.40 22.24 20.24 19.32 342.00 215.41 19.77 0.00
11.00 477.08
945.50 21.94 18.93 17.48 339.48 210.58 19.85 0.10
0.00 640.54
924.10 20.64 18.38 17.28 340.63 209.67 17.66 0.10
0.00 839.45
900.80 19.04 17.90 17.32 342.42 217.81 14.26 0.10
0.00 1060.27
875.40 17.64 17.19 16.93 343.76 209.88 10.53 0.20
10.00 1306.37
847.10 17.04 15.26 14.31 341.03 189.62 11.62 0.20
0.00 1588.01
816.00 17.14 12.02 8.79 334.60 176.31 12.06 0.30
0.00 1907.79
782.00 16.44 7.69 -0.12 326.19 165.20 10.64 0.40
0.00 2270.48
745.20 14.34 3.63 -10.56 320.39 161.20 9.63 0.40
0.00 2678.48
705.50 11.34 2.28 -9.18 323.35 161.57 7.98 0.40
0.00 3137.47
662.80 7.74 0.67 -7.85 326.56 162.90 2.64 0.20
0.00 3655.02
617.20 2.64 -2.41 -8.96 327.08 336.80 1.48 0.10
0.00 4236.89
569.10 -2.76 -6.43 -12.02 326.69 336.80 2.95 0.00
0.00 4886.63
522.50 -6.96 -10.48 -17.30 327.01 285.26 4.43 -0.10
0.00 5558.47
480.50 -11.06 -13.55 -18.80 329.52 294.57 7.48 0.00
0.00 6207.10
443.00 -15.06 -16.94 -21.54 331.24 284.04 7.21 0.10
0.00 6826.36
409.20 -18.76 -21.59 -33.61 330.49 244.54 9.03 0.10
0.00 7422.03
378.50 -23.06 -25.64 -42.50 331.07 267.84 10.30 0.10
0.00 7997.98
351.00 -27.26 -29.48 -52.95 331.97 268.32 13.21 0.10
0.00 8545.58
326.20 -32.26 -33.68 -49.41 332.30 254.55 15.31 0.10
0.00 9067.66
303.80 -35.16 -36.37 -53.17 334.88 251.57 18.43 0.10
0.00 9566.30
283.70 -37.46 -38.59 -60.30 337.99 251.71 24.75 0.00
0.00 10040.88
265.60 -40.66 -41.56 -63.02 339.69 253.16 30.85 0.00
0.00 10492.62
248.80 -44.46 -45.10 -63.51 340.44 254.98 32.98 0.00
0.00 10933.67
233.60 -47.76 -48.22 -63.98 341.62 252.70 33.97 0.00
0.00 11352.62
219.60 -50.16 -50.55 -67.41 343.96 252.47 34.83 0.00
0.00 11758.19
205.70 -52.16 -52.48 -67.88 347.31 255.56 33.49 0.00
0.00 12183.09
191.70 -53.76 -54.04 -68.39 351.81 257.59 31.62 0.00
0.00 12637.41
177.70 -55.86 -56.12 -73.70 356.02 258.83 31.08 0.00
0.00 13122.08
163.80 -58.26 -58.46 -74.24 360.38 259.40 30.63 0.00
0.00 13637.28
149.80 -60.96 -61.11 -74.84 365.05 259.86 29.80 0.00
0.00 14195.74
135.90 -63.36 -63.48 -75.48 371.11 263.36 28.55 0.00
0.00 14797.18
121.90 -64.56 -9999.00 -9999.00 -9999.00 257.20 21.91 0.00
0.00 15462.89
108.00 -65.26 -9999.00 -9999.00 -9999.00 244.13 21.37 0.00
0.00 16200.87
94.00 -64.26 -9999.00 -9999.00 -9999.00 261.76 14.92 0.00
0.00 17047.75
81.00 -62.76 -9999.00 -9999.00 -9999.00 260.79 7.28 0.00
0.00 17961.14
70.60 -61.56 -9999.00 -9999.00 -9999.00 239.74 2.70 0.00
0.00 18809.83
62.20 -60.16 -9999.00 -9999.00 -9999.00 54.16 4.31 0.00
0.00 19596.99
54.30 -59.16 -9999.00 -9999.00 -9999.00 80.79 7.28 0.00
0.00 20445.82
46.90 -58.16 -9999.00 -9999.00 -9999.00 68.96 10.82 0.00
0.00 21365.65
40.10 -54.86 -9999.00 -9999.00 -9999.00 61.22 15.73 0.00
0.00 22358.97
33.80 -51.76 -9999.00 -9999.00 -9999.00 78.11 18.86 0.00
0.00 23458.81
27.80 -50.46 -9999.00 -9999.00 -9999.00 82.06 16.86 0.00
0.00 24728.96
22.30 -47.96 -9999.00 -9999.00 -9999.00 66.55 17.58 0.00
0.00 26174.02
17.10 -45.36 -9999.00 -9999.00 -9999.00 69.60 25.08 0.00
0.00 27934.25
12.30 -43.16 -9999.00 -9999.00 -9999.00 79.42 32.81 0.00
0.00 30141.74
STN YYMMDD/HHMM PMSL PRES SKTC STC1 SNFL WTNS
P01M C01M STC2 LCLD MCLD HCLD
SNRA UWND VWND R01M BFGR T2MS
Q2MS WXTS WXTP WXTZ WXTR USTM
VSTM HLCY SLLH WSYM CDBP VSBK
TD2M
725340 200808/1400 1020.90 999.40 23.64 296.80 -9999.00 0.00
-9999.00 -9999.00 296.10 0.00 90.00 0.00
-9999.00 -1.00 3.80 -9999.00 -9999.00 22.14
11.45 0.00 0.00 0.00 0.00 -1.00
-3.10 100.40 -9999.00 999.00 -9999.00 20.00
15.84
725340 200808/1500 1019.90 998.50 29.94 303.10 0.00 100.00
0.00 0.00 301.40 9.00 42.00 0.00
-9999.00 -0.10 4.40 -9999.00 -9999.00 25.24
10.38 0.00 0.00 0.00 0.00 -1.80
-2.40 96.80 -9999.00 999.00 -9999.00 20.00
14.33
725340 200808/1600 1020.00 998.70 34.64 307.80 0.00 100.00
0.00 0.00 305.90 20.00 85.00 0.00
-9999.00 0.30 4.20 -9999.00 -9999.00 27.24
10.53 0.00 0.00 0.00 0.00 -0.50
-4.30 75.50 -9999.00 999.00 -9999.00 20.00
14.55
725340 200808/1700 1019.80 998.50 37.64 310.80 0.00 100.00
0.00 0.00 308.90 21.00 100.00 0.00
-9999.00 0.00 3.70 -9999.00 -9999.00 28.64
11.30 0.00 0.00 0.00 0.00 1.70
-5.40 62.00 -9999.00 999.00 -9999.00 20.00
15.63
725340 200808/1800 1019.10 997.90 39.44 312.60 0.00 100.00
0.00 0.00 310.90 21.00 100.00 0.00
-9999.00 -0.10 3.80 -9999.00 -9999.00 30.04
12.04 0.00 0.00 0.00 0.00 0.10
-4.40 61.90 -9999.00 999.00 -9999.00 20.00
16.59
725340 200808/1900 1019.10 997.90 40.34 313.50 0.00 100.00
0.00 0.00 312.10 16.00 100.00 0.00
-9999.00 -0.30 4.40 -9999.00 -9999.00 31.04
12.58 0.00 0.00 0.00 0.00 -1.00
-3.30 68.10 -9999.00 999.00 -9999.00 20.00
17.27
725340 200808/2000 1017.30 996.20 39.94 313.10 0.00 100.00
0.00 0.00 312.10 24.00 20.00 0.00
-9999.00 -0.20 4.60 -9999.00 -9999.00 31.54
12.90 0.00 0.00 0.00 0.00 -1.50
-3.40 68.50 -9999.00 999.00 -9999.00 20.00
17.63
725340 200808/2100 1016.10 995.00 38.94 312.10 0.00 100.00
0.00 0.00 311.50 33.00 0.00 0.00
-9999.00 -0.10 5.00 -9999.00 -9999.00 31.84
13.09 0.00 0.00 0.00 0.00 -2.50
-2.80 64.90 -9999.00 999.00 -9999.00 20.00
17.84
725340 200808/2200 1016.20 995.10 37.24 310.40 0.00 100.00
0.00 0.00 310.00 21.00 6.00 0.00
-9999.00 0.20 5.00 -9999.00 -9999.00 31.64
13.25 0.00 0.00 0.00 0.00 -3.60
-1.80 65.00 -9999.00 999.00 -9999.00 20.00
18.03
725340 200808/2300 1016.80 995.70 34.74 307.90 0.00 100.00
0.00 0.00 307.90 20.00 0.00 0.00
-9999.00 0.30 5.10 -9999.00 -9999.00 31.24
13.45 0.00 0.00 0.00 0.00 -4.20
-1.30 66.00 -9999.00 999.00 -9999.00 20.00
18.27
725340 200809/0000 1017.20 996.00 31.94 305.10 0.00 100.00
0.00 0.00 305.40 11.00 0.00 0.00
-9999.00 0.50 4.90 -9999.00 -9999.00 30.34
13.70 0.00 0.00 0.00 0.00 -4.10
-1.80 71.60 -9999.00 999.00 -9999.00 20.00
18.57
725340 200809/0100 1016.90 995.70 28.94 302.10 0.00 100.00
0.00 0.00 302.70 4.00 0.00 0.00
-9999.00 -0.10 3.90 -9999.00 -9999.00 28.84
13.96 0.00 0.00 0.00 0.00 -4.00
-2.30 81.90 -9999.00 999.00 -9999.00 20.00
18.86
725340 200809/0200 1017.40 996.20 27.34 300.50 0.00 100.00
0.00 0.00 301.00 2.00 0.00 0.00
-9999.00 -0.50 3.60 -9999.00 -9999.00 27.44
14.14 0.00 0.00 0.00 0.00 -4.70
-0.80 104.00 -9999.00 999.00 -9999.00 20.00
19.06
725340 200809/0300 1017.80 996.60 26.14 299.30 0.00 100.00
0.00 0.00 299.80 5.00 0.00 0.00
-9999.00 -0.40 3.90 -9999.00 -9999.00 26.44
14.17 0.00 0.00 0.00 0.00 -5.30
1.00 117.20 -9999.00 999.00 -9999.00 20.00
19.10
725340 200809/0400 1018.10 996.80 25.54 298.70 0.00 100.00
0.00 0.00 299.10 38.00 0.00 0.00
-9999.00 -0.10 4.10 -9999.00 -9999.00 25.94
14.35 0.00 0.00 0.00 0.00 -5.70
1.80 68.20 -9999.00 999.00 -9999.00 20.00
19.30
725340 200809/0500 1017.90 996.60 24.54 297.70 0.00 100.00
0.00 0.00 298.20 0.00 0.00 0.00
-9999.00 0.50 3.40 -9999.00 -9999.00 25.04
15.14 0.00 0.00 0.00 0.00 -6.10
3.50 12.10 -9999.00 999.00 -9999.00 20.00
20.14
725340 200809/0600 1018.00 996.70 23.64 296.80 0.00 100.00
0.00 0.00 297.30 1.00 0.00 0.00
-9999.00 1.00 2.60 -9999.00 -9999.00 24.04
15.91 0.00 0.00 0.00 0.00 -6.10
4.10 -25.80 -9999.00 999.00 -9999.00 20.00
20.93
725340 200809/0700 1018.40 997.00 22.94 296.10 0.00 100.00
0.00 0.00 296.50 1.00 0.00 0.00
-9999.00 1.00 2.00 -9999.00 -9999.00 23.14
16.46 0.00 0.00 0.00 0.00 -5.80
5.30 -38.80 -9999.00 999.00 -9999.00 20.00
21.47
725340 200809/0800 1017.90 996.60 22.54 295.70 0.00 100.00
0.00 0.00 296.00 5.00 0.00 0.00
-9999.00 0.80 1.70 -9999.00 -9999.00 22.64
16.76 0.00 0.00 0.00 0.00 -5.80
6.40 -50.10 -9999.00 999.00 -9999.00 20.00
21.76
725340 200809/0900 1017.70 996.40 22.24 295.40 0.00 100.00
0.00 0.00 295.70 15.00 0.00 0.00
-9999.00 0.50 1.80 -9999.00 -9999.00 22.24
16.78 0.00 0.00 0.00 0.00 -6.20
5.60 -38.90 -9999.00 999.00 -9999.00 20.00
21.77
725340 200809/1000 1017.50 996.20 22.04 295.20 0.00 100.00
0.00 0.00 295.40 14.00 0.00 0.00
-9999.00 0.40 1.70 -9999.00 -9999.00 21.94
16.54 0.00 0.00 0.00 0.00 -6.20
4.90 -27.30 -9999.00 999.00 -9999.00 20.00
21.54
725340 200809/1100 1017.80 996.40 21.84 295.00 0.00 100.00
0.00 0.00 295.20 16.00 0.00 0.00
-9999.00 0.20 1.70 -9999.00 -9999.00 21.74
16.32 0.00 0.00 0.00 0.00 -6.40
4.40 -17.10 -9999.00 999.00 -9999.00 20.00
21.33


