
SNPARM = PRES;TMPC;TMWC;DWPC;THTE;DRCT;SKNT;OMEG;CFRL;HGHT 
STNPRM = SHOW;LIFT;SWET;KINX;LCLP;PWAT;TOTL;CAPE;LCLT;CINS;EQLV;LFCT;BRCH 

STID = KMDW STNM = 725340 TIME = 200807/2200 
SLAT = 41.78 SLON = -87.75 SELV = 183.0
STIM = 0

SHOW = 3.47 LIFT = 3.26 SWET = 155.52 KINX = 16.35
LCLP = 834.56 PWAT = 26.57 TOTL = 41.00 CAPE = 4.63
LCLT = 285.14 CINS = -0.71 EQLV = 816.38 LFCT = 819.17
BRCH = 0.33

PRES TMPC TMWC DWPC THTE DRCT SKNT OMEG
CFRL HGHT
996.80 26.84 18.95 14.73 331.89 139.90 4.82 0.00
0.00 191.86
993.80 26.24 18.68 14.61 331.35 140.44 5.79 -0.10
0.00 218.47
988.30 25.74 18.30 14.23 330.73 142.43 6.37 -0.30
0.00 267.38
978.90 24.74 17.64 13.66 329.69 145.01 7.11 -0.70
0.00 351.36
965.00 23.34 16.68 12.80 328.26 147.53 7.60 -1.00
0.00 476.52
947.10 21.74 15.78 12.23 327.71 155.32 7.91 -1.30
0.00 639.51
925.70 19.84 15.02 12.14 328.20 166.29 8.20 -1.40
0.00 837.29
902.40 17.74 14.32 12.28 329.22 175.82 7.98 -1.20
0.00 1056.43
877.10 15.34 13.25 11.97 329.39 187.31 7.63 -0.90
0.00 1299.02
848.80 12.54 11.61 10.99 328.32 203.20 7.40 -0.50
0.00 1576.29
817.50 10.24 9.25 8.53 325.79 230.19 7.60 0.00
40.00 1890.96
783.30 9.84 6.78 4.29 323.80 285.42 11.69 0.40
47.00 2246.84
746.30 9.54 2.45 -6.15 317.76 329.66 9.23 0.50
0.00 2648.66
706.40 8.34 1.29 -7.48 320.98 307.57 9.56 0.30
0.00 3103.23
663.60 5.04 -1.77 -11.96 320.49 273.69 12.06 0.20
0.00 3616.04
617.90 1.54 -6.12 -24.70 318.20 280.08 8.88 0.10
0.00 4193.97
569.70 -0.86 -8.65 -34.28 321.19 265.43 4.88 0.00
0.00 4844.38
523.00 -5.86 -12.20 -36.00 322.98 289.98 6.82 0.00
0.00 5519.96
481.00 -11.06 -16.07 -38.74 324.14 295.02 9.65 0.00
0.00 6168.69
443.30 -15.36 -19.51 -42.73 326.05 286.22 11.13 0.00
0.00 6789.81
409.50 -19.26 -22.76 -48.11 328.16 282.15 12.92 0.00
0.00 7383.81
378.80 -23.56 -26.35 -52.31 329.71 288.43 14.12 0.00
0.00 7958.08
351.20 -27.76 -29.93 -55.34 331.16 296.57 17.37 0.00
0.00 8506.16
326.30 -31.56 -33.26 -57.42 332.92 299.74 21.93 0.10
0.00 9030.31
303.90 -34.96 -36.31 -59.76 334.93 301.69 26.26 0.10
0.00 9529.71
283.80 -37.76 -38.84 -58.54 337.57 318.18 29.72 0.20
0.00 10004.02
265.60 -40.16 -40.99 -55.27 340.64 336.94 42.64 0.20
0.00 10458.38
248.80 -43.16 -43.75 -54.84 342.63 331.49 53.71 0.20
0.00 10901.16
233.60 -46.56 -46.97 -56.32 343.66 315.00 55.50 0.10
0.00 11322.43
219.60 -49.56 -49.85 -57.90 345.11 313.47 56.74 0.10
0.00 11729.65
205.70 -52.86 -53.08 -61.06 346.34 315.71 55.63 0.00
0.00 12154.46
191.70 -56.36 -56.50 -63.30 347.73 320.75 53.42 0.00
0.00 12605.38
177.70 -59.56 -59.66 -66.00 350.05 315.93 50.54 0.00
0.00 13083.07
163.80 -61.06 -61.17 -69.50 355.73 304.97 50.49 0.00
0.00 13590.52
149.80 -60.86 -61.02 -74.84 365.22 306.19 45.73 0.00
0.00 14145.46
135.90 -60.86 -9999.00 -9999.00 -9999.00 307.18 36.32 0.00
0.00 14750.59
121.90 -61.66 -9999.00 -9999.00 -9999.00 309.26 28.85 0.00
0.00 15424.90
108.00 -61.36 -9999.00 -9999.00 -9999.00 301.78 21.02 0.00
0.00 16174.92
94.00 -61.06 -9999.00 -9999.00 -9999.00 287.49 14.86 0.00
0.00 17036.24
81.00 -60.66 -9999.00 -9999.00 -9999.00 276.63 8.41 0.00
0.00 17961.17
70.60 -60.16 -9999.00 -9999.00 -9999.00 264.29 3.90 0.00
0.00 18816.90
62.20 -59.56 -9999.00 -9999.00 -9999.00 71.57 0.62 0.00
0.00 19607.77
54.30 -58.66 -9999.00 -9999.00 -9999.00 67.83 5.67 0.00
0.00 20458.79
46.90 -57.46 -9999.00 -9999.00 -9999.00 68.55 11.69 0.00
0.00 21381.19
40.10 -56.06 -9999.00 -9999.00 -9999.00 74.98 16.49 0.00
0.00 22373.36
33.80 -53.36 -9999.00 -9999.00 -9999.00 75.82 18.24 0.00
0.00 23466.20
27.80 -50.26 -9999.00 -9999.00 -9999.00 77.74 18.28 0.00
0.00 24732.35
22.30 -47.66 -9999.00 -9999.00 -9999.00 78.23 19.06 0.00
0.00 26179.01
17.10 -44.76 -9999.00 -9999.00 -9999.00 79.24 23.93 0.00
0.00 27942.74
12.30 -41.06 -9999.00 -9999.00 -9999.00 87.84 30.91 0.00
0.00 30163.25

STID = KMDW STNM = 725340 TIME = 200807/2300 
SLAT = 41.78 SLON = -87.75 SELV = 183.0
STIM = 1

SHOW = 3.51 LIFT = 3.25 SWET = 150.06 KINX = 18.62
LCLP = 825.27 PWAT = 26.46 TOTL = 41.14 CAPE = 0.00
LCLT = 284.15 CINS = 0.00 EQLV = -9999.00 LFCT = -9999.00
BRCH = 0.00

PRES TMPC TMWC DWPC THTE DRCT SKNT OMEG
CFRL HGHT
996.60 26.74 18.47 13.89 330.14 158.63 4.80 0.00
0.00 192.74
993.60 26.24 18.22 13.75 329.69 159.23 6.02 -0.10
0.00 219.35
988.20 25.64 17.88 13.50 329.22 159.44 6.64 -0.30
0.00 267.34
978.70 24.84 17.46 13.25 329.05 159.62 7.25 -0.60
0.00 352.22
964.80 23.64 16.87 12.97 328.95 159.27 7.69 -0.90
0.00 477.47
946.90 22.04 16.09 12.61 328.78 164.25 7.87 -1.20
0.00 640.69
925.50 20.14 15.16 12.20 328.68 171.47 7.85 -1.20
0.00 838.73
902.20 18.04 14.14 11.77 328.63 178.57 7.77 -1.00
0.00 1058.12
876.90 15.74 12.98 11.26 328.53 186.01 7.42 -0.70
0.00 1301.00
848.60 13.04 11.59 10.64 328.28 195.52 7.26 -0.10
0.00 1578.71
817.40 11.04 9.54 8.47 326.64 254.58 5.85 0.40
37.00 1893.13
783.20 11.34 6.23 1.69 322.23 301.76 9.60 0.60
15.00 2250.37
746.30 10.74 2.77 -7.07 318.44 312.18 8.39 0.30
0.00 2652.88
706.40 8.34 1.79 -5.82 322.28 286.78 12.78 0.00
0.00 3108.44
663.50 4.24 -1.09 -7.96 322.27 273.95 11.29 -0.10
0.00 3621.96
617.80 1.34 -5.99 -22.63 318.55 276.95 8.02 0.10
0.00 4199.11
569.60 -0.86 -8.65 -34.28 321.20 259.22 4.16 0.20
0.00 4849.43
523.00 -5.86 -12.18 -35.70 323.02 283.13 5.98 0.10
0.00 5523.62
480.90 -11.06 -16.00 -37.43 324.31 292.04 8.80 0.10
0.00 6173.97
443.30 -15.36 -19.46 -41.41 326.16 284.26 11.83 0.00
0.00 6793.53
409.40 -19.36 -22.82 -47.40 328.10 284.22 15.03 0.00
0.00 7389.24
378.80 -23.56 -26.35 -52.31 329.71 287.15 16.47 0.00
0.00 7961.60
351.20 -27.66 -29.85 -55.34 331.30 294.94 18.41 0.00
0.00 8509.79
326.30 -31.26 -32.98 -55.94 333.37 298.46 23.64 0.00
0.00 9034.37
303.90 -34.26 -35.68 -57.99 335.95 299.55 28.36 0.00
0.00 9534.82
283.80 -37.06 -38.17 -55.82 338.66 318.31 30.96 0.00
0.00 10010.53
265.60 -39.66 -40.44 -51.87 341.54 334.74 41.88 0.00
0.00 10466.06
248.80 -43.16 -43.63 -51.11 342.84 323.72 48.91 0.00
0.00 10909.34
233.60 -46.66 -46.99 -53.69 343.63 306.21 53.92 0.00
0.00 11330.53
219.60 -49.66 -49.97 -59.12 344.91 305.79 57.48 0.00
0.00 11737.57
205.70 -52.66 -52.89 -61.06 346.65 308.46 53.09 0.00
0.00 12162.48
191.70 -55.96 -56.12 -63.30 348.37 307.79 45.96 0.00
0.00 12614.01
177.70 -59.26 -59.37 -66.00 350.55 300.43 46.41 0.00
2.00 13092.48
163.80 -61.56 -61.66 -69.50 354.89 296.07 49.96 0.00
0.00 13599.69
149.80 -61.76 -61.90 -74.84 363.68 303.42 45.84 0.00
0.00 14152.80
135.90 -61.06 -61.23 -75.48 375.18 309.07 38.52 0.00
0.00 14756.37
121.90 -61.56 -9999.00 -9999.00 -9999.00 312.19 28.05 0.00
0.00 15430.52
108.00 -61.66 -9999.00 -9999.00 -9999.00 303.39 20.47 0.00
0.00 16180.19
94.00 -61.46 -9999.00 -9999.00 -9999.00 290.38 14.51 0.00
0.00 17040.08
81.00 -61.06 -9999.00 -9999.00 -9999.00 286.31 8.29 0.00
0.00 17963.26
70.60 -60.26 -9999.00 -9999.00 -9999.00 302.01 3.67 0.00
0.00 18817.99
62.20 -58.96 -9999.00 -9999.00 -9999.00 26.57 3.48 0.00
0.00 19609.79
54.30 -57.36 -9999.00 -9999.00 -9999.00 57.99 7.32 0.00
0.00 20464.58
46.90 -56.26 -9999.00 -9999.00 -9999.00 73.39 11.56 0.00
0.00 21392.35
40.10 -55.36 -9999.00 -9999.00 -9999.00 81.19 13.95 0.00
0.00 22388.87
33.80 -53.46 -9999.00 -9999.00 -9999.00 80.07 15.77 0.00
0.00 23483.21
27.80 -51.16 -9999.00 -9999.00 -9999.00 72.94 17.87 0.00
0.00 24746.50
22.30 -48.36 -9999.00 -9999.00 -9999.00 66.09 20.61 0.00
0.00 26188.00
17.10 -44.46 -9999.00 -9999.00 -9999.00 70.25 24.15 0.00
0.00 27950.18
12.30 -40.86 -9999.00 -9999.00 -9999.00 85.75 28.83 0.00
0.00 30173.10

STID = KMDW STNM = 725340 TIME = 200808/0000 
SLAT = 41.78 SLON = -87.75 SELV = 183.0
STIM = 2

SHOW = 3.70 LIFT = 3.27 SWET = 139.31 KINX = 20.63
LCLP = 827.73 PWAT = 26.09 TOTL = 41.12 CAPE = 0.00
LCLT = 284.15 CINS = 0.00 EQLV = -9999.00 LFCT = -9999.00
BRCH = 0.00

PRES TMPC TMWC DWPC THTE DRCT SKNT OMEG
CFRL HGHT
997.30 26.54 18.39 13.85 329.75 174.56 4.10 0.00
0.00 191.84
994.30 26.14 18.15 13.67 329.34 173.88 5.48 -0.10
0.00 218.41
988.80 25.64 17.86 13.46 329.07 176.42 6.24 -0.30
0.00 267.26
979.40 24.84 17.44 13.22 328.91 175.10 6.82 -0.50
0.00 351.18
965.40 23.64 16.83 12.89 328.72 175.24 7.01 -0.80
0.00 477.26
947.50 22.14 16.07 12.51 328.63 181.51 7.38 -0.90
0.00 640.39
926.20 20.24 15.13 12.07 328.46 187.70 7.25 -0.90
0.00 837.42
902.80 18.14 14.09 11.62 328.38 193.24 6.78 -0.80
0.00 1057.66
877.50 15.84 12.93 11.10 328.27 200.14 6.22 -0.50
0.00 1300.45
849.20 13.44 11.44 10.13 327.73 214.29 5.17 0.00
6.00 1578.17
817.90 12.44 9.35 7.11 325.99 281.69 5.75 0.30
21.00 1894.28
783.80 13.14 6.19 -0.40 321.88 302.74 9.69 0.20
0.00 2252.07
746.80 11.24 3.72 -4.65 320.82 298.24 11.91 -0.10
0.00 2656.98
706.80 7.64 2.09 -3.96 323.04 293.63 13.58 -0.10
0.00 3113.40
663.90 4.14 -1.31 -8.53 321.66 281.09 10.10 0.10
0.00 3625.95
618.10 2.04 -5.88 -25.24 318.61 272.73 8.16 0.20
0.00 4204.61
569.90 -0.46 -8.44 -34.84 321.55 247.07 5.48 0.10
0.00 4855.87
523.20 -5.86 -12.16 -35.42 323.02 268.21 6.22 -0.10
0.00 5531.69
481.10 -11.16 -16.00 -36.26 324.29 285.75 7.87 -0.20
0.00 6181.67
443.40 -15.56 -19.54 -40.24 326.00 285.68 11.50 -0.20
0.00 6802.33
409.50 -19.66 -22.95 -44.44 327.88 290.98 15.19 -0.20
0.00 7397.33
378.80 -23.66 -26.39 -50.39 329.66 295.41 17.21 -0.10
0.00 7971.05
351.20 -27.56 -29.75 -54.06 331.47 299.67 19.23 -0.10
0.00 8519.25
326.30 -30.96 -32.73 -55.94 333.78 300.51 25.25 0.00
0.00 9044.26
303.90 -33.76 -35.22 -56.52 336.70 298.67 30.77 0.00
0.00 9545.54
283.80 -36.96 -38.06 -54.72 338.84 311.33 30.01 0.00
0.00 10021.86
265.70 -39.76 -40.49 -50.54 341.44 330.95 35.99 0.10
0.00 10474.81
248.80 -43.46 -43.86 -49.96 342.47 321.96 41.92 0.10
0.00 10920.25
233.60 -46.76 -47.04 -52.28 343.57 302.20 49.57 0.10
3.00 11341.08
219.60 -49.76 -50.09 -60.55 344.71 300.43 54.08 0.10
0.00 11747.94
205.70 -52.66 -52.91 -62.77 346.61 306.01 51.86 0.10
0.00 12172.75
191.70 -55.96 -56.12 -63.30 348.37 305.59 45.40 0.10
0.00 12624.28
177.70 -59.06 -59.17 -66.00 350.87 297.01 44.91 0.00
2.00 13102.97
163.80 -60.96 -61.07 -69.50 355.90 295.55 49.09 0.00
0.00 13611.14
149.80 -61.66 -61.80 -74.84 363.85 305.25 45.44 0.00
0.00 14165.16
135.90 -61.36 -61.52 -75.48 374.65 313.78 38.73 0.00
0.00 14768.45
121.90 -61.56 -9999.00 -9999.00 -9999.00 316.17 26.92 0.00
0.00 15442.12
108.00 -61.96 -9999.00 -9999.00 -9999.00 305.13 19.23 0.00
0.00 16191.26
94.00 -61.66 -9999.00 -9999.00 -9999.00 291.80 15.70 0.00
0.00 17050.13
81.00 -61.26 -9999.00 -9999.00 -9999.00 290.17 10.14 0.00
0.00 17972.45
70.60 -60.46 -9999.00 -9999.00 -9999.00 302.28 4.37 0.00
0.00 18826.37
62.20 -58.96 -9999.00 -9999.00 -9999.00 45.00 3.85 0.00
0.00 19617.80
54.30 -57.26 -9999.00 -9999.00 -9999.00 79.38 9.48 0.00
0.00 20472.79
46.90 -56.56 -9999.00 -9999.00 -9999.00 86.03 14.02 0.00
0.00 21400.12
40.10 -55.26 -9999.00 -9999.00 -9999.00 81.87 15.11 0.00
0.00 22396.20
33.80 -53.06 -9999.00 -9999.00 -9999.00 73.24 16.84 0.00
0.00 23491.79
27.80 -50.46 -9999.00 -9999.00 -9999.00 61.11 19.31 0.00
0.00 24758.22
22.30 -47.06 -9999.00 -9999.00 -9999.00 54.64 22.14 0.00
0.00 26206.18
17.10 -43.36 -9999.00 -9999.00 -9999.00 72.73 24.20 0.00
0.00 27977.68
12.30 -40.86 -9999.00 -9999.00 -9999.00 89.58 26.81 0.00
0.00 30205.90

STID = KMDW STNM = 725340 TIME = 200808/0100 
SLAT = 41.78 SLON = -87.75 SELV = 183.0
STIM = 3

SHOW = 3.92 LIFT = 3.37 SWET = 131.11 KINX = 21.42
LCLP = 843.99 PWAT = 26.18 TOTL = 41.03 CAPE = 0.00
LCLT = 284.88 CINS = 0.00 EQLV = -9999.00 LFCT = -9999.00
BRCH = 0.00

PRES TMPC TMWC DWPC THTE DRCT SKNT OMEG
CFRL HGHT
997.30 25.64 18.32 14.29 329.58 171.03 3.73 0.00
0.00 191.82
994.30 25.44 18.11 14.03 329.23 172.65 6.08 -0.10
0.00 218.32
988.80 25.14 17.79 13.64 328.84 175.60 7.60 -0.20
0.00 267.07
979.30 24.44 17.28 13.17 328.37 177.46 8.74 -0.40
0.00 351.77
965.40 23.44 16.70 12.78 328.29 180.00 8.94 -0.60
0.00 476.82
947.50 21.94 15.93 12.38 328.16 183.99 8.37 -0.70
0.00 639.83
926.10 20.04 14.99 11.94 328.01 187.50 7.44 -0.60
0.00 837.66
902.80 17.94 13.96 11.51 327.95 190.62 6.33 -0.40
0.00 1056.81
877.40 15.74 12.76 10.87 327.74 198.43 4.91 -0.20
0.00 1300.43
849.10 13.64 11.22 9.61 327.06 227.12 3.71 0.10
9.00 1578.19
817.90 13.54 9.33 6.21 325.89 288.97 6.57 0.20
0.00 1893.95
783.80 13.54 6.77 0.68 323.50 300.11 11.23 -0.10
0.00 2252.67
746.70 10.94 4.81 -1.10 323.84 309.17 13.54 -0.30
0.00 2658.96
706.80 7.14 2.33 -2.66 323.72 309.92 12.41 -0.10
0.00 3113.84
663.80 4.44 -2.02 -11.69 319.93 284.32 9.42 0.20
0.00 3627.39
618.10 2.64 -5.78 -27.85 318.73 267.51 8.94 0.20
0.00 4205.63
569.90 -0.26 -8.35 -35.43 321.72 251.57 7.36 0.10
0.00 4857.79
523.20 -5.86 -12.16 -35.42 323.02 266.91 7.21 -0.10
0.00 5533.87
481.10 -11.36 -16.09 -35.46 324.15 280.54 8.49 -0.10
0.00 6183.60
443.40 -15.96 -19.76 -38.86 325.64 288.74 11.48 0.00
0.00 6803.56
409.50 -19.96 -23.14 -43.47 327.57 297.58 14.69 0.00
0.00 7397.76
378.80 -23.76 -26.45 -49.56 329.57 302.77 16.86 0.10
0.00 7971.03
351.20 -27.56 -29.70 -51.95 331.56 304.00 20.14 0.20
0.00 8519.11
326.30 -30.56 -32.33 -52.57 334.46 307.77 27.27 0.20
0.00 9044.57
303.90 -33.26 -34.73 -53.17 337.53 304.09 31.20 0.30
0.00 9546.79
283.80 -36.36 -37.46 -52.05 339.83 310.31 28.54 0.30
0.00 10024.22
265.70 -39.66 -40.33 -48.85 341.70 322.92 31.90 0.30
0.00 10477.85
248.80 -43.46 -43.79 -48.45 342.60 307.57 38.23 0.30
0.00 10923.41
233.60 -46.76 -47.04 -52.28 343.57 295.73 47.44 0.20
11.00 11344.24
219.60 -49.76 -50.09 -60.55 344.71 294.82 51.36 0.10
0.00 11751.09
205.70 -52.56 -52.87 -67.88 346.68 302.05 50.87 0.10
0.00 12176.00
191.70 -56.16 -56.34 -65.45 348.00 305.21 46.83 0.00
0.00 12627.42
177.70 -59.06 -59.17 -66.00 350.87 298.22 45.18 0.00
0.00 13105.89
163.80 -60.56 -60.71 -74.24 356.52 297.61 47.79 0.00
0.00 13614.53
149.80 -61.46 -61.60 -74.84 364.19 305.51 44.15 0.00
0.00 14169.34
135.90 -61.76 -61.91 -75.48 373.94 316.92 36.97 0.00
0.00 14772.33
121.90 -61.76 -9999.00 -9999.00 -9999.00 313.64 23.08 0.00
0.00 15445.05
108.00 -62.36 -9999.00 -9999.00 -9999.00 297.43 17.29 0.00
0.00 16193.13
94.00 -61.96 -9999.00 -9999.00 -9999.00 290.22 15.73 0.00
0.00 17050.58
81.00 -61.16 -9999.00 -9999.00 -9999.00 296.03 9.30 0.00
0.00 17972.46
70.60 -60.36 -9999.00 -9999.00 -9999.00 321.84 3.46 0.00
0.00 18826.79
62.20 -58.76 -9999.00 -9999.00 -9999.00 61.19 4.43 0.00
0.00 19618.77
54.30 -57.66 -9999.00 -9999.00 -9999.00 87.61 9.32 0.00
0.00 20473.36
46.90 -57.26 -9999.00 -9999.00 -9999.00 82.15 11.36 0.00
0.00 21398.34
40.10 -55.66 -9999.00 -9999.00 -9999.00 66.04 13.38 0.00
0.00 22391.88
33.80 -52.96 -9999.00 -9999.00 -9999.00 59.70 17.33 0.00
0.00 23486.73
27.80 -50.16 -9999.00 -9999.00 -9999.00 57.17 21.50 0.00
0.00 24754.30
22.30 -46.76 -9999.00 -9999.00 -9999.00 61.49 25.64 0.00
0.00 26204.19
17.10 -43.46 -9999.00 -9999.00 -9999.00 80.47 26.98 0.00
0.00 27976.47
12.30 -40.86 -9999.00 -9999.00 -9999.00 86.03 28.03 0.00
0.00 30204.21

STID = KMDW STNM = 725340 TIME = 200808/0200 
SLAT = 41.78 SLON = -87.75 SELV = 183.0
STIM = 4

SHOW = 4.00 LIFT = 3.63 SWET = 122.05 KINX = 22.34
LCLP = 873.10 PWAT = 26.61 TOTL = 41.20 CAPE = 0.00
LCLT = 286.31 CINS = 0.00 EQLV = -9999.00 LFCT = -9999.00
BRCH = 0.00

PRES TMPC TMWC DWPC THTE DRCT SKNT OMEG
CFRL HGHT
997.20 24.24 18.38 15.22 329.87 163.61 3.44 0.00
0.00 191.78
994.30 24.34 18.09 14.67 329.24 168.69 6.93 -0.10
0.00 217.30
988.70 24.44 17.61 13.75 328.27 172.87 9.40 -0.20
0.00 266.80
979.30 24.14 17.09 13.00 327.72 178.96 10.68 -0.30
0.00 350.47
965.40 23.14 16.47 12.54 327.51 182.16 10.30 -0.40
0.00 475.38
947.50 21.64 15.71 12.16 327.42 183.73 8.95 -0.40
0.00 638.21
926.10 19.84 14.80 11.73 327.39 184.90 6.82 -0.30
0.00 835.85
902.70 17.74 13.77 11.30 327.35 182.20 5.05 -0.10
0.00 1055.79
877.40 15.74 12.51 10.43 326.95 180.00 3.88 0.10
0.00 1298.35
849.10 14.34 11.15 9.00 326.82 233.97 2.64 0.20
0.00 1576.40
817.90 14.24 9.53 6.05 326.46 291.80 7.32 0.10
0.00 1892.89
783.80 13.64 7.62 2.63 325.94 306.03 13.21 -0.20
0.00 2252.18
746.70 10.34 5.76 1.83 326.53 318.24 14.59 -0.20
0.00 2658.35
706.70 6.84 2.60 -1.62 324.47 317.54 12.37 0.00
0.00 3113.88
663.80 4.64 -2.38 -13.74 319.02 292.62 10.10 0.20
0.00 3626.18
618.00 2.84 -5.77 -29.12 318.73 273.43 9.73 0.10
0.00 4206.07
569.90 -0.26 -8.36 -35.74 321.68 263.37 8.41 0.00
0.00 4857.16
523.10 -5.86 -12.16 -35.42 323.03 270.00 7.77 -0.10
0.00 5534.75
481.10 -11.46 -16.14 -35.20 324.07 279.04 8.66 0.00
0.00 6182.88
443.40 -16.06 -19.80 -38.23 325.59 290.90 11.44 0.10
0.00 6802.60
409.50 -19.86 -23.08 -43.95 327.66 297.28 13.99 0.20
0.00 7396.80
378.80 -23.56 -26.31 -50.39 329.79 301.20 16.12 0.20
0.00 7970.41
351.20 -27.16 -29.25 -47.49 332.34 307.60 21.33 0.20
0.00 8519.17
326.30 -29.86 -31.53 -46.02 335.83 309.29 27.60 0.20
0.00 9045.83
303.90 -32.56 -33.98 -48.20 338.80 302.01 29.31 0.10
0.00 9549.54
283.80 -36.16 -37.13 -47.76 340.40 299.64 27.49 0.10
0.00 10027.89
265.70 -39.76 -40.33 -46.97 341.72 312.36 26.81 0.00
0.00 10481.63
248.80 -43.56 -43.83 -47.56 342.53 298.17 34.15 0.00
12.00 10927.00
233.60 -46.86 -47.18 -53.69 343.33 285.21 48.12 0.10
0.00 11347.65
219.60 -49.66 -50.02 -62.27 344.82 287.29 55.54 0.10
0.00 11754.50
205.70 -52.56 -52.89 -72.71 346.63 296.96 50.12 0.00
0.00 12179.50
191.70 -56.06 -56.29 -73.19 348.07 302.06 47.22 0.00
0.00 12631.03
177.80 -58.86 -59.00 -68.92 351.10 299.40 43.92 -0.10
0.00 13106.27
163.80 -60.46 -60.61 -74.24 356.69 301.43 45.07 -0.10
0.00 13618.78
149.80 -61.76 -61.90 -74.84 363.68 309.27 42.66 0.00
0.00 14173.33
135.90 -62.36 -62.50 -75.48 372.88 317.82 33.55 0.00
0.00 14775.04
121.90 -62.26 -9999.00 -9999.00 -9999.00 312.20 19.66 0.00
0.00 15446.01
108.00 -62.66 -9999.00 -9999.00 -9999.00 289.32 15.85 0.00
0.00 16192.67
94.00 -62.06 -9999.00 -9999.00 -9999.00 291.52 14.82 0.00
0.00 17049.31
81.00 -61.16 -9999.00 -9999.00 -9999.00 306.33 8.20 0.00
0.00 17970.97
70.60 -60.26 -9999.00 -9999.00 -9999.00 333.43 4.78 0.00
0.00 18825.50
62.20 -58.76 -9999.00 -9999.00 -9999.00 43.15 4.25 0.00
0.00 19617.67
54.30 -57.96 -9999.00 -9999.00 -9999.00 72.65 6.51 0.00
0.00 20471.66
46.90 -56.76 -9999.00 -9999.00 -9999.00 57.72 8.72 0.00
0.00 21397.07
40.10 -54.86 -9999.00 -9999.00 -9999.00 54.37 14.34 0.00
0.00 22393.59
33.80 -52.46 -9999.00 -9999.00 -9999.00 56.93 19.93 0.00
0.00 23491.69
27.80 -50.06 -9999.00 -9999.00 -9999.00 64.63 24.94 0.00
0.00 24760.98
22.30 -47.36 -9999.00 -9999.00 -9999.00 75.02 28.55 0.00
0.00 26209.26
17.10 -44.46 -9999.00 -9999.00 -9999.00 81.57 26.52 0.00
0.00 27975.32
12.30 -41.06 -9999.00 -9999.00 -9999.00 82.46 26.65 0.00
0.00 30197.27

STID = KMDW STNM = 725340 TIME = 200808/0300 
SLAT = 41.78 SLON = -87.75 SELV = 183.0
STIM = 5

SHOW = 4.25 LIFT = 4.17 SWET = 115.48 KINX = 22.66
LCLP = 901.17 PWAT = 26.99 TOTL = 40.95 CAPE = 0.00
LCLT = 287.65 CINS = 0.00 EQLV = -9999.00 LFCT = -9999.00
BRCH = 0.00

PRES TMPC TMWC DWPC THTE DRCT SKNT OMEG
CFRL HGHT
997.20 22.94 18.45 16.08 330.19 165.07 3.01 0.00
0.00 192.62
994.20 23.44 17.95 14.95 328.79 169.56 7.50 0.00
0.00 218.94
988.70 24.04 17.40 13.60 327.53 175.60 10.14 -0.10
0.00 267.45
979.30 23.84 16.83 12.69 326.81 181.02 10.88 -0.20
0.00 351.01
965.40 22.84 16.22 12.25 326.64 183.43 9.73 -0.20
0.00 475.78
947.50 21.44 15.48 11.85 326.63 182.86 7.77 -0.10
0.00 638.46
926.10 19.64 14.57 11.43 326.63 172.65 6.08 0.00
0.00 835.94
902.80 17.74 13.54 10.89 326.60 156.25 5.30 0.00
0.00 1054.82
877.40 15.94 12.19 9.71 325.94 159.15 4.37 0.00
0.00 1298.36
849.20 14.94 11.11 8.49 326.66 235.01 2.37 0.00
0.00 1575.74
818.00 14.54 9.76 6.27 327.12 288.03 8.78 -0.20
0.00 1892.66
783.80 13.54 8.22 4.08 327.75 310.43 13.77 -0.40
0.00 2253.20
746.70 9.94 6.67 4.11 329.17 320.87 14.78 -0.30
0.00 2659.21
706.70 6.74 2.78 -1.09 324.93 320.53 12.84 0.00
0.00 3114.50
663.80 4.74 -2.49 -14.49 318.76 302.01 10.99 0.20
0.00 3626.81
618.00 3.04 -5.82 -31.66 318.54 280.20 9.87 0.20
0.00 4206.98
569.90 -0.16 -8.32 -36.06 321.76 264.43 8.00 0.20
0.00 4858.40
523.10 -5.76 -12.09 -35.14 323.19 261.67 8.04 0.30
0.00 5536.23
481.10 -11.26 -16.02 -35.46 324.28 268.75 8.94 0.30
0.00 6184.74
443.40 -15.76 -19.63 -39.19 325.86 283.35 11.77 0.30
0.00 6805.05
409.50 -19.56 -22.95 -46.73 327.85 287.45 14.26 0.20
0.00 7399.94
378.80 -23.46 -26.15 -47.43 330.08 295.94 15.99 0.10
0.00 7973.99
351.20 -26.76 -28.68 -42.10 333.34 309.07 21.27 0.00
0.00 8523.34
326.40 -29.46 -30.84 -40.05 337.01 307.44 27.16 0.00
0.00 9048.71
303.90 -32.66 -33.80 -43.11 339.13 296.91 28.75 -0.10
0.00 9554.94
283.80 -36.16 -36.95 -44.43 340.71 289.21 27.16 -0.10
0.00 10033.22
265.70 -40.16 -40.59 -45.39 341.29 288.43 24.57 -0.20
0.00 10486.60
248.80 -43.86 -44.06 -46.74 342.16 289.63 26.61 -0.20
80.00 10931.30
233.60 -47.26 -47.46 -51.06 342.89 279.33 40.75 -0.10
37.00 11351.31
219.60 -50.16 -50.40 -56.82 344.23 281.79 54.18 -0.10
0.00 11757.36
205.70 -52.66 -52.94 -64.93 346.57 288.62 55.96 -0.10
0.00 12181.79
191.70 -56.06 -56.29 -73.19 348.07 298.35 44.58 -0.10
0.00 12633.21
177.80 -59.26 -59.40 -68.92 350.44 299.95 41.24 -0.10
0.00 13108.01
163.80 -60.26 -60.41 -74.24 357.03 305.77 44.52 0.00
0.00 13620.29
149.80 -61.36 -61.50 -74.84 364.36 317.71 40.70 0.00
0.00 14175.62
135.90 -62.56 -62.69 -75.48 372.52 320.68 29.12 0.00
0.00 14777.62
121.90 -62.26 -9999.00 -9999.00 -9999.00 303.69 18.20 0.00
0.00 15448.27
108.00 -62.66 -9999.00 -9999.00 -9999.00 281.06 17.21 0.00
0.00 16194.93
94.00 -62.26 -9999.00 -9999.00 -9999.00 291.14 15.62 0.00
0.00 17051.16
81.00 -61.46 -9999.00 -9999.00 -9999.00 311.63 9.36 0.00
0.00 17971.73
70.60 -60.36 -9999.00 -9999.00 -9999.00 333.43 6.95 0.00
0.00 18825.46
62.20 -58.76 -9999.00 -9999.00 -9999.00 33.11 5.34 0.00
0.00 19617.44
54.30 -57.56 -9999.00 -9999.00 -9999.00 54.29 7.65 0.00
0.00 20472.23
46.90 -55.76 -9999.00 -9999.00 -9999.00 57.32 12.24 0.00
0.00 21400.64
40.10 -54.56 -9999.00 -9999.00 -9999.00 65.40 17.74 0.00
0.00 22400.15
33.80 -53.26 -9999.00 -9999.00 -9999.00 69.12 20.16 0.00
0.00 23496.99
27.80 -51.16 -9999.00 -9999.00 -9999.00 73.39 23.12 0.00
0.00 24760.85
22.30 -48.36 -9999.00 -9999.00 -9999.00 80.68 25.19 0.00
0.00 26202.35
17.10 -44.76 -9999.00 -9999.00 -9999.00 78.87 24.15 0.00
0.00 27963.36
12.30 -41.06 -9999.00 -9999.00 -9999.00 78.86 26.13 0.00
0.00 30183.87

STID = KMDW STNM = 725340 TIME = 200808/0400 
SLAT = 41.78 SLON = -87.75 SELV = 183.0
STIM = 6

SHOW = 4.80 LIFT = 4.85 SWET = 113.36 KINX = 23.44
LCLP = 918.01 PWAT = 27.51 TOTL = 39.99 CAPE = 0.00
LCLT = 288.32 CINS = 0.00 EQLV = -9999.00 LFCT = -9999.00
BRCH = 0.00

PRES TMPC TMWC DWPC THTE DRCT SKNT OMEG
CFRL HGHT
998.10 22.14 18.43 16.48 330.02 165.07 3.01 0.00
0.00 191.72
995.00 22.94 17.78 14.94 328.10 180.00 7.96 0.00
0.00 218.83
989.50 23.84 17.14 13.23 326.52 184.16 10.70 -0.10
0.00 267.24
980.10 23.74 16.64 12.38 326.04 187.99 11.19 -0.10
0.00 350.68
966.20 22.74 16.06 12.00 325.99 189.09 9.83 -0.10
0.00 475.29
948.30 21.34 15.29 11.55 325.89 184.09 8.18 0.00
0.00 637.76
926.90 19.64 14.35 11.01 325.79 168.69 6.93 0.00
0.00 835.02
903.50 17.74 13.35 10.52 325.86 150.64 7.13 0.00
0.00 1054.62
878.20 15.94 11.94 9.23 325.03 150.95 6.00 0.00
0.00 1296.97
849.90 14.74 10.97 8.36 326.12 189.46 2.37 0.00
0.00 1574.95
818.60 14.14 9.82 6.71 327.24 280.18 7.69 -0.10
0.00 1892.33
784.40 13.04 8.68 5.45 329.05 307.95 12.32 -0.10
0.00 2252.13
747.30 9.74 7.05 5.01 330.18 322.63 13.44 0.00
0.00 2657.46
707.20 6.44 3.17 0.12 325.90 322.96 12.90 0.10
0.00 3113.26
664.20 4.34 -2.37 -12.95 319.03 309.56 11.60 0.10
0.00 3625.90
618.40 2.74 -5.96 -31.19 318.21 292.71 9.05 0.00
0.00 4205.02
570.10 -0.16 -8.34 -36.72 321.66 262.41 5.89 0.00
0.00 4858.46
523.40 -5.56 -11.97 -35.41 323.34 254.48 7.26 0.10
0.00 5534.78
481.20 -10.86 -15.82 -36.54 324.61 266.35 9.15 0.20
0.00 6186.84
443.50 -15.06 -19.31 -43.21 326.35 278.93 13.77 0.20
0.00 6808.31
409.60 -19.16 -22.67 -47.39 328.31 283.09 17.15 0.10
0.00 7404.32
378.90 -23.26 -25.78 -42.11 330.75 291.69 18.40 0.10
0.00 7978.93
351.30 -26.76 -28.48 -39.08 333.69 302.96 21.08 0.00
0.00 8528.38
326.40 -30.06 -31.16 -38.10 336.48 302.41 26.46 -0.10
0.00 9055.18
304.00 -32.96 -34.12 -44.16 338.56 284.88 28.75 -0.20
0.00 9558.15
283.80 -36.26 -37.17 -46.82 340.33 276.51 29.14 -0.20
0.00 10038.31
265.70 -40.16 -40.66 -46.55 341.17 270.78 28.55 -0.20
0.00 10491.58
248.80 -43.96 -44.18 -47.14 341.97 270.75 29.72 -0.20
100.00 10936.18
233.60 -47.36 -47.53 -50.50 342.78 268.60 39.84 -0.20
100.00 11356.01
219.60 -50.66 -50.75 -52.81 343.66 273.49 50.99 -0.10
100.00 11761.52
205.70 -53.36 -53.54 -59.64 345.60 282.98 53.63 -0.10
2.00 12184.81
191.70 -56.06 -56.26 -68.39 348.12 294.04 45.30 0.00
0.00 12635.52
177.80 -59.06 -59.23 -73.70 350.72 297.31 40.23 0.00
0.00 13110.54
163.80 -60.06 -60.22 -74.24 357.36 304.10 45.05 0.00
0.00 13623.30
149.80 -61.36 -61.50 -74.84 364.36 318.09 43.34 0.00
0.00 14178.89
135.90 -62.66 -62.79 -75.48 372.35 318.74 27.39 0.00
0.00 14780.75
121.90 -62.56 -9999.00 -9999.00 -9999.00 299.27 20.26 0.00
0.00 15450.76
108.00 -62.36 -9999.00 -9999.00 -9999.00 282.59 20.49 0.00
0.00 16197.42
94.00 -62.26 -9999.00 -9999.00 -9999.00 293.36 18.63 0.00
0.00 17054.26
81.00 -61.66 -9999.00 -9999.00 -9999.00 318.81 12.39 0.00
0.00 17974.40
70.60 -59.76 -9999.00 -9999.00 -9999.00 344.05 9.91 0.00
0.00 18828.92
62.20 -57.86 -9999.00 -9999.00 -9999.00 36.25 7.23 0.00
0.00 19623.69
54.30 -56.76 -9999.00 -9999.00 -9999.00 56.66 8.84 0.00
0.00 20481.86
46.90 -55.86 -9999.00 -9999.00 -9999.00 68.36 13.17 0.00
0.00 21411.77
40.10 -55.46 -9999.00 -9999.00 -9999.00 70.95 17.27 0.00
0.00 22408.98
33.80 -54.46 -9999.00 -9999.00 -9999.00 73.24 18.86 0.00
0.00 23500.57
27.80 -52.46 -9999.00 -9999.00 -9999.00 73.01 21.93 0.00
0.00 24757.28
22.30 -49.06 -9999.00 -9999.00 -9999.00 75.01 25.54 0.00
0.00 26192.33
17.10 -44.36 -9999.00 -9999.00 -9999.00 79.02 26.52 0.00
0.00 27952.17
12.30 -41.16 -9999.00 -9999.00 -9999.00 77.79 26.63 0.00
0.00 30174.13

STID = KMDW STNM = 725340 TIME = 200808/0500 
SLAT = 41.78 SLON = -87.75 SELV = 183.0
STIM = 7

SHOW = 5.26 LIFT = 5.40 SWET = 111.69 KINX = 22.25
LCLP = 930.08 PWAT = 27.13 TOTL = 39.43 CAPE = 0.00
LCLT = 288.59 CINS = 0.00 EQLV = -9999.00 LFCT = -9999.00
BRCH = 0.00

PRES TMPC TMWC DWPC THTE DRCT SKNT OMEG
CFRL HGHT
998.40 21.34 18.21 16.55 329.21 160.56 3.50 0.00
0.00 191.69
995.40 22.34 17.48 14.76 327.00 176.35 9.15 0.00
0.00 217.85
989.90 23.64 16.80 12.71 325.30 180.94 11.85 0.00
0.00 266.17
980.40 23.54 16.33 11.92 324.98 181.82 12.24 0.00
0.00 350.40
966.50 22.54 15.79 11.62 325.06 180.00 11.46 0.00
0.00 474.87
948.60 21.14 15.01 11.15 324.93 174.71 10.53 0.00
0.00 637.16
927.20 19.44 13.98 10.45 324.57 162.98 9.95 0.00
0.00 834.18
903.80 17.64 12.95 9.85 324.57 150.40 9.83 -0.10
0.00 1053.55
878.50 15.94 11.68 8.74 324.19 145.95 8.68 0.00
0.00 1295.72
850.20 14.74 10.67 7.79 325.16 154.65 4.08 -0.10
0.00 1573.57
818.90 14.24 9.87 6.73 327.35 279.78 5.71 -0.10
0.00 1890.85
784.70 12.94 9.06 6.29 330.19 311.99 10.45 -0.10
0.00 2250.56
747.50 9.64 6.95 4.91 329.88 324.12 11.27 0.00
0.00 2656.76
707.40 6.44 2.79 -0.73 324.88 315.00 11.81 0.00
0.00 3112.31
664.40 4.14 -2.33 -12.33 319.12 308.11 12.59 0.00
0.00 3624.57
618.50 2.24 -6.08 -28.73 318.03 301.16 9.75 0.00
0.00 4204.13
570.30 -0.26 -8.46 -38.18 321.36 265.10 6.82 0.00
0.00 4855.36
523.50 -5.56 -12.03 -36.59 323.18 256.26 8.99 0.00
0.00 5532.80
481.30 -10.86 -15.87 -37.42 324.48 265.07 11.31 0.00
0.00 6184.72
443.60 -15.06 -19.36 -44.79 326.21 276.84 14.67 0.00
0.00 6806.04
409.70 -19.26 -22.71 -46.10 328.24 281.96 16.88 0.00
0.00 7401.79
378.90 -22.96 -25.33 -38.61 331.56 290.26 17.39 -0.10
0.00 7978.45
351.30 -26.66 -27.97 -34.62 334.61 303.23 20.20 -0.10
0.00 8528.40
326.40 -30.26 -31.60 -41.48 335.71 298.41 26.94 -0.10
0.00 9055.10
304.00 -33.76 -34.72 -42.78 337.58 287.86 30.40 -0.10
0.00 9557.02
283.80 -36.56 -37.35 -45.17 340.06 271.90 35.18 -0.10
0.00 10036.09
265.70 -39.96 -40.53 -47.41 341.39 259.76 32.77 -0.20
0.00 10489.26
248.80 -43.66 -44.02 -49.43 342.22 253.97 38.00 -0.20
1.00 10934.33
233.60 -47.26 -47.43 -50.50 342.93 263.03 43.24 -0.20
100.00 11354.52
219.60 -50.66 -50.70 -51.59 343.74 272.25 49.38 -0.10
100.00 11760.13
205.70 -53.46 -53.63 -59.64 345.44 282.32 47.32 -0.10
0.00 12183.33
191.70 -56.06 -56.26 -68.39 348.12 292.70 41.28 0.00
0.00 12633.93
177.80 -58.56 -58.74 -73.70 351.54 294.98 37.72 0.10
0.00 13109.50
163.80 -59.86 -60.02 -74.24 357.70 304.34 43.05 0.10
0.00 13623.10
149.80 -61.16 -61.31 -74.84 364.71 319.89 41.90 0.10
0.00 14179.21
135.90 -62.16 -9999.00 -9999.00 -9999.00 315.65 24.18 0.00
0.00 14782.07
121.90 -62.46 -9999.00 -9999.00 -9999.00 289.16 19.54 0.00
0.00 15453.03
108.00 -62.36 -9999.00 -9999.00 -9999.00 276.62 21.91 0.00
0.00 16199.87
94.00 -62.46 -9999.00 -9999.00 -9999.00 295.71 17.46 0.00
0.00 17056.30
81.00 -61.16 -9999.00 -9999.00 -9999.00 324.93 11.15 0.00
0.00 17977.09
70.60 -58.86 -9999.00 -9999.00 -9999.00 353.66 8.80 0.00
0.00 18834.43
62.20 -58.06 -9999.00 -9999.00 -9999.00 55.41 6.84 0.00
0.00 19630.50
54.30 -57.66 -9999.00 -9999.00 -9999.00 66.80 8.88 0.00
0.00 20486.48
46.90 -57.26 -9999.00 -9999.00 -9999.00 66.12 12.96 0.00
0.00 21411.46
40.10 -56.16 -9999.00 -9999.00 -9999.00 59.50 16.45 0.00
0.00 22403.86
33.80 -54.16 -9999.00 -9999.00 -9999.00 61.74 17.64 0.00
0.00 23494.45
27.80 -51.56 -9999.00 -9999.00 -9999.00 71.23 21.13 0.00
0.00 24754.59
22.30 -48.76 -9999.00 -9999.00 -9999.00 82.98 25.45 0.00
0.00 26193.51
17.10 -44.96 -9999.00 -9999.00 -9999.00 87.89 26.44 0.00
0.00 27952.19
12.30 -41.66 -9999.00 -9999.00 -9999.00 75.38 27.70 0.00
0.00 30168.84

STID = KMDW STNM = 725340 TIME = 200808/0600 
SLAT = 41.78 SLON = -87.75 SELV = 183.0
STIM = 8

SHOW = 6.10 LIFT = 6.37 SWET = 105.08 KINX = 20.62
LCLP = 935.17 PWAT = 26.42 TOTL = 38.34 CAPE = 0.00
LCLT = 288.27 CINS = 0.00 EQLV = -9999.00 LFCT = -9999.00
BRCH = 0.00

PRES TMPC TMWC DWPC THTE DRCT SKNT OMEG
CFRL HGHT
998.20 20.54 17.69 16.14 327.42 160.56 3.50 0.00
0.00 191.67
995.20 21.74 16.89 14.08 325.02 174.81 10.72 0.00
0.00 217.77
989.70 23.54 16.27 11.74 323.54 177.47 13.23 0.00
0.00 266.03
980.20 23.44 15.90 11.12 323.55 178.41 13.99 0.10
0.00 350.21
966.30 22.34 15.30 10.78 323.46 175.91 13.64 0.10
0.00 474.61
948.40 20.94 14.43 10.14 323.07 173.29 13.31 0.20
0.00 636.77
927.00 19.44 13.40 9.29 322.72 168.69 12.88 0.20
0.00 833.70
903.70 17.74 12.39 8.67 322.81 161.57 12.28 0.20
0.00 1052.12
878.40 16.14 11.33 7.89 323.11 155.22 11.13 0.20
0.00 1294.36
850.10 14.84 10.17 6.71 323.65 163.14 6.70 0.10
0.00 1572.30
818.90 14.24 9.82 6.64 327.21 272.20 5.05 0.00
0.00 1888.59
784.60 12.74 9.21 6.73 330.67 310.60 8.95 0.00
0.00 2249.27
747.40 9.54 6.90 4.89 329.75 317.42 9.75 0.10
0.00 2655.33
707.30 6.44 2.45 -1.55 323.98 306.30 11.81 0.20
0.00 3110.81
664.30 3.84 -2.46 -12.22 318.85 307.67 13.99 0.10
0.00 3622.84
618.50 1.74 -6.09 -25.65 318.10 306.10 11.54 0.00
0.00 4200.38
570.20 -0.66 -8.72 -38.58 320.87 272.66 8.35 -0.10
0.00 4851.97
523.40 -5.56 -12.11 -38.27 323.01 253.74 9.71 -0.10
0.00 5529.03
481.30 -10.76 -15.87 -38.73 324.46 262.88 12.53 0.00
0.00 6179.57
443.60 -15.26 -19.54 -46.01 325.88 271.43 15.54 0.00
0.00 6800.76
409.70 -19.26 -22.63 -43.94 328.39 274.76 16.38 0.00
0.00 7396.28
378.90 -22.76 -24.71 -33.50 332.71 289.75 16.10 0.00
0.00 7973.22
351.30 -26.96 -27.74 -31.18 335.03 304.77 20.10 0.00
0.00 8523.13
326.40 -30.36 -31.43 -38.33 336.02 294.81 25.47 -0.10
0.00 9049.46
304.00 -33.86 -34.45 -38.58 338.05 283.32 30.34 -0.10
0.00 9551.22
283.80 -37.26 -37.74 -41.93 339.44 274.97 35.88 -0.10
0.00 10029.51
265.70 -40.06 -40.59 -46.97 341.28 263.66 36.95 -0.10
0.00 10481.93
248.80 -43.66 -44.00 -48.92 342.26 262.66 38.00 -0.10
4.00 10926.91
233.60 -47.26 -47.36 -49.00 343.05 266.02 44.79 -0.10
100.00 11347.10
219.60 -50.36 -50.42 -51.59 344.21 271.97 45.09 -0.10
100.00 11752.98
205.70 -53.26 -53.46 -61.06 345.71 282.83 40.25 0.00
0.00 12176.66
191.70 -55.76 -55.97 -68.39 348.60 291.96 37.92 0.10
0.00 12627.78
177.70 -57.86 -58.06 -73.70 352.75 294.57 37.37 0.10
0.00 13108.01
163.80 -59.26 -59.44 -74.24 358.70 304.64 42.04 0.10
0.00 13619.64
149.80 -61.06 -61.21 -74.84 364.88 319.03 39.10 0.00
0.00 14176.66
135.90 -62.36 -9999.00 -9999.00 -9999.00 309.74 22.47 0.00
0.00 14779.37
121.90 -63.26 -9999.00 -9999.00 -9999.00 276.46 20.73 0.00
0.00 15448.75
108.00 -63.66 -9999.00 -9999.00 -9999.00 278.75 23.00 0.00
0.00 16191.86
94.00 -63.16 -9999.00 -9999.00 -9999.00 300.74 16.72 0.00
0.00 17044.23
81.00 -61.16 -9999.00 -9999.00 -9999.00 331.29 9.30 0.00
0.00 17963.50
70.60 -58.86 -9999.00 -9999.00 -9999.00 16.39 6.88 0.00
0.00 18820.84
62.20 -58.46 -9999.00 -9999.00 -9999.00 76.68 7.60 0.00
0.00 19616.16
54.30 -57.86 -9999.00 -9999.00 -9999.00 77.62 8.16 0.00
0.00 20470.95
46.90 -57.16 -9999.00 -9999.00 -9999.00 64.75 11.38 0.00
0.00 21395.72
40.10 -55.66 -9999.00 -9999.00 -9999.00 59.28 15.60 0.00
0.00 22389.49
33.80 -53.66 -9999.00 -9999.00 -9999.00 63.97 18.59 0.00
0.00 23482.59
27.80 -51.36 -9999.00 -9999.00 -9999.00 73.25 22.92 0.00
0.00 24744.72
22.30 -48.16 -9999.00 -9999.00 -9999.00 86.01 25.12 0.00
0.00 26186.23
17.10 -44.36 -9999.00 -9999.00 -9999.00 84.19 23.04 0.00
0.00 27949.57
12.30 -41.36 -9999.00 -9999.00 -9999.00 70.63 26.36 0.00
0.00 30170.56

STID = KMDW STNM = 725340 TIME = 200808/0700 
SLAT = 41.78 SLON = -87.75 SELV = 183.0
STIM = 9

SHOW = 6.27 LIFT = 7.30 SWET = 93.60 KINX = 17.38
LCLP = 933.92 PWAT = 24.85 TOTL = 38.32 CAPE = 0.00
LCLT = 287.59 CINS = 0.00 EQLV = -9999.00 LFCT = -9999.00
BRCH = 0.00

PRES TMPC TMWC DWPC THTE DRCT SKNT OMEG
CFRL HGHT
998.00 19.94 17.08 15.47 325.36 153.43 3.90 0.00
0.00 192.51
995.00 21.54 16.21 12.97 322.78 168.50 11.69 0.00
0.00 218.57
989.50 23.44 15.68 10.61 321.61 170.41 13.99 0.00
0.00 266.80
980.10 23.34 15.35 10.06 321.77 171.54 14.53 0.10
0.00 350.05
966.10 22.44 14.57 9.17 321.09 169.14 14.43 0.20
0.00 475.31
948.30 21.24 13.65 8.26 320.57 164.88 14.90 0.20
0.00 636.61
926.90 19.64 12.85 7.99 321.01 161.80 14.92 0.30
0.00 833.63
903.60 17.94 12.06 7.83 321.79 161.82 13.69 0.30
0.00 1052.15
878.30 16.44 10.81 6.59 321.57 160.94 11.31 0.30
0.00 1294.55
850.00 15.54 10.01 5.80 323.17 168.69 5.94 0.30
0.00 1572.90
818.80 15.04 10.34 7.04 328.78 291.80 5.23 0.40
0.00 1890.03
784.50 13.04 9.37 6.81 331.17 311.05 7.98 0.50
0.00 2251.48
747.40 9.84 6.30 3.45 328.00 304.62 9.91 0.50
0.00 2656.82
707.30 6.94 1.65 -4.25 321.89 301.36 14.55 0.40
0.00 3112.74
664.30 4.24 -2.78 -14.61 318.05 306.08 16.82 0.20
0.00 3625.39
618.50 1.54 -6.03 -23.92 318.31 310.28 15.02 0.00
0.00 4203.09
570.20 -1.16 -8.99 -37.80 320.35 287.47 10.99 -0.10
0.00 4853.88
523.50 -5.76 -12.30 -39.82 322.61 257.47 10.74 -0.10
0.00 5528.54
481.30 -10.76 -15.93 -40.22 324.31 259.02 13.25 -0.10
0.00 6180.31
443.60 -15.26 -19.49 -44.24 326.00 267.24 16.14 0.00
0.00 6801.49
409.70 -18.96 -22.12 -38.41 329.34 272.63 16.92 0.00
0.00 7397.40
379.00 -22.86 -24.07 -28.46 333.87 293.29 15.23 0.00
0.00 7972.71
351.30 -27.06 -27.90 -31.71 334.75 296.85 17.19 0.00
0.00 8524.37
326.40 -30.66 -31.17 -33.90 336.49 284.16 22.24 0.00
4.00 9050.30
304.00 -34.26 -34.53 -36.25 337.93 280.37 30.21 0.00
100.00 9551.39
283.80 -37.06 -37.67 -43.42 339.54 268.45 35.96 0.00
0.00 10029.49
265.70 -40.46 -40.91 -46.15 340.77 262.80 38.77 0.00
1.00 10481.71
248.80 -43.56 -43.76 -46.36 342.65 263.96 44.35 -0.10
100.00 10926.41
233.60 -46.86 -46.96 -48.55 343.70 264.47 48.41 -0.10
100.00 11347.08
219.60 -49.76 -49.97 -55.00 344.93 273.03 40.46 -0.10
100.00 11753.86
205.70 -52.46 -52.75 -64.93 346.88 285.26 37.65 0.00
0.00 12178.87
191.70 -55.16 -55.39 -68.39 349.56 290.95 36.40 0.00
0.00 12631.43
177.70 -57.36 -57.57 -73.70 353.56 292.41 37.20 0.00
0.00 13112.88
163.80 -59.06 -59.24 -74.24 359.04 301.01 40.35 0.00
0.00 13625.34
149.80 -61.16 -61.31 -74.84 364.71 315.00 35.43 0.00
0.00 14182.50
135.90 -62.66 -9999.00 -9999.00 -9999.00 302.96 21.08 0.00
0.00 14784.64
121.90 -63.96 -9999.00 -9999.00 -9999.00 270.48 23.12 0.00
0.00 15452.42
108.00 -64.06 -9999.00 -9999.00 -9999.00 288.29 23.52 0.00
0.00 16193.59
94.00 -62.86 -9999.00 -9999.00 -9999.00 307.28 16.36 0.00
0.00 17045.75
81.00 -60.96 -9999.00 -9999.00 -9999.00 328.50 7.07 0.00
0.00 17966.11
70.60 -59.26 -9999.00 -9999.00 -9999.00 46.64 4.82 0.00
0.00 18823.05
62.20 -59.46 -9999.00 -9999.00 -9999.00 93.09 7.21 0.00
0.00 19615.78
54.30 -58.46 -9999.00 -9999.00 -9999.00 76.76 6.78 0.00
0.00 20467.39
46.90 -57.16 -9999.00 -9999.00 -9999.00 60.14 12.10 0.00
0.00 21390.86
40.10 -55.66 -9999.00 -9999.00 -9999.00 63.71 17.99 0.00
0.00 22384.64
33.80 -52.86 -9999.00 -9999.00 -9999.00 67.92 22.22 0.00
0.00 23479.73
27.80 -50.06 -9999.00 -9999.00 -9999.00 80.98 24.79 0.00
0.00 24747.88
22.30 -46.76 -9999.00 -9999.00 -9999.00 88.24 25.27 0.00
0.00 26198.09
17.10 -43.76 -9999.00 -9999.00 -9999.00 76.41 23.99 0.00
0.00 27969.21
12.30 -41.76 -9999.00 -9999.00 -9999.00 66.80 26.63 0.00
0.00 30191.16

STID = KMDW STNM = 725340 TIME = 200808/0800 
SLAT = 41.78 SLON = -87.75 SELV = 183.0
STIM = 10

SHOW = 6.09 LIFT = 7.76 SWET = 90.65 KINX = 17.72
LCLP = 930.64 PWAT = 24.66 TOTL = 38.76 CAPE = 0.00
LCLT = 286.86 CINS = 0.00 EQLV = -9999.00 LFCT = -9999.00
BRCH = 0.00

PRES TMPC TMWC DWPC THTE DRCT SKNT OMEG
CFRL HGHT
997.40 19.44 16.50 14.78 323.49 171.03 3.73 0.00
0.00 192.50
994.40 21.04 15.64 12.23 321.00 174.64 12.49 0.00
0.00 218.53
989.00 23.24 15.29 9.95 320.44 174.81 15.02 0.00
0.00 265.83
979.50 23.24 15.00 9.38 320.70 175.06 15.79 0.00
0.00 349.96
965.70 22.44 14.26 8.51 320.18 174.36 15.81 0.00
0.00 473.45
947.80 21.14 13.25 7.46 319.40 171.67 16.10 0.00
0.00 635.66
926.50 19.54 12.32 6.92 319.46 166.48 15.79 -0.10
0.00 831.73
903.10 17.74 11.59 7.01 320.46 165.02 14.28 -0.10
0.00 1051.13
877.90 16.44 10.42 5.73 320.44 173.00 11.15 -0.20
0.00 1292.55
849.60 15.84 9.98 5.47 323.11 180.00 5.83 -0.20
0.00 1571.13
818.40 15.44 10.58 7.22 329.59 286.70 4.06 -0.10
0.00 1888.80
784.20 13.14 9.22 6.45 330.75 297.41 5.91 0.10
0.00 2249.65
747.10 10.14 5.97 2.49 327.09 292.62 10.10 0.20
0.00 2655.36
707.00 7.34 1.88 -4.15 322.49 300.10 15.50 0.20
0.00 3111.98
664.10 4.34 -2.24 -12.39 319.36 310.60 17.91 0.10
0.00 3624.14
618.30 1.14 -5.42 -18.13 319.82 314.56 17.72 0.00
0.00 4201.88
570.10 -1.86 -9.17 -32.98 320.12 296.95 12.86 -0.10
0.00 4850.33
523.30 -6.06 -12.53 -40.70 322.21 267.14 11.67 -0.10
0.00 5525.40
481.20 -10.96 -16.09 -40.63 324.04 258.39 14.47 0.00
0.00 6175.19
443.50 -15.26 -19.35 -40.61 326.32 266.71 16.92 0.00
0.00 6796.28
409.60 -18.86 -21.73 -34.37 330.12 273.77 17.72 0.00
0.00 7392.49
378.90 -23.16 -24.05 -27.10 333.95 284.04 13.62 0.00
0.00 7967.77
351.30 -26.96 -27.86 -31.98 334.81 279.81 15.97 0.00
0.00 8517.32
326.40 -30.86 -31.23 -33.16 336.40 277.63 21.95 0.00
100.00 9043.14
304.00 -34.36 -34.79 -37.75 337.49 277.67 30.57 0.00
100.00 9543.91
283.80 -37.66 -38.18 -43.10 338.71 267.51 35.78 0.00
3.00 10021.30
265.70 -40.66 -40.90 -43.41 340.79 263.27 41.47 0.00
100.00 10472.76
248.80 -43.46 -43.65 -45.99 342.84 259.07 46.10 0.00
100.00 10917.38
233.60 -46.66 -46.85 -49.98 343.88 264.50 46.64 0.00
100.00 11338.31
219.60 -49.16 -49.50 -59.12 345.68 273.79 38.15 0.00
23.00 11745.81
205.70 -52.26 -52.58 -67.88 347.15 285.20 37.04 0.00
0.00 12171.58
191.70 -54.96 -55.22 -73.19 349.83 291.45 35.06 0.00
0.00 12624.55
177.70 -57.16 -57.38 -73.70 353.89 291.68 33.66 0.00
0.00 13106.45
163.80 -59.16 -59.34 -74.24 358.87 296.02 36.75 0.00
0.00 13619.02
149.80 -61.26 -61.41 -74.84 364.54 307.49 32.56 0.00
0.00 14175.92
135.90 -63.26 -63.38 -75.48 371.28 296.31 19.72 -0.10
0.00 14777.07
121.90 -64.46 -9999.00 -9999.00 -9999.00 270.89 25.06 0.00
0.00 15443.10
108.00 -64.16 -9999.00 -9999.00 -9999.00 292.62 25.25 0.00
0.00 16183.20
94.00 -62.86 -9999.00 -9999.00 -9999.00 309.89 16.96 0.00
0.00 17035.17
81.00 -61.26 -9999.00 -9999.00 -9999.00 313.83 6.74 0.00
0.00 17954.87
70.60 -60.26 -9999.00 -9999.00 -9999.00 45.00 3.57 0.00
0.00 18809.20
62.20 -60.36 -9999.00 -9999.00 -9999.00 84.29 5.85 0.00
0.00 19598.40
54.30 -59.06 -9999.00 -9999.00 -9999.00 55.49 7.54 0.00
0.00 20447.03
46.90 -57.06 -9999.00 -9999.00 -9999.00 59.42 14.90 0.00
0.00 21369.43
40.10 -55.36 -9999.00 -9999.00 -9999.00 73.47 18.43 0.00
0.00 22364.12
33.80 -51.96 -9999.00 -9999.00 -9999.00 79.84 20.92 0.00
0.00 23462.22
27.80 -50.06 -9999.00 -9999.00 -9999.00 91.01 22.14 0.00
0.00 24732.94
22.30 -47.66 -9999.00 -9999.00 -9999.00 87.19 19.83 0.00
0.00 26180.25
17.10 -43.96 -9999.00 -9999.00 -9999.00 68.02 22.82 0.00
0.00 27947.09
12.30 -41.66 -9999.00 -9999.00 -9999.00 63.43 29.55 0.00
0.00 30168.56

STID = KMDW STNM = 725340 TIME = 200808/0900 
SLAT = 41.78 SLON = -87.75 SELV = 183.0
STIM = 11

SHOW = 6.75 LIFT = 7.58 SWET = 85.66 KINX = 19.84
LCLP = 931.10 PWAT = 26.72 TOTL = 37.79 CAPE = 0.00
LCLT = 286.31 CINS = 0.00 EQLV = -9999.00 LFCT = -9999.00
BRCH = 0.00

PRES TMPC TMWC DWPC THTE DRCT SKNT OMEG
CFRL HGHT
997.40 18.84 15.96 14.22 321.73 176.82 3.50 0.00
0.00 192.48
994.40 20.14 15.20 12.03 319.66 180.84 13.21 0.00
0.00 218.43
988.90 21.94 15.03 10.40 319.70 180.00 16.12 0.00
0.00 266.44
979.50 22.64 15.02 9.90 320.82 181.87 17.87 0.00
0.00 349.43
965.60 21.94 14.60 9.65 321.32 186.56 17.02 -0.10
0.00 473.62
947.80 20.64 13.84 9.16 321.29 190.91 16.41 -0.10
0.00 634.73
926.40 19.24 12.53 7.63 320.11 191.89 15.09 0.00
0.00 831.54
903.10 17.64 11.01 5.82 318.74 182.42 13.81 0.00
0.00 1049.85
877.80 16.14 9.95 4.96 319.12 180.00 11.46 -0.10
0.00 1292.01
849.60 15.34 9.53 4.92 321.80 184.90 6.82 -0.10
0.00 1569.19
818.40 15.04 10.27 6.90 328.62 252.90 2.64 0.00
0.00 1886.32
784.20 13.04 9.23 6.54 330.78 278.13 4.12 0.00
0.00 2246.84
747.10 10.14 6.46 3.51 328.48 282.09 8.35 0.10
0.00 2652.55
707.10 7.24 2.91 -1.33 325.19 294.30 13.21 0.10
0.00 3108.10
664.10 4.24 -1.16 -8.19 322.00 311.58 16.10 0.00
0.00 3621.52
618.30 0.64 -3.73 -9.86 323.83 319.40 17.91 0.00
0.00 4199.03
570.00 -2.46 -8.96 -26.13 320.74 306.21 13.48 0.00
0.00 4847.93
523.30 -6.26 -12.61 -39.42 322.08 276.88 11.34 0.00
0.00 5520.70
481.20 -10.86 -15.95 -39.09 324.31 263.75 14.26 0.10
0.00 6170.39
443.50 -14.86 -18.81 -36.27 327.34 272.57 17.31 0.20
0.00 6792.11
409.60 -18.66 -21.13 -30.23 331.28 271.25 17.87 0.20
0.00 7389.09
378.90 -23.16 -24.16 -27.71 333.74 265.76 15.77 0.10
0.00 7964.63
351.20 -27.26 -27.94 -30.92 334.72 263.60 19.15 0.00
5.00 8515.91
326.40 -31.06 -31.40 -33.16 336.12 275.24 21.27 -0.10
100.00 9039.18
303.90 -34.86 -35.15 -37.16 336.93 273.79 29.39 -0.10
100.00 9541.54
283.80 -38.16 -38.51 -41.66 338.18 266.19 35.04 -0.10
13.00 10015.65
265.70 -40.76 -41.02 -43.72 340.61 261.03 41.10 -0.10
100.00 10466.54
248.80 -43.66 -43.88 -46.74 342.46 258.54 44.99 -0.10
100.00 10910.87
233.60 -46.56 -46.85 -52.28 343.87 264.64 41.55 -0.10
46.00 11331.70
219.60 -48.96 -49.36 -62.27 345.90 275.49 34.54 -0.10
0.00 11739.46
205.70 -52.26 -52.58 -67.88 347.15 281.76 34.32 0.00
0.00 12165.42
191.70 -54.76 -55.01 -68.39 350.20 288.33 33.35 0.00
0.00 12618.60
177.80 -56.76 -56.99 -73.70 354.49 287.87 31.02 0.00
0.00 13097.58
163.80 -59.16 -59.34 -74.24 358.87 289.42 32.13 0.00
0.00 13614.18
149.80 -61.36 -61.50 -74.84 364.36 299.70 30.19 0.00
0.00 14170.95
135.90 -63.46 -63.58 -75.48 370.93 286.26 19.42 0.00
0.00 14771.67
121.90 -64.66 -9999.00 -9999.00 -9999.00 276.76 26.40 0.00
0.00 15437.06
108.00 -64.06 -9999.00 -9999.00 -9999.00 297.11 27.27 0.00
0.00 16176.99
94.00 -62.86 -9999.00 -9999.00 -9999.00 313.09 16.49 0.00
0.00 17029.16
81.00 -61.36 -9999.00 -9999.00 -9999.00 299.98 5.83 0.00
0.00 17948.64
70.60 -60.76 -9999.00 -9999.00 -9999.00 48.37 2.33 0.00
0.00 18801.76
62.20 -60.36 -9999.00 -9999.00 -9999.00 70.91 5.34 0.00
0.00 19590.04
54.30 -58.56 -9999.00 -9999.00 -9999.00 49.03 9.77 0.00
0.00 20439.66
46.90 -56.66 -9999.00 -9999.00 -9999.00 63.15 17.19 0.00
0.00 21363.99
40.10 -55.06 -9999.00 -9999.00 -9999.00 75.96 18.41 0.00
0.00 22360.29
33.80 -52.56 -9999.00 -9999.00 -9999.00 88.85 19.42 0.00
0.00 23457.64
27.80 -51.36 -9999.00 -9999.00 -9999.00 90.58 19.04 0.00
0.00 24722.92
22.30 -48.56 -9999.00 -9999.00 -9999.00 77.74 18.28 0.00
0.00 26163.13
17.10 -44.56 -9999.00 -9999.00 -9999.00 64.05 24.42 0.00
0.00 27924.15
12.30 -41.86 -9999.00 -9999.00 -9999.00 64.06 31.97 0.00
0.00 30141.76

STID = KMDW STNM = 725340 TIME = 200808/1000 
SLAT = 41.78 SLON = -87.75 SELV = 183.0
STIM = 12

SHOW = 7.16 LIFT = 6.91 SWET = 83.61 KINX = 21.59
LCLP = 936.31 PWAT = 29.56 TOTL = 37.15 CAPE = 0.00
LCLT = 286.15 CINS = 0.00 EQLV = -9999.00 LFCT = -9999.00
BRCH = 0.00

PRES TMPC TMWC DWPC THTE DRCT SKNT OMEG
CFRL HGHT
997.70 18.24 15.60 13.98 320.56 171.03 3.73 0.00
0.00 192.46
994.70 19.54 15.14 12.32 319.44 185.71 13.66 0.00
0.00 218.35
989.30 21.64 15.42 11.42 320.94 187.55 16.26 0.00
0.00 265.40
979.80 22.54 15.63 11.24 322.79 194.34 18.05 0.10
0.00 349.23
965.90 21.74 15.12 10.85 322.95 195.09 17.91 0.10
0.00 473.36
948.00 20.44 14.42 10.50 323.14 196.21 17.40 0.10
0.00 635.30
926.70 18.94 13.22 9.32 322.24 198.66 15.79 0.10
0.00 831.06
903.40 17.64 11.04 5.87 318.77 196.29 13.15 0.10
0.00 1049.24
878.10 16.34 9.61 3.97 318.08 189.31 12.00 0.00
0.00 1291.37
849.90 15.24 9.31 4.52 321.13 192.68 7.96 0.00
0.00 1568.45
818.70 14.74 10.04 6.67 327.87 228.81 4.14 -0.10
0.00 1885.22
784.50 12.84 9.16 6.56 330.53 252.35 4.49 -0.10
0.00 2245.28
747.40 10.04 6.81 4.31 329.47 265.71 7.79 -0.10
0.00 2650.66
707.30 7.04 3.76 0.82 327.46 287.82 11.42 0.00
0.00 3107.12
664.30 4.04 -0.58 -6.11 323.41 307.81 14.26 0.10
0.00 3620.24
618.40 0.24 -1.50 -3.36 329.24 322.87 17.06 0.10
0.00 4198.67
570.10 -2.96 -6.96 -13.47 325.32 312.80 14.30 0.10
0.00 4847.08
523.30 -6.36 -12.63 -38.27 322.07 282.23 11.93 0.10
0.00 5520.81
481.20 -10.66 -15.73 -37.42 324.75 273.01 14.78 0.10
0.00 6170.63
443.50 -14.66 -18.37 -32.60 328.21 274.97 17.93 0.10
0.00 6792.87
409.60 -18.66 -21.22 -30.95 331.10 265.33 19.09 0.10
0.00 7390.10
378.90 -23.26 -24.74 -30.78 332.69 257.86 18.47 0.00
0.00 7965.48
351.30 -27.56 -28.08 -30.31 334.46 257.78 19.27 0.00
15.00 8514.22
326.40 -31.26 -31.56 -33.16 335.84 271.64 20.40 -0.10
100.00 9038.99
303.90 -35.16 -35.37 -36.79 336.58 270.81 27.58 -0.10
100.00 9540.82
283.80 -38.56 -38.73 -40.15 337.84 263.44 34.01 -0.10
100.00 10014.25
265.70 -41.06 -41.40 -45.39 339.97 259.77 38.29 -0.10
100.00 10464.46
248.80 -43.66 -44.05 -49.96 342.18 257.56 40.58 -0.10
48.00 10908.48
233.60 -46.36 -46.78 -56.32 343.96 264.35 35.53 -0.10
0.00 11329.49
219.60 -48.96 -49.38 -64.44 345.86 272.43 32.07 -0.10
0.00 11737.42
205.70 -51.96 -52.29 -67.88 347.62 277.30 32.11 0.00
0.00 12163.66
191.70 -54.16 -54.45 -73.19 351.12 284.73 31.33 0.00
0.00 12617.77
177.70 -56.26 -56.50 -73.70 355.37 284.67 29.91 0.00
0.00 13101.56
163.80 -58.66 -58.85 -74.24 359.71 284.73 31.33 0.00
0.00 13615.80
149.80 -61.16 -9999.00 -9999.00 -9999.00 293.48 30.71 0.00
0.00 14173.48
135.90 -63.36 -63.48 -75.48 371.11 283.07 22.34 0.00
0.00 14774.62
121.90 -64.76 -9999.00 -9999.00 -9999.00 282.15 28.61 0.00
0.00 15440.02
108.00 -63.96 -9999.00 -9999.00 -9999.00 302.01 27.49 0.00
0.00 16179.95
94.00 -62.86 -9999.00 -9999.00 -9999.00 315.53 14.98 0.00
0.00 17032.32
81.00 -61.66 -9999.00 -9999.00 -9999.00 294.90 6.00 0.00
0.00 17951.15
70.60 -61.16 -9999.00 -9999.00 -9999.00 11.31 1.98 0.00
0.00 18802.86
62.20 -59.76 -9999.00 -9999.00 -9999.00 56.31 4.20 0.00
0.00 19591.51
54.30 -57.96 -9999.00 -9999.00 -9999.00 56.89 10.66 0.00
0.00 20443.51
46.90 -56.76 -9999.00 -9999.00 -9999.00 68.92 17.29 0.00
0.00 21368.92
40.10 -54.66 -9999.00 -9999.00 -9999.00 76.87 17.95 0.00
0.00 22365.91
33.80 -53.06 -9999.00 -9999.00 -9999.00 85.70 18.12 0.00
0.00 23463.00
27.80 -51.26 -9999.00 -9999.00 -9999.00 75.47 16.26 0.00
0.00 24727.14
22.30 -48.06 -9999.00 -9999.00 -9999.00 65.80 18.96 0.00
0.00 26169.29
17.10 -45.16 -9999.00 -9999.00 -9999.00 66.91 25.76 0.00
0.00 27929.92
12.30 -42.46 -9999.00 -9999.00 -9999.00 70.05 32.44 0.00
0.00 30141.74

STID = KMDW STNM = 725340 TIME = 200808/1100 
SLAT = 41.78 SLON = -87.75 SELV = 183.0
STIM = 13

SHOW = 6.66 LIFT = 6.89 SWET = 90.52 KINX = 22.08
LCLP = 942.84 PWAT = 31.10 TOTL = 37.91 CAPE = 0.00
LCLT = 286.44 CINS = 0.00 EQLV = -9999.00 LFCT = -9999.00
BRCH = 0.00

PRES TMPC TMWC DWPC THTE DRCT SKNT OMEG
CFRL HGHT
998.70 18.04 15.65 14.18 320.59 168.11 3.77 0.00
0.00 192.44
995.70 19.44 15.38 12.82 320.07 184.03 13.83 0.00
0.00 218.30
990.20 21.64 15.73 12.02 321.82 185.51 16.20 0.00
0.00 266.18
980.80 22.54 15.70 11.36 322.86 190.95 18.40 0.10
0.00 349.05
966.80 21.84 15.05 10.65 322.63 192.40 18.10 0.10
0.00 473.98
948.90 20.54 14.18 9.93 322.22 193.72 17.19 0.10
0.00 635.79
927.60 19.14 13.15 9.02 321.89 197.53 15.48 0.10
0.00 831.43
904.30 17.84 11.43 6.57 319.81 202.14 12.37 0.10
0.00 1049.56
879.00 16.74 9.70 3.78 318.19 197.53 11.62 0.10
0.00 1291.72
850.70 15.54 9.61 4.92 321.88 200.10 8.49 0.10
0.00 1569.85
819.50 14.74 10.06 6.72 327.83 219.56 5.79 0.10
0.00 1886.50
785.20 12.84 9.09 6.41 330.18 232.77 6.10 0.10
0.00 2247.27
748.10 10.24 6.82 4.16 329.38 251.57 8.61 0.10
0.00 2652.40
707.90 7.34 3.90 0.83 327.73 282.09 11.13 0.20
0.00 3109.98
664.90 4.44 -0.14 -5.44 324.38 304.35 14.12 0.20
0.00 3623.33
618.90 0.54 -0.31 -1.14 332.19 322.43 15.93 0.10
0.00 4203.45
570.40 -3.36 -4.84 -6.65 330.17 313.51 15.79 0.10
1.00 4854.48
523.50 -6.36 -12.00 -29.13 323.42 291.04 13.52 0.10
0.00 5529.27
481.40 -10.66 -15.70 -36.82 324.78 282.94 14.74 0.00
0.00 6178.92
443.70 -14.66 -18.33 -32.23 328.24 275.65 17.75 0.00
0.00 6800.90
409.70 -19.06 -21.58 -31.56 330.41 265.38 19.29 0.10
0.00 7399.21
379.00 -23.86 -24.83 -28.46 332.53 254.13 19.19 0.00
3.00 7973.33
351.30 -27.46 -27.98 -30.19 334.63 250.63 18.75 0.00
100.00 8523.45
326.40 -31.46 -31.88 -34.21 335.31 263.16 19.56 -0.10
100.00 9048.11
304.00 -35.26 -35.50 -37.16 336.33 264.62 26.92 -0.10
100.00 9547.31
283.80 -38.76 -39.00 -41.13 337.40 263.99 33.39 -0.10
100.00 10022.70
265.70 -41.16 -41.61 -47.41 339.63 260.90 35.61 -0.10
0.00 10472.61
248.80 -43.56 -44.10 -53.96 342.08 259.38 34.79 -0.10
0.00 10916.62
233.60 -46.26 -46.76 -60.07 343.99 265.84 32.13 -0.10
0.00 11337.80
219.60 -49.16 -49.57 -64.44 345.55 268.58 31.27 -0.10
0.00 11745.64
205.70 -51.96 -52.29 -67.88 347.62 273.08 32.48 0.00
0.00 12171.69
191.70 -53.96 -54.26 -73.19 351.44 282.07 31.59 0.00
0.00 12626.00
177.70 -55.86 -56.12 -73.70 356.02 284.31 29.88 0.00
0.00 13110.45
163.80 -58.66 -58.85 -74.24 359.71 283.59 30.57 0.00
0.00 13625.17
149.80 -61.66 -9999.00 -9999.00 -9999.00 288.10 31.27 0.00
0.00 14182.20
135.90 -63.66 -63.77 -75.48 370.58 284.15 24.63 0.00
0.00 14782.20
121.90 -64.86 -9999.00 -9999.00 -9999.00 279.73 27.58 0.00
0.00 15446.96
108.00 -63.26 -9999.00 -9999.00 -9999.00 307.15 24.13 0.00
0.00 16187.95
94.00 -62.46 -9999.00 -9999.00 -9999.00 316.89 12.51 0.00
0.00 17042.56
81.00 -61.46 -9999.00 -9999.00 -9999.00 296.57 6.51 0.00
0.00 17962.70
70.60 -60.76 -9999.00 -9999.00 -9999.00 354.29 1.94 0.00
0.00 18815.62
62.20 -59.16 -9999.00 -9999.00 -9999.00 77.91 2.78 0.00
0.00 19606.12
54.30 -57.96 -9999.00 -9999.00 -9999.00 63.95 9.73 0.00
0.00 20459.32
46.90 -57.06 -9999.00 -9999.00 -9999.00 68.75 15.02 0.00
0.00 21384.08
40.10 -55.06 -9999.00 -9999.00 -9999.00 74.58 17.52 0.00
0.00 22379.46
33.80 -53.76 -9999.00 -9999.00 -9999.00 80.75 16.92 0.00
0.00 23473.80
27.80 -51.46 -9999.00 -9999.00 -9999.00 69.61 16.16 0.00
0.00 24735.37
22.30 -48.46 -9999.00 -9999.00 -9999.00 69.64 20.10 0.00
0.00 26175.58
17.10 -45.66 -9999.00 -9999.00 -9999.00 72.96 27.84 0.00
0.00 27932.71
12.30 -42.66 -9999.00 -9999.00 -9999.00 75.81 34.87 0.00
0.00 30141.16

STID = KMDW STNM = 725340 TIME = 200808/1200 
SLAT = 41.78 SLON = -87.75 SELV = 183.0
STIM = 14

SHOW = 5.29 LIFT = 6.48 SWET = 104.31 KINX = 23.24
LCLP = 945.38 PWAT = 32.55 TOTL = 40.12 CAPE = 0.00
LCLT = 286.92 CINS = 0.00 EQLV = -9999.00 LFCT = -9999.00
BRCH = 0.00

PRES TMPC TMWC DWPC THTE DRCT SKNT OMEG
CFRL HGHT
999.10 18.34 16.02 14.63 321.73 171.03 3.73 0.00
0.00 191.59
996.10 19.14 15.39 13.05 320.09 181.57 14.18 0.00
0.00 217.44
990.60 20.54 15.28 11.92 320.38 182.00 16.72 0.00
0.00 265.19
981.10 22.14 15.22 10.69 321.30 185.60 19.91 0.00
0.00 348.69
967.20 21.74 14.94 10.49 322.21 190.81 17.60 0.00
0.00 472.55
949.30 20.64 14.13 9.75 322.00 195.85 16.36 0.00
0.00 634.29
927.90 19.24 13.06 8.75 321.56 200.11 14.69 0.00
0.00 830.83
904.60 18.04 12.14 7.93 321.92 206.15 11.91 0.00
0.00 1049.03
879.30 16.94 10.71 5.92 321.08 207.95 10.78 0.00
0.00 1291.39
851.00 15.74 10.22 6.07 323.64 206.57 9.13 0.10
0.00 1569.74
819.70 14.74 10.15 6.90 328.08 212.83 7.17 0.10
0.00 1887.48
785.50 12.94 8.94 6.05 329.69 224.03 8.10 0.10
0.00 2247.14
748.30 10.64 6.64 3.45 328.80 250.11 9.71 0.20
0.00 2653.52
708.20 7.74 3.97 0.59 327.86 282.03 12.12 0.20
0.00 3110.39
665.10 4.74 -0.01 -5.50 324.65 299.36 14.26 0.20
0.00 3625.37
619.10 0.54 -0.28 -1.08 332.23 322.82 14.14 0.10
0.00 4205.62
570.60 -3.26 -4.80 -6.68 330.23 324.95 15.89 0.10
2.00 4856.56
523.60 -6.96 -9.43 -13.47 329.09 315.00 13.46 0.00
0.00 5532.37
481.40 -10.96 -15.01 -27.05 326.29 291.64 13.17 0.10
0.00 6182.87
443.70 -14.66 -18.35 -32.41 328.21 276.34 17.60 0.10
0.00 6804.60
409.70 -19.56 -21.32 -27.18 330.96 265.38 19.29 0.10
0.00 7402.38
379.00 -23.76 -24.42 -26.71 333.26 253.35 21.70 0.00
11.00 7976.13
351.30 -27.76 -28.20 -30.07 334.26 254.28 20.78 -0.10
100.00 8526.07
326.40 -31.66 -31.98 -33.75 335.14 256.79 19.56 -0.10
100.00 9050.19
304.00 -35.56 -36.09 -40.47 335.35 263.97 27.74 -0.10
100.00 9548.85
283.80 -38.66 -39.27 -46.38 336.92 262.79 32.50 -0.10
55.00 10024.00
265.70 -41.16 -41.80 -51.87 339.31 260.37 33.68 -0.10
0.00 10473.97
248.80 -43.46 -44.10 -58.13 342.06 261.49 32.81 -0.10
0.00 10918.06
233.60 -46.16 -46.72 -63.98 344.05 264.59 32.98 0.00
0.00 11339.41
219.60 -49.06 -49.48 -64.44 345.71 264.96 33.16 0.00
0.00 11747.43
205.70 -51.86 -52.20 -67.88 347.78 272.60 34.23 0.00
0.00 12173.67
191.70 -53.86 -54.16 -73.19 351.60 279.93 31.55 0.10
0.00 12628.19
177.70 -55.86 -56.12 -73.70 356.02 281.99 29.00 0.10
0.00 13112.75
163.80 -58.66 -58.85 -74.24 359.71 279.85 28.40 0.00
0.00 13627.48
149.80 -61.96 -9999.00 -9999.00 -9999.00 280.80 30.05 0.00
0.00 14184.11
135.90 -64.16 -9999.00 -9999.00 -9999.00 278.64 24.55 0.00
0.00 14782.97
121.90 -65.16 -9999.00 -9999.00 -9999.00 275.96 26.17 0.00
0.00 15446.46
108.00 -63.56 -9999.00 -9999.00 -9999.00 309.07 21.27 0.00
0.00 16186.38
94.00 -63.16 -9999.00 -9999.00 -9999.00 315.00 10.16 0.00
0.00 17038.96
81.00 -61.66 -9999.00 -9999.00 -9999.00 289.54 6.39 0.00
0.00 17957.13
70.60 -60.56 -9999.00 -9999.00 -9999.00 15.95 1.42 0.00
0.00 18810.05
62.20 -59.16 -9999.00 -9999.00 -9999.00 68.96 2.70 0.00
0.00 19600.92
54.30 -58.26 -9999.00 -9999.00 -9999.00 55.38 9.91 0.00
0.00 20453.53
46.90 -57.06 -9999.00 -9999.00 -9999.00 65.17 14.34 0.00
0.00 21377.65
40.10 -55.66 -9999.00 -9999.00 -9999.00 76.43 17.39 0.00
0.00 22371.65
33.80 -54.56 -9999.00 -9999.00 -9999.00 77.64 14.51 0.00
0.00 23462.49
27.80 -51.86 -9999.00 -9999.00 -9999.00 69.21 16.41 0.00
0.00 24720.63
22.30 -48.66 -9999.00 -9999.00 -9999.00 77.63 22.67 0.00
0.00 26158.91
17.10 -45.86 -9999.00 -9999.00 -9999.00 80.84 30.50 0.00
0.00 27914.48
12.30 -42.66 -9999.00 -9999.00 -9999.00 80.54 36.64 0.00
0.00 30121.96

STID = KMDW STNM = 725340 TIME = 200808/1300 
SLAT = 41.78 SLON = -87.75 SELV = 183.0
STIM = 15

SHOW = 3.88 LIFT = 5.80 SWET = 125.63 KINX = 24.89
LCLP = 912.83 PWAT = 33.95 TOTL = 42.05 CAPE = 0.00
LCLT = 286.34 CINS = 0.00 EQLV = -9999.00 LFCT = -9999.00
BRCH = 0.00

PRES TMPC TMWC DWPC THTE DRCT SKNT OMEG
CFRL HGHT
998.70 20.64 16.80 14.58 324.30 173.88 5.48 0.00
0.00 192.53
995.70 20.54 16.02 13.27 322.11 177.23 12.06 0.00
0.00 218.55
990.20 20.14 15.54 12.68 321.28 178.39 13.79 0.00
0.00 266.41
980.80 21.84 15.08 10.63 320.90 180.65 17.09 0.00
0.00 348.97
966.80 21.64 14.98 10.65 322.40 183.22 17.31 0.00
0.00 473.69
949.00 20.54 14.33 10.24 322.70 193.32 15.17 0.10
0.00 634.55
927.60 19.54 13.36 9.13 322.51 201.04 13.52 0.00
0.00 831.25
904.30 18.24 12.96 9.42 324.49 209.51 11.83 0.00
0.00 1049.77
879.00 16.94 12.19 8.98 325.66 213.98 10.78 0.10
0.00 1292.47
850.60 15.74 11.03 7.74 326.18 211.89 10.30 0.10
0.00 1572.12
819.40 14.74 10.27 7.14 328.50 215.94 9.60 0.10
0.00 1889.07
785.20 12.84 8.85 5.95 329.46 225.00 11.27 0.00
0.00 2248.81
748.00 10.74 6.53 3.14 328.54 243.92 10.16 0.00
0.00 2655.33
707.90 8.04 4.14 0.68 328.37 282.23 11.93 0.00
0.00 3112.70
664.90 4.84 0.11 -5.30 324.98 299.22 13.13 0.10
0.00 3627.05
618.90 0.64 -0.32 -1.26 332.16 331.46 12.61 0.10
0.00 4207.69
570.50 -3.06 -4.88 -7.13 330.06 333.79 14.06 0.10
0.00 4857.77
523.50 -7.06 -8.84 -11.53 330.40 323.65 12.78 0.10
0.00 5533.89
481.30 -11.16 -14.24 -21.59 327.93 292.29 12.80 0.00
0.00 6184.35
443.60 -15.06 -18.09 -27.82 328.81 281.96 16.88 0.10
0.00 6805.65
409.70 -19.56 -20.95 -25.20 331.65 270.00 19.81 0.10
0.00 7401.37
378.90 -23.76 -24.83 -28.92 332.55 258.40 22.20 0.00
2.00 7977.07
351.30 -27.86 -28.36 -30.55 333.98 256.09 21.02 0.00
100.00 8524.94
326.40 -32.16 -32.40 -33.75 334.44 257.36 21.31 -0.10
100.00 9048.41
303.90 -35.46 -36.39 -46.20 334.87 259.88 27.62 -0.10
31.00 9548.93
283.80 -38.46 -39.33 -52.05 336.81 258.13 31.16 -0.10
0.00 10022.07
265.70 -40.96 -41.76 -57.61 339.35 258.16 33.14 -0.10
0.00 10472.41
248.80 -43.26 -43.96 -61.32 342.27 261.23 34.40 0.00
0.00 10916.87
233.60 -45.96 -46.53 -63.98 344.35 262.45 35.47 0.00
0.00 11338.59
219.60 -48.96 -49.38 -64.44 345.86 263.14 35.80 0.10
0.00 11746.88
205.70 -51.56 -51.91 -67.88 348.25 271.26 35.35 0.10
0.00 12173.50
191.70 -53.46 -53.75 -68.39 352.29 279.41 32.09 0.10
0.00 12628.74
177.80 -55.76 -56.02 -73.70 356.13 279.26 27.76 0.10
0.00 13110.26
163.80 -58.56 -58.75 -74.24 359.88 273.68 27.25 0.10
0.00 13628.78
149.80 -61.76 -9999.00 -9999.00 -9999.00 274.48 29.82 0.00
0.00 14185.81
135.90 -64.06 -9999.00 -9999.00 -9999.00 277.51 25.27 0.00
0.00 14785.10
121.90 -64.96 -9999.00 -9999.00 -9999.00 283.09 25.72 0.00
0.00 15449.06
108.00 -63.66 -9999.00 -9999.00 -9999.00 313.75 18.82 0.00
0.00 16189.16
94.00 -63.26 -9999.00 -9999.00 -9999.00 308.88 7.73 0.00
0.00 17041.33
81.00 -61.46 -9999.00 -9999.00 -9999.00 289.54 6.39 0.00
0.00 17959.72
70.60 -60.56 -9999.00 -9999.00 -9999.00 360.00 1.55 0.00
0.00 18813.05
62.20 -59.06 -9999.00 -9999.00 -9999.00 11.31 3.96 0.00
0.00 19604.10
54.30 -57.86 -9999.00 -9999.00 -9999.00 47.07 11.40 0.00
0.00 20457.70
46.90 -56.96 -9999.00 -9999.00 -9999.00 65.49 14.51 0.00
0.00 21382.89
40.10 -56.06 -9999.00 -9999.00 -9999.00 81.10 16.32 0.00
0.00 22376.21
33.80 -54.56 -9999.00 -9999.00 -9999.00 82.76 12.33 0.00
0.00 23466.05
27.80 -51.26 -9999.00 -9999.00 -9999.00 75.49 17.06 0.00
0.00 24725.90
22.30 -48.26 -9999.00 -9999.00 -9999.00 80.13 22.67 0.00
0.00 26167.41
17.10 -44.86 -9999.00 -9999.00 -9999.00 80.15 28.40 0.00
0.00 27928.42
12.30 -42.16 -9999.00 -9999.00 -9999.00 82.22 35.88 0.00
0.00 30143.14

STID = KMDW STNM = 725340 TIME = 200808/1400 
SLAT = 41.78 SLON = -87.75 SELV = 183.0
STIM = 16

SHOW = 2.16 LIFT = 4.90 SWET = 148.55 KINX = 27.47
LCLP = 879.30 PWAT = 35.46 TOTL = 44.30 CAPE = 0.00
LCLT = 285.54 CINS = 0.00 EQLV = -9999.00 LFCT = -9999.00
BRCH = 0.00

PRES TMPC TMWC DWPC THTE DRCT SKNT OMEG
CFRL HGHT
998.30 22.94 17.46 14.35 326.51 178.21 6.22 0.00
0.00 193.48
995.40 22.54 16.96 13.70 325.19 178.78 9.13 0.00
0.00 218.83
990.00 22.04 16.54 13.27 324.50 180.00 10.88 0.00
0.00 266.15
980.60 21.44 15.69 12.12 322.94 182.94 15.17 0.00
0.00 348.97
966.60 21.24 14.89 10.75 322.14 184.60 16.96 0.00
0.00 473.58
948.70 20.44 14.55 10.74 323.44 190.66 16.80 -0.10
0.00 635.27
927.40 19.44 13.73 9.95 323.72 201.80 14.65 -0.10
0.00 831.07
904.00 18.24 13.69 10.81 326.87 211.72 12.57 -0.10
0.00 1050.64
878.70 16.84 13.46 11.39 329.81 216.47 11.11 -0.10
0.00 1293.54
850.40 15.84 12.05 9.60 329.42 217.27 11.23 -0.10
0.00 1572.50
819.10 14.54 10.60 7.92 329.58 222.40 12.10 -0.10
0.00 1890.64
784.90 12.64 9.00 6.40 329.98 230.41 13.11 -0.10
0.00 2250.34
747.80 10.64 6.54 3.24 328.59 239.38 11.05 0.00
0.00 2655.72
707.70 8.14 4.41 1.18 329.16 279.62 11.62 0.00
0.00 3113.25
664.70 4.84 0.38 -4.54 325.73 298.24 11.91 0.10
0.00 3627.92
618.80 0.74 -0.39 -1.50 331.99 333.92 10.16 0.10
0.00 4207.56
570.30 -3.06 -4.98 -7.37 329.87 331.63 11.03 0.10
0.00 4859.23
523.40 -7.16 -9.25 -12.56 329.52 315.00 10.43 0.00
0.00 5533.91
481.30 -11.36 -14.04 -20.07 328.35 291.63 12.12 0.00
0.00 6182.51
443.50 -15.26 -17.76 -24.89 329.51 282.46 17.11 0.00
0.00 6805.14
409.60 -19.56 -21.27 -26.87 331.09 271.59 20.98 0.00
0.00 7400.79
378.90 -23.96 -25.12 -29.75 332.03 261.63 20.03 0.00
0.00 7974.42
351.20 -28.16 -28.64 -30.80 333.53 253.14 20.09 -0.10
100.00 8523.78
326.30 -32.36 -32.85 -35.90 333.72 252.53 21.99 -0.10
100.00 9046.84
303.90 -35.56 -36.66 -50.72 334.41 253.89 27.29 -0.10
0.00 9544.87
283.80 -38.26 -39.28 -58.54 336.85 254.93 31.39 -0.10
0.00 10018.09
265.70 -40.66 -41.53 -60.81 339.70 257.47 32.25 -0.10
0.00 10468.90
248.80 -43.06 -43.80 -63.51 342.52 262.79 34.07 0.00
0.00 10913.83
233.60 -45.76 -46.35 -63.98 344.66 263.29 36.58 0.00
0.00 11335.92
219.60 -48.66 -49.10 -64.44 346.32 264.62 37.26 0.00
0.00 11744.67
205.70 -51.26 -51.62 -67.88 348.72 270.31 35.94 0.00
0.00 12171.86
191.70 -53.36 -53.68 -73.19 352.40 275.57 32.01 0.00
0.00 12627.52
177.80 -55.66 -55.92 -73.70 356.29 274.80 27.87 0.00
0.00 13109.26
163.80 -58.56 -58.75 -74.24 359.88 270.40 27.97 0.00
0.00 13627.89
149.80 -61.66 -61.80 -74.84 363.85 271.12 29.72 0.00
0.00 14185.05
135.90 -63.96 -9999.00 -9999.00 -9999.00 277.13 26.63 0.00
0.00 14784.63
121.90 -64.66 -9999.00 -9999.00 -9999.00 281.84 24.61 0.00
0.00 15449.23
108.00 -63.36 -9999.00 -9999.00 -9999.00 311.69 16.65 0.00
0.00 16190.39
94.00 -63.36 -9999.00 -9999.00 -9999.00 295.28 7.73 0.00
0.00 17042.97
81.00 -61.76 -9999.00 -9999.00 -9999.00 302.83 7.17 0.00
0.00 17960.49
70.60 -61.16 -9999.00 -9999.00 -9999.00 7.13 3.13 0.00
0.00 18812.00
62.20 -59.46 -9999.00 -9999.00 -9999.00 22.99 6.95 0.00
0.00 19601.20
54.30 -58.06 -9999.00 -9999.00 -9999.00 62.35 13.81 0.00
0.00 20453.61
46.90 -57.36 -9999.00 -9999.00 -9999.00 78.69 16.84 0.00
0.00 21377.51
40.10 -56.16 -9999.00 -9999.00 -9999.00 87.17 15.75 0.00
0.00 22369.69
33.80 -53.76 -9999.00 -9999.00 -9999.00 81.47 11.79 0.00
0.00 23461.28
27.80 -50.46 -9999.00 -9999.00 -9999.00 78.33 18.24 0.00
0.00 24725.70
22.30 -48.66 -9999.00 -9999.00 -9999.00 76.54 23.37 0.00
0.00 26168.50
17.10 -45.36 -9999.00 -9999.00 -9999.00 72.78 28.88 0.00
0.00 27926.01
12.30 -42.16 -9999.00 -9999.00 -9999.00 81.60 34.56 0.00
0.00 30138.32

STID = KMDW STNM = 725340 TIME = 200808/1500 
SLAT = 41.78 SLON = -87.75 SELV = 183.0
STIM = 17

SHOW = 0.55 LIFT = 3.54 SWET = 169.52 KINX = 29.04
LCLP = 835.48 PWAT = 37.19 TOTL = 46.32 CAPE = 0.00
LCLT = 283.65 CINS = 0.00 EQLV = -9999.00 LFCT = -9999.00
BRCH = 0.00

PRES TMPC TMWC DWPC THTE DRCT SKNT OMEG
CFRL HGHT
998.70 25.34 17.66 13.22 327.05 180.00 7.19 0.00
0.00 192.67
995.70 24.64 17.30 12.99 326.21 180.00 9.52 0.00
0.00 219.08
990.20 24.04 17.00 12.83 325.93 180.00 10.88 0.00
0.00 267.59
980.80 23.04 16.48 12.55 325.47 181.76 12.63 0.00
0.00 350.90
966.90 21.84 15.86 12.22 325.27 183.97 14.02 0.00
0.00 475.09
949.00 20.44 14.95 11.51 324.71 187.93 15.50 0.00
0.00 636.95
927.60 19.24 14.47 11.50 326.10 199.80 15.48 0.00
0.00 833.64
904.20 18.14 14.55 12.43 329.72 208.81 13.31 0.10
0.00 1053.18
878.90 16.94 14.39 12.93 332.94 214.76 11.58 0.20
0.00 1296.17
850.50 15.84 12.96 11.22 332.41 218.37 11.89 0.20
2.00 1576.29
819.20 14.54 11.38 9.35 332.05 227.34 13.48 0.20
0.00 1894.57
785.00 12.84 9.38 6.98 331.14 235.15 13.25 0.20
0.00 2254.47
747.80 11.04 6.70 3.22 329.03 242.59 11.81 0.20
0.00 2661.38
707.80 8.44 4.48 1.04 329.32 277.00 11.15 0.20
0.00 3118.30
664.80 5.24 1.00 -3.43 327.29 299.60 9.83 0.20
0.00 3633.58
618.80 1.14 -0.34 -1.80 332.11 330.57 8.70 0.20
0.00 4215.33
570.40 -2.86 -5.20 -8.23 329.31 318.81 10.33 0.10
0.00 4866.25
523.50 -7.36 -9.72 -13.67 328.48 299.74 10.96 0.00
0.00 5540.69
481.30 -11.56 -14.12 -19.86 328.20 286.07 11.93 -0.10
0.00 6190.24
443.60 -15.66 -17.65 -22.93 329.73 282.46 17.11 0.00
0.00 6810.49
409.60 -19.76 -21.12 -25.30 331.38 271.77 18.84 0.00
0.00 7407.19
378.90 -23.96 -24.73 -27.51 332.74 264.70 18.92 0.00
0.00 7980.65
351.20 -28.46 -28.76 -30.07 333.33 256.55 18.38 0.00
100.00 8529.72
326.30 -32.56 -33.26 -38.11 333.04 250.38 20.82 -0.10
25.00 9052.24
303.90 -35.66 -36.88 -56.52 334.03 249.69 26.30 -0.10
0.00 9549.93
283.80 -38.16 -39.22 -60.30 336.95 252.51 29.74 0.00
0.00 10023.14
265.60 -40.36 -41.29 -63.02 340.13 260.79 29.12 0.00
0.00 10476.91
248.80 -42.86 -43.62 -63.51 342.82 267.84 30.91 0.00
0.00 10919.77
233.60 -45.66 -46.25 -63.98 344.81 265.45 34.30 0.00
0.00 11342.14
219.60 -48.46 -48.94 -67.41 346.59 266.63 36.38 0.00
0.00 11751.15
205.70 -51.16 -51.53 -67.88 348.88 270.63 35.35 0.00
0.00 12178.63
191.70 -53.36 -53.68 -73.19 352.40 273.49 31.92 0.10
0.00 12634.39
177.70 -55.66 -55.92 -73.70 356.35 271.19 28.17 0.00
0.00 13119.73
163.80 -58.46 -58.66 -74.24 360.04 264.56 28.69 0.00
0.00 13634.93
149.80 -61.56 -61.70 -74.84 364.02 265.46 29.43 0.00
0.00 14192.35
135.90 -63.56 -9999.00 -9999.00 -9999.00 273.48 28.81 0.00
0.00 14792.64
121.90 -63.76 -9999.00 -9999.00 -9999.00 283.37 24.36 0.00
0.00 15459.31
108.00 -63.26 -9999.00 -9999.00 -9999.00 311.52 15.83 0.00
0.00 16202.25
94.00 -63.76 -9999.00 -9999.00 -9999.00 284.38 7.83 0.00
0.00 17054.21
81.00 -62.26 -9999.00 -9999.00 -9999.00 292.38 7.15 0.00
0.00 17969.77
70.60 -61.66 -9999.00 -9999.00 -9999.00 353.66 1.77 0.00
0.00 18819.27
62.20 -59.66 -9999.00 -9999.00 -9999.00 36.57 7.50 0.00
0.00 19607.17
54.30 -57.56 -9999.00 -9999.00 -9999.00 77.64 14.51 0.00
0.00 20460.18
46.90 -56.66 -9999.00 -9999.00 -9999.00 96.71 16.63 0.00
0.00 21386.65
40.10 -55.36 -9999.00 -9999.00 -9999.00 102.80 13.15 0.00
0.00 22382.27
33.80 -53.16 -9999.00 -9999.00 -9999.00 73.78 11.13 0.00
0.00 23477.36
27.80 -50.86 -9999.00 -9999.00 -9999.00 76.87 17.95 0.00
0.00 24742.36
22.30 -49.26 -9999.00 -9999.00 -9999.00 75.52 24.07 0.00
0.00 26181.93
17.10 -45.16 -9999.00 -9999.00 -9999.00 77.93 31.59 0.00
0.00 27937.88
12.30 -41.96 -9999.00 -9999.00 -9999.00 82.34 36.46 0.00
0.00 30152.12

STID = KMDW STNM = 725340 TIME = 200808/1600 
SLAT = 41.78 SLON = -87.75 SELV = 183.0
STIM = 18

SHOW = -0.89 LIFT = 1.83 SWET = 185.90 KINX = 30.39
LCLP = 821.71 PWAT = 38.36 TOTL = 48.17 CAPE = 0.00
LCLT = 283.85 CINS = 0.00 EQLV = -9999.00 LFCT = -9999.00
BRCH = 0.00

PRES TMPC TMWC DWPC THTE DRCT SKNT OMEG
CFRL HGHT
998.40 26.94 18.43 13.67 329.72 181.47 7.58 0.00
0.00 192.73
995.40 26.14 18.09 13.54 328.95 181.15 9.71 0.00
0.00 219.29
990.00 25.44 17.79 13.45 328.67 181.02 10.88 0.00
0.00 267.17
980.50 24.44 17.34 13.28 328.42 181.85 12.04 -0.10
0.00 351.80
966.60 23.14 16.76 13.08 328.35 183.47 12.84 -0.10
0.00 476.64
948.70 21.44 16.01 12.84 328.29 184.97 13.46 -0.10
0.00 639.25
927.30 19.74 15.50 13.04 329.59 193.65 13.99 0.00
0.00 836.62
903.90 18.24 15.20 13.48 331.99 203.63 13.58 0.10
0.00 1056.56
878.50 17.14 15.05 13.89 335.29 210.07 12.80 0.10
3.00 1300.85
850.20 16.04 13.76 12.44 335.15 220.03 12.68 0.20
8.00 1580.41
818.90 14.84 11.87 10.03 333.71 231.47 13.40 0.20
4.00 1899.21
784.70 13.34 9.56 6.94 331.71 242.32 13.38 0.20
0.00 2259.79
747.50 11.34 6.90 3.39 329.67 248.84 12.92 0.20
0.00 2667.44
707.50 8.64 4.49 0.87 329.39 272.08 10.68 0.10
0.00 3124.95
664.50 5.54 1.27 -3.11 328.03 297.15 8.51 0.00
0.00 3640.92
618.60 1.44 -0.33 -2.08 332.17 326.31 7.71 0.00
0.00 4222.26
570.20 -2.76 -5.54 -9.30 328.55 316.55 10.16 0.00
0.00 4873.79
523.40 -7.46 -10.19 -15.03 327.50 304.22 11.75 0.00
0.00 5546.87
481.20 -11.86 -14.27 -19.65 327.94 282.63 11.54 0.00
0.00 6196.01
443.50 -15.86 -17.37 -21.09 330.30 279.73 13.79 0.10
0.00 6815.84
409.60 -19.66 -20.61 -23.26 332.33 276.42 15.64 0.20
0.00 7410.83
378.80 -24.06 -24.75 -27.21 332.73 270.00 15.93 0.20
30.00 7986.28
351.20 -28.56 -29.21 -32.41 332.55 253.36 17.64 0.10
100.00 8533.20
326.30 -32.26 -33.53 -45.56 332.55 248.20 21.97 0.00
0.00 9055.86
303.90 -35.46 -36.75 -59.76 334.22 252.21 27.33 0.00
0.00 9554.04
283.80 -37.96 -39.02 -58.54 337.28 255.49 28.69 0.00
0.00 10027.64
265.60 -40.16 -41.10 -63.02 340.42 264.41 27.91 0.00
0.00 10481.80
248.80 -42.86 -43.62 -63.51 342.82 269.60 27.97 0.00
0.00 10924.86
233.60 -45.66 -46.28 -66.97 344.76 265.09 31.78 0.00
0.00 11347.22
219.60 -48.36 -48.84 -67.41 346.74 267.46 35.00 0.00
0.00 11756.33
205.70 -50.96 -51.34 -67.88 349.19 272.29 34.01 0.00
0.00 12184.10
191.70 -53.36 -53.68 -73.19 352.40 273.74 29.78 0.00
0.00 12640.06
177.70 -55.56 -55.83 -73.70 356.51 268.78 27.39 0.00
0.00 13125.51
163.80 -57.96 -58.17 -74.24 360.88 263.45 28.94 0.00
0.00 13641.42
149.80 -61.16 -61.31 -74.84 364.71 266.33 30.36 -0.10
0.00 14200.02
135.90 -63.56 -9999.00 -9999.00 -9999.00 276.42 29.53 -0.10
0.00 14800.88
121.90 -64.16 -9999.00 -9999.00 -9999.00 288.43 25.19 0.00
0.00 15466.91
108.00 -63.86 -9999.00 -9999.00 -9999.00 309.61 14.63 0.00
0.00 16208.08
94.00 -64.16 -9999.00 -9999.00 -9999.00 278.65 9.03 0.00
0.00 17058.01
81.00 -62.06 -9999.00 -9999.00 -9999.00 288.00 8.18 0.00
0.00 17973.13
70.60 -61.16 -9999.00 -9999.00 -9999.00 330.95 2.00 0.00
0.00 18824.04
62.20 -58.86 -9999.00 -9999.00 -9999.00 51.34 6.22 0.00
0.00 19614.36
54.30 -57.06 -9999.00 -9999.00 -9999.00 103.39 12.59 0.00
0.00 20469.94
46.90 -56.46 -9999.00 -9999.00 -9999.00 111.63 12.12 0.00
0.00 21397.92
40.10 -54.86 -9999.00 -9999.00 -9999.00 91.64 6.80 0.00
0.00 22395.14
33.80 -52.36 -9999.00 -9999.00 -9999.00 46.77 13.33 0.00
0.00 23493.48
27.80 -50.76 -9999.00 -9999.00 -9999.00 63.98 18.16 0.00
0.00 24761.05
22.30 -48.76 -9999.00 -9999.00 -9999.00 71.26 22.98 0.00
0.00 26202.56
17.10 -44.16 -9999.00 -9999.00 -9999.00 87.92 32.07 0.00
0.00 27964.35
12.30 -41.36 -9999.00 -9999.00 -9999.00 90.00 36.91 0.00
0.00 30186.30

STID = KMDW STNM = 725340 TIME = 200808/1700 
SLAT = 41.78 SLON = -87.75 SELV = 183.0
STIM = 19

SHOW = -1.64 LIFT = 0.22 SWET = 201.74 KINX = 31.17
LCLP = 820.47 PWAT = 39.81 TOTL = 48.76 CAPE = 0.00
LCLT = 285.02 CINS = 0.00 EQLV = -9999.00 LFCT = -9999.00
BRCH = 0.00

PRES TMPC TMWC DWPC THTE DRCT SKNT OMEG
CFRL HGHT
997.60 28.24 19.47 14.88 333.68 188.53 7.85 0.00
0.00 192.78
994.60 27.24 19.10 14.79 332.75 187.67 10.20 0.00
0.00 219.48
989.20 26.54 18.82 14.71 332.49 186.88 11.34 0.00
0.00 267.60
979.70 25.54 18.39 14.56 332.28 187.13 12.53 -0.10
0.00 352.66
965.80 24.24 17.83 14.37 332.25 187.54 13.33 -0.10
0.00 478.13
947.90 22.54 17.11 14.14 332.23 188.81 13.95 -0.20
0.00 641.57
926.50 20.54 16.26 13.90 332.36 191.61 14.47 -0.20
0.00 839.83
903.20 18.84 15.87 14.26 334.45 201.94 15.07 -0.20
0.00 1059.62
877.80 16.94 15.18 14.20 335.84 212.08 15.37 -0.20
0.00 1304.32
849.50 15.54 14.21 13.45 336.85 220.28 15.02 -0.20
18.00 1583.86
818.20 14.84 12.11 10.44 334.61 232.13 13.29 -0.10
11.00 1902.74
784.00 13.64 9.72 7.03 332.32 248.04 13.00 -0.10
0.00 2263.87
747.00 11.54 7.43 4.32 331.33 252.78 14.43 0.00
0.00 2670.06
707.00 8.64 4.61 1.14 329.81 261.61 11.99 -0.10
0.00 3128.13
664.10 5.54 1.15 -3.41 327.78 283.32 7.60 -0.10
0.00 3643.24
618.20 1.44 -0.47 -2.37 331.89 313.83 6.74 -0.10
0.00 4224.90
569.90 -3.06 -5.56 -8.90 328.58 315.00 8.80 -0.10
0.00 4875.12
523.10 -7.66 -10.16 -14.52 327.63 306.87 9.71 0.00
0.00 5547.98
481.00 -11.76 -13.96 -18.66 328.60 273.95 11.29 0.00
0.00 6195.82
443.30 -15.66 -17.04 -20.27 331.00 273.47 12.84 0.00
0.00 6816.33
409.40 -19.46 -20.47 -23.27 332.64 279.96 14.59 0.10
2.00 7412.09
378.70 -24.16 -24.96 -27.93 332.38 277.50 14.90 0.00
0.00 7985.99
351.10 -28.66 -29.69 -35.53 331.76 262.36 16.06 0.00
24.00 8532.79
326.30 -32.26 -33.72 -50.85 332.20 254.05 19.79 0.00
0.00 9053.28
303.90 -35.46 -36.70 -56.52 334.31 254.82 25.97 0.00
0.00 9551.45
283.80 -38.06 -39.11 -58.54 337.14 257.96 27.02 0.00
0.00 10024.96
265.60 -40.26 -41.19 -63.02 340.28 265.27 25.93 0.00
0.00 10478.92
248.80 -43.16 -43.89 -63.51 342.37 271.30 25.64 0.00
0.00 10921.59
233.60 -46.06 -46.65 -66.97 344.16 268.36 27.21 0.00
0.00 11343.31
219.60 -48.46 -48.94 -67.41 346.59 268.19 30.71 0.10
0.00 11751.96
205.70 -50.76 -51.15 -67.88 349.51 272.19 30.52 0.10
0.00 12179.83
191.70 -53.06 -53.40 -73.19 352.88 272.00 27.80 0.00
0.00 12636.31
177.70 -55.46 -55.73 -73.70 356.68 263.39 26.98 0.00
0.00 13122.20
163.80 -58.16 -58.37 -74.24 360.55 262.92 29.95 0.00
0.00 13638.00
149.80 -60.96 -61.11 -74.84 365.05 268.89 30.11 0.00
0.00 14196.59
135.90 -63.36 -9999.00 -9999.00 -9999.00 278.37 26.71 0.00
0.00 14798.02
121.90 -63.96 -9999.00 -9999.00 -9999.00 290.39 23.43 0.00
0.00 15464.69
108.00 -63.36 -9999.00 -9999.00 -9999.00 298.97 12.43 0.00
0.00 16207.10
94.00 -63.96 -9999.00 -9999.00 -9999.00 267.23 12.06 0.00
0.00 17058.45
81.00 -61.96 -9999.00 -9999.00 -9999.00 291.80 10.47 0.00
0.00 17974.23
70.60 -61.26 -9999.00 -9999.00 -9999.00 341.57 4.91 0.00
0.00 18825.14
62.20 -59.26 -9999.00 -9999.00 -9999.00 52.25 7.61 0.00
0.00 19614.53
54.30 -57.76 -9999.00 -9999.00 -9999.00 114.52 12.16 0.00
0.00 20467.92
46.90 -56.46 -9999.00 -9999.00 -9999.00 111.80 10.47 0.00
0.00 21394.40
40.10 -53.96 -9999.00 -9999.00 -9999.00 65.22 8.35 0.00
0.00 22393.68
33.80 -51.96 -9999.00 -9999.00 -9999.00 50.71 16.57 0.00
0.00 23495.28
27.80 -51.16 -9999.00 -9999.00 -9999.00 62.10 18.69 0.00
0.00 24762.85
22.30 -48.96 -9999.00 -9999.00 -9999.00 72.20 22.24 0.00
0.00 26202.42
17.10 -44.76 -9999.00 -9999.00 -9999.00 90.37 29.72 0.00
0.00 27961.10
12.30 -41.06 -9999.00 -9999.00 -9999.00 93.93 36.79 0.00
0.00 30181.61

STID = KMDW STNM = 725340 TIME = 200808/1800 
SLAT = 41.78 SLON = -87.75 SELV = 183.0
STIM = 20

SHOW = -1.97 LIFT = -1.17 SWET = 211.70 KINX = 32.11
LCLP = 825.38 PWAT = 41.85 TOTL = 48.82 CAPE = 171.33
LCLT = 286.29 CINS = -170.61 EQLV = 311.09 LFCT = 594.44
BRCH = 18.24

PRES TMPC TMWC DWPC THTE DRCT SKNT OMEG
CFRL HGHT
997.30 29.04 20.37 16.08 337.20 199.75 8.04 0.00
0.00 192.82
994.40 28.14 20.05 16.01 336.39 198.78 10.26 0.00
0.00 218.72
988.90 27.44 19.77 15.92 336.13 198.12 11.25 0.00
0.00 267.92
979.40 26.44 19.35 15.77 335.93 197.57 12.22 -0.10
0.00 353.30
965.50 25.14 18.79 15.56 335.86 198.43 12.90 -0.20
0.00 479.26
947.60 23.44 18.07 15.30 335.79 199.98 13.64 -0.20
0.00 643.33
926.20 21.54 17.24 14.99 335.91 201.95 14.02 -0.30
0.00 842.39
902.80 19.44 16.48 14.92 336.69 206.22 14.51 -0.30
0.00 1063.89
877.50 17.34 15.63 14.70 337.51 220.07 15.99 -0.20
0.00 1308.21
849.20 15.14 14.49 14.10 337.89 226.91 16.49 -0.20
34.00 1587.92
817.90 13.94 12.45 11.56 335.83 234.03 14.88 -0.10
24.00 1906.32
783.80 13.64 10.06 7.67 333.44 250.29 13.83 -0.10
2.00 2266.06
746.70 11.34 8.39 6.34 334.34 255.79 15.83 -0.10
0.00 2673.52
706.70 8.44 4.88 1.90 330.63 253.14 13.40 0.00
0.00 3131.64
663.80 5.54 1.02 -3.75 327.48 258.69 6.93 0.00
0.00 3646.83
618.00 1.54 -0.81 -3.23 331.05 295.56 4.95 0.10
0.00 4227.48
569.70 -3.16 -5.52 -8.64 328.71 307.57 6.37 0.10
0.00 4877.86
523.00 -7.66 -9.92 -13.73 328.16 291.80 7.32 0.20
0.00 5549.39
480.90 -11.56 -13.61 -17.79 329.34 267.09 11.48 0.20
0.00 6197.67
443.30 -15.36 -16.75 -19.94 331.56 267.40 12.84 0.20
0.00 6817.23
409.40 -19.46 -20.56 -23.67 332.47 283.11 14.57 0.10
0.00 7413.34
378.70 -24.26 -24.98 -27.62 332.35 285.32 14.70 0.10
18.00 7987.12
351.10 -28.86 -29.85 -35.53 331.49 281.47 13.68 0.00
2.00 8533.60
326.30 -32.26 -33.72 -50.85 332.20 268.71 17.29 -0.10
0.00 9053.87
303.90 -35.46 -36.66 -54.16 334.39 264.14 22.84 -0.10
0.00 9552.04
283.70 -38.06 -39.11 -58.54 337.17 269.52 23.31 -0.20
0.00 10027.99
265.60 -40.66 -41.53 -60.81 339.74 271.88 23.72 -0.10
0.00 10479.16
248.80 -43.46 -44.17 -63.51 341.93 271.44 23.12 -0.10
0.00 10921.16
233.60 -45.96 -46.56 -66.97 344.31 264.77 27.70 0.00
0.00 11342.69
219.60 -48.56 -49.03 -67.41 346.43 266.42 31.14 0.00
0.00 11751.34
205.70 -50.86 -51.24 -67.88 349.35 269.26 30.11 0.00
0.00 12179.02
191.70 -53.06 -53.40 -73.19 352.88 269.20 27.97 0.00
0.00 12635.40
177.70 -55.66 -55.92 -73.70 356.35 263.93 27.54 0.00
0.00 13121.07
163.80 -58.26 -58.46 -74.24 360.38 264.33 29.47 0.00
0.00 13636.50
149.80 -60.56 -60.72 -74.84 365.74 272.28 29.35 0.00
0.00 14195.49
135.90 -62.56 -9999.00 -9999.00 -9999.00 279.90 24.84 0.00
0.00 14798.63
121.90 -63.46 -9999.00 -9999.00 -9999.00 286.86 20.09 0.00
0.00 15467.37
108.00 -63.16 -9999.00 -9999.00 -9999.00 279.09 9.83 0.00
0.00 16211.02
94.00 -63.66 -9999.00 -9999.00 -9999.00 249.94 13.03 0.00
0.00 17063.39
81.00 -61.76 -9999.00 -9999.00 -9999.00 284.35 8.62 0.00
0.00 17980.26
70.60 -61.26 -9999.00 -9999.00 -9999.00 339.78 3.92 0.00
0.00 18831.57
62.20 -58.66 -9999.00 -9999.00 -9999.00 70.46 6.39 0.00
0.00 19622.07
54.30 -57.76 -9999.00 -9999.00 -9999.00 127.09 9.98 0.00
0.00 20476.66
46.90 -56.66 -9999.00 -9999.00 -9999.00 97.43 4.51 0.00
0.00 21402.71
40.10 -54.26 -9999.00 -9999.00 -9999.00 39.64 8.84 0.00
0.00 22400.84
33.80 -52.76 -9999.00 -9999.00 -9999.00 64.87 17.39 0.00
0.00 23499.69
27.80 -51.66 -9999.00 -9999.00 -9999.00 73.83 20.22 0.00
0.00 24763.54
22.30 -48.56 -9999.00 -9999.00 -9999.00 83.10 24.26 0.00
0.00 26202.79
17.10 -45.66 -9999.00 -9999.00 -9999.00 92.86 27.23 0.00
0.00 27959.53
12.30 -40.76 -9999.00 -9999.00 -9999.00 92.36 33.04 0.00
0.00 30177.14

STID = KMDW STNM = 725340 TIME = 200808/1900 
SLAT = 41.78 SLON = -87.75 SELV = 183.0
STIM = 21

SHOW = -1.94 LIFT = -2.01 SWET = 211.71 KINX = 32.16
LCLP = 826.40 PWAT = 42.85 TOTL = 48.84 CAPE = 432.03
LCLT = 287.17 CINS = -100.47 EQLV = 282.76 LFCT = 621.14
BRCH = 43.35

PRES TMPC TMWC DWPC THTE DRCT SKNT OMEG
CFRL HGHT
997.00 29.84 21.10 16.96 340.17 197.59 8.35 0.00
0.00 191.96
994.00 28.94 20.78 16.88 339.35 195.80 10.70 0.00
0.00 218.84
988.50 28.24 20.51 16.80 339.10 195.42 11.69 0.00
0.00 268.21
979.10 27.24 20.10 16.65 338.89 195.10 12.68 0.00
0.00 352.99
965.10 25.84 19.51 16.42 338.68 196.06 13.34 -0.10
0.00 480.26
947.20 24.24 18.81 16.13 338.67 197.16 13.83 -0.10
0.00 644.88
925.90 22.24 17.93 15.78 338.59 198.43 14.12 -0.10
0.00 843.66
902.50 20.04 16.96 15.39 338.54 199.18 14.20 -0.10
0.00 1065.80
877.10 18.04 16.06 15.02 339.16 215.11 15.19 0.00
0.00 1311.77
848.80 15.84 14.64 13.97 338.50 227.45 16.08 0.10
15.00 1592.30
817.60 13.84 12.67 11.96 336.60 235.01 16.59 0.10
36.00 1910.17
783.50 13.74 10.57 8.53 335.14 252.61 16.90 0.10
0.00 2270.12
746.40 11.24 9.40 8.20 337.60 258.00 15.89 0.10
4.00 2677.94
706.40 8.54 4.87 1.80 330.67 247.38 12.63 0.10
3.00 3136.40
663.60 5.94 1.02 -4.25 327.49 244.13 7.13 0.20
0.00 3651.00
617.80 1.94 -1.08 -4.31 330.38 270.00 5.44 0.20
0.00 4232.58
569.60 -2.76 -5.56 -9.36 328.61 285.71 6.45 0.30
0.00 4882.62
522.90 -7.26 -9.63 -13.54 328.81 274.40 10.14 0.30
0.00 5555.24
480.80 -11.36 -13.34 -17.27 329.90 271.76 12.63 0.20
0.00 6204.42
443.20 -15.26 -16.55 -19.43 331.98 268.24 12.63 0.20
0.00 6824.50
409.30 -19.36 -20.81 -25.21 332.01 292.29 12.80 0.10
0.00 7420.96
378.70 -24.16 -25.22 -29.39 331.92 291.66 14.22 0.10
0.00 7993.12
351.10 -28.86 -29.96 -36.53 331.30 287.16 13.83 0.10
0.00 8539.67
326.20 -32.26 -33.79 -53.57 332.10 290.16 16.36 0.10
0.00 9062.11
303.90 -35.46 -36.68 -55.26 334.35 281.43 18.63 0.00
0.00 9558.12
283.70 -38.26 -39.28 -58.54 336.88 276.52 20.53 0.00
0.00 10033.87
265.60 -40.66 -41.53 -60.81 339.74 272.39 23.33 -0.10
0.00 10484.84
248.80 -43.86 -44.52 -61.32 341.38 270.44 25.06 -0.10
0.00 10926.47
233.60 -46.56 -47.09 -63.98 343.44 269.60 27.58 -0.10
0.00 11347.08
219.60 -48.86 -49.31 -67.41 345.97 269.26 29.91 0.00
0.00 11754.92
205.70 -50.86 -51.24 -67.88 349.35 270.37 29.72 0.00
0.00 12182.31
191.70 -53.06 -53.40 -73.19 352.88 268.84 28.75 0.00
0.00 12638.68
177.70 -55.66 -55.92 -73.70 356.35 265.69 28.44 -0.10
0.00 13124.35
163.80 -58.36 -58.56 -74.24 360.21 263.49 29.14 -0.10
0.00 13639.67
149.80 -60.66 -60.82 -74.84 365.57 268.47 29.16 -0.10
0.00 14198.40
135.90 -62.66 -9999.00 -9999.00 -9999.00 275.19 25.74 0.00
0.00 14801.25
121.90 -63.96 -9999.00 -9999.00 -9999.00 280.76 19.77 0.00
0.00 15469.03
108.00 -63.96 -9999.00 -9999.00 -9999.00 267.88 10.49 0.00
0.00 16210.38
94.00 -63.96 -9999.00 -9999.00 -9999.00 247.44 13.68 0.00
0.00 17060.51
81.00 -61.46 -9999.00 -9999.00 -9999.00 286.56 7.50 0.00
0.00 17977.38
70.60 -60.46 -9999.00 -9999.00 -9999.00 347.47 3.57 0.00
0.00 18830.91
62.20 -57.76 -9999.00 -9999.00 -9999.00 88.36 6.80 0.00
0.00 19624.56
54.30 -58.16 -9999.00 -9999.00 -9999.00 126.16 6.25 0.00
0.00 20480.15
46.90 -57.16 -9999.00 -9999.00 -9999.00 35.54 5.01 0.00
0.00 21404.27
40.10 -55.46 -9999.00 -9999.00 -9999.00 41.27 12.67 0.00
0.00 22398.50
33.80 -53.86 -9999.00 -9999.00 -9999.00 73.09 20.71 0.00
0.00 23491.59
27.80 -51.06 -9999.00 -9999.00 -9999.00 82.00 23.74 0.00
0.00 24754.02
22.30 -47.26 -9999.00 -9999.00 -9999.00 91.30 25.64 0.00
0.00 26199.40
17.10 -44.56 -9999.00 -9999.00 -9999.00 95.24 23.41 0.00
0.00 27965.46
12.30 -40.66 -9999.00 -9999.00 -9999.00 91.65 27.02 0.00
0.00 30188.86
STN YYMMDD/HHMM PMSL PRES SKTC STC1 SNFL WTNS
P01M C01M STC2 LCLD MCLD HCLD
SNRA UWND VWND R01M BFGR T2MS
Q2MS WXTS WXTP WXTZ WXTR USTM
VSTM HLCY SLLH WSYM CDBP VSBK
TD2M
725340 200807/2200 1019.10 997.80 33.64 306.80 -9999.00 0.00
-9999.00 -9999.00 306.60 47.00 0.00 0.00
-9999.00 -3.30 1.10 -9999.00 -9999.00 27.74
10.70 0.00 0.00 0.00 0.00 -2.10
-5.50 47.20 -9999.00 999.00 -9999.00 20.00
14.78
725340 200807/2300 1019.00 997.70 31.04 304.20 0.00 100.00
0.00 0.00 304.50 37.00 2.00 0.00
-9999.00 -2.60 2.00 -9999.00 -9999.00 27.14
10.15 0.00 0.00 0.00 0.00 -1.80
-5.50 17.60 -9999.00 999.00 -9999.00 20.00
13.98
725340 200808/0000 1019.60 998.30 28.54 301.70 0.00 100.00
0.00 0.00 302.20 21.00 3.00 0.00
-9999.00 -1.70 2.10 -9999.00 -9999.00 26.64
10.10 0.00 0.00 0.00 0.00 -1.90
-5.30 11.10 -9999.00 999.00 -9999.00 20.00
13.91
725340 200808/0100 1019.60 998.30 25.44 298.60 0.00 100.00
0.00 0.00 299.30 9.00 11.00 0.00
-9999.00 -1.30 2.00 -9999.00 -9999.00 25.44
10.41 0.00 0.00 0.00 0.00 -2.40
-4.90 19.90 -9999.00 999.00 -9999.00 20.00
14.37
725340 200808/0200 1019.60 998.20 23.54 296.70 0.00 100.00
0.00 0.00 297.40 0.00 12.00 0.00
-9999.00 -1.20 1.70 -9999.00 -9999.00 23.84
11.11 0.00 0.00 0.00 0.00 -2.70
-5.00 23.70 -9999.00 999.00 -9999.00 20.00
15.36
725340 200808/0300 1019.70 998.30 22.14 295.30 0.00 100.00
0.00 0.00 296.00 0.00 80.00 0.00
-9999.00 -1.00 1.40 -9999.00 -9999.00 22.44
11.84 0.00 0.00 0.00 0.00 -2.30
-5.80 26.10 -9999.00 999.00 -9999.00 20.00
16.34
725340 200808/0400 1020.60 999.10 21.14 294.30 0.00 100.00
0.00 0.00 294.90 0.00 100.00 0.00
-9999.00 -0.80 1.40 -9999.00 -9999.00 21.44
12.34 0.00 0.00 0.00 0.00 -2.40
-6.00 22.10 -9999.00 999.00 -9999.00 20.00
16.99
725340 200808/0500 1020.90 999.40 20.14 293.30 0.00 100.00
0.00 0.00 293.80 0.00 100.00 0.00
-9999.00 -0.90 1.70 -9999.00 -9999.00 20.54
12.44 0.00 0.00 0.00 0.00 -2.50
-5.80 2.40 -9999.00 999.00 -9999.00 20.00
17.12
725340 200808/0600 1020.80 999.20 19.24 292.40 0.00 100.00
0.00 0.00 292.90 0.00 100.00 0.00
-9999.00 -0.60 1.90 -9999.00 -9999.00 19.84
12.17 0.00 0.00 0.00 0.00 -2.20
-5.40 3.90 -9999.00 999.00 -9999.00 20.00
16.78
725340 200808/0700 1020.60 999.10 18.44 291.60 0.00 100.00
0.00 0.00 292.10 0.00 100.00 0.00
-9999.00 -0.90 2.00 -9999.00 -9999.00 19.14
11.70 0.00 0.00 0.00 0.00 -1.30
-6.00 6.10 -9999.00 999.00 -9999.00 20.00
16.17
725340 200808/0800 1020.10 998.50 17.74 290.90 0.00 100.00
0.00 0.00 291.40 0.00 100.00 0.00
-9999.00 -0.40 2.00 -9999.00 -9999.00 18.44
11.33 0.00 0.00 0.00 0.00 -1.20
-5.90 14.30 -9999.00 999.00 -9999.00 20.00
15.67
725340 200808/0900 1020.00 998.50 17.24 290.40 0.00 100.00
0.00 0.00 290.90 0.00 100.00 0.00
-9999.00 -0.20 2.00 -9999.00 -9999.00 17.84
10.90 0.00 0.00 0.00 0.00 -1.90
-4.60 27.60 -9999.00 999.00 -9999.00 20.00
15.07
725340 200808/1000 1020.40 998.80 16.74 289.90 0.00 100.00
0.00 0.00 290.30 0.00 100.00 0.00
-9999.00 -0.10 2.00 -9999.00 -9999.00 17.34
10.68 0.00 0.00 0.00 0.00 -2.40
-3.50 38.80 -9999.00 999.00 -9999.00 20.00
14.77
725340 200808/1100 1021.40 999.80 16.44 289.60 0.00 100.00
0.00 0.00 290.00 0.00 100.00 0.00
-9999.00 -0.20 2.10 -9999.00 -9999.00 17.04
10.68 0.00 0.00 0.00 0.00 -2.00
-3.90 55.10 -9999.00 999.00 -9999.00 20.00
14.78
725340 200808/1200 1021.70 1000.10 17.74 290.90 0.00 100.00
0.00 0.00 290.90 0.00 100.00 0.00
-9999.00 -0.10 2.00 -9999.00 -9999.00 17.94
10.94 0.00 0.00 0.00 0.00 -2.10
-4.10 70.00 -9999.00 999.00 -9999.00 20.00
15.15
725340 200808/1300 1021.30 999.80 20.44 293.60 0.00 100.00
0.00 0.00 293.20 0.00 100.00 0.00
-9999.00 -0.20 2.80 -9999.00 -9999.00 20.24
11.04 0.00 0.00 0.00 0.00 -2.30
-4.00 76.90 -9999.00 999.00 -9999.00 20.00
15.29
725340 200808/1400 1021.00 999.50 24.04 297.20 0.00 100.00
0.00 0.00 296.40 0.00 100.00 0.00
-9999.00 -0.20 3.30 -9999.00 -9999.00 22.74
10.89 0.00 0.00 0.00 0.00 -2.20
-3.50 79.70 -9999.00 999.00 -9999.00 20.00
15.08
725340 200808/1500 1021.20 999.80 30.64 303.80 0.00 100.00
0.00 0.00 301.90 2.00 100.00 0.00
-9999.00 -0.30 4.00 -9999.00 -9999.00 25.74
9.76 0.00 0.00 0.00 0.00 -1.80
-3.50 78.00 -9999.00 999.00 -9999.00 20.00
13.42
725340 200808/1600 1020.80 999.50 35.24 308.40 0.00 100.00
0.00 0.00 306.50 8.00 100.00 0.00
-9999.00 -0.30 4.30 -9999.00 -9999.00 27.74
9.97 0.00 0.00 0.00 0.00 -1.90
-3.40 73.30 -9999.00 999.00 -9999.00 20.00
13.73
725340 200808/1700 1020.00 998.70 38.24 311.40 0.00 100.00
0.00 0.00 309.50 18.00 24.00 0.00
-9999.00 0.00 4.50 -9999.00 -9999.00 29.14
10.78 0.00 0.00 0.00 0.00 -1.80
-2.80 72.90 -9999.00 999.00 -9999.00 20.00
14.91
725340 200808/1800 1019.60 998.40 38.44 311.60 0.00 100.00
0.00 0.00 310.20 34.00 18.00 0.00
-9999.00 0.90 4.30 -9999.00 -9999.00 29.94
11.65 0.00 0.00 0.00 0.00 -1.60
-2.10 57.10 -9999.00 999.00 -9999.00 20.00
16.09
725340 200808/1900 1019.20 998.00 39.44 312.60 0.00 100.00
0.00 0.00 311.40 36.00 0.00 0.00
-9999.00 0.80 4.60 -9999.00 -9999.00 30.74
12.35 0.00 0.00 0.00 0.00 -1.40
-1.60 60.70 -9999.00 999.00 -9999.00 20.00
16.99


