
SNPARM = PRES;TMPC;TMWC;DWPC;THTE;DRCT;SKNT;OMEG;CFRL;HGHT 
STNPRM = SHOW;LIFT;SWET;KINX;LCLP;PWAT;TOTL;CAPE;LCLT;CINS;EQLV;LFCT;BRCH 

STID = KMDW STNM = 725340 TIME = 200808/0200 
SLAT = 41.78 SLON = -87.75 SELV = 183.0
STIM = 0

SHOW = 4.80 LIFT = 3.53 SWET = 119.02 KINX = 24.56
LCLP = 876.91 PWAT = 28.52 TOTL = 39.79 CAPE = 0.00
LCLT = 286.38 CINS = 0.00 EQLV = -9999.00 LFCT = -9999.00
BRCH = 0.00

PRES TMPC TMWC DWPC THTE DRCT SKNT OMEG
CFRL HGHT
997.20 23.94 18.28 15.22 329.53 188.75 2.56 0.00
0.00 191.77
994.20 24.04 18.10 14.85 329.27 178.32 6.60 -0.10
0.00 218.15
988.70 24.34 17.88 14.31 329.24 181.17 9.52 -0.10
0.00 266.74
979.20 24.14 17.27 13.34 328.36 184.16 10.70 -0.20
0.00 351.31
965.30 23.24 16.73 12.95 328.39 185.29 10.53 -0.30
0.00 476.27
947.40 21.44 15.97 12.76 328.31 185.71 9.75 -0.30
0.00 639.12
926.10 19.44 15.15 12.61 328.57 187.77 8.62 -0.10
0.00 835.71
902.70 17.34 14.33 12.54 329.22 178.36 6.80 0.10
0.00 1055.43
877.40 15.04 12.67 11.16 327.46 159.44 4.97 0.30
0.00 1297.63
849.10 13.94 10.89 8.79 326.01 200.56 1.65 0.30
0.00 1575.17
817.90 14.84 10.00 6.52 327.87 288.43 6.14 0.10
0.00 1891.78
783.80 13.54 7.96 3.51 326.97 297.47 10.96 -0.10
0.00 2251.46
746.70 10.44 6.68 3.72 329.20 310.87 13.36 -0.20
0.00 2657.77
706.60 6.84 3.96 1.44 328.13 311.11 14.18 0.10
0.00 3114.83
663.70 3.84 -2.06 -10.62 319.91 293.20 11.83 0.30
0.00 3626.75
618.00 3.14 -5.75 -31.43 318.69 266.42 9.34 0.20
0.00 4204.98
569.80 0.04 -8.18 -35.75 322.05 258.69 8.92 -0.10
0.00 4858.17
523.10 -5.46 -11.90 -35.14 323.55 275.08 8.78 -0.10
0.00 5535.24
481.00 -11.06 -15.85 -34.95 324.62 282.91 9.56 -0.10
0.00 6185.98
443.40 -15.26 -19.24 -38.54 326.56 294.15 12.35 0.00
0.00 6805.55
409.50 -18.96 -22.41 -43.95 328.82 302.17 14.22 0.20
0.00 7401.73
378.80 -22.76 -25.63 -48.09 330.97 308.23 16.32 0.30
0.00 7977.28
351.20 -26.36 -28.55 -45.85 333.53 313.55 21.72 0.30
0.00 8527.82
326.30 -29.56 -31.24 -45.11 336.32 315.00 27.74 0.30
0.00 9055.68
303.90 -32.76 -34.08 -46.66 338.64 310.56 28.38 0.20
0.00 9559.50
283.80 -36.46 -37.37 -47.28 340.01 312.48 25.02 0.20
0.00 10037.35
265.60 -39.86 -40.39 -46.56 341.65 322.95 24.83 0.10
0.00 10493.30
248.80 -43.96 -44.25 -48.45 341.85 295.46 31.62 0.10
11.00 10935.64
233.60 -47.26 -47.58 -54.49 342.68 283.16 46.08 0.10
0.00 11355.54
219.60 -49.96 -50.33 -64.44 344.32 286.35 52.43 0.10
0.00 11761.76
205.70 -52.96 -9999.00 -9999.00 -9999.00 297.76 45.88 0.00
0.00 12186.09
191.70 -56.46 -56.68 -73.19 347.43 304.51 41.49 0.00
0.00 12636.79
177.70 -59.06 -59.20 -68.92 350.83 296.57 40.83 0.00
0.00 13114.91
163.80 -60.26 -60.41 -74.24 357.03 297.65 46.06 0.00
0.00 13623.91
149.80 -61.26 -61.41 -74.84 364.54 306.23 45.03 0.00
0.00 14179.37
135.90 -61.76 -61.91 -75.48 373.94 314.33 35.02 0.00
0.00 14782.65
121.90 -61.96 -9999.00 -9999.00 -9999.00 306.36 21.95 0.00
0.00 15455.05
108.00 -62.56 -9999.00 -9999.00 -9999.00 285.55 19.56 0.00
0.00 16202.42
94.00 -62.26 -9999.00 -9999.00 -9999.00 287.32 18.92 0.00
0.00 17058.86
81.00 -61.16 -9999.00 -9999.00 -9999.00 300.47 11.50 0.00
0.00 17980.08
70.60 -60.16 -9999.00 -9999.00 -9999.00 320.19 6.06 0.00
0.00 18834.81
62.20 -58.66 -9999.00 -9999.00 -9999.00 33.69 3.50 0.00
0.00 19627.35
54.30 -57.86 -9999.00 -9999.00 -9999.00 70.97 5.96 0.00
0.00 20481.75
46.90 -56.66 -9999.00 -9999.00 -9999.00 56.66 8.84 0.00
0.00 21407.58
40.10 -54.86 -9999.00 -9999.00 -9999.00 50.60 14.08 0.00
0.00 22404.34
33.80 -52.66 -9999.00 -9999.00 -9999.00 51.71 18.80 0.00
0.00 23501.93
27.80 -50.36 -9999.00 -9999.00 -9999.00 59.53 22.98 0.00
0.00 24769.79
22.30 -47.66 -9999.00 -9999.00 -9999.00 71.57 27.02 0.00
0.00 26216.13
17.10 -44.56 -9999.00 -9999.00 -9999.00 80.60 27.37 0.00
0.00 27980.64
12.30 -41.16 -9999.00 -9999.00 -9999.00 82.46 29.58 0.00
0.00 30201.63

STID = KMDW STNM = 725340 TIME = 200808/0300 
SLAT = 41.78 SLON = -87.75 SELV = 183.0
STIM = 1

SHOW = 4.81 LIFT = 4.15 SWET = 108.89 KINX = 24.83
LCLP = 904.01 PWAT = 28.37 TOTL = 40.19 CAPE = 0.00
LCLT = 287.79 CINS = 0.00 EQLV = -9999.00 LFCT = -9999.00
BRCH = 0.00

PRES TMPC TMWC DWPC THTE DRCT SKNT OMEG
CFRL HGHT
997.40 22.84 18.48 16.18 330.26 169.38 3.17 0.00
0.00 191.74
994.40 23.24 18.04 15.21 329.07 173.52 8.61 0.00
0.00 218.04
988.90 23.84 17.52 13.95 327.95 177.04 11.29 -0.10
0.00 266.51
979.50 23.84 16.92 12.87 327.11 180.97 11.46 0.00
0.00 350.04
965.50 22.64 16.40 12.73 327.28 183.12 10.70 0.00
0.00 475.66
947.70 21.04 15.73 12.58 327.48 183.50 9.54 0.20
0.00 637.28
926.30 19.24 14.85 12.20 327.54 173.21 8.22 0.30
0.00 834.51
902.90 17.34 13.36 10.83 326.02 154.06 7.98 0.30
0.00 1054.02
877.60 15.84 11.50 8.46 323.75 155.85 6.18 0.20
0.00 1296.30
849.30 15.24 10.89 7.85 325.96 214.70 3.07 0.10
0.00 1574.61
818.10 15.04 10.48 7.32 329.33 280.44 7.50 -0.10
0.00 1891.96
784.00 13.24 9.10 6.14 330.41 302.62 11.54 -0.20
0.00 2251.67
746.80 10.04 7.47 5.59 331.53 315.60 13.05 -0.10
0.00 2658.77
706.70 6.64 3.87 1.44 327.87 313.83 13.46 0.20
0.00 3115.41
663.80 3.94 -2.35 -11.96 319.19 299.15 11.56 0.30
0.00 3627.12
618.10 3.24 -5.95 -36.63 318.15 268.78 9.13 0.10
0.00 4205.40
569.90 -0.06 -8.32 -37.43 321.73 258.18 8.53 -0.10
0.00 4858.43
523.20 -5.56 -11.96 -35.14 323.42 266.01 8.37 -0.10
0.00 5535.12
481.10 -11.06 -15.85 -34.95 324.60 273.99 8.37 0.00
0.00 6185.60
443.40 -15.26 -19.26 -38.86 326.53 287.18 11.19 0.00
0.00 6806.75
409.50 -18.96 -22.45 -44.97 328.75 292.29 12.80 0.10
0.00 7402.93
378.80 -22.76 -25.55 -45.68 331.12 302.59 14.06 0.00
0.00 7978.48
351.20 -26.26 -28.26 -41.75 334.06 313.78 19.37 0.00
0.00 8529.16
326.30 -29.16 -30.59 -40.06 337.45 310.36 25.49 0.00
0.00 9057.59
303.90 -32.66 -33.80 -43.11 339.13 299.59 26.36 -0.10
0.00 9561.97
283.80 -36.46 -37.24 -44.79 340.24 292.41 23.95 -0.10
0.00 10039.94
265.70 -40.26 -40.73 -46.15 341.07 297.53 20.59 -0.10
0.00 10492.93
248.80 -44.16 -44.41 -47.99 341.59 282.49 27.86 -0.10
41.00 10937.24
233.60 -47.46 -47.74 -53.69 342.42 275.66 45.28 0.00
6.00 11356.78
219.60 -50.36 -50.64 -59.12 343.83 279.82 55.79 0.00
0.00 11762.46
205.70 -52.66 -52.96 -67.88 346.52 289.37 52.72 0.00
0.00 12186.69
191.70 -56.16 -9999.00 -9999.00 -9999.00 298.63 40.95 0.00
0.00 12638.01
177.70 -58.86 -59.03 -73.70 351.11 298.14 41.20 0.00
0.00 13116.69
163.80 -60.06 -60.22 -74.24 357.36 302.79 48.06 0.00
0.00 13626.17
149.80 -61.36 -61.50 -74.84 364.36 312.59 45.65 0.00
0.00 14181.75
135.90 -62.36 -62.50 -75.48 372.88 316.68 32.85 0.00
0.00 14784.04
121.90 -62.36 -9999.00 -9999.00 -9999.00 304.99 21.35 0.00
0.00 15454.85
108.00 -62.76 -9999.00 -9999.00 -9999.00 285.55 19.56 0.00
0.00 16201.15
94.00 -62.46 -9999.00 -9999.00 -9999.00 290.56 18.26 0.00
0.00 17056.77
81.00 -61.36 -9999.00 -9999.00 -9999.00 311.28 10.61 0.00
0.00 17977.13
70.60 -60.36 -9999.00 -9999.00 -9999.00 338.84 6.45 0.00
0.00 18831.06
62.20 -58.56 -9999.00 -9999.00 -9999.00 45.00 4.95 0.00
0.00 19623.41
54.30 -57.46 -9999.00 -9999.00 -9999.00 64.09 7.56 0.00
0.00 20478.80
46.90 -55.86 -9999.00 -9999.00 -9999.00 61.03 12.43 0.00
0.00 21407.20
40.10 -54.66 -9999.00 -9999.00 -9999.00 63.15 17.64 0.00
0.00 22406.25
33.80 -53.36 -9999.00 -9999.00 -9999.00 63.68 20.16 0.00
0.00 23502.60
27.80 -51.36 -9999.00 -9999.00 -9999.00 66.48 22.88 0.00
0.00 24765.59
22.30 -48.56 -9999.00 -9999.00 -9999.00 74.36 25.21 0.00
0.00 26205.81
17.10 -44.86 -9999.00 -9999.00 -9999.00 77.04 25.12 0.00
0.00 27965.65
12.30 -41.16 -9999.00 -9999.00 -9999.00 78.53 27.35 0.00
0.00 30185.20

STID = KMDW STNM = 725340 TIME = 200808/0400 
SLAT = 41.78 SLON = -87.75 SELV = 183.0
STIM = 2

SHOW = 5.52 LIFT = 5.19 SWET = 100.85 KINX = 22.95
LCLP = 920.42 PWAT = 27.45 TOTL = 39.15 CAPE = 0.00
LCLT = 288.41 CINS = 0.00 EQLV = -9999.00 LFCT = -9999.00
BRCH = 0.00

PRES TMPC TMWC DWPC THTE DRCT SKNT OMEG
CFRL HGHT
997.20 21.94 18.39 16.52 329.99 158.20 3.15 0.00
0.00 191.72
994.10 22.54 17.78 15.17 328.22 170.13 9.07 0.00
0.00 218.83
988.70 23.74 17.18 13.38 326.78 173.99 11.13 0.00
0.00 266.36
979.20 23.54 16.64 12.53 326.20 176.93 10.90 0.00
0.00 350.73
965.30 22.24 16.18 12.57 326.55 180.00 10.10 0.10
0.00 475.32
947.40 20.74 15.41 12.19 326.46 177.61 9.32 0.20
0.00 637.68
926.00 19.14 14.24 11.16 325.59 163.07 9.34 0.10
0.00 834.79
902.70 17.54 12.29 8.63 322.65 149.83 9.65 0.10
0.00 1053.33
877.40 16.24 10.41 5.89 320.49 147.99 7.32 0.10
0.00 1295.73
849.20 15.34 10.60 7.20 325.08 192.99 2.58 0.00
0.00 1573.22
818.00 14.84 10.82 8.12 330.42 289.98 6.82 0.00
0.00 1890.56
783.80 13.04 9.77 7.56 332.54 315.00 10.99 0.10
0.00 2251.27
746.70 9.84 7.57 5.91 331.83 320.19 12.14 0.20
0.00 2657.19
706.60 6.54 3.29 0.29 326.32 315.00 12.65 0.30
0.00 3113.61
663.70 4.14 -2.51 -13.08 318.81 307.63 11.77 0.30
0.00 3625.38
618.00 3.34 -6.05 -41.71 317.88 284.68 8.43 0.10
0.00 4204.00
569.80 0.04 -8.30 -38.59 321.76 265.91 8.18 0.10
0.00 4857.36
523.10 -5.46 -11.91 -35.42 323.52 263.80 8.99 0.20
0.00 5534.41
481.00 -10.76 -15.70 -35.72 324.88 268.90 10.10 0.30
0.00 6185.50
443.40 -14.76 -19.04 -41.83 326.86 277.80 14.32 0.30
0.00 6806.01
409.50 -18.86 -22.43 -46.73 328.76 279.12 15.93 0.20
0.00 7402.86
378.80 -22.96 -25.58 -42.89 331.09 288.43 14.74 0.10
0.00 7978.31
351.20 -26.36 -28.18 -39.35 334.22 305.38 16.43 0.00
0.00 8528.67
326.30 -29.36 -30.69 -39.28 337.29 300.62 22.13 -0.10
0.00 9056.80
303.90 -32.36 -33.72 -46.20 339.24 279.88 26.03 -0.10
0.00 9561.28
283.80 -36.26 -37.17 -46.82 340.33 270.86 25.84 -0.10
0.00 10039.73
265.70 -40.46 -40.93 -46.55 340.73 266.16 26.09 -0.10
0.00 10492.71
248.80 -44.26 -44.50 -47.99 341.44 265.82 31.93 -0.10
80.00 10936.73
233.60 -47.46 -47.72 -52.96 342.46 268.44 42.95 -0.10
17.00 11356.18
219.60 -50.86 -50.99 -54.21 343.27 273.47 54.49 0.00
26.00 11761.41
205.70 -53.56 -53.73 -59.64 345.28 279.01 57.03 0.00
0.00 12184.32
191.70 -55.96 -56.19 -73.19 348.23 292.12 44.87 0.00
0.00 12634.93
177.70 -58.76 -58.93 -73.70 351.27 297.44 40.05 0.00
0.00 13113.94
163.80 -60.16 -60.32 -74.24 357.19 304.15 46.72 0.00
0.00 13623.41
149.80 -61.36 -61.50 -74.84 364.36 316.52 46.58 0.00
0.00 14178.87
135.90 -62.36 -9999.00 -9999.00 -9999.00 321.86 29.88 0.00
0.00 14781.16
121.90 -62.56 -9999.00 -9999.00 -9999.00 306.54 20.55 0.00
0.00 15451.64
108.00 -62.56 -9999.00 -9999.00 -9999.00 284.72 19.89 0.00
0.00 16197.95
94.00 -62.66 -9999.00 -9999.00 -9999.00 291.80 18.82 0.00
0.00 17053.57
81.00 -61.76 -9999.00 -9999.00 -9999.00 319.09 11.56 0.00
0.00 17972.62
70.60 -60.16 -9999.00 -9999.00 -9999.00 342.47 7.73 0.00
0.00 18826.14
62.20 -58.36 -9999.00 -9999.00 -9999.00 43.36 4.82 0.00
0.00 19619.24
54.30 -57.56 -9999.00 -9999.00 -9999.00 62.02 7.03 0.00
0.00 20474.83
46.90 -56.26 -9999.00 -9999.00 -9999.00 67.86 12.37 0.00
0.00 21402.16
40.10 -55.46 -9999.00 -9999.00 -9999.00 69.06 16.84 0.00
0.00 22398.46
33.80 -54.16 -9999.00 -9999.00 -9999.00 69.30 18.69 0.00
0.00 23490.80
27.80 -52.06 -9999.00 -9999.00 -9999.00 69.03 22.26 0.00
0.00 24749.51
22.30 -48.86 -9999.00 -9999.00 -9999.00 72.77 26.24 0.00
0.00 26186.50
17.10 -44.46 -9999.00 -9999.00 -9999.00 76.80 28.92 0.00
0.00 27946.73
12.30 -41.16 -9999.00 -9999.00 -9999.00 77.88 32.38 0.00
0.00 30168.20

STID = KMDW STNM = 725340 TIME = 200808/0500 
SLAT = 41.78 SLON = -87.75 SELV = 183.0
STIM = 3

SHOW = 6.20 LIFT = 6.42 SWET = 94.45 KINX = 20.81
LCLP = 933.29 PWAT = 26.10 TOTL = 38.20 CAPE = 0.00
LCLT = 288.67 CINS = 0.00 EQLV = -9999.00 LFCT = -9999.00
BRCH = 0.00

PRES TMPC TMWC DWPC THTE DRCT SKNT OMEG
CFRL HGHT
997.30 21.04 18.12 16.56 329.03 157.62 3.57 0.00
0.00 192.56
994.40 21.94 17.53 15.09 327.33 166.76 10.18 0.00
0.00 217.85
988.90 23.54 16.84 12.86 325.58 169.05 12.28 0.00
0.00 266.18
979.40 23.24 16.38 12.22 325.29 170.84 12.20 0.10
0.00 350.44
965.50 22.04 15.87 12.12 325.50 173.35 11.73 0.10
0.00 474.89
947.60 20.64 14.90 11.30 324.75 173.12 11.34 0.20
0.00 637.09
926.20 19.14 13.31 9.35 322.58 167.37 11.54 0.20
0.00 834.03
902.90 17.84 11.22 6.11 319.37 159.10 11.44 0.10
0.00 1052.49
877.70 16.54 9.51 3.51 317.81 152.88 8.95 0.10
0.00 1293.95
849.50 15.54 10.28 6.37 324.04 183.18 3.50 0.00
0.00 1571.46
818.20 15.04 11.24 8.76 331.73 294.15 6.18 0.00
0.00 1889.93
784.00 13.04 10.01 8.00 333.27 314.19 9.75 0.10
0.00 2250.75
746.80 9.84 7.23 5.29 330.82 311.28 10.61 0.20
0.00 2657.68
706.80 6.54 2.65 -1.17 324.59 304.46 12.02 0.20
0.00 3112.74
663.90 4.14 -2.58 -13.43 318.59 307.95 12.32 0.10
0.00 3624.27
618.10 3.24 -6.04 -39.57 317.90 294.94 9.21 0.00
0.00 4203.91
569.90 0.04 -8.36 -40.35 321.59 271.25 8.94 -0.10
0.00 4857.04
523.20 -5.46 -11.96 -36.29 323.39 262.48 10.39 0.00
0.00 5533.95
481.10 -10.46 -15.60 -37.43 325.01 268.21 12.43 0.10
0.00 6185.27
443.40 -14.46 -18.97 -46.01 326.93 275.64 15.81 0.10
0.00 6808.04
409.60 -18.76 -22.26 -43.94 329.06 278.80 16.51 0.10
0.00 7403.52
378.80 -22.56 -24.98 -38.08 332.19 286.63 15.62 0.10
0.00 7981.38
351.20 -26.36 -27.85 -35.72 334.82 298.26 17.64 0.00
0.00 8532.24
326.40 -30.06 -31.40 -40.89 336.06 292.43 22.90 -0.10
0.00 9057.43
303.90 -33.26 -34.49 -46.20 337.97 277.22 27.80 -0.20
0.00 9562.40
283.80 -36.06 -37.11 -49.37 340.42 262.83 34.27 -0.20
0.00 10040.15
265.70 -39.96 -40.60 -48.85 341.27 255.15 33.35 -0.30
0.00 10493.79
248.80 -43.96 -44.37 -51.11 341.65 258.40 37.68 -0.30
0.00 10938.56
233.60 -47.46 -47.69 -52.28 342.50 269.29 47.20 -0.30
2.00 11358.28
219.60 -50.76 -50.80 -51.59 343.59 272.45 54.64 -0.20
100.00 11763.61
205.70 -54.16 -54.23 -56.40 344.47 277.80 52.93 -0.10
100.00 12186.05
191.70 -56.16 -56.36 -68.39 347.96 288.19 43.55 0.00
0.00 12635.83
177.70 -58.56 -58.74 -73.70 351.60 295.37 37.63 0.10
0.00 13114.85
163.80 -59.96 -60.12 -74.24 357.53 305.77 44.52 0.10
0.00 13624.80
149.80 -61.16 -61.31 -74.84 364.71 319.29 45.86 0.00
0.00 14180.78
135.90 -62.06 -9999.00 -9999.00 -9999.00 324.13 26.85 0.00
0.00 14783.78
121.90 -62.66 -9999.00 -9999.00 -9999.00 297.08 19.19 0.00
0.00 15454.58
108.00 -62.86 -9999.00 -9999.00 -9999.00 277.50 22.34 0.00
0.00 16200.18
94.00 -63.06 -9999.00 -9999.00 -9999.00 291.16 19.37 0.00
0.00 17054.38
81.00 -61.46 -9999.00 -9999.00 -9999.00 315.67 11.67 0.00
0.00 17973.21
70.60 -59.56 -9999.00 -9999.00 -9999.00 338.50 6.90 0.00
0.00 18828.54
62.20 -58.36 -9999.00 -9999.00 -9999.00 53.13 3.88 0.00
0.00 19622.75
54.30 -57.86 -9999.00 -9999.00 -9999.00 65.43 7.48 0.00
0.00 20477.74
46.90 -56.86 -9999.00 -9999.00 -9999.00 71.03 13.15 0.00
0.00 21403.15
40.10 -55.76 -9999.00 -9999.00 -9999.00 67.72 17.42 0.00
0.00 22397.38
33.80 -54.06 -9999.00 -9999.00 -9999.00 67.03 19.41 0.00
0.00 23489.22
27.80 -51.46 -9999.00 -9999.00 -9999.00 70.35 23.10 0.00
0.00 24749.93
22.30 -48.36 -9999.00 -9999.00 -9999.00 78.53 27.35 0.00
0.00 26190.47
17.10 -44.26 -9999.00 -9999.00 -9999.00 83.97 27.74 0.00
0.00 27953.42
12.30 -41.36 -9999.00 -9999.00 -9999.00 78.38 27.97 0.00
0.00 30174.90

STID = KMDW STNM = 725340 TIME = 200808/0600 
SLAT = 41.78 SLON = -87.75 SELV = 183.0
STIM = 4

SHOW = 7.42 LIFT = 8.00 SWET = 79.50 KINX = 18.04
LCLP = 941.86 PWAT = 24.53 TOTL = 36.53 CAPE = 0.00
LCLT = 288.62 CINS = 0.00 EQLV = -9999.00 LFCT = -9999.00
BRCH = 0.00

PRES TMPC TMWC DWPC THTE DRCT SKNT OMEG
CFRL HGHT
997.50 20.24 17.74 16.37 327.66 156.04 3.83 0.00
0.00 192.53
994.50 21.24 17.13 14.81 325.96 165.00 11.27 0.00
0.00 218.62
989.10 23.04 16.49 12.52 324.39 166.76 13.58 0.10
0.00 265.96
979.60 22.94 15.95 11.58 323.83 168.69 13.87 0.10
0.00 350.08
965.70 21.94 15.10 10.68 322.92 169.48 13.83 0.20
0.00 474.37
947.80 20.84 13.73 8.77 320.93 170.41 13.99 0.20
0.00 636.46
926.50 19.54 12.07 6.35 318.70 169.90 14.39 0.10
0.00 832.45
903.20 18.04 10.32 3.77 316.68 168.37 13.48 0.10
0.00 1050.90
877.90 16.74 8.73 1.27 315.58 163.50 10.94 0.10
0.00 1293.29
849.70 15.54 9.49 4.66 321.67 175.76 5.26 0.00
0.00 1570.69
818.50 15.14 11.43 9.05 332.32 290.56 4.97 0.00
0.00 1888.05
784.20 13.04 10.09 8.15 333.51 307.41 8.31 0.10
0.00 2249.90
747.10 9.94 7.02 4.81 330.15 298.52 10.18 0.20
0.00 2655.65
707.00 6.64 2.24 -2.30 323.47 297.35 12.68 0.20
0.00 3111.77
664.10 4.04 -2.66 -13.55 318.38 306.55 14.02 0.10
0.00 3623.08
618.30 2.64 -6.13 -33.17 317.83 301.80 11.42 0.00
0.00 4201.84
570.10 -0.26 -8.58 -41.90 321.09 278.28 10.80 -0.10
0.00 4853.70
523.30 -5.46 -12.04 -37.91 323.19 261.74 12.16 -0.10
0.00 5531.49
481.20 -10.46 -15.71 -39.83 324.73 265.36 14.41 0.00
0.00 6182.65
443.50 -14.86 -19.26 -46.01 326.41 270.65 17.09 0.00
0.00 6804.80
409.60 -18.86 -22.20 -41.00 329.20 275.00 15.60 0.00
0.00 7401.41
378.90 -22.46 -24.48 -33.50 333.10 291.09 14.57 0.00
0.00 7977.36
351.30 -26.56 -27.75 -33.46 335.00 300.63 17.15 0.00
0.00 8528.02
326.40 -30.06 -31.48 -42.11 335.91 292.41 23.95 -0.10
0.00 9055.06
304.00 -33.66 -34.52 -41.28 337.92 282.91 31.29 -0.10
0.00 9557.29
283.80 -36.46 -37.37 -47.28 340.01 267.46 35.00 -0.10
0.00 10036.56
265.70 -40.26 -40.98 -51.87 340.62 263.85 38.09 -0.10
0.00 10489.52
248.80 -43.96 -44.25 -48.45 341.85 268.24 44.31 -0.20
4.00 10934.01
233.60 -47.36 -47.43 -48.55 342.94 267.27 49.01 -0.20
100.00 11353.84
219.60 -50.66 -50.70 -51.59 343.74 271.12 49.73 -0.20
100.00 11759.36
205.70 -53.66 -53.82 -59.64 345.13 279.17 43.88 -0.10
100.00 12182.37
191.70 -55.96 -56.17 -68.39 348.28 287.98 38.38 0.00
0.00 12632.87
177.70 -58.16 -58.35 -73.70 352.25 292.36 36.75 0.00
0.00 13112.55
163.80 -59.76 -59.92 -74.24 357.86 303.48 43.32 0.10
0.00 13623.22
149.80 -61.56 -61.70 -74.84 364.02 315.72 43.96 0.00
0.00 14178.94
135.90 -62.46 -9999.00 -9999.00 -9999.00 319.40 25.08 0.00
0.00 14780.79
121.90 -63.56 -9999.00 -9999.00 -9999.00 281.31 18.82 0.00
0.00 15449.53
108.00 -64.16 -9999.00 -9999.00 -9999.00 277.18 23.29 0.00
0.00 16191.23
94.00 -63.36 -9999.00 -9999.00 -9999.00 292.71 18.10 0.00
0.00 17042.18
81.00 -61.16 -9999.00 -9999.00 -9999.00 315.94 8.37 0.00
0.00 17961.01
70.60 -59.36 -9999.00 -9999.00 -9999.00 14.04 4.00 0.00
0.00 18817.34
62.20 -58.66 -9999.00 -9999.00 -9999.00 82.41 5.89 0.00
0.00 19611.37
54.30 -57.86 -9999.00 -9999.00 -9999.00 76.29 8.20 0.00
0.00 20465.76
46.90 -56.96 -9999.00 -9999.00 -9999.00 72.12 12.65 0.00
0.00 21390.95
40.10 -55.46 -9999.00 -9999.00 -9999.00 62.85 17.04 0.00
0.00 22385.64
33.80 -53.16 -9999.00 -9999.00 -9999.00 62.72 20.77 0.00
0.00 23480.49
27.80 -50.36 -9999.00 -9999.00 -9999.00 69.18 25.14 0.00
0.00 24746.92
22.30 -47.06 -9999.00 -9999.00 -9999.00 81.47 27.51 0.00
0.00 26195.20
17.10 -43.86 -9999.00 -9999.00 -9999.00 82.00 23.74 0.00
0.00 27964.76
12.30 -41.36 -9999.00 -9999.00 -9999.00 69.90 25.45 0.00
0.00 30188.16

STID = KMDW STNM = 725340 TIME = 200808/0700 
SLAT = 41.78 SLON = -87.75 SELV = 183.0
STIM = 5

SHOW = 7.26 LIFT = 9.35 SWET = 76.35 KINX = 15.87
LCLP = 945.12 PWAT = 23.22 TOTL = 36.86 CAPE = 0.00
LCLT = 288.23 CINS = 0.00 EQLV = -9999.00 LFCT = -9999.00
BRCH = 0.00

PRES TMPC TMWC DWPC THTE DRCT SKNT OMEG
CFRL HGHT
998.50 19.64 17.27 15.94 325.93 154.65 4.08 0.00
0.00 191.64
995.50 20.74 16.61 14.19 324.06 162.12 12.65 0.00
0.00 217.65
990.00 22.84 16.04 11.79 322.80 163.44 15.00 0.00
0.00 265.75
980.50 22.94 15.33 10.31 321.66 164.74 15.50 0.10
0.00 349.73
966.60 22.24 14.16 8.44 319.76 164.93 15.70 0.10
0.00 473.90
948.70 21.14 12.72 6.21 317.66 163.77 15.99 0.10
0.00 635.88
927.40 19.64 11.27 4.29 316.18 162.23 15.91 0.10
0.00 831.70
904.10 18.14 9.65 1.86 314.63 165.96 14.41 0.10
0.00 1049.90
878.80 17.04 8.30 -0.37 314.23 170.54 10.63 0.20
0.00 1292.12
850.60 16.04 9.50 4.21 321.55 173.66 5.28 0.20
0.00 1569.55
819.30 15.64 11.90 9.56 333.72 288.43 4.29 0.30
0.00 1888.16
785.00 13.24 10.02 7.88 333.14 292.62 7.58 0.30
0.00 2250.11
747.70 10.24 6.60 3.71 328.79 287.78 10.82 0.30
0.00 2657.95
707.60 7.04 1.62 -4.48 321.75 292.50 14.72 0.30
0.00 3114.09
664.60 4.24 -2.71 -14.28 318.17 302.57 16.59 0.10
0.00 3626.60
618.80 2.04 -6.06 -27.17 318.07 307.33 14.41 -0.10
0.00 4204.52
570.50 -0.76 -8.82 -39.87 320.59 288.15 12.47 -0.10
0.00 4856.00
523.60 -5.56 -12.16 -39.41 322.87 264.04 13.09 -0.10
0.00 5534.06
481.50 -10.46 -15.78 -41.49 324.53 261.25 15.33 0.00
0.00 6184.69
443.70 -14.96 -19.22 -42.72 326.47 266.75 17.11 0.00
0.00 6808.04
409.80 -18.66 -21.75 -36.32 330.01 271.47 15.15 0.10
0.00 7404.52
379.00 -22.46 -23.96 -29.62 334.05 292.29 12.80 0.10
0.00 7982.43
351.30 -26.66 -27.89 -33.94 334.75 295.31 15.91 0.10
0.00 8534.94
326.40 -30.26 -31.14 -36.26 336.54 288.13 23.10 0.00
0.00 9061.69
304.00 -33.56 -34.30 -39.72 338.29 275.49 30.44 0.00
0.00 9563.87
283.80 -36.96 -37.77 -46.38 339.37 265.58 35.26 0.00
0.00 10042.74
265.70 -40.66 -41.14 -46.97 340.40 264.29 39.04 -0.10
0.00 10494.85
248.80 -43.96 -44.15 -46.74 342.01 263.69 44.17 -0.10
100.00 10938.97
233.60 -47.26 -47.36 -49.00 343.05 266.50 47.69 -0.10
100.00 11358.89
219.60 -50.26 -50.47 -55.86 344.11 272.32 43.16 -0.10
100.00 11764.86
205.70 -52.96 -53.23 -64.93 346.09 280.62 37.94 -0.10
19.00 12188.91
191.70 -55.36 -55.59 -68.39 349.24 287.03 35.14 0.00
0.00 12640.75
177.70 -57.66 -57.86 -73.70 353.07 289.44 35.02 0.00
0.00 13121.65
163.80 -59.76 -59.92 -74.24 357.86 298.86 39.04 0.00
0.00 13632.91
149.80 -61.66 -61.80 -74.84 363.85 310.83 37.74 0.00
0.00 14188.50
135.90 -62.66 -62.79 -75.48 372.35 311.68 21.33 0.00
0.00 14789.93
121.90 -63.76 -9999.00 -9999.00 -9999.00 266.82 21.02 0.00
0.00 15458.04
108.00 -64.66 -9999.00 -9999.00 -9999.00 278.64 24.55 0.00
0.00 16198.49
94.00 -63.06 -9999.00 -9999.00 -9999.00 297.70 17.56 0.00
0.00 17049.04
81.00 -60.86 -9999.00 -9999.00 -9999.00 317.86 5.50 0.00
0.00 17969.17
70.60 -59.46 -9999.00 -9999.00 -9999.00 57.09 3.92 0.00
0.00 18825.92
62.20 -58.96 -9999.00 -9999.00 -9999.00 90.00 6.22 0.00
0.00 19619.20
54.30 -58.06 -9999.00 -9999.00 -9999.00 78.69 6.93 0.00
0.00 20472.59
46.90 -57.26 -9999.00 -9999.00 -9999.00 65.16 11.56 0.00
0.00 21396.71
40.10 -55.86 -9999.00 -9999.00 -9999.00 62.24 16.69 0.00
0.00 22389.80
33.80 -53.26 -9999.00 -9999.00 -9999.00 66.73 21.15 0.00
0.00 23483.40
27.80 -50.86 -9999.00 -9999.00 -9999.00 77.62 24.46 0.00
0.00 24748.11
22.30 -47.66 -9999.00 -9999.00 -9999.00 85.20 25.54 0.00
0.00 26192.84
17.10 -44.16 -9999.00 -9999.00 -9999.00 76.84 24.73 0.00
0.00 27958.90
12.30 -41.66 -9999.00 -9999.00 -9999.00 72.98 29.86 0.00
0.00 30179.41

STID = KMDW STNM = 725340 TIME = 200808/0800 
SLAT = 41.78 SLON = -87.75 SELV = 183.0
STIM = 6

SHOW = 7.19 LIFT = 9.13 SWET = 74.00 KINX = 16.94
LCLP = 944.50 PWAT = 24.10 TOTL = 37.09 CAPE = 0.00
LCLT = 287.59 CINS = 0.00 EQLV = -9999.00 LFCT = -9999.00
BRCH = 0.00

PRES TMPC TMWC DWPC THTE DRCT SKNT OMEG
CFRL HGHT
997.20 18.94 16.63 15.29 323.95 165.26 3.81 0.00
0.00 192.49
994.20 20.04 15.90 13.38 321.92 167.74 13.71 0.00
0.00 218.46
988.80 22.14 15.33 10.87 320.67 167.11 16.53 0.00
0.00 265.62
979.30 22.64 14.75 9.32 319.97 167.95 17.68 -0.10
0.00 349.54
965.50 21.84 14.10 8.65 319.74 172.87 17.23 -0.10
0.00 472.80
947.60 20.64 13.29 7.98 319.59 177.31 16.53 -0.20
0.00 634.77
926.30 19.24 11.64 5.62 317.46 175.49 14.80 -0.10
0.00 830.59
903.00 18.04 9.22 0.77 313.57 170.94 13.58 -0.10
0.00 1048.89
877.80 16.94 7.98 -1.21 313.49 177.80 10.10 -0.10
0.00 1290.30
849.60 16.14 9.48 4.08 321.63 181.97 5.63 -0.20
0.00 1568.03
818.40 15.54 11.83 9.50 333.63 261.47 3.92 -0.20
0.00 1885.98
784.20 13.14 10.05 8.00 333.36 273.18 7.01 -0.20
0.00 2247.13
747.00 10.34 6.73 3.89 329.27 281.89 11.31 -0.10
0.00 2654.29
707.00 7.24 2.03 -3.60 322.89 289.98 15.91 0.00
0.00 3109.99
664.00 4.04 -2.33 -12.12 319.18 304.38 17.89 0.00
0.00 3623.06
618.20 1.34 -5.55 -19.55 319.51 310.88 17.21 -0.10
0.00 4200.75
570.00 -1.56 -9.01 -33.23 320.45 297.26 14.41 -0.10
0.00 4849.87
523.30 -5.86 -12.40 -40.70 322.45 272.45 13.62 -0.10
0.00 5524.18
481.20 -10.66 -15.93 -41.96 324.30 264.22 15.42 -0.10
0.00 6174.58
443.50 -14.76 -18.90 -38.85 327.14 269.36 17.48 0.00
0.00 6796.64
409.60 -18.46 -21.22 -32.20 331.07 273.41 16.34 0.10
0.00 7393.92
378.90 -22.76 -23.94 -28.14 334.13 283.19 12.76 0.10
0.00 7970.12
351.20 -26.56 -27.75 -33.46 335.02 284.53 16.26 0.10
0.00 8522.59
326.40 -30.46 -31.05 -34.21 336.70 282.99 23.33 0.00
5.00 9047.21
303.90 -33.76 -34.48 -39.73 338.04 274.29 31.16 0.00
2.00 9551.31
283.80 -37.26 -37.92 -44.43 339.13 266.92 36.19 0.00
0.00 10027.40
265.70 -40.86 -41.15 -44.35 340.38 262.77 40.13 0.00
2.00 10479.05
248.80 -44.26 -44.38 -45.99 341.64 263.63 43.78 0.00
100.00 10922.70
233.60 -47.36 -47.55 -51.06 342.74 268.44 42.95 -0.10
100.00 11342.25
219.60 -49.86 -50.19 -60.55 344.56 275.38 37.26 0.00
23.00 11748.48
205.70 -52.66 -52.96 -67.88 346.52 282.90 35.66 0.00
0.00 12173.19
191.70 -55.06 -55.30 -68.39 349.72 287.20 34.17 0.00
0.00 12625.64
177.70 -57.46 -57.67 -73.70 353.40 286.96 33.31 0.00
0.00 13107.10
163.80 -59.56 -59.73 -74.24 358.20 291.35 36.29 0.00
0.00 13618.84
149.80 -61.66 -61.80 -74.84 363.85 303.69 34.32 0.00
0.00 14174.69
135.90 -63.06 -63.18 -75.48 371.64 301.78 21.02 0.00
0.00 14775.55
121.90 -64.26 -9999.00 -9999.00 -9999.00 267.25 24.30 0.00
0.00 15442.22
108.00 -64.76 -9999.00 -9999.00 -9999.00 284.24 26.85 0.00
0.00 16181.62
94.00 -62.76 -9999.00 -9999.00 -9999.00 305.19 18.53 0.00
0.00 17032.57
81.00 -60.56 -9999.00 -9999.00 -9999.00 311.50 6.74 0.00
0.00 17954.01
70.60 -59.36 -9999.00 -9999.00 -9999.00 10.01 3.36 0.00
0.00 18811.56
62.20 -59.06 -9999.00 -9999.00 -9999.00 68.75 3.75 0.00
0.00 19604.84
54.30 -58.56 -9999.00 -9999.00 -9999.00 47.60 6.04 0.00
0.00 20457.04
46.90 -57.56 -9999.00 -9999.00 -9999.00 53.84 12.51 0.00
0.00 21379.45
40.10 -56.36 -9999.00 -9999.00 -9999.00 66.89 15.83 0.00
0.00 22370.70
33.80 -53.56 -9999.00 -9999.00 -9999.00 76.96 18.94 0.00
0.00 23462.29
27.80 -51.36 -9999.00 -9999.00 -9999.00 90.52 21.37 0.00
0.00 24724.72
22.30 -48.46 -9999.00 -9999.00 -9999.00 86.91 21.60 0.00
0.00 26165.26
17.10 -44.56 -9999.00 -9999.00 -9999.00 74.36 25.21 0.00
0.00 27926.65
12.30 -41.86 -9999.00 -9999.00 -9999.00 66.45 33.06 0.00
0.00 30144.27

STID = KMDW STNM = 725340 TIME = 200808/0900 
SLAT = 41.78 SLON = -87.75 SELV = 183.0
STIM = 7

SHOW = 8.59 LIFT = 7.49 SWET = 53.39 KINX = 18.94
LCLP = 945.93 PWAT = 27.29 TOTL = 34.98 CAPE = 0.00
LCLT = 287.12 CINS = 0.00 EQLV = -9999.00 LFCT = -9999.00
BRCH = 0.00

PRES TMPC TMWC DWPC THTE DRCT SKNT OMEG
CFRL HGHT
997.30 18.34 16.12 14.79 322.27 163.61 3.44 0.00
0.00 192.47
994.30 19.24 15.60 13.35 320.96 171.63 13.34 0.00
0.00 218.37
988.90 20.74 15.57 12.33 321.50 171.67 16.10 0.00
0.00 265.36
979.40 22.04 15.47 11.27 322.33 173.25 18.18 0.00
0.00 349.04
965.50 21.44 14.98 10.79 322.57 180.64 17.48 0.00
0.00 473.06
947.60 20.14 14.25 10.38 322.65 188.31 17.46 0.00
0.00 634.89
926.30 18.74 12.82 8.65 321.05 193.36 15.97 -0.10
0.00 830.54
903.00 17.54 10.09 3.71 316.08 188.75 12.78 -0.20
0.00 1048.62
877.80 16.54 7.80 -1.21 313.05 188.58 10.41 -0.20
0.00 1289.74
849.60 15.54 8.47 2.20 318.73 189.73 6.90 -0.30
0.00 1566.93
818.40 14.74 10.87 8.28 330.52 228.81 4.14 -0.40
0.00 1883.96
784.20 12.74 10.29 8.70 334.14 253.50 5.48 -0.40
0.00 2244.33
747.00 10.04 7.71 6.02 332.20 271.22 9.13 -0.30
0.00 2651.18
707.00 6.94 3.54 0.44 326.91 284.83 13.66 -0.20
0.00 3106.74
664.00 3.84 -1.42 -8.36 321.42 304.65 16.06 -0.10
0.00 3619.69
618.20 0.74 -4.42 -12.47 322.22 314.56 17.99 -0.10
0.00 4196.88
570.00 -2.26 -8.93 -26.98 320.78 306.29 15.42 0.00
0.00 4844.72
523.20 -6.26 -12.56 -38.27 322.20 279.61 12.80 0.00
0.00 5519.24
481.10 -10.66 -15.85 -39.83 324.51 266.95 14.59 0.10
0.00 6169.30
443.50 -14.36 -18.41 -35.53 328.09 270.64 17.48 0.10
0.00 6790.28
409.60 -18.26 -20.75 -29.56 331.98 269.31 16.12 0.20
0.00 7388.32
378.90 -22.76 -23.90 -27.92 334.20 266.86 14.20 0.10
0.00 7964.78
351.20 -26.76 -27.64 -31.57 335.22 270.64 17.48 0.10
0.00 8517.05
326.40 -30.46 -31.07 -34.37 336.66 277.92 22.55 0.00
15.00 9041.47
303.90 -34.06 -34.58 -38.16 337.88 272.79 31.90 0.00
5.00 9545.27
283.80 -37.56 -38.00 -41.93 339.01 265.14 36.65 -0.10
0.00 10020.79
265.60 -41.16 -41.36 -43.42 340.10 263.39 40.48 -0.10
100.00 10474.44
248.80 -44.46 -44.69 -47.99 341.14 263.84 41.61 -0.10
100.00 10915.07
233.60 -47.06 -47.42 -55.36 342.94 269.37 35.55 -0.10
33.00 11334.70
219.60 -49.56 -49.95 -64.44 344.93 276.73 31.49 0.00
0.00 11741.46
205.70 -52.46 -52.77 -67.88 346.83 282.12 32.38 0.00
0.00 12166.65
191.70 -54.86 -55.10 -68.39 350.04 286.14 32.15 0.00
0.00 12619.52
177.70 -56.96 -57.18 -73.70 354.22 283.87 31.60 0.00
0.00 13101.75
163.80 -59.26 -59.44 -74.24 358.70 285.95 33.94 0.00
0.00 13614.45
149.80 -61.36 -9999.00 -9999.00 -9999.00 296.87 32.67 0.00
0.00 14171.08
135.90 -63.36 -63.48 -75.48 371.11 294.99 22.07 0.00
0.00 14771.94
121.90 -64.56 -9999.00 -9999.00 -9999.00 274.90 27.29 0.00
0.00 15437.65
108.00 -64.66 -9999.00 -9999.00 -9999.00 291.04 29.76 0.00
0.00 16176.69
94.00 -62.96 -9999.00 -9999.00 -9999.00 310.10 19.31 0.00
0.00 17027.44
81.00 -60.96 -9999.00 -9999.00 -9999.00 310.43 6.90 0.00
0.00 17947.58
70.60 -60.06 -9999.00 -9999.00 -9999.00 22.38 3.57 0.00
0.00 18802.91
62.20 -59.66 -9999.00 -9999.00 -9999.00 69.23 6.02 0.00
0.00 19593.78
54.30 -58.66 -9999.00 -9999.00 -9999.00 49.76 9.93 0.00
0.00 20444.60
46.90 -56.96 -9999.00 -9999.00 -9999.00 59.84 16.63 0.00
0.00 21368.07
40.10 -55.16 -9999.00 -9999.00 -9999.00 77.47 17.91 0.00
0.00 22363.45
33.80 -52.66 -9999.00 -9999.00 -9999.00 92.34 19.06 0.00
0.00 23460.30
27.80 -50.96 -9999.00 -9999.00 -9999.00 98.21 19.04 0.00
0.00 24726.44
22.30 -47.86 -9999.00 -9999.00 -9999.00 83.90 20.12 0.00
0.00 26170.20
17.10 -44.56 -9999.00 -9999.00 -9999.00 68.90 26.44 0.00
0.00 27933.94
12.30 -42.06 -9999.00 -9999.00 -9999.00 60.33 35.31 0.00
0.00 30150.59

STID = KMDW STNM = 725340 TIME = 200808/1000 
SLAT = 41.78 SLON = -87.75 SELV = 183.0
STIM = 8

SHOW = 8.48 LIFT = 7.43 SWET = 62.32 KINX = 20.87
LCLP = 953.56 PWAT = 30.21 TOTL = 35.11 CAPE = 0.00
LCLT = 287.41 CINS = 0.00 EQLV = -9999.00 LFCT = -9999.00
BRCH = 0.00

PRES TMPC TMWC DWPC THTE DRCT SKNT OMEG
CFRL HGHT
998.20 18.04 16.12 14.97 322.16 156.37 3.40 0.00
0.00 192.45
995.30 19.04 15.89 13.99 321.78 174.64 12.49 0.00
0.00 217.45
989.80 21.04 16.26 13.41 323.65 176.28 15.00 0.10
0.00 265.29
980.30 22.14 16.01 12.25 323.99 181.97 16.92 0.10
0.00 348.97
966.40 21.54 14.96 10.69 322.41 185.25 16.98 0.10
0.00 472.94
948.50 20.34 13.69 9.08 320.74 188.94 17.50 0.10
0.00 634.66
927.10 18.94 12.36 7.52 319.54 196.57 17.02 0.00
0.00 831.11
903.90 17.44 11.22 6.45 319.25 203.20 13.31 -0.10
0.00 1048.14
878.60 16.34 9.04 2.54 316.39 204.62 10.26 0.00
0.00 1290.03
850.40 15.24 8.56 2.74 318.90 203.81 7.23 0.00
0.00 1566.84
819.10 14.14 10.19 7.43 328.31 226.55 5.09 0.00
0.00 1884.09
784.90 12.34 10.04 8.52 333.22 241.56 5.30 -0.10
0.00 2243.44
747.70 9.94 7.94 6.51 332.78 258.96 8.12 -0.10
0.00 2649.58
707.60 6.94 4.41 2.27 329.20 281.31 11.89 0.00
0.00 3105.94
664.50 3.94 -0.83 -6.69 322.77 304.74 14.67 0.10
0.00 3619.95
618.60 0.44 -1.75 -4.15 328.59 318.76 18.86 0.10
0.00 4198.23
570.20 -2.76 -6.71 -13.01 325.84 313.09 16.49 0.10
0.00 4848.26
523.40 -6.36 -12.56 -36.91 322.19 285.48 13.09 0.10
0.00 5522.14
481.30 -10.36 -15.56 -38.06 325.02 272.15 15.56 0.00
0.00 6172.20
443.60 -14.16 -18.09 -33.36 328.68 270.00 18.84 0.00
0.00 6795.26
409.70 -18.26 -20.87 -30.51 331.71 261.44 18.26 0.00
0.00 7393.39
378.90 -22.76 -24.22 -29.87 333.60 256.28 17.19 0.00
0.00 7971.62
351.30 -26.96 -27.62 -30.43 335.24 260.34 18.53 0.00
0.00 8521.58
326.40 -30.66 -31.24 -34.37 336.38 274.89 22.80 0.00
2.00 9047.63
304.00 -34.46 -34.79 -36.97 337.50 272.12 31.49 -0.10
100.00 9548.49
283.80 -38.06 -38.30 -40.38 338.52 265.34 35.86 0.00
100.00 10025.40
265.70 -41.56 -41.76 -44.03 339.40 262.80 38.77 0.00
100.00 10475.62
248.80 -44.36 -44.74 -51.11 341.05 264.23 34.75 0.00
37.00 10918.49
233.60 -46.56 -47.07 -61.80 343.49 271.92 28.96 0.00
0.00 11338.66
219.60 -49.26 -49.69 -67.41 345.35 277.70 29.00 -0.10
0.00 11746.13
205.70 -52.06 -52.39 -67.88 347.46 280.82 31.04 -0.10
0.00 12171.99
191.70 -54.26 -54.55 -73.19 350.96 283.69 31.20 0.00
0.00 12625.89
177.70 -56.36 -56.60 -73.70 355.20 281.52 31.12 0.00
0.00 13109.45
163.80 -58.76 -58.95 -74.24 359.54 281.70 33.53 0.00
0.00 13623.46
149.80 -61.26 -9999.00 -9999.00 -9999.00 290.28 32.52 0.00
0.00 14180.88
135.90 -63.46 -63.58 -75.48 370.93 288.87 24.01 0.00
0.00 14781.74
121.90 -64.86 -9999.00 -9999.00 -9999.00 279.20 27.95 0.00
0.00 15446.81
108.00 -64.26 -9999.00 -9999.00 -9999.00 298.33 28.24 0.00
0.00 16186.03
94.00 -62.56 -9999.00 -9999.00 -9999.00 315.00 16.76 0.00
0.00 17038.40
81.00 -60.66 -9999.00 -9999.00 -9999.00 294.78 5.56 0.00
0.00 17960.06
70.60 -60.16 -9999.00 -9999.00 -9999.00 14.04 1.59 0.00
0.00 18815.80
62.20 -59.36 -9999.00 -9999.00 -9999.00 75.96 4.80 0.00
0.00 19607.04
54.30 -57.86 -9999.00 -9999.00 -9999.00 54.93 11.15 0.00
0.00 20460.04
46.90 -56.16 -9999.00 -9999.00 -9999.00 69.23 18.07 0.00
0.00 21386.95
40.10 -53.96 -9999.00 -9999.00 -9999.00 83.53 18.96 0.00
0.00 22386.92
33.80 -52.36 -9999.00 -9999.00 -9999.00 95.30 18.92 0.00
0.00 23487.51
27.80 -50.36 -9999.00 -9999.00 -9999.00 88.64 16.32 0.00
0.00 24756.23
22.30 -47.16 -9999.00 -9999.00 -9999.00 77.86 18.47 0.00
0.00 26204.19
17.10 -44.56 -9999.00 -9999.00 -9999.00 72.54 25.25 0.00
0.00 27970.64
12.30 -42.26 -9999.00 -9999.00 -9999.00 76.26 35.99 0.00
0.00 30186.33

STID = KMDW STNM = 725340 TIME = 200808/1100 
SLAT = 41.78 SLON = -87.75 SELV = 183.0
STIM = 9

SHOW = 6.13 LIFT = 7.53 SWET = 102.98 KINX = 23.21
LCLP = 961.16 PWAT = 32.30 TOTL = 38.59 CAPE = 0.00
LCLT = 287.72 CINS = 0.00 EQLV = -9999.00 LFCT = -9999.00
BRCH = 0.00

PRES TMPC TMWC DWPC THTE DRCT SKNT OMEG
CFRL HGHT
998.70 17.74 16.14 15.17 322.15 161.57 4.29 0.00
0.00 192.44
995.70 18.64 15.97 14.37 322.00 172.87 14.10 0.00
0.00 218.26
990.20 20.64 16.22 13.59 323.48 174.75 16.98 0.00
0.00 266.02
980.70 21.94 15.60 11.60 322.61 180.00 19.04 0.00
0.00 349.58
966.80 21.64 14.26 9.14 320.08 182.98 18.67 0.00
0.00 473.43
948.90 20.44 13.36 8.29 319.65 188.84 17.70 -0.10
0.00 635.08
927.60 19.04 12.36 7.42 319.45 198.22 16.16 0.00
0.00 830.55
904.30 17.94 11.61 6.88 320.35 206.20 13.64 0.00
0.00 1048.64
879.00 16.54 10.72 6.30 321.19 210.62 11.05 0.00
0.00 1290.84
850.70 15.14 9.93 5.96 322.84 207.15 8.51 0.10
0.00 1568.82
819.50 14.14 10.45 7.93 329.07 212.74 6.47 0.20
0.00 1885.03
785.20 12.44 9.77 7.97 332.32 223.78 6.45 0.10
0.00 2245.34
748.00 10.24 7.46 5.41 331.29 249.15 8.72 0.20
0.00 2651.49
707.90 7.34 4.21 1.51 328.61 281.31 11.89 0.20
0.00 3108.09
664.80 4.34 -0.41 -6.07 323.72 303.69 14.70 0.20
0.00 3622.59
618.90 0.34 -0.11 -0.55 332.72 323.62 18.34 0.10
0.00 4201.19
570.40 -3.36 -4.35 -5.51 331.34 320.62 16.84 0.10
4.00 4852.11
523.50 -6.66 -12.07 -27.90 323.34 295.02 12.86 0.00
0.00 5526.61
481.30 -10.46 -15.66 -38.73 324.83 274.34 15.38 0.00
0.00 6177.75
443.60 -14.06 -18.15 -34.83 328.56 266.04 19.66 0.00
0.00 6800.78
409.70 -18.46 -21.29 -32.87 330.91 256.76 20.36 0.00
0.00 7398.76
378.90 -23.06 -24.55 -30.51 333.02 246.04 19.13 0.00
0.00 7976.38
351.30 -27.06 -27.60 -29.84 335.28 253.12 18.07 0.00
33.00 8525.90
326.40 -30.66 -31.17 -33.90 336.49 270.94 23.70 0.00
85.00 9051.86
304.00 -34.46 -34.83 -37.35 337.43 269.64 31.08 -0.10
100.00 9552.72
283.80 -38.26 -38.46 -40.15 338.27 265.39 36.25 -0.10
100.00 10029.43
265.70 -41.76 -41.97 -44.35 339.06 263.20 37.76 -0.10
100.00 10479.26
248.80 -44.16 -44.70 -55.81 341.10 265.99 30.57 -0.10
2.00 10922.12
233.60 -46.46 -47.02 -66.97 343.55 272.29 29.16 -0.10
0.00 11342.55
219.60 -49.46 -49.88 -67.41 345.04 273.69 30.17 -0.10
0.00 11749.94
205.70 -52.16 -52.48 -67.88 347.31 277.08 31.51 -0.10
0.00 12175.51
191.70 -54.26 -54.52 -68.39 351.00 280.53 30.83 -0.10
0.00 12629.31
177.70 -56.26 -56.50 -73.70 355.37 280.51 29.84 -0.10
0.00 13112.98
163.80 -58.96 -59.14 -74.24 359.21 279.46 31.90 0.00
0.00 13626.87
149.80 -61.76 -9999.00 -9999.00 -9999.00 285.02 32.98 0.00
0.00 14183.37
135.90 -63.76 -9999.00 -9999.00 -9999.00 286.78 25.56 0.00
0.00 14783.09
121.90 -64.86 -9999.00 -9999.00 -9999.00 276.61 26.98 0.00
0.00 15447.69
108.00 -63.76 -9999.00 -9999.00 -9999.00 300.44 25.68 0.00
0.00 16187.79
94.00 -62.56 -9999.00 -9999.00 -9999.00 315.00 14.57 0.00
0.00 17041.18
81.00 -60.96 -9999.00 -9999.00 -9999.00 283.63 6.60 0.00
0.00 17962.19
70.60 -60.56 -9999.00 -9999.00 -9999.00 333.43 1.30 0.00
0.00 18816.51
62.20 -59.26 -9999.00 -9999.00 -9999.00 82.87 3.13 0.00
0.00 19607.20
54.30 -57.66 -9999.00 -9999.00 -9999.00 60.52 10.26 0.00
0.00 20460.80
46.90 -56.36 -9999.00 -9999.00 -9999.00 76.14 15.40 0.00
0.00 21387.70
40.10 -54.36 -9999.00 -9999.00 -9999.00 84.62 16.59 0.00
0.00 22386.30
33.80 -53.36 -9999.00 -9999.00 -9999.00 90.75 14.76 0.00
0.00 23483.39
27.80 -50.96 -9999.00 -9999.00 -9999.00 75.96 14.41 0.00
0.00 24747.53
22.30 -48.26 -9999.00 -9999.00 -9999.00 73.19 19.48 0.00
0.00 26190.01
17.10 -45.86 -9999.00 -9999.00 -9999.00 72.72 27.47 0.00
0.00 27947.13
12.30 -42.76 -9999.00 -9999.00 -9999.00 76.83 37.51 0.00
0.00 30154.14

STID = KMDW STNM = 725340 TIME = 200808/1200 
SLAT = 41.78 SLON = -87.75 SELV = 183.0
STIM = 10

SHOW = 3.89 LIFT = 6.75 SWET = 131.59 KINX = 25.20
LCLP = 953.55 PWAT = 34.03 TOTL = 41.79 CAPE = 0.00
LCLT = 287.62 CINS = 0.00 EQLV = -9999.00 LFCT = -9999.00
BRCH = 0.00

PRES TMPC TMWC DWPC THTE DRCT SKNT OMEG
CFRL HGHT
999.20 18.34 16.37 15.20 322.84 164.05 4.23 0.00
0.00 192.45
996.20 18.74 15.84 14.08 321.50 170.54 14.18 0.00
0.00 218.29
990.70 19.14 15.53 13.30 321.19 171.20 16.51 0.00
0.00 265.91
981.30 21.54 15.05 10.78 320.75 174.85 21.64 0.00
0.00 348.25
967.40 21.44 14.23 9.25 319.95 179.43 19.42 -0.10
0.00 471.89
949.50 20.44 13.85 9.34 321.13 190.66 16.80 -0.10
0.00 633.41
928.10 19.34 13.00 8.54 321.33 202.50 14.72 0.00
0.00 829.86
904.80 18.34 12.35 8.11 322.50 211.39 13.42 0.00
0.00 1048.16
879.40 16.74 11.99 8.75 325.00 213.69 11.21 0.10
0.00 1291.59
851.10 15.34 11.14 8.25 326.46 208.14 9.48 0.20
0.00 1569.83
819.80 14.44 10.77 8.31 330.01 211.18 8.62 0.20
0.00 1887.32
785.60 12.74 9.49 7.24 331.36 220.97 9.77 0.10
0.00 2246.78
748.30 10.64 7.02 4.23 329.92 242.93 9.81 0.00
0.00 2654.21
708.20 7.84 4.03 0.64 328.04 280.56 11.65 0.10
0.00 3111.22
665.10 4.74 0.56 -3.94 326.13 308.78 13.95 0.10
0.00 3626.36
619.10 0.54 0.00 -0.52 332.97 331.53 18.34 0.10
0.00 4206.74
570.60 -3.26 -4.42 -5.78 331.14 331.65 16.78 0.00
4.00 4857.79
523.60 -7.36 -9.87 -14.15 328.14 310.79 13.09 0.00
0.00 5533.12
481.40 -10.56 -15.43 -33.78 325.34 280.44 15.02 0.00
0.00 6183.51
443.70 -14.36 -18.41 -35.52 328.05 269.43 19.62 -0.10
0.00 6805.97
409.70 -18.76 -21.27 -30.80 330.98 254.20 21.41 0.00
0.00 7404.96
379.00 -23.26 -24.16 -27.30 333.72 245.34 20.94 0.00
0.00 7980.13
351.30 -26.86 -27.48 -30.07 335.49 251.92 20.03 0.00
6.00 8531.61
326.40 -30.76 -31.38 -34.85 336.14 266.77 24.13 0.00
3.00 9057.66
304.00 -34.56 -35.07 -38.80 337.02 269.31 32.05 0.00
4.00 9558.30
283.80 -38.36 -38.57 -40.38 338.09 262.12 38.25 0.00
100.00 10034.79
265.70 -41.76 -42.11 -46.55 338.83 262.05 35.10 0.00
100.00 10484.52
248.80 -43.86 -44.52 -61.32 341.38 267.43 30.34 -0.10
0.00 10927.65
233.60 -46.66 -47.21 -66.97 343.25 270.73 30.50 0.00
0.00 11348.17
219.60 -49.66 -50.05 -64.44 344.78 270.36 31.27 0.00
0.00 11755.19
205.70 -52.16 -52.48 -67.88 347.31 272.49 31.31 0.00
0.00 12180.57
191.70 -54.06 -54.33 -68.39 351.32 277.67 30.57 0.00
0.00 12634.58
177.70 -56.26 -56.50 -73.70 355.37 279.21 29.12 0.00
0.00 13118.48
163.80 -59.06 -59.24 -74.24 359.04 276.01 29.68 0.00
0.00 13632.24
149.80 -61.96 -9999.00 -9999.00 -9999.00 279.52 31.70 0.00
0.00 14188.35
135.90 -63.86 -9999.00 -9999.00 -9999.00 283.19 25.54 0.00
0.00 14787.64
121.90 -64.86 -9999.00 -9999.00 -9999.00 277.23 26.24 0.00
0.00 15452.08
108.00 -63.86 -9999.00 -9999.00 -9999.00 302.93 24.30 0.00
0.00 16192.01
94.00 -63.06 -9999.00 -9999.00 -9999.00 313.26 13.60 0.00
0.00 17044.18
81.00 -61.26 -9999.00 -9999.00 -9999.00 279.21 7.28 0.00
0.00 17963.44
70.60 -60.76 -9999.00 -9999.00 -9999.00 315.00 0.54 0.00
0.00 18816.76
62.20 -59.36 -9999.00 -9999.00 -9999.00 77.47 1.79 0.00
0.00 19606.89
54.30 -57.86 -9999.00 -9999.00 -9999.00 53.81 9.87 0.00
0.00 20459.90
46.90 -56.96 -9999.00 -9999.00 -9999.00 68.66 13.34 0.00
0.00 21385.09
40.10 -55.66 -9999.00 -9999.00 -9999.00 75.26 15.27 0.00
0.00 22379.32
33.80 -54.36 -9999.00 -9999.00 -9999.00 73.56 12.35 0.00
0.00 23470.66
27.80 -51.16 -9999.00 -9999.00 -9999.00 67.09 14.98 0.00
0.00 24731.37
22.30 -48.26 -9999.00 -9999.00 -9999.00 76.73 21.15 0.00
0.00 26173.20
17.10 -45.66 -9999.00 -9999.00 -9999.00 77.55 28.85 0.00
0.00 27931.10
12.30 -42.76 -9999.00 -9999.00 -9999.00 75.17 37.18 0.00
0.00 30139.07

STID = KMDW STNM = 725340 TIME = 200808/1300 
SLAT = 41.78 SLON = -87.75 SELV = 183.0
STIM = 11

SHOW = 2.37 LIFT = 5.62 SWET = 147.99 KINX = 26.95
LCLP = 920.67 PWAT = 35.58 TOTL = 44.03 CAPE = 0.00
LCLT = 286.67 CINS = 0.00 EQLV = -9999.00 LFCT = -9999.00
BRCH = 0.00

PRES TMPC TMWC DWPC THTE DRCT SKNT OMEG
CFRL HGHT
998.40 20.24 16.78 14.78 324.27 170.84 6.10 0.00
0.00 193.38
995.50 20.04 16.21 13.93 322.78 172.01 11.19 0.00
0.00 218.51
990.00 19.64 15.81 13.49 322.19 172.87 12.53 0.00
0.00 266.31
980.60 21.04 14.91 10.88 320.43 177.11 19.25 0.00
0.00 348.72
966.70 21.24 14.11 9.14 319.65 178.36 20.40 0.00
0.00 472.30
948.80 20.34 14.15 10.02 322.15 189.16 18.30 -0.10
0.00 633.87
927.50 19.44 13.71 9.92 323.66 202.22 14.90 -0.10
0.00 829.60
904.10 18.34 13.52 10.43 326.31 212.40 11.97 0.00
0.00 1049.17
878.80 17.04 12.86 10.18 327.83 215.66 10.99 0.10
0.00 1292.09
850.50 15.74 11.90 9.40 328.94 214.25 11.05 0.20
0.00 1570.99
819.20 14.44 10.92 8.59 330.58 218.21 11.62 0.10
0.00 1889.02
785.00 12.74 9.30 6.89 330.87 226.85 12.78 0.10
0.00 2248.74
747.80 10.74 6.82 3.74 329.41 241.56 10.61 0.10
0.00 2655.39
707.80 8.14 4.08 0.44 328.21 281.13 12.08 0.10
0.00 3111.82
664.80 4.74 1.14 -2.50 327.68 308.11 12.59 0.10
0.00 3626.37
618.80 0.84 -0.28 -1.38 332.27 337.96 17.60 0.10
0.00 4207.36
570.30 -3.46 -4.71 -6.21 330.51 335.43 14.96 0.10
0.00 4858.76
523.40 -7.66 -9.05 -11.13 329.99 316.30 12.08 0.10
2.00 5532.44
481.30 -10.96 -14.78 -25.42 326.79 290.82 14.76 0.00
0.00 6180.87
443.60 -14.76 -17.91 -28.06 329.13 275.83 19.13 0.00
0.00 6802.69
409.60 -18.86 -20.82 -27.19 331.90 259.82 23.10 0.00
0.00 7401.37
378.90 -23.36 -24.31 -27.71 333.47 250.13 24.57 0.00
0.00 7976.50
351.20 -27.16 -27.68 -29.84 335.18 249.97 22.13 -0.10
42.00 8527.69
326.40 -30.96 -31.72 -36.26 335.56 262.71 24.48 -0.10
0.00 9051.15
303.90 -34.76 -35.20 -38.37 336.85 264.43 32.01 -0.10
4.00 9553.68
283.80 -38.66 -38.91 -41.13 337.54 256.96 37.88 -0.10
100.00 10027.39
265.60 -41.46 -42.05 -51.19 338.94 258.82 33.06 -0.10
10.00 10479.66
248.80 -43.96 -44.63 -63.51 341.18 266.57 32.50 -0.10
0.00 10920.44
233.60 -46.76 -47.28 -63.98 343.14 265.50 32.15 -0.10
0.00 11340.77
219.60 -49.46 -49.86 -64.44 345.09 264.61 31.02 0.00
0.00 11747.89
205.70 -51.76 -52.10 -67.88 347.93 268.58 31.27 0.00
0.00 12173.84
191.70 -53.66 -53.95 -68.39 351.97 275.75 31.04 0.00
0.00 12628.67
177.70 -55.96 -56.21 -73.70 355.86 275.33 29.27 0.00
0.00 13113.35
163.80 -58.76 -58.95 -74.24 359.54 271.48 30.13 0.00
0.00 13627.83
149.80 -61.56 -61.70 -74.84 364.02 275.61 31.82 0.00
0.00 14184.86
135.90 -63.36 -9999.00 -9999.00 -9999.00 283.65 27.99 0.00
0.00 14785.43
121.90 -64.46 -9999.00 -9999.00 -9999.00 283.15 27.33 0.00
0.00 15451.30
108.00 -64.26 -9999.00 -9999.00 -9999.00 304.22 23.48 0.00
0.00 16191.23
94.00 -63.66 -9999.00 -9999.00 -9999.00 306.50 12.08 0.00
0.00 17041.36
81.00 -61.86 -9999.00 -9999.00 -9999.00 281.59 7.73 0.00
0.00 17958.02
70.60 -61.16 -9999.00 -9999.00 -9999.00 322.13 2.21 0.00
0.00 18809.33
62.20 -59.36 -9999.00 -9999.00 -9999.00 6.34 3.52 0.00
0.00 19598.71
54.30 -57.76 -9999.00 -9999.00 -9999.00 53.53 11.11 0.00
0.00 20451.92
46.90 -57.16 -9999.00 -9999.00 -9999.00 72.07 13.89 0.00
0.00 21376.89
40.10 -56.36 -9999.00 -9999.00 -9999.00 76.48 15.79 0.00
0.00 22369.06
33.80 -54.16 -9999.00 -9999.00 -9999.00 64.93 13.29 0.00
0.00 23459.15
27.80 -50.76 -9999.00 -9999.00 -9999.00 65.35 18.16 0.00
0.00 24721.58
22.30 -48.26 -9999.00 -9999.00 -9999.00 72.86 21.76 0.00
0.00 26164.70
17.10 -44.76 -9999.00 -9999.00 -9999.00 75.17 27.33 0.00
0.00 27926.10
12.30 -41.76 -9999.00 -9999.00 -9999.00 79.38 37.94 0.00
0.00 30143.23

STID = KMDW STNM = 725340 TIME = 200808/1400 
SLAT = 41.78 SLON = -87.75 SELV = 183.0
STIM = 12

SHOW = 0.93 LIFT = 4.09 SWET = 164.79 KINX = 28.59
LCLP = 883.26 PWAT = 36.93 TOTL = 45.91 CAPE = 0.00
LCLT = 285.69 CINS = 0.00 EQLV = -9999.00 LFCT = -9999.00
BRCH = 0.00

PRES TMPC TMWC DWPC THTE DRCT SKNT OMEG
CFRL HGHT
998.70 22.74 17.43 14.43 326.39 180.00 6.41 0.00
0.00 192.59
995.70 22.34 17.00 13.90 325.30 181.22 9.13 0.00
0.00 218.80
990.20 21.84 16.61 13.53 324.73 182.08 10.68 0.00
0.00 266.95
980.80 21.14 15.91 12.73 323.65 185.86 15.23 -0.10
0.00 349.70
966.90 21.04 14.80 10.72 321.83 189.04 17.31 -0.10
0.00 473.30
949.00 20.34 14.43 10.58 323.03 193.31 18.57 -0.10
0.00 634.84
927.60 19.24 14.65 11.84 326.71 206.88 15.89 -0.10
0.00 831.48
904.20 18.24 14.62 12.49 329.96 214.99 11.85 0.00
0.00 1051.07
878.90 17.14 13.85 11.88 331.07 221.47 11.15 0.00
0.00 1294.14
850.50 15.84 12.70 10.76 331.52 222.34 11.83 0.10
0.00 1574.26
819.20 14.34 11.36 9.45 331.99 225.00 12.92 0.10
0.00 1892.41
785.00 12.74 9.37 7.03 331.10 232.63 13.44 0.00
0.00 2252.14
747.80 10.94 6.80 3.52 329.33 244.32 11.21 0.00
0.00 2658.93
707.80 8.34 4.24 0.61 328.66 281.69 11.50 0.00
0.00 3115.68
664.80 4.94 1.33 -2.28 328.16 303.69 11.21 0.00
0.00 3630.62
618.80 0.94 -0.47 -1.87 331.78 341.82 13.69 0.00
0.00 4211.91
570.30 -3.46 -5.11 -7.17 329.57 332.20 12.08 0.10
0.00 4863.32
523.40 -7.66 -9.43 -12.21 329.16 311.38 10.88 0.10
0.00 5536.89
481.30 -11.36 -14.15 -20.59 328.11 295.46 13.56 0.10
0.00 6184.88
443.50 -14.86 -17.33 -24.05 330.33 278.30 18.84 0.10
0.00 6808.00
409.60 -18.86 -21.44 -31.56 330.70 267.21 23.91 0.10
0.00 7404.88
378.90 -23.56 -25.60 -36.19 331.13 253.22 25.56 0.10
0.00 7979.62
351.20 -27.56 -28.16 -30.80 334.35 244.26 24.15 0.00
100.00 8530.03
326.40 -31.06 -31.91 -37.25 335.24 255.26 22.90 0.00
0.00 9052.94
303.90 -34.96 -35.57 -40.48 336.23 257.35 31.06 0.00
7.00 9555.13
283.80 -38.66 -39.16 -44.43 337.12 255.11 34.77 0.00
58.00 10028.61
265.60 -41.16 -41.99 -60.81 339.01 259.42 32.81 0.00
0.00 10481.15
248.80 -43.86 -44.54 -63.51 341.33 263.21 32.87 0.00
0.00 10922.29
233.60 -46.46 -47.00 -63.98 343.59 265.29 33.14 0.00
0.00 11343.00
219.60 -48.76 -49.20 -64.44 346.17 265.91 32.71 0.00
0.00 11751.02
205.70 -51.16 -51.53 -67.88 348.88 269.65 31.86 0.00
0.00 12178.22
191.70 -53.56 -53.85 -68.39 352.13 274.26 31.35 0.00
0.00 12633.77
177.80 -55.86 -56.12 -73.70 355.97 272.54 30.73 0.00
0.00 13115.07
163.80 -58.46 -58.66 -74.24 360.04 269.66 32.44 0.00
0.00 13633.58
149.80 -61.06 -61.21 -74.84 364.88 275.47 32.60 0.00
0.00 14191.66
135.90 -63.36 -9999.00 -9999.00 -9999.00 286.94 30.67 0.00
0.00 14792.95
121.90 -64.76 -9999.00 -9999.00 -9999.00 287.26 26.85 -0.10
0.00 15458.34
108.00 -64.66 -9999.00 -9999.00 -9999.00 301.14 21.79 0.00
0.00 16197.03
94.00 -63.56 -9999.00 -9999.00 -9999.00 301.89 10.30 0.00
0.00 17046.55
81.00 -61.56 -9999.00 -9999.00 -9999.00 291.25 7.50 0.00
0.00 17964.08
70.60 -60.96 -9999.00 -9999.00 -9999.00 334.80 3.65 0.00
0.00 18816.39
62.20 -59.26 -9999.00 -9999.00 -9999.00 9.16 6.10 0.00
0.00 19606.34
54.30 -58.06 -9999.00 -9999.00 -9999.00 59.93 12.80 0.00
0.00 20459.14
46.90 -57.66 -9999.00 -9999.00 -9999.00 76.84 15.37 0.00
0.00 21382.40
40.10 -57.16 -9999.00 -9999.00 -9999.00 82.27 15.87 0.00
0.00 22371.59
33.80 -54.36 -9999.00 -9999.00 -9999.00 73.84 13.95 0.00
0.00 23459.18
27.80 -50.86 -9999.00 -9999.00 -9999.00 77.91 19.46 0.00
0.00 24720.75
22.30 -48.36 -9999.00 -9999.00 -9999.00 78.11 22.63 0.00
0.00 26163.22
17.10 -44.56 -9999.00 -9999.00 -9999.00 72.93 28.46 0.00
0.00 27925.01
12.30 -41.66 -9999.00 -9999.00 -9999.00 80.24 36.65 0.00
0.00 30143.59

STID = KMDW STNM = 725340 TIME = 200808/1500 
SLAT = 41.78 SLON = -87.75 SELV = 183.0
STIM = 13

SHOW = -0.25 LIFT = 2.49 SWET = 183.04 KINX = 30.23
LCLP = 845.79 PWAT = 38.63 TOTL = 47.14 CAPE = 0.00
LCLT = 284.55 CINS = 0.00 EQLV = -9999.00 LFCT = -9999.00
BRCH = 0.00

PRES TMPC TMWC DWPC THTE DRCT SKNT OMEG
CFRL HGHT
998.70 25.24 18.01 13.95 328.30 187.50 7.44 0.00
0.00 191.79
995.60 24.54 17.67 13.76 327.53 186.71 9.98 0.00
0.00 219.08
990.20 23.84 17.34 13.60 327.12 187.85 11.36 0.00
0.00 266.70
980.70 22.94 16.88 13.36 326.85 189.32 13.19 0.00
0.00 350.88
966.80 21.64 16.23 13.05 326.56 190.71 14.63 0.00
0.00 475.06
948.90 20.34 15.44 12.50 326.38 196.31 16.59 0.00
0.00 636.91
927.50 19.24 15.71 13.70 330.30 205.38 16.76 0.10
0.00 833.71
904.10 18.24 15.61 14.15 333.38 212.54 13.36 0.20
0.00 1053.48
878.70 17.24 14.89 13.57 334.68 220.40 11.99 0.30
0.00 1297.77
850.40 15.94 13.56 12.17 334.44 228.01 13.07 0.40
3.00 1577.23
819.10 14.64 11.77 9.97 333.33 234.55 14.06 0.30
3.00 1895.77
784.80 13.24 9.53 6.96 331.61 241.70 14.34 0.20
1.00 2257.14
747.70 11.24 6.85 3.37 329.49 249.34 12.67 0.20
0.00 2663.47
707.60 8.34 4.47 1.11 329.32 273.12 10.70 0.10
0.00 3121.72
664.60 5.04 1.07 -3.02 327.51 296.57 9.98 0.10
0.00 3636.90
618.70 0.94 -0.55 -2.03 331.60 345.14 9.85 0.10
0.00 4217.11
570.30 -3.46 -5.18 -7.34 329.40 331.78 9.03 0.10
0.00 4867.21
523.40 -7.36 -9.68 -13.52 328.60 310.10 9.65 0.10
0.00 5541.09
481.20 -11.36 -13.80 -19.05 328.86 294.59 12.61 0.00
0.00 6191.04
443.50 -14.96 -17.05 -22.36 330.89 281.43 18.63 0.00
0.00 6812.53
409.60 -18.96 -21.47 -31.25 330.64 271.91 23.33 0.00
0.00 7409.22
378.90 -23.46 -25.44 -35.35 331.41 259.30 25.10 0.00
0.00 7983.98
351.20 -27.76 -28.24 -30.31 334.21 246.80 25.16 -0.10
100.00 8534.29
326.30 -31.46 -32.22 -37.05 334.75 248.93 22.69 -0.20
3.00 9058.74
303.90 -35.26 -36.21 -46.20 335.15 251.93 28.81 -0.10
0.00 9558.03
283.80 -38.46 -39.35 -52.86 336.77 251.57 32.56 0.00
0.00 10031.36
265.60 -40.96 -41.83 -63.02 339.26 256.82 31.53 0.00
0.00 10484.27
248.80 -43.46 -44.17 -63.51 341.93 262.79 32.50 0.00
0.00 10925.99
233.60 -45.96 -46.53 -63.98 344.35 264.42 33.95 0.00
0.00 11347.52
219.60 -48.26 -48.75 -67.41 346.89 265.43 34.11 0.00
0.00 11756.44
205.70 -50.76 -51.15 -67.88 349.51 268.33 33.43 0.00
0.00 12184.50
191.70 -53.16 -53.49 -73.19 352.72 271.04 32.05 0.00
0.00 12640.88
177.80 -55.56 -55.83 -73.70 356.46 270.00 30.89 0.00
0.00 13122.95
163.80 -58.36 -58.56 -74.24 360.21 268.26 32.07 0.00
0.00 13641.94
149.80 -61.36 -61.50 -74.84 364.36 275.74 33.00 0.00
0.00 14199.75
135.90 -63.66 -9999.00 -9999.00 -9999.00 284.65 30.71 0.00
0.00 14800.19
121.90 -64.96 -9999.00 -9999.00 -9999.00 284.58 24.69 0.00
0.00 15464.79
108.00 -64.16 -9999.00 -9999.00 -9999.00 296.83 18.94 0.00
0.00 16204.00
94.00 -63.66 -9999.00 -9999.00 -9999.00 303.34 8.84 0.00
0.00 17054.34
81.00 -61.86 -9999.00 -9999.00 -9999.00 295.20 7.30 0.00
0.00 17971.00
70.60 -61.56 -9999.00 -9999.00 -9999.00 325.01 2.37 0.00
0.00 18821.50
62.20 -59.36 -9999.00 -9999.00 -9999.00 40.82 5.65 0.00
0.00 19610.15
54.30 -57.56 -9999.00 -9999.00 -9999.00 82.46 13.33 0.00
0.00 20463.75
46.90 -56.66 -9999.00 -9999.00 -9999.00 95.19 15.02 0.00
0.00 21390.22
40.10 -55.46 -9999.00 -9999.00 -9999.00 90.00 12.63 0.00
0.00 22385.60
33.80 -53.06 -9999.00 -9999.00 -9999.00 70.71 12.35 0.00
0.00 23480.70
27.80 -51.16 -9999.00 -9999.00 -9999.00 77.62 16.32 0.00
0.00 24745.12
22.30 -49.16 -9999.00 -9999.00 -9999.00 75.31 20.69 0.00
0.00 26184.05
17.10 -44.96 -9999.00 -9999.00 -9999.00 76.30 31.99 0.00
0.00 27941.17
12.30 -42.36 -9999.00 -9999.00 -9999.00 85.71 38.97 0.00
0.00 30154.45

STID = KMDW STNM = 725340 TIME = 200808/1600 
SLAT = 41.78 SLON = -87.75 SELV = 183.0
STIM = 14

SHOW = -1.08 LIFT = 0.77 SWET = 192.67 KINX = 30.62
LCLP = 837.00 PWAT = 40.00 TOTL = 48.08 CAPE = 0.00
LCLT = 285.39 CINS = 0.00 EQLV = -9999.00 LFCT = -9999.00
BRCH = 0.00

PRES TMPC TMWC DWPC THTE DRCT SKNT OMEG
CFRL HGHT
997.90 26.94 19.10 14.95 332.31 194.04 8.00 0.00
0.00 192.74
995.00 26.04 18.74 14.84 331.43 192.76 10.55 0.00
0.00 218.43
989.50 25.34 18.45 14.74 331.14 192.93 12.16 0.00
0.00 267.23
980.00 24.34 18.01 14.58 330.91 193.24 13.58 -0.10
0.00 351.93
966.10 22.94 17.42 14.39 330.75 193.85 14.61 -0.10
0.00 476.83
948.20 21.34 16.72 14.16 330.84 195.95 15.56 -0.10
0.00 639.53
926.80 19.74 16.34 14.49 332.62 203.55 16.53 -0.10
0.00 837.08
903.40 18.44 16.23 15.05 335.71 211.20 16.12 0.00
0.00 1057.37
878.10 16.94 15.60 14.86 337.31 216.42 14.72 0.00
10.00 1300.95
849.70 15.94 14.03 12.94 336.18 227.29 13.75 0.10
15.00 1581.60
818.40 15.24 11.84 9.71 333.66 243.43 13.03 0.10
4.00 1900.77
784.30 13.84 9.53 6.52 331.68 256.57 13.38 0.20
0.00 2261.01
747.20 11.64 7.11 3.56 330.31 259.22 12.45 0.20
0.00 2668.31
707.20 8.64 4.54 0.98 329.58 276.46 10.35 0.20
0.00 3126.27
664.20 5.44 1.04 -3.56 327.49 304.70 9.21 0.20
0.00 3642.35
618.40 1.04 -0.54 -2.11 331.68 348.18 8.53 0.20
0.00 4222.10
570.00 -3.46 -5.14 -7.24 329.56 327.09 7.87 0.10
0.00 4872.65
523.20 -7.26 -9.68 -13.72 328.63 311.19 8.26 0.00
0.00 5545.52
481.10 -11.56 -13.64 -17.91 329.23 295.20 10.96 -0.10
0.00 6194.03
443.40 -15.26 -17.09 -21.60 330.86 286.04 16.16 -0.10
0.00 6815.11
409.50 -19.26 -20.70 -25.03 332.16 281.09 20.18 -0.10
0.00 7411.35
378.80 -23.66 -25.03 -30.65 332.21 264.09 22.65 -0.10
0.00 7985.83
351.20 -27.96 -28.56 -31.31 333.66 250.56 24.51 -0.10
100.00 8533.82
326.30 -31.76 -32.56 -37.89 334.19 244.93 23.37 0.00
0.00 9057.72
303.90 -35.26 -36.44 -52.28 334.75 247.85 29.37 0.00
0.00 9556.67
283.80 -38.16 -39.20 -58.54 336.99 251.11 31.20 0.00
0.00 10030.28
265.60 -40.76 -41.65 -63.02 339.55 256.95 30.11 0.00
0.00 10483.67
248.80 -43.36 -44.08 -63.51 342.08 262.02 32.17 0.00
0.00 10925.67
233.60 -45.76 -46.35 -63.98 344.66 264.16 34.36 0.00
0.00 11347.48
219.60 -48.16 -48.65 -67.41 347.05 266.77 34.44 0.00
0.00 11756.68
205.70 -50.66 -51.05 -67.88 349.66 270.00 33.22 0.00
0.00 12184.93
191.70 -53.16 -53.49 -73.19 352.72 272.83 31.51 0.00
0.00 12641.41
177.70 -55.66 -55.92 -73.70 356.35 272.26 29.55 0.00
0.00 13126.97
163.80 -58.46 -58.66 -74.24 360.04 268.13 29.74 0.00
0.00 13642.16
149.80 -61.56 -61.70 -74.84 364.02 270.35 31.66 0.00
0.00 14199.58
135.90 -63.86 -9999.00 -9999.00 -9999.00 278.91 30.09 0.00
0.00 14799.44
121.90 -64.26 -9999.00 -9999.00 -9999.00 283.81 23.60 0.00
0.00 15464.84
108.00 -63.26 -9999.00 -9999.00 -9999.00 301.08 16.55 0.00
0.00 16206.89
94.00 -63.56 -9999.00 -9999.00 -9999.00 304.02 9.38 0.00
0.00 17059.26
81.00 -61.96 -9999.00 -9999.00 -9999.00 295.94 7.98 0.00
0.00 17975.91
70.60 -61.56 -9999.00 -9999.00 -9999.00 341.57 2.45 0.00
0.00 18826.22
62.20 -59.26 -9999.00 -9999.00 -9999.00 57.65 6.90 0.00
0.00 19615.05
54.30 -57.56 -9999.00 -9999.00 -9999.00 96.34 14.06 0.00
0.00 20468.85
46.90 -56.46 -9999.00 -9999.00 -9999.00 105.26 13.29 0.00
0.00 21395.75
40.10 -54.16 -9999.00 -9999.00 -9999.00 91.12 9.91 0.00
0.00 22394.57
33.80 -51.76 -9999.00 -9999.00 -9999.00 67.25 13.05 0.00
0.00 23496.17
27.80 -50.76 -9999.00 -9999.00 -9999.00 63.12 15.89 0.00
0.00 24765.46
22.30 -49.46 -9999.00 -9999.00 -9999.00 63.21 22.42 0.00
0.00 26204.70
17.10 -45.96 -9999.00 -9999.00 -9999.00 79.10 31.86 0.00
0.00 27956.78
12.30 -41.96 -9999.00 -9999.00 -9999.00 90.56 39.82 0.00
0.00 30167.16

STID = KMDW STNM = 725340 TIME = 200808/1700 
SLAT = 41.78 SLON = -87.75 SELV = 183.0
STIM = 15

SHOW = -2.02 LIFT = -0.71 SWET = 207.90 KINX = 31.66
LCLP = 835.87 PWAT = 41.06 TOTL = 48.93 CAPE = 18.00
LCLT = 286.25 CINS = -273.40 EQLV = 452.74 LFCT = 567.54
BRCH = 1.28

PRES TMPC TMWC DWPC THTE DRCT SKNT OMEG
CFRL HGHT
997.60 27.94 19.91 15.85 335.39 201.04 8.12 0.00
0.00 192.78
994.60 27.14 19.59 15.75 334.65 199.44 10.51 0.00
0.00 219.47
989.20 26.44 19.32 15.67 334.39 198.43 11.67 0.00
0.00 267.60
979.70 25.44 18.89 15.52 334.18 198.43 12.90 -0.10
0.00 352.66
965.80 24.04 18.31 15.32 334.01 199.71 13.83 -0.10
0.00 478.12
947.80 22.44 17.62 15.09 334.13 200.38 14.51 -0.10
0.00 642.46
926.50 20.44 16.90 15.02 334.64 206.57 16.06 -0.20
0.00 839.83
903.10 18.94 16.73 15.58 337.59 212.97 17.13 -0.20
0.00 1060.69
877.70 16.74 15.82 15.31 338.19 218.66 17.40 -0.20
13.00 1305.52
849.40 15.14 14.48 14.08 337.81 226.49 15.79 -0.20
36.00 1584.91
818.10 14.94 12.08 10.33 334.53 245.94 11.91 -0.20
12.00 1903.71
784.00 14.14 9.82 6.85 332.61 263.12 11.34 -0.10
0.00 2264.15
746.90 11.74 7.69 4.68 332.12 267.32 12.45 0.00
0.00 2671.98
706.90 8.74 4.87 1.61 330.57 272.08 10.68 0.00
0.00 3130.41
664.00 5.74 1.26 -3.38 328.07 300.14 6.95 0.10
0.00 3645.90
618.10 1.34 -0.49 -2.30 331.87 342.12 6.33 0.20
0.00 4227.77
569.80 -3.26 -5.34 -8.03 329.11 324.78 8.08 0.10
0.00 4877.79
523.00 -7.46 -9.98 -14.32 328.02 321.34 6.22 0.00
0.00 5550.83
481.00 -11.86 -13.91 -18.22 328.70 288.00 8.18 0.00
0.00 6197.34
443.30 -15.26 -17.79 -25.09 329.49 287.68 14.06 0.00
0.00 6818.11
409.40 -19.36 -21.33 -28.09 331.01 292.77 17.06 0.00
0.00 7414.25
378.70 -23.96 -24.71 -27.41 332.82 268.84 19.23 0.00
1.00 7988.41
351.10 -27.96 -28.87 -33.46 333.15 249.78 23.60 -0.10
19.00 8536.24
326.30 -31.66 -32.95 -44.28 333.49 243.84 24.67 -0.10
0.00 9058.16
303.90 -35.06 -36.38 -57.99 334.83 251.08 28.75 -0.10
0.00 9557.38
283.80 -38.06 -39.11 -58.54 337.14 254.05 29.70 -0.10
0.00 10031.29
265.60 -40.66 -41.53 -60.81 339.74 260.97 29.70 -0.10
0.00 10484.87
248.80 -43.56 -44.26 -63.51 341.78 266.33 30.36 0.00
0.00 10926.78
233.60 -46.06 -46.63 -63.98 344.20 268.96 32.05 0.00
0.00 11348.13
219.60 -48.26 -48.75 -67.41 346.89 271.69 32.85 0.00
0.00 11756.96
205.70 -50.66 -51.05 -67.88 349.66 273.16 31.70 0.00
0.00 12185.12
191.70 -53.16 -53.49 -73.19 352.72 271.88 29.55 0.00
0.00 12641.59
177.80 -55.86 -56.12 -73.70 355.97 267.68 28.77 0.00
0.00 13123.33
163.80 -58.56 -58.75 -74.24 359.88 265.63 30.59 0.00
0.00 13641.73
149.80 -61.36 -61.50 -74.84 364.36 268.96 32.05 0.00
0.00 14199.28
135.90 -63.76 -9999.00 -9999.00 -9999.00 279.90 29.39 0.00
0.00 14799.57
121.90 -64.16 -9999.00 -9999.00 -9999.00 287.07 23.17 0.00
0.00 15465.28
108.00 -63.26 -9999.00 -9999.00 -9999.00 298.74 13.73 0.00
0.00 16207.51
94.00 -63.76 -9999.00 -9999.00 -9999.00 281.31 9.91 0.00
0.00 17059.48
81.00 -62.16 -9999.00 -9999.00 -9999.00 282.09 8.35 0.00
0.00 17975.26
70.60 -61.56 -9999.00 -9999.00 -9999.00 345.96 2.41 0.00
0.00 18825.16
62.20 -58.96 -9999.00 -9999.00 -9999.00 66.80 7.40 0.00
0.00 19614.55
54.30 -57.86 -9999.00 -9999.00 -9999.00 110.27 13.46 0.00
0.00 20468.34
46.90 -56.86 -9999.00 -9999.00 -9999.00 107.47 10.99 0.00
0.00 21393.75
40.10 -54.46 -9999.00 -9999.00 -9999.00 80.91 9.83 0.00
0.00 22390.96
33.80 -52.66 -9999.00 -9999.00 -9999.00 71.34 15.79 0.00
0.00 23489.56
27.80 -51.56 -9999.00 -9999.00 -9999.00 66.88 18.80 0.00
0.00 24753.98
22.30 -49.56 -9999.00 -9999.00 -9999.00 70.56 24.51 0.00
0.00 26190.33
17.10 -46.36 -9999.00 -9999.00 -9999.00 85.86 29.60 0.00
0.00 27940.46
12.30 -41.26 -9999.00 -9999.00 -9999.00 91.98 39.26 0.00
0.00 30152.29

STID = KMDW STNM = 725340 TIME = 200808/1800 
SLAT = 41.78 SLON = -87.75 SELV = 183.0
STIM = 16

SHOW = -2.55 LIFT = -1.50 SWET = 224.47 KINX = 33.16
LCLP = 831.93 PWAT = 41.90 TOTL = 49.37 CAPE = 181.49
LCLT = 286.75 CINS = -185.40 EQLV = 314.59 LFCT = 598.30
BRCH = 15.91

PRES TMPC TMWC DWPC THTE DRCT SKNT OMEG
CFRL HGHT
997.20 28.84 20.50 16.43 337.76 202.83 8.00 0.00
0.00 191.92
994.20 27.94 20.17 16.34 336.92 202.20 10.28 0.00
0.00 218.71
988.70 27.24 19.89 16.24 336.63 202.17 11.32 0.00
0.00 267.89
979.30 26.34 19.50 16.09 336.54 202.14 12.37 0.00
0.00 352.36
965.30 24.94 18.91 15.87 336.34 202.43 13.25 -0.10
0.00 479.19
947.40 23.34 18.21 15.60 336.37 203.30 13.75 -0.10
0.00 643.24
926.00 21.34 17.35 15.29 336.38 205.16 14.16 -0.10
0.00 842.27
902.60 19.34 16.79 15.48 337.90 212.31 15.64 -0.10
0.00 1063.75
877.30 17.34 16.08 15.40 339.20 220.82 16.94 -0.10
0.00 1308.16
849.00 14.94 14.83 14.72 339.15 225.45 17.44 -0.10
74.00 1587.93
817.70 14.54 12.38 11.09 335.62 241.98 13.64 0.00
23.00 1906.64
783.60 14.14 10.09 7.38 333.57 264.51 10.14 0.00
0.00 2267.11
746.50 11.64 8.73 6.75 335.44 278.88 12.59 0.10
0.00 2675.25
706.50 8.64 5.34 2.68 331.99 270.99 11.27 0.10
0.00 3133.99
663.70 5.94 1.47 -3.06 328.69 282.53 5.38 0.20
0.00 3648.73
617.80 1.64 -0.49 -2.62 331.91 334.54 4.53 0.20
0.00 4231.39
569.60 -3.06 -5.60 -9.01 328.54 335.14 8.78 0.20
0.00 4880.86
522.90 -7.56 -10.21 -14.89 327.56 333.43 4.35 0.10
0.00 5552.69
480.80 -11.76 -14.17 -19.53 328.20 282.88 6.97 0.10
0.00 6200.88
443.20 -15.16 -18.30 -28.85 328.49 297.85 11.64 0.10
0.00 6820.34
409.40 -19.26 -21.64 -30.81 330.40 302.17 14.22 0.10
0.00 7414.92
378.70 -24.26 -24.92 -27.31 332.45 275.08 17.56 0.00
14.00 7988.82
351.10 -28.16 -29.40 -36.73 332.22 254.13 20.59 0.00
0.00 8536.07
326.30 -31.56 -33.28 -59.20 332.87 248.55 23.37 -0.10
0.00 9057.82
303.90 -35.16 -36.49 -59.76 334.64 253.95 28.09 -0.10
0.00 9557.02
283.70 -38.06 -39.11 -58.54 337.17 256.87 29.91 -0.10
0.00 10033.26
265.60 -40.86 -41.72 -60.81 339.45 263.02 28.77 -0.10
0.00 10484.23
248.80 -43.66 -44.36 -63.51 341.63 267.24 28.21 -0.10
0.00 10925.86
233.60 -46.26 -46.81 -63.98 343.90 269.61 28.75 -0.10
0.00 11346.93
219.60 -48.36 -48.84 -67.41 346.74 270.73 30.30 -0.10
0.00 11755.49
205.70 -50.56 -50.96 -67.88 349.82 271.81 30.71 -0.10
0.00 12183.65
191.70 -53.06 -53.40 -73.19 352.88 270.75 29.72 -0.10
0.00 12640.33
177.80 -56.06 -56.31 -73.70 355.64 266.91 28.79 0.00
0.00 13121.96
163.80 -58.86 -59.05 -74.24 359.37 267.49 31.12 0.00
0.00 13639.76
149.80 -61.06 -61.21 -74.84 364.88 273.14 31.90 0.00
0.00 14197.31
135.90 -62.66 -9999.00 -9999.00 -9999.00 281.70 27.78 0.00
0.00 14799.59
121.90 -63.86 -9999.00 -9999.00 -9999.00 288.11 21.87 0.00
0.00 15467.53
108.00 -63.36 -9999.00 -9999.00 -9999.00 295.30 11.81 0.00
0.00 16210.12
94.00 -63.66 -9999.00 -9999.00 -9999.00 262.03 9.81 0.00
0.00 17062.08
81.00 -61.86 -9999.00 -9999.00 -9999.00 266.91 7.21 0.00
0.00 17978.73
70.60 -60.96 -9999.00 -9999.00 -9999.00 322.13 2.21 0.00
0.00 18830.44
62.20 -58.16 -9999.00 -9999.00 -9999.00 80.54 4.72 0.00
0.00 19622.43
54.30 -57.56 -9999.00 -9999.00 -9999.00 135.00 9.07 0.00
0.00 20478.41
46.90 -56.56 -9999.00 -9999.00 -9999.00 109.09 5.34 0.00
0.00 21405.10
40.10 -54.96 -9999.00 -9999.00 -9999.00 59.04 10.20 0.00
0.00 22401.86
33.80 -53.86 -9999.00 -9999.00 -9999.00 65.14 17.56 0.00
0.00 23496.20
27.80 -51.56 -9999.00 -9999.00 -9999.00 66.40 21.83 0.00
0.00 24757.20
22.30 -47.86 -9999.00 -9999.00 -9999.00 77.75 25.64 0.00
0.00 26199.03
17.10 -44.66 -9999.00 -9999.00 -9999.00 86.73 27.23 0.00
0.00 27962.37
12.30 -40.86 -9999.00 -9999.00 -9999.00 86.99 33.26 0.00
0.00 30184.32

STID = KMDW STNM = 725340 TIME = 200808/1900 
SLAT = 41.78 SLON = -87.75 SELV = 183.0
STIM = 17

SHOW = -2.47 LIFT = -2.09 SWET = 223.20 KINX = 33.21
LCLP = 824.78 PWAT = 42.32 TOTL = 49.53 CAPE = 368.20
LCLT = 287.00 CINS = -146.20 EQLV = 287.34 LFCT = 618.30
BRCH = 32.12

PRES TMPC TMWC DWPC THTE DRCT SKNT OMEG
CFRL HGHT
997.10 29.84 21.02 16.82 339.83 201.04 8.12 0.00
0.00 192.85
994.20 28.84 20.66 16.73 338.86 200.17 10.14 0.00
0.00 218.83
988.70 28.14 20.38 16.63 338.57 199.38 11.11 0.00
0.00 268.17
979.20 27.24 20.00 16.48 338.48 199.03 11.93 0.00
0.00 353.81
965.30 25.84 19.41 16.26 338.28 199.83 12.59 0.00
0.00 480.15
947.40 24.14 18.69 15.98 338.18 200.85 13.09 0.00
0.00 644.69
926.00 22.24 17.86 15.66 338.29 202.11 13.42 0.00
0.00 844.33
902.60 20.14 17.06 15.49 338.88 213.69 15.40 0.10
0.00 1066.48
877.30 18.24 16.27 15.25 339.92 221.69 16.65 0.10
0.00 1311.59
848.90 15.74 14.87 14.37 339.30 227.77 17.06 0.10
51.00 1593.15
817.70 14.44 12.51 11.36 336.05 239.26 16.72 0.10
28.00 1911.24
783.60 14.34 10.40 7.82 334.57 258.91 10.10 0.10
0.00 2271.82
746.50 11.64 9.39 7.93 337.56 281.66 12.49 0.20
0.00 2680.22
706.50 8.94 5.47 2.70 332.38 270.99 11.27 0.20
3.00 3139.30
663.60 6.24 1.66 -2.95 329.18 267.95 5.44 0.10
0.00 3655.84
617.80 1.84 -0.42 -2.69 332.07 323.13 4.86 0.10
0.00 4237.81
569.60 -2.96 -5.38 -8.57 329.04 332.97 10.68 0.00
0.00 4887.65
522.80 -7.46 -10.25 -15.26 327.48 324.78 4.04 0.10
0.00 5561.25
480.80 -11.56 -14.52 -21.68 327.49 286.14 7.69 0.10
0.00 6208.25
443.20 -15.06 -18.25 -28.99 328.58 304.82 10.88 0.00
0.00 6828.02
409.30 -19.36 -21.57 -29.70 330.58 299.64 12.96 -0.10
0.00 7424.44
378.70 -24.46 -25.33 -28.69 331.73 286.05 14.76 -0.10
5.00 7996.19
351.10 -28.26 -29.86 -41.42 331.41 266.10 17.13 -0.10
0.00 8543.06
326.30 -31.66 -33.34 -57.42 332.78 261.14 21.43 -0.10
0.00 9064.57
303.90 -35.16 -36.44 -56.52 334.73 259.66 27.06 -0.10
0.00 9563.66
283.70 -38.26 -39.28 -58.54 336.88 259.95 27.82 -0.10
0.00 10039.71
265.60 -40.86 -41.69 -59.06 339.49 263.48 27.37 0.00
0.00 10490.49
248.80 -43.66 -44.33 -61.32 341.67 267.18 27.62 0.00
0.00 10932.12
233.60 -46.26 -46.81 -63.98 343.90 269.24 29.33 0.00
0.00 11353.19
219.60 -48.46 -48.94 -67.41 346.59 271.10 30.30 0.00
0.00 11761.66
205.70 -50.66 -51.05 -67.88 349.66 272.57 30.34 0.00
0.00 12189.62
191.70 -53.06 -53.40 -73.19 352.88 271.15 28.94 0.00
0.00 12646.21
177.70 -55.86 -56.12 -73.70 356.02 266.13 28.81 0.00
0.00 13131.66
163.80 -58.86 -59.05 -74.24 359.37 266.84 31.70 0.00
0.00 13646.14
149.80 -61.16 -61.31 -74.84 364.71 275.74 33.00 0.00
0.00 14203.56
135.90 -62.66 -9999.00 -9999.00 -9999.00 282.91 28.69 0.00
0.00 14805.70
121.90 -63.76 -9999.00 -9999.00 -9999.00 282.65 19.50 0.00
0.00 15473.80
108.00 -63.66 -9999.00 -9999.00 -9999.00 279.78 11.44 0.00
0.00 16216.03
94.00 -63.56 -9999.00 -9999.00 -9999.00 249.78 11.79 0.00
0.00 17067.59
81.00 -61.76 -9999.00 -9999.00 -9999.00 265.82 7.98 0.00
0.00 17984.68
70.60 -60.56 -9999.00 -9999.00 -9999.00 320.71 2.76 0.00
0.00 18837.40
62.20 -57.76 -9999.00 -9999.00 -9999.00 98.43 5.30 0.00
0.00 19630.86
54.30 -57.86 -9999.00 -9999.00 -9999.00 141.63 5.94 0.00
0.00 20487.04
46.90 -56.66 -9999.00 -9999.00 -9999.00 72.65 3.26 0.00
0.00 21412.88
40.10 -55.86 -9999.00 -9999.00 -9999.00 60.38 11.40 0.00
0.00 22407.34
33.80 -54.36 -9999.00 -9999.00 -9999.00 73.81 18.80 0.00
0.00 23498.18
27.80 -51.26 -9999.00 -9999.00 -9999.00 76.19 23.60 0.00
0.00 24758.61
22.30 -46.86 -9999.00 -9999.00 -9999.00 87.36 25.27 0.00
0.00 26204.63
17.10 -43.86 -9999.00 -9999.00 -9999.00 90.86 26.03 0.00
0.00 27974.97
12.30 -40.96 -9999.00 -9999.00 -9999.00 84.51 30.44 0.00
0.00 30200.30

STID = KMDW STNM = 725340 TIME = 200808/2000 
SLAT = 41.78 SLON = -87.75 SELV = 183.0
STIM = 18

SHOW = -2.31 LIFT = -2.74 SWET = 222.72 KINX = 32.26
LCLP = 822.01 PWAT = 42.18 TOTL = 49.71 CAPE = 595.63
LCLT = 287.38 CINS = -120.23 EQLV = 269.14 LFCT = 635.37
BRCH = 41.36

PRES TMPC TMWC DWPC THTE DRCT SKNT OMEG
CFRL HGHT
996.10 30.44 21.43 17.24 341.65 196.31 8.29 0.00
0.00 192.88
993.20 29.54 21.10 17.14 340.77 195.07 10.47 0.00
0.00 218.95
987.70 28.84 20.82 17.04 340.48 194.50 11.64 0.00
0.00 268.46
978.30 27.94 20.44 16.89 340.39 195.33 12.49 0.00
0.00 353.50
964.30 26.54 19.85 16.65 340.16 196.29 13.15 -0.10
0.00 481.19
946.40 24.94 19.16 16.36 340.16 198.18 13.69 -0.10
0.00 646.35
925.10 22.94 18.29 16.00 340.06 200.19 14.06 -0.10
0.00 845.80
901.70 20.74 17.33 15.62 340.05 208.20 15.21 -0.10
0.00 1068.68
876.40 18.74 16.29 15.02 340.12 213.50 15.83 -0.10
0.00 1314.50
848.10 16.54 14.76 13.79 339.05 229.95 17.50 0.00
11.00 1595.92
817.00 14.74 12.62 11.37 336.54 239.25 17.85 0.00
19.00 1913.85
782.90 14.34 10.64 8.25 335.44 254.05 11.31 0.10
0.00 2274.95
745.80 11.94 9.24 7.47 337.19 275.53 12.10 0.10
2.00 2683.94
705.90 9.44 5.26 1.81 331.83 270.00 13.01 0.10
0.00 3142.84
663.10 6.44 1.73 -2.99 329.46 270.00 8.16 0.00
0.00 3659.17
617.40 1.84 -0.27 -2.34 332.56 306.57 7.50 -0.10
0.00 4240.50
569.20 -3.16 -5.25 -7.94 329.43 325.54 12.02 0.00
0.00 4890.61
522.60 -7.46 -10.46 -16.04 327.06 309.56 5.79 0.10
0.00 5561.45
480.60 -11.46 -14.88 -23.99 326.78 292.71 9.05 0.10
0.00 6208.76
443.00 -15.16 -18.06 -27.12 329.02 304.82 10.88 0.10
0.00 6828.77
409.20 -19.66 -21.62 -28.56 330.53 299.98 11.65 0.10
0.00 7423.23
378.60 -24.36 -25.69 -31.48 331.12 296.57 11.29 0.00
0.00 7994.87
351.00 -28.16 -30.05 -46.92 331.08 277.91 14.12 0.00
0.00 8542.05
326.20 -31.96 -33.58 -55.95 332.43 275.65 19.72 -0.10
0.00 9063.48
303.80 -35.36 -36.59 -55.27 334.52 270.95 23.31 -0.10
0.00 9562.21
283.70 -38.16 -39.13 -54.73 337.15 265.86 26.88 -0.10
0.00 10035.89
265.60 -41.06 -41.83 -56.36 339.28 267.12 27.04 -0.10
0.00 10486.58
248.80 -43.96 -44.61 -61.32 341.23 270.00 27.78 -0.10
0.00 10927.73
233.60 -46.76 -47.28 -63.98 343.14 270.79 28.17 -0.10
0.00 11348.07
219.60 -48.86 -49.31 -67.41 345.97 271.15 28.94 -0.10
0.00 11755.73
205.70 -50.86 -51.24 -67.88 349.35 274.11 29.80 -0.10
0.00 12183.11
191.70 -53.26 -53.59 -73.19 352.56 272.67 29.18 0.00
0.00 12639.28
177.70 -55.96 -56.21 -73.70 355.86 264.52 28.50 0.00
0.00 13124.40
163.80 -58.96 -59.14 -74.24 359.21 263.66 31.66 0.00
0.00 13638.64
149.80 -61.46 -61.60 -74.84 364.19 274.37 33.12 0.10
0.00 14195.54
135.90 -62.76 -9999.00 -9999.00 -9999.00 284.69 29.12 0.00
0.00 14797.11
121.90 -63.76 -9999.00 -9999.00 -9999.00 279.07 18.49 0.00
0.00 15465.05
108.00 -64.76 -9999.00 -9999.00 -9999.00 270.00 12.43 0.00
0.00 16205.33
94.00 -64.36 -9999.00 -9999.00 -9999.00 258.52 12.68 0.00
0.00 17053.03
81.00 -62.16 -9999.00 -9999.00 -9999.00 286.26 9.71 0.00
0.00 17967.50
70.60 -60.06 -9999.00 -9999.00 -9999.00 330.52 5.13 0.00
0.00 18820.42
62.20 -57.66 -9999.00 -9999.00 -9999.00 105.95 5.65 0.00
0.00 19615.00
54.30 -58.56 -9999.00 -9999.00 -9999.00 106.70 2.02 0.00
0.00 20469.99
46.90 -57.26 -9999.00 -9999.00 -9999.00 36.87 6.80 0.00
0.00 21393.04
40.10 -56.36 -9999.00 -9999.00 -9999.00 52.82 14.14 0.00
0.00 22384.98
33.80 -53.66 -9999.00 -9999.00 -9999.00 66.80 19.23 0.00
0.00 23476.32
27.80 -49.76 -9999.00 -9999.00 -9999.00 81.87 23.35 0.00
0.00 24743.04
22.30 -46.76 -9999.00 -9999.00 -9999.00 95.42 22.63 0.00
0.00 26194.22
17.10 -43.16 -9999.00 -9999.00 -9999.00 89.51 22.53 0.00
0.00 27967.67
12.30 -40.56 -9999.00 -9999.00 -9999.00 80.79 29.12 0.00
0.00 30198.30

STID = KMDW STNM = 725340 TIME = 200808/2100 
SLAT = 41.78 SLON = -87.75 SELV = 183.0
STIM = 19

SHOW = -1.94 LIFT = -2.99 SWET = 211.05 KINX = 31.53
LCLP = 818.21 PWAT = 41.87 TOTL = 49.48 CAPE = 778.68
LCLT = 287.54 CINS = -112.28 EQLV = 251.78 LFCT = 640.85
BRCH = 49.90

PRES TMPC TMWC DWPC THTE DRCT SKNT OMEG
CFRL HGHT
995.20 30.94 21.70 17.47 342.92 193.39 8.39 0.00
0.00 192.01
992.20 30.14 21.41 17.39 342.21 192.53 10.74 0.00
0.00 219.05
986.70 29.44 21.14 17.30 341.94 192.23 11.93 0.00
0.00 268.72
977.30 28.44 20.73 17.14 341.71 193.19 12.76 -0.10
0.00 354.01
963.40 27.14 20.18 16.90 341.59 194.24 13.42 -0.10
0.00 481.16
945.50 25.44 19.44 16.58 341.41 196.16 13.95 -0.20
0.00 646.81
924.20 23.44 18.56 16.20 341.27 198.19 14.32 -0.20
0.00 846.80
900.80 21.34 17.60 15.75 341.22 201.09 14.57 -0.20
0.00 1070.34
875.60 19.14 16.33 14.88 340.39 206.23 14.94 -0.10
0.00 1315.84
847.30 17.44 14.64 13.11 338.72 232.47 16.90 -0.10
0.00 1598.10
816.20 14.74 12.88 11.79 337.55 236.84 17.40 0.00
14.00 1916.81
782.10 14.54 11.04 8.86 336.93 252.15 12.04 0.10
3.00 2278.48
745.20 12.14 9.20 7.26 337.16 269.09 12.24 0.10
2.00 2685.95
705.30 9.84 5.24 1.41 331.87 268.36 13.60 0.10
0.00 3145.67
662.60 6.74 1.67 -3.50 329.36 270.00 9.71 0.10
0.00 3661.80
617.00 1.94 -0.20 -2.29 332.82 297.12 8.95 0.10
0.00 4242.66
568.90 -3.06 -5.55 -8.88 328.78 321.34 11.19 0.10
0.00 4891.99
522.30 -7.26 -10.96 -18.56 326.05 301.22 7.50 0.20
0.00 5563.44
480.40 -11.16 -14.97 -25.77 326.61 302.80 10.39 0.20
0.00 6210.03
442.90 -15.36 -17.99 -25.80 329.20 303.18 12.06 0.00
0.00 6828.70
409.10 -19.86 -21.69 -28.09 330.43 299.74 10.96 -0.10
0.00 7422.86
378.50 -24.16 -25.85 -34.04 330.83 309.81 9.11 -0.20
0.00 7994.63
351.00 -28.46 -30.19 -44.44 330.87 315.00 9.07 -0.10
0.00 8539.77
326.20 -32.56 -34.00 -51.68 331.77 297.68 13.38 0.00
0.00 9060.25
303.80 -35.66 -36.77 -51.47 334.26 278.21 19.04 0.00
0.00 9558.06
283.70 -38.36 -39.24 -52.05 336.99 270.85 26.22 0.00
0.00 10031.24
265.60 -41.16 -41.92 -56.36 339.14 271.68 26.44 0.00
0.00 10481.65
248.80 -44.26 -44.89 -61.32 340.78 274.93 27.10 0.00
0.00 10922.42
233.60 -46.96 -47.47 -63.98 342.84 272.08 26.83 0.00
0.00 11342.29
219.60 -49.16 -49.60 -67.41 345.51 270.80 27.97 0.00
0.00 11749.50
205.70 -51.06 -51.43 -67.88 349.04 272.32 28.77 0.00
0.00 12176.41
191.70 -53.06 -53.40 -73.19 352.88 269.22 28.55 0.00
0.00 12632.58
177.70 -55.86 -56.12 -73.70 356.02 263.20 29.55 0.00
0.00 13118.03
163.80 -58.96 -59.14 -74.24 359.21 265.24 32.75 0.00
0.00 13632.39
149.80 -61.46 -61.60 -74.84 364.19 275.13 32.58 0.00
0.00 14189.29
135.90 -62.46 -9999.00 -9999.00 -9999.00 281.23 26.94 0.00
0.00 14791.29
121.90 -63.16 -9999.00 -9999.00 -9999.00 270.00 17.09 0.00
0.00 15460.66
108.00 -64.86 -9999.00 -9999.00 -9999.00 262.20 14.32 0.00
0.00 16201.83
94.00 -64.56 -9999.00 -9999.00 -9999.00 268.41 13.99 0.00
0.00 17048.91
81.00 -62.76 -9999.00 -9999.00 -9999.00 293.75 10.61 0.00
0.00 17961.64
70.60 -60.36 -9999.00 -9999.00 -9999.00 328.24 4.80 0.00
0.00 18812.75
62.20 -58.26 -9999.00 -9999.00 -9999.00 119.74 6.25 0.00
0.00 19605.66
54.30 -58.76 -9999.00 -9999.00 -9999.00 60.95 4.00 0.00
0.00 20459.06
46.90 -56.86 -9999.00 -9999.00 -9999.00 56.31 10.51 0.00
0.00 21382.54
40.10 -55.46 -9999.00 -9999.00 -9999.00 65.27 16.26 0.00
0.00 22377.46
33.80 -52.96 -9999.00 -9999.00 -9999.00 73.67 20.05 0.00
0.00 23472.80
27.80 -49.06 -9999.00 -9999.00 -9999.00 90.54 20.59 0.00
0.00 24743.52
22.30 -47.16 -9999.00 -9999.00 -9999.00 92.86 19.44 0.00
0.00 26195.68
17.10 -43.96 -9999.00 -9999.00 -9999.00 74.12 22.01 0.00
0.00 27964.46
12.30 -40.66 -9999.00 -9999.00 -9999.00 79.93 29.99 0.00
0.00 30190.75

STID = KMDW STNM = 725340 TIME = 200808/2200 
SLAT = 41.78 SLON = -87.75 SELV = 183.0
STIM = 20

SHOW = -1.73 LIFT = -3.07 SWET = 202.78 KINX = 31.57
LCLP = 817.72 PWAT = 41.52 TOTL = 49.20 CAPE = 885.35
LCLT = 287.72 CINS = -117.75 EQLV = 243.64 LFCT = 642.98
BRCH = 43.08

PRES TMPC TMWC DWPC THTE DRCT SKNT OMEG
CFRL HGHT
994.80 31.14 21.86 17.65 343.65 190.30 8.68 0.00
0.00 192.02
991.80 30.34 21.57 17.57 342.94 188.82 11.40 0.00
0.00 219.09
986.30 29.74 21.33 17.47 342.77 188.75 12.78 0.00
0.00 268.83
976.90 28.74 20.91 17.30 342.51 189.73 13.79 0.00
0.00 354.25
963.00 27.44 20.35 17.05 342.37 190.86 14.43 -0.10
0.00 481.59
945.10 25.84 19.66 16.75 342.36 192.20 14.70 -0.10
0.00 647.50
923.80 23.84 18.77 16.35 342.17 194.93 15.07 -0.10
0.00 847.87
900.50 21.64 17.77 15.88 341.94 197.97 15.11 -0.10
0.00 1070.82
875.20 19.54 16.46 14.89 340.96 201.52 14.82 0.00
0.00 1317.69
847.00 17.84 14.64 12.89 338.77 232.70 15.38 0.10
0.00 1599.45
815.90 15.04 13.12 12.01 338.43 236.71 15.58 0.30
13.00 1918.66
781.80 15.04 11.12 8.67 337.23 250.46 12.78 0.30
4.00 2280.97
744.90 12.44 9.23 7.11 337.30 269.23 14.37 0.30
2.00 2689.15
705.10 10.04 5.51 1.82 332.70 273.53 15.77 0.10
0.00 3148.29
662.40 6.94 1.37 -4.56 328.57 270.92 12.04 -0.10
0.00 3664.91
616.80 2.04 -0.51 -3.09 332.03 293.50 9.75 -0.20
0.00 4246.15
568.70 -2.96 -5.72 -9.49 328.43 318.62 10.88 -0.10
0.00 4895.85
522.20 -6.96 -11.37 -21.58 325.14 305.27 9.75 0.00
0.00 5566.44
480.30 -10.96 -14.79 -25.44 326.98 310.60 12.53 0.10
0.00 6213.70
442.80 -15.66 -18.09 -25.20 329.05 305.80 14.61 0.10
0.00 6832.40
409.10 -20.16 -21.84 -27.64 330.17 290.07 10.76 0.10
0.00 7424.19
378.50 -24.16 -25.95 -34.97 330.65 298.30 5.73 0.20
0.00 7995.62
350.90 -28.36 -29.99 -42.10 331.26 336.57 6.35 0.20
0.00 8542.93
326.20 -32.46 -33.83 -48.75 332.07 304.99 11.85 0.20
0.00 9061.61
303.80 -35.66 -36.63 -47.66 334.50 287.06 17.87 0.10
0.00 9559.54
283.70 -38.46 -39.35 -52.86 336.80 279.11 25.78 0.10
0.00 10032.63
265.60 -41.46 -42.17 -55.27 338.74 278.88 25.17 0.10
0.00 10482.65
248.80 -44.36 -44.98 -61.32 340.63 277.39 25.66 0.10
0.00 10923.04
233.60 -46.86 -47.40 -66.97 342.94 269.56 25.25 0.10
0.00 11342.91
219.60 -48.86 -49.31 -67.41 345.97 267.97 27.41 0.10
0.00 11750.48
205.70 -50.56 -50.96 -67.88 349.82 268.09 29.16 0.10
0.00 12178.15
191.70 -52.86 -53.20 -73.19 353.20 264.03 29.88 0.00
0.00 12635.05
177.70 -55.86 -56.12 -73.70 356.02 261.87 31.59 0.00
0.00 13120.72
163.80 -58.86 -59.05 -74.24 359.37 265.43 34.11 0.00
0.00 13635.20
149.80 -61.46 -61.60 -74.84 364.19 273.97 33.68 0.00
0.00 14192.23
135.90 -62.66 -9999.00 -9999.00 -9999.00 278.01 26.48 0.00
0.00 14793.94
121.90 -63.16 -9999.00 -9999.00 -9999.00 266.01 16.74 0.00
0.00 15463.00
108.00 -64.96 -9999.00 -9999.00 -9999.00 261.57 15.91 0.00
0.00 16203.99
94.00 -64.26 -9999.00 -9999.00 -9999.00 271.57 14.18 0.00
0.00 17051.48
81.00 -62.36 -9999.00 -9999.00 -9999.00 288.82 9.03 0.00
0.00 17965.74
70.60 -60.16 -9999.00 -9999.00 -9999.00 333.43 3.05 0.00
0.00 18818.05
62.20 -58.86 -9999.00 -9999.00 -9999.00 135.00 5.50 0.00
0.00 19610.22
54.30 -58.56 -9999.00 -9999.00 -9999.00 45.00 4.95 0.00
0.00 20462.83
46.90 -56.26 -9999.00 -9999.00 -9999.00 65.30 10.68 0.00
0.00 21388.02
40.10 -54.76 -9999.00 -9999.00 -9999.00 71.78 16.16 0.00
0.00 22385.92
33.80 -52.76 -9999.00 -9999.00 -9999.00 80.54 20.09 0.00
0.00 23483.52
27.80 -49.66 -9999.00 -9999.00 -9999.00 91.18 18.84 0.00
0.00 24753.09
22.30 -47.46 -9999.00 -9999.00 -9999.00 77.33 17.72 0.00
0.00 26202.34
17.10 -43.96 -9999.00 -9999.00 -9999.00 69.29 24.71 0.00
0.00 27969.96
12.30 -40.96 -9999.00 -9999.00 -9999.00 78.77 28.92 0.00
0.00 30194.80

STID = KMDW STNM = 725340 TIME = 200808/2300 
SLAT = 41.78 SLON = -87.75 SELV = 183.0
STIM = 21

SHOW = -2.05 LIFT = -3.42 SWET = 214.29 KINX = 32.17
LCLP = 823.18 PWAT = 41.37 TOTL = 49.79 CAPE = 966.42
LCLT = 288.05 CINS = -124.01 EQLV = 240.88 LFCT = 646.76
BRCH = 40.90

PRES TMPC TMWC DWPC THTE DRCT SKNT OMEG
CFRL HGHT
995.10 30.94 21.94 17.89 343.97 186.79 8.22 0.00
0.00 192.91
992.10 30.34 21.70 17.79 343.44 185.91 11.32 0.00
0.00 219.97
986.70 29.74 21.46 17.69 343.25 186.05 12.90 0.00
0.00 268.79
977.20 28.84 21.08 17.53 343.16 187.13 14.10 0.00
0.00 355.11
963.30 27.54 20.52 17.28 343.01 188.34 14.72 -0.10
0.00 482.47
945.40 25.84 19.79 16.97 342.86 189.58 15.17 -0.20
0.00 648.38
924.10 23.94 18.95 16.58 342.82 192.30 15.50 -0.20
0.00 848.73
900.80 21.74 17.95 16.12 342.61 195.95 15.56 -0.20
0.00 1071.71
875.50 19.64 16.69 15.21 341.80 203.20 14.80 -0.20
0.00 1318.62
847.30 18.14 14.80 12.98 339.28 233.91 14.18 0.00
0.00 1600.49
816.10 15.44 13.14 11.82 338.48 238.78 15.00 0.10
13.00 1921.01
782.10 15.54 10.86 7.84 336.27 248.79 13.97 0.00
1.00 2282.64
745.10 12.74 9.19 6.82 337.12 267.06 15.17 0.00
0.00 2692.28
705.30 10.04 5.59 1.98 332.88 280.12 16.57 -0.10
0.00 3151.53
662.60 6.94 1.42 -4.43 328.66 279.32 13.19 -0.20
0.00 3668.01
616.90 2.14 -0.95 -4.24 330.86 292.44 9.67 -0.20
0.00 4250.44
568.80 -3.06 -5.66 -9.18 328.54 313.45 10.16 -0.10
0.00 4899.96
522.30 -6.96 -11.51 -22.39 324.82 304.82 10.88 0.00
0.00 5570.29
480.40 -11.16 -14.80 -24.70 326.95 309.05 13.25 0.10
0.00 6217.18
442.90 -15.86 -18.30 -25.60 328.63 303.93 12.88 0.20
0.00 6835.27
409.10 -19.76 -21.75 -28.93 330.31 278.30 9.42 0.20
0.00 7428.96
378.50 -23.66 -25.79 -37.59 330.88 301.33 5.23 0.20
0.00 8001.37
351.00 -28.06 -29.64 -40.49 331.82 336.80 8.88 0.20
0.00 8547.49
326.20 -32.46 -33.63 -44.28 332.42 321.71 14.10 0.10
0.00 9068.54
303.80 -35.96 -36.80 -45.76 334.24 303.51 17.25 0.10
0.00 9566.18
283.70 -38.86 -39.61 -49.98 336.39 288.15 24.94 0.10
0.00 10038.58
265.60 -41.76 -42.42 -54.30 338.34 281.69 23.02 0.10
0.00 10487.93
248.80 -44.46 -45.10 -63.51 340.44 279.31 24.01 0.00
0.00 10927.94
233.60 -46.56 -47.09 -63.98 343.44 266.48 25.29 0.10
0.00 11348.00
219.60 -48.36 -48.84 -67.41 346.74 264.77 29.84 0.10
0.00 11756.29
205.70 -50.36 -50.77 -67.88 350.14 262.96 31.70 0.10
0.00 12184.63
191.70 -52.96 -53.30 -73.19 353.04 261.05 32.44 0.10
0.00 12641.62
177.70 -55.66 -55.92 -73.70 356.35 262.43 33.90 0.00
0.00 13127.41
163.80 -58.36 -58.56 -74.24 360.21 270.00 34.19 0.00
0.00 13642.72
149.80 -60.66 -60.82 -74.84 365.57 276.20 34.19 0.00
0.00 14201.45
135.90 -62.46 -9999.00 -9999.00 -9999.00 276.34 28.15 0.00
0.00 14804.59
121.90 -63.46 -9999.00 -9999.00 -9999.00 265.60 17.74 0.00
0.00 15473.49
108.00 -65.36 -9999.00 -9999.00 -9999.00 266.23 17.72 0.00
0.00 16213.24
94.00 -64.36 -9999.00 -9999.00 -9999.00 278.57 14.34 0.00
0.00 17059.71
81.00 -61.86 -9999.00 -9999.00 -9999.00 292.04 8.80 0.00
0.00 17974.84
70.60 -59.56 -9999.00 -9999.00 -9999.00 327.99 1.83 0.00
0.00 18829.37
62.20 -59.26 -9999.00 -9999.00 -9999.00 170.13 4.53 0.00
0.00 19621.91
54.30 -58.46 -9999.00 -9999.00 -9999.00 15.64 5.05 0.00
0.00 20473.92
46.90 -56.46 -9999.00 -9999.00 -9999.00 55.71 10.35 0.00
0.00 21398.89
40.10 -54.96 -9999.00 -9999.00 -9999.00 73.30 16.22 0.00
0.00 22395.88
33.80 -52.46 -9999.00 -9999.00 -9999.00 88.28 19.42 0.00
0.00 23493.72
27.80 -49.66 -9999.00 -9999.00 -9999.00 90.00 18.07 0.00
0.00 24764.16
22.30 -47.26 -9999.00 -9999.00 -9999.00 70.82 18.92 0.00
0.00 26214.05
17.10 -43.86 -9999.00 -9999.00 -9999.00 71.43 26.85 0.00
0.00 27982.83
12.30 -40.86 -9999.00 -9999.00 -9999.00 74.33 28.05 0.00
0.00 30208.64
STN YYMMDD/HHMM PMSL PRES SKTC STC1 SNFL WTNS
P01M C01M STC2 LCLD MCLD HCLD
SNRA UWND VWND R01M BFGR T2MS
Q2MS WXTS WXTP WXTZ WXTR USTM
VSTM HLCY SLLH WSYM CDBP VSBK
TD2M
725340 200808/0200 1019.60 998.20 23.44 296.60 -9999.00 0.00
-9999.00 -9999.00 297.20 0.00 11.00 0.00
-9999.00 -1.00 1.90 -9999.00 -9999.00 23.54
11.10 0.00 0.00 0.00 0.00 -2.90
-4.30 7.80 -9999.00 999.00 -9999.00 20.00
15.35
725340 200808/0300 1019.90 998.40 22.14 295.30 0.00 100.00
0.00 0.00 295.90 0.00 41.00 0.00
-9999.00 -0.80 1.60 -9999.00 -9999.00 22.34
11.89 0.00 0.00 0.00 0.00 -2.90
-4.50 18.10 -9999.00 999.00 -9999.00 20.00
16.41
725340 200808/0400 1019.60 998.20 21.04 294.20 0.00 100.00
0.00 0.00 294.80 0.00 80.00 0.00
-9999.00 -0.90 1.60 -9999.00 -9999.00 21.34
12.27 0.00 0.00 0.00 0.00 -2.10
-6.10 7.20 -9999.00 999.00 -9999.00 20.00
16.89
725340 200808/0500 1019.90 998.40 19.94 293.10 0.00 100.00
0.00 0.00 293.70 0.00 100.00 0.00
-9999.00 -0.90 1.80 -9999.00 -9999.00 20.44
12.36 0.00 0.00 0.00 0.00 -1.90
-5.90 4.80 -9999.00 999.00 -9999.00 20.00
17.00
725340 200808/0600 1020.10 998.60 19.04 292.20 0.00 100.00
0.00 0.00 292.80 0.00 100.00 0.00
-9999.00 -0.80 1.90 -9999.00 -9999.00 19.64
12.22 0.00 0.00 0.00 0.00 -1.30
-5.60 11.60 -9999.00 999.00 -9999.00 20.00
16.83
725340 200808/0700 1021.10 999.50 18.24 291.40 0.00 100.00
0.00 0.00 291.90 0.00 100.00 0.00
-9999.00 -1.00 2.00 -9999.00 -9999.00 18.94
11.86 0.00 0.00 0.00 0.00 -0.80
-5.80 21.70 -9999.00 999.00 -9999.00 20.00
16.38
725340 200808/0800 1019.90 998.30 17.54 290.70 0.00 100.00
0.00 0.00 291.20 0.00 100.00 0.00
-9999.00 -0.70 2.00 -9999.00 -9999.00 18.24
11.43 0.00 0.00 0.00 0.00 -0.90
-5.40 39.00 -9999.00 999.00 -9999.00 20.00
15.80
725340 200808/0900 1020.00 998.40 17.04 290.20 0.00 100.00
0.00 0.00 290.70 0.00 100.00 0.00
-9999.00 -0.60 1.90 -9999.00 -9999.00 17.54
11.10 0.00 0.00 0.00 0.00 -1.40
-4.50 55.40 -9999.00 999.00 -9999.00 20.00
15.35
725340 200808/1000 1020.90 999.30 16.74 289.90 0.00 100.00
0.00 0.00 290.30 0.00 100.00 0.00
-9999.00 -0.60 1.80 -9999.00 -9999.00 17.14
11.14 0.00 0.00 0.00 0.00 -1.40
-4.40 65.90 -9999.00 999.00 -9999.00 20.00
15.42
725340 200808/1100 1021.40 999.80 16.54 289.70 0.00 100.00
0.00 0.00 290.10 0.00 100.00 0.00
-9999.00 -0.70 2.20 -9999.00 -9999.00 17.04
11.13 0.00 0.00 0.00 0.00 -1.00
-5.10 81.50 -9999.00 999.00 -9999.00 20.00
15.41
725340 200808/1200 1021.90 1000.30 17.74 290.90 0.00 100.00
0.00 0.00 290.90 0.00 100.00 0.00
-9999.00 -0.60 2.20 -9999.00 -9999.00 17.94
11.24 0.00 0.00 0.00 0.00 -1.30
-5.10 96.70 -9999.00 999.00 -9999.00 20.00
15.57
725340 200808/1300 1021.10 999.60 20.24 293.40 0.00 100.00
0.00 0.00 293.10 0.00 100.00 0.00
-9999.00 -0.60 3.20 -9999.00 -9999.00 19.94
11.13 0.00 0.00 0.00 0.00 -1.80
-4.50 99.00 -9999.00 999.00 -9999.00 20.00
15.41
725340 200808/1400 1021.20 999.80 23.94 297.10 0.00 100.00
0.00 0.00 296.20 0.00 100.00 0.00
-9999.00 -0.10 3.50 -9999.00 -9999.00 22.54
10.90 0.00 0.00 0.00 0.00 -1.80
-4.00 85.60 -9999.00 999.00 -9999.00 20.00
15.09
725340 200808/1500 1021.10 999.70 30.54 303.70 0.00 100.00
0.00 0.00 301.90 3.00 100.00 0.00
-9999.00 0.20 4.10 -9999.00 -9999.00 25.64
10.24 0.00 0.00 0.00 0.00 -1.70
-3.60 77.50 -9999.00 999.00 -9999.00 20.00
14.14
725340 200808/1600 1020.30 999.00 35.34 308.50 0.00 100.00
0.00 0.00 306.40 15.00 100.00 0.00
-9999.00 0.60 4.40 -9999.00 -9999.00 27.64
10.85 0.00 0.00 0.00 0.00 -2.30
-2.90 78.30 -9999.00 999.00 -9999.00 20.00
15.01
725340 200808/1700 1019.90 998.70 37.24 310.40 0.00 100.00
0.00 0.00 308.70 36.00 19.00 0.00
-9999.00 1.00 4.30 -9999.00 -9999.00 28.84
11.50 0.00 0.00 0.00 0.00 -2.70
-2.10 70.50 -9999.00 999.00 -9999.00 20.00
15.90
725340 200808/1800 1019.40 998.20 37.64 310.80 0.00 100.00
0.00 0.00 309.50 74.00 14.00 0.00
-9999.00 1.20 4.20 -9999.00 -9999.00 29.64
11.93 0.00 0.00 0.00 0.00 -3.40
-0.90 63.00 -9999.00 999.00 849.00 20.00
16.45
725340 200808/1900 1019.40 998.20 40.34 313.50 0.00 100.00
0.00 0.00 311.90 51.00 5.00 0.00
-9999.00 1.10 4.40 -9999.00 -9999.00 30.84
12.25 0.00 0.00 0.00 0.00 -3.40
-0.50 66.10 -9999.00 999.00 -9999.00 20.00
16.86
725340 200808/2000 1018.40 997.20 39.84 313.00 0.00 100.00
0.00 0.00 311.90 19.00 0.00 0.00
-9999.00 0.70 4.50 -9999.00 -9999.00 31.34
12.59 0.00 0.00 0.00 0.00 -2.80
-0.50 75.00 -9999.00 999.00 -9999.00 20.00
17.27
725340 200808/2100 1017.40 996.20 39.54 312.70 0.00 100.00
0.00 0.00 311.80 14.00 0.00 0.00
-9999.00 0.60 4.60 -9999.00 -9999.00 31.74
12.81 0.00 0.00 0.00 0.00 -2.50
-0.70 74.10 -9999.00 999.00 -9999.00 20.00
17.52
725340 200808/2200 1016.90 995.80 37.44 310.60 0.00 100.00
0.00 0.00 310.20 13.00 0.00 0.00
-9999.00 0.30 4.90 -9999.00 -9999.00 31.64
12.96 0.00 0.00 0.00 0.00 -2.20
-1.10 80.40 -9999.00 999.00 -9999.00 20.00
17.70
725340 200808/2300 1017.30 996.20 35.04 308.20 0.00 100.00
0.00 0.00 308.10 13.00 0.00 0.00
-9999.00 0.20 4.70 -9999.00 -9999.00 31.24
13.15 0.00 0.00 0.00 0.00 -2.10
-1.10 93.50 -9999.00 999.00 -9999.00 20.00
17.93


