
SNPARM = PRES;TMPC;TMWC;DWPC;THTE;DRCT;SKNT;OMEG;CFRL;HGHT 
STNPRM = SHOW;LIFT;SWET;KINX;LCLP;PWAT;TOTL;CAPE;LCLT;CINS;EQLV;LFCT;BRCH 

STID = KMDW STNM = 725340 TIME = 200808/1200 
SLAT = 41.78 SLON = -87.75 SELV = 183.0
STIM = 0

SHOW = 3.82 LIFT = 7.74 SWET = 148.43 KINX = 29.39
LCLP = 946.03 PWAT = 33.34 TOTL = 41.11 CAPE = 0.00
LCLT = 287.46 CINS = 0.00 EQLV = -9999.00 LFCT = -9999.00
BRCH = 0.00

PRES TMPC TMWC DWPC THTE DRCT SKNT OMEG
CFRL HGHT
998.10 18.74 16.47 15.14 323.31 158.20 2.10 0.00
0.00 192.47
995.20 18.94 15.95 14.15 321.98 159.15 8.72 0.00
0.00 217.50
989.70 20.44 15.18 11.79 320.16 164.18 12.12 0.00
0.00 265.28
980.20 21.24 14.23 9.33 318.34 171.97 15.31 0.00
0.00 348.69
966.30 21.04 13.91 8.88 319.09 174.29 17.56 0.00
0.00 472.28
948.50 19.84 13.91 9.91 321.46 181.22 18.26 0.00
0.00 632.81
927.20 18.24 13.70 10.76 323.72 194.68 16.86 -0.10
0.00 828.06
903.90 17.24 12.38 9.03 322.78 207.53 15.56 0.00
0.00 1045.87
878.60 17.04 11.03 6.55 322.15 211.11 13.15 0.00
0.00 1288.19
850.40 15.64 11.88 9.42 328.87 215.17 10.45 0.10
0.00 1565.94
819.10 14.14 11.64 10.07 332.92 223.36 9.62 0.10
0.00 1883.87
784.90 13.04 9.78 7.57 332.38 233.13 9.71 0.10
0.00 2243.77
747.70 10.74 7.77 5.61 332.26 249.59 8.92 0.20
0.00 2650.85
707.60 7.84 6.04 4.69 333.90 269.01 11.27 0.20
0.00 3108.68
664.50 4.14 1.00 -2.17 327.38 290.56 11.62 0.20
0.00 3624.11
618.60 1.44 -2.67 -7.88 326.28 320.19 10.63 0.20
0.00 4203.71
570.20 -1.96 -6.31 -13.16 326.71 297.65 9.21 0.10
0.00 4855.65
523.40 -5.96 -11.05 -23.44 325.47 271.68 13.21 0.10
0.00 5531.20
481.30 -9.76 -14.50 -29.40 327.21 261.36 15.52 0.00
0.00 6182.73
443.60 -13.66 -17.37 -29.67 330.11 257.54 17.11 -0.10
0.00 6807.21
409.60 -17.86 -20.52 -29.96 332.39 249.23 18.07 -0.10
0.00 7408.28
378.90 -22.16 -23.68 -29.27 334.58 243.19 20.67 -0.10
0.00 7985.86
351.30 -26.26 -26.81 -28.95 336.66 245.26 21.81 -0.10
51.00 8537.30
326.40 -29.86 -30.37 -32.88 337.86 255.85 23.04 -0.10
31.00 9064.99
303.90 -33.26 -34.12 -40.48 338.63 262.41 29.39 0.00
2.00 9570.26
283.80 -36.76 -37.70 -48.80 339.46 266.78 34.63 0.00
0.00 10047.33
265.70 -40.06 -40.85 -53.41 340.83 271.85 36.15 0.00
0.00 10500.19
248.80 -42.76 -43.48 -59.58 343.06 277.91 35.30 -0.10
0.00 10946.01
233.60 -45.26 -45.88 -63.98 345.41 282.28 33.80 -0.10
0.00 11368.83
219.60 -48.16 -48.65 -67.41 347.05 286.43 31.59 -0.10
0.00 11778.48
205.70 -51.26 -51.62 -67.88 348.72 288.05 27.58 -0.10
0.00 12206.16
191.70 -54.06 -54.36 -73.19 351.28 282.99 25.91 -0.10
0.00 12661.09
177.70 -56.36 -56.60 -73.70 355.20 275.99 27.93 -0.10
0.00 13144.87
163.80 -59.06 -59.24 -74.24 359.04 273.12 32.09 0.00
0.00 13658.52
149.80 -62.36 -9999.00 -9999.00 -9999.00 275.90 35.94 0.00
0.00 14214.11
135.90 -64.56 -9999.00 -9999.00 -9999.00 283.52 36.56 0.00
0.00 14811.83
121.90 -65.16 -9999.00 -9999.00 -9999.00 289.31 32.32 0.00
0.00 15474.68
108.00 -64.26 -9999.00 -9999.00 -9999.00 302.93 24.30 0.00
0.00 16213.37
94.00 -64.46 -9999.00 -9999.00 -9999.00 318.08 12.80 0.00
0.00 17061.87
81.00 -62.86 -9999.00 -9999.00 -9999.00 290.73 7.69 0.00
0.00 17974.60
70.60 -60.06 -9999.00 -9999.00 -9999.00 339.44 1.65 0.00
0.00 18826.12
62.20 -59.06 -9999.00 -9999.00 -9999.00 70.91 5.34 0.00
0.00 19618.10
54.30 -58.16 -9999.00 -9999.00 -9999.00 78.44 8.72 0.00
0.00 20471.10
46.90 -57.06 -9999.00 -9999.00 -9999.00 72.76 11.79 0.00
0.00 21395.44
40.10 -55.66 -9999.00 -9999.00 -9999.00 69.35 14.32 0.00
0.00 22389.44
33.80 -52.76 -9999.00 -9999.00 -9999.00 70.85 14.80 0.00
0.00 23484.78
27.80 -50.26 -9999.00 -9999.00 -9999.00 78.42 16.45 0.00
0.00 24752.64
22.30 -48.46 -9999.00 -9999.00 -9999.00 80.09 20.32 0.00
0.00 26196.73
17.10 -46.26 -9999.00 -9999.00 -9999.00 75.17 27.33 0.00
0.00 27951.52
12.30 -42.66 -9999.00 -9999.00 -9999.00 75.30 36.75 0.00
0.00 30157.08

STID = KMDW STNM = 725340 TIME = 200808/1300 
SLAT = 41.78 SLON = -87.75 SELV = 183.0
STIM = 1

SHOW = 1.93 LIFT = 6.64 SWET = 166.29 KINX = 30.30
LCLP = 916.01 PWAT = 35.94 TOTL = 43.93 CAPE = 0.00
LCLT = 286.42 CINS = 0.00 EQLV = -9999.00 LFCT = -9999.00
BRCH = 0.00

PRES TMPC TMWC DWPC THTE DRCT SKNT OMEG
CFRL HGHT
998.80 20.44 16.75 14.61 324.12 162.18 5.71 0.00
0.00 191.65
995.70 20.24 16.20 13.78 322.70 161.57 9.83 0.00
0.00 218.53
990.30 19.84 15.69 13.15 321.76 163.11 11.36 0.00
0.00 265.47
980.80 20.74 14.28 9.82 318.44 169.58 17.19 0.00
0.00 348.71
966.90 21.04 13.64 8.30 318.20 173.72 19.54 0.10
0.00 472.11
949.00 19.94 13.67 9.35 320.64 181.11 20.01 0.00
0.00 633.45
927.70 18.44 13.99 11.15 324.56 196.36 18.63 0.00
0.00 828.69
904.30 17.44 13.74 11.44 327.04 206.27 17.11 0.00
0.00 1047.58
879.00 17.14 12.92 10.23 328.00 209.05 14.01 0.10
0.00 1290.17
850.70 15.74 12.66 10.76 331.38 212.40 11.97 0.20
0.00 1569.12
819.30 14.34 11.70 10.04 333.07 218.21 11.62 0.10
0.00 1888.21
785.10 13.14 9.79 7.52 332.39 224.26 10.59 0.10
0.00 2248.21
747.90 11.04 7.93 5.69 332.71 240.26 9.40 0.20
0.00 2655.47
707.80 8.24 5.75 3.82 332.98 263.12 11.34 0.20
0.00 3113.68
664.70 4.54 1.02 -2.56 327.39 284.80 10.64 0.20
0.00 3629.61
618.80 1.44 -1.51 -4.77 329.12 324.32 9.32 0.10
0.00 4209.58
570.40 -2.36 -4.97 -8.34 329.83 312.36 8.94 0.00
0.00 4861.24
523.50 -6.66 -9.87 -15.63 328.11 289.29 12.35 -0.10
0.00 5537.11
481.30 -10.46 -14.24 -24.08 327.86 273.05 14.59 -0.10
0.00 6188.70
443.60 -14.36 -17.71 -28.58 329.50 262.36 16.06 -0.10
0.00 6811.61
409.70 -18.36 -20.93 -30.37 331.61 247.58 16.80 -0.20
0.00 7409.45
378.90 -22.36 -24.27 -32.37 333.49 237.94 20.86 -0.20
0.00 7988.00
351.30 -26.46 -27.09 -29.61 336.18 238.55 23.45 -0.20
61.00 8538.94
326.40 -30.26 -30.51 -31.69 337.63 245.75 23.64 -0.20
89.00 9066.00
303.90 -33.56 -34.15 -38.16 338.58 258.30 27.78 -0.20
10.00 9570.56
283.80 -36.86 -37.81 -49.37 339.27 266.93 32.67 -0.10
0.00 10047.24
265.70 -40.26 -41.08 -55.27 340.46 271.61 34.60 -0.10
0.00 10499.81
248.80 -42.86 -43.60 -61.32 342.87 275.68 35.33 -0.10
0.00 10945.33
233.60 -45.36 -45.97 -63.98 345.26 278.40 34.56 -0.10
0.00 11367.97
219.60 -48.16 -48.65 -67.41 347.05 280.62 31.62 -0.10
0.00 11777.53
205.70 -51.46 -51.81 -67.88 348.41 280.45 27.86 -0.10
0.00 12205.01
191.70 -54.46 -54.74 -73.19 350.64 275.27 25.37 -0.10
0.00 12659.33
177.70 -56.86 -57.08 -73.70 354.38 270.00 26.61 0.00
0.00 13142.11
163.80 -59.46 -59.63 -74.24 358.37 270.00 30.50 0.00
0.00 13654.69
149.80 -62.66 -62.78 -74.84 362.13 275.77 34.75 0.00
0.00 14209.36
135.90 -64.76 -64.85 -75.48 368.63 287.85 36.13 0.10
0.00 14806.38
121.90 -65.56 -9999.00 -9999.00 -9999.00 298.67 30.77 0.10
0.00 15468.27
108.00 -64.96 -9999.00 -9999.00 -9999.00 313.86 20.75 0.00
0.00 16205.01
94.00 -64.36 -9999.00 -9999.00 -9999.00 319.69 8.41 0.10
0.00 17052.30
81.00 -61.36 -9999.00 -9999.00 -9999.00 297.35 6.33 0.10
0.00 17968.52
70.60 -58.86 -9999.00 -9999.00 -9999.00 22.38 3.57 0.00
0.00 18825.46
62.20 -58.36 -9999.00 -9999.00 -9999.00 58.57 4.10 0.00
0.00 19620.96
54.30 -57.16 -9999.00 -9999.00 -9999.00 73.81 6.27 0.00
0.00 20477.34
46.90 -56.06 -9999.00 -9999.00 -9999.00 73.20 10.76 0.00
0.00 21405.97
40.10 -54.66 -9999.00 -9999.00 -9999.00 80.66 14.37 0.00
0.00 22404.56
33.80 -52.26 -9999.00 -9999.00 -9999.00 86.47 15.77 0.00
0.00 23503.65
27.80 -50.66 -9999.00 -9999.00 -9999.00 86.10 17.13 0.00
0.00 24771.80
22.30 -48.66 -9999.00 -9999.00 -9999.00 78.58 20.61 0.00
0.00 26213.95
17.10 -45.46 -9999.00 -9999.00 -9999.00 75.48 27.89 0.00
0.00 27971.08
12.30 -42.26 -9999.00 -9999.00 -9999.00 76.80 35.72 0.00
0.00 30182.42

STID = KMDW STNM = 725340 TIME = 200808/1400 
SLAT = 41.78 SLON = -87.75 SELV = 183.0
STIM = 2

SHOW = 0.05 LIFT = 5.36 SWET = 184.78 KINX = 31.20
LCLP = 874.77 PWAT = 37.96 TOTL = 46.62 CAPE = 0.00
LCLT = 284.65 CINS = 0.00 EQLV = -9999.00 LFCT = -9999.00
BRCH = 0.00

PRES TMPC TMWC DWPC THTE DRCT SKNT OMEG
CFRL HGHT
998.20 22.44 16.83 13.52 324.39 170.54 7.09 0.00
0.00 192.59
995.20 22.04 16.38 12.95 323.28 172.18 10.00 0.00
0.00 218.76
989.80 21.54 15.95 12.51 322.60 173.45 11.93 0.00
0.00 266.00
980.40 20.84 15.26 11.70 321.58 176.47 15.77 0.00
0.00 348.66
966.50 20.74 13.96 9.24 319.26 180.00 18.84 0.00
0.00 472.14
948.60 20.14 13.58 9.02 320.42 184.28 20.84 0.10
0.00 633.53
927.20 18.94 14.14 11.09 325.09 201.11 21.04 0.10
0.00 830.00
903.90 18.04 14.81 12.93 330.63 211.57 18.92 0.10
0.00 1048.54
878.60 17.34 14.35 12.62 332.82 216.03 15.85 0.20
0.00 1291.75
850.20 15.94 13.49 12.05 334.23 221.19 14.45 0.20
0.00 1572.24
818.90 14.44 11.93 10.39 333.92 225.00 14.01 0.20
0.00 1890.75
784.70 13.24 9.71 7.31 332.21 223.15 12.78 0.20
0.00 2251.07
747.60 11.24 7.88 5.44 332.60 235.49 11.31 0.20
0.00 2657.61
707.50 8.44 5.25 2.68 331.59 257.47 12.53 0.20
0.00 3116.24
664.50 4.94 1.13 -2.76 327.69 281.31 9.91 0.10
0.00 3631.61
618.60 1.54 -0.60 -2.76 331.48 332.82 8.08 0.10
0.00 4212.40
570.20 -2.46 -4.21 -6.27 331.71 332.45 10.08 0.10
0.00 4864.54
523.30 -7.26 -8.67 -10.74 330.83 315.00 11.27 0.10
0.00 5540.12
481.20 -11.06 -13.48 -18.53 329.51 291.97 11.95 0.10
0.00 6189.23
443.40 -14.66 -17.61 -26.43 329.78 270.90 12.43 0.20
0.00 6813.09
409.50 -18.46 -21.15 -31.56 331.24 245.07 15.21 0.10
0.00 7410.77
378.80 -22.46 -24.75 -36.19 332.62 241.19 22.16 0.00
0.00 7987.37
351.20 -26.56 -27.75 -33.46 335.02 239.74 24.28 0.00
0.00 8538.16
326.30 -30.46 -30.82 -32.61 337.13 241.79 24.24 -0.10
100.00 9064.99
303.90 -33.76 -34.30 -37.95 338.34 255.67 27.47 -0.10
0.00 9566.96
283.80 -37.06 -37.99 -49.37 338.98 264.94 30.81 -0.10
0.00 10043.25
265.60 -40.26 -41.15 -59.06 340.37 268.98 32.63 -0.10
0.00 10498.20
248.80 -42.86 -43.62 -63.51 342.82 272.26 34.40 0.00
0.00 10941.17
233.60 -45.36 -46.00 -66.97 345.22 274.18 34.67 0.00
0.00 11363.81
219.60 -48.16 -48.65 -67.41 347.05 274.16 32.13 0.00
0.00 11773.36
205.70 -51.46 -51.81 -67.88 348.41 271.55 28.77 0.00
0.00 12200.85
191.70 -54.66 -54.94 -73.19 350.32 265.86 26.88 0.00
0.00 12654.95
177.70 -57.06 -57.28 -73.70 354.06 261.63 26.71 0.10
0.00 13137.29
163.80 -59.56 -59.73 -74.24 358.20 265.01 29.06 0.10
0.00 13649.51
149.80 -62.36 -62.48 -74.84 362.64 275.78 32.81 0.10
0.00 14204.45
135.90 -64.06 -64.17 -75.48 369.87 292.11 33.55 0.10
0.00 14802.88
121.90 -64.76 -9999.00 -9999.00 -9999.00 305.30 26.90 0.00
0.00 15467.17
108.00 -64.16 -9999.00 -9999.00 -9999.00 312.59 16.36 0.00
0.00 16206.74
94.00 -63.16 -9999.00 -9999.00 -9999.00 292.44 9.67 0.00
0.00 17058.09
81.00 -60.46 -9999.00 -9999.00 -9999.00 300.78 10.63 0.00
0.00 17978.89
70.60 -59.56 -9999.00 -9999.00 -9999.00 338.20 4.18 0.00
0.00 18836.23
62.20 -59.16 -9999.00 -9999.00 -9999.00 321.34 1.24 0.00
0.00 19628.95
54.30 -57.66 -9999.00 -9999.00 -9999.00 78.69 3.96 0.00
0.00 20482.75
46.90 -56.66 -9999.00 -9999.00 -9999.00 81.33 11.60 0.00
0.00 21409.02
40.10 -55.46 -9999.00 -9999.00 -9999.00 88.65 16.51 0.00
0.00 22404.40
33.80 -53.56 -9999.00 -9999.00 -9999.00 86.35 18.30 0.00
0.00 23498.24
27.80 -51.66 -9999.00 -9999.00 -9999.00 76.92 19.74 0.00
0.00 24759.81
22.30 -48.56 -9999.00 -9999.00 -9999.00 69.33 23.66 0.00
0.00 26199.05
17.10 -44.56 -9999.00 -9999.00 -9999.00 75.96 28.83 0.00
0.00 27960.06
12.30 -42.06 -9999.00 -9999.00 -9999.00 81.68 33.57 0.00
0.00 30176.71

STID = KMDW STNM = 725340 TIME = 200808/1500 
SLAT = 41.78 SLON = -87.75 SELV = 183.0
STIM = 3

SHOW = -1.06 LIFT = 4.17 SWET = 197.37 KINX = 31.15
LCLP = 826.02 PWAT = 38.67 TOTL = 47.84 CAPE = 0.00
LCLT = 282.38 CINS = 0.00 EQLV = -9999.00 LFCT = -9999.00
BRCH = 0.00

PRES TMPC TMWC DWPC THTE DRCT SKNT OMEG
CFRL HGHT
997.20 24.84 16.91 12.07 324.64 180.00 7.96 0.00
0.00 192.67
994.20 24.14 16.55 11.86 323.86 180.00 10.68 0.00
0.00 219.06
988.80 23.54 16.24 11.69 323.56 180.00 12.43 0.00
0.00 266.66
979.30 22.54 15.73 11.44 323.18 181.59 13.99 -0.10
0.00 350.80
965.50 21.34 15.05 11.00 322.80 183.41 16.34 -0.10
0.00 474.02
947.60 20.14 14.17 10.22 322.40 186.67 18.38 0.00
0.00 635.83
926.30 19.14 14.80 12.18 327.39 205.05 19.74 0.10
0.00 831.73
902.90 18.54 15.95 14.55 334.78 216.03 18.49 0.20
0.00 1051.82
877.60 17.64 15.45 14.26 336.85 223.09 16.49 0.30
0.00 1295.82
849.30 16.14 14.23 13.15 336.94 229.81 14.74 0.30
7.00 1576.03
818.00 14.74 12.16 10.59 334.81 230.39 14.63 0.30
6.00 1895.26
783.90 13.64 9.66 6.92 332.15 226.70 13.87 0.30
1.00 2255.33
746.80 11.54 7.58 4.62 331.81 235.58 12.72 0.20
0.00 2662.72
706.80 8.64 4.67 1.28 330.03 255.75 12.63 0.10
0.00 3120.94
663.90 5.14 1.20 -2.80 327.98 285.02 8.24 0.10
0.00 3635.87
618.10 1.64 -0.21 -2.02 332.58 353.09 6.45 0.10
0.00 4216.26
569.80 -2.46 -4.47 -6.89 331.17 348.06 10.33 0.10
0.00 4867.68
523.00 -7.26 -8.57 -10.47 331.11 330.12 10.53 0.10
0.00 5542.23
480.90 -10.96 -13.04 -17.09 330.49 307.35 9.29 0.10
0.00 6191.91
443.20 -14.36 -17.37 -26.22 330.28 268.94 10.49 0.10
0.00 6814.98
409.40 -18.16 -21.28 -34.99 330.97 246.30 17.40 0.00
0.00 7411.77
378.70 -22.46 -25.08 -40.70 332.01 247.95 25.35 -0.10
0.00 7988.80
351.10 -26.46 -28.16 -38.08 334.30 242.35 27.62 -0.20
0.00 8539.78
326.30 -30.36 -30.97 -34.21 336.87 241.83 27.99 -0.30
64.00 9064.73
303.90 -34.16 -34.62 -37.75 337.81 252.42 28.94 -0.30
18.00 9566.37
283.80 -37.56 -38.41 -48.80 338.31 260.42 30.34 -0.20
0.00 10041.76
265.60 -40.56 -41.42 -59.06 339.93 263.81 32.44 -0.10
0.00 10495.94
248.80 -42.96 -43.69 -61.32 342.72 266.58 35.80 -0.10
0.00 10938.52
233.60 -45.46 -46.07 -63.98 345.11 268.54 38.09 -0.10
0.00 11360.98
219.60 -48.06 -48.56 -67.41 347.20 268.77 36.32 0.00
0.00 11770.54
205.70 -51.26 -51.62 -67.88 348.72 265.89 32.52 0.00
0.00 12198.31
191.70 -54.46 -54.74 -73.19 350.64 260.84 30.50 0.00
0.00 12652.83
177.80 -56.86 -57.08 -73.70 354.33 258.91 29.29 0.10
0.00 13132.03
163.80 -59.16 -59.34 -74.24 358.87 265.89 29.80 0.00
0.00 13648.51
149.80 -61.66 -61.80 -74.84 363.85 281.17 32.07 0.00
0.00 14204.88
135.90 -63.46 -63.58 -75.48 370.93 298.56 32.52 0.00
0.00 14805.17
121.90 -64.36 -9999.00 -9999.00 -9999.00 307.21 26.34 0.00
0.00 15471.04
108.00 -64.16 -9999.00 -9999.00 -9999.00 302.57 16.59 0.00
0.00 16211.33
94.00 -63.56 -9999.00 -9999.00 -9999.00 281.66 12.49 0.00
0.00 17061.87
81.00 -61.26 -9999.00 -9999.00 -9999.00 304.00 10.08 0.00
0.00 17980.05
70.60 -60.66 -9999.00 -9999.00 -9999.00 18.43 1.85 0.00
0.00 18833.57
62.20 -59.46 -9999.00 -9999.00 -9999.00 90.00 1.94 0.00
0.00 19623.70
54.30 -57.16 -9999.00 -9999.00 -9999.00 79.11 10.30 0.00
0.00 20477.89
46.90 -56.16 -9999.00 -9999.00 -9999.00 84.81 17.17 0.00
0.00 21406.30
40.10 -54.76 -9999.00 -9999.00 -9999.00 90.00 18.26 0.00
0.00 22404.43
33.80 -53.16 -9999.00 -9999.00 -9999.00 79.92 17.75 0.00
0.00 23501.03
27.80 -51.16 -9999.00 -9999.00 -9999.00 73.19 19.48 0.00
0.00 24765.17
22.30 -48.56 -9999.00 -9999.00 -9999.00 77.07 24.32 0.00
0.00 26206.03
17.10 -44.96 -9999.00 -9999.00 -9999.00 84.41 27.91 0.00
0.00 27965.49
12.30 -41.66 -9999.00 -9999.00 -9999.00 83.85 32.63 0.00
0.00 30182.14

STID = KMDW STNM = 725340 TIME = 200808/1600 
SLAT = 41.78 SLON = -87.75 SELV = 183.0
STIM = 4

SHOW = -1.43 LIFT = 2.63 SWET = 196.79 KINX = 31.25
LCLP = 813.99 PWAT = 39.49 TOTL = 48.47 CAPE = 0.00
LCLT = 282.83 CINS = 0.00 EQLV = -9999.00 LFCT = -9999.00
BRCH = 0.00

PRES TMPC TMWC DWPC THTE DRCT SKNT OMEG
CFRL HGHT
998.00 26.64 17.87 12.77 327.78 185.86 7.61 0.00
0.00 191.84
995.00 25.84 17.53 12.64 327.02 185.49 10.14 0.00
0.00 218.37
989.50 25.14 17.22 12.54 326.74 184.76 11.69 0.00
0.00 267.09
980.10 24.14 16.78 12.40 326.53 185.12 13.07 -0.10
0.00 350.76
966.20 22.84 16.20 12.20 326.45 186.34 14.06 -0.10
0.00 475.49
948.30 21.14 15.47 12.03 326.51 188.24 14.92 -0.10
0.00 637.95
926.90 19.54 15.35 12.90 329.14 207.73 17.11 -0.10
0.00 835.19
903.50 18.84 16.57 15.38 336.94 215.46 17.40 -0.10
0.00 1055.47
878.20 17.74 16.12 15.27 339.23 225.00 16.20 -0.10
8.00 1299.58
849.80 16.54 14.45 13.29 337.65 232.98 14.84 0.00
14.00 1580.92
818.50 15.34 12.21 10.31 334.90 237.31 15.46 -0.10
5.00 1900.50
784.30 13.84 9.76 6.97 332.41 234.89 15.19 -0.10
0.00 2261.91
747.20 11.54 7.22 3.89 330.66 235.41 13.69 -0.10
0.00 2669.18
707.20 8.74 4.52 0.84 329.52 251.57 11.67 -0.10
0.00 3127.15
664.30 5.34 1.37 -2.62 328.35 292.48 6.10 -0.10
0.00 3642.04
618.40 1.74 -0.11 -1.91 332.78 14.93 6.02 0.00
0.00 4223.71
570.00 -2.46 -4.74 -7.58 330.47 360.00 9.71 0.00
0.00 4876.29
523.20 -7.36 -8.95 -11.34 330.24 334.59 8.61 0.00
0.00 5550.38
481.10 -10.96 -12.97 -16.86 330.58 299.36 7.13 0.00
0.00 6199.65
443.40 -14.46 -17.02 -23.87 330.94 260.38 11.62 0.00
0.00 6822.38
409.50 -18.56 -21.44 -33.60 330.68 254.64 18.34 -0.10
0.00 7420.20
378.80 -22.66 -24.84 -35.56 332.46 251.42 25.00 -0.10
0.00 7996.44
351.20 -26.56 -27.71 -33.15 335.10 241.62 30.24 -0.10
0.00 8547.02
326.30 -30.56 -31.09 -33.90 336.66 239.28 31.18 -0.10
14.00 9073.73
303.90 -34.46 -35.14 -40.48 336.93 244.78 29.62 -0.10
19.00 9574.84
283.80 -37.66 -38.63 -52.86 337.92 250.85 29.60 0.00
0.00 10049.80
265.60 -40.26 -41.15 -59.06 340.37 257.33 33.64 0.00
0.00 10504.16
248.80 -42.56 -43.30 -59.58 343.36 264.05 41.20 0.00
0.00 10947.42
233.60 -45.36 -45.95 -61.80 345.31 268.24 44.31 0.00
0.00 11370.34
219.60 -48.26 -48.72 -64.44 346.94 271.07 41.76 0.00
0.00 11779.81
205.70 -51.26 -51.62 -67.88 348.72 270.32 34.38 0.00
0.00 12207.39
191.70 -54.26 -54.55 -73.19 350.96 265.24 30.40 0.10
0.00 12662.12
177.80 -56.36 -56.60 -73.70 355.15 264.70 29.45 0.10
0.00 13142.09
163.80 -58.46 -58.66 -74.24 360.04 274.14 29.60 0.10
0.00 13660.01
149.80 -61.06 -61.21 -74.84 364.88 289.01 30.40 0.00
0.00 14218.08
135.90 -63.16 -63.28 -75.48 371.46 300.71 30.05 0.00
0.00 14819.66
121.90 -64.36 -9999.00 -9999.00 -9999.00 305.70 24.63 0.00
0.00 15486.01
108.00 -64.36 -9999.00 -9999.00 -9999.00 296.24 15.38 0.00
0.00 16225.93
94.00 -64.26 -9999.00 -9999.00 -9999.00 279.31 12.00 0.00
0.00 17074.65
81.00 -62.06 -9999.00 -9999.00 -9999.00 316.27 6.18 0.00
0.00 17989.56
70.60 -61.46 -9999.00 -9999.00 -9999.00 112.83 4.00 0.00
0.00 18839.86
62.20 -59.06 -9999.00 -9999.00 -9999.00 110.56 4.97 0.00
0.00 19629.25
54.30 -56.76 -9999.00 -9999.00 -9999.00 95.27 12.68 0.00
0.00 20485.03
46.90 -55.26 -9999.00 -9999.00 -9999.00 104.04 14.41 0.00
0.00 21416.23
40.10 -53.76 -9999.00 -9999.00 -9999.00 92.45 13.62 0.00
0.00 22418.72
33.80 -52.96 -9999.00 -9999.00 -9999.00 70.82 14.20 0.00
0.00 23518.31
27.80 -51.66 -9999.00 -9999.00 -9999.00 64.87 17.39 0.00
0.00 24781.60
22.30 -49.56 -9999.00 -9999.00 -9999.00 78.04 23.43 0.00
0.00 26217.62
17.10 -46.56 -9999.00 -9999.00 -9999.00 86.31 30.17 0.00
0.00 27966.97
12.30 -41.96 -9999.00 -9999.00 -9999.00 88.61 40.03 0.00
0.00 30174.46

STID = KMDW STNM = 725340 TIME = 200808/1700 
SLAT = 41.78 SLON = -87.75 SELV = 183.0
STIM = 5

SHOW = -1.51 LIFT = 1.02 SWET = 198.92 KINX = 31.59
LCLP = 815.39 PWAT = 40.72 TOTL = 48.35 CAPE = 0.00
LCLT = 284.34 CINS = 0.00 EQLV = -9999.00 LFCT = -9999.00
BRCH = 0.00

PRES TMPC TMWC DWPC THTE DRCT SKNT OMEG
CFRL HGHT
997.40 28.04 19.10 14.28 332.28 186.71 6.64 0.00
0.00 192.78
994.50 27.14 18.75 14.19 331.45 185.19 8.59 0.00
0.00 218.57
989.00 26.44 18.46 14.10 331.18 185.95 9.38 0.00
0.00 267.56
979.60 25.44 18.04 13.97 331.00 186.46 10.35 0.00
0.00 351.69
965.60 24.04 17.46 13.81 330.92 187.99 11.19 -0.10
0.00 477.99
947.80 22.44 16.79 13.63 331.09 189.62 11.62 -0.10
0.00 640.42
926.40 20.54 16.36 14.07 332.73 206.93 13.73 0.00
0.00 838.65
903.00 19.24 16.58 15.19 337.05 215.54 15.03 0.00
0.00 1059.63
877.60 17.54 16.09 15.32 339.20 225.00 15.66 0.00
0.00 1304.93
849.30 16.34 14.55 13.56 338.09 234.89 15.19 -0.10
19.00 1585.28
818.10 15.34 12.32 10.50 335.34 244.08 15.56 -0.10
5.00 1903.94
783.90 13.74 9.84 7.19 332.72 244.76 15.03 0.00
1.00 2265.49
746.90 11.44 7.03 3.57 330.13 237.99 14.67 0.00
0.00 2671.71
706.90 8.54 4.50 1.00 329.53 246.57 12.70 0.10
0.00 3129.62
664.00 5.34 1.46 -2.40 328.64 277.59 5.89 0.10
0.00 3644.57
618.10 1.74 -0.21 -2.12 332.58 32.01 3.67 0.10
0.00 4226.51
569.80 -2.66 -4.99 -7.96 329.91 7.91 7.05 0.20
0.00 4877.74
523.10 -7.36 -9.24 -12.17 329.62 323.13 4.86 0.20
0.00 5550.26
481.00 -10.76 -12.93 -17.15 330.69 268.36 6.80 0.20
0.00 6199.85
443.30 -14.66 -16.46 -20.67 332.10 257.74 13.71 0.10
0.00 6822.79
409.40 -19.26 -20.83 -25.68 331.94 260.96 17.31 0.00
0.00 7419.88
378.70 -23.16 -24.63 -30.52 332.94 255.59 21.85 -0.10
0.00 7995.07
351.10 -26.76 -27.24 -29.17 335.96 241.24 29.47 -0.10
0.00 8545.12
326.30 -30.66 -31.09 -33.31 336.67 237.11 30.77 -0.10
100.00 9069.53
303.90 -34.26 -35.35 -46.20 336.56 240.35 29.06 -0.10
0.00 9570.72
283.80 -36.96 -38.11 -57.08 338.76 247.95 33.12 0.00
0.00 10046.55
265.60 -39.76 -40.67 -57.61 341.14 255.30 40.56 0.00
0.00 10502.08
248.80 -42.86 -43.57 -59.58 342.91 262.94 42.68 -0.10
0.00 10945.52
233.60 -45.66 -46.23 -61.80 344.85 269.74 42.93 -0.10
0.00 11367.89
219.60 -48.26 -48.72 -64.44 346.94 273.63 39.90 0.00
0.00 11777.09
205.70 -51.06 -51.43 -67.88 349.04 273.45 32.30 0.00
0.00 12204.86
191.70 -53.76 -54.07 -73.19 351.76 267.63 28.19 0.00
0.00 12660.31
177.80 -55.76 -56.02 -73.70 356.13 266.93 28.98 0.00
0.00 13141.50
163.80 -57.96 -58.17 -74.24 360.88 275.44 28.69 0.00
0.00 13660.73
149.80 -60.96 -61.11 -74.84 365.05 288.56 27.47 -0.10
0.00 14219.59
135.90 -63.46 -63.58 -75.48 370.93 300.11 26.73 -0.10
0.00 14820.88
121.90 -65.06 -9999.00 -9999.00 -9999.00 303.29 23.00 -0.10
0.00 15485.64
108.00 -64.96 -9999.00 -9999.00 -9999.00 285.95 14.14 0.00
0.00 16223.26
94.00 -64.16 -9999.00 -9999.00 -9999.00 262.15 11.36 0.00
0.00 17070.96
81.00 -61.66 -9999.00 -9999.00 -9999.00 264.29 1.94 0.00
0.00 17986.96
70.60 -61.46 -9999.00 -9999.00 -9999.00 143.62 4.58 0.00
0.00 18838.07
62.20 -58.66 -9999.00 -9999.00 -9999.00 72.90 5.28 0.00
0.00 19628.20
54.30 -57.56 -9999.00 -9999.00 -9999.00 81.25 12.78 0.00
0.00 20483.19
46.90 -55.86 -9999.00 -9999.00 -9999.00 90.00 12.24 0.00
0.00 21411.38
40.10 -54.36 -9999.00 -9999.00 -9999.00 80.68 13.19 0.00
0.00 22411.12
33.80 -52.96 -9999.00 -9999.00 -9999.00 72.84 13.83 0.00
0.00 23509.21
27.80 -51.16 -9999.00 -9999.00 -9999.00 67.52 18.30 0.00
0.00 24773.93
22.30 -49.16 -9999.00 -9999.00 -9999.00 76.20 22.80 0.00
0.00 26212.85
17.10 -46.06 -9999.00 -9999.00 -9999.00 88.88 29.91 0.00
0.00 27965.70
12.30 -42.16 -9999.00 -9999.00 -9999.00 90.60 37.30 0.00
0.00 30174.63

STID = KMDW STNM = 725340 TIME = 200808/1800 
SLAT = 41.78 SLON = -87.75 SELV = 183.0
STIM = 6

SHOW = -1.45 LIFT = -0.30 SWET = 205.47 KINX = 32.11
LCLP = 819.83 PWAT = 41.66 TOTL = 47.96 CAPE = 25.00
LCLT = 285.88 CINS = -224.03 EQLV = 370.08 LFCT = 557.03
BRCH = 3.60

PRES TMPC TMWC DWPC THTE DRCT SKNT OMEG
CFRL HGHT
996.70 29.14 20.22 15.76 336.69 191.98 6.55 0.00
0.00 191.93
993.70 28.34 19.93 15.68 336.00 189.46 8.28 0.00
0.00 218.75
988.20 27.64 19.65 15.60 335.75 188.65 9.03 -0.10
0.00 268.01
978.80 26.64 19.25 15.48 335.60 189.09 9.83 -0.10
0.00 352.60
964.90 25.24 18.66 15.28 335.44 190.68 10.47 -0.20
0.00 478.68
947.00 23.54 17.95 15.05 335.44 192.31 10.94 -0.20
0.00 642.89
925.60 21.64 17.16 14.81 335.72 195.68 11.50 -0.20
0.00 842.12
902.30 19.84 16.77 15.18 337.84 211.83 13.27 -0.20
0.00 1063.01
876.90 17.84 15.89 14.86 338.58 225.52 15.25 -0.20
0.00 1308.85
848.70 16.14 14.67 13.86 338.63 232.72 16.36 -0.20
20.00 1588.47
817.40 14.94 12.40 10.88 335.72 242.53 16.41 -0.20
12.00 1908.11
783.30 13.54 9.75 7.16 332.53 247.91 14.47 -0.20
2.00 2268.55
746.30 11.34 7.07 3.75 330.36 244.50 13.99 -0.10
0.00 2674.88
706.40 8.54 4.85 1.76 330.61 249.15 13.09 0.00
0.00 3131.97
663.60 5.54 1.61 -2.27 329.09 264.09 5.67 0.10
0.00 3646.30
617.80 1.94 -0.28 -2.48 332.44 63.43 1.73 0.10
0.00 4227.69
569.60 -2.56 -5.24 -8.75 329.37 4.57 4.88 0.10
0.00 4878.14
522.80 -7.16 -9.33 -12.80 329.47 291.25 3.75 0.10
0.00 5552.71
480.80 -10.46 -12.79 -17.33 331.01 256.61 8.39 0.00
0.00 6201.66
443.20 -14.66 -16.20 -19.62 332.65 264.45 14.04 0.00
0.00 6823.53
409.30 -19.56 -20.29 -22.22 333.01 272.05 16.34 -0.10
4.00 7420.52
378.70 -23.46 -24.27 -27.11 333.60 261.09 20.05 -0.10
0.00 7993.34
351.10 -26.96 -27.44 -29.39 335.62 243.98 27.45 -0.10
100.00 8542.89
326.20 -30.56 -31.47 -37.05 336.03 235.90 29.80 -0.10
0.00 9069.34
303.90 -33.76 -35.20 -55.26 336.74 238.67 31.39 0.00
0.00 9568.95
283.70 -36.46 -37.67 -57.08 339.51 250.40 39.37 -0.10
0.00 10048.22
265.60 -39.96 -40.90 -60.81 340.76 256.55 41.74 -0.10
0.00 10501.61
248.80 -43.06 -43.80 -63.51 342.52 264.13 41.78 -0.10
0.00 10944.66
233.60 -45.76 -46.37 -66.97 344.61 268.36 40.81 -0.10
0.00 11366.75
219.60 -48.16 -48.65 -67.41 347.05 270.00 38.27 0.00
0.00 11775.94
205.70 -50.76 -51.15 -67.88 349.51 268.60 31.86 0.00
0.00 12204.10
191.70 -53.26 -53.59 -73.19 352.56 262.09 28.24 0.00
0.00 12660.37
177.80 -55.46 -55.73 -73.70 356.62 262.73 29.18 0.00
0.00 13142.44
163.80 -58.16 -58.37 -74.24 360.55 271.95 28.57 0.00
0.00 13661.79
149.80 -61.46 -61.60 -74.84 364.19 284.77 25.91 0.00
0.00 14219.74
135.90 -64.26 -64.36 -75.48 369.52 294.64 23.29 0.00
0.00 14819.17
121.90 -65.56 -9999.00 -9999.00 -9999.00 290.70 18.69 0.00
0.00 15481.86
108.00 -64.76 -9999.00 -9999.00 -9999.00 261.38 12.98 0.00
0.00 16218.96
94.00 -63.46 -9999.00 -9999.00 -9999.00 256.76 10.18 0.00
0.00 17068.48
81.00 -61.46 -9999.00 -9999.00 -9999.00 360.00 0.78 0.00
0.00 17986.44
70.60 -61.86 -9999.00 -9999.00 -9999.00 153.43 1.30 0.00
0.00 18837.15
62.20 -58.96 -9999.00 -9999.00 -9999.00 50.44 5.79 0.00
0.00 19625.98
54.30 -57.96 -9999.00 -9999.00 -9999.00 92.16 10.30 0.00
0.00 20479.58
46.90 -55.76 -9999.00 -9999.00 -9999.00 100.89 10.30 0.00
0.00 21407.13
40.10 -54.86 -9999.00 -9999.00 -9999.00 83.56 12.12 0.00
0.00 22405.95
33.80 -53.06 -9999.00 -9999.00 -9999.00 71.32 14.55 0.00
0.00 23502.54
27.80 -50.76 -9999.00 -9999.00 -9999.00 73.19 19.48 0.00
0.00 24768.11
22.30 -48.06 -9999.00 -9999.00 -9999.00 81.57 21.21 0.00
0.00 26211.88
17.10 -45.26 -9999.00 -9999.00 -9999.00 92.49 26.83 0.00
0.00 27972.11
12.30 -42.56 -9999.00 -9999.00 -9999.00 95.25 33.94 0.00
0.00 30182.97

STID = KMDW STNM = 725340 TIME = 200808/1900 
SLAT = 41.78 SLON = -87.75 SELV = 183.0
STIM = 7

SHOW = -1.56 LIFT = -1.66 SWET = 205.96 KINX = 33.80
LCLP = 819.50 PWAT = 42.57 TOTL = 48.33 CAPE = 296.34
LCLT = 286.88 CINS = -104.33 EQLV = 318.08 LFCT = 613.62
BRCH = 35.10

PRES TMPC TMWC DWPC THTE DRCT SKNT OMEG
CFRL HGHT
996.80 30.24 21.12 16.79 340.26 190.71 7.32 0.00
0.00 192.87
993.80 29.34 20.79 16.70 339.42 188.47 9.23 0.00
0.00 219.79
988.30 28.64 20.52 16.61 339.16 186.71 9.98 -0.10
0.00 269.23
978.90 27.64 20.11 16.46 338.94 187.25 10.76 -0.10
0.00 354.13
965.00 26.34 19.56 16.25 338.89 187.85 11.36 -0.20
0.00 480.69
947.00 24.64 18.83 15.96 338.78 189.62 11.62 -0.30
0.00 646.50
925.70 22.64 17.97 15.63 338.74 191.31 11.89 -0.30
0.00 845.57
902.30 20.54 17.07 15.30 338.96 203.43 12.70 -0.20
0.00 1068.09
877.00 18.64 16.06 14.72 339.19 223.45 15.25 -0.20
0.00 1313.57
848.70 16.44 14.67 13.69 338.60 231.55 16.86 -0.20
11.00 1594.68
817.50 14.64 12.60 11.40 336.41 237.86 17.89 -0.10
17.00 1913.30
783.40 13.54 9.66 6.99 332.23 246.33 15.48 -0.10
0.00 2273.54
746.40 11.24 7.48 4.67 331.59 251.03 13.15 0.00
0.00 2679.78
706.40 8.44 5.59 3.35 332.75 253.81 12.55 0.10
0.00 3137.99
663.50 5.74 1.74 -2.19 329.44 254.58 5.85 0.10
0.00 3653.77
617.80 2.14 -0.33 -2.80 332.31 123.69 0.70 0.10
0.00 4234.34
569.60 -2.36 -5.41 -9.55 328.95 349.70 4.35 0.00
0.00 4885.20
522.80 -7.16 -9.37 -12.93 329.38 278.75 5.11 -0.10
0.00 5559.97
480.80 -10.66 -12.80 -16.93 330.99 263.16 9.79 -0.10
0.00 6208.68
443.20 -14.96 -16.36 -19.49 332.34 266.48 12.65 -0.10
0.00 6829.97
409.30 -19.86 -20.27 -21.32 333.05 270.78 14.18 0.00
100.00 7426.29
378.60 -23.96 -24.50 -26.35 333.23 258.02 19.66 0.00
100.00 8000.18
351.10 -27.06 -28.11 -33.15 334.44 243.62 27.10 0.00
45.00 8547.11
326.20 -30.16 -31.88 -48.75 335.24 236.70 31.84 0.00
0.00 9073.79
303.90 -33.36 -34.88 -56.52 337.26 247.27 37.70 0.00
0.00 9574.17
283.70 -36.96 -38.13 -58.54 338.75 253.66 38.66 -0.10
0.00 10053.34
265.60 -40.26 -41.19 -63.02 340.28 257.07 39.06 -0.10
0.00 10505.95
248.80 -43.16 -43.89 -63.51 342.37 262.74 39.96 0.00
0.00 10948.62
233.60 -45.46 -46.07 -63.98 345.11 267.23 40.25 0.00
0.00 11370.90
219.60 -47.76 -48.28 -67.41 347.66 270.59 37.88 0.00
0.00 11780.72
205.70 -50.36 -50.79 -72.71 350.09 271.37 32.44 0.00
0.00 12209.64
191.70 -52.86 -53.20 -73.19 353.20 266.13 28.81 0.00
0.00 12666.74
177.80 -55.36 -55.63 -73.70 356.78 265.69 28.44 0.00
0.00 13149.36
163.80 -58.26 -58.46 -74.24 360.38 272.84 27.43 -0.10
0.00 13668.71
149.80 -61.66 -61.80 -74.84 363.85 280.27 25.08 0.00
0.00 14226.26
135.90 -64.16 -64.26 -75.48 369.69 285.03 21.72 0.00
0.00 14825.56
121.90 -64.96 -9999.00 -9999.00 -9999.00 278.56 18.26 0.00
0.00 15489.36
108.00 -64.66 -9999.00 -9999.00 -9999.00 259.25 15.62 0.00
0.00 16227.70
94.00 -63.76 -9999.00 -9999.00 -9999.00 270.00 10.88 0.00
0.00 17076.81
81.00 -62.06 -9999.00 -9999.00 -9999.00 255.96 0.80 0.00
0.00 17992.81
70.60 -61.46 -9999.00 -9999.00 -9999.00 227.73 2.89 0.00
0.00 18843.12
62.20 -57.96 -9999.00 -9999.00 -9999.00 64.44 4.95 0.00
0.00 19634.54
54.30 -57.36 -9999.00 -9999.00 -9999.00 106.31 8.29 0.00
0.00 20491.32
46.90 -56.06 -9999.00 -9999.00 -9999.00 103.74 8.99 0.00
0.00 21419.52
40.10 -56.06 -9999.00 -9999.00 -9999.00 81.87 10.99 0.00
0.00 22414.90
33.80 -53.46 -9999.00 -9999.00 -9999.00 69.53 15.56 0.00
0.00 23507.49
27.80 -49.76 -9999.00 -9999.00 -9999.00 75.10 21.91 0.00
0.00 24774.78
22.30 -47.16 -9999.00 -9999.00 -9999.00 87.63 23.52 0.00
0.00 26224.67
17.10 -44.76 -9999.00 -9999.00 -9999.00 92.27 24.49 0.00
0.00 27990.34
12.30 -42.06 -9999.00 -9999.00 -9999.00 90.00 28.55 0.00
0.00 30206.03

STID = KMDW STNM = 725340 TIME = 200808/2000 
SLAT = 41.78 SLON = -87.75 SELV = 183.0
STIM = 8

SHOW = -1.97 LIFT = -2.78 SWET = 208.11 KINX = 35.24
LCLP = 818.10 PWAT = 42.97 TOTL = 49.25 CAPE = 534.52
LCLT = 287.42 CINS = -54.68 EQLV = 274.66 LFCT = 646.21
BRCH = 52.26

PRES TMPC TMWC DWPC THTE DRCT SKNT OMEG
CFRL HGHT
995.40 30.84 21.60 17.35 342.48 189.69 8.08 0.00
0.00 192.90
992.40 30.04 21.32 17.27 341.77 187.67 10.20 0.00
0.00 219.93
987.00 29.34 21.04 17.17 341.47 186.01 11.13 -0.10
0.00 268.66
977.50 28.34 20.64 17.02 341.28 185.62 11.91 -0.10
0.00 354.81
963.60 27.04 20.08 16.78 341.16 186.24 12.51 -0.20
0.00 481.88
945.70 25.34 19.34 16.47 341.00 187.88 12.74 -0.30
0.00 647.43
924.40 23.34 18.46 16.09 340.86 189.46 13.00 -0.30
0.00 847.30
901.10 21.24 17.51 15.66 340.83 192.80 13.15 -0.30
0.00 1069.74
875.80 19.04 16.32 14.92 340.33 216.09 14.18 -0.20
0.00 1316.05
847.60 16.94 14.71 13.50 338.95 228.01 15.68 -0.10
0.00 1596.97
816.40 14.24 12.91 12.13 337.64 234.22 16.28 0.00
24.00 1916.11
782.40 13.64 9.35 6.32 331.41 243.77 14.94 0.20
0.00 2275.59
745.40 11.34 8.06 5.71 333.51 254.83 11.87 0.20
0.00 2682.54
705.60 8.54 6.12 4.30 334.46 260.05 11.25 0.20
3.00 3139.32
662.80 6.04 1.83 -2.29 329.80 253.50 5.48 0.10
0.00 3654.91
617.10 2.24 -0.45 -3.17 332.13 225.00 0.54 0.00
0.00 4236.51
569.00 -2.26 -5.76 -10.74 328.25 335.38 5.13 0.00
0.00 4886.88
522.40 -7.26 -9.60 -13.45 328.97 282.88 6.97 -0.10
0.00 5559.30
480.50 -11.06 -12.95 -16.55 330.77 264.61 10.33 -0.10
0.00 6206.30
442.90 -15.26 -16.52 -19.31 332.11 259.44 11.65 0.00
0.00 6827.17
409.10 -20.16 -20.46 -21.26 332.74 259.29 14.63 0.10
100.00 7421.39
378.50 -23.76 -24.83 -28.93 332.65 253.98 20.42 0.10
28.00 7993.47
351.00 -26.46 -28.63 -45.85 333.45 248.20 29.29 0.10
0.00 8541.31
326.20 -30.06 -31.93 -53.57 335.14 252.18 34.29 0.00
0.00 9066.62
303.80 -33.96 -35.38 -55.27 336.49 258.56 34.29 -0.10
0.00 9568.79
283.70 -37.16 -38.31 -58.54 338.46 259.19 35.20 -0.10
0.00 10044.86
265.60 -40.26 -41.17 -60.81 340.32 262.37 38.01 -0.10
0.00 10497.29
248.80 -43.16 -43.89 -63.51 342.37 266.34 39.51 -0.10
0.00 10939.96
233.60 -45.66 -46.28 -66.97 344.76 270.00 40.21 -0.10
0.00 11362.05
219.60 -47.86 -48.37 -67.41 347.51 272.62 38.31 0.00
0.00 11771.60
205.70 -50.36 -50.79 -72.71 350.09 274.01 33.29 0.00
0.00 12200.42
191.70 -52.86 -53.20 -73.19 353.20 268.44 28.57 0.00
0.00 12657.52
177.80 -55.36 -55.63 -73.70 356.78 261.75 27.08 0.00
0.00 13140.14
163.80 -58.36 -58.56 -74.24 360.21 266.16 26.09 0.00
0.00 13659.38
149.80 -61.66 -61.80 -74.84 363.85 273.72 23.95 0.00
0.00 14216.80
135.90 -64.16 -64.26 -75.48 369.69 279.03 21.04 0.00
0.00 14816.09
121.90 -65.06 -9999.00 -9999.00 -9999.00 272.98 18.67 0.00
0.00 15479.74
108.00 -65.06 -9999.00 -9999.00 -9999.00 259.05 18.40 0.00
0.00 16217.18
94.00 -64.06 -9999.00 -9999.00 -9999.00 271.76 12.63 0.00
0.00 17064.88
81.00 -62.26 -9999.00 -9999.00 -9999.00 254.48 3.63 0.00
0.00 17979.79
70.60 -61.56 -9999.00 -9999.00 -9999.00 279.46 4.72 0.00
0.00 18829.49
62.20 -58.66 -9999.00 -9999.00 -9999.00 51.63 5.94 0.00
0.00 19619.43
54.30 -58.56 -9999.00 -9999.00 -9999.00 106.56 7.50 0.00
0.00 20472.44
46.90 -57.96 -9999.00 -9999.00 -9999.00 102.01 9.34 0.00
0.00 21393.98
40.10 -56.86 -9999.00 -9999.00 -9999.00 77.97 12.12 0.00
0.00 22383.17
33.80 -53.06 -9999.00 -9999.00 -9999.00 71.92 20.03 0.00
0.00 23474.76
27.80 -49.56 -9999.00 -9999.00 -9999.00 79.24 23.93 0.00
0.00 24743.77
22.30 -46.56 -9999.00 -9999.00 -9999.00 86.61 22.96 0.00
0.00 26196.24
17.10 -44.06 -9999.00 -9999.00 -9999.00 75.43 20.07 0.00
0.00 27966.97
12.30 -40.96 -9999.00 -9999.00 -9999.00 69.55 24.46 0.00
0.00 30191.33

STID = KMDW STNM = 725340 TIME = 200808/2100 
SLAT = 41.78 SLON = -87.75 SELV = 183.0
STIM = 9

SHOW = -2.44 LIFT = -3.57 SWET = 224.78 KINX = 35.47
LCLP = 817.19 PWAT = 42.98 TOTL = 50.09 CAPE = 696.67
LCLT = 287.79 CINS = -50.98 EQLV = 257.78 LFCT = 659.48
BRCH = 59.53

PRES TMPC TMWC DWPC THTE DRCT SKNT OMEG
CFRL HGHT
994.40 31.24 21.93 17.73 344.02 189.04 8.66 0.00
0.00 192.93
991.40 30.44 21.65 17.65 343.31 187.99 11.19 0.00
0.00 220.02
986.00 29.74 21.37 17.55 343.01 187.13 12.53 0.00
0.00 268.88
976.50 28.74 20.96 17.38 342.77 186.81 13.11 -0.10
0.00 355.24
962.60 27.44 20.41 17.15 342.67 188.13 13.73 -0.10
0.00 482.64
944.70 25.84 19.71 16.83 342.61 189.46 14.18 -0.10
0.00 648.64
923.40 23.84 18.83 16.44 342.46 191.00 14.24 -0.20
0.00 849.10
900.10 21.64 17.85 16.00 342.30 194.04 14.41 -0.20
0.00 1072.16
874.90 19.34 16.62 15.25 341.63 206.92 14.16 -0.10
0.00 1318.10
846.70 17.24 14.84 13.54 339.54 224.46 14.70 0.10
0.00 1599.63
815.60 14.44 13.17 12.43 338.67 230.29 14.90 0.20
22.00 1918.37
781.60 14.34 9.38 5.85 331.61 239.45 13.75 0.30
0.00 2278.78
744.70 11.74 8.86 6.92 336.15 256.46 10.78 0.40
0.00 2685.86
704.90 8.94 6.22 4.19 334.89 266.57 9.73 0.30
0.00 3143.81
662.20 6.24 1.84 -2.49 329.92 255.96 4.80 0.20
0.00 3659.22
616.60 2.24 -0.49 -3.26 332.12 248.20 1.05 0.10
0.00 4240.23
568.60 -2.26 -6.05 -11.67 327.64 330.75 5.57 0.10
0.00 4889.70
522.10 -7.36 -10.16 -15.12 327.82 294.68 7.91 0.10
0.00 5560.87
480.20 -11.36 -13.20 -16.77 330.32 271.08 10.30 0.10
0.00 6207.69
442.70 -15.26 -16.48 -19.19 332.22 257.47 10.74 0.20
0.00 6826.89
409.00 -19.86 -20.78 -23.36 332.17 261.25 15.33 0.20
100.00 7419.85
378.40 -22.86 -25.31 -39.47 331.70 263.82 23.45 0.10
0.00 7993.29
350.90 -26.46 -28.83 -52.95 333.08 267.69 28.96 0.00
0.00 8542.16
326.10 -30.26 -32.10 -53.57 334.89 267.53 31.51 0.00
0.00 9067.39
303.80 -33.76 -35.20 -55.27 336.77 264.29 33.18 0.00
0.00 9567.40
283.70 -37.16 -38.31 -58.54 338.46 266.89 35.80 0.10
0.00 10043.67
265.60 -40.26 -41.17 -60.81 340.32 265.89 37.98 0.10
0.00 10496.09
248.80 -43.16 -43.89 -63.51 342.37 265.79 39.74 0.10
0.00 10938.77
233.60 -45.46 -46.09 -66.97 345.07 268.36 40.62 0.00
0.00 11361.04
219.60 -47.66 -48.21 -72.27 347.77 270.86 38.85 0.00
0.00 11770.96
205.70 -50.06 -50.51 -72.71 350.56 272.96 33.84 0.00
0.00 12200.26
191.70 -52.56 -52.92 -73.19 353.68 269.61 28.75 0.00
0.00 12657.97
177.80 -55.26 -55.54 -73.70 356.95 261.53 27.70 0.00
0.00 13141.03
163.80 -58.36 -58.56 -74.24 360.21 262.78 27.80 0.00
0.00 13660.39
149.80 -61.66 -61.80 -74.84 363.85 271.32 25.25 0.00
0.00 14217.81
135.90 -64.16 -64.26 -75.48 369.69 273.61 21.60 0.00
0.00 14817.10
121.90 -65.16 -9999.00 -9999.00 -9999.00 264.23 19.33 0.00
0.00 15480.59
108.00 -65.26 -9999.00 -9999.00 -9999.00 256.92 19.74 0.00
0.00 16217.50
94.00 -64.26 -9999.00 -9999.00 -9999.00 273.81 11.67 0.00
0.00 17064.39
81.00 -62.36 -9999.00 -9999.00 -9999.00 246.80 2.95 0.00
0.00 17978.64
70.60 -60.66 -9999.00 -9999.00 -9999.00 323.97 2.64 0.00
0.00 18829.95
62.20 -57.96 -9999.00 -9999.00 -9999.00 87.34 8.35 0.00
0.00 19622.86
54.30 -58.36 -9999.00 -9999.00 -9999.00 113.96 7.65 0.00
0.00 20477.65
46.90 -58.06 -9999.00 -9999.00 -9999.00 74.62 8.06 0.00
0.00 21399.41
40.10 -55.86 -9999.00 -9999.00 -9999.00 58.71 11.60 0.00
0.00 22390.67
33.80 -52.46 -9999.00 -9999.00 -9999.00 76.10 19.41 0.00
0.00 23486.26
27.80 -50.26 -9999.00 -9999.00 -9999.00 80.35 19.70 0.00
0.00 24754.98
22.30 -48.06 -9999.00 -9999.00 -9999.00 76.41 18.18 0.00
0.00 26200.36
17.10 -46.06 -9999.00 -9999.00 -9999.00 59.04 20.40 0.00
0.00 27957.48
12.30 -41.66 -9999.00 -9999.00 -9999.00 69.70 30.24 0.00
0.00 30168.83

STID = KMDW STNM = 725340 TIME = 200808/2200 
SLAT = 41.78 SLON = -87.75 SELV = 183.0
STIM = 10

SHOW = -3.07 LIFT = -3.97 SWET = 246.72 KINX = 35.28
LCLP = 820.33 PWAT = 42.81 TOTL = 50.67 CAPE = 853.31
LCLT = 288.25 CINS = -42.25 EQLV = 248.89 LFCT = 675.64
BRCH = 52.38

PRES TMPC TMWC DWPC THTE DRCT SKNT OMEG
CFRL HGHT
993.80 31.34 22.19 18.13 345.23 188.30 9.42 0.00
0.00 192.04
990.80 30.54 21.90 18.05 344.51 188.00 12.55 0.00
0.00 219.16
985.40 29.84 21.63 17.95 344.21 187.91 14.12 0.00
0.00 268.07
975.90 28.94 21.26 17.79 344.11 188.75 15.33 0.00
0.00 354.55
962.00 27.64 20.71 17.55 344.00 189.81 15.97 0.00
0.00 482.14
944.20 25.94 19.98 17.23 343.81 190.91 16.41 -0.10
0.00 647.42
922.90 24.04 19.14 16.85 343.80 192.75 16.72 -0.10
0.00 848.13
899.60 21.84 18.15 16.39 343.59 195.49 16.72 -0.20
0.00 1071.51
874.30 19.44 16.97 15.75 343.08 198.87 16.22 -0.10
0.00 1318.76
846.20 17.24 15.31 14.29 341.37 215.54 15.03 0.10
0.00 1599.60
815.00 14.74 13.27 12.43 339.13 229.24 14.88 0.20
18.00 1919.80
781.10 14.44 9.71 6.43 332.73 236.53 13.73 0.30
0.00 2279.68
744.20 11.94 9.16 7.32 337.19 260.34 9.27 0.30
0.00 2687.31
704.50 9.24 6.01 3.53 334.30 278.13 6.88 0.20
0.00 3144.80
661.80 6.44 1.83 -2.73 329.96 273.81 2.91 0.20
0.00 3660.90
616.30 2.44 -0.68 -3.94 331.66 330.95 2.00 0.20
0.00 4241.32
568.40 -2.16 -6.74 -14.35 326.06 337.38 7.58 0.20
0.00 4889.90
521.90 -7.16 -10.79 -18.09 326.47 318.37 9.36 0.10
0.00 5561.49
480.10 -11.36 -13.43 -17.58 329.87 284.57 10.04 0.10
0.00 6207.07
442.60 -15.36 -16.65 -19.57 331.91 262.33 10.20 0.10
0.00 6826.25
408.90 -19.76 -21.44 -26.99 330.95 269.27 15.35 0.00
21.00 7419.27
378.30 -23.06 -25.86 -48.10 330.70 275.33 23.02 0.00
0.00 7992.64
350.90 -26.86 -29.07 -49.47 332.70 277.95 26.67 0.00
0.00 8538.90
326.10 -30.36 -32.14 -51.68 334.83 270.35 31.66 0.00
0.00 9063.60
303.80 -33.76 -35.20 -55.27 336.77 270.34 33.02 0.00
0.00 9563.50
283.70 -37.06 -38.24 -60.30 338.56 270.61 36.32 0.00
0.00 10039.88
265.60 -40.16 -41.08 -60.81 340.47 267.08 38.13 0.00
0.00 10492.49
248.80 -42.96 -43.71 -63.51 342.67 266.11 40.11 -0.10
0.00 10935.45
233.60 -45.36 -46.00 -66.97 345.22 268.92 41.38 -0.10
0.00 11358.00
219.60 -47.76 -48.28 -67.41 347.66 271.97 39.45 -0.10
0.00 11767.92
205.70 -50.36 -50.79 -72.71 350.09 275.91 33.97 -0.10
0.00 12196.84
191.70 -52.86 -53.20 -73.19 353.20 277.17 27.99 -0.10
0.00 12653.93
177.70 -55.56 -55.83 -73.70 356.51 270.00 24.86 -0.10
0.00 13139.94
163.80 -58.56 -58.75 -74.24 359.88 264.88 26.13 -0.10
0.00 13655.14
149.80 -61.66 -61.80 -74.84 363.85 268.71 25.84 0.00
0.00 14212.29
135.90 -63.96 -64.07 -75.48 370.05 265.99 22.20 0.00
0.00 14811.87
121.90 -64.86 -9999.00 -9999.00 -9999.00 252.42 20.57 0.00
0.00 15476.15
108.00 -65.06 -9999.00 -9999.00 -9999.00 255.07 21.11 0.00
0.00 16213.96
94.00 -63.66 -9999.00 -9999.00 -9999.00 277.85 11.36 0.00
0.00 17062.46
81.00 -61.86 -9999.00 -9999.00 -9999.00 270.00 4.66 0.00
0.00 17979.12
70.60 -59.66 -9999.00 -9999.00 -9999.00 349.22 4.16 0.00
0.00 18833.44
62.20 -58.06 -9999.00 -9999.00 -9999.00 110.41 8.92 0.00
0.00 19628.02
54.30 -58.16 -9999.00 -9999.00 -9999.00 125.31 5.71 0.00
0.00 20483.01
46.90 -56.56 -9999.00 -9999.00 -9999.00 68.20 7.32 0.00
0.00 21408.42
40.10 -53.36 -9999.00 -9999.00 -9999.00 59.49 12.63 0.00
0.00 22408.84
33.80 -51.76 -9999.00 -9999.00 -9999.00 80.24 18.34 0.00
0.00 23512.44
27.80 -50.46 -9999.00 -9999.00 -9999.00 87.43 17.31 0.00
0.00 24782.59
22.30 -48.76 -9999.00 -9999.00 -9999.00 78.93 18.20 0.00
0.00 26225.06
17.10 -45.26 -9999.00 -9999.00 -9999.00 69.75 25.25 0.00
0.00 27982.58
12.30 -41.26 -9999.00 -9999.00 -9999.00 73.04 33.31 0.00
0.00 30199.71

STID = KMDW STNM = 725340 TIME = 200808/2300 
SLAT = 41.78 SLON = -87.75 SELV = 183.0
STIM = 11

SHOW = -3.46 LIFT = -4.35 SWET = 260.10 KINX = 34.63
LCLP = 828.86 PWAT = 42.65 TOTL = 51.06 CAPE = 972.21
LCLT = 288.81 CINS = -47.07 EQLV = 241.28 LFCT = 674.04
BRCH = 56.10

PRES TMPC TMWC DWPC THTE DRCT SKNT OMEG
CFRL HGHT
995.00 31.14 22.38 18.56 345.93 191.31 8.92 0.00
0.00 192.92
992.00 30.44 22.12 18.47 345.30 190.95 12.28 0.00
0.00 220.01
986.60 29.84 21.88 18.37 345.11 191.00 14.24 0.00
0.00 268.86
977.10 28.94 21.51 18.21 345.02 192.30 15.50 0.00
0.00 355.25
963.20 27.64 20.95 17.96 344.87 193.20 16.16 0.00
0.00 482.71
945.30 26.04 20.26 17.65 344.84 194.68 16.86 0.00
0.00 648.78
923.90 24.04 19.40 17.27 344.72 197.20 17.07 0.00
0.00 850.28
900.60 21.84 18.42 16.81 344.51 200.26 17.39 0.00
0.00 1073.46
875.30 19.54 17.28 16.17 344.11 203.37 17.13 0.00
0.00 1320.52
847.10 17.24 15.60 14.75 342.33 216.87 15.54 0.20
5.00 1602.16
815.90 15.14 13.25 12.18 338.92 232.52 14.69 0.30
28.00 1922.25
781.90 14.74 10.13 7.03 333.95 240.05 13.23 0.30
1.00 2283.26
745.00 12.34 9.22 7.15 337.23 262.88 7.83 0.30
0.00 2690.99
705.10 9.64 5.85 2.87 333.70 282.26 4.56 0.20
0.00 3150.92
662.40 6.74 1.94 -2.80 330.14 296.57 2.18 0.20
0.00 3667.15
616.80 2.64 -0.87 -4.63 331.07 333.43 3.48 0.30
0.00 4248.82
568.70 -2.06 -7.18 -16.42 324.99 342.35 8.97 0.20
0.00 4899.92
522.20 -7.16 -10.96 -18.84 326.06 331.93 9.91 0.10
0.00 5571.17
480.30 -11.36 -13.71 -18.68 329.24 292.04 8.80 0.00
0.00 6217.92
442.80 -15.46 -17.09 -21.04 331.00 262.18 10.00 0.00
0.00 6836.63
409.00 -19.56 -22.48 -37.07 328.91 273.11 17.89 -0.10
0.00 7431.17
378.50 -22.96 -25.74 -46.82 330.86 285.81 22.80 -0.10
0.00 8002.67
350.90 -26.96 -29.11 -48.11 332.65 285.29 25.78 0.00
0.00 8552.78
326.20 -30.66 -32.28 -48.14 334.59 277.93 30.98 0.10
0.00 9074.87
303.80 -33.86 -35.27 -54.16 336.67 276.87 32.48 0.20
0.00 9576.53
283.70 -36.96 -38.15 -60.30 338.70 275.00 35.68 0.10
0.00 10052.91
265.60 -40.06 -40.99 -60.81 340.62 270.29 37.88 0.00
0.00 10505.71
248.80 -43.06 -43.80 -63.51 342.52 269.72 39.24 -0.10
0.00 10948.67
233.60 -45.56 -46.18 -66.97 344.91 271.91 40.81 -0.10
0.00 11370.95
219.60 -48.16 -48.65 -67.41 347.05 274.81 39.37 -0.10
0.00 11780.32
205.70 -50.66 -51.08 -72.71 349.62 276.63 33.64 0.00
0.00 12208.57
191.70 -53.06 -53.40 -73.19 352.88 275.83 26.75 0.00
0.00 12665.15
177.70 -55.56 -55.83 -73.70 356.51 266.31 24.15 0.00
0.00 13150.93
163.80 -58.36 -58.56 -74.24 360.21 258.45 27.16 0.00
0.00 13666.37
149.80 -61.46 -61.60 -74.84 364.19 261.40 29.86 0.00
0.00 14224.05
135.90 -63.76 -63.87 -75.48 370.40 262.72 26.05 0.00
0.00 14824.20
121.90 -64.86 -9999.00 -9999.00 -9999.00 256.33 22.18 0.00
0.00 15488.80
108.00 -65.06 -9999.00 -9999.00 -9999.00 268.93 20.78 0.00
0.00 16226.60
94.00 -63.86 -9999.00 -9999.00 -9999.00 291.80 11.50 0.00
0.00 17074.70
81.00 -62.06 -9999.00 -9999.00 -9999.00 258.31 5.75 0.00
0.00 17990.48
70.60 -59.46 -9999.00 -9999.00 -9999.00 284.04 0.80 0.00
0.00 18844.81
62.20 -58.16 -9999.00 -9999.00 -9999.00 146.69 8.14 0.00
0.00 19639.58
54.30 -57.26 -9999.00 -9999.00 -9999.00 105.95 1.42 0.00
0.00 20496.16
46.90 -55.86 -9999.00 -9999.00 -9999.00 40.86 9.50 0.00
0.00 21424.99
40.10 -53.86 -9999.00 -9999.00 -9999.00 51.10 14.22 0.00
0.00 22425.88
33.80 -52.96 -9999.00 -9999.00 -9999.00 78.42 16.45 0.00
0.00 23525.22
27.80 -51.36 -9999.00 -9999.00 -9999.00 92.26 14.78 0.00
0.00 24789.37
22.30 -48.46 -9999.00 -9999.00 -9999.00 72.94 17.87 0.00
0.00 26229.90
17.10 -43.66 -9999.00 -9999.00 -9999.00 75.96 30.44 0.00
0.00 27994.80
12.30 -41.16 -9999.00 -9999.00 -9999.00 79.32 34.60 0.00
0.00 30220.13

STID = KMDW STNM = 725340 TIME = 200809/0000 
SLAT = 41.78 SLON = -87.75 SELV = 183.0
STIM = 12

SHOW = -3.45 LIFT = -4.38 SWET = 260.37 KINX = 34.23
LCLP = 840.67 PWAT = 42.66 TOTL = 50.80 CAPE = 1052.23
LCLT = 289.40 CINS = -38.34 EQLV = 237.46 LFCT = 685.86
BRCH = 55.52

PRES TMPC TMWC DWPC THTE DRCT SKNT OMEG
CFRL HGHT
995.20 30.54 22.43 18.93 346.16 189.46 8.28 0.00
0.00 192.00
992.20 30.14 22.26 18.84 345.88 190.39 11.85 0.00
0.00 219.05
986.70 29.54 22.01 18.72 345.66 191.15 14.06 0.00
0.00 268.76
977.30 28.64 21.63 18.56 345.55 192.14 15.70 0.00
0.00 354.16
963.30 27.44 21.11 18.31 345.54 193.55 16.59 0.00
0.00 482.43
945.40 25.84 20.42 17.99 345.48 194.97 17.29 -0.10
0.00 648.40
924.10 23.84 19.54 17.59 345.29 198.63 17.64 -0.10
0.00 848.82
900.70 21.74 18.59 17.13 345.21 203.20 17.75 -0.20
0.00 1072.85
875.40 19.34 17.44 16.52 344.76 206.85 17.64 -0.10
0.00 1319.80
847.20 17.14 15.73 14.99 342.79 218.23 16.32 0.00
13.00 1601.31
816.00 15.14 13.17 12.05 338.62 234.03 14.88 0.00
22.00 1921.32
782.00 14.54 10.34 7.56 334.60 243.43 13.03 0.00
0.00 2282.18
745.00 12.44 9.07 6.82 336.77 262.88 6.25 -0.10
0.00 2690.92
705.20 9.74 5.75 2.59 333.40 282.99 2.58 -0.10
0.00 3149.79
662.40 6.74 1.98 -2.72 330.23 319.40 1.79 -0.10
0.00 3667.27
616.80 2.84 -1.22 -5.79 330.15 345.38 4.62 0.00
0.00 4249.09
568.80 -1.96 -7.15 -16.55 325.03 348.69 9.91 0.20
0.00 4899.06
522.20 -6.86 -10.62 -18.15 326.76 331.63 11.03 0.20
0.00 5572.20
480.30 -11.26 -14.07 -20.46 328.50 302.38 9.42 0.10
0.00 6219.42
442.80 -15.56 -17.92 -24.62 329.38 271.97 11.27 0.10
0.00 6838.00
409.10 -19.56 -22.73 -41.01 328.41 287.68 18.55 0.00
0.00 7430.48
378.50 -23.36 -25.98 -44.67 330.48 292.53 19.77 0.10
0.00 8003.32
351.00 -27.06 -29.11 -45.85 332.64 284.87 22.71 0.20
0.00 8550.82
326.20 -30.46 -32.16 -49.41 334.79 284.22 29.25 0.20
0.00 9075.05
303.80 -33.96 -35.33 -53.17 336.57 287.58 28.94 0.30
0.00 9576.82
283.70 -37.26 -38.39 -58.54 338.32 281.45 30.32 0.20
0.00 10052.80
265.60 -40.06 -41.01 -63.02 340.57 270.31 36.13 0.20
0.00 10505.31
248.80 -42.96 -43.71 -63.51 342.67 268.27 38.68 0.10
0.00 10948.37
233.60 -45.56 -46.18 -66.97 344.91 270.55 40.21 0.10
0.00 11370.73
219.60 -47.86 -48.37 -67.41 347.51 272.40 37.14 0.00
0.00 11780.38
205.70 -50.26 -50.70 -72.71 350.25 272.41 32.26 0.00
0.00 12209.30
191.70 -52.66 -53.01 -73.19 353.52 269.59 27.39 0.00
0.00 12666.70
177.70 -55.26 -55.54 -73.70 357.01 262.49 25.27 0.00
0.00 13153.26
163.80 -58.16 -58.37 -74.24 360.55 257.30 28.28 0.00
0.00 13669.30
149.80 -61.26 -61.41 -74.84 364.54 261.59 33.18 0.00
0.00 14227.50
135.90 -63.86 -63.97 -75.48 370.22 268.96 32.05 0.00
0.00 14827.79
121.90 -65.26 -9999.00 -9999.00 -9999.00 268.65 24.67 0.00
0.00 15491.60
108.00 -65.56 -9999.00 -9999.00 -9999.00 276.68 21.72 0.00
0.00 16227.80
94.00 -64.26 -9999.00 -9999.00 -9999.00 293.20 10.35 0.00
0.00 17074.08
81.00 -61.76 -9999.00 -9999.00 -9999.00 235.18 5.44 0.00
0.00 17989.64
70.60 -59.06 -9999.00 -9999.00 -9999.00 164.74 2.21 0.00
0.00 18845.38
62.20 -58.86 -9999.00 -9999.00 -9999.00 162.76 5.91 0.00
0.00 19639.58
54.30 -57.56 -9999.00 -9999.00 -9999.00 4.57 4.88 0.00
0.00 20494.17
46.90 -56.56 -9999.00 -9999.00 -9999.00 43.03 11.97 0.00
0.00 21420.87
40.10 -54.86 -9999.00 -9999.00 -9999.00 69.53 15.56 0.00
0.00 22417.85
33.80 -53.36 -9999.00 -9999.00 -9999.00 82.71 16.84 0.00
0.00 23513.70
27.80 -51.26 -9999.00 -9999.00 -9999.00 83.96 16.61 0.00
0.00 24776.98
22.30 -47.86 -9999.00 -9999.00 -9999.00 65.47 21.99 0.00
0.00 26219.78
17.10 -43.46 -9999.00 -9999.00 -9999.00 75.02 31.57 0.00
0.00 27987.78
12.30 -41.06 -9999.00 -9999.00 -9999.00 81.63 33.37 0.00
0.00 30214.56

STID = KMDW STNM = 725340 TIME = 200809/0100 
SLAT = 41.78 SLON = -87.75 SELV = 183.0
STIM = 13

SHOW = -3.12 LIFT = -4.23 SWET = 247.36 KINX = 34.55
LCLP = 857.80 PWAT = 42.69 TOTL = 50.26 CAPE = 1037.34
LCLT = 290.06 CINS = -45.89 EQLV = 235.88 LFCT = 706.26
BRCH = 52.32

PRES TMPC TMWC DWPC THTE DRCT SKNT OMEG
CFRL HGHT
994.70 29.44 22.33 19.27 345.84 181.59 6.99 0.00
0.00 191.98
991.70 29.24 22.21 19.18 345.80 182.05 10.88 0.00
0.00 218.95
986.20 28.74 21.99 19.06 345.69 183.32 13.42 0.00
0.00 268.56
976.70 27.94 21.62 18.87 345.63 185.64 15.81 0.00
0.00 354.71
962.80 26.74 21.09 18.60 345.55 188.40 17.29 0.00
0.00 481.86
944.90 25.24 20.40 18.24 345.50 192.99 18.14 -0.10
0.00 647.58
923.60 23.44 19.59 17.84 345.55 198.63 18.24 -0.10
0.00 847.81
900.20 21.44 18.67 17.39 345.62 206.29 17.99 -0.10
0.00 1071.72
875.00 19.24 17.51 16.67 345.10 212.28 17.46 0.00
0.00 1317.68
846.70 17.14 15.59 14.78 342.35 226.91 16.49 0.20
11.00 1600.28
815.60 15.24 13.10 11.88 338.44 241.50 15.46 0.20
16.00 1919.46
781.60 14.24 10.43 7.95 334.99 247.52 12.20 0.20
0.00 2280.39
744.70 12.44 8.90 6.50 336.26 248.20 4.18 0.10
0.00 2688.01
704.80 9.44 5.78 2.90 333.55 225.00 1.11 0.00
0.00 3148.01
662.10 6.44 2.01 -2.30 330.38 333.43 0.87 -0.10
0.00 3664.04
616.50 2.64 -1.34 -5.83 329.92 353.99 3.71 0.00
0.00 4245.64
568.60 -2.16 -6.77 -14.46 325.96 355.82 7.98 0.00
0.00 4894.11
522.10 -6.66 -10.71 -19.13 326.56 330.40 9.83 0.10
0.00 5566.04
480.20 -11.06 -14.69 -24.40 327.22 298.81 8.88 0.10
0.00 6213.76
442.70 -15.46 -19.10 -34.41 327.04 286.44 12.35 0.20
0.00 6832.61
409.00 -19.26 -22.60 -43.03 328.63 303.14 16.71 0.20
0.00 7425.56
378.40 -22.96 -25.49 -41.05 331.38 296.03 18.59 0.30
0.00 7999.35
350.90 -26.96 -29.03 -45.85 332.80 294.44 23.47 0.30
0.00 8547.56
326.10 -30.56 -32.22 -48.76 334.72 298.07 26.42 0.30
0.00 9071.95
303.80 -33.96 -35.26 -50.72 336.70 287.59 25.06 0.30
0.00 9571.46
283.70 -36.86 -38.09 -62.52 338.80 275.78 30.85 0.20
0.00 10047.84
265.60 -40.06 -40.99 -60.81 340.62 269.41 37.88 0.10
0.00 10500.74
248.80 -43.16 -43.89 -63.51 342.37 271.40 39.84 0.00
0.00 10943.61
233.60 -45.66 -46.28 -66.97 344.76 273.72 38.93 -0.10
0.00 11365.69
219.60 -48.06 -48.56 -67.41 347.20 273.37 36.38 -0.10
0.00 11775.07
205.70 -50.56 -50.96 -67.88 349.82 272.39 32.65 -0.10
0.00 12203.51
191.70 -52.76 -53.11 -73.19 353.36 270.40 27.97 -0.10
0.00 12660.50
177.70 -55.26 -55.54 -73.70 357.01 264.29 25.37 -0.10
0.00 13146.95
163.80 -58.16 -58.37 -74.24 360.55 258.85 27.12 -0.10
0.00 13662.98
149.80 -61.26 -61.41 -74.84 364.54 262.54 32.91 0.00
0.00 14221.19
135.90 -63.96 -64.07 -75.48 370.05 273.11 35.80 0.00
0.00 14821.34
121.90 -65.06 -9999.00 -9999.00 -9999.00 277.78 27.25 0.00
0.00 15485.30
108.00 -65.16 -9999.00 -9999.00 -9999.00 278.21 20.42 0.00
0.00 16222.57
94.00 -64.26 -9999.00 -9999.00 -9999.00 274.09 8.18 0.00
0.00 17069.66
81.00 -61.56 -9999.00 -9999.00 -9999.00 225.00 6.88 0.00
0.00 17985.66
70.60 -58.96 -9999.00 -9999.00 -9999.00 156.80 1.48 0.00
0.00 18841.99
62.20 -59.06 -9999.00 -9999.00 -9999.00 195.26 2.21 0.00
0.00 19636.01
54.30 -57.16 -9999.00 -9999.00 -9999.00 356.19 8.76 0.00
0.00 20491.00
46.90 -55.96 -9999.00 -9999.00 -9999.00 38.11 12.59 0.00
0.00 21419.84
40.10 -55.46 -9999.00 -9999.00 -9999.00 72.28 14.69 0.00
0.00 22416.83
33.80 -54.06 -9999.00 -9999.00 -9999.00 77.80 14.70 0.00
0.00 23509.42
27.80 -50.86 -9999.00 -9999.00 -9999.00 73.02 19.29 0.00
0.00 24771.85
22.30 -47.26 -9999.00 -9999.00 -9999.00 67.75 27.70 0.00
0.00 26217.87
17.10 -43.26 -9999.00 -9999.00 -9999.00 80.29 29.95 0.00
0.00 27988.98
12.30 -40.36 -9999.00 -9999.00 -9999.00 81.76 28.46 0.00
0.00 30220.10

STID = KMDW STNM = 725340 TIME = 200809/0200 
SLAT = 41.78 SLON = -87.75 SELV = 183.0
STIM = 14

SHOW = -3.19 LIFT = -4.08 SWET = 248.35 KINX = 34.84
LCLP = 879.01 PWAT = 42.89 TOTL = 50.28 CAPE = 928.74
LCLT = 290.70 CINS = -78.38 EQLV = 244.80 LFCT = 698.14
BRCH = 39.98

PRES TMPC TMWC DWPC THTE DRCT SKNT OMEG
CFRL HGHT
995.10 28.04 22.10 19.54 344.85 172.87 6.25 0.00
0.00 191.93
992.10 27.94 21.98 19.40 344.79 175.07 11.31 0.00
0.00 218.78
986.60 27.54 21.77 19.26 344.74 175.91 13.64 0.00
0.00 268.17
977.10 26.94 21.42 19.00 344.73 180.00 18.26 0.00
0.00 353.98
963.20 26.14 20.91 18.59 344.74 184.90 20.47 0.00
0.00 480.74
945.30 24.84 20.31 18.29 345.09 192.59 20.49 -0.10
0.00 646.12
923.90 23.24 19.70 18.11 345.99 203.50 19.48 -0.10
0.00 847.02
900.60 21.24 18.96 17.92 346.76 211.57 18.92 0.00
0.00 1069.79
875.30 19.04 17.72 17.07 345.88 219.42 18.36 0.10
0.00 1316.52
847.00 17.24 15.71 14.92 342.77 232.72 16.36 0.20
2.00 1599.02
815.90 15.44 13.24 11.98 338.85 247.91 14.47 0.30
2.00 1918.26
781.80 14.34 10.48 7.97 335.12 248.63 9.60 0.30
0.00 2280.34
744.90 12.64 8.80 6.16 335.89 192.53 3.57 0.30
0.00 2688.05
705.00 9.34 5.80 3.03 333.59 176.63 3.30 0.20
0.00 3147.97
662.30 6.44 2.00 -2.33 330.32 198.43 0.62 0.30
0.00 3663.77
616.70 2.64 -1.49 -6.25 329.49 5.19 2.14 0.30
0.00 4245.16
568.70 -2.26 -6.63 -13.70 326.28 360.00 4.86 0.30
0.00 4894.71
522.20 -6.56 -10.93 -20.49 326.06 313.99 7.83 0.20
0.00 5566.51
480.30 -10.96 -15.08 -27.59 326.36 284.35 8.62 0.20
0.00 6214.25
442.80 -15.06 -19.10 -38.55 326.94 302.40 11.97 0.20
0.00 6833.48
409.10 -18.36 -21.72 -39.01 330.19 312.23 17.06 0.10
0.00 7427.79
378.50 -22.86 -25.27 -38.89 331.75 305.47 19.08 0.10
0.00 8002.60
351.00 -27.06 -28.95 -42.46 332.95 310.55 23.00 0.10
0.00 8550.69
326.20 -30.96 -32.34 -43.89 334.53 312.95 23.10 0.20
0.00 9074.42
303.80 -34.16 -35.48 -52.28 336.33 287.67 23.04 0.20
0.00 9575.48
283.70 -37.36 -38.48 -58.54 338.17 279.67 26.59 0.10
0.00 10051.15
265.60 -40.46 -41.38 -63.02 339.99 272.37 32.85 0.10
0.00 10503.19
248.80 -42.96 -43.71 -63.51 342.67 272.82 35.59 0.00
0.00 10945.86
233.60 -44.96 -45.63 -66.97 345.82 271.48 37.70 0.00
0.00 11368.78
219.60 -47.76 -48.28 -67.41 347.66 272.63 38.11 -0.10
0.00 11779.06
205.70 -50.56 -50.96 -67.88 349.82 274.35 35.84 -0.10
0.00 12207.79
191.70 -53.06 -53.40 -73.19 352.88 272.81 31.70 -0.10
0.00 12664.47
177.70 -55.56 -55.83 -73.70 356.51 269.61 28.75 -0.10
0.00 13150.25
163.80 -58.46 -58.66 -74.24 360.04 266.03 28.03 0.00
0.00 13665.57
149.80 -61.56 -61.70 -74.84 364.02 265.33 30.98 0.00
0.00 14222.99
135.90 -64.06 -64.17 -75.48 369.87 272.60 34.23 0.00
0.00 14822.57
121.90 -64.36 -9999.00 -9999.00 -9999.00 281.56 26.17 0.00
0.00 15487.49
108.00 -63.76 -9999.00 -9999.00 -9999.00 274.18 15.97 0.00
0.00 16228.48
94.00 -63.56 -9999.00 -9999.00 -9999.00 255.96 8.82 0.00
0.00 17079.83
81.00 -61.96 -9999.00 -9999.00 -9999.00 246.25 10.61 0.00
0.00 17996.48
70.60 -60.36 -9999.00 -9999.00 -9999.00 273.81 2.91 0.00
0.00 18849.20
62.20 -60.36 -9999.00 -9999.00 -9999.00 305.54 1.67 0.00
0.00 19638.22
54.30 -58.06 -9999.00 -9999.00 -9999.00 12.63 11.54 0.00
0.00 20488.84
46.90 -56.36 -9999.00 -9999.00 -9999.00 47.33 16.90 0.00
0.00 21414.88
40.10 -55.16 -9999.00 -9999.00 -9999.00 76.61 16.76 0.00
0.00 22411.64
33.80 -53.56 -9999.00 -9999.00 -9999.00 76.48 15.79 0.00
0.00 23506.23
27.80 -50.86 -9999.00 -9999.00 -9999.00 67.68 19.95 0.00
0.00 24770.09
22.30 -46.76 -9999.00 -9999.00 -9999.00 76.94 27.53 0.00
0.00 26217.72
17.10 -43.66 -9999.00 -9999.00 -9999.00 82.41 26.46 0.00
0.00 27989.23
12.30 -40.86 -9999.00 -9999.00 -9999.00 75.59 28.88 0.00
0.00 30216.00

STID = KMDW STNM = 725340 TIME = 200809/0300 
SLAT = 41.78 SLON = -87.75 SELV = 183.0
STIM = 15

SHOW = -2.69 LIFT = -4.10 SWET = 230.34 KINX = 33.98
LCLP = 894.41 PWAT = 42.08 TOTL = 49.91 CAPE = 813.15
LCLT = 291.06 CINS = -129.76 EQLV = 247.57 LFCT = 658.37
BRCH = 32.22

PRES TMPC TMWC DWPC THTE DRCT SKNT OMEG
CFRL HGHT
995.30 26.94 21.85 19.63 343.75 172.65 6.08 0.00
0.00 192.79
992.30 26.94 21.73 19.45 343.70 173.19 13.11 0.00
0.00 219.54
986.90 26.64 21.53 19.28 343.68 174.87 15.21 0.00
0.00 267.86
977.40 26.24 21.16 18.90 343.58 179.46 20.78 0.00
0.00 353.42
963.50 25.74 20.74 18.51 344.00 183.91 22.79 0.00
0.00 479.90
945.60 24.74 20.43 18.52 345.54 195.30 21.35 0.00
0.00 645.10
924.20 23.14 19.94 18.52 346.95 208.11 19.39 0.10
0.00 845.90
900.80 21.04 19.19 18.34 347.66 215.19 18.53 0.20
0.00 1069.50
875.50 19.24 17.59 16.79 345.34 222.71 17.19 0.30
0.00 1316.19
847.20 17.54 15.37 14.23 341.43 236.08 13.58 0.40
0.00 1598.79
816.10 16.24 12.76 10.71 337.14 243.43 9.98 0.40
0.00 1918.43
782.00 15.24 10.26 6.90 334.31 209.36 7.13 0.30
0.00 2281.32
745.10 12.84 8.58 5.58 335.14 176.19 8.76 0.20
0.00 2689.59
705.20 9.44 5.69 2.72 333.22 190.71 7.32 0.20
0.00 3149.56
662.50 6.74 1.88 -2.97 329.94 194.93 3.01 0.20
0.00 3665.52
616.90 2.84 -1.71 -7.15 328.88 45.00 0.54 0.10
0.00 4247.16
568.80 -2.16 -6.69 -14.13 326.12 337.62 3.57 0.00
0.00 4898.19
522.30 -6.56 -10.99 -20.82 325.91 308.66 9.95 0.00
0.00 5569.97
480.40 -10.96 -15.15 -28.12 326.20 297.01 11.11 0.10
0.00 6217.56
442.90 -14.66 -18.20 -30.90 328.70 318.95 15.97 0.20
0.00 6837.19
409.10 -18.76 -21.61 -33.80 330.48 324.26 19.62 0.20
0.00 7433.30
378.50 -23.06 -25.25 -36.64 331.82 318.11 17.75 0.30
0.00 8007.48
351.00 -27.46 -28.98 -38.33 332.94 325.95 17.35 0.30
0.00 8554.95
326.20 -30.66 -32.22 -46.51 334.71 304.11 14.55 0.30
0.00 9078.58
303.80 -33.26 -34.82 -58.00 337.39 268.20 24.69 0.20
0.00 9580.87
283.70 -36.76 -37.98 -60.30 338.99 268.35 33.82 0.00
0.00 10058.05
265.60 -40.26 -41.17 -60.81 340.32 270.00 37.68 -0.10
0.00 10510.85
248.80 -42.96 -43.71 -63.51 342.67 274.06 38.36 -0.10
0.00 10953.72
233.60 -45.36 -46.00 -66.97 345.22 274.18 39.92 -0.10
0.00 11376.27
219.60 -48.26 -48.75 -67.41 346.89 276.63 38.71 -0.10
0.00 11785.73
205.70 -51.06 -51.43 -67.88 349.04 278.17 35.53 -0.10
0.00 12213.50
191.70 -53.36 -53.68 -73.19 352.40 275.19 32.19 -0.10
0.00 12669.36
177.70 -55.76 -56.02 -73.70 356.19 271.46 30.52 0.00
0.00 13154.59
163.80 -58.36 -58.56 -74.24 360.21 267.78 30.13 0.00
0.00 13669.79
149.80 -61.46 -61.60 -74.84 364.19 263.50 30.89 0.00
0.00 14227.47
135.90 -64.26 -64.36 -75.48 369.52 267.99 33.24 0.00
0.00 14826.90
121.90 -64.36 -9999.00 -9999.00 -9999.00 278.49 26.32 0.00
0.00 15491.50
108.00 -63.36 -9999.00 -9999.00 -9999.00 268.51 14.96 0.00
0.00 16233.20
94.00 -63.96 -9999.00 -9999.00 -9999.00 259.51 10.66 0.00
0.00 17084.56
81.00 -62.76 -9999.00 -9999.00 -9999.00 262.65 12.14 0.00
0.00 17998.60
70.60 -61.46 -9999.00 -9999.00 -9999.00 293.20 4.43 0.00
0.00 18847.49
62.20 -60.96 -9999.00 -9999.00 -9999.00 338.20 2.10 0.00
0.00 19633.36
54.30 -58.76 -9999.00 -9999.00 -9999.00 34.56 10.61 0.00
0.00 20481.39
46.90 -56.36 -9999.00 -9999.00 -9999.00 62.84 16.59 0.00
0.00 21405.94
40.10 -54.56 -9999.00 -9999.00 -9999.00 81.47 15.71 0.00
0.00 22404.07
33.80 -52.56 -9999.00 -9999.00 -9999.00 80.17 14.78 0.00
0.00 23502.67
27.80 -50.16 -9999.00 -9999.00 -9999.00 68.65 18.14 0.00
0.00 24771.38
22.30 -46.06 -9999.00 -9999.00 -9999.00 76.94 24.92 0.00
0.00 26223.54
17.10 -43.16 -9999.00 -9999.00 -9999.00 77.65 27.23 0.00
0.00 27999.70
12.30 -41.16 -9999.00 -9999.00 -9999.00 71.81 29.23 0.00
0.00 30227.44

STID = KMDW STNM = 725340 TIME = 200809/0400 
SLAT = 41.78 SLON = -87.75 SELV = 183.0
STIM = 16

SHOW = -2.12 LIFT = -4.41 SWET = 207.99 KINX = 32.48
LCLP = 905.52 PWAT = 41.24 TOTL = 49.80 CAPE = 842.43
LCLT = 291.30 CINS = -176.83 EQLV = 248.91 LFCT = 642.03
BRCH = 25.14

PRES TMPC TMWC DWPC THTE DRCT SKNT OMEG
CFRL HGHT
995.50 26.14 21.64 19.67 342.88 176.73 6.82 0.00
0.00 191.87
992.50 26.14 21.52 19.48 342.80 176.86 14.20 0.00
0.00 218.55
987.00 25.84 21.33 19.33 342.84 177.98 16.53 0.00
0.00 267.63
977.60 25.64 21.05 19.01 343.13 181.94 22.94 0.00
0.00 352.08
963.60 25.44 20.82 18.77 344.33 185.31 25.17 -0.10
0.00 479.27
945.70 24.44 20.58 18.89 346.18 196.34 23.48 0.00
0.00 644.31
924.30 22.94 20.11 18.87 347.68 206.09 20.77 0.00
0.00 844.96
900.90 20.94 19.16 18.34 347.52 210.26 18.88 0.00
0.00 1068.45
875.60 19.34 17.11 16.01 343.41 216.72 15.27 0.10
1.00 1315.06
847.40 18.14 14.84 13.05 339.42 224.17 9.48 0.10
0.00 1596.82
816.20 17.24 12.17 9.00 335.06 212.35 6.90 0.00
0.00 1918.12
782.20 15.74 9.71 5.41 332.49 188.65 9.03 -0.10
0.00 2280.61
745.30 13.04 8.00 4.25 333.27 190.20 9.87 -0.10
0.00 2689.08
705.40 9.74 5.46 1.98 332.51 202.75 6.53 0.00
0.00 3149.20
662.70 7.24 1.65 -4.17 329.26 188.13 1.38 0.20
0.00 3665.62
617.00 3.04 -1.99 -8.26 328.15 360.00 2.14 0.20
0.00 4249.01
569.00 -2.06 -6.63 -14.12 326.21 327.53 7.60 0.20
0.00 4898.82
522.40 -6.96 -10.65 -18.02 326.66 320.19 12.14 0.20
0.00 5571.56
480.50 -11.06 -14.39 -22.70 327.77 307.23 12.20 0.20
0.00 6218.58
442.90 -14.86 -16.77 -21.39 331.59 331.16 15.31 0.30
0.00 6839.71
409.10 -18.86 -20.87 -27.53 331.91 332.76 14.86 0.30
0.00 7435.71
378.50 -22.96 -25.13 -36.20 332.03 319.50 12.26 0.20
0.00 8009.98
351.00 -26.76 -28.62 -41.10 333.51 301.43 12.30 0.00
0.00 8558.31
326.20 -30.06 -31.91 -52.57 335.18 274.81 18.51 -0.20
0.00 9083.31
303.80 -34.06 -35.51 -58.00 336.27 272.56 26.05 -0.30
0.00 9585.38
283.70 -38.06 -39.08 -57.08 337.21 271.09 30.69 -0.20
0.00 10060.45
265.60 -40.96 -41.81 -60.81 339.30 270.65 33.99 -0.10
0.00 10511.33
248.80 -42.86 -43.64 -66.51 342.78 277.36 40.93 0.00
0.00 10953.62
233.60 -46.06 -46.63 -63.98 344.20 281.31 40.62 0.00
0.00 11375.61
219.60 -48.96 -49.41 -67.41 345.81 281.13 36.23 0.00
0.00 11783.81
205.70 -51.56 -51.91 -67.88 348.25 278.88 31.45 0.00
0.00 12210.43
191.70 -53.56 -53.88 -73.19 352.08 274.17 29.41 0.00
0.00 12665.57
177.70 -55.46 -55.73 -73.70 356.68 268.16 30.32 0.00
0.00 13150.91
163.80 -57.96 -58.17 -74.24 360.88 262.31 31.95 0.00
0.00 13666.95
149.80 -61.16 -61.31 -74.84 364.71 258.08 31.97 0.00
0.00 14225.54
135.90 -64.36 -64.46 -75.48 369.34 267.51 31.31 0.00
0.00 14825.26
121.90 -64.46 -9999.00 -9999.00 -9999.00 280.80 25.91 0.00
0.00 15489.54
108.00 -63.56 -9999.00 -9999.00 -9999.00 269.19 13.79 0.00
0.00 16230.71
94.00 -64.56 -9999.00 -9999.00 -9999.00 266.50 9.54 0.00
0.00 17080.44
81.00 -62.76 -9999.00 -9999.00 -9999.00 270.00 9.13 0.00
0.00 17993.17
70.60 -60.26 -9999.00 -9999.00 -9999.00 293.96 1.90 0.00
0.00 18844.48
62.20 -59.06 -9999.00 -9999.00 -9999.00 355.60 2.53 0.00
0.00 19636.09
54.30 -57.46 -9999.00 -9999.00 -9999.00 40.24 9.93 0.00
0.00 20490.49
46.90 -56.46 -9999.00 -9999.00 -9999.00 60.69 12.70 0.00
0.00 21417.61
40.10 -55.66 -9999.00 -9999.00 -9999.00 63.85 11.91 0.00
0.00 22412.99
33.80 -53.86 -9999.00 -9999.00 -9999.00 65.70 13.21 0.00
0.00 23505.58
27.80 -51.06 -9999.00 -9999.00 -9999.00 70.43 18.55 0.00
0.00 24768.01
22.30 -46.76 -9999.00 -9999.00 -9999.00 78.42 24.18 0.00
0.00 26215.00
17.10 -43.06 -9999.00 -9999.00 -9999.00 81.19 27.91 0.00
0.00 27988.83
12.30 -41.76 -9999.00 -9999.00 -9999.00 73.30 32.44 0.00
0.00 30214.16

STID = KMDW STNM = 725340 TIME = 200809/0500 
SLAT = 41.78 SLON = -87.75 SELV = 183.0
STIM = 17

SHOW = -1.76 LIFT = -4.47 SWET = 190.72 KINX = 31.91
LCLP = 918.03 PWAT = 41.36 TOTL = 49.31 CAPE = 957.13
LCLT = 291.77 CINS = -146.33 EQLV = 229.14 LFCT = 644.85
BRCH = 30.40

PRES TMPC TMWC DWPC THTE DRCT SKNT OMEG
CFRL HGHT
995.40 25.44 21.60 19.92 342.74 185.36 6.24 0.00
0.00 193.62
992.50 25.44 21.48 19.74 342.67 186.61 13.50 0.00
0.00 219.35
987.10 25.14 21.30 19.61 342.75 186.95 16.05 0.00
0.00 267.43
977.60 24.94 21.10 19.40 343.34 190.65 23.14 0.00
0.00 352.59
963.60 24.84 21.01 19.33 345.14 194.24 26.05 0.00
0.00 479.54
945.70 24.04 20.86 19.48 347.37 204.78 25.04 0.00
0.00 644.36
924.30 22.34 20.17 19.21 347.92 209.87 22.63 0.00
0.00 844.73
900.90 20.54 19.03 18.32 346.97 209.81 19.93 0.10
0.00 1067.85
875.60 19.24 16.83 15.62 342.31 212.47 15.19 0.10
0.00 1314.22
847.30 18.04 14.64 12.78 338.72 210.34 9.23 0.00
0.00 1596.86
816.20 16.74 12.06 9.14 334.72 196.56 7.50 -0.10
0.00 1916.81
782.20 15.24 9.16 4.65 330.77 190.62 9.48 -0.10
0.00 2278.64
745.30 12.84 7.01 2.28 330.26 196.26 9.71 -0.10
0.00 2686.46
705.50 9.64 5.34 1.81 332.14 203.20 5.92 0.00
0.00 3145.01
662.70 7.34 1.54 -4.62 328.93 163.30 2.02 0.10
0.00 3662.57
617.10 3.14 -2.11 -8.81 327.81 347.47 1.79 0.10
0.00 4244.80
569.00 -2.26 -6.22 -12.26 327.16 329.04 9.05 0.00
0.00 4895.83
522.40 -7.16 -10.02 -15.06 328.05 322.59 8.31 0.00
0.00 5568.24
480.50 -10.76 -13.28 -18.48 330.06 317.82 8.39 0.10
0.00 6215.60
442.90 -14.56 -16.52 -21.18 332.07 336.25 10.61 0.20
0.00 6837.56
409.10 -18.36 -20.81 -29.44 332.00 314.22 10.02 0.10
0.00 7434.47
378.50 -22.66 -25.10 -38.62 332.06 298.24 11.91 -0.10
0.00 8009.60
351.00 -26.96 -28.93 -43.60 332.97 299.22 13.13 -0.20
0.00 8558.01
326.20 -30.86 -32.49 -49.41 334.24 289.12 15.42 -0.30
0.00 9081.94
303.80 -34.76 -36.05 -54.16 335.41 279.20 20.67 -0.20
0.00 9582.45
283.70 -38.56 -39.53 -57.08 336.50 270.79 28.17 0.00
0.00 10056.33
265.60 -40.76 -41.62 -60.81 339.59 272.80 35.78 0.00
0.00 10506.92
248.80 -43.86 -44.49 -59.58 341.42 284.47 37.32 0.00
0.00 10948.45
233.60 -46.76 -47.26 -61.80 343.18 284.35 34.48 0.10
0.00 11368.88
219.60 -49.26 -49.67 -64.44 345.40 279.12 31.88 0.10
0.00 11776.17
205.70 -51.46 -51.81 -67.88 348.41 275.26 29.64 0.10
0.00 12202.61
191.70 -53.46 -53.78 -73.19 352.24 270.00 27.39 0.10
0.00 12657.95
177.70 -55.26 -55.54 -73.70 357.01 263.25 29.74 0.10
0.00 13143.62
163.80 -57.86 -58.07 -74.24 361.05 257.95 32.58 0.00
0.00 13660.01
149.80 -61.26 -61.41 -74.84 364.54 256.14 30.81 0.00
0.00 14218.61
135.90 -64.26 -64.36 -75.48 369.52 265.63 28.05 0.00
0.00 14818.33
121.90 -64.16 -9999.00 -9999.00 -9999.00 279.46 22.46 0.00
0.00 15483.25
108.00 -63.66 -9999.00 -9999.00 -9999.00 274.33 12.86 0.00
0.00 16224.77
94.00 -64.76 -9999.00 -9999.00 -9999.00 282.17 10.14 0.00
0.00 17073.89
81.00 -63.16 -9999.00 -9999.00 -9999.00 284.57 10.04 0.00
0.00 17985.31
70.60 -61.06 -9999.00 -9999.00 -9999.00 308.66 2.49 0.00
0.00 18834.21
62.20 -59.56 -9999.00 -9999.00 -9999.00 38.66 3.73 0.00
0.00 19623.41
54.30 -57.86 -9999.00 -9999.00 -9999.00 71.57 12.90 0.00
0.00 20476.01
46.90 -56.86 -9999.00 -9999.00 -9999.00 83.05 16.05 0.00
0.00 21401.42
40.10 -55.36 -9999.00 -9999.00 -9999.00 72.35 13.46 0.00
0.00 22396.57
33.80 -52.56 -9999.00 -9999.00 -9999.00 50.09 13.93 0.00
0.00 23493.17
27.80 -49.96 -9999.00 -9999.00 -9999.00 59.60 16.90 0.00
0.00 24762.45
22.30 -47.46 -9999.00 -9999.00 -9999.00 74.79 20.73 0.00
0.00 26210.73
17.10 -43.46 -9999.00 -9999.00 -9999.00 82.10 26.86 0.00
0.00 27980.29
12.30 -41.96 -9999.00 -9999.00 -9999.00 82.76 35.45 0.00
0.00 30202.73

STID = KMDW STNM = 725340 TIME = 200809/0600 
SLAT = 41.78 SLON = -87.75 SELV = 183.0
STIM = 18

SHOW = -1.70 LIFT = -4.91 SWET = 187.72 KINX = 31.26
LCLP = 934.05 PWAT = 41.59 TOTL = 49.24 CAPE = 1147.89
LCLT = 292.48 CINS = -99.16 EQLV = 223.16 LFCT = 660.19
BRCH = 46.27

PRES TMPC TMWC DWPC THTE DRCT SKNT OMEG
CFRL HGHT
995.90 24.74 21.70 20.37 343.08 195.42 5.85 0.00
0.00 191.83
992.90 24.84 21.61 20.20 343.17 197.04 12.59 0.00
0.00 218.38
987.40 24.54 21.44 20.08 343.29 197.49 14.86 0.00
0.00 267.25
977.90 24.54 21.36 19.97 344.40 200.73 23.06 0.00
0.00 352.26
964.00 24.64 21.41 20.02 346.79 204.23 25.56 0.00
0.00 478.18
946.00 23.64 21.11 20.02 348.41 213.56 24.24 0.00
0.00 643.75
924.60 21.94 20.30 19.56 348.41 216.20 23.35 0.10
0.00 843.83
901.20 20.04 19.02 18.53 346.91 214.38 22.36 0.10
3.00 1066.58
875.80 18.74 16.86 15.91 342.39 212.62 17.29 0.10
3.00 1313.47
847.60 17.74 14.52 12.74 338.23 202.62 10.10 0.00
0.00 1594.65
816.40 16.34 11.95 9.20 334.33 185.44 8.20 0.00
0.00 1915.15
782.40 15.04 8.77 3.97 329.54 190.84 9.30 0.00
0.00 2276.49
745.50 12.84 6.20 0.34 327.82 201.60 10.02 0.00
0.00 2683.92
705.70 9.64 5.12 1.33 331.46 204.30 6.60 0.00
0.00 3142.20
662.90 7.24 1.46 -4.71 328.70 170.54 3.54 0.00
0.00 3659.48
617.30 3.04 -2.16 -8.80 327.67 270.00 0.39 0.00
0.00 4241.31
569.20 -2.66 -6.01 -10.86 327.63 342.00 8.18 0.00
0.00 4891.59
522.50 -7.46 -9.87 -13.93 328.38 319.40 5.38 0.00
0.00 5564.49
480.60 -10.76 -13.17 -18.04 330.27 315.00 5.50 0.00
0.00 6211.41
443.00 -14.16 -16.59 -22.70 331.89 325.56 8.24 0.10
0.00 6833.69
409.20 -18.36 -20.90 -30.11 331.80 315.74 10.59 0.10
0.00 7430.88
378.60 -22.76 -25.18 -38.62 331.90 308.81 11.46 0.20
0.00 8005.74
351.00 -26.86 -28.89 -44.44 333.03 303.69 11.91 0.20
0.00 8556.07
326.20 -30.76 -32.36 -48.14 334.45 284.21 15.83 0.10
0.00 9080.21
303.80 -34.86 -36.16 -55.27 335.22 274.72 23.58 0.00
0.00 9580.73
283.70 -38.26 -39.26 -57.08 336.93 271.08 30.89 0.00
0.00 10054.80
265.60 -41.56 -42.35 -60.81 338.42 285.67 33.08 0.00
0.00 10504.91
248.80 -44.46 -45.10 -63.51 340.44 287.40 30.54 0.00
0.00 10945.09
233.60 -46.86 -47.35 -61.80 343.03 280.01 30.19 0.10
0.00 11364.88
219.60 -49.06 -49.50 -67.41 345.66 276.01 29.68 0.10
0.00 11772.26
205.70 -51.26 -51.62 -67.88 348.72 274.28 28.63 0.00
0.00 12199.08
191.70 -53.46 -53.78 -73.19 352.24 267.94 27.02 0.00
0.00 12654.63
177.80 -55.56 -55.83 -73.70 356.46 259.80 29.60 0.00
0.00 13136.37
163.80 -58.26 -58.46 -74.24 360.38 258.22 32.34 0.00
0.00 13655.48
149.80 -61.36 -61.50 -74.84 364.36 256.14 30.01 0.00
0.00 14213.43
135.90 -63.56 -63.68 -75.48 370.75 264.50 26.34 0.00
0.00 14814.00
121.90 -63.86 -9999.00 -9999.00 -9999.00 280.68 20.96 0.00
0.00 15480.51
108.00 -64.36 -9999.00 -9999.00 -9999.00 276.24 12.51 0.00
0.00 16221.33
94.00 -65.46 -9999.00 -9999.00 -9999.00 264.29 9.75 0.00
0.00 17067.60
81.00 -63.46 -9999.00 -9999.00 -9999.00 266.10 8.57 0.00
0.00 17976.84
70.60 -61.06 -9999.00 -9999.00 -9999.00 14.04 0.80 0.00
0.00 18825.14
62.20 -59.16 -9999.00 -9999.00 -9999.00 58.39 5.92 0.00
0.00 19615.08
54.30 -57.26 -9999.00 -9999.00 -9999.00 86.08 14.22 0.00
0.00 20469.67
46.90 -55.86 -9999.00 -9999.00 -9999.00 90.73 15.15 0.00
0.00 21398.51
40.10 -54.66 -9999.00 -9999.00 -9999.00 67.38 12.63 0.00
0.00 22397.56
33.80 -52.46 -9999.00 -9999.00 -9999.00 40.84 15.15 0.00
0.00 23496.15
27.80 -50.36 -9999.00 -9999.00 -9999.00 59.60 16.90 0.00
0.00 24764.59
22.30 -48.46 -9999.00 -9999.00 -9999.00 82.67 19.77 0.00
0.00 26208.35
17.10 -44.36 -9999.00 -9999.00 -9999.00 85.03 26.90 0.00
0.00 27970.53
12.30 -42.26 -9999.00 -9999.00 -9999.00 83.03 35.22 0.00
0.00 30187.18

STID = KMDW STNM = 725340 TIME = 200809/0700 
SLAT = 41.78 SLON = -87.75 SELV = 183.0
STIM = 19

SHOW = -1.91 LIFT = -5.26 SWET = 197.27 KINX = 30.68
LCLP = 951.85 PWAT = 42.62 TOTL = 49.09 CAPE = 1345.53
LCLT = 293.25 CINS = -40.05 EQLV = 215.65 LFCT = 721.38
BRCH = 79.13

PRES TMPC TMWC DWPC THTE DRCT SKNT OMEG
CFRL HGHT
996.20 23.94 21.79 20.84 343.42 200.85 4.37 0.00
0.00 192.69
993.20 24.24 21.72 20.62 343.60 205.25 11.38 0.00
0.00 219.18
987.70 24.04 21.58 20.50 343.83 206.57 13.91 0.00
0.00 267.95
978.30 24.34 21.70 20.56 345.80 211.41 21.62 0.00
0.00 351.96
964.30 24.34 21.77 20.68 348.33 217.92 23.39 0.00
0.00 478.68
946.30 23.24 21.32 20.50 349.31 225.00 22.53 0.10
0.00 644.05
924.90 21.54 20.52 20.05 349.34 222.21 22.55 0.10
0.00 843.86
901.50 19.64 19.32 19.13 348.11 218.43 22.80 0.10
15.00 1066.30
876.10 18.04 17.07 16.56 343.16 219.01 19.76 0.00
5.00 1312.73
847.80 17.04 14.70 13.42 338.86 207.76 12.51 -0.10
0.00 1594.24
816.60 15.54 12.22 10.20 335.22 184.97 8.97 -0.30
0.00 1913.94
782.60 14.44 8.94 4.84 330.05 190.54 8.49 -0.30
0.00 2274.42
745.60 12.74 5.73 -0.75 326.46 206.08 10.16 -0.20
0.00 2682.38
705.80 9.44 4.65 0.45 330.08 205.28 7.73 -0.20
0.00 3140.25
663.00 6.84 1.45 -4.23 328.67 173.66 5.28 -0.20
0.00 3656.87
617.40 2.94 -2.17 -8.68 327.62 174.29 1.94 -0.10
0.00 4238.12
569.30 -2.76 -6.01 -10.69 327.62 354.09 5.67 0.00
0.00 4888.07
522.60 -7.36 -9.85 -14.08 328.38 307.88 4.43 0.10
0.00 5560.85
480.60 -10.76 -13.15 -17.98 330.31 305.75 5.98 0.10
0.00 6209.37
443.00 -14.26 -16.69 -22.86 331.69 308.88 7.73 0.20
0.00 6831.52
409.20 -18.36 -21.01 -30.96 331.58 305.84 8.62 0.30
0.00 7428.58
378.60 -22.36 -24.95 -39.76 332.28 295.14 10.51 0.30
0.00 8003.88
351.00 -26.46 -28.44 -42.10 333.80 288.43 14.12 0.20
0.00 8555.10
326.20 -30.86 -32.47 -48.75 334.28 280.45 20.34 0.00
0.00 9079.57
303.80 -35.26 -36.51 -55.27 334.66 278.92 23.80 0.00
0.00 9579.56
283.70 -38.86 -39.80 -57.08 336.06 281.98 26.20 0.00
0.00 10052.63
265.60 -42.06 -42.76 -57.61 337.78 285.48 26.20 0.00
0.00 10501.68
248.80 -44.36 -45.00 -63.51 340.59 280.98 26.52 0.00
0.00 10941.49
233.60 -46.76 -47.28 -63.98 343.14 274.95 29.25 0.00
0.00 11361.46
219.60 -49.26 -49.69 -67.41 345.35 271.99 27.99 0.00
0.00 11768.75
205.70 -51.56 -51.91 -67.88 348.25 268.78 27.39 0.00
0.00 12195.09
191.70 -53.56 -53.88 -73.19 352.08 261.41 27.31 0.00
0.00 12650.22
177.80 -55.76 -56.02 -73.70 356.13 256.42 29.78 0.00
0.00 13131.63
163.80 -58.26 -58.46 -74.24 360.38 257.55 30.63 0.00
0.00 13650.51
149.80 -61.16 -61.31 -74.84 364.71 255.77 28.46 0.00
0.00 14208.71
135.90 -63.36 -63.48 -75.48 371.11 261.75 25.72 0.00
0.00 14809.86
121.90 -64.16 -9999.00 -9999.00 -9999.00 273.89 20.05 0.00
0.00 15476.21
108.00 -65.16 -9999.00 -9999.00 -9999.00 258.34 12.49 0.00
0.00 16215.07
94.00 -65.76 -9999.00 -9999.00 -9999.00 242.56 11.38 0.00
0.00 17059.11
81.00 -62.76 -9999.00 -9999.00 -9999.00 261.47 7.85 0.00
0.00 17969.23
70.60 -60.16 -9999.00 -9999.00 -9999.00 15.95 1.42 0.00
0.00 18820.74
62.20 -58.46 -9999.00 -9999.00 -9999.00 56.98 4.64 0.00
0.00 19613.65
54.30 -56.96 -9999.00 -9999.00 -9999.00 91.01 11.07 0.00
0.00 20470.23
46.90 -55.66 -9999.00 -9999.00 -9999.00 89.06 11.85 0.00
0.00 21400.14
40.10 -54.86 -9999.00 -9999.00 -9999.00 69.86 12.41 0.00
0.00 22399.19
33.80 -52.56 -9999.00 -9999.00 -9999.00 58.30 15.52 0.00
0.00 23497.03
27.80 -49.56 -9999.00 -9999.00 -9999.00 71.57 17.81 0.00
0.00 24767.47
22.30 -48.56 -9999.00 -9999.00 -9999.00 83.33 18.38 0.00
0.00 26213.49
17.10 -45.76 -9999.00 -9999.00 -9999.00 75.74 23.66 0.00
0.00 27969.84
12.30 -42.56 -9999.00 -9999.00 -9999.00 79.86 35.31 0.00
0.00 30178.29

STID = KMDW STNM = 725340 TIME = 200809/0800 
SLAT = 41.78 SLON = -87.75 SELV = 183.0
STIM = 20

SHOW = -2.16 LIFT = -5.13 SWET = 206.21 KINX = 29.70
LCLP = 964.48 PWAT = 42.55 TOTL = 49.07 CAPE = 1478.92
LCLT = 293.81 CINS = -13.98 EQLV = 212.05 LFCT = 888.46
BRCH = 135.31

PRES TMPC TMWC DWPC THTE DRCT SKNT OMEG
CFRL HGHT
995.60 23.34 21.85 21.18 343.78 199.44 3.50 0.00
0.00 192.68
992.60 23.74 21.80 20.95 344.04 207.03 10.68 0.00
0.00 219.14
987.20 23.64 21.71 20.86 344.47 209.95 13.23 0.00
0.00 266.99
977.70 24.34 22.09 21.14 347.62 221.63 18.71 0.10
0.00 351.91
963.70 24.04 21.92 21.02 349.09 230.83 20.30 0.10
0.00 478.68
945.80 22.74 21.20 20.53 348.87 231.84 20.75 0.20
0.00 643.02
924.30 21.34 20.32 19.84 348.55 223.15 21.31 0.30
0.00 843.63
900.90 19.54 18.84 18.48 346.20 219.07 21.27 0.40
13.00 1066.05
875.60 17.64 16.87 16.45 342.47 217.82 18.69 0.40
12.00 1311.40
847.30 16.54 14.89 13.99 339.64 204.38 13.66 0.30
3.00 1592.66
816.20 15.14 12.37 10.71 335.81 183.07 10.90 0.30
0.00 1911.09
782.10 14.34 9.11 5.28 330.67 192.01 9.34 0.30
0.00 2272.59
745.30 12.64 5.58 -1.04 326.07 208.77 11.31 0.30
0.00 2678.43
705.50 9.34 4.06 -0.82 328.49 203.20 8.88 0.30
0.00 3136.24
662.80 6.64 1.27 -4.45 328.25 176.73 6.82 0.30
0.00 3651.48
617.10 2.84 -2.25 -8.77 327.48 176.63 3.30 0.20
0.00 4233.90
569.10 -2.86 -6.11 -10.82 327.44 356.42 3.11 0.20
0.00 4882.52
522.40 -7.16 -9.88 -14.59 328.34 297.65 4.60 0.10
0.00 5555.65
480.50 -10.86 -13.20 -17.92 330.23 302.35 6.90 0.10
0.00 6202.92
442.90 -14.36 -16.71 -22.62 331.68 297.26 7.21 0.00
0.00 6824.98
409.10 -18.16 -21.03 -32.38 331.54 289.86 7.44 0.00
0.00 7422.28
378.50 -22.16 -24.77 -39.47 332.61 282.63 11.54 -0.10
0.00 7998.17
351.00 -26.86 -28.68 -40.79 333.41 279.69 16.16 -0.10
0.00 8547.26
326.20 -31.26 -32.66 -45.11 334.00 285.05 18.71 -0.10
0.00 9070.88
303.80 -35.66 -36.74 -50.72 334.30 285.31 19.13 0.00
0.00 9570.06
283.70 -39.16 -40.02 -54.73 335.72 286.75 20.90 0.00
0.00 10042.44
265.60 -41.96 -42.67 -57.61 337.92 283.27 21.15 0.10
0.00 10491.30
248.80 -44.06 -44.73 -63.51 341.03 272.93 26.65 0.10
0.00 10931.49
233.60 -46.76 -47.28 -63.98 343.14 269.25 29.72 0.10
0.00 11351.73
219.60 -49.36 -49.79 -67.41 345.20 266.11 28.61 0.10
0.00 11758.94
205.70 -51.56 -51.91 -67.88 348.25 267.26 28.40 0.00
0.00 12185.18
191.70 -53.66 -53.97 -73.19 351.92 263.66 28.15 0.00
0.00 12640.21
177.70 -56.06 -56.31 -73.70 355.69 261.14 30.28 0.00
0.00 13124.78
163.80 -58.46 -58.66 -74.24 360.04 262.50 29.78 0.00
0.00 13639.50
149.80 -61.06 -61.21 -74.84 364.88 259.88 27.62 0.00
0.00 14197.57
135.90 -63.46 -63.58 -75.48 370.93 259.54 25.68 0.00
0.00 14798.72
121.90 -64.26 -9999.00 -9999.00 -9999.00 261.87 20.61 0.00
0.00 15464.75
108.00 -65.06 -9999.00 -9999.00 -9999.00 242.47 15.56 0.00
0.00 16203.61
94.00 -65.26 -9999.00 -9999.00 -9999.00 244.44 14.86 0.00
0.00 17048.87
81.00 -62.46 -9999.00 -9999.00 -9999.00 284.30 10.22 0.00
0.00 17960.73
70.60 -60.76 -9999.00 -9999.00 -9999.00 5.19 2.14 0.00
0.00 18811.64
62.20 -59.16 -9999.00 -9999.00 -9999.00 74.93 5.23 0.00
0.00 19602.14
54.30 -57.46 -9999.00 -9999.00 -9999.00 93.24 10.31 0.00
0.00 20456.34
46.90 -55.56 -9999.00 -9999.00 -9999.00 86.93 10.90 0.00
0.00 21385.39
40.10 -54.06 -9999.00 -9999.00 -9999.00 74.32 11.50 0.00
0.00 22386.50
33.80 -52.16 -9999.00 -9999.00 -9999.00 62.14 15.38 0.00
0.00 23487.35
27.80 -50.26 -9999.00 -9999.00 -9999.00 66.23 17.83 0.00
0.00 24756.92
22.30 -49.46 -9999.00 -9999.00 -9999.00 75.11 18.90 0.00
0.00 26197.78
17.10 -46.26 -9999.00 -9999.00 -9999.00 73.30 24.34 0.00
0.00 27948.69
12.30 -42.66 -9999.00 -9999.00 -9999.00 75.03 34.58 0.00
0.00 30154.25

STID = KMDW STNM = 725340 TIME = 200809/0900 
SLAT = 41.78 SLON = -87.75 SELV = 183.0
STIM = 21

SHOW = -2.07 LIFT = -4.75 SWET = 206.06 KINX = 28.27
LCLP = 972.67 PWAT = 41.72 TOTL = 48.96 CAPE = 1446.39
LCLT = 294.14 CINS = -15.62 EQLV = 210.23 LFCT = 859.84
BRCH = 188.95

PRES TMPC TMWC DWPC THTE DRCT SKNT OMEG
CFRL HGHT
995.40 22.94 21.87 21.37 343.88 191.89 3.77 0.00
0.00 191.79
992.40 23.34 21.90 21.25 344.47 202.17 11.32 0.00
0.00 218.22
986.90 23.34 21.85 21.19 345.13 205.84 13.81 0.10
0.00 266.92
977.40 23.74 22.14 21.45 347.88 225.44 17.99 0.10
0.00 351.76
963.40 23.24 21.70 21.03 348.19 233.13 18.45 0.20
0.00 478.28
945.50 22.24 21.02 20.47 348.12 228.99 17.75 0.30
0.00 642.32
924.10 20.94 20.01 19.57 347.29 216.75 19.15 0.30
4.00 841.72
900.70 19.64 18.43 17.84 344.56 215.47 19.08 0.30
0.00 1064.02
875.40 18.24 16.60 15.76 341.47 216.61 16.94 0.30
3.00 1309.63
847.20 16.64 14.91 13.98 339.75 208.25 14.78 0.20
0.00 1590.24
816.00 15.44 12.42 10.61 336.00 196.53 12.98 0.20
0.00 1909.96
782.00 14.74 9.04 4.81 330.45 201.80 11.50 0.20
0.00 2270.87
745.10 12.84 5.41 -1.74 325.60 208.69 11.73 0.20
0.00 2678.26
705.30 9.44 3.57 -2.19 327.13 199.57 9.29 0.20
0.00 3136.35
662.70 6.84 1.07 -5.28 327.72 175.36 7.21 0.20
0.00 3650.64
617.10 2.84 -2.33 -9.01 327.29 168.11 3.77 0.20
0.00 4232.00
569.00 -2.86 -6.14 -10.91 327.39 20.56 1.65 0.10
0.00 4882.01
522.40 -7.06 -9.94 -15.00 328.21 290.85 4.37 0.10
0.00 5553.86
480.50 -10.76 -13.15 -17.99 330.32 293.39 7.83 0.10
0.00 6201.35
442.90 -14.56 -16.74 -22.14 331.63 287.59 8.35 0.00
0.00 6823.30
409.10 -18.36 -21.10 -31.73 331.43 277.94 8.43 -0.10
0.00 7420.16
378.50 -22.56 -25.02 -38.62 332.19 272.86 11.67 -0.20
0.00 7995.37
351.00 -27.26 -28.92 -39.63 333.02 278.81 13.95 -0.20
0.00 8543.59
326.20 -31.66 -32.80 -41.80 333.79 286.62 13.58 -0.10
0.00 9066.38
303.80 -35.86 -36.85 -48.77 334.14 285.73 14.34 0.00
0.00 9564.95
283.70 -39.06 -39.91 -53.75 335.90 283.69 15.60 0.10
0.00 10037.24
265.60 -41.26 -42.06 -59.06 338.90 270.54 20.78 0.10
0.00 10486.87
248.80 -43.76 -44.45 -63.51 341.48 270.35 31.47 0.10
0.00 10928.01
233.60 -47.06 -47.56 -63.98 342.69 268.56 30.91 0.00
0.00 11348.26
219.60 -49.76 -50.17 -67.41 344.58 266.68 30.17 0.00
0.00 11754.83
205.70 -51.96 -52.29 -67.88 347.62 268.07 28.77 0.00
0.00 12180.30
191.70 -53.86 -54.16 -73.19 351.60 265.10 27.29 0.00
0.00 12634.72
177.70 -56.06 -56.31 -73.70 355.69 261.60 29.25 0.00
0.00 13119.06
163.80 -58.26 -58.46 -74.24 360.38 261.76 29.84 0.00
0.00 13634.02
149.80 -60.56 -60.72 -74.84 365.74 259.29 29.25 0.00
0.00 14193.01
135.90 -63.16 -63.28 -75.48 371.46 262.48 28.21 -0.10
0.00 14795.29
121.90 -64.66 -9999.00 -9999.00 -9999.00 264.24 23.23 -0.10
0.00 15461.17
108.00 -65.86 -9999.00 -9999.00 -9999.00 248.20 17.77 0.00
0.00 16197.90
94.00 -65.66 -9999.00 -9999.00 -9999.00 245.38 15.38 0.00
0.00 17040.72
81.00 -61.76 -9999.00 -9999.00 -9999.00 271.55 7.19 0.00
0.00 17953.24
70.60 -59.86 -9999.00 -9999.00 -9999.00 124.70 3.07 0.00
0.00 18807.36
62.20 -58.76 -9999.00 -9999.00 -9999.00 75.38 4.62 0.00
0.00 19600.27
54.30 -57.96 -9999.00 -9999.00 -9999.00 76.29 8.20 0.00
0.00 20454.27
46.90 -56.86 -9999.00 -9999.00 -9999.00 72.58 10.39 0.00
0.00 21379.46
40.10 -54.36 -9999.00 -9999.00 -9999.00 65.70 13.21 0.00
0.00 22376.91
33.80 -51.86 -9999.00 -9999.00 -9999.00 64.89 20.59 0.00
0.00 23477.75
27.80 -50.36 -9999.00 -9999.00 -9999.00 71.91 20.65 0.00
0.00 24747.90
22.30 -48.56 -9999.00 -9999.00 -9999.00 76.63 20.16 0.00
0.00 26191.34
17.10 -44.86 -9999.00 -9999.00 -9999.00 75.85 24.63 0.00
0.00 27951.19
12.30 -42.26 -50.30 -89.89 811.36 73.13 31.47 0.00
0.00 30165.43
STN YYMMDD/HHMM PMSL PRES SKTC STC1 SNFL WTNS
P01M C01M STC2 LCLD MCLD HCLD
SNRA UWND VWND R01M BFGR T2MS
Q2MS WXTS WXTP WXTZ WXTR USTM
VSTM HLCY SLLH WSYM CDBP VSBK
TD2M
725340 200808/1200 1020.80 999.20 17.84 291.00 -9999.00 0.00
-9999.00 -9999.00 291.00 0.00 51.00 0.00
-9999.00 -1.20 1.70 -9999.00 -9999.00 18.34
11.26 0.00 0.00 0.00 0.00 -0.30
-4.30 92.00 -9999.00 999.00 -9999.00 20.00
15.58
725340 200808/1300 1021.40 999.80 20.34 293.50 0.00 100.00
0.00 0.00 293.30 0.00 89.00 0.00
-9999.00 -1.20 2.90 -9999.00 -9999.00 20.14
11.05 0.00 0.00 0.00 0.00 -1.30
-3.40 103.20 -9999.00 999.00 -9999.00 20.00
15.30
725340 200808/1400 1020.80 999.30 23.74 296.90 0.00 100.00
0.00 0.00 296.00 0.00 100.00 0.00
-9999.00 -0.70 3.80 -9999.00 -9999.00 22.34
10.29 0.00 0.00 0.00 0.00 -2.30
-2.00 110.70 -9999.00 999.00 -9999.00 20.00
14.21
725340 200808/1500 1019.70 998.30 30.14 303.30 0.00 100.00
0.00 0.00 301.60 7.00 64.00 0.00
-9999.00 -0.30 4.40 -9999.00 -9999.00 25.24
9.06 0.00 0.00 0.00 0.00 -2.70
-1.90 98.50 -9999.00 999.00 -9999.00 20.00
12.27
725340 200808/1600 1020.40 999.00 34.34 307.50 0.00 100.00
0.00 0.00 305.70 14.00 19.00 0.00
-9999.00 0.00 4.30 -9999.00 -9999.00 27.34
9.39 0.00 0.00 0.00 0.00 -2.30
-2.90 76.90 -9999.00 999.00 -9999.00 20.00
12.82
725340 200808/1700 1019.80 998.50 38.04 311.20 0.00 100.00
0.00 0.00 309.20 19.00 100.00 0.00
-9999.00 0.00 3.80 -9999.00 -9999.00 28.84
10.36 0.00 0.00 0.00 0.00 -0.60
-4.20 59.90 -9999.00 999.00 -9999.00 20.00
14.30
725340 200808/1800 1019.00 997.70 39.74 312.90 0.00 100.00
0.00 0.00 311.20 20.00 100.00 0.00
-9999.00 -0.10 3.70 -9999.00 -9999.00 30.14
11.43 0.00 0.00 0.00 0.00 -0.90
-3.80 56.10 -9999.00 999.00 -9999.00 20.00
15.79
725340 200808/1900 1019.00 997.90 40.74 313.90 0.00 100.00
0.00 0.00 312.40 17.00 100.00 0.00
-9999.00 -0.20 4.10 -9999.00 -9999.00 31.24
12.22 0.00 0.00 0.00 0.00 -1.50
-3.00 63.30 -9999.00 999.00 -9999.00 20.00
16.82
725340 200808/2000 1017.60 996.50 40.44 313.60 0.00 100.00
0.00 0.00 312.50 24.00 100.00 0.00
-9999.00 -0.20 4.50 -9999.00 -9999.00 31.74
12.70 0.00 0.00 0.00 0.00 -1.90
-2.70 65.30 -9999.00 999.00 -9999.00 20.00
17.39
725340 200808/2100 1016.50 995.50 39.64 312.80 0.00 100.00
0.00 0.00 311.90 22.00 100.00 0.00
-9999.00 0.10 4.90 -9999.00 -9999.00 32.04
13.03 0.00 0.00 0.00 0.00 -2.70
-2.10 64.40 -9999.00 999.00 -9999.00 20.00
17.78
725340 200808/2200 1015.90 994.80 37.54 310.70 0.00 100.00
0.00 0.00 310.40 18.00 21.00 0.00
-9999.00 0.50 5.30 -9999.00 -9999.00 31.84
13.38 0.00 0.00 0.00 0.00 -3.70
-1.20 71.30 -9999.00 999.00 -9999.00 20.00
18.18
725340 200808/2300 1017.20 996.10 34.84 308.00 0.00 100.00
0.00 0.00 308.10 28.00 0.00 0.00
-9999.00 0.80 5.10 -9999.00 -9999.00 31.34
13.73 0.00 0.00 0.00 0.00 -4.00
-1.00 69.90 -9999.00 999.00 -9999.00 20.00
18.60
725340 200809/0000 1017.30 996.20 32.04 305.20 0.00 100.00
0.00 0.00 305.50 22.00 0.00 0.00
-9999.00 0.70 4.70 -9999.00 -9999.00 30.44
14.06 0.00 0.00 0.00 0.00 -4.00
-1.40 72.30 -9999.00 999.00 -9999.00 20.00
18.97
725340 200809/0100 1016.90 995.70 29.14 302.30 0.00 100.00
0.00 0.00 302.90 16.00 0.00 0.00
-9999.00 0.00 4.10 -9999.00 -9999.00 29.04
14.38 0.00 0.00 0.00 0.00 -4.30
-1.20 84.70 -9999.00 999.00 -9999.00 20.00
19.32
725340 200809/0200 1017.30 996.10 27.54 300.70 0.00 100.00
0.00 0.00 301.30 2.00 0.00 0.00
-9999.00 -0.30 3.60 -9999.00 -9999.00 27.64
14.63 0.00 0.00 0.00 0.00 -4.80
0.20 102.70 -9999.00 999.00 -9999.00 20.00
19.60
725340 200809/0300 1017.60 996.40 26.34 299.50 0.00 100.00
0.00 0.00 300.00 0.00 0.00 0.00
-9999.00 -0.50 3.50 -9999.00 -9999.00 26.54
14.73 0.00 0.00 0.00 0.00 -5.10
1.30 94.50 -9999.00 999.00 -9999.00 20.00
19.71
725340 200809/0400 1017.80 996.50 25.34 298.50 0.00 100.00
0.00 0.00 299.00 1.00 0.00 0.00
-9999.00 -0.40 3.80 -9999.00 -9999.00 25.64
14.77 0.00 0.00 0.00 0.00 -5.40
2.10 84.00 -9999.00 999.00 -9999.00 20.00
19.75
725340 200809/0500 1017.80 996.60 24.54 297.70 0.00 100.00
0.00 0.00 298.10 0.00 0.00 0.00
-9999.00 0.30 3.50 -9999.00 -9999.00 24.94
15.01 0.00 0.00 0.00 0.00 -5.40
3.80 61.20 -9999.00 999.00 -9999.00 20.00
20.01
725340 200809/0600 1018.20 996.90 23.74 296.90 0.00 100.00
0.00 0.00 297.30 3.00 0.00 0.00
-9999.00 0.80 3.00 -9999.00 -9999.00 24.14
15.45 0.00 0.00 0.00 0.00 -5.10
5.00 33.10 -9999.00 999.00 -9999.00 20.00
20.47
725340 200809/0700 1018.60 997.30 23.24 296.40 0.00 100.00
0.00 0.00 296.70 15.00 0.00 0.00
-9999.00 1.00 2.10 -9999.00 -9999.00 23.44
15.94 0.00 0.00 0.00 0.00 -4.60
6.00 7.90 -9999.00 999.00 -9999.00 20.00
20.97
725340 200809/0800 1018.10 996.70 22.74 295.90 0.00 100.00
0.00 0.00 296.20 13.00 0.00 0.00
-9999.00 0.60 1.80 -9999.00 -9999.00 22.84
16.30 0.00 0.00 0.00 0.00 -4.30
7.00 -16.80 -9999.00 999.00 -9999.00 20.00
21.31
725340 200809/0900 1017.80 996.40 22.24 295.40 0.00 100.00
0.00 0.00 295.70 4.00 0.00 0.00
-9999.00 0.50 2.00 -9999.00 -9999.00 22.44
16.45 0.00 0.00 0.00 0.00 -4.70
6.10 -6.90 -9999.00 999.00 -9999.00 20.00
21.46


