
SNPARM = PRES;TMPC;TMWC;DWPC;THTE;DRCT;SKNT;OMEG;CFRL;HGHT 
STNPRM = SHOW;LIFT;SWET;KINX;LCLP;PWAT;TOTL;CAPE;LCLT;CINS;EQLV;LFCT;BRCH 

STID = KMDW STNM = 725340 TIME = 200808/2200 
SLAT = 41.78 SLON = -87.75 SELV = 183.0
STIM = 0

SHOW = -2.50 LIFT = -3.83 SWET = 219.20 KINX = 35.43
LCLP = 871.54 PWAT = 44.69 TOTL = 49.52 CAPE = 926.34
LCLT = 291.25 CINS = -0.99 EQLV = 241.40 LFCT = 855.97
BRCH = 60.52

PRES TMPC TMWC DWPC THTE DRCT SKNT OMEG
CFRL HGHT
995.10 29.34 22.90 20.23 348.33 181.43 7.77 0.00
0.00 193.77
992.10 28.64 22.62 20.10 347.57 180.00 10.49 0.00
0.00 220.71
986.60 27.94 22.29 19.90 346.99 179.05 11.65 -0.10
0.00 270.21
977.20 27.04 21.76 19.49 346.17 179.09 12.24 -0.20
0.00 355.21
963.30 25.54 20.83 18.74 344.41 180.00 12.63 -0.30
0.00 481.88
945.40 23.84 19.82 17.98 343.05 180.88 12.63 -0.40
0.00 646.79
924.00 21.84 18.71 17.23 341.96 183.58 12.45 -0.50
0.00 846.79
900.70 19.94 17.30 15.98 340.11 192.23 11.93 -0.30
0.00 1068.36
875.40 17.74 16.62 16.03 341.55 208.24 11.91 0.00
14.00 1313.78
847.10 16.14 14.94 14.28 339.86 237.99 12.82 0.30
14.00 1594.96
815.90 15.24 13.21 12.06 338.78 255.02 14.28 0.50
23.00 1914.45
781.90 13.94 11.14 9.42 337.32 255.17 13.66 0.60
10.00 2275.17
744.90 12.14 9.08 7.05 336.83 252.70 12.41 0.40
0.00 2683.48
705.10 8.74 6.13 4.16 334.57 249.23 12.04 0.30
0.00 3141.48
662.40 5.74 2.71 0.01 332.29 249.44 8.29 0.20
0.00 3656.24
616.70 2.14 -0.21 -2.53 332.83 282.53 3.57 0.10
0.00 4237.98
568.70 -2.16 -5.31 -9.57 329.34 323.53 5.56 0.10
0.00 4887.49
522.10 -7.46 -11.33 -19.72 325.31 301.70 7.77 0.10
0.00 5560.00
480.30 -11.16 -14.49 -22.88 327.62 270.00 12.82 0.00
0.00 6205.02
442.80 -14.96 -17.01 -22.15 331.14 265.29 16.57 0.10
0.00 6824.43
409.00 -18.56 -21.76 -37.33 330.17 255.28 19.89 0.00
0.00 7420.68
378.40 -22.06 -25.15 -50.40 331.87 260.62 22.65 0.00
0.00 7996.29
350.90 -25.76 -28.39 -63.97 333.77 264.14 22.84 0.00
0.00 8546.76
326.20 -29.56 -31.60 -59.20 335.66 261.73 22.96 0.00
0.00 9071.27
303.80 -33.46 -35.01 -59.76 337.07 261.33 23.19 0.00
0.00 9574.48
283.70 -36.96 -38.17 -62.52 338.66 266.45 28.22 0.00
0.00 10051.24
265.60 -40.16 -41.10 -63.02 340.42 265.73 33.90 0.00
0.00 10503.95
248.80 -42.96 -43.71 -63.51 342.67 263.79 37.70 0.00
0.00 10946.91
233.60 -45.46 -46.09 -66.97 345.07 265.24 39.76 0.00
0.00 11369.37
219.60 -48.16 -48.68 -72.27 347.00 268.00 38.87 0.00
0.00 11778.83
205.70 -50.86 -51.27 -72.71 349.30 269.33 33.22 0.00
0.00 12206.89
191.70 -53.06 -53.40 -73.19 352.88 264.56 28.69 0.00
0.00 12663.26
177.70 -55.26 -55.54 -73.70 357.01 260.91 29.51 0.00
0.00 13149.38
163.80 -57.96 -58.17 -74.24 360.88 265.49 29.62 0.00
0.00 13665.65
149.80 -61.06 -61.21 -74.84 364.88 270.77 28.94 0.00
0.00 14224.37
135.90 -63.86 -63.97 -75.48 370.22 272.44 27.41 0.00
0.00 14824.95
121.90 -65.56 -65.65 -76.19 378.80 274.36 22.98 0.00
0.00 15488.28
108.00 -65.46 -9999.00 -9999.00 -9999.00 269.41 18.84 0.00
0.00 16224.13
94.00 -64.66 -9999.00 -9999.00 -9999.00 269.12 12.63 0.00
0.00 17069.80
81.00 -63.26 -9999.00 -9999.00 -9999.00 266.05 5.65 0.00
0.00 17981.22
70.60 -60.76 -9999.00 -9999.00 -9999.00 315.00 0.82 0.00
0.00 18830.52
62.20 -59.16 -9999.00 -9999.00 -9999.00 81.87 5.50 0.00
0.00 19621.02
54.30 -58.26 -9999.00 -9999.00 -9999.00 84.81 6.43 0.00
0.00 20473.63
46.90 -56.46 -9999.00 -9999.00 -9999.00 61.26 6.88 0.00
0.00 21399.03
40.10 -53.96 -9999.00 -9999.00 -9999.00 68.70 12.30 0.00
0.00 22398.31
33.80 -52.36 -9999.00 -9999.00 -9999.00 85.24 16.38 0.00
0.00 23498.91
27.80 -50.46 -9999.00 -9999.00 -9999.00 86.75 17.11 0.00
0.00 24767.34
22.30 -47.86 -9999.00 -9999.00 -9999.00 82.95 18.98 0.00
0.00 26212.71
17.10 -44.96 -9999.00 -9999.00 -9999.00 82.00 23.74 0.00
0.00 27974.89
12.30 -42.46 -50.41 -89.89 810.66 78.30 27.78 0.00
0.00 30187.69

STID = KMDW STNM = 725340 TIME = 200808/2300 
SLAT = 41.78 SLON = -87.75 SELV = 183.0
STIM = 1

SHOW = -2.58 LIFT = -4.26 SWET = 231.22 KINX = 34.18
LCLP = 863.42 PWAT = 43.05 TOTL = 50.50 CAPE = 791.70
LCLT = 290.08 CINS = -104.66 EQLV = 249.60 LFCT = 680.28
BRCH = 31.06

PRES TMPC TMWC DWPC THTE DRCT SKNT OMEG
CFRL HGHT
995.10 28.94 22.15 19.20 345.00 174.81 8.59 0.00
0.00 192.85
992.10 28.34 21.89 19.07 344.38 174.38 11.91 0.00
0.00 219.75
986.60 27.74 21.64 18.96 344.17 175.10 13.66 0.00
0.00 269.18
977.20 26.84 21.26 18.79 344.03 175.43 14.61 0.00
0.00 354.09
963.30 25.54 20.70 18.54 343.87 177.06 15.17 0.00
0.00 480.68
945.40 23.84 19.98 18.22 343.68 179.28 15.54 0.00
0.00 645.59
924.00 21.94 19.11 17.80 343.57 182.15 15.56 0.00
0.00 845.68
900.70 19.94 18.08 17.18 343.16 189.34 14.37 0.30
0.00 1067.38
875.40 18.34 16.89 16.15 342.58 213.21 12.76 0.60
16.00 1313.13
847.10 17.44 14.75 13.29 339.16 240.95 12.00 0.80
22.00 1595.17
816.00 16.64 12.55 10.09 336.42 249.23 12.04 0.80
9.00 1914.91
782.00 15.24 10.52 7.41 335.17 245.04 12.43 0.70
0.00 2276.99
745.10 12.74 8.37 5.26 334.50 245.85 12.35 0.40
0.00 2685.20
705.20 9.34 5.66 2.74 333.13 250.28 10.94 0.20
0.00 3144.99
662.50 6.34 2.73 -0.52 332.32 265.60 7.60 0.10
0.00 3660.63
616.90 2.44 -0.33 -3.12 332.47 307.18 7.07 0.10
0.00 4241.83
568.80 -2.26 -5.22 -9.14 329.56 316.51 10.45 0.10
0.00 4892.74
522.20 -7.56 -11.19 -18.77 325.60 305.06 13.52 0.10
0.00 5564.93
480.30 -11.66 -14.68 -22.19 327.26 287.74 15.29 0.10
0.00 6210.74
442.80 -15.36 -17.16 -21.62 330.86 271.29 17.29 0.00
0.00 6829.10
409.00 -18.86 -21.94 -36.82 329.86 261.17 20.24 0.00
0.00 7424.55
378.50 -22.36 -25.38 -50.40 331.45 263.72 21.31 0.00
0.00 7997.53
350.90 -25.96 -28.49 -56.84 333.63 262.88 21.93 0.10
0.00 8549.39
326.20 -29.76 -31.72 -55.95 335.47 258.21 22.82 0.10
0.00 9073.48
303.80 -33.46 -35.01 -59.76 337.07 258.33 24.01 0.10
0.00 9576.47
283.70 -36.96 -38.15 -60.30 338.70 261.37 28.50 0.10
0.00 10053.24
265.60 -40.16 -41.10 -63.02 340.42 258.30 33.53 0.10
0.00 10505.95
248.80 -42.96 -43.71 -63.51 342.67 258.75 36.83 0.00
0.00 10948.91
233.60 -45.46 -46.09 -66.97 345.07 261.95 38.85 0.00
0.00 11371.37
219.60 -48.16 -48.68 -72.27 347.00 265.62 38.19 0.00
0.00 11780.83
205.70 -50.86 -51.27 -72.71 349.30 267.76 34.79 0.00
0.00 12208.89
191.70 -52.76 -53.11 -73.19 353.36 265.60 30.40 0.00
0.00 12665.57
177.70 -55.06 -55.34 -73.70 357.33 264.29 29.27 0.00
0.00 13152.24
163.80 -57.96 -58.17 -74.24 360.88 268.08 28.96 0.00
0.00 13668.75
149.80 -61.16 -61.31 -74.84 364.71 271.19 27.97 0.00
0.00 14227.35
135.90 -63.96 -64.07 -75.48 370.05 271.17 28.55 0.00
0.00 14827.64
121.90 -65.56 -65.65 -76.19 378.80 275.11 23.99 0.00
0.00 15490.81
108.00 -65.66 -9999.00 -9999.00 -9999.00 273.18 17.50 0.00
0.00 16226.31
94.00 -64.46 -9999.00 -9999.00 -9999.00 279.02 12.39 0.00
0.00 17071.97
81.00 -62.46 -9999.00 -9999.00 -9999.00 270.00 4.86 0.00
0.00 17985.58
70.60 -60.16 -9999.00 -9999.00 -9999.00 206.57 0.87 0.00
0.00 18837.69
62.20 -59.36 -9999.00 -9999.00 -9999.00 97.43 4.51 0.00
0.00 19628.93
54.30 -58.46 -9999.00 -9999.00 -9999.00 66.04 3.83 0.00
0.00 20480.74
46.90 -56.16 -9999.00 -9999.00 -9999.00 41.05 7.98 0.00
0.00 21406.36
40.10 -54.16 -9999.00 -9999.00 -9999.00 69.44 13.29 0.00
0.00 22405.87
33.80 -53.06 -9999.00 -9999.00 -9999.00 84.60 14.43 0.00
0.00 23504.21
27.80 -50.96 -9999.00 -9999.00 -9999.00 83.50 15.44 0.00
0.00 24769.21
22.30 -47.96 -9999.00 -9999.00 -9999.00 80.34 18.53 0.00
0.00 26212.65
17.10 -44.36 -9999.00 -9999.00 -9999.00 72.62 23.41 0.00
0.00 27976.77
12.30 -41.76 -9999.00 -9999.00 -9999.00 74.60 27.80 0.00
0.00 30195.83

STID = KMDW STNM = 725340 TIME = 200809/0000 
SLAT = 41.78 SLON = -87.75 SELV = 183.0
STIM = 2

SHOW = -1.90 LIFT = -4.51 SWET = 215.00 KINX = 32.77
LCLP = 873.53 PWAT = 41.21 TOTL = 50.27 CAPE = 794.79
LCLT = 290.44 CINS = -142.39 EQLV = 248.44 LFCT = 671.83
BRCH = 27.70

PRES TMPC TMWC DWPC THTE DRCT SKNT OMEG
CFRL HGHT
995.50 28.34 22.09 19.38 344.71 180.00 8.16 0.00
0.00 191.94
992.50 27.94 21.89 19.26 344.35 180.00 11.85 0.00
0.00 218.78
987.00 27.34 21.64 19.14 344.12 180.80 13.99 0.00
0.00 268.13
977.60 26.44 21.24 18.95 343.92 181.43 15.54 0.10
0.00 352.90
963.60 25.24 20.71 18.69 343.87 182.69 16.53 0.10
0.00 480.22
945.70 23.64 20.00 18.35 343.74 185.25 16.98 0.10
0.00 644.95
924.30 21.74 19.11 17.88 343.49 187.85 17.06 0.20
0.00 844.85
901.00 20.04 17.90 16.86 342.40 200.47 15.56 0.30
0.00 1066.42
875.70 18.74 16.20 14.88 339.89 221.63 14.02 0.30
0.00 1312.21
847.40 17.94 14.13 11.97 336.87 235.58 12.72 0.30
6.00 1594.42
816.30 17.54 11.75 7.98 333.61 244.75 11.38 0.20
0.00 1914.59
782.30 15.84 9.72 5.35 332.50 245.10 11.99 0.00
0.00 2277.22
745.40 12.94 7.73 3.78 332.44 247.83 11.32 -0.20
0.00 2685.61
705.60 9.54 5.40 2.03 332.30 251.18 9.03 -0.30
0.00 3144.20
662.80 6.44 2.58 -0.97 331.83 276.91 6.45 -0.20
0.00 3660.98
617.10 2.54 -0.66 -4.01 331.56 314.09 8.66 0.00
0.00 4243.35
569.00 -2.56 -4.91 -7.88 330.26 316.93 12.24 0.10
0.00 4893.81
522.40 -7.76 -10.74 -16.39 326.53 313.18 17.31 0.20
0.00 5565.27
480.40 -12.06 -15.08 -22.88 326.47 298.61 17.04 0.20
0.00 6211.74
442.90 -15.66 -17.74 -23.36 329.71 274.18 15.97 0.10
0.00 6829.09
409.10 -18.76 -22.00 -38.71 329.70 266.19 17.52 0.10
0.00 7424.11
378.50 -22.06 -25.14 -50.40 331.85 266.19 20.44 0.00
0.00 7999.34
351.00 -25.76 -28.33 -56.83 333.87 262.63 22.73 0.00
0.00 8549.67
326.20 -29.56 -31.58 -57.43 335.70 256.76 23.74 0.00
0.00 9076.23
303.80 -33.26 -34.79 -56.53 337.43 256.81 25.54 0.00
0.00 9579.65
283.70 -36.86 -38.06 -60.30 338.85 256.80 28.92 0.00
0.00 10056.73
265.60 -40.26 -41.19 -63.02 340.28 254.05 32.52 -0.10
0.00 10509.43
248.80 -43.06 -43.80 -63.51 342.52 257.24 36.05 -0.10
0.00 10952.20
233.60 -45.66 -46.28 -66.97 344.76 262.69 38.19 -0.10
0.00 11374.38
219.60 -48.26 -48.75 -67.41 346.89 267.05 37.74 0.00
0.00 11783.58
205.70 -50.96 -51.36 -72.71 349.15 270.00 35.35 0.10
0.00 12211.44
191.70 -52.96 -53.30 -73.19 353.04 269.64 31.27 0.10
0.00 12667.82
177.70 -55.06 -55.34 -73.70 357.33 267.65 28.38 0.10
0.00 13154.26
163.80 -57.76 -57.98 -74.24 361.22 267.49 26.63 0.00
0.00 13671.01
149.80 -60.86 -61.02 -74.84 365.22 266.68 26.85 0.00
0.00 14230.26
135.90 -63.96 -64.07 -75.48 370.05 269.26 30.11 0.00
0.00 14830.98
121.90 -65.76 -65.85 -76.19 378.44 278.62 25.93 0.00
0.00 15493.83
108.00 -65.66 -9999.00 -9999.00 -9999.00 280.01 16.76 0.00
0.00 16228.98
94.00 -64.36 -9999.00 -9999.00 -9999.00 281.11 11.09 0.00
0.00 17074.84
81.00 -62.16 -9999.00 -9999.00 -9999.00 245.77 4.25 0.00
0.00 17989.32
70.60 -60.16 -9999.00 -9999.00 -9999.00 192.09 2.78 0.00
0.00 18842.04
62.20 -59.26 -9999.00 -9999.00 -9999.00 120.47 3.83 0.00
0.00 19633.47
54.30 -57.66 -9999.00 -9999.00 -9999.00 40.91 3.85 0.00
0.00 20487.06
46.90 -55.76 -9999.00 -9999.00 -9999.00 41.38 10.88 0.00
0.00 21415.26
40.10 -55.26 -9999.00 -9999.00 -9999.00 64.89 13.73 0.00
0.00 22413.16
33.80 -54.06 -9999.00 -9999.00 -9999.00 72.39 12.84 0.00
0.00 23506.25
27.80 -51.16 -9999.00 -9999.00 -9999.00 72.73 15.05 0.00
0.00 24767.82
22.30 -47.46 -9999.00 -9999.00 -9999.00 71.74 19.83 0.00
0.00 26212.23
17.10 -43.86 -9999.00 -9999.00 -9999.00 69.39 25.93 0.00
0.00 27980.24
12.30 -41.76 -9999.00 -9999.00 -9999.00 74.85 28.98 0.00
0.00 30201.71

STID = KMDW STNM = 725340 TIME = 200809/0100 
SLAT = 41.78 SLON = -87.75 SELV = 183.0
STIM = 3

SHOW = -1.19 LIFT = -4.53 SWET = 190.64 KINX = 31.49
LCLP = 894.71 PWAT = 40.57 TOTL = 49.47 CAPE = 860.80
LCLT = 291.32 CINS = -137.86 EQLV = 243.79 LFCT = 691.25
BRCH = 30.16

PRES TMPC TMWC DWPC THTE DRCT SKNT OMEG
CFRL HGHT
996.00 27.24 22.10 19.90 344.75 181.64 6.80 0.00
0.00 192.79
993.00 27.04 21.97 19.78 344.62 183.01 11.09 0.00
0.00 219.54
987.50 26.54 21.73 19.65 344.48 183.32 13.42 0.10
0.00 268.74
978.00 25.84 21.38 19.43 344.45 184.88 15.99 0.10
0.00 354.19
964.10 24.64 20.81 19.11 344.21 186.97 17.62 0.20
0.00 480.32
946.10 23.14 20.06 18.66 343.92 189.87 18.14 0.20
0.00 645.62
924.70 21.44 19.09 17.99 343.36 194.93 18.08 0.20
0.00 845.18
901.40 19.94 17.76 16.69 341.78 210.74 16.72 0.30
0.00 1066.51
876.10 18.84 15.72 14.06 338.06 227.49 15.81 0.30
0.00 1312.12
847.80 17.94 13.70 11.22 335.29 237.65 13.79 0.20
0.00 1594.15
816.70 17.54 11.34 7.15 332.17 251.24 10.88 0.10
0.00 1914.08
782.70 15.74 9.21 4.32 330.81 257.01 10.37 -0.10
0.00 2276.36
745.80 12.84 7.21 2.74 330.80 255.68 9.42 -0.20
0.00 2684.27
705.90 9.44 5.05 1.36 331.23 249.27 7.69 -0.20
0.00 3143.53
663.10 6.14 2.37 -1.14 331.21 270.00 5.05 -0.10
0.00 3659.65
617.40 2.44 -1.01 -4.74 330.61 308.88 7.73 0.10
0.00 4241.27
569.20 -2.66 -4.63 -7.03 330.90 315.69 11.40 0.30
0.00 4892.57
522.50 -7.96 -9.72 -12.54 328.72 315.00 17.31 0.40
0.00 5565.12
480.50 -11.86 -14.96 -22.97 326.67 296.57 15.21 0.30
0.00 6211.61
443.00 -15.36 -18.44 -28.86 328.28 273.58 15.58 0.10
0.00 6829.32
409.20 -18.46 -21.93 -41.38 329.77 271.26 17.68 -0.10
0.00 7424.79
378.60 -21.96 -25.11 -52.31 331.87 274.72 21.25 -0.20
0.00 8000.31
351.00 -25.96 -28.47 -55.35 333.65 270.00 22.92 -0.10
0.00 8552.46
326.20 -29.76 -31.64 -51.68 335.63 263.10 24.26 -0.10
0.00 9078.60
303.80 -33.46 -34.94 -55.27 337.19 259.89 25.45 0.00
0.00 9581.61
283.70 -37.16 -38.33 -60.30 338.42 257.34 27.47 0.00
0.00 10058.18
265.60 -40.46 -41.35 -60.81 340.03 255.18 31.14 0.00
0.00 10510.41
248.80 -43.26 -43.99 -63.51 342.23 258.26 35.31 0.00
0.00 10952.80
233.60 -45.76 -46.37 -66.97 344.61 262.80 37.20 0.10
0.00 11374.70
219.60 -48.36 -48.84 -67.41 346.74 266.41 37.18 0.10
0.00 11783.71
205.70 -50.86 -51.24 -67.88 349.35 269.02 34.19 0.20
0.00 12211.58
191.70 -52.76 -53.11 -73.19 353.36 268.51 29.93 0.20
0.00 12668.26
177.70 -54.56 -54.86 -73.70 358.15 262.93 26.83 0.10
0.00 13155.49
163.80 -57.16 -57.40 -74.24 362.22 259.28 26.09 0.00
0.00 13673.55
149.80 -60.46 -60.62 -74.84 365.91 259.77 28.42 0.00
0.00 14234.11
135.90 -63.86 -63.97 -75.48 370.22 268.64 32.63 0.00
0.00 14835.54
121.90 -65.46 -65.56 -76.19 378.98 281.31 26.75 0.00
0.00 15499.03
108.00 -64.96 -9999.00 -9999.00 -9999.00 279.58 15.17 0.00
0.00 16235.94
94.00 -64.16 -9999.00 -9999.00 -9999.00 271.01 11.07 0.00
0.00 17083.64
81.00 -61.96 -9999.00 -9999.00 -9999.00 249.86 6.22 0.00
0.00 17998.99
70.60 -60.26 -9999.00 -9999.00 -9999.00 248.96 2.70 0.00
0.00 18851.91
62.20 -59.46 -9999.00 -9999.00 -9999.00 90.00 1.75 0.00
0.00 19642.78
54.30 -58.26 -9999.00 -9999.00 -9999.00 25.02 6.43 0.00
0.00 20494.78
46.90 -57.56 -9999.00 -9999.00 -9999.00 43.70 12.08 0.00
0.00 21417.83
40.10 -56.86 -9999.00 -9999.00 -9999.00 65.94 11.91 0.00
0.00 22407.94
33.80 -54.16 -9999.00 -9999.00 -9999.00 74.43 12.30 0.00
0.00 23496.78
27.80 -50.26 -9999.00 -9999.00 -9999.00 70.95 17.27 0.00
0.00 24760.64
22.30 -46.76 -9999.00 -9999.00 -9999.00 70.22 23.52 0.00
0.00 26210.21
17.10 -44.06 -9999.00 -9999.00 -9999.00 72.51 29.74 0.00
0.00 27980.16
12.30 -42.26 -9999.00 -9999.00 -9999.00 74.95 29.18 0.00
0.00 30198.25

STID = KMDW STNM = 725340 TIME = 200809/0200 
SLAT = 41.78 SLON = -87.75 SELV = 183.0
STIM = 4

SHOW = -0.43 LIFT = -4.36 SWET = 175.02 KINX = 30.07
LCLP = 918.19 PWAT = 40.19 TOTL = 48.26 CAPE = 879.56
LCLT = 292.33 CINS = -125.20 EQLV = 242.33 LFCT = 699.79
BRCH = 25.87

PRES TMPC TMWC DWPC THTE DRCT SKNT OMEG
CFRL HGHT
995.90 26.04 22.15 20.49 344.99 181.91 5.83 0.00
0.00 192.76
992.90 25.94 22.00 20.31 344.80 182.86 11.67 0.00
0.00 219.42
987.40 25.64 21.79 20.13 344.75 183.09 14.39 0.10
0.00 268.47
977.90 25.14 21.39 19.76 344.54 185.41 18.53 0.10
0.00 353.72
964.00 24.24 20.83 19.33 344.35 187.74 20.18 0.10
0.00 479.65
946.00 22.84 20.13 18.90 344.23 191.94 20.65 0.10
0.00 644.80
924.60 21.14 19.30 18.44 344.23 201.60 20.05 0.10
0.00 844.21
901.30 19.64 18.00 17.19 342.72 214.33 19.29 0.10
2.00 1065.39
876.00 18.64 15.63 14.02 337.74 228.11 17.75 0.10
0.00 1310.85
847.70 17.84 13.41 10.77 334.31 239.45 13.75 0.00
0.00 1592.75
816.60 17.44 10.96 6.44 330.95 257.01 10.37 -0.10
0.00 1912.54
782.60 15.44 9.01 4.15 330.23 268.75 8.94 -0.20
0.00 2274.56
745.70 12.64 7.00 2.44 330.18 270.00 7.19 -0.20
0.00 2682.15
705.80 9.34 4.68 0.62 330.17 252.12 6.33 -0.20
0.00 3141.16
663.00 5.94 2.18 -1.35 330.73 260.54 4.72 -0.10
0.00 3657.03
617.30 2.34 -1.09 -4.83 330.42 304.16 6.57 0.10
0.00 4238.40
569.10 -2.66 -4.54 -6.81 331.13 315.00 10.99 0.30
0.00 4889.70
522.50 -7.66 -9.89 -13.64 328.32 315.00 15.93 0.40
0.00 5561.21
480.50 -11.46 -14.90 -24.09 326.76 300.68 13.33 0.30
0.00 6208.49
442.90 -14.96 -18.76 -34.62 327.60 290.05 15.31 0.10
0.00 6828.78
409.20 -18.36 -22.04 -46.12 329.51 290.26 17.39 0.00
0.00 7423.06
378.60 -22.16 -25.32 -56.22 331.49 285.87 19.19 0.00
0.00 7998.44
351.00 -26.06 -28.51 -52.95 333.59 278.13 20.61 0.20
0.00 8550.25
326.20 -29.86 -31.66 -49.41 335.62 272.45 22.75 0.30
0.00 9076.19
303.80 -33.56 -35.03 -55.27 337.05 264.60 24.79 0.20
0.00 9579.00
283.70 -37.26 -38.42 -60.30 338.27 259.51 26.67 0.20
0.00 10055.37
265.60 -40.46 -41.35 -60.81 340.03 257.40 32.05 0.10
0.00 10507.50
248.80 -43.26 -43.99 -63.51 342.23 260.12 35.10 0.10
0.00 10949.89
233.60 -45.76 -46.35 -63.98 344.66 262.08 36.67 0.10
0.00 11371.79
219.60 -48.36 -48.84 -67.41 346.74 264.86 36.87 0.10
0.00 11780.81
205.70 -50.76 -51.15 -67.88 349.51 267.27 32.67 0.10
0.00 12208.77
191.70 -52.46 -52.82 -73.19 353.84 264.73 27.51 0.00
0.00 12665.87
177.70 -54.16 -54.48 -73.70 358.81 256.27 26.20 0.00
0.00 13153.87
163.80 -57.06 -57.30 -74.24 362.39 253.68 28.34 -0.10
0.00 13672.53
149.80 -60.76 -60.92 -74.84 365.40 259.18 31.04 -0.10
0.00 14232.82
135.90 -64.46 -64.56 -75.48 369.16 272.37 32.85 -0.10
0.00 14832.97
121.90 -65.76 -65.85 -76.19 378.44 284.55 26.28 0.00
0.00 15495.03
108.00 -64.66 -9999.00 -9999.00 -9999.00 276.34 14.06 0.00
0.00 16231.94
94.00 -63.86 -9999.00 -9999.00 -9999.00 264.73 12.68 0.00
0.00 17080.86
81.00 -61.76 -9999.00 -9999.00 -9999.00 268.60 7.96 0.00
0.00 17997.29
70.60 -60.56 -9999.00 -9999.00 -9999.00 286.70 4.06 0.00
0.00 18850.01
62.20 -59.96 -9999.00 -9999.00 -9999.00 360.00 1.36 0.00
0.00 19639.40
54.30 -59.06 -9999.00 -9999.00 -9999.00 27.18 8.08 0.00
0.00 20488.82
46.90 -58.26 -9999.00 -9999.00 -9999.00 49.30 12.80 0.00
0.00 21408.65
40.10 -56.66 -9999.00 -9999.00 -9999.00 66.28 14.01 0.00
0.00 22397.62
33.80 -53.56 -9999.00 -9999.00 -9999.00 72.41 16.71 0.00
0.00 23488.46
27.80 -49.56 -9999.00 -9999.00 -9999.00 71.57 21.50 0.00
0.00 24756.03
22.30 -46.16 -9999.00 -9999.00 -9999.00 72.47 27.10 0.00
0.00 26209.80
17.10 -43.46 -9999.00 -9999.00 -9999.00 75.87 27.84 0.00
0.00 27984.41
12.30 -41.66 -9999.00 -9999.00 -9999.00 76.46 27.37 0.00
0.00 30208.29

STID = KMDW STNM = 725340 TIME = 200809/0300 
SLAT = 41.78 SLON = -87.75 SELV = 183.0
STIM = 5

SHOW = 0.08 LIFT = -4.40 SWET = 169.93 KINX = 28.91
LCLP = 935.22 PWAT = 39.93 TOTL = 47.48 CAPE = 845.26
LCLT = 292.93 CINS = -115.16 EQLV = 243.29 LFCT = 700.42
BRCH = 23.24

PRES TMPC TMWC DWPC THTE DRCT SKNT OMEG
CFRL HGHT
996.50 25.14 22.11 20.81 344.74 180.00 4.27 0.00
0.00 191.84
993.50 25.34 21.94 20.48 344.48 181.82 12.24 0.00
0.00 218.42
988.00 25.24 21.71 20.19 344.35 182.90 15.37 0.00
0.00 267.36
978.50 25.14 21.31 19.64 344.11 184.95 20.28 0.00
0.00 352.50
964.50 24.34 20.83 19.28 344.26 187.19 21.74 0.00
0.00 479.28
946.60 22.94 20.30 19.12 344.87 194.41 21.85 0.00
0.00 643.48
925.10 21.34 19.66 18.88 345.62 206.57 20.84 0.00
0.00 843.85
901.70 19.44 18.42 17.91 344.35 217.73 20.63 0.00
7.00 1065.93
876.40 18.24 15.83 14.56 338.43 229.09 19.27 0.00
4.00 1311.11
848.10 17.84 13.21 10.40 333.55 243.43 14.34 0.00
0.00 1592.69
817.00 17.34 10.69 5.95 330.03 259.51 10.66 -0.10
0.00 1912.23
783.00 15.24 8.88 4.03 329.77 271.40 7.96 -0.20
0.00 2273.85
746.00 12.44 6.92 2.45 329.91 270.00 5.44 -0.10
0.00 2682.06
706.10 9.34 4.41 0.00 329.36 243.43 5.65 0.00
0.00 3140.69
663.30 5.94 2.04 -1.68 330.29 247.38 5.05 0.10
0.00 3656.27
617.50 2.34 -1.08 -4.80 330.41 298.18 6.18 0.10
0.00 4238.67
569.30 -2.66 -4.62 -7.00 330.91 315.74 10.59 0.10
0.00 4889.74
522.60 -7.46 -10.53 -16.27 326.93 318.50 13.48 0.00
0.00 5562.64
480.60 -11.26 -14.97 -25.33 326.58 306.87 11.65 0.00
0.00 6210.16
443.00 -14.96 -18.90 -36.54 327.29 306.57 15.00 -0.10
0.00 6830.52
409.20 -18.06 -21.93 -50.64 329.66 308.35 16.59 -0.10
0.00 7426.82
378.60 -21.86 -25.11 -58.02 331.84 299.12 15.56 0.00
0.00 8002.87
351.10 -25.86 -28.39 -55.34 333.75 288.63 17.64 0.20
0.00 8553.15
326.20 -29.76 -31.61 -50.86 335.67 282.71 20.32 0.20
0.00 9081.45
303.90 -33.56 -35.03 -55.26 337.02 269.51 22.73 0.20
0.00 9582.03
283.70 -37.26 -38.42 -60.30 338.27 260.33 26.59 0.10
0.00 10060.70
265.60 -40.36 -41.26 -60.81 340.18 261.38 32.42 0.00
0.00 10512.92
248.80 -43.16 -43.89 -63.51 342.37 261.96 34.73 0.00
0.00 10955.50
233.60 -45.76 -46.35 -63.98 344.66 262.43 36.85 0.00
0.00 11377.50
219.60 -48.36 -48.84 -67.41 346.74 263.59 36.56 0.00
0.00 11786.51
205.70 -50.86 -51.24 -67.88 349.35 263.77 32.25 0.00
0.00 12214.38
191.70 -52.66 -52.99 -68.39 353.57 258.92 28.30 -0.10
0.00 12671.17
177.70 -54.46 -54.77 -73.70 358.32 252.42 28.94 -0.10
0.00 13158.62
163.80 -57.36 -57.59 -74.24 361.89 253.10 32.07 -0.10
0.00 13676.56
149.80 -61.26 -61.41 -74.84 364.54 259.72 33.76 -0.10
0.00 14235.81
135.90 -64.76 -64.85 -75.48 368.63 272.40 32.46 0.00
0.00 14834.82
121.90 -65.76 -65.85 -76.19 378.44 285.10 25.35 0.00
0.00 15496.40
108.00 -64.36 -9999.00 -9999.00 -9999.00 266.78 13.81 0.00
0.00 16233.84
94.00 -63.86 -9999.00 -9999.00 -9999.00 263.39 13.50 0.00
0.00 17083.37
81.00 -61.96 -9999.00 -9999.00 -9999.00 288.97 6.57 0.00
0.00 17999.37
70.60 -61.06 -9999.00 -9999.00 -9999.00 315.00 2.74 0.00
0.00 18850.68
62.20 -59.86 -9999.00 -9999.00 -9999.00 17.10 2.64 0.00
0.00 19639.33
54.30 -58.76 -9999.00 -9999.00 -9999.00 40.60 10.74 0.00
0.00 20489.54
46.90 -57.46 -9999.00 -9999.00 -9999.00 55.20 13.95 0.00
0.00 21411.73
40.10 -55.46 -9999.00 -9999.00 -9999.00 65.97 15.73 0.00
0.00 22405.28
33.80 -52.66 -9999.00 -9999.00 -9999.00 71.97 17.56 0.00
0.00 23501.37
27.80 -49.86 -9999.00 -9999.00 -9999.00 73.01 21.93 0.00
0.00 24770.66
22.30 -47.56 -9999.00 -9999.00 -9999.00 78.77 25.95 0.00
0.00 26218.94
17.10 -44.26 -9999.00 -9999.00 -9999.00 82.26 24.51 0.00
0.00 27985.01
12.30 -41.76 -9999.00 -9999.00 -9999.00 78.37 26.98 0.00
0.00 30204.55

STID = KMDW STNM = 725340 TIME = 200809/0400 
SLAT = 41.78 SLON = -87.75 SELV = 183.0
STIM = 6

SHOW = 0.58 LIFT = -4.85 SWET = 160.69 KINX = 27.56
LCLP = 952.07 PWAT = 40.06 TOTL = 47.05 CAPE = 933.13
LCLT = 293.42 CINS = -100.60 EQLV = 238.32 LFCT = 698.35
BRCH = 28.33

PRES TMPC TMWC DWPC THTE DRCT SKNT OMEG
CFRL HGHT
996.70 24.14 21.97 21.02 344.11 176.42 3.11 0.00
0.00 191.81
993.70 24.74 21.80 20.52 343.84 183.42 13.03 0.00
0.00 218.32
988.20 24.84 21.61 20.21 343.90 184.09 16.36 0.00
0.00 267.17
978.70 25.04 21.40 19.82 344.46 187.45 20.96 -0.10
0.00 352.22
964.70 24.34 21.07 19.64 345.24 192.58 22.30 -0.10
0.00 478.97
946.80 23.04 20.56 19.46 345.92 201.52 21.72 -0.20
0.00 643.19
925.30 21.44 19.82 19.08 346.28 212.77 20.10 -0.30
0.00 843.62
901.90 19.44 18.85 18.53 346.05 222.16 19.39 -0.20
11.00 1065.74
876.60 17.74 16.17 15.34 339.65 233.47 19.58 -0.20
12.00 1310.74
848.30 17.94 12.77 9.52 332.04 249.11 15.79 -0.10
0.00 1592.07
817.10 17.24 10.59 5.83 329.72 259.51 10.66 -0.20
0.00 1912.52
783.10 15.04 8.71 3.83 329.25 259.00 7.13 -0.20
0.00 2273.89
746.10 12.34 6.77 2.20 329.45 241.19 4.43 -0.20
0.00 2681.81
706.20 9.54 4.23 -0.64 328.82 222.61 6.60 0.00
0.00 3140.41
663.40 6.14 2.08 -1.81 330.37 233.53 5.56 0.10
0.00 3656.23
617.60 2.54 -0.96 -4.74 330.70 300.96 5.67 0.10
0.00 4238.96
569.40 -2.86 -4.72 -6.99 330.65 320.48 10.08 0.10
0.00 4889.92
522.70 -7.66 -10.87 -17.17 326.17 322.50 10.53 0.10
0.00 5562.16
480.70 -11.36 -15.23 -26.70 326.03 307.97 10.10 0.10
0.00 6209.14
443.10 -15.16 -18.80 -33.37 327.52 313.88 14.01 0.10
0.00 6829.01
409.30 -18.16 -21.76 -42.58 330.02 321.46 14.65 0.10
0.00 7424.87
378.60 -21.56 -24.78 -51.30 332.44 309.35 12.57 0.00
0.00 8002.99
351.10 -25.76 -28.29 -54.07 333.93 297.82 15.81 0.10
0.00 8553.72
326.20 -29.86 -31.74 -52.57 335.45 292.80 18.55 0.10
0.00 9082.02
303.90 -33.86 -35.29 -55.26 336.60 273.64 21.41 0.10
0.00 9582.18
283.70 -37.36 -38.51 -60.30 338.13 262.92 28.38 0.00
0.00 10060.44
265.60 -40.56 -41.44 -60.81 339.88 264.12 32.23 0.00
0.00 10512.38
248.80 -43.26 -43.99 -63.51 342.23 263.97 35.16 0.00
0.00 10954.67
233.60 -45.86 -46.44 -63.98 344.50 264.08 37.68 0.00
0.00 11376.48
219.60 -48.56 -49.03 -67.41 346.43 262.46 37.02 0.00
0.00 11785.23
205.70 -50.96 -51.34 -67.88 349.19 259.99 33.53 0.00
0.00 12212.80
191.70 -52.76 -53.08 -68.39 353.41 256.14 30.81 0.00
0.00 12669.39
177.70 -54.66 -54.96 -73.70 357.99 253.07 32.69 0.00
0.00 13156.50
163.80 -57.66 -57.88 -74.24 361.39 255.74 35.47 0.00
0.00 13673.85
149.80 -61.56 -61.70 -74.84 364.02 263.52 34.40 0.00
0.00 14232.31
135.90 -64.56 -64.66 -75.48 368.98 275.60 29.86 0.00
0.00 14831.18
121.90 -65.06 -65.16 -76.19 379.71 287.35 22.79 0.00
0.00 15494.19
108.00 -63.96 -9999.00 -9999.00 -9999.00 262.57 13.52 0.00
0.00 16233.59
94.00 -63.86 -9999.00 -9999.00 -9999.00 270.83 13.40 0.00
0.00 17083.93
81.00 -62.06 -9999.00 -9999.00 -9999.00 303.69 7.01 0.00
0.00 17999.71
70.60 -61.06 -9999.00 -9999.00 -9999.00 298.81 4.43 0.00
0.00 18850.82
62.20 -59.96 -9999.00 -9999.00 -9999.00 348.11 3.77 0.00
0.00 19639.28
54.30 -59.36 -9999.00 -9999.00 -9999.00 46.74 9.07 0.00
0.00 20488.10
46.90 -57.46 -9999.00 -9999.00 -9999.00 74.29 12.92 0.00
0.00 21409.01
40.10 -55.46 -9999.00 -9999.00 -9999.00 77.16 15.73 0.00
0.00 22402.55
33.80 -53.06 -9999.00 -9999.00 -9999.00 78.45 18.43 0.00
0.00 23497.65
27.80 -51.06 -9999.00 -9999.00 -9999.00 82.02 20.98 0.00
0.00 24762.36
22.30 -47.96 -9999.00 -9999.00 -9999.00 81.33 23.19 0.00
0.00 26205.48
17.10 -43.76 -9999.00 -9999.00 -9999.00 75.54 25.68 0.00
0.00 27971.93
12.30 -41.86 -50.09 -89.89 812.77 69.83 30.42 0.00
0.00 30193.41

STID = KMDW STNM = 725340 TIME = 200809/0500 
SLAT = 41.78 SLON = -87.75 SELV = 183.0
STIM = 7

SHOW = 1.22 LIFT = -4.68 SWET = 150.95 KINX = 26.28
LCLP = 960.84 PWAT = 39.87 TOTL = 46.13 CAPE = 993.18
LCLT = 293.72 CINS = -17.65 EQLV = 235.74 LFCT = 880.44
BRCH = 31.10

PRES TMPC TMWC DWPC THTE DRCT SKNT OMEG
CFRL HGHT
996.50 23.64 21.92 21.16 343.95 171.47 3.92 0.00
0.00 192.68
993.60 24.24 21.76 20.68 343.71 181.59 13.99 0.00
0.00 218.26
988.10 24.24 21.59 20.43 343.81 183.95 16.94 0.00
0.00 267.04
978.60 24.74 21.52 20.12 344.96 192.20 22.07 0.00
0.00 351.98
964.60 24.24 21.13 19.78 345.53 198.14 23.72 0.00
0.00 478.68
946.60 23.04 20.54 19.44 345.89 204.84 23.12 -0.10
0.00 643.82
925.20 21.34 19.73 18.99 345.92 212.93 20.36 -0.10
0.00 843.30
901.80 19.44 18.95 18.68 346.50 222.03 18.57 -0.10
0.00 1065.42
876.40 17.34 16.54 16.10 341.08 230.88 18.78 0.00
18.00 1311.32
848.10 18.04 12.44 8.81 330.95 245.56 14.08 0.10
0.00 1592.59
817.00 17.34 10.60 5.75 329.74 246.30 8.70 0.10
0.00 1912.13
783.00 14.94 8.59 3.65 328.90 228.65 6.47 0.20
0.00 2273.54
746.00 12.34 6.60 1.82 328.97 205.71 5.83 0.20
0.00 2681.41
706.10 9.64 4.08 -1.10 328.43 212.47 7.60 0.40
0.00 3140.10
663.30 6.54 2.17 -2.03 330.61 238.67 5.23 0.50
0.00 3656.42
617.60 2.74 -0.87 -4.77 330.91 309.17 6.76 0.50
0.00 4238.53
569.30 -2.86 -5.05 -7.83 329.88 319.51 10.47 0.30
0.00 4891.09
522.70 -7.56 -11.26 -19.12 325.34 309.21 9.52 0.10
0.00 5561.97
480.70 -11.06 -15.13 -27.45 326.19 300.47 11.50 0.00
0.00 6209.36
443.10 -15.16 -18.30 -28.85 328.51 315.00 15.11 0.00
0.00 6829.63
409.30 -18.46 -21.72 -37.86 330.16 325.01 14.22 -0.10
0.00 7425.22
378.60 -21.86 -24.93 -48.09 332.21 315.00 11.81 -0.20
0.00 8002.69
351.10 -25.96 -28.37 -50.22 333.82 305.64 12.67 -0.20
0.00 8552.88
326.20 -30.36 -32.09 -50.10 334.89 297.24 14.86 -0.10
0.00 9080.44
303.90 -34.26 -35.63 -55.26 336.04 275.14 19.50 0.00
0.00 9579.67
283.70 -37.86 -38.93 -58.54 337.46 267.03 26.26 0.00
0.00 10057.03
265.60 -41.06 -41.90 -60.81 339.15 264.17 28.71 0.00
0.00 10508.00
248.80 -43.46 -44.17 -63.51 341.93 266.63 33.08 0.00
0.00 10949.62
233.60 -45.96 -46.53 -63.98 344.35 266.91 35.99 0.00
0.00 11371.16
219.60 -48.56 -49.03 -67.41 346.43 263.03 35.22 0.00
0.00 11779.81
205.70 -50.76 -51.15 -67.88 349.51 260.15 32.93 0.00
0.00 12207.58
191.70 -52.16 -52.53 -73.19 354.32 256.54 32.56 0.00
0.00 12664.99
177.70 -54.26 -54.57 -73.70 358.64 254.91 35.82 -0.10
0.00 13153.21
163.80 -57.76 -57.98 -74.24 361.22 259.34 36.77 -0.10
0.00 13670.92
149.80 -61.56 -61.70 -74.84 364.02 268.30 32.65 -0.10
0.00 14229.25
135.90 -64.36 -64.46 -75.48 369.34 278.02 27.86 0.00
0.00 14828.40
121.90 -65.16 -9999.00 -9999.00 -9999.00 283.91 21.02 0.00
0.00 15491.57
108.00 -64.06 -9999.00 -9999.00 -9999.00 253.81 12.55 0.00
0.00 16230.61
94.00 -63.76 -9999.00 -9999.00 -9999.00 266.12 11.48 0.00
0.00 17080.95
81.00 -62.46 -9999.00 -9999.00 -9999.00 292.62 5.05 0.00
0.00 17996.08
70.60 -61.86 -9999.00 -9999.00 -9999.00 265.91 2.72 0.00
0.00 18844.77
62.20 -60.56 -9999.00 -9999.00 -9999.00 63.43 2.60 0.00
0.00 19630.64
54.30 -58.76 -9999.00 -9999.00 -9999.00 81.25 10.22 0.00
0.00 20479.46
46.90 -56.46 -9999.00 -9999.00 -9999.00 86.24 14.80 0.00
0.00 21403.80
40.10 -54.46 -9999.00 -9999.00 -9999.00 69.44 14.94 0.00
0.00 22401.93
33.80 -52.76 -9999.00 -9999.00 -9999.00 63.76 15.38 0.00
0.00 23500.28
27.80 -50.86 -9999.00 -9999.00 -9999.00 65.97 15.73 0.00
0.00 24766.42
22.30 -47.36 -9999.00 -9999.00 -9999.00 71.01 19.11 0.00
0.00 26212.12
17.10 -43.16 -9999.00 -9999.00 -9999.00 81.31 28.30 0.00
0.00 27983.23
12.30 -41.86 -50.09 -89.89 812.77 77.03 32.89 0.00
0.00 30207.60

STID = KMDW STNM = 725340 TIME = 200809/0600 
SLAT = 41.78 SLON = -87.75 SELV = 183.0
STIM = 8

SHOW = 1.48 LIFT = -4.74 SWET = 132.50 KINX = 25.06
LCLP = 963.92 PWAT = 38.77 TOTL = 46.24 CAPE = 952.90
LCLT = 293.71 CINS = -151.42 EQLV = 237.90 LFCT = 650.63
BRCH = 27.61

PRES TMPC TMWC DWPC THTE DRCT SKNT OMEG
CFRL HGHT
996.20 23.34 21.80 21.10 343.45 175.43 4.88 0.00
0.00 192.67
993.20 23.74 21.69 20.78 343.45 181.57 14.18 0.00
0.00 219.11
987.70 23.74 21.53 20.56 343.64 183.29 16.92 0.00
0.00 267.83
978.20 24.34 21.42 20.15 344.63 193.46 23.37 0.10
0.00 352.68
964.30 24.04 20.99 19.65 344.96 198.58 25.00 0.10
0.00 478.39
946.30 22.84 20.40 19.31 345.33 204.68 23.74 0.10
0.00 643.46
924.90 21.24 19.67 18.94 345.70 211.43 20.49 0.20
0.00 842.90
901.50 19.34 18.73 18.41 345.65 216.75 18.18 0.20
15.00 1064.99
876.10 18.14 15.69 14.38 337.95 224.08 17.04 0.30
13.00 1311.15
847.90 18.84 12.14 7.62 329.95 227.12 11.13 0.20
0.00 1592.10
816.80 17.54 10.55 5.48 329.60 209.05 8.00 0.30
0.00 1912.20
782.80 15.14 8.53 3.33 328.73 195.75 7.87 0.30
0.00 2273.91
745.80 12.64 6.41 1.06 328.40 195.75 7.87 0.40
0.00 2682.19
706.00 10.34 4.25 -1.46 328.86 218.42 7.19 0.50
0.00 3140.57
663.20 7.24 2.30 -2.50 330.93 272.20 5.05 0.50
0.00 3658.21
617.50 2.84 -0.86 -4.86 330.96 316.74 9.07 0.30
0.00 4241.21
569.30 -2.96 -5.37 -8.54 329.12 316.22 12.92 0.00
0.00 4892.43
522.60 -7.76 -11.42 -19.26 325.05 307.88 11.07 -0.20
0.00 5564.39
480.60 -11.36 -15.18 -26.34 326.15 309.92 12.41 -0.20
0.00 6211.31
443.10 -15.46 -18.39 -27.95 328.37 325.89 14.55 -0.10
0.00 6829.31
409.20 -18.96 -21.96 -36.10 329.79 332.59 11.81 0.10
0.00 7425.83
378.60 -21.86 -24.95 -48.80 332.17 314.14 9.21 0.20
0.00 8000.93
351.10 -25.96 -28.35 -49.46 333.86 294.70 10.68 0.20
0.00 8551.12
326.20 -30.46 -32.16 -49.41 334.79 279.71 14.98 0.20
0.00 9078.57
303.90 -34.26 -35.68 -57.99 335.95 268.03 22.55 0.20
0.00 9577.70
283.70 -37.96 -39.02 -58.54 337.31 267.49 26.63 0.10
0.00 10054.95
265.60 -40.76 -41.65 -63.02 339.55 268.88 29.91 0.10
0.00 10506.12
248.80 -43.46 -44.17 -63.51 341.93 274.22 34.29 0.10
0.00 10948.03
233.60 -46.06 -46.63 -63.98 344.20 270.31 35.55 0.10
0.00 11369.47
219.60 -48.66 -49.13 -67.41 346.28 264.35 35.53 0.00
0.00 11777.94
205.70 -50.96 -51.34 -67.88 349.19 261.50 34.17 0.00
0.00 12205.42
191.70 -52.46 -52.82 -73.19 353.84 257.05 34.67 -0.10
0.00 12662.32
177.70 -54.86 -55.15 -73.70 357.66 256.11 37.22 -0.10
0.00 13149.54
163.80 -58.26 -58.46 -74.24 360.38 260.79 36.40 -0.10
0.00 13665.93
149.80 -62.06 -62.19 -74.84 363.16 268.21 31.10 0.00
0.00 14222.96
135.90 -64.56 -64.66 -75.48 368.98 272.22 25.08 0.00
0.00 14821.11
121.90 -64.46 -9999.00 -9999.00 -9999.00 271.19 18.65 0.00
0.00 15485.08
108.00 -63.46 -9999.00 -9999.00 -9999.00 242.62 12.26 0.00
0.00 16226.42
94.00 -63.86 -9999.00 -9999.00 -9999.00 261.72 10.80 -0.10
0.00 17077.77
81.00 -63.36 -9999.00 -9999.00 -9999.00 274.09 5.46 -0.10
0.00 17990.72
70.60 -62.56 -9999.00 -9999.00 -9999.00 270.00 3.30 0.00
0.00 18836.20
62.20 -60.76 -9999.00 -9999.00 -9999.00 42.88 3.71 0.00
0.00 19620.40
54.30 -58.96 -9999.00 -9999.00 -9999.00 79.99 10.06 0.00
0.00 20468.43
46.90 -57.46 -9999.00 -9999.00 -9999.00 82.87 14.10 0.00
0.00 21390.19
40.10 -55.66 -9999.00 -9999.00 -9999.00 73.23 14.80 0.00
0.00 22383.28
33.80 -52.96 -9999.00 -9999.00 -9999.00 72.51 14.86 0.00
0.00 23478.12
27.80 -49.76 -9999.00 -9999.00 -9999.00 74.62 16.12 0.00
0.00 24746.84
22.30 -45.86 -9999.00 -9999.00 -9999.00 83.96 20.32 0.00
0.00 26200.93
17.10 -43.36 -9999.00 -9999.00 -9999.00 85.38 26.50 0.00
0.00 27977.10
12.30 -42.16 -50.25 -89.89 811.72 68.20 28.24 0.00
0.00 30199.06

STID = KMDW STNM = 725340 TIME = 200809/0700 
SLAT = 41.78 SLON = -87.75 SELV = 183.0
STIM = 9

SHOW = 0.87 LIFT = -4.70 SWET = 140.17 KINX = 24.95
LCLP = 968.11 PWAT = 38.14 TOTL = 47.18 CAPE = 880.09
LCLT = 293.70 CINS = -189.95 EQLV = 244.26 LFCT = 639.98
BRCH = 30.55

PRES TMPC TMWC DWPC THTE DRCT SKNT OMEG
CFRL HGHT
996.00 22.94 21.62 21.01 342.73 185.19 4.29 0.00
0.00 192.66
993.10 23.34 21.55 20.75 342.90 188.49 13.15 0.00
0.00 218.19
987.50 23.34 21.41 20.55 343.16 189.69 16.16 0.00
0.00 267.73
978.10 23.94 21.28 20.11 344.05 197.67 23.04 0.00
0.00 351.59
964.10 23.84 20.82 19.49 344.30 202.55 24.83 0.00
0.00 478.09
946.20 22.84 20.23 19.06 344.64 210.54 22.55 0.00
0.00 642.19
924.70 21.24 19.54 18.75 345.20 216.11 20.44 0.00
0.00 842.57
901.30 19.34 18.14 17.54 343.29 219.52 20.14 0.00
13.00 1064.65
876.00 18.24 15.48 13.99 337.20 219.88 18.47 -0.10
4.00 1309.84
847.80 18.64 12.34 8.18 330.63 211.72 12.57 -0.10
0.00 1590.78
816.70 17.54 10.53 5.43 329.54 196.26 9.71 0.00
0.00 1910.83
782.70 15.24 8.45 3.06 328.50 191.94 10.33 0.00
0.00 2272.64
745.80 12.94 6.26 0.39 327.95 200.17 10.14 0.10
0.00 2680.08
705.90 10.84 4.38 -1.69 329.21 221.88 7.56 0.20
0.00 3140.24
663.10 7.64 2.33 -2.87 331.02 284.04 4.80 0.20
0.00 3658.74
617.40 2.74 -0.92 -4.89 330.82 317.56 9.21 0.30
0.00 4242.13
569.20 -3.06 -5.74 -9.40 328.29 318.81 14.45 0.20
0.00 4893.16
522.60 -7.96 -11.46 -18.90 324.97 317.17 10.86 0.10
0.00 5563.34
480.60 -11.76 -15.18 -24.59 326.20 320.48 10.08 0.10
0.00 6209.56
443.00 -15.46 -18.41 -28.08 328.36 331.05 10.43 0.10
0.00 6828.83
409.20 -18.66 -21.81 -37.07 330.03 324.78 8.08 0.00
0.00 7423.99
378.60 -21.46 -24.74 -53.44 332.49 289.98 9.09 -0.10
0.00 7999.88
351.00 -26.06 -28.39 -48.11 333.84 277.65 13.13 -0.10
0.00 8552.48
326.20 -30.46 -32.22 -51.68 334.67 273.73 17.91 -0.10
0.00 9077.77
303.90 -34.66 -36.00 -56.52 335.43 268.12 23.72 0.00
0.00 9576.49
283.70 -38.16 -39.20 -58.54 337.03 268.28 25.85 0.10
0.00 10053.14
265.60 -40.66 -41.56 -63.02 339.69 274.14 29.60 0.10
0.00 10504.21
248.80 -43.26 -43.99 -63.51 342.23 276.63 33.64 0.10
0.00 10946.40
233.60 -46.06 -46.63 -63.98 344.20 269.35 33.99 0.10
0.00 11368.03
219.60 -48.66 -49.13 -67.41 346.28 263.07 35.41 0.00
0.00 11776.50
205.70 -50.86 -51.24 -67.88 349.35 259.81 35.14 0.00
0.00 12204.08
191.70 -52.76 -53.11 -73.19 353.36 257.60 36.19 0.00
0.00 12660.76
177.70 -55.26 -55.54 -73.70 357.01 258.51 37.06 -0.10
0.00 13147.21
163.80 -58.46 -58.66 -74.24 360.04 262.19 34.30 0.00
0.00 13662.89
149.80 -61.96 -62.09 -74.84 363.33 266.50 28.61 0.00
0.00 14219.78
135.90 -64.16 -64.26 -75.48 369.69 266.55 22.57 0.00
0.00 14818.65
121.90 -64.06 -9999.00 -9999.00 -9999.00 263.73 17.77 0.00
0.00 15483.89
108.00 -64.16 -9999.00 -9999.00 -9999.00 235.84 13.15 0.00
0.00 16224.70
94.00 -65.06 -9999.00 -9999.00 -9999.00 253.11 11.36 0.00
0.00 17072.19
81.00 -63.86 -9999.00 -9999.00 -9999.00 258.69 6.93 0.00
0.00 17981.44
70.60 -61.86 -9999.00 -9999.00 -9999.00 263.66 3.52 0.00
0.00 18827.32
62.20 -60.36 -9999.00 -9999.00 -9999.00 73.61 3.44 0.00
0.00 19613.56
54.30 -58.96 -9999.00 -9999.00 -9999.00 98.30 9.42 0.00
0.00 20462.38
46.90 -57.36 -9999.00 -9999.00 -9999.00 85.79 13.25 0.00
0.00 21384.36
40.10 -55.16 -9999.00 -9999.00 -9999.00 79.90 14.39 0.00
0.00 22378.82
33.80 -52.26 -9999.00 -9999.00 -9999.00 80.43 16.36 0.00
0.00 23476.67
27.80 -48.96 -9999.00 -9999.00 -9999.00 75.56 20.26 0.00
0.00 24749.68
22.30 -46.16 -9999.00 -9999.00 -9999.00 85.28 23.58 0.00
0.00 26205.38
17.10 -45.06 -9999.00 -9999.00 -9999.00 79.73 25.08 0.00
0.00 27973.77
12.30 -42.86 -9999.00 -9999.00 -9999.00 73.95 29.51 0.00
0.00 30184.15

STID = KMDW STNM = 725340 TIME = 200809/0800 
SLAT = 41.78 SLON = -87.75 SELV = 183.0
STIM = 10

SHOW = 0.97 LIFT = -4.37 SWET = 145.51 KINX = 24.62
LCLP = 972.31 PWAT = 37.87 TOTL = 46.78 CAPE = 853.65
LCLT = 293.63 CINS = -196.15 EQLV = 243.01 LFCT = 638.60
BRCH = 40.06

PRES TMPC TMWC DWPC THTE DRCT SKNT OMEG
CFRL HGHT
995.20 22.44 21.37 20.86 341.81 180.00 3.88 0.00
0.00 192.65
992.20 22.94 21.35 20.62 342.18 187.77 12.94 0.00
0.00 219.04
986.70 22.94 21.20 20.41 342.40 189.12 15.93 0.00
0.00 267.67
977.20 24.04 21.09 19.79 343.40 198.59 22.55 0.00
0.00 352.44
963.30 24.04 20.74 19.27 344.05 206.13 22.94 0.10
0.00 478.19
945.40 23.14 20.23 18.93 344.77 212.96 21.08 0.10
0.00 642.55
924.00 21.24 19.40 18.55 344.75 215.54 21.72 0.20
0.00 842.24
900.60 19.14 18.27 17.82 343.91 220.91 23.14 0.30
4.00 1064.42
875.30 17.84 15.66 14.49 337.96 223.83 20.20 0.30
5.00 1309.60
847.10 18.44 12.35 8.36 330.80 204.38 13.66 0.30
0.00 1590.52
816.10 17.44 10.47 5.40 329.47 197.24 11.79 0.20
0.00 1909.64
782.10 15.34 8.41 2.86 328.45 200.45 12.24 0.10
0.00 2271.71
745.20 13.04 6.15 0.01 327.71 210.19 12.35 0.10
0.00 2679.58
705.40 10.84 4.31 -1.87 329.09 223.21 8.80 0.00
0.00 3138.99
662.70 7.54 2.20 -3.08 330.74 272.49 4.47 0.00
0.00 3656.51
617.00 2.64 -1.05 -5.09 330.57 315.97 8.10 0.00
0.00 4240.03
568.90 -3.06 -6.05 -10.28 327.64 319.57 13.77 0.00
0.00 4889.93
522.40 -7.66 -11.50 -19.94 324.91 320.04 9.38 0.00
0.00 5559.27
480.40 -11.56 -14.83 -23.34 326.92 323.13 8.74 0.10
0.00 6206.36
442.90 -15.26 -18.22 -27.71 328.74 319.90 9.65 0.10
0.00 6824.69
409.10 -19.06 -22.03 -36.10 329.68 306.87 8.74 0.00
0.00 7419.77
378.50 -21.96 -25.11 -52.31 331.90 276.58 10.16 -0.10
0.00 7994.78
351.00 -26.36 -28.75 -52.95 333.19 269.13 12.82 -0.10
0.00 8544.57
326.20 -30.96 -32.66 -52.57 333.94 267.90 15.95 -0.10
0.00 9068.99
303.80 -35.16 -36.42 -55.27 334.80 262.75 21.54 0.00
0.00 9568.98
283.70 -37.86 -38.95 -60.30 337.41 267.85 25.85 0.00
0.00 10043.15
265.60 -40.46 -41.38 -63.02 339.99 278.97 29.90 0.00
0.00 10494.70
248.80 -43.46 -44.17 -63.51 341.93 276.42 31.27 0.00
0.00 10936.90
233.60 -46.56 -47.09 -63.98 343.44 268.98 32.83 0.00
0.00 11357.88
219.60 -49.06 -49.50 -67.41 345.66 262.23 34.50 0.00
0.00 11765.54
205.70 -51.26 -51.62 -67.88 348.72 259.26 34.40 0.00
0.00 12192.35
191.70 -53.26 -53.59 -73.19 352.56 257.68 34.60 0.00
0.00 12648.11
177.70 -55.66 -55.92 -73.70 356.35 257.88 35.16 0.00
0.00 13133.56
163.80 -58.76 -58.95 -74.24 359.54 259.30 32.42 0.00
0.00 13648.40
149.80 -61.86 -61.99 -74.84 363.50 259.92 26.63 0.10
0.00 14205.03
135.90 -63.66 -63.77 -75.48 370.58 252.71 21.56 0.10
0.00 14804.75
121.90 -63.76 -9999.00 -9999.00 -9999.00 244.74 19.11 0.00
0.00 15471.26
108.00 -64.66 -9999.00 -9999.00 -9999.00 229.95 17.50 0.00
0.00 16211.72
94.00 -65.26 -9999.00 -9999.00 -9999.00 255.58 14.04 0.00
0.00 17057.79
81.00 -63.36 -9999.00 -9999.00 -9999.00 279.25 8.47 0.00
0.00 17967.69
70.60 -61.56 -9999.00 -9999.00 -9999.00 327.72 4.37 0.00
0.00 18815.18
62.20 -60.56 -9999.00 -9999.00 -9999.00 77.74 4.56 0.00
0.00 19601.60
54.30 -58.66 -9999.00 -9999.00 -9999.00 92.79 7.96 0.00
0.00 20450.63
46.90 -56.76 -9999.00 -9999.00 -9999.00 81.61 11.99 0.00
0.00 21374.53
40.10 -54.16 -9999.00 -9999.00 -9999.00 87.51 13.42 0.00
0.00 22372.67
33.80 -51.86 -9999.00 -9999.00 -9999.00 86.55 16.16 0.00
0.00 23474.01
27.80 -49.26 -9999.00 -9999.00 -9999.00 80.06 19.13 0.00
0.00 24747.31
22.30 -48.06 -9999.00 -9999.00 -9999.00 83.35 20.14 0.00
0.00 26195.91
17.10 -46.36 -9999.00 -9999.00 -9999.00 68.67 21.89 0.00
0.00 27951.87
12.30 -43.16 -9999.00 -9999.00 -9999.00 74.71 32.42 0.00
0.00 30154.53

STID = KMDW STNM = 725340 TIME = 200809/0900 
SLAT = 41.78 SLON = -87.75 SELV = 183.0
STIM = 11

SHOW = 1.13 LIFT = -4.84 SWET = 137.93 KINX = 24.78
LCLP = 972.43 PWAT = 38.29 TOTL = 46.83 CAPE = 942.01
LCLT = 293.49 CINS = -168.36 EQLV = 233.51 LFCT = 645.72
BRCH = 44.79

PRES TMPC TMWC DWPC THTE DRCT SKNT OMEG
CFRL HGHT
994.60 22.24 21.21 20.71 341.23 180.00 3.50 0.00
0.00 191.77
991.60 22.64 21.14 20.44 341.39 190.78 12.45 0.00
0.00 218.15
986.10 22.64 21.00 20.25 341.67 192.30 15.50 0.00
0.00 266.76
976.70 23.74 20.89 19.61 342.61 200.90 22.86 0.00
0.00 350.59
962.70 23.94 20.92 19.59 344.92 209.01 24.44 0.00
0.00 477.24
944.80 23.04 20.70 19.67 346.84 218.37 23.78 0.00
0.00 641.70
923.40 21.34 19.81 19.11 346.55 222.17 22.28 0.10
0.00 841.59
900.00 19.04 18.40 18.06 344.55 222.61 19.79 0.10
30.00 1063.97
874.70 17.44 15.49 14.44 337.46 218.66 17.40 0.00
13.00 1309.12
846.60 19.04 12.13 7.45 330.09 202.50 14.72 -0.10
0.00 1589.27
815.60 17.54 10.74 5.91 330.41 203.29 15.23 -0.20
0.00 1908.94
781.70 15.14 8.72 3.76 329.47 210.43 14.20 -0.20
0.00 2270.16
744.80 12.54 6.25 0.79 328.11 217.37 13.44 -0.20
0.00 2677.84
705.10 10.34 4.00 -2.10 328.31 222.51 9.48 -0.10
0.00 3135.54
662.40 7.34 2.07 -3.18 330.45 256.61 4.20 -0.10
0.00 3652.63
616.80 2.44 -1.18 -5.18 330.27 311.35 6.47 0.00
0.00 4234.66
568.70 -3.06 -6.23 -10.83 327.26 318.14 12.51 0.10
0.00 4884.51
522.20 -7.66 -11.48 -19.87 324.98 319.76 9.93 0.00
0.00 5554.07
480.30 -11.86 -14.82 -22.19 327.01 318.50 6.74 0.10
0.00 6199.48
442.80 -15.46 -18.27 -27.12 328.68 310.43 6.90 0.10
0.00 6817.38
409.00 -18.96 -22.11 -38.14 329.54 290.73 7.69 0.10
0.00 7412.48
378.50 -21.86 -25.09 -56.22 331.91 269.12 12.63 0.00
0.00 7985.89
350.90 -26.56 -28.98 -56.84 332.82 266.82 14.01 -0.10
0.00 8537.63
326.20 -31.16 -32.85 -53.57 333.62 260.03 17.95 -0.10
0.00 9059.58
303.80 -35.26 -36.51 -55.27 334.66 260.30 23.06 -0.10
0.00 9559.26
283.70 -38.06 -39.13 -60.30 337.13 272.20 25.27 0.00
0.00 10033.13
265.60 -40.46 -41.35 -60.81 340.03 275.19 27.89 0.10
0.00 10484.48
248.80 -43.66 -44.33 -61.32 341.67 272.79 31.90 0.10
0.00 10926.49
233.60 -46.76 -47.28 -63.98 343.14 266.32 33.29 0.10
0.00 11347.10
219.60 -49.26 -49.69 -67.41 345.35 260.38 34.87 0.00
0.00 11754.40
205.70 -51.36 -51.72 -67.88 348.56 259.07 34.83 0.00
0.00 12180.93
191.70 -53.26 -53.59 -73.19 352.56 260.16 34.11 0.00
0.00 12636.58
177.70 -55.56 -55.83 -73.70 356.51 261.68 33.57 0.10
0.00 13122.14
163.80 -58.46 -58.66 -74.24 360.04 261.40 29.86 0.10
0.00 13637.46
149.80 -61.36 -61.50 -74.84 364.36 256.61 25.16 0.10
0.00 14195.14
135.90 -63.16 -63.28 -75.48 371.46 248.39 22.14 0.00
0.00 14796.29
121.90 -64.06 -9999.00 -9999.00 -9999.00 240.89 19.56 0.00
0.00 15463.11
108.00 -65.46 -9999.00 -9999.00 -9999.00 235.01 16.59 0.00
0.00 16201.62
94.00 -65.56 -9999.00 -9999.00 -9999.00 258.69 12.88 0.00
0.00 17045.46
81.00 -62.86 -9999.00 -9999.00 -9999.00 276.84 4.90 0.00
0.00 17955.79
70.60 -61.36 -9999.00 -9999.00 -9999.00 82.87 1.57 0.00
0.00 18804.69
62.20 -60.16 -9999.00 -9999.00 -9999.00 127.69 5.40 0.00
0.00 19592.22
54.30 -57.86 -9999.00 -9999.00 -9999.00 95.53 6.04 0.00
0.00 20443.64
46.90 -56.16 -9999.00 -9999.00 -9999.00 75.14 9.85 0.00
0.00 21370.54
40.10 -53.06 -9999.00 -9999.00 -9999.00 71.57 11.05 0.00
0.00 22372.57
33.80 -51.26 -9999.00 -9999.00 -9999.00 67.75 13.85 0.00
0.00 23478.17
27.80 -50.06 -9999.00 -9999.00 -9999.00 78.69 16.84 0.00
0.00 24750.89
22.30 -50.26 -9999.00 -9999.00 -9999.00 73.97 17.58 0.00
0.00 26189.82
17.10 -47.56 -9999.00 -9999.00 -9999.00 69.13 24.53 0.00
0.00 27932.57
12.30 -43.66 -9999.00 -9999.00 -9999.00 78.09 32.94 0.00
0.00 30127.03

STID = KMDW STNM = 725340 TIME = 200809/1000 
SLAT = 41.78 SLON = -87.75 SELV = 183.0
STIM = 12

SHOW = 0.56 LIFT = -4.75 SWET = 153.86 KINX = 24.68
LCLP = 975.63 PWAT = 38.85 TOTL = 47.36 CAPE = 936.67
LCLT = 293.33 CINS = -156.34 EQLV = 231.94 LFCT = 643.27
BRCH = 48.70

PRES TMPC TMWC DWPC THTE DRCT SKNT OMEG
CFRL HGHT
995.10 21.84 20.95 20.50 340.08 180.00 3.11 0.00
0.00 191.75
992.10 22.44 20.94 20.24 340.52 193.60 12.39 0.00
0.00 218.09
986.60 22.44 20.81 20.05 340.80 194.22 15.03 0.00
0.00 266.63
977.10 23.84 20.80 19.44 342.21 203.96 22.96 0.00
0.00 351.30
963.20 23.84 20.97 19.71 345.06 209.41 24.53 -0.10
0.00 476.98
945.30 22.84 20.76 19.85 347.04 218.25 21.02 -0.20
0.00 641.28
923.90 21.24 19.70 18.99 346.01 225.00 19.23 -0.20
0.00 840.97
900.50 19.54 17.65 16.72 341.51 230.34 19.17 -0.20
1.00 1063.29
875.20 18.24 15.05 13.28 335.77 238.06 19.46 -0.20
1.00 1308.70
847.10 17.74 12.43 9.02 331.10 221.58 16.10 -0.30
0.00 1588.45
816.00 16.74 10.85 6.78 330.75 206.25 15.81 -0.40
0.00 1907.94
782.00 14.74 9.59 5.95 332.18 212.09 13.52 -0.30
0.00 2269.48
745.10 12.34 6.81 2.29 329.72 216.25 10.84 -0.20
0.00 2676.78
705.30 10.44 3.92 -2.45 328.02 220.46 8.68 -0.10
0.00 3135.47
662.60 7.44 2.07 -3.29 330.42 247.38 5.05 -0.10
0.00 3652.56
617.00 2.44 -1.29 -5.46 329.95 290.56 6.64 -0.20
0.00 4234.50
568.90 -3.16 -6.18 -10.53 327.32 308.66 11.19 -0.20
0.00 4884.00
522.30 -7.86 -11.23 -18.15 325.51 321.17 10.22 -0.10
0.00 5554.51
480.40 -12.06 -14.77 -21.30 327.10 304.29 5.17 0.00
0.00 6199.37
442.80 -15.56 -18.34 -27.12 328.55 278.43 5.30 0.10
0.00 6818.51
409.10 -18.96 -22.17 -39.01 329.41 270.00 8.16 0.00
0.00 7411.66
378.50 -22.16 -25.32 -56.22 331.51 280.38 14.02 -0.10
0.00 7986.53
351.00 -26.66 -29.08 -58.62 332.62 270.80 13.99 -0.10
0.00 8535.75
326.20 -31.66 -33.26 -52.57 332.97 259.07 17.40 -0.10
0.00 9059.10
303.80 -35.16 -36.44 -56.53 334.76 261.63 20.03 0.00
0.00 9558.36
283.70 -37.36 -38.51 -60.30 338.13 270.00 23.50 0.10
0.00 10033.03
265.60 -40.36 -41.24 -59.06 340.22 272.25 29.74 0.20
0.00 10485.16
248.80 -43.96 -44.63 -63.51 341.18 268.99 33.22 0.10
0.00 10926.97
233.60 -47.06 -47.56 -63.98 342.69 264.45 34.15 0.10
0.00 11347.03
219.60 -49.36 -49.79 -67.41 345.20 260.07 34.91 0.10
0.00 11753.97
205.70 -51.26 -51.62 -67.88 348.72 260.22 34.30 0.00
0.00 12180.49
191.70 -53.06 -53.40 -73.19 352.88 262.54 32.91 0.00
0.00 12636.46
177.70 -55.46 -55.73 -73.70 356.68 265.35 31.18 0.00
0.00 13122.35
163.80 -58.26 -58.46 -74.24 360.38 264.25 27.14 0.00
0.00 13638.03
149.80 -61.06 -61.21 -74.84 364.88 257.01 23.33 0.00
0.00 14196.36
135.90 -63.06 -63.18 -75.48 371.64 248.20 21.97 0.00
0.00 14798.08
121.90 -64.06 -9999.00 -9999.00 -9999.00 237.65 20.69 -0.10
0.00 15465.06
108.00 -65.66 -9999.00 -9999.00 -9999.00 238.93 17.70 -0.10
0.00 16203.22
94.00 -65.66 -9999.00 -9999.00 -9999.00 259.70 13.03 0.00
0.00 17046.44
81.00 -62.56 -9999.00 -9999.00 -9999.00 241.39 4.88 0.00
0.00 17957.22
70.60 -61.76 -9999.00 -9999.00 -9999.00 161.57 3.69 0.00
0.00 18805.91
62.20 -60.16 -9999.00 -9999.00 -9999.00 137.49 3.17 0.00
0.00 19592.70
54.30 -57.46 -9999.00 -9999.00 -9999.00 75.07 6.02 0.00
0.00 20444.91
46.90 -56.06 -9999.00 -9999.00 -9999.00 73.30 10.14 0.00
0.00 21372.89
40.10 -53.36 -9999.00 -9999.00 -9999.00 65.41 12.61 0.00
0.00 22374.46
33.80 -51.56 -9999.00 -9999.00 -9999.00 66.11 14.88 0.00
0.00 23478.56
27.80 -49.96 -9999.00 -9999.00 -9999.00 80.99 16.12 0.00
0.00 24750.71
22.30 -48.56 -9999.00 -9999.00 -9999.00 65.18 17.11 0.00
0.00 26195.44
17.10 -45.66 -9999.00 -9999.00 -9999.00 67.15 25.51 0.00
0.00 27952.18
12.30 -43.46 -9999.00 -9999.00 -9999.00 72.49 30.34 0.00
0.00 30156.77

STID = KMDW STNM = 725340 TIME = 200809/1100 
SLAT = 41.78 SLON = -87.75 SELV = 183.0
STIM = 13

SHOW = -0.62 LIFT = -5.07 SWET = 175.18 KINX = 25.43
LCLP = 977.50 PWAT = 41.02 TOTL = 48.30 CAPE = 861.26
LCLT = 293.12 CINS = -144.27 EQLV = 236.35 LFCT = 639.32
BRCH = 49.94

PRES TMPC TMWC DWPC THTE DRCT SKNT OMEG
CFRL HGHT
996.00 21.54 20.70 20.27 338.95 176.42 3.11 0.00
0.00 192.61
993.10 22.14 20.68 19.99 339.32 195.82 12.12 0.00
0.00 218.01
987.50 22.34 20.60 19.78 339.80 196.99 14.63 0.00
0.00 267.35
978.10 23.54 20.47 19.07 340.70 205.69 22.84 0.00
0.00 350.97
964.20 23.64 20.89 19.68 344.58 212.20 24.79 0.00
0.00 476.40
946.20 22.64 20.80 19.98 347.03 220.76 22.32 0.00
0.00 641.35
924.80 21.04 20.13 19.70 347.68 227.39 19.79 0.00
0.00 840.76
901.40 19.14 19.04 18.94 346.95 232.03 20.20 0.00
18.00 1062.81
876.00 17.74 16.69 16.14 341.73 235.20 19.41 0.00
7.00 1308.88
847.70 16.64 13.20 11.14 333.61 239.04 14.72 0.00
0.00 1589.92
816.60 15.94 10.72 7.13 330.29 218.40 13.13 0.10
0.00 1908.29
782.60 14.54 9.89 6.70 333.06 210.38 13.05 0.20
0.00 2268.99
745.60 12.34 7.20 3.16 330.82 210.78 10.63 0.20
0.00 2677.05
705.80 10.54 3.90 -2.62 327.89 217.35 9.29 0.20
0.00 3135.55
663.00 7.44 2.02 -3.43 330.20 237.26 6.47 0.10
0.00 3653.59
617.30 2.44 -1.39 -5.71 329.66 272.86 7.77 0.00
0.00 4236.46
569.20 -3.36 -6.00 -9.68 327.69 291.99 10.90 -0.10
0.00 4885.42
522.50 -7.96 -10.82 -16.22 326.36 308.45 8.43 0.00
0.00 5556.79
480.50 -11.86 -14.63 -21.29 327.34 281.77 4.76 0.00
0.00 6203.18
443.00 -15.36 -18.35 -28.21 328.45 268.03 5.63 0.00
0.00 6820.93
409.20 -19.06 -22.22 -38.71 329.29 271.30 8.55 -0.10
0.00 7415.73
378.60 -22.66 -25.67 -53.44 330.91 283.19 12.76 -0.20
0.00 7989.78
351.00 -26.96 -29.30 -56.83 332.25 258.37 13.48 -0.20
0.00 8540.04
326.20 -31.76 -33.34 -52.57 332.83 249.52 17.21 -0.10
0.00 9062.97
303.80 -34.56 -35.94 -58.00 335.56 260.72 20.47 -0.10
0.00 9562.74
283.70 -37.36 -38.48 -58.54 338.17 270.47 23.50 0.00
0.00 10038.01
265.60 -40.66 -41.51 -59.06 339.78 270.38 29.14 0.00
0.00 10489.86
248.80 -44.16 -44.84 -66.51 340.84 267.60 32.46 0.10
0.00 10931.19
233.60 -47.16 -47.68 -66.97 342.49 263.16 34.25 0.10
0.00 11350.97
219.60 -49.56 -49.98 -67.41 344.89 262.23 34.50 0.10
0.00 11757.63
205.70 -51.46 -51.81 -67.88 348.41 265.70 33.70 0.00
0.00 12183.78
191.70 -53.26 -53.59 -73.19 352.56 268.57 31.10 0.00
0.00 12639.33
177.70 -55.36 -55.63 -73.70 356.84 267.65 28.38 0.00
0.00 13125.11
163.80 -58.06 -58.27 -74.24 360.72 262.26 24.51 0.00
0.00 13641.14
149.80 -60.96 -61.11 -74.84 365.05 251.26 22.98 0.00
0.00 14199.87
135.90 -63.36 -63.48 -75.48 371.11 244.27 23.72 0.00
0.00 14801.30
121.90 -64.66 -9999.00 -9999.00 -9999.00 236.18 24.09 0.00
0.00 15466.86
108.00 -65.86 -9999.00 -9999.00 -9999.00 242.93 19.64 0.00
0.00 16203.59
94.00 -65.26 -9999.00 -9999.00 -9999.00 254.05 12.72 0.00
0.00 17047.23
81.00 -61.86 -9999.00 -9999.00 -9999.00 217.48 7.34 0.00
0.00 17960.39
70.60 -61.86 -9999.00 -9999.00 -9999.00 188.97 3.73 0.00
0.00 18810.29
62.20 -59.86 -9999.00 -9999.00 -9999.00 7.13 1.57 0.00
0.00 19597.46
54.30 -57.86 -9999.00 -9999.00 -9999.00 72.12 6.33 0.00
0.00 20449.46
46.90 -57.06 -9999.00 -9999.00 -9999.00 81.25 10.22 0.00
0.00 21374.44
40.10 -54.76 -9999.00 -9999.00 -9999.00 72.84 13.83 0.00
0.00 22370.51
33.80 -52.36 -9999.00 -9999.00 -9999.00 76.80 16.16 0.00
0.00 23469.11
27.80 -50.56 -9999.00 -9999.00 -9999.00 74.41 17.35 0.00
0.00 24737.25
22.30 -47.56 -9999.00 -9999.00 -9999.00 63.18 19.37 0.00
0.00 26183.28
17.10 -43.86 -9999.00 -9999.00 -9999.00 73.26 24.94 0.00
0.00 27950.89
12.30 -43.06 -9999.00 -9999.00 -9999.00 70.27 29.91 0.00
0.00 30166.10

STID = KMDW STNM = 725340 TIME = 200809/1200 
SLAT = 41.78 SLON = -87.75 SELV = 183.0
STIM = 14

SHOW = -0.21 LIFT = -4.95 SWET = 162.84 KINX = 26.32
LCLP = 967.45 PWAT = 40.61 TOTL = 48.20 CAPE = 1009.34
LCLT = 292.94 CINS = -132.94 EQLV = 230.44 LFCT = 648.14
BRCH = 148.36

PRES TMPC TMWC DWPC THTE DRCT SKNT OMEG
CFRL HGHT
996.10 22.24 20.90 20.26 339.75 185.44 4.10 0.00
0.00 192.63
993.20 22.24 20.59 19.81 338.94 192.93 12.16 0.00
0.00 218.07
987.70 22.14 20.40 19.57 338.97 194.42 14.04 0.00
0.00 266.50
978.20 23.34 20.93 19.85 342.57 206.82 19.81 0.00
0.00 350.96
964.20 23.44 21.32 20.39 346.38 219.09 20.03 0.10
0.00 477.25
946.30 22.54 20.84 20.09 347.22 225.00 18.41 0.10
0.00 641.23
924.80 21.24 19.70 18.99 345.86 224.56 17.99 0.10
0.00 841.56
901.40 19.44 18.12 17.47 343.21 224.23 20.34 0.00
48.00 1063.66
876.10 18.54 16.07 14.78 339.35 224.14 18.41 -0.10
0.00 1309.03
847.90 17.34 12.92 10.20 332.62 223.39 14.70 -0.10
0.00 1589.61
816.80 16.24 10.82 7.09 330.55 217.94 14.53 -0.10
0.00 1908.39
782.70 14.64 10.01 6.86 333.42 214.65 16.06 0.00
0.00 2270.34
745.70 12.44 7.83 4.40 332.72 217.94 14.53 0.00
0.00 2678.58
705.90 10.04 3.96 -1.86 328.09 216.30 11.81 0.00
0.00 3136.81
663.10 7.24 1.83 -3.70 329.67 222.88 7.42 0.00
0.00 3654.15
617.40 2.44 -1.47 -5.94 329.42 263.99 7.42 0.00
0.00 4236.70
569.20 -3.36 -5.96 -9.56 327.79 287.42 10.39 0.00
0.00 4886.95
522.60 -8.16 -10.65 -15.16 326.71 300.26 8.10 0.00
0.00 5556.61
480.60 -11.86 -14.60 -21.13 327.39 279.09 4.91 0.10
0.00 6202.66
443.00 -15.46 -18.48 -28.59 328.22 265.76 5.26 0.00
0.00 6821.88
409.20 -19.16 -22.22 -37.59 329.31 270.00 7.58 -0.10
0.00 7416.45
378.60 -22.76 -25.78 -56.22 330.69 268.18 12.24 -0.10
0.00 7990.27
351.00 -27.56 -29.75 -54.07 331.53 251.79 15.54 -0.10
0.00 8539.76
326.20 -31.66 -33.28 -53.57 332.93 250.80 18.30 0.00
0.00 9062.15
303.80 -34.76 -36.11 -58.00 335.28 261.87 19.23 0.10
0.00 9561.82
283.70 -37.66 -38.75 -58.54 337.74 265.88 21.62 0.20
0.00 10036.59
265.60 -40.66 -41.56 -63.02 339.69 265.63 28.05 0.20
0.00 10488.14
248.80 -44.16 -44.84 -66.51 340.84 262.70 32.11 0.20
0.00 10929.47
233.60 -47.16 -47.68 -66.97 342.49 261.38 32.42 0.10
0.00 11349.25
219.60 -49.36 -49.76 -64.44 345.24 263.66 31.66 0.00
0.00 11756.09
205.70 -51.26 -51.62 -67.88 348.72 269.25 29.53 0.00
0.00 12182.62
191.70 -52.96 -53.30 -73.19 353.04 270.79 28.17 -0.10
0.00 12638.69
177.70 -55.06 -55.34 -73.70 357.33 269.18 27.19 -0.10
0.00 13125.14
163.80 -57.86 -58.07 -74.24 361.05 264.02 24.22 -0.10
0.00 13641.77
149.80 -61.26 -61.41 -74.84 364.54 251.11 23.41 -0.10
0.00 14200.36
135.90 -64.16 -64.26 -75.48 369.69 247.28 24.63 0.00
0.00 14800.22
121.90 -65.66 -9999.00 -9999.00 -9999.00 237.76 25.49 0.00
0.00 15462.92
108.00 -66.06 -9999.00 -9999.00 -9999.00 242.99 22.24 0.00
0.00 16197.53
94.00 -64.86 -9999.00 -9999.00 -9999.00 239.04 12.45 0.00
0.00 17041.57
81.00 -61.76 -9999.00 -9999.00 -9999.00 217.87 8.86 0.00
0.00 17955.82
70.60 -61.56 -9999.00 -9999.00 -9999.00 206.57 1.30 0.00
0.00 18806.53
62.20 -59.26 -9999.00 -9999.00 -9999.00 40.60 3.57 0.00
0.00 19595.36
54.30 -57.96 -9999.00 -9999.00 -9999.00 98.13 8.24 0.00
0.00 20448.36
46.90 -56.96 -9999.00 -9999.00 -9999.00 90.99 11.27 0.00
0.00 21373.34
40.10 -54.86 -9999.00 -9999.00 -9999.00 82.23 12.94 0.00
0.00 22369.41
33.80 -52.36 -9999.00 -9999.00 -9999.00 81.07 13.77 0.00
0.00 23467.75
27.80 -51.16 -9999.00 -9999.00 -9999.00 67.58 16.80 0.00
0.00 24734.18
22.30 -47.56 -9999.00 -9999.00 -9999.00 65.68 22.16 0.00
0.00 26178.27
17.10 -44.66 -9999.00 -9999.00 -9999.00 77.99 28.01 0.00
0.00 27942.78
12.30 -43.16 -9999.00 -9999.00 -9999.00 71.67 32.13 0.00
0.00 30153.64

STID = KMDW STNM = 725340 TIME = 200809/1300 
SLAT = 41.78 SLON = -87.75 SELV = 183.0
STIM = 15

SHOW = -0.98 LIFT = -4.70 SWET = 180.98 KINX = 26.27
LCLP = 958.13 PWAT = 40.71 TOTL = 48.92 CAPE = 1037.52
LCLT = 293.43 CINS = -158.86 EQLV = 230.18 LFCT = 642.61
BRCH = 408.94

PRES TMPC TMWC DWPC THTE DRCT SKNT OMEG
CFRL HGHT
995.90 23.54 21.72 20.91 343.18 198.43 4.91 0.00
0.00 192.68
993.00 23.24 21.38 20.54 342.19 198.00 8.18 0.00
0.00 218.23
987.50 22.74 21.10 20.34 341.84 200.96 9.77 0.00
0.00 266.82
978.00 22.44 20.86 20.13 342.31 207.94 14.51 0.00
0.00 351.28
964.00 22.64 21.15 20.48 345.70 213.89 15.68 0.00
0.00 477.25
946.00 21.74 20.53 19.97 345.93 216.87 15.54 0.00
2.00 641.74
924.60 21.04 19.37 18.59 344.53 216.18 16.12 -0.10
3.00 840.83
901.30 20.44 18.34 17.34 344.09 218.75 18.94 -0.20
0.00 1062.28
875.90 19.04 16.87 15.78 342.42 218.91 20.73 -0.20
2.00 1309.35
847.70 17.34 13.51 11.25 334.66 211.56 15.97 -0.20
0.00 1590.36
816.50 16.14 10.94 7.41 330.99 206.23 14.94 -0.10
0.00 1910.28
782.50 14.64 10.04 6.91 333.54 208.93 16.86 0.00
0.00 2271.25
745.50 12.74 8.03 4.56 333.35 214.55 14.39 0.20
0.00 2679.82
705.70 10.64 4.09 -2.24 328.42 207.03 10.68 0.30
0.00 3138.89
662.90 7.64 1.82 -4.23 329.64 221.76 7.28 0.30
0.00 3657.26
617.30 2.54 -1.85 -7.10 328.49 271.22 9.13 0.20
0.00 4239.10
569.10 -3.06 -6.27 -10.95 327.09 288.43 11.67 0.10
0.00 4889.80
522.50 -7.86 -10.56 -15.48 326.91 296.08 10.16 0.10
0.00 5560.25
480.50 -11.76 -14.45 -20.75 327.70 275.71 7.81 0.00
0.00 6206.93
443.00 -15.76 -18.63 -28.21 327.94 261.25 7.67 0.00
0.00 6824.34
409.20 -19.56 -22.42 -36.33 328.98 262.06 8.43 -0.10
0.00 7418.11
378.60 -23.16 -26.08 -54.72 330.21 256.40 12.39 -0.10
0.00 7991.04
351.00 -27.86 -29.99 -54.07 331.12 251.57 15.37 0.00
0.00 8539.75
326.20 -31.46 -33.13 -54.68 333.17 255.81 17.42 0.10
0.00 9062.03
303.80 -34.56 -35.94 -58.00 335.56 258.08 17.87 0.10
0.00 9562.11
283.70 -37.56 -38.66 -58.54 337.89 262.55 20.96 0.20
0.00 10037.18
265.60 -40.86 -41.76 -66.03 339.36 264.54 26.53 0.10
0.00 10488.64
248.80 -44.26 -44.96 -71.42 340.65 262.83 27.99 0.10
0.00 10929.68
233.60 -47.06 -47.59 -66.97 342.64 259.97 29.00 0.10
0.00 11349.46
219.60 -49.36 -49.76 -64.44 345.24 261.54 29.06 0.00
0.00 11756.39
205.70 -51.36 -51.69 -64.93 348.61 265.60 27.86 0.00
0.00 12182.82
191.70 -53.46 -53.75 -68.39 352.29 268.38 27.41 -0.10
0.00 12638.27
177.80 -55.66 -55.92 -73.70 356.29 269.57 25.64 -0.10
0.00 13119.90
163.80 -58.26 -58.46 -74.24 360.38 265.03 22.42 -0.10
0.00 13638.90
149.80 -61.46 -61.60 -74.84 364.19 249.38 20.96 -0.10
0.00 14196.71
135.90 -64.36 -64.46 -75.48 369.34 245.32 23.74 0.00
0.00 14796.00
121.90 -65.66 -9999.00 -9999.00 -9999.00 237.80 24.79 0.00
0.00 15458.38
108.00 -65.66 -9999.00 -9999.00 -9999.00 242.97 21.37 0.00
0.00 16193.70
94.00 -64.56 -9999.00 -9999.00 -9999.00 245.16 11.56 0.00
0.00 17039.16
81.00 -62.16 -9999.00 -9999.00 -9999.00 246.04 7.65 0.00
0.00 17953.20
70.60 -60.76 -9999.00 -9999.00 -9999.00 340.35 2.89 0.00
0.00 18804.71
62.20 -58.46 -9999.00 -9999.00 -9999.00 46.97 3.98 0.00
0.00 19596.51
54.30 -58.16 -9999.00 -9999.00 -9999.00 104.04 6.41 0.00
0.00 20450.70
46.90 -56.86 -9999.00 -9999.00 -9999.00 91.12 9.91 0.00
0.00 21375.46
40.10 -55.66 -9999.00 -9999.00 -9999.00 84.04 13.09 0.00
0.00 22369.93
33.80 -53.86 -9999.00 -9999.00 -9999.00 83.50 15.44 0.00
0.00 23462.52
27.80 -50.76 -9999.00 -9999.00 -9999.00 76.83 18.75 0.00
0.00 24725.80
22.30 -45.76 -9999.00 -9999.00 -9999.00 77.91 25.04 0.00
0.00 26176.99
17.10 -45.06 -9999.00 -9999.00 -9999.00 75.86 27.04 0.00
0.00 27946.94
12.30 -43.26 -9999.00 -9999.00 -9999.00 72.49 34.23 0.00
0.00 30155.39

STID = KMDW STNM = 725340 TIME = 200809/1400 
SLAT = 41.78 SLON = -87.75 SELV = 183.0
STIM = 16

SHOW = -2.20 LIFT = -5.72 SWET = 229.02 KINX = 26.59
LCLP = 948.11 PWAT = 41.63 TOTL = 50.61 CAPE = 1239.33
LCLT = 294.01 CINS = -123.58 EQLV = 223.17 LFCT = 648.46
BRCH = 716.01

PRES TMPC TMWC DWPC THTE DRCT SKNT OMEG
CFRL HGHT
996.10 25.04 22.66 21.67 347.24 205.64 5.38 0.00
0.00 191.85
993.10 24.54 22.32 21.37 346.18 205.20 7.30 0.00
0.00 218.41
987.60 24.04 22.02 21.15 345.75 205.41 8.61 0.00
0.00 267.24
978.10 23.14 21.58 20.88 345.31 205.60 10.33 0.10
0.00 352.01
964.10 22.24 21.11 20.59 345.52 209.22 13.13 0.10
0.00 478.06
946.20 21.04 20.54 20.27 345.93 212.87 15.03 0.20
8.00 641.33
924.70 20.24 19.90 19.69 346.68 215.54 16.71 0.10
17.00 840.88
901.30 19.64 19.28 19.07 347.96 217.12 18.03 0.10
19.00 1062.85
875.90 19.04 17.63 16.94 345.43 211.26 19.09 0.00
15.00 1309.77
847.70 17.64 14.13 12.15 336.84 202.71 18.10 0.00
1.00 1591.06
816.50 16.14 11.18 7.88 331.77 196.82 17.44 -0.10
0.00 1911.24
782.50 14.74 9.97 6.71 333.33 204.60 17.74 -0.10
0.00 2272.28
745.50 13.24 7.72 3.50 332.38 208.98 14.43 0.00
0.00 2681.20
705.70 11.14 4.06 -2.93 328.29 203.96 11.48 0.00
0.00 3140.98
662.90 7.84 1.74 -4.71 329.41 228.47 9.09 0.00
0.00 3659.93
617.30 2.74 -2.06 -8.02 327.94 271.88 11.85 -0.10
0.00 4242.12
569.20 -2.86 -6.53 -12.16 326.46 288.19 14.32 -0.10
0.00 4891.79
522.50 -8.16 -10.80 -15.71 326.40 296.98 11.99 0.00
0.00 5563.43
480.50 -11.96 -14.30 -19.53 328.01 271.33 8.35 0.10
0.00 6209.51
443.00 -16.06 -18.72 -27.35 327.80 251.94 9.40 0.20
0.00 6826.38
409.20 -19.66 -22.57 -37.33 328.70 247.96 8.80 0.20
0.00 7419.69
378.60 -23.46 -26.33 -56.22 329.77 247.71 12.80 0.20
0.00 7992.15
351.00 -27.66 -29.79 -51.95 331.47 249.89 14.69 0.20
0.00 8540.75
326.20 -30.96 -32.73 -55.95 333.81 252.80 17.07 0.20
0.00 9063.78
303.80 -34.06 -35.48 -56.53 336.31 250.59 18.12 0.20
0.00 9564.91
283.70 -37.36 -38.51 -60.30 338.13 257.47 21.48 0.20
0.00 10040.68
265.60 -40.76 -41.67 -66.03 339.50 259.46 25.49 0.10
0.00 10492.42
248.80 -43.96 -44.66 -66.51 341.14 256.27 26.20 0.10
0.00 10933.85
233.60 -46.76 -47.30 -66.97 343.10 255.20 28.13 0.10
0.00 11354.18
219.60 -49.16 -49.57 -64.44 345.55 258.38 27.97 0.00
0.00 11761.57
205.70 -51.26 -51.62 -67.88 348.72 260.33 26.59 0.00
0.00 12188.29
191.70 -53.36 -53.68 -73.19 352.40 262.72 26.05 0.00
0.00 12643.94
177.80 -55.66 -55.92 -73.70 356.29 265.53 24.94 -0.10
0.00 13125.68
163.80 -58.56 -58.75 -74.24 359.88 262.88 21.93 -0.10
0.00 13644.32
149.80 -61.66 -61.80 -74.84 363.85 246.09 20.61 -0.10
0.00 14201.47
135.90 -64.66 -64.76 -75.48 368.81 240.72 23.83 0.00
0.00 14800.06
121.90 -65.66 -9999.00 -9999.00 -9999.00 235.58 25.43 0.00
0.00 15461.95
108.00 -65.16 -9999.00 -9999.00 -9999.00 243.66 21.89 0.00
0.00 16198.16
94.00 -63.96 -9999.00 -9999.00 -9999.00 254.05 12.72 0.00
0.00 17045.85
81.00 -62.66 -9999.00 -9999.00 -9999.00 258.69 7.93 0.00
0.00 17960.11
70.60 -61.76 -9999.00 -9999.00 -9999.00 336.04 1.90 0.00
0.00 18808.61
62.20 -59.46 -9999.00 -9999.00 -9999.00 84.09 5.67 0.00
0.00 19596.70
54.30 -59.16 -9999.00 -9999.00 -9999.00 96.63 8.41 0.00
0.00 20446.92
46.90 -57.16 -9999.00 -9999.00 -9999.00 85.07 11.31 0.00
0.00 21368.89
40.10 -55.46 -9999.00 -9999.00 -9999.00 81.66 14.72 0.00
0.00 22363.13
33.80 -53.86 -9999.00 -9999.00 -9999.00 81.10 16.32 0.00
0.00 23456.22
27.80 -50.56 -9999.00 -9999.00 -9999.00 75.55 19.46 0.00
0.00 24720.07
22.30 -47.76 -9999.00 -9999.00 -9999.00 83.14 26.03 0.00
0.00 26165.45
17.10 -46.06 -9999.00 -9999.00 -9999.00 80.99 28.52 0.00
0.00 27923.74
12.30 -43.16 -9999.00 -9999.00 -9999.00 73.90 39.22 0.00
0.00 30127.85

STID = KMDW STNM = 725340 TIME = 200809/1500 
SLAT = 41.78 SLON = -87.75 SELV = 183.0
STIM = 17

SHOW = -2.97 LIFT = -6.46 SWET = 264.96 KINX = 27.89
LCLP = 941.84 PWAT = 42.34 TOTL = 51.71 CAPE = 1591.98
LCLT = 294.34 CINS = -75.77 EQLV = 211.77 LFCT = 669.38
BRCH = 285.21

PRES TMPC TMWC DWPC THTE DRCT SKNT OMEG
CFRL HGHT
996.10 25.94 23.21 22.11 349.70 184.57 4.88 0.00
0.00 192.76
993.10 25.44 22.92 21.88 348.84 183.58 6.24 0.00
0.00 219.42
987.60 24.84 22.63 21.71 348.43 183.18 7.01 0.00
0.00 268.40
978.10 23.94 22.22 21.49 348.14 184.29 7.79 0.10
0.00 353.43
964.20 22.74 21.68 21.20 347.97 186.63 8.41 0.10
0.00 478.89
946.20 21.64 21.09 20.81 348.30 204.52 12.16 0.30
10.00 643.43
924.70 20.54 20.43 20.32 348.96 208.07 13.21 0.30
47.00 843.36
901.30 19.64 19.45 19.31 348.68 209.65 14.53 0.40
74.00 1065.50
875.90 19.44 17.54 16.62 345.07 202.89 18.98 0.50
23.00 1312.59
847.70 18.34 14.73 12.76 338.97 201.43 22.32 0.40
0.00 1594.42
816.50 16.54 11.85 8.87 333.95 198.91 22.18 0.20
0.00 1915.30
782.50 14.94 10.14 6.90 333.88 208.11 19.39 0.10
0.00 2276.79
745.50 13.34 7.74 3.46 332.44 214.08 15.95 -0.10
0.00 2685.93
705.70 11.14 4.13 -2.72 328.50 207.30 13.56 -0.20
0.00 3145.80
662.90 7.74 1.57 -5.07 328.94 222.21 11.29 -0.30
0.00 3664.66
617.20 2.74 -1.98 -7.80 328.14 264.47 12.10 -0.30
0.00 4248.05
569.10 -2.96 -6.49 -11.84 326.58 284.78 14.47 -0.20
0.00 4897.73
522.50 -8.26 -11.00 -16.22 325.99 289.90 11.99 0.00
0.00 5567.74
480.50 -11.76 -14.26 -19.88 328.10 255.65 8.62 0.10
0.00 6213.92
443.00 -15.66 -18.72 -29.40 327.76 247.38 12.63 0.10
0.00 6831.46
409.20 -19.16 -22.60 -44.98 328.56 248.04 13.00 0.00
0.00 7425.75
378.60 -23.46 -26.29 -53.44 329.85 252.95 15.23 0.00
0.00 7998.75
351.00 -27.26 -29.46 -51.95 332.01 260.54 15.37 0.00
0.00 8547.80
326.20 -30.86 -32.64 -55.95 333.95 253.54 17.83 0.00
0.00 9071.36
303.80 -34.16 -35.57 -56.53 336.17 249.44 18.26 0.00
0.00 9572.49
283.70 -37.36 -38.51 -60.30 338.13 255.20 21.29 0.00
0.00 10048.16
265.60 -40.66 -41.58 -66.03 339.65 254.50 23.99 0.00
0.00 10500.00
248.80 -44.06 -44.73 -63.51 341.03 251.98 25.74 0.00
0.00 10941.43
233.60 -46.86 -47.37 -63.98 342.99 252.22 26.73 0.00
0.00 11361.58
219.60 -49.06 -49.48 -64.44 345.71 253.18 26.18 0.00
0.00 11768.97
205.70 -51.06 -51.43 -67.88 349.04 254.00 27.49 -0.10
0.00 12195.97
191.70 -53.56 -53.88 -73.19 352.08 256.78 29.74 -0.10
0.00 12651.63
177.70 -56.26 -56.50 -73.70 355.37 259.55 27.86 -0.10
0.00 13136.08
163.80 -59.06 -59.24 -74.24 359.04 260.37 22.07 -0.10
0.00 13649.85
149.80 -62.06 -62.19 -74.84 363.16 243.43 19.99 0.00
0.00 14205.83
135.90 -64.46 -64.56 -75.48 369.16 237.40 25.60 0.00
0.00 14804.12
121.90 -65.36 -9999.00 -9999.00 -9999.00 239.04 28.32 0.00
0.00 15466.81
108.00 -64.46 -9999.00 -9999.00 -9999.00 249.44 23.23 0.00
0.00 16204.79
94.00 -63.56 -9999.00 -9999.00 -9999.00 252.12 12.65 0.00
0.00 17054.72
81.00 -62.36 -9999.00 -9999.00 -9999.00 243.43 6.95 0.00
0.00 17970.50
70.60 -60.76 -9999.00 -9999.00 -9999.00 153.43 0.43 0.00
0.00 18821.61
62.20 -58.56 -9999.00 -9999.00 -9999.00 117.35 6.33 0.00
0.00 19613.23
54.30 -58.56 -9999.00 -9999.00 -9999.00 113.81 7.23 0.00
0.00 20466.43
46.90 -56.96 -9999.00 -9999.00 -9999.00 91.33 8.35 0.00
0.00 21390.12
40.10 -55.46 -9999.00 -9999.00 -9999.00 82.98 12.72 0.00
0.00 22384.81
33.80 -53.86 -9999.00 -9999.00 -9999.00 81.14 15.13 0.00
0.00 23477.90
27.80 -50.36 -9999.00 -9999.00 -9999.00 84.59 18.53 0.00
0.00 24742.33
22.30 -48.56 -9999.00 -9999.00 -9999.00 85.64 22.98 0.00
0.00 26185.77
17.10 -46.26 -9999.00 -9999.00 -9999.00 71.92 29.43 0.00
0.00 27940.17
12.30 -43.46 -50.94 -89.89 807.15 77.79 41.34 0.00
0.00 30141.88

STID = KMDW STNM = 725340 TIME = 200809/1600 
SLAT = 41.78 SLON = -87.75 SELV = 183.0
STIM = 18

SHOW = -4.61 LIFT = -6.83 SWET = 319.38 KINX = 29.04
LCLP = 921.46 PWAT = 44.07 TOTL = 53.41 CAPE = 1976.98
LCLT = 294.12 CINS = -0.28 EQLV = 197.94 LFCT = 923.02
BRCH = 190.11

PRES TMPC TMWC DWPC THTE DRCT SKNT OMEG
CFRL HGHT
995.50 27.54 23.73 22.24 352.18 176.31 6.04 0.00
0.00 192.82
992.60 26.84 23.44 22.10 351.33 174.29 7.81 0.00
0.00 218.73
987.10 26.24 23.19 21.97 351.05 174.92 8.78 -0.10
0.00 267.98
977.60 25.24 22.78 21.78 350.72 175.43 9.75 -0.10
0.00 353.45
963.60 24.04 22.25 21.50 350.61 176.82 10.51 -0.10
0.00 480.47
945.70 22.34 21.43 21.01 349.87 184.21 13.25 -0.10
0.00 644.77
924.20 20.74 20.50 20.34 349.35 188.75 15.33 -0.10
35.00 845.12
900.80 19.54 19.43 19.32 348.67 190.91 16.41 -0.10
100.00 1067.43
875.50 18.64 17.99 17.65 346.96 196.70 18.26 -0.10
36.00 1313.36
847.20 18.64 15.95 14.58 343.61 206.81 20.67 0.00
9.00 1596.29
816.00 16.94 13.72 11.94 340.56 210.87 20.82 0.10
0.00 1918.08
782.00 15.04 11.29 8.97 337.76 213.86 18.47 0.20
0.00 2280.47
745.00 13.74 7.95 3.56 333.13 218.88 15.46 0.30
0.00 2690.39
705.20 11.34 4.04 -3.22 328.31 212.09 13.52 0.20
0.00 3151.04
662.50 7.74 1.34 -5.73 328.40 225.00 12.08 0.10
0.00 3669.16
616.90 2.74 -2.19 -8.41 327.69 268.26 12.82 0.00
0.00 4251.53
568.90 -3.06 -6.38 -11.30 326.87 285.84 14.94 0.00
0.00 4900.01
522.30 -8.06 -10.88 -16.22 326.27 282.80 13.15 0.10
0.00 5570.41
480.40 -11.66 -14.39 -20.76 327.84 253.11 11.36 0.10
0.00 6215.59
442.80 -15.76 -18.94 -30.59 327.39 254.48 14.51 0.10
0.00 6834.94
409.10 -19.26 -22.82 -50.64 328.14 260.04 14.59 0.10
0.00 7427.42
378.50 -23.46 -26.25 -51.31 329.96 262.23 12.94 0.10
0.00 8000.44
351.00 -27.16 -29.38 -51.95 332.15 263.57 13.87 0.10
0.00 8547.68
326.20 -30.86 -32.62 -54.68 333.99 247.62 17.85 0.10
0.00 9071.36
303.80 -34.46 -35.83 -56.53 335.74 243.43 19.11 0.00
0.00 9572.17
283.70 -37.66 -38.75 -58.54 337.74 249.08 21.21 0.00
0.00 10047.25
265.60 -40.86 -41.74 -63.02 339.40 248.55 23.37 0.00
0.00 10498.61
248.80 -44.36 -45.00 -63.51 340.59 246.27 24.61 0.00
0.00 10939.56
233.60 -46.96 -47.47 -63.98 342.84 245.77 25.56 0.00
0.00 11359.34
219.60 -48.96 -49.38 -64.44 345.86 247.51 26.90 0.00
0.00 11766.73
205.70 -51.46 -51.81 -67.88 348.41 252.90 29.06 -0.10
0.00 12193.44
191.70 -54.06 -54.36 -73.19 351.28 255.78 29.25 -0.10
0.00 12648.17
177.70 -56.36 -56.60 -73.70 355.20 255.86 27.04 -0.10
0.00 13131.96
163.80 -58.86 -59.05 -74.24 359.37 254.45 23.19 -0.10
0.00 13645.84
149.80 -61.96 -9999.00 -9999.00 -9999.00 241.39 21.91 -0.10
0.00 14202.21
135.90 -64.66 -64.76 -75.48 368.81 243.07 27.45 -0.10
0.00 14800.36
121.90 -65.86 -9999.00 -9999.00 -9999.00 246.04 28.69 0.00
0.00 15461.94
108.00 -64.36 -9999.00 -9999.00 -9999.00 246.09 22.53 0.10
0.00 16199.21
94.00 -62.56 -9999.00 -9999.00 -9999.00 237.05 12.51 0.00
0.00 17051.38
81.00 -61.36 -9999.00 -9999.00 -9999.00 242.85 8.51 0.00
0.00 17971.52
70.60 -60.26 -9999.00 -9999.00 -9999.00 291.80 3.15 -0.10
0.00 18825.64
62.20 -58.76 -9999.00 -9999.00 -9999.00 111.80 2.10 -0.10
0.00 19617.81
54.30 -58.86 -9999.00 -9999.00 -9999.00 90.00 4.08 0.00
0.00 20470.02
46.90 -57.46 -9999.00 -9999.00 -9999.00 83.99 7.42 0.00
0.00 21391.99
40.10 -55.46 -9999.00 -9999.00 -9999.00 91.01 11.07 0.00
0.00 22385.54
33.80 -52.06 -9999.00 -9999.00 -9999.00 77.38 13.34 0.00
0.00 23483.13
27.80 -48.96 -9999.00 -9999.00 -9999.00 83.21 16.43 0.00
0.00 24756.71
22.30 -47.96 -9999.00 -9999.00 -9999.00 77.47 19.70 0.00
0.00 26206.61
17.10 -44.66 -9999.00 -9999.00 -9999.00 76.61 29.35 0.00
0.00 27969.56
12.30 -42.16 -9999.00 -9999.00 -9999.00 87.60 37.14 0.00
0.00 30185.25

STID = KMDW STNM = 725340 TIME = 200809/1700 
SLAT = 41.78 SLON = -87.75 SELV = 183.0
STIM = 19

SHOW = -5.59 LIFT = -7.20 SWET = 346.12 KINX = 27.79
LCLP = 899.43 PWAT = 45.44 TOTL = 53.57 CAPE = 2210.65
LCLT = 293.52 CINS = -0.66 EQLV = 189.23 LFCT = 901.88
BRCH = 231.49

PRES TMPC TMWC DWPC THTE DRCT SKNT OMEG
CFRL HGHT
994.70 28.94 23.95 22.02 353.32 185.86 7.61 0.00
0.00 192.87
991.70 28.24 23.70 21.93 352.65 183.30 10.12 0.00
0.00 219.82
986.30 27.54 23.43 21.82 352.29 182.96 11.29 -0.10
0.00 268.43
976.80 26.54 23.03 21.64 352.01 182.64 12.65 -0.20
0.00 354.34
962.80 25.24 22.49 21.37 351.81 183.22 13.81 -0.30
0.00 481.98
944.90 23.64 21.79 21.01 351.62 183.05 14.59 -0.40
0.00 647.11
923.50 21.74 20.82 20.40 350.90 185.65 17.75 -0.40
27.00 847.47
900.10 20.04 19.70 19.50 349.95 188.53 19.64 -0.40
76.00 1070.53
874.80 18.44 18.36 18.27 348.60 189.82 20.49 -0.30
100.00 1316.84
846.50 17.14 16.68 16.41 346.59 200.12 20.90 -0.20
38.00 1599.37
815.30 16.54 14.86 13.98 344.90 209.27 20.26 -0.10
15.00 1920.68
781.30 14.84 12.38 10.98 341.70 210.12 18.18 0.00
8.00 2283.32
744.40 13.84 8.13 3.86 333.78 217.48 14.69 0.00
2.00 2692.60
704.60 11.74 3.82 -4.40 327.73 219.70 13.38 0.00
0.00 3154.01
662.00 7.94 1.15 -6.59 327.96 232.77 12.20 -0.10
0.00 3671.78
616.50 2.84 -2.39 -9.22 327.23 269.16 13.21 -0.10
0.00 4253.52
568.50 -3.06 -6.05 -10.29 327.70 290.38 14.51 0.00
0.00 4902.56
522.00 -7.96 -10.64 -15.55 326.84 279.32 13.19 0.20
0.00 5572.15
480.10 -11.56 -14.84 -23.34 326.99 255.58 14.04 0.20
0.00 6217.93
442.70 -15.76 -19.13 -32.43 327.02 260.29 14.98 0.10
0.00 6834.29
409.00 -19.26 -22.82 -50.64 328.16 265.43 14.61 0.00
0.00 7426.88
378.40 -23.26 -26.14 -53.44 330.16 259.05 12.28 0.00
0.00 8000.27
350.90 -27.06 -29.30 -51.95 332.31 257.38 13.34 0.00
0.00 8548.00
326.10 -30.96 -32.71 -54.68 333.88 241.62 19.21 0.00
0.00 9071.83
303.80 -34.66 -35.98 -55.27 335.51 238.95 21.10 0.00
0.00 9570.18
283.70 -37.66 -38.77 -60.30 337.70 241.59 21.64 0.00
0.00 10045.05
265.60 -40.96 -41.81 -60.81 339.30 241.96 23.54 0.00
0.00 10496.31
248.80 -44.26 -44.89 -61.32 340.78 241.67 25.37 0.00
0.00 10937.26
233.60 -46.96 -47.42 -60.07 342.93 243.43 26.50 0.00
0.00 11357.14
219.60 -49.16 -49.57 -64.44 345.55 248.43 26.94 0.00
0.00 11764.35
205.70 -51.86 -52.20 -67.88 347.78 252.87 27.04 -0.10
0.00 12190.49
191.70 -54.36 -54.62 -68.39 350.84 251.69 28.44 -0.10
0.00 12644.50
177.70 -56.86 -57.03 -66.00 354.48 249.91 27.72 -0.10
0.00 13127.40
163.80 -59.36 -59.51 -69.50 358.58 247.21 25.08 -0.10
0.00 13640.10
149.80 -62.36 -62.48 -74.84 362.64 239.20 23.52 0.00
0.00 14195.30
135.90 -64.86 -9999.00 -9999.00 -9999.00 243.25 27.62 0.00
0.00 14792.59
121.90 -65.06 -9999.00 -9999.00 -9999.00 246.80 28.11 0.10
0.00 15455.12
108.00 -63.16 -9999.00 -9999.00 -9999.00 250.28 21.87 0.00
0.00 16195.94
94.00 -62.26 -9999.00 -9999.00 -9999.00 253.39 11.56 0.00
0.00 17051.15
81.00 -61.96 -9999.00 -9999.00 -9999.00 255.96 7.21 0.00
0.00 17970.64
70.60 -61.36 -9999.00 -9999.00 -9999.00 206.57 1.30 0.00
0.00 18821.34
62.20 -59.06 -9999.00 -9999.00 -9999.00 138.99 5.92 0.00
0.00 19610.92
54.30 -58.16 -9999.00 -9999.00 -9999.00 107.24 5.91 0.00
0.00 20463.92
46.90 -56.46 -9999.00 -9999.00 -9999.00 85.60 7.60 0.00
0.00 21389.54
40.10 -54.96 -9999.00 -9999.00 -9999.00 90.00 10.49 0.00
0.00 22386.52
33.80 -52.66 -9999.00 -9999.00 -9999.00 74.60 13.91 0.00
0.00 23483.87
27.80 -49.86 -9999.00 -9999.00 -9999.00 88.75 17.87 0.00
0.00 24753.16
22.30 -47.96 -9999.00 -9999.00 -9999.00 80.46 22.26 0.00
0.00 26200.15
17.10 -44.16 -9999.00 -9999.00 -9999.00 71.44 28.69 0.00
0.00 27965.04
12.30 -41.06 -9999.00 -9999.00 -9999.00 88.68 33.80 0.00
0.00 30188.44

STID = KMDW STNM = 725340 TIME = 200809/1800 
SLAT = 41.78 SLON = -87.75 SELV = 183.0
STIM = 20

SHOW = -5.69 LIFT = -7.22 SWET = 500.28 KINX = 26.72
LCLP = 878.47 PWAT = 45.54 TOTL = 53.41 CAPE = 2408.22
LCLT = 292.95 CINS = -1.19 EQLV = 184.61 LFCT = 881.46
BRCH = 267.84

PRES TMPC TMWC DWPC THTE DRCT SKNT OMEG
CFRL HGHT
994.10 30.34 24.18 21.82 354.49 187.59 8.82 0.00
0.00 192.92
991.10 29.44 23.89 21.74 353.61 186.65 11.73 0.00
0.00 220.00
985.70 28.74 23.62 21.63 353.26 185.88 13.29 -0.10
0.00 268.82
976.20 27.74 23.23 21.45 352.98 186.09 14.65 -0.10
0.00 355.12
962.30 26.44 22.69 21.19 352.80 186.34 15.83 -0.20
0.00 482.42
944.30 24.74 21.98 20.85 352.58 186.63 16.82 -0.30
0.00 649.19
923.00 22.84 21.12 20.38 352.29 187.20 18.61 -0.40
0.00 849.47
899.60 20.94 19.93 19.46 351.04 189.55 21.08 -0.40
41.00 1073.41
874.30 19.04 18.65 18.42 349.88 191.71 22.03 -0.30
47.00 1320.50
846.00 17.24 16.95 16.76 347.76 194.04 22.42 -0.20
44.00 1603.57
814.90 15.64 14.95 14.57 345.34 200.43 21.13 0.10
35.00 1923.66
780.80 13.94 12.47 11.63 342.11 203.36 18.63 0.30
17.00 2286.55
743.90 14.24 8.04 3.34 333.58 214.35 14.12 0.30
3.00 2695.77
704.30 12.14 3.72 -5.27 327.46 226.15 13.73 0.20
0.00 3155.68
661.70 8.04 0.91 -7.51 327.36 241.31 11.73 0.10
0.00 3674.06
616.30 3.04 -2.28 -9.19 327.53 275.10 10.92 0.00
0.00 4255.02
568.30 -2.96 -5.78 -9.66 328.36 292.48 12.20 0.10
0.00 4904.67
521.90 -7.56 -10.50 -15.94 327.13 276.84 14.67 0.10
0.00 5573.65
480.00 -11.26 -15.14 -26.48 326.35 270.00 16.51 0.00
0.00 6220.34
442.60 -16.06 -19.04 -29.70 327.26 280.38 14.02 -0.10
0.00 6836.81
408.90 -19.66 -22.69 -39.02 328.55 278.28 10.80 0.00
0.00 7428.80
378.40 -23.26 -26.08 -50.40 330.29 253.93 11.93 0.00
0.00 7999.98
350.90 -27.06 -29.28 -51.05 332.35 249.54 13.89 0.00
0.00 8547.71
326.10 -31.26 -32.92 -52.58 333.55 243.43 21.29 0.00
0.00 9071.23
303.80 -34.76 -36.07 -55.27 335.36 241.63 22.07 0.00
0.00 9569.16
283.70 -37.66 -38.77 -60.30 337.70 240.51 22.09 0.00
0.00 10043.93
265.60 -41.06 -41.87 -59.06 339.20 241.67 25.37 0.00
0.00 10495.10
248.80 -44.36 -44.93 -58.13 340.72 245.70 26.44 -0.10
0.00 10935.87
233.60 -47.06 -47.54 -61.80 342.73 248.68 25.64 -0.10
0.00 11355.56
219.60 -49.46 -49.88 -67.41 345.04 250.99 24.46 0.00
0.00 11762.41
205.70 -52.06 -52.39 -67.88 347.46 249.65 25.70 0.00
0.00 12188.07
191.70 -54.46 -54.72 -68.39 350.68 247.53 27.95 0.00
0.00 12641.77
177.70 -56.96 -57.16 -68.92 354.27 244.98 28.94 0.00
0.00 13124.44
163.80 -59.46 -59.58 -66.60 358.46 242.15 27.02 0.00
0.00 13636.91
149.80 -62.06 -62.19 -74.84 363.16 237.40 25.60 0.00
0.00 14192.37
135.90 -64.26 -9999.00 -9999.00 -9999.00 244.13 28.50 0.00
0.00 14790.95
121.90 -64.46 -9999.00 -9999.00 -9999.00 249.78 27.53 0.00
0.00 15455.39
108.00 -63.16 -9999.00 -9999.00 -9999.00 254.93 20.92 0.00
0.00 16197.26
94.00 -62.46 -9999.00 -9999.00 -9999.00 250.35 11.56 0.00
0.00 17052.07
81.00 -61.86 -9999.00 -9999.00 -9999.00 231.71 9.40 0.00
0.00 17971.34
70.60 -60.96 -9999.00 -9999.00 -9999.00 187.50 7.44 0.00
0.00 18823.05
62.20 -59.06 -9999.00 -9999.00 -9999.00 163.14 6.70 0.00
0.00 19613.36
54.30 -58.06 -9999.00 -9999.00 -9999.00 102.80 4.39 0.00
0.00 20466.56
46.90 -56.56 -9999.00 -9999.00 -9999.00 86.99 7.40 0.00
0.00 21392.18
40.10 -54.96 -9999.00 -9999.00 -9999.00 86.05 11.29 0.00
0.00 22388.94
33.80 -52.56 -9999.00 -9999.00 -9999.00 71.57 14.74 0.00
0.00 23486.53
27.80 -50.06 -9999.00 -9999.00 -9999.00 77.14 18.34 0.00
0.00 24755.54
22.30 -47.66 -9999.00 -9999.00 -9999.00 78.60 23.58 0.00
0.00 26202.85
17.10 -44.16 -9999.00 -9999.00 -9999.00 83.20 29.55 0.00
0.00 27968.91
12.30 -41.36 -9999.00 -9999.00 -9999.00 87.36 29.56 0.00
0.00 30190.87

STID = KMDW STNM = 725340 TIME = 200809/1900 
SLAT = 41.78 SLON = -87.75 SELV = 183.0
STIM = 21

SHOW = -6.03 LIFT = -7.70 SWET = 518.83 KINX = 25.82
LCLP = 865.53 PWAT = 45.09 TOTL = 54.20 CAPE = 2583.12
LCLT = 292.59 CINS = -2.39 EQLV = 179.83 LFCT = 866.28
BRCH = 266.18

PRES TMPC TMWC DWPC THTE DRCT SKNT OMEG
CFRL HGHT
994.00 31.24 24.33 21.69 355.19 192.65 9.75 0.00
0.00 192.95
991.00 30.34 24.04 21.61 354.32 191.31 12.88 0.00
0.00 220.11
985.60 29.64 23.77 21.50 353.97 191.31 14.86 0.00
0.00 269.08
976.10 28.64 23.38 21.33 353.72 191.04 16.22 0.00
0.00 355.64
962.10 27.34 22.83 21.05 353.50 191.43 17.64 -0.10
0.00 484.25
944.20 25.64 22.13 20.71 353.27 191.43 18.63 -0.10
0.00 650.60
922.80 23.74 21.28 20.26 353.07 191.42 19.62 -0.20
0.00 852.45
899.50 21.74 19.96 19.18 351.20 191.92 21.64 -0.20
1.00 1076.08
874.20 19.74 18.59 18.04 349.65 192.63 23.10 -0.10
34.00 1323.79
846.00 17.54 17.02 16.73 348.05 193.35 23.56 0.00
42.00 1606.32
814.80 15.94 14.85 14.27 344.97 196.70 22.30 0.20
31.00 1927.77
780.80 14.24 12.11 10.87 340.81 205.41 17.21 0.30
19.00 2289.91
743.90 15.14 7.47 1.15 331.72 219.91 13.93 0.30
2.00 2699.79
704.30 12.64 3.66 -6.24 327.21 234.46 13.36 0.20
0.00 3160.66
661.80 8.34 0.81 -8.36 327.03 253.78 11.13 -0.10
0.00 3678.44
616.30 3.04 -1.94 -8.12 328.39 290.41 8.92 -0.30
0.00 4260.96
568.40 -2.96 -5.48 -8.82 329.05 291.80 10.47 -0.30
0.00 4909.30
521.90 -7.66 -10.05 -14.14 328.11 286.48 14.37 -0.20
0.00 5579.65
480.10 -11.66 -14.77 -22.63 327.13 287.99 15.73 -0.10
0.00 6224.25
442.60 -16.06 -18.55 -26.23 328.23 294.30 13.21 -0.10
0.00 6841.95
408.90 -19.76 -22.39 -34.19 329.15 289.98 9.09 -0.20
0.00 7433.92
378.40 -23.36 -26.04 -46.24 330.39 257.97 12.12 -0.20
0.00 8004.92
350.90 -27.36 -29.56 -52.95 331.87 253.95 14.76 -0.20
0.00 8552.21
326.10 -31.76 -33.32 -51.68 332.90 250.50 19.77 -0.10
0.00 9074.86
303.80 -35.06 -36.31 -54.16 334.98 243.66 21.89 0.00
0.00 9571.97
283.70 -37.86 -38.97 -62.52 337.37 239.95 22.88 0.00
0.00 10046.24
265.60 -41.26 -42.03 -57.61 338.95 243.63 25.80 0.00
0.00 10497.03
248.80 -44.46 -45.07 -61.32 340.48 249.30 26.38 0.00
0.00 10937.50
233.60 -47.26 -47.77 -66.97 342.34 250.25 24.15 0.00
0.00 11356.92
219.60 -49.76 -50.17 -67.41 344.58 246.86 23.23 0.00
0.00 11763.31
205.70 -52.26 -52.58 -67.88 347.15 244.42 25.19 0.00
0.00 12188.49
191.70 -54.76 -55.03 -73.19 350.16 243.79 28.15 0.00
0.00 12641.67
177.70 -57.26 -57.47 -73.70 353.73 242.94 29.88 0.00
0.00 13123.68
163.80 -59.66 -59.83 -74.24 358.03 241.70 28.67 0.00
0.00 13635.54
149.80 -61.96 -62.07 -70.13 363.38 237.50 26.03 0.00
0.00 14190.87
135.90 -63.56 -63.68 -75.48 370.75 242.57 28.67 0.10
0.00 14790.59
121.90 -63.56 -9999.00 -9999.00 -9999.00 248.79 27.91 0.10
0.00 15457.58
108.00 -63.06 -9999.00 -9999.00 -9999.00 254.70 21.35 0.00
0.00 16201.23
94.00 -62.86 -9999.00 -9999.00 -9999.00 243.00 11.56 0.00
0.00 17055.43
81.00 -62.26 -9999.00 -9999.00 -9999.00 225.00 9.34 0.00
0.00 17972.95
70.60 -61.16 -9999.00 -9999.00 -9999.00 181.27 8.74 0.00
0.00 18823.46
62.20 -59.46 -9999.00 -9999.00 -9999.00 173.09 6.45 0.00
0.00 19612.66
54.30 -57.96 -9999.00 -9999.00 -9999.00 109.65 2.89 0.00
0.00 20465.26
46.90 -56.46 -9999.00 -9999.00 -9999.00 78.69 6.93 0.00
0.00 21391.31
40.10 -55.16 -9999.00 -9999.00 -9999.00 65.64 11.31 0.00
0.00 22387.84
33.80 -52.36 -9999.00 -9999.00 -9999.00 75.29 16.06 0.00
0.00 23485.43
27.80 -50.66 -9999.00 -9999.00 -9999.00 84.45 20.10 0.00
0.00 24753.29
22.30 -47.36 -9999.00 -9999.00 -9999.00 83.87 23.64 0.00
0.00 26199.63
17.10 -44.36 -9999.00 -9999.00 -9999.00 88.01 27.99 0.00
0.00 27966.09
12.30 -42.06 -9999.00 -9999.00 -9999.00 88.04 28.38 0.00
0.00 30183.70
STN YYMMDD/HHMM PMSL PRES SKTC STC1 SNFL WTNS
P01M C01M STC2 LCLD MCLD HCLD
SNRA UWND VWND R01M BFGR T2MS
Q2MS WXTS WXTP WXTZ WXTR USTM
VSTM HLCY SLLH WSYM CDBP VSBK
TD2M
725340 200808/2200 1017.40 996.30 35.34 308.50 -9999.00 0.00
-9999.00 -9999.00 308.20 23.00 0.00 0.00
-9999.00 -0.80 4.70 -9999.00 -9999.00 29.94
15.31 0.00 0.00 0.00 0.00 -0.60
-4.20 48.40 -9999.00 999.00 -9999.00 20.00
20.32
725340 200808/2300 1017.40 996.20 32.74 305.90 0.00 100.00
0.00 0.00 306.00 22.00 0.00 0.00
-9999.00 -0.80 5.00 -9999.00 -9999.00 29.14
14.33 0.00 0.00 0.00 0.00 -1.10
-3.90 62.30 -9999.00 999.00 -9999.00 20.00
19.27
725340 200809/0000 1017.70 996.50 29.94 303.10 0.00 100.00
0.00 0.00 303.50 6.00 0.00 0.00
-9999.00 0.00 4.80 -9999.00 -9999.00 28.24
14.50 0.00 0.00 0.00 0.00 -1.60
-3.40 70.20 -9999.00 999.00 -9999.00 20.00
19.46
725340 200809/0100 1018.30 997.10 26.84 300.00 0.00 100.00
0.00 0.00 300.60 0.00 0.00 0.00
-9999.00 0.20 4.10 -9999.00 -9999.00 26.84
14.98 0.00 0.00 0.00 0.00 -1.90
-3.20 80.20 -9999.00 999.00 -9999.00 20.00
19.98
725340 200809/0200 1018.20 997.00 25.24 298.40 0.00 100.00
0.00 0.00 299.00 2.00 0.00 0.00
-9999.00 0.30 3.50 -9999.00 -9999.00 25.54
15.57 0.00 0.00 0.00 0.00 -2.70
-1.70 104.20 -9999.00 999.00 -9999.00 20.00
20.59
725340 200809/0300 1018.80 997.50 24.24 297.40 0.00 100.00
0.00 0.00 297.90 7.00 0.00 0.00
-9999.00 0.20 2.60 -9999.00 -9999.00 24.54
15.94 0.00 0.00 0.00 0.00 -3.30
-0.40 122.80 -9999.00 999.00 -9999.00 20.00
20.97
725340 200809/0400 1019.10 997.70 23.34 296.50 0.00 100.00
0.00 0.00 297.00 12.00 0.00 0.00
-9999.00 -0.20 1.90 -9999.00 -9999.00 23.54
16.26 0.00 0.00 0.00 0.00 -3.60
0.70 123.50 -9999.00 999.00 -9999.00 20.00
21.29
725340 200809/0500 1019.00 997.60 22.94 296.10 0.00 100.00
0.00 0.00 296.40 18.00 0.00 0.00
-9999.00 -0.40 2.30 -9999.00 -9999.00 23.14
16.33 0.00 0.00 0.00 0.00 -3.80
1.40 111.20 -9999.00 999.00 -9999.00 20.00
21.36
725340 200809/0600 1018.60 997.30 22.34 295.50 0.00 100.00
0.00 0.00 295.80 15.00 0.00 0.00
-9999.00 -0.20 2.90 -9999.00 -9999.00 22.84
16.20 0.00 0.00 0.00 0.00 -4.10
2.20 89.30 -9999.00 999.00 -9999.00 20.00
21.23
725340 200809/0700 1018.50 997.10 22.04 295.20 0.00 100.00
0.00 0.00 295.50 13.00 0.00 0.00
-9999.00 0.20 2.50 -9999.00 -9999.00 22.44
16.10 0.00 0.00 0.00 0.00 -4.00
3.50 63.40 -9999.00 999.00 -9999.00 20.00
21.12
725340 200809/0800 1017.60 996.30 21.64 294.80 0.00 100.00
0.00 0.00 295.10 5.00 0.00 0.00
-9999.00 0.10 2.30 -9999.00 -9999.00 21.94
15.93 0.00 0.00 0.00 0.00 -3.70
3.70 65.20 -9999.00 999.00 -9999.00 20.00
20.94
725340 200809/0900 1017.00 995.60 21.44 294.60 0.00 100.00
0.00 0.00 294.90 30.00 0.00 0.00
-9999.00 0.30 1.90 -9999.00 -9999.00 21.64
15.79 0.00 0.00 0.00 0.00 -3.30
5.00 67.30 -9999.00 999.00 -9999.00 20.00
20.79
725340 200809/1000 1017.50 996.10 21.04 294.20 0.00 100.00
0.00 0.00 294.50 1.00 0.00 0.00
-9999.00 0.30 1.70 -9999.00 -9999.00 21.24
15.54 0.00 0.00 0.00 0.00 -2.90
5.00 60.10 -9999.00 999.00 -9999.00 20.00
20.55
725340 200809/1100 1018.50 997.10 20.84 294.00 0.00 100.00
0.00 0.00 294.20 18.00 0.00 0.00
-9999.00 0.50 1.70 -9999.00 -9999.00 20.94
15.30 0.00 0.00 0.00 0.00 -2.50
5.60 70.50 -9999.00 999.00 -9999.00 0.01
20.32
725340 200809/1200 1018.60 997.20 21.94 295.10 0.00 100.00
0.00 0.00 295.10 48.00 0.00 0.00
-9999.00 0.50 2.20 -9999.00 -9999.00 21.84
15.45 0.00 0.00 0.00 0.00 -2.50
6.30 42.80 -9999.00 999.00 -9999.00 20.00
20.47
725340 200809/1300 1018.30 997.00 24.34 297.50 0.00 100.00
0.00 0.00 297.00 3.00 0.00 0.00
-9999.00 0.80 2.50 -9999.00 -9999.00 23.34
16.27 0.00 0.00 0.00 0.00 -3.20
3.80 7.50 -9999.00 999.00 -9999.00 20.00
21.29
725340 200809/1400 1018.40 997.10 26.74 299.90 0.00 100.00
0.00 0.00 299.30 19.00 0.00 0.00
-9999.00 1.10 2.70 -9999.00 -9999.00 24.94
17.14 0.00 0.00 0.00 0.00 -2.60
1.50 -4.00 -9999.00 999.00 -9999.00 20.00
22.12
725340 200809/1500 1018.50 997.20 28.54 301.70 0.00 100.00
0.00 0.00 301.00 74.00 0.00 0.00
-9999.00 0.00 2.70 -9999.00 -9999.00 25.94
17.51 0.00 0.00 0.00 0.00 1.50
-2.30 20.90 -9999.00 999.00 -9999.00 11.50
22.46
725340 200809/1600 1017.90 996.60 33.44 306.60 0.00 100.00
0.00 0.00 305.00 100.00 0.00 0.00
-9999.00 -0.80 3.40 -9999.00 -9999.00 27.94
17.43 0.00 0.00 0.00 0.00 1.10
-2.10 55.90 -9999.00 999.00 900.80 1.02
22.38
725340 200809/1700 1017.00 995.80 36.04 309.20 0.00 100.00
0.00 0.00 307.80 100.00 0.00 0.00
-9999.00 -0.40 4.20 -9999.00 -9999.00 29.54
17.13 0.00 0.00 0.00 0.00 -0.30
-1.00 64.60 -9999.00 999.00 874.80 0.31
22.09
725340 200809/1800 1016.30 995.20 38.94 312.10 0.00 100.00
0.00 0.00 310.40 47.00 0.00 0.00
-9999.00 0.10 4.80 -9999.00 -9999.00 31.04
16.91 0.00 0.00 0.00 0.00 -2.10
1.00 62.90 -9999.00 999.00 -9999.00 20.00
21.87
725340 200809/1900 1016.20 995.10 38.84 312.00 0.00 100.00
0.00 0.00 310.70 42.00 0.00 0.00
-9999.00 0.70 5.40 -9999.00 -9999.00 31.84
16.77 0.00 0.00 0.00 0.00 -2.90
2.20 61.80 -9999.00 999.00 -9999.00 20.00
21.74


