
SNPARM = PRES;TMPC;TMWC;DWPC;THTE;DRCT;SKNT;OMEG;CFRL;HGHT 
STNPRM = SHOW;LIFT;SWET;KINX;LCLP;PWAT;TOTL;CAPE;LCLT;CINS;EQLV;LFCT;BRCH 

STID = KMDW STNM = 725340 TIME = 200807/2300 
SLAT = 41.78 SLON = -87.75 SELV = 183.0
STIM = 0

SHOW = 3.75 LIFT = 3.09 SWET = 152.06 KINX = 18.40
LCLP = 833.86 PWAT = 26.41 TOTL = 40.65 CAPE = 0.00
LCLT = 285.00 CINS = 0.00 EQLV = -9999.00 LFCT = -9999.00
BRCH = 0.00

PRES TMPC TMWC DWPC THTE DRCT SKNT OMEG
CFRL HGHT
996.60 26.74 18.84 14.59 331.52 155.77 4.25 0.00
0.00 192.75
993.60 26.24 18.62 14.50 331.15 157.83 5.67 -0.10
0.00 219.36
988.20 25.84 18.34 14.24 330.88 161.57 6.14 -0.30
0.00 267.38
978.70 24.94 17.79 13.81 330.24 162.07 6.93 -0.60
0.00 352.32
964.80 23.54 16.91 13.10 329.08 163.44 7.50 -0.90
0.00 477.60
946.90 21.84 15.99 12.55 328.44 170.07 7.89 -1.20
0.00 640.73
925.50 20.04 15.25 12.43 329.00 175.91 8.18 -1.20
0.00 838.67
902.20 18.04 14.43 12.28 329.60 180.00 7.96 -1.00
0.00 1058.06
876.90 15.64 13.24 11.76 329.36 185.86 7.61 -0.70
0.00 1300.95
848.60 12.64 11.48 10.71 327.94 192.53 7.17 -0.10
0.00 1578.45
817.40 11.04 8.89 7.31 324.74 258.31 5.75 0.40
37.00 1892.59
783.20 11.54 5.67 0.10 320.67 304.33 9.63 0.60
15.00 2249.82
746.30 10.74 2.80 -6.94 318.54 316.01 7.83 0.30
0.00 2652.40
706.40 8.54 2.02 -5.42 322.85 289.90 11.99 0.00
0.00 3108.14
663.50 4.24 -1.09 -7.96 322.27 278.58 10.41 -0.10
0.00 3621.86
617.80 1.44 -5.97 -22.97 318.57 287.53 7.73 0.10
0.00 4199.11
569.60 -0.66 -8.51 -34.01 321.47 277.77 4.31 0.20
0.00 4849.79
523.00 -5.76 -12.12 -35.70 323.14 292.38 7.15 0.10
0.00 5524.35
480.90 -10.96 -15.94 -37.43 324.43 296.05 9.73 0.10
0.00 6174.95
443.30 -15.06 -19.24 -41.41 326.54 286.44 12.35 0.00
0.00 6794.98
409.40 -19.06 -22.58 -46.73 328.52 286.84 15.42 0.00
0.00 7391.39
378.80 -23.36 -26.17 -51.30 330.01 289.93 16.53 0.00
0.00 7964.33
351.20 -27.46 -29.66 -54.06 331.61 298.51 17.91 0.00
0.00 8512.96
326.30 -31.16 -32.90 -55.94 333.51 301.90 22.42 0.00
0.00 9037.87
303.90 -34.26 -35.68 -57.99 335.95 302.99 26.40 0.00
0.00 9538.42
283.80 -37.16 -38.26 -55.82 338.51 323.44 29.02 0.00
0.00 10014.03
265.60 -39.66 -40.44 -51.87 341.54 338.96 40.58 0.00
0.00 10469.47
248.80 -43.26 -43.75 -51.75 342.65 326.38 46.66 0.00
0.00 10912.64
233.60 -46.76 -47.11 -54.49 343.44 306.14 51.71 0.00
0.00 11333.65
219.60 -49.86 -50.16 -59.12 344.60 304.68 55.98 0.00
0.00 11740.41
205.70 -52.86 -53.08 -61.06 346.34 307.93 52.45 0.00
0.00 12164.94
191.70 -55.86 -56.02 -63.30 348.53 308.09 45.67 0.00
0.00 12616.37
177.70 -58.96 -59.08 -66.00 351.04 301.75 46.13 0.00
2.00 13095.28
163.80 -61.36 -61.46 -69.50 355.23 297.97 49.71 0.00
0.00 13603.09
149.80 -61.76 -61.90 -74.84 363.68 304.83 45.90 0.00
0.00 14156.46
135.90 -60.96 -61.13 -75.48 375.35 309.88 38.48 0.00
0.00 14760.17
121.90 -61.56 -9999.00 -9999.00 -9999.00 311.90 27.93 0.00
0.00 15434.48
108.00 -61.76 -9999.00 -9999.00 -9999.00 302.64 20.53 0.00
0.00 16183.97
94.00 -61.46 -9999.00 -9999.00 -9999.00 289.40 14.63 0.00
0.00 17043.66
81.00 -61.06 -9999.00 -9999.00 -9999.00 284.68 8.43 0.00
0.00 17966.84
70.60 -60.26 -9999.00 -9999.00 -9999.00 299.36 3.57 0.00
0.00 18821.58
62.20 -58.96 -9999.00 -9999.00 -9999.00 28.07 3.30 0.00
0.00 19613.37
54.30 -57.36 -9999.00 -9999.00 -9999.00 59.30 7.23 0.00
0.00 20468.16
46.90 -56.26 -9999.00 -9999.00 -9999.00 74.32 11.50 0.00
0.00 21395.93
40.10 -55.36 -9999.00 -9999.00 -9999.00 81.87 13.73 0.00
0.00 22392.45
33.80 -53.46 -9999.00 -9999.00 -9999.00 80.54 15.37 0.00
0.00 23486.80
27.80 -51.16 -9999.00 -9999.00 -9999.00 73.18 17.44 0.00
0.00 24750.08
22.30 -48.36 -9999.00 -9999.00 -9999.00 66.66 20.10 0.00
0.00 26191.58
17.10 -44.46 -9999.00 -9999.00 -9999.00 70.53 23.89 0.00
0.00 27953.76
12.30 -40.86 -9999.00 -9999.00 -9999.00 85.72 28.63 0.00
0.00 30176.68

STID = KMDW STNM = 725340 TIME = 200808/0000 
SLAT = 41.78 SLON = -87.75 SELV = 183.0
STIM = 1

SHOW = 3.95 LIFT = 3.18 SWET = 143.23 KINX = 20.91
LCLP = 831.04 PWAT = 26.46 TOTL = 40.57 CAPE = 0.00
LCLT = 284.50 CINS = 0.00 EQLV = -9999.00 LFCT = -9999.00
BRCH = 0.00

PRES TMPC TMWC DWPC THTE DRCT SKNT OMEG
CFRL HGHT
997.00 26.54 18.54 14.14 330.35 184.76 4.68 0.00
0.00 191.85
994.00 26.14 18.30 13.95 329.91 183.58 6.24 -0.10
0.00 218.43
988.50 25.64 18.02 13.76 329.68 184.76 7.01 -0.30
0.00 267.29
979.00 24.84 17.60 13.51 329.51 183.01 7.40 -0.50
0.00 352.15
965.10 23.64 16.99 13.20 329.34 184.29 7.79 -0.80
0.00 477.38
947.20 22.04 16.19 12.80 329.10 185.57 8.00 -1.00
0.00 640.55
925.80 20.14 15.25 12.36 328.94 189.93 7.89 -1.00
0.00 838.54
902.50 18.04 14.20 11.87 328.77 193.67 7.40 -0.90
0.00 1057.87
877.20 15.64 12.96 11.28 328.41 197.45 7.13 -0.60
0.00 1300.64
848.90 13.04 11.36 10.25 327.52 213.11 5.34 -0.20
6.00 1578.19
817.70 12.34 9.01 6.54 325.02 287.88 6.33 0.20
12.00 1893.08
783.60 13.14 6.07 -0.73 321.57 302.47 10.14 0.20
0.00 2250.86
746.60 11.04 3.91 -3.77 321.38 293.20 11.83 -0.10
0.00 2655.75
706.60 7.74 2.42 -3.16 323.95 289.77 13.21 -0.10
0.00 3112.29
663.70 4.04 -1.25 -8.16 321.85 280.20 9.87 0.10
0.00 3625.03
617.90 2.04 -5.87 -25.10 318.68 275.44 8.20 0.20
0.00 4203.79
569.80 -0.36 -8.36 -34.56 321.72 260.54 5.91 0.10
0.00 4853.98
523.10 -5.66 -12.04 -35.42 323.28 281.59 7.73 -0.10
0.00 5530.31
481.00 -11.06 -15.92 -35.99 324.47 291.60 10.02 -0.20
0.00 6180.79
443.40 -15.36 -19.40 -40.24 326.25 290.56 13.29 -0.20
0.00 6800.22
409.50 -19.36 -22.71 -43.95 328.31 295.10 16.94 -0.20
0.00 7395.81
378.80 -23.46 -26.21 -49.56 329.96 300.12 18.18 -0.10
0.00 7970.10
351.20 -27.46 -29.66 -54.06 331.61 304.48 19.56 0.00
0.00 8518.63
326.30 -30.96 -32.73 -55.94 333.78 304.84 24.15 0.00
0.00 9043.75
303.90 -33.96 -35.40 -56.52 336.42 302.62 28.83 0.00
0.00 9544.82
283.80 -37.16 -38.24 -54.72 338.55 314.72 28.17 0.00
0.00 10020.74
265.70 -40.06 -40.78 -51.18 340.96 335.77 34.09 0.10
0.00 10473.21
248.80 -43.66 -44.05 -49.96 342.18 327.15 40.46 0.10
0.00 10918.17
233.60 -47.06 -47.32 -52.28 343.11 302.85 47.63 0.10
2.00 11338.54
219.60 -50.16 -50.47 -60.55 344.10 298.26 52.93 0.10
0.00 11744.76
205.70 -52.96 -53.23 -64.93 346.09 303.99 51.07 0.10
0.00 12168.90
191.70 -56.06 -56.21 -63.30 348.21 305.28 44.74 0.10
0.00 12620.02
177.70 -58.86 -58.98 -66.00 351.20 297.48 43.36 0.10
2.00 13098.82
163.80 -60.96 -61.07 -69.50 355.90 295.94 47.51 0.10
0.00 13607.23
149.80 -61.76 -61.90 -74.84 363.68 304.73 44.68 0.00
0.00 14161.12
135.90 -61.46 -61.62 -75.48 374.47 313.14 38.07 0.00
0.00 14764.12
121.90 -61.66 -9999.00 -9999.00 -9999.00 315.00 26.38 0.00
0.00 15437.47
108.00 -62.06 -9999.00 -9999.00 -9999.00 303.20 18.80 0.00
0.00 16186.25
94.00 -61.76 -9999.00 -9999.00 -9999.00 289.36 15.23 0.00
0.00 17044.72
81.00 -61.26 -9999.00 -9999.00 -9999.00 288.06 9.40 0.00
0.00 17966.82
70.60 -60.56 -9999.00 -9999.00 -9999.00 302.91 3.92 0.00
0.00 18820.54
62.20 -59.06 -9999.00 -9999.00 -9999.00 53.13 3.88 0.00
0.00 19611.60
54.30 -57.26 -9999.00 -9999.00 -9999.00 80.54 9.46 0.00
0.00 20466.39
46.90 -56.66 -9999.00 -9999.00 -9999.00 85.97 13.83 0.00
0.00 21393.51
40.10 -55.36 -9999.00 -9999.00 -9999.00 80.91 14.76 0.00
0.00 22389.12
33.80 -53.06 -9999.00 -9999.00 -9999.00 72.65 16.28 0.00
0.00 23484.47
27.80 -50.46 -9999.00 -9999.00 -9999.00 59.96 18.63 0.00
0.00 24750.90
22.30 -47.06 -9999.00 -9999.00 -9999.00 53.44 21.52 0.00
0.00 26198.85
17.10 -43.36 -9999.00 -9999.00 -9999.00 71.86 23.72 0.00
0.00 27970.36
12.30 -40.86 -9999.00 -9999.00 -9999.00 88.30 26.24 0.00
0.00 30198.58

STID = KMDW STNM = 725340 TIME = 200808/0100 
SLAT = 41.78 SLON = -87.75 SELV = 183.0
STIM = 2

SHOW = 4.24 LIFT = 3.42 SWET = 131.83 KINX = 22.55
LCLP = 846.62 PWAT = 27.00 TOTL = 40.39 CAPE = 0.00
LCLT = 285.13 CINS = 0.00 EQLV = -9999.00 LFCT = -9999.00
BRCH = 0.00

PRES TMPC TMWC DWPC THTE DRCT SKNT OMEG
CFRL HGHT
997.30 25.64 18.44 14.50 330.00 177.14 3.88 0.00
0.00 191.82
994.20 25.44 18.23 14.26 329.69 180.00 6.02 -0.10
0.00 219.21
988.80 25.04 17.89 13.89 329.21 181.43 7.77 -0.20
0.00 267.07
979.30 24.44 17.42 13.42 328.84 182.54 8.74 -0.40
0.00 351.76
965.40 23.34 16.80 13.03 328.64 184.97 8.97 -0.60
0.00 476.80
947.50 21.84 16.03 12.62 328.50 186.63 8.41 -0.70
0.00 639.78
926.10 19.94 15.07 12.15 328.28 189.21 7.28 -0.70
0.00 837.55
902.80 17.84 14.01 11.67 328.13 190.95 6.14 -0.50
0.00 1056.64
877.40 15.54 12.82 11.10 327.93 194.04 4.80 -0.20
0.00 1300.16
849.10 13.34 11.15 9.68 326.83 225.00 2.74 0.10
13.00 1577.69
817.90 13.54 9.23 6.01 325.59 295.11 6.86 0.10
0.00 1893.28
783.80 13.64 6.99 1.11 324.11 294.59 12.61 -0.20
0.00 2252.07
746.80 10.74 5.31 0.39 325.24 303.25 14.16 -0.40
0.00 2657.25
706.70 7.04 2.85 -1.25 325.11 306.69 12.35 -0.20
0.00 3114.31
663.80 4.14 -1.80 -10.24 320.49 284.93 9.05 0.10
0.00 3626.46
618.00 2.64 -5.74 -27.35 318.84 268.75 8.94 0.20
0.00 4205.75
569.90 -0.16 -8.26 -34.84 321.91 257.32 7.96 0.10
0.00 4856.75
523.10 -5.66 -12.02 -35.14 323.31 276.48 8.61 -0.10
0.00 5534.71
481.10 -11.16 -15.93 -35.20 324.44 288.43 10.45 -0.10
0.00 6183.46
443.40 -15.66 -19.54 -38.86 326.02 293.63 13.58 -0.10
0.00 6804.02
409.50 -19.66 -22.89 -43.01 328.00 301.08 16.55 0.00
0.00 7398.92
378.80 -23.46 -26.19 -48.80 330.00 306.75 18.18 0.10
0.00 7972.87
351.20 -27.36 -29.54 -51.95 331.83 307.64 20.36 0.20
0.00 8521.52
326.30 -30.66 -32.43 -53.56 334.28 309.81 25.80 0.30
0.00 9047.07
303.90 -33.46 -34.90 -53.17 337.25 306.11 29.33 0.30
0.00 9548.99
283.80 -36.66 -37.75 -52.86 339.35 312.92 26.53 0.30
0.00 10025.91
265.70 -39.86 -40.53 -49.38 341.37 328.47 30.09 0.30
0.00 10479.06
248.80 -43.76 -44.09 -48.92 342.11 312.19 36.44 0.30
0.00 10924.13
233.60 -47.26 -47.53 -52.96 342.77 293.33 46.11 0.20
9.00 11344.22
219.60 -50.16 -50.50 -62.27 344.05 292.25 50.80 0.20
0.00 11750.26
205.70 -52.76 -53.06 -67.88 346.36 299.88 49.51 0.10
0.00 12174.59
191.70 -56.06 -56.24 -65.45 348.16 303.62 45.26 0.10
0.00 12625.91
177.70 -58.76 -58.88 -66.00 351.36 296.68 43.69 0.00
0.00 13104.82
163.80 -60.36 -60.51 -74.24 356.86 296.14 46.31 0.00
0.00 13614.06
149.80 -61.36 -61.50 -74.84 364.36 304.48 42.89 0.00
0.00 14169.26
135.90 -61.66 -61.81 -75.48 374.11 316.52 36.13 0.00
0.00 14772.54
121.90 -61.76 -9999.00 -9999.00 -9999.00 313.60 22.53 0.00
0.00 15445.42
108.00 -62.26 -9999.00 -9999.00 -9999.00 297.15 17.04 0.00
0.00 16193.67
94.00 -61.86 -9999.00 -9999.00 -9999.00 290.89 15.79 0.00
0.00 17051.53
81.00 -61.06 -9999.00 -9999.00 -9999.00 297.10 9.38 0.00
0.00 17973.84
70.60 -60.06 -9999.00 -9999.00 -9999.00 316.97 3.98 0.00
0.00 18828.98
62.20 -58.46 -9999.00 -9999.00 -9999.00 58.57 4.10 0.00
0.00 19622.07
54.30 -57.36 -9999.00 -9999.00 -9999.00 87.51 8.94 0.00
0.00 20477.86
46.90 -56.96 -9999.00 -9999.00 -9999.00 81.87 10.99 0.00
0.00 21404.12
40.10 -55.36 -9999.00 -9999.00 -9999.00 66.12 12.96 0.00
0.00 22399.04
33.80 -52.76 -9999.00 -9999.00 -9999.00 59.04 17.00 0.00
0.00 23495.14
27.80 -50.06 -9999.00 -9999.00 -9999.00 57.04 21.08 0.00
0.00 24763.57
22.30 -46.76 -9999.00 -9999.00 -9999.00 61.46 25.21 0.00
0.00 26213.79
17.10 -43.46 -9999.00 -9999.00 -9999.00 80.74 26.57 0.00
0.00 27986.06
12.30 -40.86 -9999.00 -9999.00 -9999.00 86.35 27.45 0.00
0.00 30213.80

STID = KMDW STNM = 725340 TIME = 200808/0200 
SLAT = 41.78 SLON = -87.75 SELV = 183.0
STIM = 3

SHOW = 4.54 LIFT = 3.70 SWET = 117.26 KINX = 23.78
LCLP = 876.66 PWAT = 27.62 TOTL = 40.39 CAPE = 0.00
LCLT = 286.54 CINS = 0.00 EQLV = -9999.00 LFCT = -9999.00
BRCH = 0.00

PRES TMPC TMWC DWPC THTE DRCT SKNT OMEG
CFRL HGHT
997.30 24.14 18.44 15.39 330.09 167.47 3.57 0.00
0.00 191.78
994.30 24.24 18.20 14.92 329.63 169.29 7.32 -0.10
0.00 218.17
988.80 24.34 17.75 14.07 328.76 173.16 9.79 -0.20
0.00 266.77
979.30 23.94 17.16 13.26 327.97 176.93 10.90 -0.30
0.00 351.29
965.40 22.94 16.54 12.79 327.74 180.00 10.49 -0.40
0.00 476.13
947.50 21.44 15.75 12.37 327.58 180.00 8.94 -0.40
0.00 638.87
926.10 19.64 14.83 11.91 327.49 176.82 7.01 -0.20
0.00 836.39
902.80 17.64 13.78 11.38 327.36 169.51 5.34 0.00
0.00 1055.27
877.40 15.44 12.41 10.45 326.64 160.71 4.12 0.20
0.00 1298.62
849.20 14.24 10.90 8.61 326.04 206.57 1.73 0.20
0.00 1575.46
818.00 14.44 9.53 5.89 326.44 290.38 7.25 0.00
0.00 1891.93
783.80 13.54 8.15 3.93 327.54 296.22 14.51 -0.30
0.00 2252.38
746.70 10.24 6.49 3.50 328.65 314.46 14.70 -0.40
0.00 2658.56
706.70 6.64 3.31 0.24 326.36 316.97 11.97 -0.10
0.00 3114.04
663.80 4.24 -2.18 -11.90 319.57 288.80 9.63 0.10
0.00 3625.95
618.00 2.84 -5.75 -28.93 318.77 271.08 10.30 0.10
0.00 4205.49
569.80 -0.16 -8.29 -35.44 321.85 264.40 9.95 -0.10
0.00 4858.11
523.10 -5.76 -12.07 -34.87 323.23 275.95 9.38 -0.10
0.00 5534.56
481.10 -11.26 -15.99 -34.95 324.35 287.74 10.20 -0.10
0.00 6183.07
443.40 -15.86 -19.65 -38.23 325.84 297.32 13.11 0.00
0.00 6803.27
409.50 -19.66 -22.91 -43.47 327.96 303.69 15.40 0.20
0.00 7397.94
378.80 -23.26 -26.06 -49.56 330.23 307.65 17.17 0.20
0.00 7972.12
351.20 -26.96 -29.09 -47.49 332.61 310.99 21.62 0.30
0.00 8521.44
326.30 -29.86 -31.57 -47.03 335.75 309.81 27.31 0.20
0.00 9048.31
303.90 -32.66 -34.11 -49.38 338.58 302.17 28.46 0.20
0.00 9551.91
283.80 -36.36 -37.37 -49.37 339.99 302.37 25.76 0.10
0.00 10029.95
265.70 -39.86 -40.46 -47.87 341.49 315.61 25.82 0.10
0.00 10483.40
248.80 -43.96 -44.25 -48.45 341.85 296.13 33.97 0.10
6.00 10928.28
233.60 -47.36 -47.67 -54.49 342.53 284.59 48.58 0.10
2.00 11348.09
219.60 -50.06 -50.40 -62.27 344.21 286.14 55.21 0.10
0.00 11754.13
205.70 -52.76 -53.08 -72.71 346.32 295.66 49.34 0.00
0.00 12178.55
191.70 -55.96 -56.19 -73.19 348.23 301.77 45.01 0.00
0.00 12629.98
177.80 -58.56 -58.71 -68.92 351.59 297.73 42.58 -0.10
0.00 13105.66
163.80 -60.16 -60.32 -74.24 357.19 300.02 44.64 0.00
0.00 13618.90
149.80 -61.46 -61.60 -74.84 364.19 308.70 42.56 0.00
0.00 14174.22
135.90 -62.06 -62.21 -75.48 373.41 317.12 33.39 0.00
0.00 14776.79
121.90 -62.26 -9999.00 -9999.00 -9999.00 310.66 19.97 0.00
0.00 15448.24
108.00 -62.66 -9999.00 -9999.00 -9999.00 289.07 16.65 0.00
0.00 16194.90
94.00 -62.16 -9999.00 -9999.00 -9999.00 291.14 15.62 0.00
0.00 17051.33
81.00 -61.06 -9999.00 -9999.00 -9999.00 304.05 8.68 0.00
0.00 17972.99
70.60 -60.16 -9999.00 -9999.00 -9999.00 328.24 4.80 0.00
0.00 18827.92
62.20 -58.76 -9999.00 -9999.00 -9999.00 46.97 3.98 0.00
0.00 19620.28
54.30 -57.96 -9999.00 -9999.00 -9999.00 73.81 6.27 0.00
0.00 20474.27
46.90 -56.76 -9999.00 -9999.00 -9999.00 58.82 8.62 0.00
0.00 21399.68
40.10 -54.96 -9999.00 -9999.00 -9999.00 54.09 13.91 0.00
0.00 22395.98
33.80 -52.66 -9999.00 -9999.00 -9999.00 55.99 19.44 0.00
0.00 23493.32
27.80 -50.26 -9999.00 -9999.00 -9999.00 63.43 24.32 0.00
0.00 24761.47
22.30 -47.56 -9999.00 -9999.00 -9999.00 73.84 27.91 0.00
0.00 26208.46
17.10 -44.46 -9999.00 -9999.00 -9999.00 81.03 26.15 0.00
0.00 27973.74
12.30 -40.96 -9999.00 -9999.00 -9999.00 82.35 26.26 0.00
0.00 30196.18

STID = KMDW STNM = 725340 TIME = 200808/0300 
SLAT = 41.78 SLON = -87.75 SELV = 183.0
STIM = 4

SHOW = 4.94 LIFT = 4.29 SWET = 106.60 KINX = 23.47
LCLP = 902.20 PWAT = 27.62 TOTL = 40.07 CAPE = 0.00
LCLT = 287.73 CINS = 0.00 EQLV = -9999.00 LFCT = -9999.00
BRCH = 0.00

PRES TMPC TMWC DWPC THTE DRCT SKNT OMEG
CFRL HGHT
997.30 22.94 18.49 16.15 330.33 168.69 2.97 0.00
0.00 191.75
994.20 23.44 18.06 15.13 329.16 172.87 7.83 0.00
0.00 218.94
988.80 23.94 17.51 13.87 327.92 175.76 10.51 -0.10
0.00 266.56
979.30 23.64 16.90 12.95 327.06 180.00 11.07 -0.10
0.00 350.97
965.40 22.64 16.25 12.44 326.76 182.25 9.91 -0.10
0.00 475.67
947.50 21.24 15.46 11.95 326.59 177.27 8.16 0.00
0.00 638.24
926.10 19.54 14.53 11.43 326.51 163.61 6.88 0.00
0.00 835.63
902.80 17.54 13.38 10.73 326.09 148.17 6.62 0.10
0.00 1054.39
877.50 15.94 11.88 9.13 324.96 151.56 5.30 0.10
0.00 1296.85
849.20 15.14 10.73 7.61 325.48 216.03 2.64 0.00
0.00 1575.22
818.00 14.74 9.65 5.89 326.79 278.84 8.84 -0.20
0.00 1892.30
783.90 13.24 9.00 5.93 330.10 300.70 14.45 -0.40
0.00 2251.77
746.70 9.84 7.30 5.42 331.04 319.32 14.61 -0.20
0.00 2658.76
706.70 6.54 3.33 0.39 326.43 318.90 12.12 0.10
0.00 3113.98
663.80 4.54 -2.41 -13.61 318.97 295.20 10.96 0.30
0.00 3626.03
618.00 3.04 -5.85 -32.14 318.47 278.13 10.99 0.20
0.00 4206.01
569.80 -0.06 -8.27 -36.39 321.86 268.85 9.71 0.10
0.00 4858.95
523.10 -5.66 -12.01 -34.87 323.35 270.00 9.32 0.10
0.00 5535.65
481.10 -11.16 -15.93 -35.20 324.44 281.53 9.71 0.20
0.00 6184.40
443.40 -15.66 -19.56 -39.19 325.98 293.43 12.70 0.20
0.00 6804.96
409.50 -19.36 -22.78 -46.11 328.15 297.58 14.69 0.20
0.00 7400.19
378.80 -23.06 -25.80 -46.23 330.69 304.99 16.59 0.20
0.00 7974.94
351.20 -26.46 -28.44 -42.10 333.75 311.76 21.87 0.10
0.00 8525.06
326.30 -29.26 -30.74 -40.89 337.20 305.82 27.54 0.10
0.00 9053.16
303.90 -32.66 -33.85 -43.80 339.05 295.33 28.15 0.00
0.00 9557.43
283.80 -36.26 -37.06 -44.79 340.53 288.57 26.22 0.00
0.00 10035.60
265.70 -40.26 -40.75 -46.55 341.03 294.11 22.34 -0.10
0.00 10488.78
248.80 -44.06 -44.29 -47.56 341.78 288.06 28.21 -0.10
65.00 10933.19
233.60 -47.56 -47.79 -52.28 342.35 278.28 43.18 -0.10
16.00 11352.73
219.60 -50.46 -50.73 -59.12 343.68 281.98 55.21 0.00
0.00 11758.23
205.70 -52.86 -53.13 -64.93 346.25 289.33 55.17 -0.10
0.00 12182.18
191.70 -56.16 -56.39 -73.19 347.91 298.41 43.28 -0.10
0.00 12633.30
177.70 -58.66 -58.81 -68.92 351.48 298.76 40.77 -0.10
0.00 13112.20
163.80 -59.86 -60.02 -74.24 357.70 304.66 44.41 0.00
0.00 13622.16
149.80 -61.26 -61.41 -74.84 364.54 315.95 41.36 0.00
0.00 14178.14
135.90 -62.46 -62.60 -75.48 372.70 318.95 29.88 0.00
0.00 14780.42
121.90 -62.46 -9999.00 -9999.00 -9999.00 303.52 18.65 0.00
0.00 15450.91
108.00 -62.86 -9999.00 -9999.00 -9999.00 282.05 17.68 0.00
0.00 16196.86
94.00 -62.26 -9999.00 -9999.00 -9999.00 289.09 16.03 0.00
0.00 17052.69
81.00 -61.46 -9999.00 -9999.00 -9999.00 307.57 9.56 0.00
0.00 17973.26
70.60 -60.46 -9999.00 -9999.00 -9999.00 330.46 6.70 0.00
0.00 18826.78
62.20 -58.86 -9999.00 -9999.00 -9999.00 31.76 4.80 0.00
0.00 19618.40
54.30 -57.66 -9999.00 -9999.00 -9999.00 52.82 7.07 0.00
0.00 20472.79
46.90 -55.96 -9999.00 -9999.00 -9999.00 53.90 11.54 0.00
0.00 21400.55
40.10 -54.76 -9999.00 -9999.00 -9999.00 63.14 16.76 0.00
0.00 22399.14
33.80 -53.46 -9999.00 -9999.00 -9999.00 67.25 19.58 0.00
0.00 23494.99
27.80 -51.46 -9999.00 -9999.00 -9999.00 72.33 23.04 0.00
0.00 24757.41
22.30 -48.86 -9999.00 -9999.00 -9999.00 80.19 26.22 0.00
0.00 26196.34
17.10 -45.16 -9999.00 -9999.00 -9999.00 80.12 26.03 0.00
0.00 27953.85
12.30 -41.16 -9999.00 -9999.00 -9999.00 78.85 27.12 0.00
0.00 30171.95

STID = KMDW STNM = 725340 TIME = 200808/0400 
SLAT = 41.78 SLON = -87.75 SELV = 183.0
STIM = 5

SHOW = 5.73 LIFT = 5.06 SWET = 100.06 KINX = 22.63
LCLP = 919.15 PWAT = 27.42 TOTL = 38.82 CAPE = 0.00
LCLT = 288.43 CINS = 0.00 EQLV = -9999.00 LFCT = -9999.00
BRCH = 0.00

PRES TMPC TMWC DWPC THTE DRCT SKNT OMEG
CFRL HGHT
998.00 22.14 18.48 16.57 330.23 165.07 3.01 0.00
0.00 191.72
995.00 22.84 17.84 15.10 328.31 177.21 7.96 0.00
0.00 217.95
989.50 23.74 17.24 13.48 326.87 182.12 10.49 -0.10
0.00 266.35
980.00 23.54 16.69 12.61 326.24 184.16 10.70 -0.10
0.00 350.65
966.10 22.54 16.06 12.15 326.04 183.43 9.73 -0.10
0.00 475.20
948.20 21.14 15.22 11.55 325.68 173.52 8.61 0.00
0.00 637.58
926.80 19.44 14.23 10.92 325.42 155.77 8.53 0.00
0.00 834.72
903.50 17.54 13.09 10.18 325.05 142.88 9.01 0.00
0.00 1053.23
878.20 16.04 11.42 8.15 323.42 142.52 7.34 0.00
0.00 1295.47
849.90 15.04 10.44 7.10 324.49 172.41 2.93 0.00
0.00 1573.55
818.60 14.44 9.59 6.00 326.52 278.97 7.48 -0.10
0.00 1891.15
784.40 12.94 9.34 6.82 331.08 304.70 12.28 -0.10
0.00 2251.12
747.20 9.64 7.42 5.79 331.31 321.07 12.98 0.00
0.00 2657.57
707.10 6.44 3.29 0.40 326.26 318.37 11.69 0.10
0.00 3113.42
664.20 4.34 -2.37 -12.95 319.03 303.42 11.64 0.10
0.00 3624.92
618.40 2.94 -5.90 -32.14 318.30 293.96 9.56 0.00
0.00 4204.24
570.10 0.14 -8.21 -37.80 321.90 273.18 7.01 0.00
0.00 4858.27
523.30 -5.46 -11.89 -35.14 323.52 264.43 8.00 0.10
0.00 5536.59
481.20 -10.76 -15.75 -36.54 324.73 276.84 9.79 0.20
0.00 6187.42
443.50 -14.86 -19.15 -42.73 326.64 285.52 14.51 0.20
0.00 6809.25
409.60 -19.06 -22.58 -46.73 328.48 287.62 17.33 0.20
0.00 7405.61
378.90 -23.16 -25.72 -42.49 330.84 295.46 18.07 0.10
0.00 7980.45
351.30 -26.56 -28.34 -39.34 333.93 305.35 20.47 0.00
0.00 8530.23
326.40 -29.76 -31.00 -39.03 336.74 300.44 25.68 -0.10
0.00 9057.56
304.00 -32.56 -33.87 -45.76 338.96 281.85 28.38 -0.10
0.00 9561.25
283.80 -36.26 -37.17 -46.82 340.33 276.16 27.16 -0.10
0.00 10041.81
265.70 -40.46 -40.89 -45.77 340.81 271.23 27.19 -0.20
0.00 10494.79
248.80 -44.26 -44.45 -47.14 341.52 271.50 29.74 -0.20
100.00 10938.81
233.60 -47.66 -47.86 -51.65 342.24 270.00 39.24 -0.10
100.00 11358.08
219.60 -51.06 -51.18 -54.21 342.96 274.53 51.63 -0.10
26.00 11762.96
205.70 -53.46 -53.68 -62.77 345.35 283.44 54.33 -0.10
0.00 12185.77
191.70 -56.16 -56.36 -68.39 347.96 295.19 43.36 0.00
0.00 12636.27
177.80 -58.56 -58.74 -73.70 351.54 297.19 39.53 0.00
0.00 13111.73
163.80 -59.66 -59.83 -74.24 358.03 304.31 45.14 0.00
0.00 13625.56
149.80 -61.16 -61.31 -74.84 364.71 317.92 43.18 0.00
0.00 14181.94
135.90 -62.56 -62.69 -75.48 372.52 318.96 27.82 0.00
0.00 14784.22
121.90 -62.56 -9999.00 -9999.00 -9999.00 299.00 20.44 0.00
0.00 15454.39
108.00 -62.46 -9999.00 -9999.00 -9999.00 281.62 21.21 0.00
0.00 16200.87
94.00 -62.36 -9999.00 -9999.00 -9999.00 291.49 19.62 0.00
0.00 17057.31
81.00 -61.66 -9999.00 -9999.00 -9999.00 317.49 12.65 0.00
0.00 17977.23
70.60 -59.96 -9999.00 -9999.00 -9999.00 342.30 9.58 0.00
0.00 18831.35
62.20 -58.06 -9999.00 -9999.00 -9999.00 36.53 6.53 0.00
0.00 19625.38
54.30 -57.06 -9999.00 -9999.00 -9999.00 58.13 8.47 0.00
0.00 20482.55
46.90 -55.96 -9999.00 -9999.00 -9999.00 68.20 13.60 0.00
0.00 21411.60
40.10 -55.26 -9999.00 -9999.00 -9999.00 72.54 18.12 0.00
0.00 22409.05
33.80 -54.26 -9999.00 -9999.00 -9999.00 74.74 19.93 0.00
0.00 23501.64
27.80 -52.26 -9999.00 -9999.00 -9999.00 74.79 22.94 0.00
0.00 24759.49
22.30 -49.06 -9999.00 -9999.00 -9999.00 77.01 25.91 0.00
0.00 26195.19
17.10 -44.46 -9999.00 -9999.00 -9999.00 79.18 26.90 0.00
0.00 27954.64
12.30 -41.16 -9999.00 -9999.00 -9999.00 77.99 28.01 0.00
0.00 30176.12

STID = KMDW STNM = 725340 TIME = 200808/0500 
SLAT = 41.78 SLON = -87.75 SELV = 183.0
STIM = 6

SHOW = 6.51 LIFT = 5.60 SWET = 93.66 KINX = 21.23
LCLP = 931.69 PWAT = 26.93 TOTL = 37.81 CAPE = 0.00
LCLT = 288.74 CINS = 0.00 EQLV = -9999.00 LFCT = -9999.00
BRCH = 0.00

PRES TMPC TMWC DWPC THTE DRCT SKNT OMEG
CFRL HGHT
998.20 21.34 18.29 16.68 329.52 163.61 3.44 0.00
0.00 191.69
995.20 22.24 17.58 14.99 327.37 174.81 8.59 0.00
0.00 217.86
989.70 23.54 16.92 13.01 325.75 179.01 11.27 0.00
0.00 266.18
980.30 23.44 16.47 12.25 325.45 179.05 11.65 0.00
0.00 349.51
966.30 22.34 15.81 11.80 325.17 176.05 11.29 0.00
0.00 474.85
948.40 20.94 14.91 11.10 324.65 169.08 11.29 0.00
0.00 637.06
927.00 19.34 13.82 10.20 324.06 160.02 11.36 0.00
0.00 834.01
903.70 17.54 12.71 9.46 323.83 149.38 11.05 0.00
0.00 1052.39
878.40 16.14 11.07 7.38 322.35 144.73 9.75 -0.10
0.00 1294.56
850.10 15.04 9.94 6.07 322.96 159.44 4.97 -0.10
0.00 1572.54
818.80 14.44 9.70 6.24 326.85 275.53 6.04 -0.20
0.00 1890.03
784.60 12.94 9.62 7.35 331.94 304.00 10.08 -0.20
0.00 2249.95
747.40 9.64 7.26 5.49 330.80 314.27 10.86 -0.10
0.00 2656.31
707.30 6.44 2.99 -0.28 325.41 305.88 11.27 0.00
0.00 3111.98
664.30 3.94 -2.33 -11.89 319.16 301.72 12.57 0.00
0.00 3624.18
618.50 2.44 -5.99 -29.11 318.20 298.95 10.43 -0.10
0.00 4202.53
570.20 -0.06 -8.39 -39.43 321.50 272.66 8.35 -0.10
0.00 4855.63
523.40 -5.46 -11.99 -36.91 323.28 259.80 9.87 -0.10
0.00 5533.56
481.30 -10.76 -15.80 -37.42 324.60 269.06 11.85 0.00
0.00 6184.24
443.60 -14.96 -19.29 -44.79 326.34 279.71 14.98 0.00
0.00 6805.80
409.70 -19.06 -22.54 -45.52 328.53 284.35 17.25 0.00
0.00 7401.90
378.90 -22.86 -25.23 -38.34 331.73 291.80 17.77 0.00
0.00 7978.91
351.30 -26.56 -27.93 -34.97 334.67 302.47 20.26 -0.10
0.00 8529.08
326.40 -30.36 -31.69 -41.48 335.57 296.93 27.02 -0.10
0.00 9055.78
304.00 -33.66 -34.68 -43.45 337.65 284.04 30.44 -0.10
0.00 9557.70
283.80 -36.36 -37.26 -46.82 340.19 266.27 35.82 -0.20
0.00 10037.05
265.70 -39.96 -40.57 -48.34 341.31 258.42 32.91 -0.20
0.00 10490.41
248.80 -43.96 -44.37 -51.11 341.65 256.04 37.02 -0.20
0.00 10935.19
233.60 -47.56 -47.79 -52.28 342.35 268.23 44.11 -0.20
1.00 11354.81
219.60 -50.96 -51.01 -52.18 343.24 271.98 50.54 -0.20
100.00 11759.87
205.70 -53.96 -54.11 -59.64 344.65 279.95 48.31 -0.10
0.00 12182.31
191.70 -56.26 -56.46 -68.39 347.80 291.75 40.37 0.00
0.00 12632.19
177.70 -58.36 -58.54 -73.70 351.93 294.47 38.00 0.10
0.00 13111.32
163.80 -59.56 -59.73 -74.24 358.20 304.11 44.35 0.10
0.00 13621.98
149.80 -61.16 -61.31 -74.84 364.71 318.50 42.79 0.10
0.00 14178.49
135.90 -62.26 -9999.00 -9999.00 -9999.00 315.64 24.73 0.00
0.00 14781.20
121.90 -62.76 -9999.00 -9999.00 -9999.00 287.39 20.14 0.00
0.00 15451.53
108.00 -62.76 -9999.00 -9999.00 -9999.00 275.33 23.02 0.00
0.00 16197.12
94.00 -62.76 -9999.00 -9999.00 -9999.00 294.39 18.34 0.00
0.00 17052.13
81.00 -61.26 -9999.00 -9999.00 -9999.00 326.59 10.94 0.00
0.00 17972.05
70.60 -59.16 -9999.00 -9999.00 -9999.00 355.91 8.18 0.00
0.00 18828.59
62.20 -58.06 -9999.00 -9999.00 -9999.00 57.65 6.90 0.00
0.00 19624.10
54.30 -57.56 -9999.00 -9999.00 -9999.00 67.11 9.48 0.00
0.00 20480.28
46.90 -56.76 -9999.00 -9999.00 -9999.00 68.96 13.52 0.00
0.00 21406.55
40.10 -55.86 -9999.00 -9999.00 -9999.00 64.33 16.59 0.00
0.00 22400.78
33.80 -54.06 -9999.00 -9999.00 -9999.00 65.18 17.11 0.00
0.00 23492.37
27.80 -51.56 -9999.00 -9999.00 -9999.00 72.61 20.14 0.00
0.00 24752.80
22.30 -48.56 -9999.00 -9999.00 -9999.00 83.16 24.46 0.00
0.00 26192.37
17.10 -44.76 -9999.00 -9999.00 -9999.00 88.72 26.03 0.00
0.00 27952.60
12.30 -41.66 -9999.00 -9999.00 -9999.00 76.47 26.57 0.00
0.00 30170.21

STID = KMDW STNM = 725340 TIME = 200808/0600 
SLAT = 41.78 SLON = -87.75 SELV = 183.0
STIM = 7

SHOW = 7.71 LIFT = 6.56 SWET = 80.19 KINX = 19.11
LCLP = 938.38 PWAT = 26.13 TOTL = 36.13 CAPE = 0.00
LCLT = 288.52 CINS = 0.00 EQLV = -9999.00 LFCT = -9999.00
BRCH = 0.00

PRES TMPC TMWC DWPC THTE DRCT SKNT OMEG
CFRL HGHT
998.50 20.54 17.82 16.35 327.83 160.56 3.50 0.00
0.00 191.67
995.40 21.74 17.11 14.47 325.75 174.29 9.75 0.00
0.00 218.63
989.90 23.44 16.48 12.23 324.24 176.48 12.65 0.00
0.00 266.88
980.50 23.24 16.07 11.60 324.09 176.68 13.42 0.10
0.00 350.13
966.50 22.24 15.35 10.96 323.62 174.21 13.48 0.10
0.00 475.34
948.60 20.94 14.29 9.87 322.62 171.07 13.77 0.20
0.00 637.44
927.30 19.34 13.16 8.88 321.94 166.16 13.81 0.20
0.00 833.34
903.90 17.74 12.26 8.41 322.39 160.46 12.78 0.20
0.00 1052.58
878.60 16.24 10.72 6.55 321.24 157.46 11.15 0.20
0.00 1294.75
850.30 15.04 9.20 4.46 320.77 164.48 7.26 0.10
0.00 1572.62
819.10 14.34 9.67 6.25 326.71 267.88 5.24 0.00
0.00 1888.88
784.80 12.74 9.65 7.55 332.01 298.81 8.88 0.10
0.00 2249.56
747.60 9.64 7.23 5.44 330.69 304.62 9.91 0.10
0.00 2655.68
707.50 6.44 2.75 -0.83 324.75 297.80 12.08 0.20
0.00 3111.19
664.50 3.84 -2.38 -11.89 319.01 300.83 14.02 0.20
0.00 3623.11
618.60 1.94 -6.02 -26.09 318.22 302.95 12.51 0.00
0.00 4201.99
570.30 -0.56 -8.70 -39.88 320.86 280.89 10.30 -0.10
0.00 4853.83
523.50 -5.46 -12.08 -39.02 323.04 258.69 10.90 -0.10
0.00 5530.99
481.40 -10.66 -15.83 -39.45 324.49 263.19 13.11 0.00
0.00 6181.64
443.60 -15.26 -19.54 -46.01 325.88 271.40 15.93 0.00
0.00 6804.53
409.70 -19.16 -22.56 -43.94 328.52 276.79 16.43 0.00
0.00 7400.17
379.00 -22.66 -24.63 -33.50 332.81 293.47 16.10 0.00
0.00 7975.39
351.30 -26.96 -27.86 -31.98 334.81 305.08 19.93 0.00
0.00 8527.32
326.40 -30.46 -31.52 -38.33 335.89 295.22 25.99 -0.10
0.00 9053.53
304.00 -33.86 -34.58 -39.97 337.83 284.21 31.66 -0.10
0.00 9555.18
283.80 -36.76 -37.59 -46.38 339.65 272.85 35.20 -0.10
0.00 10033.95
265.70 -40.16 -40.85 -50.54 340.85 264.64 37.45 -0.20
0.00 10486.73
248.80 -43.96 -44.27 -48.92 341.81 266.33 42.42 -0.20
2.00 10931.31
233.60 -47.36 -47.43 -48.55 342.94 265.20 46.39 -0.20
100.00 11351.13
219.60 -50.76 -50.82 -52.18 343.55 270.49 45.26 -0.10
100.00 11756.57
205.70 -53.56 -53.78 -62.77 345.20 282.08 39.92 -0.10
0.00 12179.57
191.70 -55.76 -55.97 -68.39 348.60 290.06 36.81 0.00
0.00 12630.38
177.70 -57.66 -57.86 -73.70 353.07 292.73 37.70 0.10
0.00 13110.84
163.80 -59.16 -59.34 -74.24 358.87 303.55 42.89 0.10
0.00 13622.82
149.80 -61.06 -61.21 -74.84 364.88 317.00 39.32 0.00
0.00 14179.97
135.90 -62.26 -9999.00 -9999.00 -9999.00 309.22 21.81 0.00
0.00 14782.83
121.90 -63.56 -9999.00 -9999.00 -9999.00 274.81 20.86 0.00
0.00 15451.88
108.00 -63.96 -9999.00 -9999.00 -9999.00 279.15 23.21 0.00
0.00 16193.93
94.00 -63.06 -9999.00 -9999.00 -9999.00 299.83 16.80 0.00
0.00 17045.90
81.00 -61.16 -9999.00 -9999.00 -9999.00 329.93 8.53 0.00
0.00 17965.38
70.60 -59.16 -9999.00 -9999.00 -9999.00 16.19 6.27 0.00
0.00 18822.12
62.20 -58.66 -9999.00 -9999.00 -9999.00 74.88 7.44 0.00
0.00 19616.51
54.30 -57.96 -9999.00 -9999.00 -9999.00 74.05 8.49 0.00
0.00 20470.71
46.90 -57.16 -9999.00 -9999.00 -9999.00 66.43 11.65 0.00
0.00 21395.26
40.10 -55.86 -9999.00 -9999.00 -9999.00 58.67 15.70 0.00
0.00 22388.58
33.80 -53.56 -9999.00 -9999.00 -9999.00 61.86 18.94 0.00
0.00 23481.42
27.80 -50.86 -9999.00 -9999.00 -9999.00 72.02 23.29 0.00
0.00 24745.27
22.30 -47.56 -9999.00 -9999.00 -9999.00 85.57 25.14 0.00
0.00 26190.33
17.10 -43.96 -9999.00 -9999.00 -9999.00 84.85 21.64 0.00
0.00 27957.55
12.30 -41.26 -9999.00 -9999.00 -9999.00 69.82 24.22 0.00
0.00 30180.96

STID = KMDW STNM = 725340 TIME = 200808/0700 
SLAT = 41.78 SLON = -87.75 SELV = 183.0
STIM = 8

SHOW = 8.01 LIFT = 7.24 SWET = 65.80 KINX = 15.95
LCLP = 936.86 PWAT = 24.77 TOTL = 35.82 CAPE = 0.00
LCLT = 287.92 CINS = 0.00 EQLV = -9999.00 LFCT = -9999.00
BRCH = 0.00

PRES TMPC TMWC DWPC THTE DRCT SKNT OMEG
CFRL HGHT
998.30 20.04 17.29 15.76 326.04 154.80 3.65 0.00
0.00 191.65
995.20 21.44 16.47 13.51 323.62 168.69 10.90 0.00
0.00 218.58
989.80 23.34 15.90 11.14 322.31 170.81 13.38 0.00
0.00 265.90
980.30 23.24 15.43 10.29 321.99 171.19 13.95 0.10
0.00 350.01
966.40 22.44 14.47 8.96 320.75 166.15 14.61 0.10
0.00 474.32
948.50 21.14 13.54 8.12 320.24 158.86 15.62 0.20
0.00 636.44
927.20 19.44 13.00 8.47 321.45 155.38 15.38 0.30
0.00 832.40
903.80 17.84 12.11 8.02 321.93 158.66 13.34 0.30
0.00 1051.71
878.50 16.54 10.12 4.97 319.49 165.47 10.84 0.30
0.00 1294.00
850.20 15.54 8.89 3.26 319.87 169.99 6.70 0.30
0.00 1572.19
819.00 14.94 10.34 7.11 328.74 280.89 5.15 0.30
0.00 1889.08
784.70 13.04 9.68 7.39 332.11 293.55 8.26 0.40
0.00 2250.41
747.50 9.94 6.76 4.29 329.31 293.33 10.78 0.40
0.00 2656.94
707.40 6.84 2.06 -3.02 322.92 293.81 14.43 0.30
0.00 3112.89
664.50 4.24 -2.78 -14.61 318.02 299.50 16.96 0.20
0.00 3624.21
618.60 1.64 -6.00 -24.17 318.34 308.12 16.05 0.00
0.00 4203.14
570.30 -1.16 -8.99 -37.80 320.34 292.29 12.80 -0.10
0.00 4853.94
523.50 -5.76 -12.34 -40.70 322.53 264.38 11.91 -0.10
0.00 5529.98
481.40 -10.76 -15.97 -41.05 324.21 258.07 14.10 0.00
0.00 6180.12
443.70 -15.36 -19.52 -43.20 325.92 264.69 16.78 0.00
0.00 6801.05
409.70 -18.96 -22.16 -39.00 329.27 272.00 16.72 0.10
0.00 7398.53
379.00 -22.86 -24.18 -29.15 333.65 293.10 14.36 0.10
0.00 7973.83
351.30 -27.16 -28.02 -31.98 334.54 297.73 17.11 0.10
0.00 8525.37
326.40 -30.76 -31.36 -34.69 336.17 287.53 23.21 0.00
4.00 9051.07
304.00 -34.06 -34.58 -38.15 337.85 277.72 30.38 0.00
8.00 9552.24
283.80 -37.16 -37.85 -44.79 339.24 266.54 35.41 0.00
0.00 10030.42
265.70 -40.66 -41.11 -46.55 340.44 263.81 39.67 0.00
0.00 10482.35
248.80 -43.86 -44.09 -47.14 342.12 261.08 43.84 0.00
100.00 10926.56
233.60 -47.26 -47.38 -49.48 343.01 260.19 46.72 -0.10
100.00 11346.57
219.60 -50.26 -50.45 -55.00 344.16 271.63 41.01 -0.10
100.00 11752.54
205.70 -52.86 -53.13 -64.93 346.25 283.66 36.19 -0.10
0.00 12176.69
191.70 -55.16 -55.39 -68.39 349.56 288.74 35.08 0.00
0.00 12628.84
177.70 -57.06 -57.28 -73.70 354.06 290.80 37.20 0.00
0.00 13110.62
163.80 -58.96 -59.14 -74.24 359.21 299.40 40.37 0.00
0.00 13623.56
149.80 -61.26 -61.41 -74.84 364.54 311.92 35.76 0.00
0.00 14180.71
135.90 -62.66 -9999.00 -9999.00 -9999.00 302.18 20.44 0.00
0.00 14782.71
121.90 -64.36 -9999.00 -9999.00 -9999.00 269.51 22.73 0.00
0.00 15449.86
108.00 -64.26 -9999.00 -9999.00 -9999.00 286.83 24.15 0.00
0.00 16189.96
94.00 -62.86 -9999.00 -9999.00 -9999.00 303.88 16.38 0.00
0.00 17041.72
81.00 -61.06 -9999.00 -9999.00 -9999.00 321.07 6.49 0.00
0.00 17961.86
70.60 -59.56 -9999.00 -9999.00 -9999.00 38.29 4.70 0.00
0.00 18818.00
62.20 -59.46 -9999.00 -9999.00 -9999.00 85.24 7.01 0.00
0.00 19610.17
54.30 -58.26 -9999.00 -9999.00 -9999.00 75.96 7.21 0.00
0.00 20462.18
46.90 -57.16 -9999.00 -9999.00 -9999.00 63.43 12.16 0.00
0.00 21386.08
40.10 -55.56 -9999.00 -9999.00 -9999.00 62.04 17.81 0.00
0.00 22380.09
33.80 -52.76 -9999.00 -9999.00 -9999.00 68.20 21.97 0.00
0.00 23475.68
27.80 -50.16 -9999.00 -9999.00 -9999.00 80.23 24.05 0.00
0.00 24743.83
22.30 -47.06 -9999.00 -9999.00 -9999.00 87.61 23.33 0.00
0.00 26192.75
17.10 -43.76 -9999.00 -9999.00 -9999.00 73.50 21.87 0.00
0.00 27962.70
12.30 -41.56 -9999.00 -9999.00 -9999.00 66.69 26.01 0.00
0.00 30185.62

STID = KMDW STNM = 725340 TIME = 200808/0800 
SLAT = 41.78 SLON = -87.75 SELV = 183.0
STIM = 9

SHOW = 8.17 LIFT = 7.98 SWET = 62.75 KINX = 15.73
LCLP = 934.72 PWAT = 24.58 TOTL = 35.60 CAPE = 0.00
LCLT = 287.20 CINS = 0.00 EQLV = -9999.00 LFCT = -9999.00
BRCH = 0.00

PRES TMPC TMWC DWPC THTE DRCT SKNT OMEG
CFRL HGHT
997.60 19.44 16.67 15.06 324.01 168.11 3.77 0.00
0.00 193.36
994.70 21.04 15.83 12.60 321.60 173.56 12.12 0.00
0.00 218.52
989.20 23.14 15.39 10.23 320.73 173.16 14.67 0.00
0.00 266.68
979.80 23.14 14.90 9.24 320.35 172.96 15.85 0.00
0.00 349.88
965.90 22.34 14.10 8.22 319.64 171.10 16.32 0.00
0.00 474.18
948.00 21.14 13.26 7.49 319.42 168.42 16.45 0.00
0.00 636.33
926.60 19.44 12.42 7.22 319.74 162.85 16.47 0.00
0.00 833.26
903.30 17.74 11.54 6.91 320.29 159.02 15.19 -0.10
0.00 1051.65
878.10 16.44 9.83 4.38 318.69 169.61 11.85 -0.20
0.00 1292.97
849.80 15.64 8.78 2.88 319.59 176.91 7.21 -0.20
0.00 1571.25
818.60 15.14 10.50 7.29 329.32 270.00 3.50 -0.20
0.00 1888.46
784.40 13.14 9.45 6.89 331.44 280.30 6.51 -0.10
0.00 2249.06
747.20 10.24 6.58 3.68 328.82 286.39 10.33 0.00
0.00 2655.96
707.20 7.14 2.20 -3.02 323.30 294.88 14.78 0.10
0.00 3111.38
664.20 4.34 -2.39 -13.07 318.97 305.46 17.40 0.10
0.00 3624.48
618.40 1.34 -5.39 -18.61 319.84 311.89 17.75 0.00
0.00 4202.31
570.20 -1.66 -8.99 -32.03 320.48 297.65 13.81 -0.10
0.00 4851.12
523.40 -5.86 -12.35 -39.42 322.54 270.90 12.43 -0.10
0.00 5526.58
481.30 -10.76 -15.90 -39.45 324.38 257.80 14.70 0.00
0.00 6176.74
443.60 -15.16 -19.20 -39.18 326.57 264.81 17.17 0.00
0.00 6798.08
409.70 -18.76 -21.66 -34.37 330.23 272.57 17.31 0.10
0.00 7394.38
378.90 -23.06 -24.05 -27.51 333.94 283.43 13.38 0.10
0.00 7971.69
351.30 -27.06 -27.90 -31.71 334.75 282.38 16.32 0.00
0.00 8521.23
326.40 -30.96 -31.34 -33.31 336.22 281.02 22.36 0.00
100.00 9046.84
304.00 -34.26 -34.77 -38.36 337.53 275.53 30.24 0.00
20.00 9547.60
283.80 -37.56 -38.14 -43.75 338.78 266.54 35.41 0.00
0.00 10025.19
265.70 -40.56 -40.88 -44.35 340.82 261.19 41.86 0.00
0.00 10476.83
248.80 -43.76 -44.04 -47.99 342.19 254.23 43.59 0.00
100.00 10921.25
233.60 -47.26 -47.41 -49.98 342.97 260.29 44.93 -0.10
100.00 11341.35
219.60 -49.96 -50.21 -56.82 344.53 271.45 38.48 0.00
25.00 11747.58
205.70 -52.56 -52.87 -67.88 346.68 284.04 35.24 0.00
0.00 12172.30
191.70 -54.86 -55.13 -73.19 349.99 289.46 34.40 0.00
0.00 12625.06
177.70 -56.86 -57.08 -73.70 354.38 289.98 34.11 0.00
0.00 13107.41
163.80 -58.96 -59.14 -74.24 359.21 294.27 36.87 0.00
0.00 13620.58
149.80 -61.36 -61.50 -74.84 364.36 304.91 32.93 0.00
0.00 14177.60
135.90 -63.36 -63.48 -75.48 371.11 294.58 20.09 0.00
0.00 14778.46
121.90 -64.86 -9999.00 -9999.00 -9999.00 269.55 24.86 0.00
0.00 15443.70
108.00 -64.46 -9999.00 -9999.00 -9999.00 290.85 26.18 0.00
0.00 16182.57
94.00 -62.96 -9999.00 -9999.00 -9999.00 307.53 16.90 0.00
0.00 17033.72
81.00 -61.56 -9999.00 -9999.00 -9999.00 309.40 7.03 0.00
0.00 17952.55
70.60 -60.56 -9999.00 -9999.00 -9999.00 24.23 4.25 0.00
0.00 18805.67
62.20 -60.36 -9999.00 -9999.00 -9999.00 75.53 6.22 0.00
0.00 19594.31
54.30 -59.16 -9999.00 -9999.00 -9999.00 58.78 7.50 0.00
0.00 20442.74
46.90 -57.66 -9999.00 -9999.00 -9999.00 56.31 14.01 0.00
0.00 21363.65
40.10 -55.76 -9999.00 -9999.00 -9999.00 67.96 17.60 0.00
0.00 22356.05
33.80 -52.56 -9999.00 -9999.00 -9999.00 75.69 19.64 0.00
0.00 23451.64
27.80 -50.46 -9999.00 -9999.00 -9999.00 87.78 20.03 0.00
0.00 24719.50
22.30 -47.96 -9999.00 -9999.00 -9999.00 84.11 18.94 0.00
0.00 26164.55
17.10 -44.76 -9999.00 -9999.00 -9999.00 64.72 23.19 0.00
0.00 27927.12
12.30 -42.16 -9999.00 -9999.00 -9999.00 56.73 29.74 0.00
0.00 30142.32

STID = KMDW STNM = 725340 TIME = 200808/0900 
SLAT = 41.78 SLON = -87.75 SELV = 183.0
STIM = 10

SHOW = 8.63 LIFT = 7.65 SWET = 56.96 KINX = 17.53
LCLP = 931.63 PWAT = 26.23 TOTL = 34.92 CAPE = 0.00
LCLT = 286.44 CINS = 0.00 EQLV = -9999.00 LFCT = -9999.00
BRCH = 0.00

PRES TMPC TMWC DWPC THTE DRCT SKNT OMEG
CFRL HGHT
997.50 18.94 16.07 14.35 322.08 176.82 3.50 0.00
0.00 192.48
994.50 20.24 15.32 12.18 320.01 180.00 12.63 0.00
0.00 218.44
989.00 22.14 15.11 10.42 319.94 179.28 15.54 0.00
0.00 266.47
979.60 22.74 15.02 9.82 320.79 180.00 17.09 -0.10
0.00 349.50
965.70 21.94 14.58 9.59 321.21 184.71 16.57 -0.10
0.00 473.69
947.90 20.64 13.89 9.26 321.42 191.85 16.08 -0.10
0.00 634.79
926.50 19.14 12.69 8.06 320.60 194.93 15.07 0.00
0.00 831.55
903.20 17.64 10.87 5.48 318.30 184.90 13.66 0.00
0.00 1049.80
877.90 16.14 9.37 3.59 317.44 176.25 11.87 0.00
0.00 1291.88
849.70 15.24 8.39 2.34 318.53 186.01 7.42 -0.10
0.00 1568.85
818.50 14.74 10.03 6.65 327.86 244.98 3.22 -0.10
0.00 1885.60
784.30 12.94 9.27 6.69 330.89 265.91 5.46 -0.10
0.00 2245.82
747.20 10.24 6.88 4.29 329.71 274.86 9.17 -0.10
0.00 2651.53
707.10 7.14 3.14 -0.68 325.80 291.16 12.92 0.00
0.00 3108.28
664.20 4.24 -1.47 -9.26 321.21 306.73 16.24 0.00
0.00 3620.37
618.30 1.04 -4.15 -12.06 322.81 313.29 18.41 0.00
0.00 4199.39
570.10 -2.16 -8.69 -25.33 321.29 304.32 14.82 -0.10
0.00 4847.65
523.30 -6.16 -12.40 -36.29 322.53 277.88 12.74 0.00
0.00 5522.33
481.20 -10.76 -15.75 -36.54 324.73 263.99 14.84 0.00
0.00 6172.29
443.50 -14.76 -18.71 -35.77 327.54 270.62 18.07 0.10
0.00 6794.28
409.60 -18.66 -21.26 -31.25 331.03 270.00 18.26 0.10
0.00 7391.36
378.90 -23.06 -24.11 -27.82 333.84 268.57 15.54 0.10
0.00 7967.00
351.30 -27.26 -27.96 -31.05 334.66 268.78 18.26 0.00
4.00 8516.32
326.40 -31.06 -31.40 -33.16 336.12 277.77 21.56 -0.10
100.00 9041.62
303.90 -34.76 -35.14 -37.75 336.96 274.14 29.60 -0.10
37.00 9544.08
283.80 -38.06 -38.44 -41.93 338.29 266.54 35.41 -0.10
8.00 10018.39
265.70 -40.86 -41.11 -43.72 340.46 259.18 40.35 -0.10
100.00 10469.28
248.80 -43.96 -44.18 -47.14 341.97 257.04 42.46 -0.10
100.00 10913.22
233.60 -47.16 -47.39 -51.65 343.00 263.78 41.22 -0.10
62.00 11333.22
219.60 -49.56 -49.93 -62.27 344.98 272.98 33.64 -0.10
0.00 11739.90
205.70 -52.46 -52.77 -67.88 346.83 283.38 32.75 0.00
0.00 12165.09
191.70 -54.66 -54.94 -73.19 350.32 289.19 32.50 0.00
0.00 12618.16
177.80 -56.56 -56.79 -73.70 354.82 288.10 31.27 0.00
0.00 13097.48
163.80 -58.86 -59.05 -74.24 359.37 288.87 32.44 0.00
0.00 13614.68
149.80 -61.16 -61.31 -74.84 364.71 297.06 29.88 0.00
0.00 14172.10
135.90 -63.36 -63.48 -75.48 371.11 283.63 19.79 0.00
0.00 14773.24
121.90 -64.46 -9999.00 -9999.00 -9999.00 275.71 27.33 0.00
0.00 15439.12
108.00 -63.66 -9999.00 -9999.00 -9999.00 296.21 27.72 0.00
0.00 16180.11
94.00 -62.26 -9999.00 -9999.00 -9999.00 312.09 16.22 0.00
0.00 17034.31
81.00 -61.16 -9999.00 -9999.00 -9999.00 306.87 6.80 0.00
0.00 17955.53
70.60 -60.16 -9999.00 -9999.00 -9999.00 31.43 4.10 0.00
0.00 18810.26
62.20 -59.66 -9999.00 -9999.00 -9999.00 76.87 5.98 0.00
0.00 19600.95
54.30 -58.16 -9999.00 -9999.00 -9999.00 57.72 8.72 0.00
0.00 20452.76
46.90 -56.36 -9999.00 -9999.00 -9999.00 67.17 16.03 0.00
0.00 21378.59
40.10 -54.66 -9999.00 -9999.00 -9999.00 82.65 18.22 0.00
0.00 22376.50
33.80 -52.36 -9999.00 -9999.00 -9999.00 92.75 20.22 0.00
0.00 23475.34
27.80 -51.26 -9999.00 -9999.00 -9999.00 93.78 20.63 0.00
0.00 24741.49
22.30 -48.76 -9999.00 -9999.00 -9999.00 80.27 20.69 0.00
0.00 26181.38
17.10 -44.86 -9999.00 -9999.00 -9999.00 66.21 26.96 0.00
0.00 27940.45
12.30 -41.86 -9999.00 -9999.00 -9999.00 65.88 36.60 0.00
0.00 30156.61

STID = KMDW STNM = 725340 TIME = 200808/1000 
SLAT = 41.78 SLON = -87.75 SELV = 183.0
STIM = 11

SHOW = 8.67 LIFT = 6.90 SWET = 58.58 KINX = 19.14
LCLP = 938.27 PWAT = 29.03 TOTL = 34.84 CAPE = 0.00
LCLT = 286.32 CINS = 0.00 EQLV = -9999.00 LFCT = -9999.00
BRCH = 0.00

PRES TMPC TMWC DWPC THTE DRCT SKNT OMEG
CFRL HGHT
997.70 18.24 15.68 14.12 320.82 168.11 3.77 0.00
0.00 191.60
994.70 19.64 15.19 12.34 319.59 181.66 13.40 0.00
0.00 217.50
989.20 21.74 15.38 11.27 320.81 182.79 15.95 0.00
0.00 265.44
979.80 22.54 15.60 11.18 322.69 188.50 17.09 0.10
0.00 348.39
965.90 21.74 15.22 11.06 323.30 192.60 16.92 0.10
0.00 472.53
948.00 20.34 14.62 10.95 323.77 194.85 16.69 0.10
0.00 634.46
926.60 18.74 13.40 9.83 322.84 198.66 15.79 0.10
0.00 831.08
903.30 17.64 10.89 5.53 318.35 199.49 13.38 0.10
0.00 1049.22
878.10 16.54 8.84 1.79 315.87 189.16 12.20 0.10
0.00 1290.42
849.90 15.34 8.42 2.31 318.59 193.09 8.57 0.00
0.00 1567.50
818.70 14.44 9.82 6.48 327.23 219.47 4.27 0.00
0.00 1884.06
784.50 12.74 9.08 6.47 330.27 241.56 5.30 -0.10
0.00 2243.86
747.40 10.14 6.87 4.35 329.65 259.22 8.31 -0.10
0.00 2649.23
707.30 7.04 3.74 0.79 327.42 285.26 11.07 0.00
0.00 3105.77
664.30 4.14 -0.93 -7.31 322.54 304.55 14.39 0.00
0.00 3618.93
618.50 0.64 -1.78 -4.45 328.53 317.22 17.74 0.00
0.00 4196.46
570.10 -2.76 -6.20 -11.28 327.04 311.39 15.27 0.10
0.00 4846.89
523.30 -6.26 -12.45 -35.99 322.44 284.25 12.63 0.10
0.00 5521.10
481.20 -10.56 -15.58 -35.98 325.05 272.26 14.78 0.10
0.00 6171.19
443.50 -14.46 -18.30 -33.36 328.32 271.21 18.45 0.20
0.00 6793.80
409.60 -18.56 -21.18 -31.25 331.16 265.38 19.29 0.20
0.00 7391.37
378.90 -23.16 -24.62 -30.51 332.89 259.42 17.99 0.10
0.00 7966.97
351.30 -27.56 -28.14 -30.67 334.35 258.69 18.82 0.10
8.00 8515.82
326.40 -31.26 -31.59 -33.31 335.80 273.74 20.82 0.00
100.00 9040.58
304.00 -35.06 -35.35 -37.35 336.58 272.00 27.80 -0.10
100.00 9540.20
283.80 -38.56 -38.77 -40.63 337.76 264.69 33.55 -0.10
100.00 10016.00
265.70 -41.26 -41.49 -44.03 339.84 258.92 37.41 -0.10
100.00 10466.03
248.80 -44.26 -44.45 -47.14 341.52 256.98 39.67 -0.10
100.00 10909.29
233.60 -46.96 -47.27 -53.69 343.18 263.45 35.78 -0.10
12.00 11329.20
219.60 -49.36 -49.76 -64.44 345.24 272.23 29.93 0.00
0.00 11736.23
205.70 -52.16 -52.48 -67.88 347.31 279.71 29.95 0.00
0.00 12161.90
191.70 -54.26 -54.55 -73.19 350.96 285.69 29.45 0.00
0.00 12615.70
177.80 -56.16 -56.41 -73.70 355.47 284.69 29.12 0.00
0.00 13095.89
163.80 -58.56 -58.75 -74.24 359.88 283.34 31.14 0.00
0.00 13613.93
149.80 -61.16 -9999.00 -9999.00 -9999.00 289.58 30.71 0.00
0.00 14171.74
135.90 -63.46 -63.58 -75.48 370.93 280.74 22.94 0.00
0.00 14772.74
121.90 -64.66 -9999.00 -9999.00 -9999.00 281.16 29.10 0.00
0.00 15438.14
108.00 -63.56 -9999.00 -9999.00 -9999.00 302.26 28.03 0.00
0.00 16178.95
94.00 -62.56 -9999.00 -9999.00 -9999.00 314.49 15.52 0.00
0.00 17032.74
81.00 -61.46 -9999.00 -9999.00 -9999.00 303.23 6.74 0.00
0.00 17952.66
70.60 -60.36 -9999.00 -9999.00 -9999.00 26.57 2.60 0.00
0.00 18806.39
62.20 -59.16 -9999.00 -9999.00 -9999.00 87.14 3.88 0.00
0.00 19597.63
54.30 -57.56 -9999.00 -9999.00 -9999.00 60.10 8.95 0.00
0.00 20451.63
46.90 -56.56 -9999.00 -9999.00 -9999.00 69.61 16.16 0.00
0.00 21378.32
40.10 -54.66 -9999.00 -9999.00 -9999.00 80.33 17.35 0.00
0.00 22375.76
33.80 -52.86 -9999.00 -9999.00 -9999.00 90.64 17.29 0.00
0.00 23473.36
27.80 -51.26 -9999.00 -9999.00 -9999.00 83.05 16.05 0.00
0.00 24738.07
22.30 -48.26 -9999.00 -9999.00 -9999.00 70.99 18.49 0.00
0.00 26179.57
17.10 -45.36 -9999.00 -9999.00 -9999.00 68.51 26.52 0.00
0.00 27938.64
12.30 -42.46 -9999.00 -9999.00 -9999.00 73.48 34.85 0.00
0.00 30149.51

STID = KMDW STNM = 725340 TIME = 200808/1100 
SLAT = 41.78 SLON = -87.75 SELV = 183.0
STIM = 12

SHOW = 7.80 LIFT = 6.83 SWET = 72.71 KINX = 19.88
LCLP = 945.32 PWAT = 30.64 TOTL = 36.23 CAPE = 0.00
LCLT = 286.55 CINS = 0.00 EQLV = -9999.00 LFCT = -9999.00
BRCH = 0.00

PRES TMPC TMWC DWPC THTE DRCT SKNT OMEG
CFRL HGHT
998.80 17.94 15.65 14.25 320.59 165.26 3.81 0.00
0.00 192.44
995.90 19.44 15.38 12.82 320.05 181.61 13.79 0.00
0.00 217.42
990.40 21.94 15.83 12.00 322.10 183.45 16.16 0.00
0.00 265.32
980.90 22.54 15.82 11.60 323.25 190.08 17.75 0.10
0.00 349.10
967.00 21.74 15.18 10.97 323.01 190.58 17.99 0.10
0.00 473.11
949.10 20.44 14.29 10.24 322.58 191.43 17.64 0.00
0.00 634.86
927.70 18.94 13.16 9.19 321.91 196.31 16.59 0.00
0.00 831.30
904.40 17.74 11.50 6.80 320.00 204.78 13.91 0.00
0.00 1049.30
879.10 16.84 9.17 2.31 316.63 202.33 11.75 0.00
0.00 1291.40
850.80 15.54 8.92 3.32 319.86 198.82 9.03 0.00
0.00 1569.45
819.60 14.44 9.89 6.61 327.30 205.71 5.83 0.00
0.00 1885.82
785.30 12.64 8.89 6.18 329.57 225.00 6.59 0.00
0.00 2246.21
748.20 10.34 6.65 3.72 328.84 252.41 8.35 0.00
0.00 2651.18
708.00 7.44 3.82 0.56 327.50 284.53 10.84 0.10
0.00 3108.81
665.00 4.54 -0.56 -6.80 323.31 303.25 14.16 0.10
0.00 3622.19
619.00 0.54 -0.30 -1.13 332.18 319.18 16.94 0.10
0.00 4202.25
570.50 -2.96 -4.53 -6.42 330.88 316.97 15.95 0.10
2.00 4853.68
523.60 -6.46 -11.39 -23.64 324.76 294.66 13.03 0.10
0.00 5528.82
481.40 -10.46 -15.53 -36.25 325.10 276.67 15.05 0.10
0.00 6180.16
443.70 -14.36 -18.35 -34.83 328.16 271.19 18.65 0.10
0.00 6802.72
409.70 -18.86 -21.64 -33.41 330.28 263.35 20.14 0.10
0.00 7401.57
379.00 -23.56 -24.83 -29.87 332.51 251.92 20.03 0.00
0.00 7976.21
351.30 -27.46 -27.96 -30.07 334.67 251.94 18.80 0.00
100.00 8526.66
326.40 -31.36 -31.75 -33.90 335.52 267.37 21.19 -0.10
100.00 9051.42
304.00 -35.26 -35.52 -37.35 336.30 269.17 26.81 -0.10
100.00 9550.73
283.80 -38.86 -39.04 -40.63 337.33 264.90 32.77 -0.10
100.00 10026.02
265.70 -41.46 -41.77 -45.39 339.39 259.36 35.78 -0.10
100.00 10475.56
248.80 -44.26 -44.60 -49.96 341.28 257.97 36.34 -0.10
49.00 10918.62
233.60 -46.76 -47.18 -57.40 343.31 263.97 31.45 -0.10
0.00 11338.70
219.60 -49.46 -49.86 -64.44 345.09 268.46 28.96 -0.10
0.00 11745.82
205.70 -52.26 -52.58 -67.88 347.15 273.37 29.78 -0.10
0.00 12171.29
191.70 -53.96 -54.26 -73.19 351.44 279.78 28.57 -0.10
0.00 12625.29
177.70 -55.76 -56.02 -73.70 356.19 281.93 28.19 0.00
0.00 13109.86
163.80 -58.46 -58.66 -74.24 360.04 282.22 31.20 0.00
0.00 13624.94
149.80 -61.46 -9999.00 -9999.00 -9999.00 286.80 32.26 0.00
0.00 14182.48
135.90 -63.56 -9999.00 -9999.00 -9999.00 283.41 25.95 0.00
0.00 14782.91
121.90 -64.66 -9999.00 -9999.00 -9999.00 281.77 28.57 0.00
0.00 15448.15
108.00 -63.16 -9999.00 -9999.00 -9999.00 307.99 25.87 0.00
0.00 16189.67
94.00 -62.36 -9999.00 -9999.00 -9999.00 316.77 13.33 0.00
0.00 17044.68
81.00 -61.36 -9999.00 -9999.00 -9999.00 298.74 6.88 0.00
0.00 17965.25
70.60 -60.46 -9999.00 -9999.00 -9999.00 360.00 1.55 0.00
0.00 18818.98
62.20 -59.46 -9999.00 -9999.00 -9999.00 104.04 1.59 0.00
0.00 19609.48
54.30 -58.26 -9999.00 -9999.00 -9999.00 56.31 8.41 0.00
0.00 20461.49
46.90 -57.26 -9999.00 -9999.00 -9999.00 63.77 14.94 0.00
0.00 21385.18
40.10 -54.86 -9999.00 -9999.00 -9999.00 75.03 17.29 0.00
0.00 22380.56
33.80 -53.46 -9999.00 -9999.00 -9999.00 82.54 16.45 0.00
0.00 23476.15
27.80 -51.36 -9999.00 -9999.00 -9999.00 70.68 15.85 0.00
0.00 24738.86
22.30 -48.36 -9999.00 -9999.00 -9999.00 69.17 19.11 0.00
0.00 26179.72
17.10 -45.56 -9999.00 -9999.00 -9999.00 73.02 26.61 0.00
0.00 27937.62
12.30 -42.56 -9999.00 -9999.00 -9999.00 76.05 33.02 0.00
0.00 30147.04

STID = KMDW STNM = 725340 TIME = 200808/1200 
SLAT = 41.78 SLON = -87.75 SELV = 183.0
STIM = 13

SHOW = 5.83 LIFT = 6.61 SWET = 97.46 KINX = 21.89
LCLP = 944.54 PWAT = 31.90 TOTL = 39.30 CAPE = 0.00
LCLT = 286.95 CINS = 0.00 EQLV = -9999.00 LFCT = -9999.00
BRCH = 0.00

PRES TMPC TMWC DWPC THTE DRCT SKNT OMEG
CFRL HGHT
999.10 18.44 16.08 14.67 321.92 168.11 3.77 0.00
0.00 192.45
996.10 19.14 15.44 13.13 320.23 178.41 13.99 0.00
0.00 218.31
990.60 20.84 15.46 12.04 320.92 179.33 16.71 0.00
0.00 266.08
981.20 22.14 15.32 10.90 321.62 182.81 19.83 0.00
0.00 348.74
967.30 21.64 14.99 10.67 322.37 187.51 17.83 0.00
0.00 472.59
949.30 20.54 14.20 9.97 322.24 193.55 16.59 0.00
0.00 635.18
928.00 19.14 12.96 8.62 321.24 201.67 15.25 0.00
0.00 830.72
904.60 18.04 11.92 7.45 321.23 209.95 13.23 0.00
0.00 1049.79
879.40 16.94 10.62 5.73 320.81 211.14 10.90 0.10
0.00 1291.15
851.10 15.74 9.93 5.45 322.77 204.44 9.38 0.10
0.00 1569.44
819.80 14.54 10.09 6.92 327.86 204.57 7.48 0.20
0.00 1887.00
785.50 12.84 8.77 5.78 329.15 225.00 8.80 0.10
0.00 2247.49
748.30 10.74 6.43 2.92 328.19 254.54 9.48 0.10
0.00 2653.82
708.20 7.94 3.86 0.14 327.54 284.47 12.43 0.10
0.00 3110.88
665.20 4.84 -0.14 -5.99 324.32 299.74 14.10 0.10
0.00 3624.85
619.10 0.64 -0.25 -1.11 332.31 323.27 16.24 0.00
0.00 4206.50
570.60 -2.86 -4.65 -6.84 330.57 326.11 15.68 0.00
0.00 4858.03
523.70 -6.96 -9.28 -13.00 329.40 310.03 12.68 -0.10
0.00 5532.85
481.40 -10.76 -15.21 -29.86 325.84 285.04 13.48 -0.10
0.00 6185.06
443.70 -14.56 -18.60 -36.26 327.68 276.63 16.82 0.00
0.00 6807.07
409.80 -19.06 -21.47 -30.65 330.61 261.87 19.23 0.00
0.00 7403.64
379.00 -23.56 -24.64 -28.68 332.86 249.03 22.26 0.00
2.00 7979.91
351.30 -27.56 -28.16 -30.80 334.32 253.01 21.93 0.00
100.00 8530.25
326.40 -31.46 -31.88 -34.21 335.31 263.96 20.32 0.00
100.00 9054.78
304.00 -35.36 -35.68 -37.95 336.04 266.42 28.03 0.00
100.00 9553.87
283.80 -38.86 -39.15 -41.93 337.14 263.74 32.05 0.00
100.00 10029.05
265.70 -41.76 -42.13 -46.97 338.79 259.58 34.36 0.00
0.00 10478.29
248.80 -44.16 -44.65 -53.96 341.18 262.11 32.56 0.00
0.00 10921.14
233.60 -46.66 -47.16 -61.80 343.34 266.70 30.36 0.00
0.00 11341.39
219.60 -49.46 -49.88 -67.41 345.04 266.26 29.78 0.10
0.00 11748.60
205.70 -52.06 -52.39 -67.88 347.46 270.00 30.30 0.10
0.00 12174.26
191.70 -53.76 -54.04 -68.39 351.81 276.30 28.34 0.10
0.00 12628.68
177.70 -55.56 -55.83 -73.70 356.51 278.41 27.87 0.10
0.00 13113.69
163.80 -58.56 -58.75 -74.24 359.88 279.09 29.51 0.00
0.00 13628.89
149.80 -61.76 -9999.00 -9999.00 -9999.00 282.68 31.86 0.00
0.00 14185.91
135.90 -63.96 -9999.00 -9999.00 -9999.00 281.23 25.95 0.00
0.00 14785.35
121.90 -64.86 -9999.00 -9999.00 -9999.00 279.06 27.14 0.00
0.00 15449.63
108.00 -63.46 -9999.00 -9999.00 -9999.00 310.60 23.29 0.00
0.00 16190.26
94.00 -62.86 -9999.00 -9999.00 -9999.00 317.07 11.40 0.00
0.00 17043.65
81.00 -61.46 -9999.00 -9999.00 -9999.00 294.30 6.60 0.00
0.00 17962.92
70.60 -60.46 -9999.00 -9999.00 -9999.00 59.04 1.13 0.00
0.00 18816.44
62.20 -59.56 -9999.00 -9999.00 -9999.00 97.13 1.57 0.00
0.00 19606.75
54.30 -58.56 -9999.00 -9999.00 -9999.00 51.52 9.67 0.00
0.00 20457.97
46.90 -57.36 -9999.00 -9999.00 -9999.00 62.10 14.94 0.00
0.00 21380.80
40.10 -55.66 -9999.00 -9999.00 -9999.00 76.43 17.39 0.00
0.00 22374.12
33.80 -54.56 -9999.00 -9999.00 -9999.00 78.23 14.28 0.00
0.00 23464.96
27.80 -51.76 -9999.00 -9999.00 -9999.00 68.71 16.05 0.00
0.00 24723.38
22.30 -48.26 -9999.00 -9999.00 -9999.00 75.71 21.25 0.00
0.00 26163.27
17.10 -45.56 -9999.00 -9999.00 -9999.00 80.22 28.57 0.00
0.00 27921.56
12.30 -42.76 -9999.00 -9999.00 -9999.00 81.73 33.76 0.00
0.00 30130.01

STID = KMDW STNM = 725340 TIME = 200808/1300 
SLAT = 41.78 SLON = -87.75 SELV = 183.0
STIM = 14

SHOW = 4.10 LIFT = 6.08 SWET = 122.60 KINX = 24.46
LCLP = 912.06 PWAT = 33.11 TOTL = 41.72 CAPE = 0.00
LCLT = 286.28 CINS = 0.00 EQLV = -9999.00 LFCT = -9999.00
BRCH = 0.00

PRES TMPC TMWC DWPC THTE DRCT SKNT OMEG
CFRL HGHT
998.60 20.64 16.77 14.53 324.21 171.87 5.50 0.00
0.00 192.53
995.60 20.54 15.97 13.18 321.96 175.39 12.08 0.00
0.00 218.55
990.20 20.24 15.52 12.57 321.20 175.97 13.83 0.00
0.00 265.55
980.70 21.74 14.88 10.29 320.27 178.13 17.87 0.00
0.00 348.99
966.80 21.44 14.83 10.50 321.94 180.00 18.45 0.00
0.00 472.75
948.90 20.44 14.41 10.47 322.98 192.00 15.89 0.00
0.00 634.44
927.50 19.44 13.26 9.01 322.23 203.72 14.01 -0.10
0.00 831.10
904.20 18.34 12.68 8.79 323.62 212.74 12.94 -0.10
0.00 1049.62
878.90 16.94 12.19 8.98 325.67 214.25 11.05 0.00
0.00 1292.36
850.60 15.84 10.97 7.53 325.97 208.95 10.43 0.00
0.00 1571.08
819.30 14.54 10.26 7.27 328.49 212.74 9.69 0.00
0.00 1889.00
785.10 12.84 8.73 5.72 329.12 229.29 11.01 -0.10
0.00 2248.66
747.90 10.84 6.30 2.55 327.87 252.65 9.77 -0.10
0.00 2655.25
707.90 8.04 4.05 0.49 328.14 286.78 12.78 0.00
0.00 3111.55
664.90 4.84 -0.02 -5.64 324.68 298.07 13.21 0.00
0.00 3625.87
618.90 0.74 -0.45 -1.62 331.82 329.97 14.36 0.10
0.00 4206.57
570.40 -2.96 -4.72 -6.87 330.45 330.36 12.96 0.10
0.00 4858.28
523.50 -7.06 -8.92 -11.74 330.24 316.43 10.99 0.10
0.00 5533.15
481.30 -10.96 -14.60 -24.27 327.16 290.14 12.41 0.00
0.00 6183.79
443.60 -14.86 -18.30 -30.57 328.37 280.49 16.01 0.00
0.00 6805.47
409.60 -19.06 -21.38 -29.96 330.83 264.29 19.52 0.00
0.00 7403.73
378.90 -23.56 -25.58 -35.98 331.17 250.94 22.61 0.00
0.00 7978.27
351.30 -27.96 -28.79 -32.84 333.24 254.40 22.38 -0.10
0.00 8526.14
326.40 -31.66 -31.98 -33.75 335.14 260.02 21.31 -0.10
100.00 9050.02
304.00 -35.26 -35.81 -40.22 335.81 261.43 28.67 -0.10
56.00 9548.99
283.80 -38.86 -39.22 -42.80 337.02 257.43 31.25 -0.10
100.00 10024.25
265.70 -41.56 -42.12 -50.54 338.80 259.44 31.82 -0.10
5.00 10473.67
248.80 -43.76 -44.42 -61.32 341.52 263.00 31.90 0.00
0.00 10917.08
233.60 -46.46 -47.00 -63.98 343.59 262.75 32.30 0.00
0.00 11337.88
219.60 -49.36 -49.76 -64.44 345.24 262.79 32.50 0.00
0.00 11745.35
205.70 -51.46 -51.81 -67.88 348.41 267.88 31.49 0.00
0.00 12171.69
191.70 -53.26 -53.56 -68.39 352.61 274.37 28.05 0.00
0.00 12627.24
177.80 -55.36 -55.63 -73.70 356.78 274.90 27.29 0.00
0.00 13109.42
163.80 -58.46 -58.66 -74.24 360.04 274.67 28.65 0.00
0.00 13628.54
149.80 -61.56 -9999.00 -9999.00 -9999.00 278.13 31.59 0.00
0.00 14185.96
135.90 -63.86 -9999.00 -9999.00 -9999.00 282.84 27.10 0.00
0.00 14785.82
121.90 -64.96 -9999.00 -9999.00 -9999.00 284.14 27.04 0.00
0.00 15450.10
108.00 -63.76 -9999.00 -9999.00 -9999.00 310.72 20.24 0.00
0.00 16190.03
94.00 -63.16 -9999.00 -9999.00 -9999.00 307.41 8.31 0.00
0.00 17042.19
81.00 -61.56 -9999.00 -9999.00 -9999.00 285.71 6.45 0.00
0.00 17960.59
70.60 -60.86 -9999.00 -9999.00 -9999.00 350.54 1.18 0.00
0.00 18813.10
62.20 -59.66 -9999.00 -9999.00 -9999.00 360.00 3.88 0.00
0.00 19602.49
54.30 -58.06 -9999.00 -9999.00 -9999.00 44.34 11.95 0.00
0.00 20454.50
46.90 -56.96 -9999.00 -9999.00 -9999.00 66.04 15.31 0.00
0.00 21379.26
40.10 -56.06 -9999.00 -9999.00 -9999.00 80.54 16.55 0.00
0.00 22372.58
33.80 -54.46 -9999.00 -9999.00 -9999.00 73.81 12.55 0.00
0.00 23462.67
27.80 -50.86 -9999.00 -9999.00 -9999.00 66.10 16.78 0.00
0.00 24723.95
22.30 -47.36 -9999.00 -9999.00 -9999.00 74.34 21.58 0.00
0.00 26169.65
17.10 -44.16 -9999.00 -9999.00 -9999.00 78.93 27.31 0.00
0.00 27936.88
12.30 -41.96 -9999.00 -9999.00 -9999.00 83.66 33.43 0.00
0.00 30155.94

STID = KMDW STNM = 725340 TIME = 200808/1400 
SLAT = 41.78 SLON = -87.75 SELV = 183.0
STIM = 15

SHOW = 2.48 LIFT = 5.22 SWET = 146.17 KINX = 27.00
LCLP = 875.87 PWAT = 34.47 TOTL = 43.78 CAPE = 0.00
LCLT = 285.19 CINS = 0.00 EQLV = -9999.00 LFCT = -9999.00
BRCH = 0.00

PRES TMPC TMWC DWPC THTE DRCT SKNT OMEG
CFRL HGHT
998.70 22.94 17.30 14.06 325.91 176.63 6.62 0.00
0.00 192.60
995.70 22.64 16.85 13.44 324.78 176.50 9.54 0.00
0.00 218.82
990.30 22.14 16.42 12.99 324.07 178.03 11.27 0.00
0.00 266.14
980.90 21.44 15.60 11.94 322.59 181.41 15.73 0.00
0.00 348.94
966.90 21.24 14.77 10.52 321.74 183.22 17.31 0.00
0.00 473.50
949.00 20.24 14.47 10.74 323.18 188.22 17.66 0.00
0.00 635.07
927.70 19.34 13.78 10.12 323.84 202.34 15.33 -0.10
0.00 830.72
904.30 18.24 13.60 10.65 326.55 213.93 12.88 0.00
0.00 1050.18
878.90 17.04 13.34 11.06 329.40 216.67 11.38 0.00
0.00 1294.03
850.60 15.94 11.98 9.40 329.16 215.88 11.27 0.10
0.00 1573.04
819.30 14.54 10.69 8.09 329.83 223.07 12.24 0.00
0.00 1891.16
785.10 12.64 8.86 6.12 329.50 234.04 12.24 0.00
0.00 2250.77
747.90 10.84 6.28 2.51 327.82 249.19 10.39 0.00
0.00 2657.24
707.90 8.04 4.32 1.07 328.87 286.34 11.73 0.00
0.00 3113.57
664.80 4.84 0.10 -5.30 325.00 296.57 11.73 0.10
0.00 3629.18
618.90 0.84 -0.57 -1.97 331.51 334.80 10.96 0.10
0.00 4208.76
570.40 -2.86 -4.84 -7.30 330.16 328.47 10.02 0.10
0.00 4860.65
523.50 -7.06 -9.24 -12.69 329.53 306.63 9.44 0.10
0.00 5535.58
481.30 -11.06 -14.27 -22.08 327.85 290.66 12.67 0.10
0.00 6186.09
443.60 -15.06 -17.86 -26.32 329.26 282.38 16.32 0.10
0.00 6807.53
409.60 -19.26 -21.88 -32.88 329.89 269.43 19.62 0.10
0.00 7405.35
378.90 -23.86 -26.39 -45.16 329.68 256.61 20.96 0.00
0.00 7979.23
351.30 -28.06 -29.13 -34.97 332.63 249.64 20.10 0.00
0.00 8526.59
326.40 -31.66 -32.24 -35.71 334.70 254.79 22.94 0.00
100.00 9050.32
304.00 -35.46 -35.94 -39.72 335.60 255.41 29.31 -0.10
15.00 9549.07
283.80 -38.86 -39.41 -45.55 336.71 254.25 31.49 -0.10
11.00 10024.12
265.70 -41.26 -42.06 -59.06 338.87 258.89 32.26 0.00
0.00 10473.80
248.80 -43.56 -44.26 -63.51 341.78 260.70 33.66 0.00
0.00 10917.68
233.60 -46.36 -46.91 -63.98 343.75 260.64 34.65 0.00
0.00 11338.76
219.60 -48.96 -49.38 -64.44 345.86 262.23 34.50 0.00
0.00 11746.69
205.70 -51.26 -51.62 -67.88 348.72 267.66 33.24 0.00
0.00 12173.60
191.70 -53.26 -53.56 -68.39 352.61 274.11 29.80 0.00
0.00 12629.36
177.80 -55.56 -55.83 -73.70 356.46 272.80 27.82 0.00
0.00 13111.32
163.80 -58.46 -58.66 -74.24 360.04 271.12 29.72 0.00
0.00 13630.19
149.80 -61.56 -61.70 -74.84 364.02 275.75 31.04 0.00
0.00 14187.61
135.90 -63.96 -9999.00 -9999.00 -9999.00 283.24 27.14 0.00
0.00 14787.33
121.90 -64.46 -9999.00 -9999.00 -9999.00 283.06 24.92 0.00
0.00 15452.25
108.00 -63.26 -9999.00 -9999.00 -9999.00 308.85 17.97 0.00
0.00 16193.95
94.00 -63.26 -9999.00 -9999.00 -9999.00 299.36 7.13 0.00
0.00 17046.92
81.00 -61.86 -9999.00 -9999.00 -9999.00 295.02 6.43 0.00
0.00 17964.45
70.60 -61.36 -9999.00 -9999.00 -9999.00 5.19 2.14 0.00
0.00 18815.36
62.20 -59.56 -9999.00 -9999.00 -9999.00 15.12 7.44 0.00
0.00 19604.00
54.30 -57.76 -9999.00 -9999.00 -9999.00 56.10 14.98 0.00
0.00 20456.81
46.90 -56.96 -9999.00 -9999.00 -9999.00 75.32 16.86 0.00
0.00 21382.21
40.10 -56.16 -9999.00 -9999.00 -9999.00 86.42 15.58 0.00
0.00 22375.30
33.80 -53.86 -9999.00 -9999.00 -9999.00 79.44 11.65 0.00
0.00 23466.64
27.80 -50.26 -9999.00 -9999.00 -9999.00 78.57 18.63 0.00
0.00 24731.35
22.30 -47.86 -9999.00 -9999.00 -9999.00 79.15 23.74 0.00
0.00 26177.37
17.10 -44.56 -9999.00 -9999.00 -9999.00 73.79 28.52 0.00
0.00 27941.11
12.30 -41.76 -9999.00 -9999.00 -9999.00 80.43 33.88 0.00
0.00 30159.20

STID = KMDW STNM = 725340 TIME = 200808/1500 
SLAT = 41.78 SLON = -87.75 SELV = 183.0
STIM = 16

SHOW = 1.09 LIFT = 3.83 SWET = 166.17 KINX = 28.83
LCLP = 834.03 PWAT = 35.85 TOTL = 45.52 CAPE = 0.00
LCLT = 283.50 CINS = 0.00 EQLV = -9999.00 LFCT = -9999.00
BRCH = 0.00

PRES TMPC TMWC DWPC THTE DRCT SKNT OMEG
CFRL HGHT
998.90 25.34 17.60 13.09 326.79 181.51 7.38 0.00
0.00 192.67
995.90 24.64 17.24 12.88 325.99 182.25 9.91 0.00
0.00 219.07
990.50 24.04 16.94 12.72 325.70 181.94 11.46 0.00
0.00 266.68
981.00 23.04 16.44 12.46 325.29 183.37 13.23 -0.10
0.00 350.85
967.10 21.84 15.80 12.11 325.05 185.26 14.82 -0.10
0.00 475.02
949.20 20.34 14.90 11.50 324.55 188.23 16.30 -0.10
0.00 636.81
927.80 19.14 14.53 11.68 326.28 201.93 16.12 0.00
0.00 833.40
904.40 18.14 14.62 12.54 329.91 211.92 13.97 0.00
0.00 1052.86
879.00 17.14 14.17 12.44 332.16 215.43 12.39 0.10
0.00 1296.84
850.70 15.94 12.78 10.85 331.78 217.41 12.47 0.10
0.00 1576.02
819.40 14.54 11.27 9.15 331.66 228.01 13.07 0.10
0.00 1894.24
785.10 12.94 9.03 6.22 330.01 237.80 12.39 0.10
0.00 2255.14
748.00 11.04 6.40 2.58 328.13 249.93 10.76 0.10
0.00 2660.86
707.90 8.14 4.50 1.37 329.37 282.41 9.95 0.10
0.00 3118.56
664.80 5.14 0.52 -4.57 326.04 299.74 9.40 0.20
0.00 3634.59
618.90 1.24 -0.49 -2.20 331.72 334.00 8.86 0.20
0.00 4214.94
570.40 -2.66 -5.11 -8.26 329.53 317.49 9.48 0.10
0.00 4867.47
523.50 -7.16 -9.71 -14.01 328.50 296.57 10.43 0.00
0.00 5542.41
481.30 -11.26 -14.15 -20.89 328.10 289.29 12.35 -0.10
0.00 6192.53
443.60 -15.16 -17.79 -25.48 329.41 282.32 17.31 0.00
0.00 6813.65
409.60 -19.46 -22.40 -37.06 328.90 272.39 18.67 0.00
0.00 7411.09
378.90 -23.86 -26.31 -43.30 329.84 261.79 20.42 0.00
0.00 7984.72
351.30 -28.16 -29.03 -33.46 332.82 249.32 20.36 -0.10
0.00 8532.00
326.40 -31.76 -32.54 -37.67 334.20 254.05 24.05 -0.20
36.00 9055.50
303.90 -35.76 -36.43 -42.46 334.83 251.18 27.70 -0.10
0.00 9556.11
283.80 -39.06 -39.82 -50.62 336.03 250.24 29.31 -0.10
0.00 10028.37
265.70 -41.16 -41.99 -60.81 338.97 254.88 29.78 0.00
0.00 10477.93
248.80 -43.36 -44.08 -63.51 342.08 261.31 30.85 0.00
0.00 10922.10
233.60 -46.06 -46.63 -63.98 344.20 264.22 32.81 0.00
0.00 11343.64
219.60 -48.66 -49.13 -67.41 346.28 267.04 33.84 0.00
0.00 11752.11
205.70 -51.06 -51.43 -67.88 349.04 270.34 32.83 0.00
0.00 12179.49
191.70 -53.26 -53.59 -73.19 352.56 272.64 29.56 0.00
0.00 12635.46
177.70 -55.66 -55.92 -73.70 356.35 270.00 27.19 0.00
0.00 13120.91
163.80 -58.46 -58.66 -74.24 360.04 266.59 29.39 0.10
0.00 13636.11
149.80 -61.46 -61.60 -74.84 364.19 271.12 29.72 0.00
0.00 14193.66
135.90 -63.56 -9999.00 -9999.00 -9999.00 278.07 27.66 0.00
0.00 14794.09
121.90 -64.16 -9999.00 -9999.00 -9999.00 282.13 24.05 0.00
0.00 15460.12
108.00 -63.56 -9999.00 -9999.00 -9999.00 306.61 16.94 0.00
0.00 16201.82
94.00 -63.66 -9999.00 -9999.00 -9999.00 287.45 7.13 0.00
0.00 17053.37
81.00 -62.16 -9999.00 -9999.00 -9999.00 288.43 7.36 0.00
0.00 17969.37
70.60 -61.86 -9999.00 -9999.00 -9999.00 315.00 2.47 0.00
0.00 18818.67
62.20 -59.86 -9999.00 -9999.00 -9999.00 14.42 7.01 0.00
0.00 19605.83
54.30 -57.36 -9999.00 -9999.00 -9999.00 77.74 13.71 0.00
0.00 20458.84
46.90 -56.56 -9999.00 -9999.00 -9999.00 103.20 16.16 0.00
0.00 21385.96
40.10 -55.36 -9999.00 -9999.00 -9999.00 103.82 12.20 0.00
0.00 22381.80
33.80 -52.76 -9999.00 -9999.00 -9999.00 73.07 9.34 0.00
0.00 23477.89
27.80 -50.16 -9999.00 -9999.00 -9999.00 78.42 16.45 0.00
0.00 24746.04
22.30 -49.06 -9999.00 -9999.00 -9999.00 80.38 23.25 0.00
0.00 26188.51
17.10 -45.66 -9999.00 -9999.00 -9999.00 77.55 30.63 0.00
0.00 27943.30
12.30 -41.96 -9999.00 -9999.00 -9999.00 87.08 38.13 0.00
0.00 30155.13

STID = KMDW STNM = 725340 TIME = 200808/1600 
SLAT = 41.78 SLON = -87.75 SELV = 183.0
STIM = 17

SHOW = -0.19 LIFT = 1.97 SWET = 183.13 KINX = 29.44
LCLP = 823.17 PWAT = 37.37 TOTL = 47.14 CAPE = 0.00
LCLT = 283.99 CINS = 0.00 EQLV = -9999.00 LFCT = -9999.00
BRCH = 0.00

PRES TMPC TMWC DWPC THTE DRCT SKNT OMEG
CFRL HGHT
998.40 26.94 18.49 13.79 329.95 187.13 7.83 0.00
0.00 192.73
995.40 26.04 18.12 13.67 329.08 185.60 9.95 0.00
0.00 219.28
989.90 25.44 17.86 13.57 328.91 186.01 11.13 0.00
0.00 268.05
980.50 24.44 17.42 13.42 328.69 186.34 12.32 0.00
0.00 351.80
966.60 23.04 16.81 13.22 328.50 187.65 13.13 -0.10
0.00 476.63
948.70 21.44 16.10 13.00 328.60 189.73 13.79 0.00
0.00 639.22
927.30 19.64 15.58 13.25 329.88 200.11 14.69 0.00
0.00 836.56
903.90 18.14 15.25 13.61 332.14 208.61 14.61 0.10
0.00 1056.45
878.50 17.04 14.85 13.62 334.58 214.14 13.85 0.20
3.00 1300.64
850.20 15.94 13.47 12.02 334.16 220.87 13.36 0.30
7.00 1580.07
818.90 14.84 11.47 9.31 332.37 233.65 12.78 0.30
4.00 1898.74
784.70 13.54 9.01 5.71 329.99 245.94 11.91 0.30
0.00 2259.32
747.60 11.44 6.85 3.20 329.50 258.69 10.90 0.20
0.00 2665.97
707.50 8.64 4.50 0.89 329.41 277.82 10.00 0.20
0.00 3124.67
664.50 5.54 0.82 -4.26 326.86 298.22 9.03 0.10
0.00 3640.58
618.60 1.54 -0.43 -2.39 331.92 325.95 8.68 0.00
0.00 4221.93
570.20 -2.66 -5.43 -9.15 328.80 311.99 10.45 0.00
0.00 4873.69
523.40 -7.26 -10.17 -15.41 327.52 301.61 11.87 0.00
0.00 5547.14
481.20 -11.56 -14.14 -19.93 328.18 284.66 13.05 0.00
0.00 6196.87
443.50 -15.56 -17.39 -22.05 330.25 281.58 16.45 0.10
0.00 6817.39
409.60 -19.56 -21.69 -29.56 330.28 271.27 17.48 0.20
0.00 7412.71
378.90 -23.86 -25.26 -31.19 331.78 266.89 17.89 0.10
0.00 7986.39
351.20 -28.16 -28.84 -32.12 333.17 250.71 20.57 0.00
2.00 8535.83
326.30 -32.16 -33.01 -39.04 333.45 250.10 23.97 0.00
6.00 9059.06
303.90 -35.86 -36.87 -49.38 334.07 248.52 25.47 -0.10
0.00 9556.97
283.80 -38.56 -39.55 -58.54 336.42 249.20 26.81 -0.10
0.00 10029.59
265.70 -40.66 -41.56 -63.01 339.66 259.41 27.47 -0.10
0.00 10480.11
248.80 -43.26 -43.99 -63.51 342.23 270.40 27.58 -0.10
0.00 10924.85
233.60 -46.26 -46.81 -63.98 343.90 272.42 27.60 0.00
0.00 11346.29
219.60 -48.76 -49.22 -67.41 346.12 270.74 30.11 0.00
0.00 11754.49
205.70 -50.86 -51.24 -67.88 349.35 272.15 31.10 0.00
0.00 12181.98
191.70 -53.06 -53.40 -73.19 352.88 272.32 28.77 0.00
0.00 12638.35
177.70 -55.36 -55.63 -73.70 356.84 267.86 26.05 0.00
0.00 13124.36
163.80 -58.16 -58.37 -74.24 360.55 263.97 27.74 0.00
0.00 13640.27
149.80 -61.06 -61.21 -74.84 364.88 272.25 29.74 0.00
0.00 14198.74
135.90 -63.26 -9999.00 -9999.00 -9999.00 279.59 27.97 0.00
0.00 14800.17
121.90 -64.26 -9999.00 -9999.00 -9999.00 284.26 23.66 0.00
0.00 15466.51
108.00 -63.86 -9999.00 -9999.00 -9999.00 303.69 16.10 0.00
0.00 16207.50
94.00 -64.06 -9999.00 -9999.00 -9999.00 280.78 8.31 0.00
0.00 17057.64
81.00 -62.46 -9999.00 -9999.00 -9999.00 291.80 8.37 0.00
0.00 17972.11
70.60 -61.66 -9999.00 -9999.00 -9999.00 331.70 2.87 0.00
0.00 18821.21
62.20 -59.36 -9999.00 -9999.00 -9999.00 39.61 7.30 0.00
0.00 19609.67
54.30 -57.36 -9999.00 -9999.00 -9999.00 94.51 14.80 0.00
0.00 20463.67
46.90 -56.56 -9999.00 -9999.00 -9999.00 107.61 12.84 0.00
0.00 21390.79
40.10 -54.56 -9999.00 -9999.00 -9999.00 91.43 7.77 0.00
0.00 22388.46
33.80 -52.26 -9999.00 -9999.00 -9999.00 52.63 13.44 0.00
0.00 23487.81
27.80 -50.96 -9999.00 -9999.00 -9999.00 64.54 18.07 0.00
0.00 24755.10
22.30 -49.76 -9999.00 -9999.00 -9999.00 69.93 21.50 0.00
0.00 26192.73
17.10 -45.66 -9999.00 -9999.00 -9999.00 81.56 30.44 0.00
0.00 27944.80
12.30 -41.86 -9999.00 -9999.00 -9999.00 91.17 38.07 0.00
0.00 30157.12

STID = KMDW STNM = 725340 TIME = 200808/1700 
SLAT = 41.78 SLON = -87.75 SELV = 183.0
STIM = 18

SHOW = -1.03 LIFT = -0.09 SWET = 195.12 KINX = 30.12
LCLP = 825.12 PWAT = 39.49 TOTL = 48.08 CAPE = 0.00
LCLT = 285.40 CINS = 0.00 EQLV = -9999.00 LFCT = -9999.00
BRCH = 0.00

PRES TMPC TMWC DWPC THTE DRCT SKNT OMEG
CFRL HGHT
997.40 28.14 19.60 15.18 334.22 191.31 7.93 0.00
0.00 191.90
994.40 27.24 19.26 15.09 333.39 189.82 10.26 0.00
0.00 218.60
988.90 26.54 18.98 15.01 333.15 188.82 11.40 0.00
0.00 267.63
979.50 25.54 18.56 14.87 332.95 189.90 12.43 -0.10
0.00 351.83
965.60 24.24 18.02 14.70 332.95 190.98 13.25 -0.20
0.00 477.34
947.70 22.54 17.29 14.46 332.92 192.26 13.71 -0.20
0.00 640.83
926.30 20.64 16.55 14.33 333.41 198.20 14.92 -0.20
0.00 839.20
902.90 18.94 16.13 14.62 335.41 208.16 15.64 -0.20
0.00 1060.11
877.60 16.94 15.14 14.14 335.74 215.62 16.01 -0.30
0.00 1303.98
849.30 15.54 13.83 12.85 335.57 222.92 15.11 -0.30
17.00 1583.54
818.00 15.14 11.56 9.28 332.81 239.04 12.45 -0.20
7.00 1902.55
783.90 13.84 9.34 6.14 331.13 256.93 11.17 -0.20
0.00 2262.87
746.80 11.44 7.70 4.94 332.18 265.39 12.08 -0.10
0.00 2670.29
706.80 8.74 4.57 0.97 329.75 270.97 11.46 -0.10
0.00 3128.51
664.00 5.64 0.75 -4.59 326.74 288.06 9.40 -0.10
0.00 3642.65
618.10 1.34 -0.57 -2.48 331.65 312.09 8.12 -0.20
0.00 4224.33
569.80 -3.16 -5.23 -7.89 329.36 306.38 9.17 -0.20
0.00 4874.46
523.10 -7.66 -10.13 -14.42 327.69 297.65 9.21 -0.10
0.00 5545.88
481.00 -11.66 -13.90 -18.66 328.72 275.81 11.52 0.00
0.00 6193.85
443.30 -15.66 -17.07 -20.40 330.94 275.79 13.48 0.10
0.00 6814.48
409.40 -19.46 -20.76 -24.59 332.09 275.33 14.63 0.10
0.00 7410.20
378.70 -23.86 -24.85 -28.58 332.57 272.45 13.62 0.10
0.00 7984.41
351.10 -28.16 -29.28 -35.53 332.44 250.59 18.12 0.00
2.00 8532.09
326.30 -32.06 -33.49 -48.75 332.59 246.67 21.58 0.00
0.00 9053.33
303.90 -35.56 -36.79 -56.52 334.17 250.56 24.51 0.00
0.00 9551.60
283.80 -38.46 -39.46 -58.54 336.56 255.01 25.54 0.00
0.00 10024.61
265.60 -40.96 -41.81 -60.81 339.30 262.82 24.86 0.00
0.00 10477.51
248.80 -43.56 -44.26 -63.51 341.78 269.52 23.31 0.00
0.00 10919.13
233.60 -46.26 -46.81 -63.98 343.90 270.47 23.70 0.00
0.00 11340.30
219.60 -48.76 -49.22 -67.41 346.12 270.40 28.17 0.10
0.00 11748.50
205.70 -50.76 -51.15 -67.88 349.51 273.76 29.58 0.10
0.00 12176.08
191.70 -52.76 -53.11 -73.19 353.36 272.86 27.23 0.10
0.00 12632.87
177.80 -55.06 -55.34 -73.70 357.28 264.81 25.74 0.00
0.00 13115.93
163.80 -57.76 -57.98 -74.24 361.22 262.43 28.03 0.00
0.00 13636.24
149.80 -60.76 -60.92 -74.84 365.40 271.82 30.52 0.00
0.00 14195.62
135.90 -63.16 -9999.00 -9999.00 -9999.00 281.78 27.58 0.00
0.00 14797.62
121.90 -64.16 -9999.00 -9999.00 -9999.00 288.28 22.92 0.00
0.00 15464.29
108.00 -63.36 -9999.00 -9999.00 -9999.00 298.81 13.31 0.00
0.00 16206.34
94.00 -63.56 -9999.00 -9999.00 -9999.00 264.51 10.14 0.00
0.00 17058.51
81.00 -62.16 -9999.00 -9999.00 -9999.00 289.13 10.08 0.00
0.00 17974.73
70.60 -60.96 -9999.00 -9999.00 -9999.00 331.56 5.30 0.00
0.00 18825.84
62.20 -58.76 -9999.00 -9999.00 -9999.00 46.01 7.83 0.00
0.00 19616.71
54.30 -57.56 -9999.00 -9999.00 -9999.00 110.35 12.84 0.00
0.00 20471.50
46.90 -56.66 -9999.00 -9999.00 -9999.00 102.65 9.75 0.00
0.00 21397.98
40.10 -54.66 -9999.00 -9999.00 -9999.00 60.95 8.00 0.00
0.00 22395.19
33.80 -52.36 -9999.00 -9999.00 -9999.00 51.23 16.43 0.00
0.00 23494.04
27.80 -51.16 -9999.00 -9999.00 -9999.00 63.69 19.29 0.00
0.00 24760.47
22.30 -49.26 -9999.00 -9999.00 -9999.00 68.89 21.04 0.00
0.00 26199.07
17.10 -44.96 -9999.00 -9999.00 -9999.00 87.61 27.99 0.00
0.00 27955.80
12.30 -41.66 -9999.00 -9999.00 -9999.00 90.32 34.77 0.00
0.00 30172.46

STID = KMDW STNM = 725340 TIME = 200808/1800 
SLAT = 41.78 SLON = -87.75 SELV = 183.0
STIM = 19

SHOW = -1.62 LIFT = -1.39 SWET = 209.27 KINX = 31.87
LCLP = 828.17 PWAT = 42.09 TOTL = 48.22 CAPE = 214.98
LCLT = 286.65 CINS = -135.17 EQLV = 300.79 LFCT = 612.12
BRCH = 25.29

PRES TMPC TMWC DWPC THTE DRCT SKNT OMEG
CFRL HGHT
997.40 29.14 20.58 16.40 338.01 203.39 7.83 0.00
0.00 192.82
994.40 28.24 20.26 16.33 337.22 202.01 9.85 0.00
0.00 219.63
989.00 27.54 19.98 16.24 336.94 201.04 10.82 0.00
0.00 267.95
979.50 26.54 19.56 16.09 336.74 201.45 11.69 -0.10
0.00 353.37
965.60 25.24 19.01 15.88 336.67 202.14 12.37 -0.20
0.00 479.37
947.60 23.54 18.29 15.62 336.62 203.09 12.88 -0.20
0.00 644.43
926.30 21.64 17.45 15.30 336.71 204.30 13.21 -0.30
0.00 842.65
902.90 19.44 16.61 15.13 337.16 211.50 14.12 -0.20
0.00 1064.19
877.50 17.34 15.65 14.73 337.58 221.93 15.40 -0.20
0.00 1309.48
849.20 14.84 14.32 14.00 337.30 226.49 15.79 -0.10
39.00 1589.04
818.00 13.84 12.14 11.10 334.75 238.61 13.42 0.00
20.00 1906.14
783.80 13.54 10.00 7.63 333.25 257.01 10.37 0.00
0.00 2266.75
746.70 11.14 8.95 7.49 336.11 265.10 13.66 0.10
0.00 2674.07
706.70 8.44 5.12 2.40 331.32 262.23 12.94 0.10
2.00 3132.16
663.80 5.64 0.67 -4.79 326.58 268.73 8.74 0.10
0.00 3647.42
618.00 1.44 -0.93 -3.39 330.74 290.14 6.22 0.10
0.00 4228.00
569.70 -3.36 -5.26 -7.69 329.32 291.16 6.45 0.20
0.00 4878.07
523.00 -7.66 -9.96 -13.87 328.07 266.91 7.21 0.20
0.00 5549.40
480.90 -11.36 -13.61 -18.28 329.32 260.22 11.44 0.20
0.00 6197.90
443.30 -15.26 -16.75 -20.20 331.56 270.90 12.43 0.20
0.00 6817.80
409.40 -19.26 -20.49 -23.99 332.60 284.70 12.26 0.10
0.00 7414.24
378.70 -23.96 -25.04 -29.27 332.23 277.52 10.39 0.00
0.00 7988.56
351.10 -28.16 -29.74 -40.79 331.62 250.88 15.42 -0.10
0.00 8536.08
326.30 -31.86 -33.53 -59.20 332.46 251.57 20.28 -0.10
0.00 9057.49
303.90 -35.46 -36.70 -56.52 334.31 259.56 22.51 -0.10
0.00 9556.06
283.80 -38.56 -39.55 -58.54 336.42 264.58 22.63 -0.10
0.00 10029.07
265.60 -41.16 -41.99 -60.81 339.01 267.09 22.96 -0.10
0.00 10481.68
248.80 -43.76 -44.45 -63.51 341.48 267.49 22.16 -0.10
0.00 10922.92
233.60 -46.46 -47.00 -63.98 343.59 267.09 22.96 0.00
0.00 11343.71
219.60 -48.76 -49.22 -67.41 346.12 268.77 27.19 0.00
0.00 11751.73
205.70 -50.46 -50.89 -72.71 349.93 273.07 28.98 0.00
0.00 12179.60
191.70 -52.36 -52.73 -73.19 354.00 272.37 28.19 -0.10
0.00 12637.11
177.80 -55.06 -55.34 -73.70 357.28 265.20 27.87 -0.10
0.00 13120.61
163.80 -58.06 -58.27 -74.24 360.72 265.14 29.84 -0.10
0.00 13640.57
149.80 -60.66 -60.82 -74.84 365.57 274.17 29.41 -0.10
0.00 14199.69
135.90 -62.76 -9999.00 -9999.00 -9999.00 283.06 24.92 0.00
0.00 14802.40
121.90 -63.66 -9999.00 -9999.00 -9999.00 288.60 20.71 0.00
0.00 15470.50
108.00 -63.26 -9999.00 -9999.00 -9999.00 290.90 11.44 0.00
0.00 16213.61
94.00 -63.76 -9999.00 -9999.00 -9999.00 251.88 11.25 0.00
0.00 17065.58
81.00 -62.26 -9999.00 -9999.00 -9999.00 283.39 8.39 0.00
0.00 17981.14
70.60 -60.46 -9999.00 -9999.00 -9999.00 352.23 4.31 0.00
0.00 18833.05
62.20 -58.06 -9999.00 -9999.00 -9999.00 66.80 7.40 0.00
0.00 19626.15
54.30 -57.56 -9999.00 -9999.00 -9999.00 134.19 9.75 0.00
0.00 20482.33
46.90 -56.66 -9999.00 -9999.00 -9999.00 92.12 5.24 0.00
0.00 21408.81
40.10 -54.76 -9999.00 -9999.00 -9999.00 45.00 9.34 0.00
0.00 22405.79
33.80 -53.16 -9999.00 -9999.00 -9999.00 62.90 18.76 0.00
0.00 23502.39
27.80 -51.76 -9999.00 -9999.00 -9999.00 71.73 21.68 0.00
0.00 24764.81
22.30 -48.26 -9999.00 -9999.00 -9999.00 77.07 24.32 0.00
0.00 26204.70
17.10 -44.66 -9999.00 -9999.00 -9999.00 90.00 26.81 0.00
0.00 27966.49
12.30 -40.96 -9999.00 -9999.00 -9999.00 85.74 31.35 0.00
0.00 30187.97

STID = KMDW STNM = 725340 TIME = 200808/1900 
SLAT = 41.78 SLON = -87.75 SELV = 183.0
STIM = 20

SHOW = -1.89 LIFT = -2.22 SWET = 211.89 KINX = 32.03
LCLP = 828.26 PWAT = 43.07 TOTL = 48.70 CAPE = 500.74
LCLT = 287.43 CINS = -85.77 EQLV = 271.37 LFCT = 629.14
BRCH = 58.70

PRES TMPC TMWC DWPC THTE DRCT SKNT OMEG
CFRL HGHT
997.30 29.94 21.26 17.19 340.79 203.55 8.26 0.00
0.00 192.85
994.40 29.04 20.95 17.13 340.00 202.20 10.28 0.00
0.00 218.84
988.90 28.34 20.67 17.03 339.71 201.25 11.25 0.00
0.00 268.22
979.40 27.34 20.26 16.88 339.51 201.63 12.12 0.00
0.00 353.90
965.50 26.04 19.70 16.65 339.40 202.29 12.80 -0.10
0.00 480.30
947.60 24.34 18.97 16.35 339.25 203.20 13.31 -0.10
0.00 644.95
926.20 22.34 18.09 15.98 339.14 204.38 13.66 -0.10
0.00 844.67
902.80 20.14 17.11 15.57 339.04 204.72 13.48 0.00
0.00 1066.83
877.40 18.04 16.03 14.97 339.00 219.02 14.51 0.10
0.00 1312.77
849.10 15.74 14.65 14.03 338.47 227.08 15.11 0.20
31.00 1593.16
817.90 13.84 12.57 11.81 336.24 237.69 15.64 0.20
38.00 1910.84
783.70 13.84 10.71 8.71 335.56 252.39 12.84 0.20
0.00 2271.81
746.60 11.04 9.84 9.08 339.04 263.33 15.05 0.20
7.00 2679.53
706.60 8.74 5.16 2.23 331.46 257.01 12.96 0.30
5.00 3137.97
663.70 6.14 0.72 -5.32 326.69 259.82 7.69 0.40
0.00 3654.00
617.90 1.94 -1.22 -4.67 329.99 278.88 6.29 0.40
0.00 4235.62
569.70 -2.76 -5.45 -9.05 328.85 275.57 8.00 0.40
0.00 4885.54
523.00 -7.16 -9.74 -14.12 328.53 262.65 12.14 0.20
0.00 5558.16
480.90 -11.36 -13.50 -17.85 329.56 262.67 13.71 -0.10
0.00 6207.28
443.20 -15.16 -16.56 -19.74 331.94 271.76 12.63 -0.10
0.00 6829.05
409.40 -19.26 -20.52 -24.16 332.53 292.48 12.20 -0.10
0.00 7423.92
378.70 -24.16 -25.14 -28.92 332.06 295.51 9.48 0.00
3.00 7998.02
351.10 -28.46 -29.98 -40.79 331.22 270.99 11.27 0.00
0.00 8544.99
326.30 -31.96 -33.60 -57.42 332.36 266.63 16.53 -0.10
0.00 9065.97
303.90 -35.76 -36.99 -57.99 333.84 273.04 18.28 -0.10
0.00 9564.12
283.80 -38.86 -39.82 -58.54 335.99 274.00 19.46 0.00
0.00 10036.53
265.60 -41.26 -42.08 -60.81 338.86 271.51 22.14 0.00
0.00 10488.75
248.80 -43.86 -44.52 -61.32 341.38 267.57 22.94 0.00
0.00 10929.80
233.60 -46.56 -47.09 -63.98 343.44 266.79 24.32 0.00
0.00 11350.41
219.60 -48.86 -49.31 -67.41 345.97 268.80 27.78 0.00
0.00 11758.25
205.70 -50.86 -51.24 -67.88 349.35 271.88 29.55 -0.10
0.00 12185.64
191.70 -52.96 -53.30 -73.19 353.04 273.03 29.37 -0.10
0.00 12642.12
177.80 -55.56 -55.83 -73.70 356.46 269.22 28.36 -0.10
0.00 13124.41
163.80 -58.46 -58.66 -74.24 360.04 266.52 28.81 0.00
0.00 13643.28
149.80 -60.76 -60.92 -74.84 365.40 272.74 28.40 0.00
0.00 14201.75
135.90 -62.46 -9999.00 -9999.00 -9999.00 279.24 24.20 0.00
0.00 14804.74
121.90 -63.96 -9999.00 -9999.00 -9999.00 281.20 20.01 0.00
0.00 15472.84
108.00 -63.96 -9999.00 -9999.00 -9999.00 279.16 12.20 0.00
0.00 16214.19
94.00 -63.86 -9999.00 -9999.00 -9999.00 250.75 12.96 0.00
0.00 17064.53
81.00 -61.86 -9999.00 -9999.00 -9999.00 288.85 8.41 0.00
0.00 17980.74
70.60 -59.96 -9999.00 -9999.00 -9999.00 351.87 4.12 0.00
0.00 18834.47
62.20 -58.16 -9999.00 -9999.00 -9999.00 88.36 6.80 0.00
0.00 19628.31
54.30 -58.36 -9999.00 -9999.00 -9999.00 141.95 5.67 0.00
0.00 20482.70
46.90 -57.26 -9999.00 -9999.00 -9999.00 48.58 4.41 0.00
0.00 21406.17
40.10 -55.46 -9999.00 -9999.00 -9999.00 47.02 11.67 0.00
0.00 22400.18
33.80 -53.46 -9999.00 -9999.00 -9999.00 75.83 20.63 0.00
0.00 23494.27
27.80 -51.16 -9999.00 -9999.00 -9999.00 84.04 22.46 0.00
0.00 24757.55
22.30 -47.16 -9999.00 -9999.00 -9999.00 87.30 24.69 0.00
0.00 26202.93
17.10 -44.36 -9999.00 -9999.00 -9999.00 91.41 23.70 0.00
0.00 27970.16
12.30 -40.86 -9999.00 -9999.00 -9999.00 87.20 27.82 0.00
0.00 30193.56

STID = KMDW STNM = 725340 TIME = 200808/2000 
SLAT = 41.78 SLON = -87.75 SELV = 183.0
STIM = 21

SHOW = -2.24 LIFT = -3.27 SWET = 224.50 KINX = 28.89
LCLP = 823.85 PWAT = 41.67 TOTL = 50.06 CAPE = 694.18
LCLT = 287.68 CINS = -117.99 EQLV = 256.46 LFCT = 631.92
BRCH = 42.32

PRES TMPC TMWC DWPC THTE DRCT SKNT OMEG
CFRL HGHT
995.80 30.54 21.61 17.51 342.46 190.78 8.31 0.00
0.00 192.89
992.90 29.64 21.30 17.44 341.65 189.46 10.63 0.00
0.00 218.98
987.40 28.94 21.02 17.34 341.36 188.53 11.79 0.00
0.00 268.53
978.00 27.94 20.61 17.17 341.10 188.75 12.78 0.00
0.00 353.62
964.00 26.54 20.01 16.92 340.85 189.19 13.38 -0.10
0.00 481.37
946.10 24.94 19.31 16.62 340.83 190.52 13.83 -0.10
0.00 646.60
924.80 22.94 18.43 16.23 340.66 191.93 14.10 -0.10
0.00 846.13
901.40 20.74 17.42 15.77 340.45 193.47 14.18 0.00
0.00 1069.11
876.10 18.74 16.13 14.78 339.59 209.36 14.26 0.10
0.00 1315.01
847.90 16.94 14.53 13.20 338.23 230.19 15.17 0.20
0.00 1595.66
816.70 15.14 12.57 11.05 336.42 238.91 15.42 0.30
13.00 1915.08
782.60 14.24 11.07 9.09 336.93 251.32 14.55 0.30
0.00 2276.54
745.60 11.64 9.11 7.43 336.79 259.62 14.02 0.40
0.00 2684.34
705.70 9.74 4.07 -1.25 328.44 256.76 13.58 0.30
0.00 3143.19
663.00 6.74 0.48 -6.91 326.12 261.87 10.99 0.10
0.00 3658.59
617.40 2.24 -1.73 -6.37 328.77 275.81 11.52 -0.10
0.00 4238.98
569.20 -2.66 -5.42 -9.10 329.03 281.69 11.50 -0.20
0.00 4889.83
522.60 -7.46 -9.70 -13.40 328.71 274.90 13.66 -0.10
0.00 5561.33
480.60 -11.96 -13.43 -16.27 329.78 267.44 13.03 -0.10
0.00 6208.35
443.00 -15.46 -16.48 -18.70 332.17 268.12 11.85 0.00
0.00 6827.80
409.20 -19.46 -20.61 -23.92 332.41 281.31 8.92 0.10
2.00 7422.41
378.60 -23.96 -25.30 -30.92 331.79 292.99 6.95 0.10
0.00 7994.83
351.00 -28.06 -29.84 -44.01 331.44 301.76 9.60 0.20
0.00 8542.58
326.20 -32.06 -33.44 -47.57 332.70 311.19 12.39 0.10
0.00 9064.03
303.80 -35.66 -36.86 -55.27 334.10 288.23 16.76 0.10
0.00 9562.37
283.70 -38.76 -39.71 -57.08 336.21 289.47 20.40 0.00
0.00 10035.14
265.60 -41.46 -42.24 -59.06 338.61 285.11 20.12 0.00
0.00 10484.86
248.80 -44.26 -44.81 -56.89 340.91 271.00 22.34 0.00
0.00 10925.34
233.60 -46.86 -47.37 -63.98 342.99 272.14 26.05 0.00
0.00 11345.31
219.60 -49.16 -49.60 -67.41 345.51 272.78 28.01 0.00
0.00 11752.61
205.70 -51.26 -51.62 -67.88 348.72 272.35 28.38 0.00
0.00 12179.33
191.70 -53.36 -53.68 -73.19 352.40 272.02 27.60 0.00
0.00 12634.98
177.70 -55.56 -55.83 -73.70 356.51 267.51 26.83 0.00
0.00 13120.43
163.80 -58.26 -58.46 -74.24 360.38 263.27 28.17 0.00
0.00 13635.99
149.80 -60.66 -60.82 -74.84 365.57 269.22 28.55 0.00
0.00 14194.84
135.90 -62.46 -9999.00 -9999.00 -9999.00 276.58 25.43 0.00
0.00 14797.98
121.90 -64.06 -9999.00 -9999.00 -9999.00 277.33 19.77 0.00
0.00 15465.92
108.00 -64.76 -9999.00 -9999.00 -9999.00 274.33 12.86 0.00
0.00 16205.67
94.00 -64.26 -9999.00 -9999.00 -9999.00 256.35 13.99 0.00
0.00 17053.57
81.00 -61.96 -9999.00 -9999.00 -9999.00 296.05 9.73 0.00
0.00 17968.70
70.60 -59.76 -9999.00 -9999.00 -9999.00 349.70 4.35 0.00
0.00 18822.62
62.20 -58.16 -9999.00 -9999.00 -9999.00 104.74 7.63 0.00
0.00 19616.83
54.30 -58.46 -9999.00 -9999.00 -9999.00 111.80 3.15 0.00
0.00 20471.03
46.90 -57.16 -9999.00 -9999.00 -9999.00 46.91 8.24 0.00
0.00 21394.50
40.10 -55.66 -9999.00 -9999.00 -9999.00 54.95 15.89 0.00
0.00 22388.28
33.80 -54.16 -9999.00 -9999.00 -9999.00 74.97 21.72 0.00
0.00 23480.12
27.80 -50.76 -9999.00 -9999.00 -9999.00 79.00 21.37 0.00
0.00 24742.54
22.30 -46.66 -9999.00 -9999.00 -9999.00 90.00 22.34 0.00
0.00 26190.82
17.10 -44.26 -9999.00 -9999.00 -9999.00 87.17 19.64 0.00
0.00 27960.38
12.30 -40.66 -9999.00 -9999.00 -9999.00 88.73 26.22 0.00
0.00 30185.23
STN YYMMDD/HHMM PMSL PRES SKTC STC1 SNFL WTNS
P01M C01M STC2 LCLD MCLD HCLD
SNRA UWND VWND R01M BFGR T2MS
Q2MS WXTS WXTP WXTZ WXTR USTM
VSTM HLCY SLLH WSYM CDBP VSBK
TD2M
725340 200807/2300 1019.00 997.70 31.04 304.20 -9999.00 0.00
-9999.00 -9999.00 304.50 37.00 2.00 0.00
-9999.00 -2.60 2.00 -9999.00 -9999.00 27.34
10.63 0.00 0.00 0.00 0.00 -2.10
-5.60 20.10 -9999.00 999.00 -9999.00 20.00
14.68
725340 200808/0000 1019.30 998.00 28.74 301.90 0.00 100.00
0.00 0.00 302.20 12.00 2.00 0.00
-9999.00 -1.30 2.30 -9999.00 -9999.00 26.64
10.30 0.00 0.00 0.00 0.00 -2.10
-4.90 9.30 -9999.00 999.00 -9999.00 20.00
14.20
725340 200808/0100 1019.70 998.30 25.44 298.60 0.00 100.00
0.00 0.00 299.30 13.00 9.00 0.00
-9999.00 -1.10 2.10 -9999.00 -9999.00 25.34
10.56 0.00 0.00 0.00 0.00 -2.30
-4.80 15.20 -9999.00 999.00 -9999.00 20.00
14.59
725340 200808/0200 1019.70 998.30 23.54 296.70 0.00 100.00
0.00 0.00 297.40 0.00 6.00 0.00
-9999.00 -1.20 1.80 -9999.00 -9999.00 23.84
11.22 0.00 0.00 0.00 0.00 -2.70
-4.80 23.60 -9999.00 999.00 -9999.00 20.00
15.51
725340 200808/0300 1019.70 998.30 22.24 295.40 0.00 100.00
0.00 0.00 296.00 0.00 65.00 0.00
-9999.00 -0.90 1.50 -9999.00 -9999.00 22.44
11.89 0.00 0.00 0.00 0.00 -2.60
-5.10 29.60 -9999.00 999.00 -9999.00 20.00
16.40
725340 200808/0400 1020.50 999.00 21.14 294.30 0.00 100.00
0.00 0.00 294.90 0.00 100.00 0.00
-9999.00 -0.80 1.40 -9999.00 -9999.00 21.44
12.38 0.00 0.00 0.00 0.00 -2.60
-5.80 14.50 -9999.00 999.00 -9999.00 20.00
17.04
725340 200808/0500 1020.70 999.20 20.14 293.30 0.00 100.00
0.00 0.00 293.80 0.00 100.00 0.00
-9999.00 -0.90 1.70 -9999.00 -9999.00 20.54
12.52 0.00 0.00 0.00 0.00 -2.30
-5.50 0.60 -9999.00 999.00 -9999.00 20.00
17.22
725340 200808/0600 1021.00 999.50 19.24 292.40 0.00 100.00
0.00 0.00 293.00 0.00 100.00 0.00
-9999.00 -0.60 1.80 -9999.00 -9999.00 19.84
12.31 0.00 0.00 0.00 0.00 -1.70
-5.30 6.50 -9999.00 999.00 -9999.00 20.00
16.96
725340 200808/0700 1020.90 999.30 18.44 291.60 0.00 100.00
0.00 0.00 292.20 0.00 100.00 0.00
-9999.00 -0.80 1.90 -9999.00 -9999.00 19.14
11.90 0.00 0.00 0.00 0.00 -0.50
-6.10 10.80 -9999.00 999.00 -9999.00 20.00
16.43
725340 200808/0800 1020.30 998.80 17.84 291.00 0.00 100.00
0.00 0.00 291.40 0.00 100.00 0.00
-9999.00 -0.50 2.00 -9999.00 -9999.00 18.44
11.45 0.00 0.00 0.00 0.00 -1.00
-5.70 16.40 -9999.00 999.00 -9999.00 20.00
15.83
725340 200808/0900 1020.10 998.60 17.24 290.40 0.00 100.00
0.00 0.00 290.90 0.00 100.00 0.00
-9999.00 -0.20 1.90 -9999.00 -9999.00 17.94
11.04 0.00 0.00 0.00 0.00 -1.30
-4.70 31.40 -9999.00 999.00 -9999.00 20.00
15.27
725340 200808/1000 1020.40 998.70 16.74 289.90 0.00 100.00
0.00 0.00 290.30 0.00 100.00 0.00
-9999.00 -0.30 2.10 -9999.00 -9999.00 17.34
10.71 0.00 0.00 0.00 0.00 -2.00
-3.70 46.70 -9999.00 999.00 -9999.00 20.00
14.81
725340 200808/1100 1021.50 999.90 16.44 289.60 0.00 100.00
0.00 0.00 290.00 0.00 100.00 0.00
-9999.00 -0.30 2.10 -9999.00 -9999.00 17.04
10.70 0.00 0.00 0.00 0.00 -1.60
-4.30 58.90 -9999.00 999.00 -9999.00 20.00
14.81
725340 200808/1200 1021.80 1000.20 17.74 290.90 0.00 100.00
0.00 0.00 290.90 0.00 100.00 0.00
-9999.00 -0.30 2.00 -9999.00 -9999.00 17.94
10.96 0.00 0.00 0.00 0.00 -2.10
-4.00 76.40 -9999.00 999.00 -9999.00 20.00
15.18
725340 200808/1300 1021.20 999.70 20.34 293.50 0.00 100.00
0.00 0.00 293.10 0.00 100.00 0.00
-9999.00 -0.40 2.90 -9999.00 -9999.00 20.24
11.00 0.00 0.00 0.00 0.00 -2.30
-3.90 83.90 -9999.00 999.00 -9999.00 20.00
15.23
725340 200808/1400 1021.30 999.80 23.94 297.10 0.00 100.00
0.00 0.00 296.30 0.00 100.00 0.00
-9999.00 -0.30 3.50 -9999.00 -9999.00 22.84
10.68 0.00 0.00 0.00 0.00 -2.30
-3.40 85.40 -9999.00 999.00 -9999.00 20.00
14.78
725340 200808/1500 1021.40 1000.00 30.64 303.80 0.00 100.00
0.00 0.00 301.90 0.00 36.00 0.00
-9999.00 -0.20 4.20 -9999.00 -9999.00 25.74
9.68 0.00 0.00 0.00 0.00 -1.90
-3.50 78.10 -9999.00 999.00 -9999.00 20.00
13.30
725340 200808/1600 1020.90 999.50 35.34 308.50 0.00 100.00
0.00 0.00 306.50 7.00 6.00 0.00
-9999.00 0.00 4.40 -9999.00 -9999.00 27.74
10.04 0.00 0.00 0.00 0.00 -1.60
-3.70 70.70 -9999.00 999.00 -9999.00 20.00
13.84
725340 200808/1700 1019.70 998.40 38.04 311.20 0.00 100.00
0.00 0.00 309.40 17.00 2.00 0.00
-9999.00 0.20 4.40 -9999.00 -9999.00 29.04
11.00 0.00 0.00 0.00 0.00 -1.60
-3.10 73.00 -9999.00 999.00 -9999.00 20.00
15.21
725340 200808/1800 1019.70 998.50 39.04 312.20 0.00 100.00
0.00 0.00 310.70 39.00 0.00 0.00
-9999.00 1.00 4.10 -9999.00 -9999.00 30.04
11.90 0.00 0.00 0.00 0.00 -1.70
-2.20 51.40 -9999.00 999.00 -9999.00 20.00
16.42
725340 200808/1900 1019.60 998.40 39.94 313.10 0.00 100.00
0.00 0.00 311.70 38.00 3.00 0.00
-9999.00 1.20 4.30 -9999.00 -9999.00 30.84
12.54 0.00 0.00 0.00 0.00 -1.40
-1.60 52.80 -9999.00 999.00 -9999.00 20.00
17.23
725340 200808/2000 1018.10 996.90 40.34 313.50 0.00 100.00
0.00 0.00 312.20 13.00 2.00 0.00
-9999.00 0.30 4.70 -9999.00 -9999.00 31.44
12.82 0.00 0.00 0.00 0.00 -0.70
-2.00 67.70 -9999.00 999.00 -9999.00 20.00
17.55


