
SNPARM = PRES;TMPC;TMWC;DWPC;THTE;DRCT;SKNT;OMEG;CFRL;HGHT 
STNPRM = SHOW;LIFT;SWET;KINX;LCLP;PWAT;TOTL;CAPE;LCLT;CINS;EQLV;LFCT;BRCH 

STID = KMDW STNM = 725340 TIME = 200807/1600 
SLAT = 41.78 SLON = -87.75 SELV = 183.0
STIM = 0

SHOW = 10.82 LIFT = 5.11 SWET = 35.29 KINX = 1.32
LCLP = 858.59 PWAT = 18.72 TOTL = 31.57 CAPE = 0.00
LCLT = 284.99 CINS = 0.00 EQLV = -9999.00 LFCT = -9999.00
BRCH = 0.00

PRES TMPC TMWC DWPC THTE DRCT SKNT OMEG
CFRL HGHT
998.90 24.44 17.86 14.17 327.79 70.56 3.50 0.00
0.00 191.77
995.90 23.74 17.53 14.00 327.05 68.20 4.18 0.00
0.00 218.10
990.50 23.14 17.18 13.76 326.59 65.77 4.25 0.00
0.00 265.59
981.00 22.34 16.59 13.20 325.83 58.57 4.10 0.00
0.00 349.56
967.00 20.94 15.68 12.48 324.70 55.49 3.77 0.10
0.00 474.31
949.10 19.14 14.82 12.14 324.33 49.40 3.57 0.10
0.00 635.58
927.70 17.24 13.94 11.87 324.46 42.71 3.44 0.10
0.00 831.17
904.20 15.34 12.85 11.23 324.25 26.57 3.48 0.10
0.00 1049.79
878.80 13.44 10.55 8.46 320.85 6.71 3.32 0.10
11.00 1290.85
850.50 12.34 6.98 1.95 314.76 345.96 3.21 0.10
10.00 1566.01
819.30 11.64 1.90 -15.52 306.08 329.93 4.27 0.20
0.00 1878.58
785.20 10.04 1.24 -13.25 309.21 325.89 7.26 0.10
0.00 2232.31
748.10 9.04 0.36 -14.05 312.33 327.43 8.29 0.10
0.00 2633.24
708.10 6.94 -1.09 -14.65 314.95 310.31 8.41 0.00
0.00 3085.94
665.10 5.04 -2.59 -15.90 318.25 307.65 8.59 0.00
0.00 3598.35
619.10 0.54 -6.66 -24.42 316.93 313.09 8.24 0.00
0.00 4177.69
570.70 -1.76 -9.47 -41.35 319.27 313.03 3.98 0.00
0.00 4827.30
523.80 -5.96 -12.19 -34.86 322.86 307.88 6.64 0.00
0.00 5503.37
481.60 -11.06 -15.90 -35.71 324.39 301.33 10.47 0.00
0.00 6154.19
443.80 -15.96 -19.79 -39.52 325.48 295.30 11.81 0.00
0.00 6775.54
409.80 -20.46 -23.50 -43.01 326.89 303.98 10.78 0.00
0.00 7370.42
379.10 -24.86 -27.16 -44.66 328.35 321.55 8.43 0.10
0.00 7941.44
351.40 -29.06 -30.77 -46.36 329.79 331.86 9.48 0.10
0.00 8488.28
326.50 -33.16 -34.47 -50.10 330.94 321.48 12.16 0.10
0.00 9009.03
304.00 -37.36 -38.32 -53.17 331.73 316.58 14.98 0.10
0.00 9506.26
283.80 -41.16 -41.86 -55.82 332.77 320.67 18.08 0.10
0.00 9977.02
265.70 -44.36 -44.89 -57.61 334.38 324.41 22.69 0.10
0.00 10421.47
248.80 -47.16 -47.60 -61.32 336.46 325.86 27.70 0.10
0.00 10858.91
233.60 -49.66 -50.02 -63.98 338.74 325.26 32.38 0.10
0.00 11273.62
219.60 -52.06 -52.36 -67.41 341.03 324.91 37.51 0.10
0.00 11675.75
205.70 -54.26 -54.50 -67.88 344.01 326.31 43.41 0.10
0.00 12096.83
191.70 -55.96 -56.17 -68.39 348.28 327.58 46.02 0.00
0.00 12546.70
177.80 -56.76 -56.99 -73.70 354.49 324.82 43.49 0.00
0.00 13024.37
163.80 -56.76 -57.01 -74.24 362.90 316.21 39.02 0.00
0.00 13543.84
149.80 -56.96 -9999.00 -9999.00 -9999.00 303.61 37.55 0.00
0.00 14109.50
135.90 -58.56 -9999.00 -9999.00 -9999.00 300.39 36.48 -0.10
0.00 14723.47
121.90 -59.86 -9999.00 -9999.00 -9999.00 303.69 28.01 -0.10
0.00 15404.30
108.00 -60.76 -9999.00 -9999.00 -9999.00 295.82 20.07 0.00
0.00 16158.58
94.00 -60.86 -9999.00 -9999.00 -9999.00 296.89 15.46 0.00
0.00 17021.51
81.00 -59.66 -9999.00 -9999.00 -9999.00 307.75 7.61 0.00
0.00 17949.06
70.60 -59.06 -9999.00 -9999.00 -9999.00 21.80 3.15 0.00
0.00 18809.02
62.20 -58.96 -9999.00 -9999.00 -9999.00 60.46 6.70 0.00
0.00 19603.04
54.30 -57.66 -9999.00 -9999.00 -9999.00 69.19 10.39 0.00
0.00 20457.24
46.90 -56.06 -9999.00 -9999.00 -9999.00 76.76 16.96 0.00
0.00 21384.78
40.10 -55.06 -9999.00 -9999.00 -9999.00 85.10 20.47 0.00
0.00 22382.46
33.80 -53.56 -9999.00 -9999.00 -9999.00 78.97 23.35 0.00
0.00 23477.30
27.80 -51.46 -9999.00 -9999.00 -9999.00 82.12 25.49 0.00
0.00 24739.44
22.30 -49.06 -9999.00 -9999.00 -9999.00 92.11 26.44 0.00
0.00 26177.72
17.10 -46.46 -9999.00 -9999.00 -9999.00 91.70 26.24 0.00
0.00 27929.40
12.30 -42.06 -9999.00 -9999.00 -9999.00 78.83 32.07 0.00
0.00 30136.89

STID = KMDW STNM = 725340 TIME = 200807/1700 
SLAT = 41.78 SLON = -87.75 SELV = 183.0
STIM = 1

SHOW = 8.31 LIFT = 5.12 SWET = 82.18 KINX = 7.52
LCLP = 835.57 PWAT = 19.70 TOTL = 35.22 CAPE = 0.00
LCLT = 283.48 CINS = 0.00 EQLV = -9999.00 LFCT = -9999.00
BRCH = 0.00

PRES TMPC TMWC DWPC THTE DRCT SKNT OMEG
CFRL HGHT
998.60 25.14 17.50 13.04 326.51 73.50 5.48 0.00
0.00 191.79
995.60 24.34 17.17 12.93 325.78 74.74 6.64 0.00
0.00 218.17
990.10 23.74 16.86 12.76 325.48 75.58 7.01 0.00
0.00 266.64
980.60 22.74 16.37 12.53 325.12 75.58 7.01 -0.10
0.00 350.76
966.70 21.44 15.73 12.25 324.90 76.37 6.60 -0.10
0.00 474.83
948.80 19.84 14.95 11.92 324.77 76.87 5.98 -0.10
0.00 636.46
927.30 17.94 13.96 11.44 324.54 77.01 5.19 -0.10
0.00 833.50
903.90 15.94 12.63 10.44 323.60 70.56 3.50 -0.10
0.00 1051.70
878.60 14.04 10.74 8.37 321.42 26.57 1.30 0.00
0.00 1292.36
850.20 11.84 8.45 5.72 318.81 305.54 3.34 0.10
18.00 1568.74
819.10 11.24 3.26 -7.51 309.50 304.99 4.74 0.10
0.00 1880.17
784.90 10.14 1.44 -12.44 309.72 319.57 6.90 0.20
0.00 2235.01
747.90 9.04 0.61 -12.71 312.97 318.81 8.26 0.10
0.00 2635.11
707.80 6.64 -0.74 -12.17 315.87 302.66 8.99 0.10
0.00 3088.93
664.90 4.84 -2.33 -14.03 318.94 305.22 8.08 0.10
0.00 3599.98
618.90 0.44 -6.51 -22.72 317.31 308.00 7.89 0.10
0.00 4179.26
570.60 -1.76 -9.44 -40.34 319.36 302.91 3.92 0.10
0.00 4827.61
523.70 -6.06 -12.25 -34.86 322.76 307.23 6.10 0.10
0.00 5503.68
481.50 -11.16 -16.00 -36.25 324.21 303.02 9.27 0.10
0.00 6154.37
443.70 -15.96 -19.83 -40.23 325.43 298.01 10.33 0.10
0.00 6775.73
409.80 -20.36 -23.44 -43.46 326.98 299.90 8.95 0.20
0.00 7369.04
379.00 -24.66 -27.00 -44.66 328.64 305.54 6.68 0.20
0.00 7942.34
351.30 -28.86 -30.63 -46.91 330.05 311.99 7.85 0.20
0.00 8489.77
326.40 -32.96 -34.32 -50.85 331.20 305.54 11.69 0.30
0.00 9011.10
304.00 -37.16 -38.14 -53.17 332.01 305.36 14.76 0.20
0.00 9506.61
283.80 -40.86 -41.59 -55.82 333.20 315.00 17.85 0.20
0.00 9977.88
265.70 -44.06 -44.63 -59.06 334.78 322.83 22.18 0.20
0.00 10422.90
248.80 -46.76 -47.25 -63.51 337.01 324.70 26.90 0.20
0.00 10861.01
233.60 -49.26 -49.64 -63.98 339.35 325.09 32.93 0.10
0.00 11276.46
219.60 -51.66 -51.98 -67.41 341.65 326.61 40.95 0.10
0.00 11679.32
205.70 -54.06 -54.31 -67.88 344.32 330.31 49.42 0.10
0.00 12100.97
191.70 -56.36 -56.56 -68.39 347.64 332.19 52.04 0.00
0.00 12550.64
177.80 -57.56 -57.76 -73.70 353.18 328.83 45.42 0.00
0.00 13026.98
163.80 -57.46 -57.69 -74.24 361.72 316.86 38.07 0.00
0.00 13544.66
149.80 -57.86 -9999.00 -9999.00 -9999.00 301.94 38.91 -0.10
0.00 14108.22
135.90 -59.56 -9999.00 -9999.00 -9999.00 301.85 38.66 -0.10
0.00 14719.48
121.90 -60.66 -9999.00 -9999.00 -9999.00 306.21 30.57 -0.10
0.00 15397.45
108.00 -61.46 -9999.00 -9999.00 -9999.00 300.18 22.03 0.00
0.00 16149.07
94.00 -61.16 -9999.00 -9999.00 -9999.00 300.07 17.06 0.00
0.00 17009.97
81.00 -59.66 -9999.00 -9999.00 -9999.00 312.80 7.15 0.00
0.00 17936.86
70.60 -59.56 -9999.00 -9999.00 -9999.00 45.00 4.12 0.00
0.00 18795.81
62.20 -58.96 -9999.00 -9999.00 -9999.00 65.14 8.78 0.00
0.00 19588.91
54.30 -56.86 -9999.00 -9999.00 -9999.00 75.58 14.04 0.00
0.00 20444.69
46.90 -55.56 -9999.00 -9999.00 -9999.00 91.16 19.23 0.00
0.00 21375.03
40.10 -54.96 -9999.00 -9999.00 -9999.00 92.39 18.67 0.00
0.00 22374.08
33.80 -52.96 -9999.00 -9999.00 -9999.00 84.66 20.88 0.00
0.00 23470.67
27.80 -51.06 -9999.00 -9999.00 -9999.00 94.12 21.62 0.00
0.00 24735.67
22.30 -49.46 -9999.00 -9999.00 -9999.00 97.39 21.15 0.00
0.00 26173.95
17.10 -46.56 -9999.00 -9999.00 -9999.00 82.47 23.72 0.00
0.00 27923.69
12.30 -41.76 -9999.00 -9999.00 -9999.00 76.68 33.74 0.00
0.00 30132.14

STID = KMDW STNM = 725340 TIME = 200807/1800 
SLAT = 41.78 SLON = -87.75 SELV = 183.0
STIM = 2

SHOW = 8.26 LIFT = 5.44 SWET = 79.66 KINX = 9.50
LCLP = 827.41 PWAT = 20.15 TOTL = 35.33 CAPE = 0.00
LCLT = 282.99 CINS = 0.00 EQLV = -9999.00 LFCT = -9999.00
BRCH = 0.00

PRES TMPC TMWC DWPC THTE DRCT SKNT OMEG
CFRL HGHT
998.30 25.44 17.43 12.69 326.25 76.76 6.78 0.00
0.00 192.68
995.30 24.54 17.04 12.56 325.38 77.91 8.35 0.00
0.00 219.09
989.90 23.94 16.72 12.37 325.04 79.70 8.68 0.00
0.00 266.71
980.40 22.94 16.24 12.15 324.70 81.16 8.84 0.00
0.00 350.89
966.50 21.64 15.62 11.90 324.53 84.92 8.78 0.00
0.00 475.06
948.50 20.04 14.82 11.54 324.37 88.67 8.35 0.00
0.00 637.73
927.10 18.24 13.76 10.86 323.91 94.64 7.21 0.10
0.00 834.03
903.70 16.44 12.38 9.62 322.84 109.98 4.55 0.30
0.00 1052.53
878.40 14.54 10.81 8.12 321.63 138.37 2.33 0.40
0.00 1293.61
850.10 12.44 8.50 5.29 318.93 264.81 4.29 0.40
0.00 1569.57
818.90 10.94 5.09 -1.04 314.15 274.09 5.46 0.30
4.00 1882.36
784.70 10.54 1.88 -11.24 310.77 309.29 5.52 0.10
0.00 2237.56
747.70 9.14 1.10 -10.63 314.20 319.24 7.44 0.00
0.00 2638.18
707.70 6.84 -0.07 -9.76 317.52 306.12 8.90 0.10
0.00 3091.31
664.70 5.04 -2.22 -13.97 319.23 304.88 7.81 0.10
0.00 3604.11
618.80 0.94 -6.34 -23.67 317.63 299.05 8.00 0.20
0.00 4182.98
570.50 -1.36 -9.21 -40.83 319.81 292.25 4.62 0.10
0.00 4832.49
523.60 -5.96 -12.14 -34.09 323.01 305.13 6.41 0.10
0.00 5509.31
481.40 -11.16 -16.03 -36.82 324.16 302.66 8.99 0.00
0.00 6160.26
443.70 -15.86 -19.79 -41.00 325.48 296.57 9.56 0.00
0.00 6780.15
409.70 -20.16 -23.31 -43.94 327.23 288.85 8.41 0.00
0.00 7375.63
379.00 -24.36 -26.78 -45.15 329.00 280.71 7.32 0.10
0.00 7947.70
351.30 -28.56 -30.40 -47.49 330.42 288.43 9.21 0.10
0.00 8495.80
326.40 -32.76 -34.17 -51.67 331.44 290.56 13.29 0.10
0.00 9017.66
304.00 -36.86 -37.89 -54.15 332.39 297.20 15.73 0.10
0.00 9513.69
283.80 -40.46 -41.25 -57.08 333.74 311.07 18.03 0.10
0.00 9985.66
265.70 -43.46 -44.10 -60.81 335.61 318.96 21.89 0.10
0.00 10431.65
248.80 -46.16 -46.68 -63.51 337.91 319.83 27.70 0.10
0.00 10870.91
233.60 -48.56 -49.00 -66.97 340.37 322.95 36.75 0.10
0.00 11287.55
219.60 -51.06 -51.38 -64.44 342.62 330.54 48.19 0.10
0.00 11691.59
205.70 -53.96 -54.16 -62.77 344.57 337.42 61.23 0.00
0.00 12113.91
191.70 -56.96 -57.11 -65.45 346.72 339.40 61.85 0.00
0.00 12563.07
177.80 -58.26 -58.45 -73.70 352.03 330.73 46.10 0.00
0.00 13037.98
163.80 -58.26 -58.46 -74.24 360.38 315.00 38.19 -0.10
0.00 13553.86
149.80 -59.36 -59.55 -74.84 367.81 302.85 40.46 -0.10
0.00 14114.42
135.90 -60.96 -9999.00 -9999.00 -9999.00 305.37 38.60 -0.10
0.00 14721.55
121.90 -61.66 -9999.00 -9999.00 -9999.00 310.97 29.33 0.00
0.00 15395.69
108.00 -61.66 -9999.00 -9999.00 -9999.00 304.33 19.29 0.00
0.00 16145.19
94.00 -60.56 -9999.00 -9999.00 -9999.00 303.25 14.16 0.00
0.00 17006.91
81.00 -58.76 -9999.00 -9999.00 -9999.00 332.10 3.73 0.00
0.00 17937.06
70.60 -58.56 -9999.00 -9999.00 -9999.00 69.68 5.59 0.00
0.00 18799.84
62.20 -57.16 -9999.00 -9999.00 -9999.00 72.72 9.15 0.00
0.00 19598.13
54.30 -55.36 -9999.00 -9999.00 -9999.00 88.29 13.01 0.00
0.00 20460.47
46.90 -55.16 -9999.00 -9999.00 -9999.00 106.16 13.95 0.00
0.00 21394.88
40.10 -54.96 -9999.00 -9999.00 -9999.00 93.42 13.03 0.00
0.00 22394.85
33.80 -53.86 -9999.00 -9999.00 -9999.00 88.74 17.68 0.00
0.00 23489.19
27.80 -52.46 -9999.00 -9999.00 -9999.00 94.04 19.27 0.00
0.00 24747.61
22.30 -50.36 -9999.00 -9999.00 -9999.00 88.32 19.81 0.00
0.00 26178.47
17.10 -46.16 -9999.00 -9999.00 -9999.00 83.81 25.21 0.00
0.00 27926.27
12.30 -41.36 -9999.00 -9999.00 -9999.00 85.32 33.33 0.00
0.00 30138.58

STID = KMDW STNM = 725340 TIME = 200807/1900 
SLAT = 41.78 SLON = -87.75 SELV = 183.0
STIM = 3

SHOW = 7.46 LIFT = 5.55 SWET = 87.50 KINX = 11.33
LCLP = 814.44 PWAT = 20.81 TOTL = 36.54 CAPE = 0.00
LCLT = 282.25 CINS = 0.00 EQLV = -9999.00 LFCT = -9999.00
BRCH = 0.00

PRES TMPC TMWC DWPC THTE DRCT SKNT OMEG
CFRL HGHT
998.70 26.04 17.38 12.18 325.99 81.12 6.29 0.00
0.00 191.81
995.70 25.14 17.00 12.05 325.12 82.87 7.83 0.00
0.00 218.26
990.20 24.44 16.63 11.83 324.63 84.69 8.39 -0.10
0.00 266.83
980.70 23.54 16.19 11.63 324.45 87.46 8.74 -0.10
0.00 351.12
966.80 22.34 15.58 11.35 324.34 91.25 8.94 -0.10
0.00 475.50
948.90 20.74 14.72 10.86 323.96 99.04 8.66 0.00
0.00 637.55
927.50 19.04 13.59 9.97 323.29 113.20 7.40 0.20
0.00 834.22
904.10 17.14 12.39 9.12 322.78 139.18 5.65 0.40
0.00 1053.14
878.70 15.14 10.95 7.93 321.99 162.26 5.09 0.50
0.00 1295.59
850.40 13.04 9.00 5.81 320.28 223.53 5.36 0.60
0.00 1572.05
819.10 11.04 6.40 2.16 317.55 256.33 7.40 0.40
0.00 1886.27
785.00 9.84 3.01 -5.33 313.62 277.35 6.08 0.10
0.00 2240.19
747.90 8.84 1.26 -9.31 314.61 324.69 5.71 -0.10
0.00 2641.23
707.80 6.94 0.26 -8.72 318.30 315.00 8.24 0.00
0.00 3095.30
664.80 5.14 -2.24 -14.34 319.14 302.15 8.02 0.10
0.00 3608.23
618.90 1.14 -6.21 -23.54 317.89 294.86 8.78 0.10
0.00 4187.32
570.60 -1.36 -9.18 -39.87 319.87 289.80 5.17 0.00
0.00 4836.96
523.70 -5.96 -12.13 -33.85 323.02 304.16 6.57 0.00
0.00 5513.67
481.50 -11.26 -16.10 -36.82 324.02 303.69 8.41 -0.10
0.00 6164.37
443.70 -16.06 -19.94 -41.00 325.23 298.71 9.30 -0.10
0.00 6785.48
409.80 -20.26 -23.38 -43.94 327.07 286.82 8.72 0.00
0.00 7378.79
379.00 -24.36 -26.80 -45.67 328.96 273.73 8.95 0.00
0.00 7952.54
351.30 -28.56 -30.42 -48.10 330.38 281.11 11.09 0.10
0.00 8500.63
326.40 -32.66 -34.11 -52.57 331.53 287.22 14.43 0.10
0.00 9022.60
304.00 -36.66 -37.74 -55.26 332.63 295.35 16.34 0.10
0.00 9518.94
283.80 -40.06 -40.91 -58.54 334.27 306.38 18.34 0.10
0.00 9991.50
265.70 -42.96 -43.66 -63.01 336.30 310.60 23.29 0.10
0.00 10438.36
248.80 -45.66 -46.21 -63.51 338.65 313.23 31.20 0.10
0.00 10878.58
233.60 -47.96 -48.41 -63.98 341.32 326.09 42.13 0.00
0.00 11296.24
219.60 -50.46 -50.76 -60.55 343.63 337.27 59.81 0.10
0.00 11701.37
205.70 -54.16 -54.33 -61.06 344.30 341.62 68.38 0.10
0.00 12124.07
191.70 -57.36 -57.48 -63.30 346.12 342.42 61.73 0.00
4.00 12572.62
177.80 -58.26 -58.45 -73.70 352.03 327.71 46.19 0.00
0.00 13047.09
163.80 -58.66 -58.85 -74.24 359.71 310.30 40.25 0.00
0.00 13562.48
149.80 -60.26 -60.43 -74.84 366.26 305.57 42.75 0.00
0.00 14121.34
135.90 -61.26 -9999.00 -9999.00 -9999.00 309.54 37.53 0.00
0.00 14726.76
121.90 -61.16 -9999.00 -9999.00 -9999.00 311.26 27.39 0.00
0.00 15401.23
108.00 -60.56 -9999.00 -9999.00 -9999.00 299.11 19.56 0.00
0.00 16153.56
94.00 -59.46 -9999.00 -9999.00 -9999.00 299.65 14.53 0.00
0.00 17019.74
81.00 -58.26 -9999.00 -9999.00 -9999.00 306.87 2.91 0.00
0.00 17953.39
70.60 -58.26 -9999.00 -9999.00 -9999.00 67.38 2.53 0.00
0.00 18817.77
62.20 -57.06 -9999.00 -9999.00 -9999.00 86.42 6.24 -0.10
0.00 19616.80
54.30 -56.26 -9999.00 -9999.00 -9999.00 110.07 10.76 0.00
0.00 20477.55
46.90 -56.76 -9999.00 -9999.00 -9999.00 112.44 9.67 0.00
0.00 21406.60
40.10 -56.26 -9999.00 -9999.00 -9999.00 83.45 11.93 0.00
0.00 22399.92
33.80 -54.76 -9999.00 -9999.00 -9999.00 90.63 17.68 0.00
0.00 23488.76
27.80 -52.56 -9999.00 -9999.00 -9999.00 91.18 18.84 0.00
0.00 24744.32
22.30 -49.16 -9999.00 -9999.00 -9999.00 87.82 20.42 0.00
0.00 26178.73
17.10 -45.36 -9999.00 -9999.00 -9999.00 91.36 24.48 0.00
0.00 27934.30
12.30 -41.26 -9999.00 -9999.00 -9999.00 89.34 33.61 0.00
0.00 30150.95

STID = KMDW STNM = 725340 TIME = 200807/2000 
SLAT = 41.78 SLON = -87.75 SELV = 183.0
STIM = 4

SHOW = 6.26 LIFT = 5.46 SWET = 107.09 KINX = 12.56
LCLP = 800.69 PWAT = 21.74 TOTL = 38.14 CAPE = 0.00
LCLT = 281.53 CINS = 0.00 EQLV = -9999.00 LFCT = -9999.00
BRCH = 0.00

PRES TMPC TMWC DWPC THTE DRCT SKNT OMEG
CFRL HGHT
997.70 26.64 17.34 11.68 325.93 84.09 5.67 0.00
0.00 191.84
994.60 25.84 16.97 11.50 325.11 85.24 7.01 -0.10
0.00 219.25
989.10 25.14 16.57 11.22 324.53 87.06 7.60 -0.10
0.00 267.98
979.70 24.24 16.14 11.04 324.37 90.00 7.96 -0.20
0.00 351.65
965.80 23.04 15.52 10.72 324.21 95.44 8.20 -0.20
0.00 476.43
947.90 21.44 14.68 10.28 323.92 104.04 8.00 -0.10
0.00 639.00
926.50 19.74 13.68 9.65 323.69 125.91 6.95 0.10
0.00 836.32
903.20 17.74 12.56 9.02 323.42 152.65 6.33 0.40
0.00 1055.00
877.80 15.64 11.31 8.24 323.15 174.96 6.62 0.60
0.00 1298.17
849.60 13.24 9.70 7.07 322.42 200.92 7.07 0.80
0.00 1574.32
818.30 11.14 7.57 4.65 320.86 242.85 8.51 0.80
0.00 1889.17
784.20 9.14 4.53 -0.05 317.63 259.82 7.69 0.50
3.00 2243.35
747.10 8.84 1.63 -7.85 315.65 319.40 5.38 0.30
0.00 2644.54
707.10 7.14 0.34 -8.78 318.58 317.12 7.42 0.30
0.00 3098.15
664.20 5.34 -2.33 -15.35 318.98 295.97 8.43 0.30
0.00 3610.72
618.40 1.34 -6.14 -23.92 318.09 289.57 9.29 0.30
0.00 4189.43
570.20 -1.26 -9.08 -38.58 320.16 284.47 6.22 0.10
0.00 4838.57
523.40 -6.06 -12.18 -33.61 322.99 299.36 7.13 0.10
0.00 5514.28
481.20 -11.26 -16.12 -37.12 324.04 301.18 8.62 0.10
0.00 6165.24
443.50 -16.06 -19.94 -41.00 325.27 298.61 9.73 0.10
0.00 6785.04
409.60 -20.16 -23.33 -44.44 327.21 283.24 10.18 0.10
0.00 7378.74
378.90 -24.16 -26.68 -46.81 329.17 275.71 11.71 0.20
0.00 7951.18
351.30 -28.46 -30.38 -49.46 330.43 282.26 13.71 0.20
0.00 8497.69
326.40 -32.46 -33.96 -53.56 331.77 287.15 16.47 0.10
0.00 9019.98
304.00 -36.26 -37.41 -56.52 333.15 292.71 18.10 0.10
0.00 9516.94
283.80 -39.56 -40.48 -60.30 334.94 297.98 21.11 0.10
0.00 9990.41
265.70 -42.46 -43.20 -63.01 337.03 304.03 27.43 0.00
0.00 10438.22
248.80 -44.66 -45.26 -61.32 340.18 322.77 37.57 0.10
0.00 10879.89
233.60 -46.76 -47.21 -58.63 343.27 338.27 60.86 0.20
0.00 11299.58
219.60 -50.56 -50.83 -59.12 343.52 338.65 68.82 0.20
0.00 11705.71
205.70 -54.26 -54.45 -62.77 344.10 339.57 61.77 0.20
0.00 12128.23
191.70 -57.16 -57.28 -63.30 346.44 340.23 58.00 0.10
7.00 12576.87
177.70 -58.66 -58.81 -68.92 351.48 325.12 49.26 0.00
0.00 13054.67
163.80 -58.86 -59.05 -74.24 359.37 309.99 47.16 0.00
0.00 13565.82
149.80 -60.86 -61.02 -74.84 365.22 309.55 44.85 0.00
0.00 14123.63
135.90 -61.16 -9999.00 -9999.00 -9999.00 312.25 37.26 0.00
0.00 14728.33
121.90 -60.66 -9999.00 -9999.00 -9999.00 308.84 28.19 0.00
0.00 15403.75
108.00 -60.26 -9999.00 -9999.00 -9999.00 296.34 21.89 0.00
0.00 16157.50
94.00 -59.66 -9999.00 -9999.00 -9999.00 297.90 14.94 0.00
0.00 17023.89
81.00 -59.36 -9999.00 -9999.00 -9999.00 270.00 2.72 0.00
0.00 17954.70
70.60 -60.16 -9999.00 -9999.00 -9999.00 81.87 1.38 0.00
0.00 18813.05
62.20 -59.06 -9999.00 -9999.00 -9999.00 84.09 5.67 0.00
0.00 19604.85
54.30 -58.26 -9999.00 -9999.00 -9999.00 110.28 9.52 0.00
0.00 20457.65
46.90 -58.26 -9999.00 -9999.00 -9999.00 83.80 8.99 0.00
0.00 21379.20
40.10 -56.86 -9999.00 -9999.00 -9999.00 70.60 14.63 0.00
0.00 22367.70
33.80 -54.46 -9999.00 -9999.00 -9999.00 85.87 16.16 0.00
0.00 23455.79
27.80 -51.46 -9999.00 -9999.00 -9999.00 83.21 16.43 0.00
0.00 24715.36
22.30 -48.56 -9999.00 -9999.00 -9999.00 80.13 18.14 0.00
0.00 26155.25
17.10 -45.06 -9999.00 -9999.00 -9999.00 80.54 22.46 0.00
0.00 27914.32
12.30 -40.76 -9999.00 -9999.00 -9999.00 86.95 32.87 0.00
0.00 30134.82

STID = KMDW STNM = 725340 TIME = 200807/2100 
SLAT = 41.78 SLON = -87.75 SELV = 183.0
STIM = 5

SHOW = 5.37 LIFT = 5.26 SWET = 119.39 KINX = 12.48
LCLP = 790.19 PWAT = 22.33 TOTL = 39.30 CAPE = 0.00
LCLT = 280.99 CINS = 0.00 EQLV = -9999.00 LFCT = -9999.00
BRCH = 0.00

PRES TMPC TMWC DWPC THTE DRCT SKNT OMEG
CFRL HGHT
997.00 27.14 17.34 11.32 325.97 87.88 5.24 0.00
0.00 192.74
994.00 26.34 16.97 11.15 325.16 90.00 6.60 -0.10
0.00 219.33
988.60 25.74 16.62 10.89 324.72 91.55 7.19 -0.20
0.00 267.28
979.10 24.84 16.18 10.69 324.54 95.86 7.61 -0.30
0.00 352.06
965.20 23.64 15.58 10.40 324.43 101.31 7.93 -0.30
0.00 477.15
947.30 22.14 14.81 10.03 324.38 112.07 7.75 -0.30
0.00 640.17
926.00 20.34 13.90 9.64 324.42 133.88 7.01 -0.20
0.00 837.10
902.70 18.34 12.88 9.21 324.47 160.56 7.01 0.10
0.00 1056.36
877.40 16.14 11.73 8.70 324.50 181.47 7.58 0.40
0.00 1299.18
849.10 13.64 10.30 7.92 324.25 198.85 8.41 0.60
0.00 1576.95
817.90 11.34 8.39 6.13 323.22 229.40 8.95 0.70
2.00 1891.40
783.70 9.44 5.62 2.19 320.57 254.05 8.49 0.50
8.00 2247.30
746.70 9.04 2.06 -6.68 316.75 308.29 4.70 0.20
0.00 2648.14
706.80 7.54 0.30 -9.68 318.49 317.73 5.77 0.10
0.00 3101.33
663.90 5.54 -2.48 -16.74 318.63 286.31 8.29 0.10
0.00 3614.61
618.10 1.64 -6.04 -24.56 318.32 283.39 8.39 0.10
0.00 4194.08
569.90 -1.26 -8.98 -36.06 320.46 281.31 5.94 0.10
0.00 4843.91
523.20 -6.06 -12.16 -33.38 323.06 300.38 6.53 0.20
0.00 5518.49
481.10 -11.16 -16.07 -37.43 324.15 304.08 7.96 0.20
0.00 6168.23
443.40 -15.86 -19.80 -41.01 325.54 297.10 9.38 0.20
0.00 6788.52
409.50 -19.86 -23.14 -45.52 327.54 281.89 11.31 0.20
0.00 7382.93
378.80 -23.96 -26.57 -48.09 329.38 279.87 13.60 0.20
0.00 7956.08
351.20 -28.16 -30.18 -51.04 330.79 286.43 15.79 0.10
0.00 8503.29
326.40 -32.16 -33.72 -54.67 332.14 289.93 18.80 0.10
0.00 9024.19
303.90 -35.76 -36.99 -57.99 333.84 292.27 22.05 0.00
0.00 9524.29
283.80 -38.96 -39.94 -60.30 335.80 297.49 26.94 0.00
0.00 9996.59
265.70 -41.56 -42.38 -63.01 338.34 310.71 33.06 0.00
0.00 10445.85
248.80 -43.76 -44.40 -59.58 341.57 332.45 45.36 0.10
0.00 10889.25
233.60 -46.56 -47.02 -58.63 343.57 339.57 61.77 0.10
0.00 11309.96
219.60 -50.46 -50.78 -62.27 343.59 334.62 54.39 0.20
0.00 11716.36
205.70 -53.86 -54.07 -62.77 344.72 335.56 56.33 0.10
0.00 12139.35
191.70 -56.76 -56.92 -65.45 347.04 327.12 53.67 0.10
0.00 12588.82
177.70 -58.46 -58.61 -68.92 351.81 317.40 52.53 0.00
0.00 13067.28
163.80 -60.26 -60.41 -74.24 357.03 310.60 55.52 0.00
0.00 13577.00
149.80 -61.46 -61.60 -74.84 364.19 311.53 45.42 0.00
0.00 14132.19
135.90 -61.16 -61.33 -75.48 375.00 311.58 36.87 0.00
0.00 14736.05
121.90 -60.66 -9999.00 -9999.00 -9999.00 309.43 26.90 0.00
0.00 15411.47
108.00 -59.96 -9999.00 -9999.00 -9999.00 293.63 20.36 0.00
0.00 16165.75
94.00 -59.56 -9999.00 -9999.00 -9999.00 295.46 13.56 0.00
0.00 17032.95
81.00 -59.96 -9999.00 -9999.00 -9999.00 258.69 2.97 0.00
0.00 17962.67
70.60 -60.36 -9999.00 -9999.00 -9999.00 30.96 1.13 0.00
0.00 18819.42
62.20 -59.16 -9999.00 -9999.00 -9999.00 93.69 6.04 0.00
0.00 19610.66
54.30 -58.96 -9999.00 -9999.00 -9999.00 118.71 9.30 0.00
0.00 20461.87
46.90 -58.66 -9999.00 -9999.00 -9999.00 78.69 10.90 0.00
0.00 21381.06
40.10 -57.06 -9999.00 -9999.00 -9999.00 80.03 17.95 0.00
0.00 22368.19
33.80 -54.46 -9999.00 -9999.00 -9999.00 90.00 18.45 0.00
0.00 23455.78
27.80 -51.26 -9999.00 -9999.00 -9999.00 84.29 19.52 0.00
0.00 24715.91
22.30 -47.86 -9999.00 -9999.00 -9999.00 74.05 18.38 0.00
0.00 26158.71
17.10 -43.06 -9999.00 -9999.00 -9999.00 75.70 20.45 0.00
0.00 27928.27
12.30 -39.86 -9999.00 -9999.00 -9999.00 85.63 28.05 0.00
0.00 30162.76

STID = KMDW STNM = 725340 TIME = 200807/2200 
SLAT = 41.78 SLON = -87.75 SELV = 183.0
STIM = 6

SHOW = 4.89 LIFT = 5.04 SWET = 124.52 KINX = 11.71
LCLP = 786.58 PWAT = 22.63 TOTL = 39.93 CAPE = 0.00
LCLT = 280.91 CINS = 0.00 EQLV = -9999.00 LFCT = -9999.00
BRCH = 0.00

PRES TMPC TMWC DWPC THTE DRCT SKNT OMEG
CFRL HGHT
997.00 27.44 17.43 11.30 326.27 92.39 4.66 0.00
0.00 191.87
994.00 26.74 17.11 11.15 325.60 95.53 6.04 -0.10
0.00 218.49
988.50 26.14 16.74 10.85 325.11 98.62 6.49 -0.20
0.00 267.39
979.10 25.34 16.34 10.65 325.04 102.87 6.97 -0.30
0.00 351.40
965.20 24.04 15.71 10.39 324.87 108.43 7.36 -0.50
0.00 476.68
947.30 22.64 15.02 10.09 325.04 123.69 7.01 -0.50
0.00 639.95
925.90 20.84 14.15 9.77 325.20 145.84 6.57 -0.40
0.00 838.16
902.60 18.84 13.15 9.37 325.31 168.69 6.93 -0.10
0.00 1057.83
877.30 16.54 12.01 8.93 325.35 188.75 7.67 0.20
0.00 1301.07
849.00 14.04 10.68 8.34 325.40 203.03 8.45 0.50
0.00 1579.29
817.80 11.74 8.85 6.69 324.54 230.53 8.55 0.70
3.00 1894.27
783.70 9.84 6.06 2.77 321.74 254.62 8.06 0.60
10.00 2249.71
746.60 9.24 2.36 -5.98 317.51 304.99 4.74 0.40
0.00 2652.13
706.70 7.94 0.19 -10.96 318.18 312.27 5.77 0.20
0.00 3105.86
663.90 5.54 -2.57 -17.29 318.41 282.26 9.15 0.20
0.00 3618.30
618.10 1.84 -5.96 -24.83 318.48 284.04 8.00 0.20
0.00 4197.95
569.90 -1.06 -8.74 -33.74 320.99 284.93 6.02 0.30
0.00 4848.27
523.20 -5.96 -12.12 -33.61 323.15 299.54 6.70 0.30
0.00 5523.24
481.10 -11.06 -16.02 -37.74 324.23 300.96 7.93 0.20
0.00 6173.22
443.40 -15.66 -19.65 -41.01 325.80 294.08 10.00 0.10
0.00 6793.87
409.50 -19.86 -23.14 -45.52 327.54 284.04 12.82 0.00
0.00 7388.52
378.80 -23.96 -26.59 -48.80 329.34 284.22 15.03 -0.10
0.00 7961.66
351.20 -28.16 -30.20 -51.95 330.74 290.48 17.21 -0.20
0.00 8508.87
326.30 -31.96 -33.55 -54.68 332.45 296.10 21.19 -0.20
0.00 9032.16
303.90 -35.36 -36.64 -57.99 334.41 301.47 26.42 -0.10
0.00 9530.74
283.80 -38.16 -39.22 -60.30 336.95 306.87 32.05 -0.10
0.00 10004.24
265.70 -40.26 -41.12 -57.61 340.37 322.96 39.67 0.00
0.00 10455.54
248.80 -43.06 -43.66 -54.84 342.78 333.73 50.47 0.10
0.00 10900.87
233.60 -46.96 -47.35 -56.32 343.05 334.74 53.26 0.20
0.00 11321.86
219.60 -50.36 -50.64 -59.12 343.83 326.48 53.13 0.20
0.00 11727.99
205.70 -53.56 -53.78 -62.77 345.20 318.72 52.99 0.20
0.00 12151.37
191.70 -56.66 -56.80 -63.30 347.25 316.04 52.89 0.10
0.00 12601.25
177.70 -59.26 -59.37 -66.00 350.55 305.79 57.48 0.10
0.00 13078.94
163.80 -61.06 -61.14 -66.60 355.78 306.64 58.59 0.00
0.00 13586.75
149.80 -61.46 -61.60 -74.84 364.19 317.13 44.25 0.00
0.00 14140.91
135.90 -61.36 -9999.00 -9999.00 -9999.00 309.65 36.83 0.00
0.00 14744.47
121.90 -60.56 -9999.00 -9999.00 -9999.00 306.28 26.26 0.00
0.00 15419.73
108.00 -60.46 -9999.00 -9999.00 -9999.00 290.49 18.86 0.00
0.00 16173.30
94.00 -60.06 -9999.00 -9999.00 -9999.00 297.47 10.96 0.00
0.00 17038.48
81.00 -60.26 -9999.00 -9999.00 -9999.00 265.60 2.53 0.00
0.00 17966.46
70.60 -59.66 -9999.00 -9999.00 -9999.00 15.95 1.42 0.00
0.00 18824.00
62.20 -58.56 -9999.00 -9999.00 -9999.00 103.13 5.98 0.00
0.00 19617.65
54.30 -58.26 -9999.00 -9999.00 -9999.00 104.53 5.42 0.00
0.00 20471.45
46.90 -57.16 -9999.00 -9999.00 -9999.00 67.07 10.98 0.00
0.00 21395.36
40.10 -55.76 -9999.00 -9999.00 -9999.00 88.43 14.18 0.00
0.00 22388.90
33.80 -53.66 -9999.00 -9999.00 -9999.00 89.08 12.04 0.00
0.00 23481.74
27.80 -50.76 -9999.00 -9999.00 -9999.00 83.05 16.05 0.00
0.00 24745.60
22.30 -47.96 -9999.00 -9999.00 -9999.00 69.44 19.91 0.00
0.00 26189.69
17.10 -43.36 -9999.00 -9999.00 -9999.00 71.99 25.12 0.00
0.00 27957.69
12.30 -40.36 -9999.00 -9999.00 -9999.00 79.54 25.68 0.00
0.00 30188.33

STID = KMDW STNM = 725340 TIME = 200807/2300 
SLAT = 41.78 SLON = -87.75 SELV = 183.0
STIM = 7

SHOW = 4.87 LIFT = 5.01 SWET = 123.76 KINX = 11.03
LCLP = 789.77 PWAT = 22.40 TOTL = 39.87 CAPE = 0.00
LCLT = 281.18 CINS = 0.00 EQLV = -9999.00 LFCT = -9999.00
BRCH = 0.00

PRES TMPC TMWC DWPC THTE DRCT SKNT OMEG
CFRL HGHT
996.50 27.34 17.49 11.51 326.56 99.46 4.72 0.00
0.00 191.87
993.50 26.74 17.19 11.32 325.94 100.95 6.14 -0.10
0.00 218.50
988.00 26.24 16.84 10.99 325.51 105.26 6.64 -0.20
0.00 267.44
978.60 25.34 16.39 10.77 325.29 108.92 7.19 -0.40
0.00 351.51
964.70 24.24 15.82 10.47 325.28 114.57 7.48 -0.50
0.00 476.90
946.80 22.84 15.15 10.23 325.55 130.60 7.17 -0.60
0.00 640.37
925.50 21.14 14.33 9.92 325.84 151.26 6.88 -0.40
0.00 837.93
902.20 19.04 13.32 9.56 325.90 170.54 7.09 -0.20
0.00 1057.90
876.90 16.74 12.20 9.16 326.01 187.70 7.25 0.20
0.00 1301.43
848.60 14.34 10.81 8.37 325.85 201.25 7.50 0.50
0.00 1580.03
817.40 12.34 8.78 6.08 324.38 237.99 7.32 0.70
3.00 1895.63
783.30 10.64 5.97 1.79 321.53 257.28 6.18 0.50
7.00 2252.05
746.30 9.94 2.33 -7.28 317.39 299.25 5.57 0.10
0.00 2654.55
706.40 8.24 0.13 -11.90 318.03 293.03 8.45 -0.10
0.00 3109.20
663.60 5.24 -2.56 -16.29 318.53 279.27 9.63 -0.20
0.00 3621.86
617.90 2.14 -5.81 -25.10 318.79 284.04 8.00 -0.10
0.00 4200.49
569.70 -0.76 -8.44 -31.82 321.66 292.48 6.10 0.00
0.00 4851.75
523.00 -5.76 -12.01 -33.86 323.39 300.14 6.95 0.10
0.00 5527.62
481.00 -10.86 -15.90 -38.06 324.46 299.43 8.70 0.20
0.00 6176.73
443.30 -15.56 -19.60 -41.41 325.91 294.84 11.56 0.20
0.00 6797.87
409.50 -19.76 -23.06 -45.52 327.67 289.98 15.91 0.20
0.00 7391.06
378.80 -23.96 -26.59 -48.80 329.34 292.02 18.65 0.20
0.00 7964.32
351.20 -28.16 -30.18 -51.04 330.79 295.87 21.37 0.20
0.00 8511.53
326.30 -31.96 -33.53 -53.56 332.49 299.91 25.33 0.20
0.00 9034.82
303.90 -35.56 -36.79 -56.52 334.17 300.09 28.28 0.10
0.00 9533.19
283.80 -37.76 -38.82 -57.08 337.61 318.15 29.99 0.00
0.00 10006.90
265.70 -39.36 -40.22 -53.41 341.86 338.46 47.61 0.10
0.00 10459.46
248.80 -43.36 -43.94 -54.84 342.33 335.26 43.63 0.10
0.00 10905.37
233.60 -46.86 -47.30 -58.63 343.12 328.44 41.94 0.10
0.00 11326.18
219.60 -49.96 -50.28 -60.55 344.40 318.99 47.36 0.10
0.00 11732.76
205.70 -52.76 -53.01 -62.77 346.45 303.02 55.59 0.00
0.00 12157.28
191.70 -56.26 -56.41 -63.30 347.89 299.02 56.86 0.00
0.00 12608.41
177.80 -60.26 -60.32 -63.87 348.90 301.18 52.89 0.00
100.00 13081.89
163.80 -61.16 -61.24 -66.60 355.61 299.45 55.32 0.00
0.00 13591.89
149.80 -60.56 -60.70 -70.13 365.79 314.37 49.73 0.00
0.00 14147.09
135.90 -61.76 -9999.00 -9999.00 -9999.00 315.23 34.21 -0.10
0.00 14751.38
121.90 -61.26 -9999.00 -9999.00 -9999.00 307.11 28.01 0.00
0.00 15424.89
108.00 -60.76 -9999.00 -9999.00 -9999.00 291.57 17.97 0.00
0.00 16176.69
94.00 -60.46 -9999.00 -9999.00 -9999.00 297.51 10.51 0.00
0.00 17040.43
81.00 -60.56 -9999.00 -9999.00 -9999.00 276.71 3.32 0.00
0.00 17966.89
70.60 -59.56 -9999.00 -9999.00 -9999.00 349.70 2.18 0.00
0.00 18824.03
62.20 -58.76 -9999.00 -9999.00 -9999.00 98.13 4.12 0.00
0.00 19617.50
54.30 -58.16 -9999.00 -9999.00 -9999.00 57.72 4.37 0.00
0.00 20471.10
46.90 -56.56 -9999.00 -9999.00 -9999.00 63.00 11.56 0.00
0.00 21396.50
40.10 -55.26 -9999.00 -9999.00 -9999.00 89.06 11.85 0.00
0.00 22392.57
33.80 -53.56 -9999.00 -9999.00 -9999.00 75.50 11.64 0.00
0.00 23486.91
27.80 -51.06 -9999.00 -9999.00 -9999.00 74.51 16.72 0.00
0.00 24750.20
22.30 -47.96 -9999.00 -9999.00 -9999.00 67.38 22.73 0.00
0.00 26193.31
17.10 -43.56 -9999.00 -9999.00 -9999.00 74.60 27.80 0.00
0.00 27960.54
12.30 -40.96 -9999.00 -9999.00 -9999.00 79.80 27.43 0.00
0.00 30187.32

STID = KMDW STNM = 725340 TIME = 200808/0000 
SLAT = 41.78 SLON = -87.75 SELV = 183.0
STIM = 8

SHOW = 5.06 LIFT = 5.01 SWET = 119.13 KINX = 13.51
LCLP = 802.63 PWAT = 22.73 TOTL = 39.59 CAPE = 0.00
LCLT = 281.98 CINS = 0.00 EQLV = -9999.00 LFCT = -9999.00
BRCH = 0.00

PRES TMPC TMWC DWPC THTE DRCT SKNT OMEG
CFRL HGHT
996.90 26.84 17.60 12.09 326.94 102.80 4.39 0.00
0.00 191.85
993.80 26.34 17.28 11.80 326.27 107.24 5.91 -0.10
0.00 219.32
988.40 25.94 16.94 11.42 325.84 110.56 6.64 -0.20
0.00 267.31
978.90 25.24 16.44 10.94 325.42 113.81 7.23 -0.30
0.00 352.20
965.00 24.24 15.89 10.62 325.49 121.22 7.50 -0.40
0.00 477.53
947.20 22.94 15.26 10.38 325.86 139.40 7.17 -0.40
0.00 640.07
925.80 21.24 14.43 10.05 326.13 160.56 7.01 -0.30
0.00 838.56
902.50 19.14 13.43 9.71 326.23 178.45 7.19 0.00
0.00 1058.53
877.20 16.84 12.30 9.27 326.26 192.53 7.17 0.30
0.00 1302.08
848.90 14.54 10.79 8.18 325.73 208.89 6.43 0.60
0.00 1580.72
817.70 12.84 8.78 5.68 324.33 240.02 5.83 0.70
0.00 1896.56
783.60 11.34 5.93 0.97 321.34 270.00 5.05 0.50
0.00 2253.54
746.60 10.34 2.63 -6.89 318.08 301.18 8.62 0.20
0.00 2656.64
706.70 7.64 0.28 -9.98 318.43 298.24 11.91 0.00
0.00 3111.01
663.80 4.44 -2.50 -13.80 318.76 283.09 8.57 0.10
0.00 3623.50
618.10 2.14 -5.73 -24.30 318.97 276.91 6.45 0.20
0.00 4201.20
569.90 -0.56 -8.25 -30.76 322.04 284.04 4.80 0.10
0.00 4852.50
523.10 -5.56 -11.91 -34.35 323.54 289.54 6.39 0.10
0.00 5530.13
481.10 -10.76 -15.83 -38.06 324.57 291.32 8.55 0.00
0.00 6179.48
443.40 -15.46 -19.54 -41.83 325.97 292.62 12.63 0.00
0.00 6800.72
409.50 -19.86 -23.12 -44.97 327.58 296.00 17.72 0.00
0.00 7395.60
378.80 -24.06 -26.62 -47.43 329.29 299.96 19.06 0.00
0.00 7968.63
351.20 -27.96 -30.01 -51.04 331.06 306.54 20.55 0.00
0.00 8515.95
326.30 -31.26 -32.92 -52.57 333.49 309.23 27.33 0.10
0.00 9040.22
303.90 -34.26 -35.50 -50.02 336.28 307.68 35.59 0.20
0.00 9540.69
283.80 -37.36 -38.46 -57.08 338.18 318.53 29.04 0.20
0.00 10016.11
265.70 -39.36 -40.27 -55.27 341.77 336.99 39.26 0.20
0.00 10469.05
248.80 -43.46 -44.08 -56.89 342.10 329.44 37.45 0.10
0.00 10914.86
233.60 -46.76 -47.16 -56.32 343.36 324.81 41.12 0.00
0.00 11335.67
219.60 -49.66 -50.02 -62.27 344.82 302.77 50.60 0.00
0.00 11742.61
205.70 -52.76 -53.06 -67.88 346.36 301.32 53.44 -0.10
0.00 12167.42
191.70 -56.06 -56.26 -68.39 348.12 303.37 48.39 -0.10
0.00 12618.74
177.80 -59.96 -60.03 -63.87 349.39 296.80 42.66 0.00
100.00 13092.77
163.80 -61.86 -61.93 -66.60 354.44 294.23 51.13 0.10
100.00 13602.29
149.80 -61.46 -61.58 -70.13 364.24 306.11 49.77 0.10
0.00 14155.40
135.90 -62.26 -62.40 -75.48 373.05 321.07 32.46 0.00
0.00 14757.69
121.90 -62.06 -9999.00 -9999.00 -9999.00 304.84 24.15 0.00
0.00 15429.13
108.00 -61.16 -9999.00 -9999.00 -9999.00 288.81 18.67 0.00
0.00 16178.81
94.00 -61.36 -9999.00 -9999.00 -9999.00 303.02 9.27 0.00
0.00 17039.92
81.00 -60.86 -9999.00 -9999.00 -9999.00 267.51 4.47 0.00
0.00 17963.76
70.60 -59.56 -9999.00 -9999.00 -9999.00 291.80 3.15 0.00
0.00 18820.30
62.20 -59.16 -9999.00 -9999.00 -9999.00 123.69 2.10 0.00
0.00 19613.02
54.30 -58.66 -9999.00 -9999.00 -9999.00 46.33 5.91 0.00
0.00 20464.83
46.90 -56.86 -9999.00 -9999.00 -9999.00 62.70 13.56 0.00
0.00 21388.52
40.10 -54.86 -9999.00 -9999.00 -9999.00 70.41 12.16 0.00
0.00 22384.82
33.80 -52.66 -9999.00 -9999.00 -9999.00 56.09 14.28 0.00
0.00 23482.41
27.80 -50.56 -9999.00 -9999.00 -9999.00 58.48 17.09 0.00
0.00 24749.70
22.30 -48.16 -9999.00 -9999.00 -9999.00 64.07 23.54 0.00
0.00 26193.79
17.10 -45.06 -9999.00 -9999.00 -9999.00 81.92 30.42 0.00
0.00 27954.41
12.30 -41.86 -9999.00 -9999.00 -9999.00 86.84 28.21 0.00
0.00 30169.61

STID = KMDW STNM = 725340 TIME = 200808/0100 
SLAT = 41.78 SLON = -87.75 SELV = 183.0
STIM = 9

SHOW = 5.42 LIFT = 5.08 SWET = 108.66 KINX = 16.42
LCLP = 832.94 PWAT = 23.06 TOTL = 39.20 CAPE = 0.00
LCLT = 283.63 CINS = 0.00 EQLV = -9999.00 LFCT = -9999.00
BRCH = 0.00

PRES TMPC TMWC DWPC THTE DRCT SKNT OMEG
CFRL HGHT
997.10 25.44 17.69 13.22 327.36 104.04 4.00 0.00
0.00 191.81
994.10 25.24 17.45 12.90 326.92 106.70 6.08 0.00
0.00 218.29
988.60 25.14 16.87 11.84 325.63 111.80 7.32 -0.10
0.00 267.01
979.20 24.94 16.30 10.87 324.93 120.26 8.10 -0.20
0.00 350.83
965.20 24.24 15.88 10.60 325.43 133.09 8.24 -0.30
0.00 476.97
947.40 22.94 15.30 10.45 325.95 152.18 7.91 -0.20
0.00 639.47
926.00 21.14 14.44 10.15 326.15 169.56 7.50 -0.10
0.00 837.89
902.70 19.14 13.44 9.71 326.20 181.59 6.99 0.20
0.00 1057.79
877.40 16.94 12.16 8.93 325.79 192.34 6.37 0.40
0.00 1301.31
849.10 14.94 10.60 7.51 325.11 211.33 5.23 0.40
0.00 1580.08
817.90 13.44 8.58 4.73 323.66 248.75 3.75 0.30
0.00 1896.32
783.80 12.04 6.08 0.57 321.67 299.98 5.83 0.10
0.00 2253.96
746.70 10.54 3.48 -4.36 320.28 315.66 11.95 -0.10
0.00 2658.77
706.80 7.24 1.05 -6.50 320.41 311.11 14.18 0.10
0.00 3113.11
663.90 4.44 -2.53 -13.92 318.68 282.26 9.15 0.20
0.00 3625.28
618.10 2.34 -5.64 -24.56 319.13 271.47 7.58 0.10
0.00 4204.40
569.90 -0.56 -8.20 -30.17 322.15 279.46 4.72 -0.10
0.00 4855.94
523.20 -5.56 -11.93 -34.61 323.49 286.70 6.08 -0.10
0.00 5532.06
481.10 -10.66 -15.75 -37.74 324.73 293.70 8.70 -0.10
0.00 6183.02
443.40 -15.26 -19.42 -42.27 326.19 303.47 13.73 0.00
0.00 6804.61
409.50 -19.56 -22.91 -45.52 327.93 307.10 19.00 0.10
0.00 7400.07
378.80 -23.96 -26.61 -49.56 329.30 303.39 20.47 0.20
0.00 7973.56
351.20 -27.86 -29.95 -51.95 331.15 302.70 21.93 0.20
0.00 8521.10
326.30 -30.86 -32.36 -46.02 334.45 308.31 29.45 0.20
0.00 9045.92
303.90 -33.26 -34.40 -44.54 338.13 311.86 32.60 0.30
0.00 9547.87
283.80 -36.86 -38.09 -62.51 338.77 314.71 27.06 0.30
0.00 10024.81
265.70 -39.46 -40.33 -54.29 341.67 334.55 31.20 0.30
0.00 10478.13
248.80 -43.76 -44.26 -53.16 341.82 311.37 39.08 0.20
0.00 10923.56
233.60 -46.16 -46.62 -57.40 344.22 291.95 55.09 0.00
0.00 11344.65
219.60 -49.56 -49.90 -60.55 345.02 296.48 55.77 -0.10
0.00 11752.23
205.70 -53.06 -53.32 -64.93 345.94 306.54 47.63 -0.10
0.00 12176.84
191.70 -56.36 -56.53 -65.45 347.68 303.96 45.20 -0.10
0.00 12627.55
177.70 -58.86 -58.98 -66.00 351.20 297.78 45.01 -0.10
73.00 13106.01
163.80 -61.46 -61.56 -69.50 355.06 296.13 45.86 0.00
36.00 13613.82
149.80 -62.86 -62.95 -70.13 361.83 302.06 47.22 0.00
0.00 14165.62
135.90 -61.66 -61.81 -75.48 374.11 315.98 32.15 0.00
0.00 14766.77
121.90 -62.86 -9999.00 -9999.00 -9999.00 305.31 22.84 0.00
0.00 15437.90
108.00 -61.76 -9999.00 -9999.00 -9999.00 290.91 18.51 0.00
0.00 16185.09
94.00 -61.66 -9999.00 -9999.00 -9999.00 296.57 10.86 0.00
0.00 17044.37
81.00 -61.56 -9999.00 -9999.00 -9999.00 270.00 9.13 0.00
0.00 17966.03
70.60 -60.16 -9999.00 -9999.00 -9999.00 295.56 4.95 0.00
0.00 18819.95
62.20 -59.26 -9999.00 -9999.00 -9999.00 90.00 2.14 0.00
0.00 19611.38
54.30 -58.26 -9999.00 -9999.00 -9999.00 50.83 6.76 0.00
0.00 20463.79
46.90 -56.56 -9999.00 -9999.00 -9999.00 67.83 11.32 0.00
0.00 21388.98
40.10 -55.06 -9999.00 -9999.00 -9999.00 56.02 10.78 0.00
0.00 22385.51
33.80 -53.46 -9999.00 -9999.00 -9999.00 46.40 16.90 0.00
0.00 23480.60
27.80 -51.26 -9999.00 -9999.00 -9999.00 49.62 22.18 0.00
0.00 24743.60
22.30 -48.36 -9999.00 -9999.00 -9999.00 64.80 29.20 0.00
0.00 26184.78
17.10 -45.06 -9999.00 -9999.00 -9999.00 82.92 29.95 0.00
0.00 27944.62
12.30 -41.26 -9999.00 -9999.00 -9999.00 85.38 26.50 0.00
0.00 30162.72

STID = KMDW STNM = 725340 TIME = 200808/0200 
SLAT = 41.78 SLON = -87.75 SELV = 183.0
STIM = 10

SHOW = 5.69 LIFT = 4.93 SWET = 102.30 KINX = 17.18
LCLP = 871.38 PWAT = 23.71 TOTL = 39.00 CAPE = 0.00
LCLT = 285.84 CINS = 0.00 EQLV = -9999.00 LFCT = -9999.00
BRCH = 0.00

PRES TMPC TMWC DWPC THTE DRCT SKNT OMEG
CFRL HGHT
997.40 23.94 18.03 14.78 328.61 116.57 3.05 0.00
0.00 191.77
994.40 24.04 17.68 14.10 327.77 118.44 5.30 0.00
0.00 218.14
988.90 24.74 16.71 11.79 325.06 123.69 7.01 -0.10
0.00 266.72
979.50 24.84 16.22 10.77 324.62 139.09 7.71 -0.20
0.00 350.45
965.50 24.14 15.90 10.70 325.44 158.46 7.94 -0.30
0.00 476.50
947.70 22.84 15.34 10.61 326.06 175.82 7.98 -0.30
0.00 638.91
926.30 21.04 14.43 10.19 326.07 185.86 7.61 -0.20
0.00 837.20
903.00 19.04 13.29 9.50 325.70 191.00 7.13 -0.10
0.00 1056.94
877.60 16.94 11.90 8.42 324.95 196.39 6.88 0.00
0.00 1301.29
849.40 14.94 10.31 6.93 324.19 200.32 5.59 -0.10
0.00 1578.94
818.20 13.34 8.60 4.87 323.70 221.63 2.33 -0.20
0.00 1894.99
784.00 11.74 6.39 1.65 322.53 323.13 4.86 -0.20
0.00 2253.37
747.00 10.04 4.23 -1.56 322.28 331.70 11.48 -0.10
0.00 2656.54
706.90 7.04 1.52 -4.77 321.60 317.39 13.19 0.20
0.00 3112.65
664.00 4.84 -2.80 -16.44 317.94 278.75 10.22 0.30
0.00 3624.95
618.30 2.54 -5.53 -24.56 319.33 264.05 9.38 0.20
0.00 4203.23
570.00 -0.76 -8.30 -29.97 321.93 262.65 6.08 0.00
0.00 4855.96
523.30 -5.76 -12.02 -34.10 323.30 268.32 6.60 0.00
0.00 5531.46
481.20 -10.86 -15.85 -37.12 324.53 283.39 8.39 0.00
0.00 6181.81
443.50 -15.36 -19.49 -42.27 326.04 307.06 11.93 0.00
0.00 6802.91
409.60 -19.46 -22.91 -48.11 327.88 315.00 15.93 0.10
0.00 7398.23
378.90 -23.46 -26.27 -52.30 329.82 309.81 18.20 0.10
0.00 7972.24
351.30 -26.86 -28.66 -40.48 333.37 311.86 25.04 0.20
0.00 8521.32
326.40 -29.66 -30.37 -34.05 337.85 312.11 32.73 0.30
0.00 9048.46
303.90 -33.36 -34.29 -41.57 338.33 307.94 31.27 0.20
0.00 9553.81
283.80 -36.56 -37.71 -54.72 339.41 309.11 26.79 0.20
0.00 10030.97
265.70 -39.66 -40.47 -52.61 341.46 320.95 26.52 0.10
0.00 10484.40
248.80 -43.66 -44.07 -50.52 342.14 293.94 41.65 0.10
0.00 10929.75
233.60 -46.86 -47.16 -52.96 343.37 285.68 51.05 0.20
0.00 11350.29
219.60 -49.56 -49.85 -57.90 345.11 291.35 55.48 0.10
0.00 11757.24
205.70 -52.56 -52.87 -67.88 346.68 299.20 52.95 0.00
0.00 12182.34
191.70 -56.36 -56.53 -65.45 347.68 302.53 42.62 -0.10
0.00 12633.56
177.70 -58.96 -59.05 -63.87 351.08 298.76 40.77 -0.10
22.00 13111.91
163.80 -61.26 -61.34 -66.60 355.44 296.02 45.61 0.00
0.00 13619.85
149.80 -62.86 -62.95 -70.13 361.83 305.57 44.42 0.00
0.00 14171.91
135.90 -62.66 -62.79 -75.48 372.35 311.49 31.37 0.00
0.00 14771.63
121.90 -62.96 -9999.00 -9999.00 -9999.00 303.84 21.29 0.00
0.00 15441.01
108.00 -62.06 -9999.00 -9999.00 -9999.00 282.29 20.09 0.00
0.00 16187.49
94.00 -61.76 -9999.00 -9999.00 -9999.00 286.70 12.16 0.00
0.00 17045.96
81.00 -61.56 -9999.00 -9999.00 -9999.00 274.01 11.09 0.00
0.00 17967.40
70.60 -59.86 -9999.00 -9999.00 -9999.00 315.00 6.04 0.00
0.00 18821.93
62.20 -59.26 -9999.00 -9999.00 -9999.00 50.91 4.00 0.00
0.00 19613.92
54.30 -57.96 -9999.00 -9999.00 -9999.00 45.83 9.48 0.00
0.00 20466.92
46.90 -56.46 -9999.00 -9999.00 -9999.00 68.37 12.12 0.00
0.00 21392.97
40.10 -55.46 -9999.00 -9999.00 -9999.00 54.36 12.67 0.00
0.00 22388.81
33.80 -53.96 -9999.00 -9999.00 -9999.00 51.63 17.83 0.00
0.00 23481.65
27.80 -51.46 -9999.00 -9999.00 -9999.00 55.12 23.45 0.00
0.00 24742.64
22.30 -48.66 -9999.00 -9999.00 -9999.00 71.21 29.55 0.00
0.00 26182.21
17.10 -44.06 -9999.00 -9999.00 -9999.00 78.85 27.12 0.00
0.00 27944.78
12.30 -40.36 -9999.00 -9999.00 -9999.00 76.92 28.32 0.00
0.00 30172.04

STID = KMDW STNM = 725340 TIME = 200808/0300 
SLAT = 41.78 SLON = -87.75 SELV = 183.0
STIM = 11

SHOW = 6.15 LIFT = 4.89 SWET = 101.93 KINX = 17.25
LCLP = 898.51 PWAT = 24.28 TOTL = 38.33 CAPE = 0.00
LCLT = 287.35 CINS = 0.00 EQLV = -9999.00 LFCT = -9999.00
BRCH = 0.00

PRES TMPC TMWC DWPC THTE DRCT SKNT OMEG
CFRL HGHT
997.80 22.94 18.31 15.84 329.60 128.16 3.46 0.00
0.00 190.87
994.70 23.54 17.82 14.65 328.24 132.40 6.04 0.00
0.00 218.04
989.20 24.54 16.65 11.81 324.83 142.25 7.61 -0.10
0.00 266.56
979.80 24.74 16.32 11.04 324.92 163.30 8.12 -0.20
0.00 350.22
965.90 23.94 15.99 11.04 325.73 182.54 8.74 -0.30
0.00 475.29
948.00 22.54 15.39 10.93 326.22 193.74 8.99 -0.30
0.00 638.42
926.60 20.84 14.47 10.42 326.18 195.38 8.06 -0.30
0.00 836.50
903.20 18.94 13.29 9.56 325.66 189.46 7.09 -0.20
0.00 1057.03
877.90 16.84 11.80 8.30 324.61 183.01 7.40 -0.10
0.00 1300.25
849.60 14.74 10.05 6.56 323.39 183.27 6.82 -0.10
0.00 1578.65
818.40 12.94 8.53 5.06 323.47 194.93 3.01 -0.10
0.00 1894.28
784.30 11.44 6.60 2.42 323.07 323.13 3.88 -0.10
0.00 2251.10
747.20 9.74 4.78 0.16 323.76 330.95 10.00 0.00
0.00 2654.92
707.10 6.94 1.84 -3.72 322.41 316.27 12.37 0.10
0.00 3110.70
664.20 5.04 -2.89 -17.60 317.67 287.42 10.39 0.20
0.00 3622.97
618.40 2.94 -5.48 -26.39 319.34 266.19 8.76 0.10
0.00 4202.96
570.10 -0.56 -8.24 -30.75 322.01 258.02 6.55 0.10
0.00 4856.26
523.40 -5.66 -11.99 -34.61 323.33 265.82 7.98 0.20
0.00 5532.01
481.20 -10.86 -15.85 -37.12 324.53 280.68 10.47 0.20
0.00 6183.95
443.50 -15.36 -19.51 -42.73 326.00 301.72 12.57 0.20
0.00 6805.05
409.60 -19.56 -23.01 -48.88 327.71 310.19 14.74 0.10
0.00 7400.25
378.90 -23.56 -26.21 -46.81 329.96 312.63 16.63 0.10
0.00 7974.04
351.30 -26.76 -27.79 -32.55 334.94 322.21 21.87 0.00
0.00 8523.20
326.40 -28.76 -30.00 -37.04 338.47 304.75 26.24 0.10
0.00 9051.45
304.00 -31.66 -32.98 -43.45 340.47 294.25 27.91 0.10
0.00 9557.15
283.80 -36.26 -37.29 -49.37 340.13 296.57 27.80 0.10
0.00 10038.61
265.70 -39.96 -40.57 -48.34 341.31 288.22 32.93 -0.10
0.00 10492.06
248.80 -44.06 -44.29 -47.56 341.78 286.19 37.63 -0.20
100.00 10936.75
233.60 -47.56 -47.71 -50.50 342.47 278.59 44.21 -0.20
100.00 11356.30
219.60 -50.86 -50.99 -54.21 343.27 279.31 48.04 -0.10
100.00 11761.45
205.70 -52.96 -53.18 -61.06 346.18 285.72 54.49 0.00
0.00 12184.93
191.70 -56.06 -56.29 -73.19 348.07 299.96 43.94 0.00
0.00 12636.05
177.80 -58.96 -59.10 -68.92 350.93 297.35 38.05 0.00
0.00 13111.18
163.80 -60.86 -60.95 -66.60 356.11 297.02 44.04 0.00
0.00 13623.10
149.80 -62.46 -62.56 -70.13 362.52 310.66 43.53 0.00
0.00 14176.21
135.90 -62.76 -62.86 -70.80 372.22 310.28 30.05 0.00
0.00 14776.36
121.90 -62.86 -63.01 -76.19 383.73 297.47 21.89 0.00
0.00 15445.74
108.00 -61.96 -9999.00 -9999.00 -9999.00 274.93 22.61 0.00
0.00 16192.58
94.00 -61.46 -9999.00 -9999.00 -9999.00 282.53 16.12 0.00
0.00 17051.85
81.00 -61.56 -9999.00 -9999.00 -9999.00 290.14 12.41 0.00
0.00 17973.95
70.60 -59.26 -9999.00 -9999.00 -9999.00 347.62 8.16 0.00
0.00 18829.69
62.20 -58.36 -9999.00 -9999.00 -9999.00 31.50 7.07 0.00
0.00 19624.45
54.30 -56.66 -9999.00 -9999.00 -9999.00 34.56 10.61 0.00
0.00 20481.83
46.90 -55.96 -9999.00 -9999.00 -9999.00 61.56 10.61 0.00
0.00 21411.74
40.10 -56.06 -9999.00 -9999.00 -9999.00 47.95 13.34 0.00
0.00 22407.35
33.80 -54.86 -9999.00 -9999.00 -9999.00 50.75 17.81 0.00
0.00 23496.44
27.80 -51.76 -9999.00 -9999.00 -9999.00 63.43 22.59 0.00
0.00 24754.00
22.30 -48.26 -9999.00 -9999.00 -9999.00 80.81 26.77 0.00
0.00 26193.89
17.10 -43.46 -9999.00 -9999.00 -9999.00 81.81 27.27 0.00
0.00 27960.34
12.30 -40.86 -9999.00 -9999.00 -9999.00 74.15 31.29 0.00
0.00 30188.08

STID = KMDW STNM = 725340 TIME = 200808/0400 
SLAT = 41.78 SLON = -87.75 SELV = 183.0
STIM = 12

SHOW = 6.82 LIFT = 5.14 SWET = 98.35 KINX = 18.76
LCLP = 915.88 PWAT = 25.20 TOTL = 37.15 CAPE = 0.00
LCLT = 288.13 CINS = 0.00 EQLV = -9999.00 LFCT = -9999.00
BRCH = 0.00

PRES TMPC TMWC DWPC THTE DRCT SKNT OMEG
CFRL HGHT
998.00 22.14 18.34 16.33 329.70 135.00 3.57 0.00
0.00 192.59
995.00 23.14 17.75 14.76 327.96 141.34 6.22 0.00
0.00 218.83
989.60 24.44 16.84 12.26 325.45 162.90 7.93 0.00
0.00 266.41
980.10 24.54 16.55 11.66 325.69 183.58 9.34 -0.10
0.00 350.91
966.20 23.74 16.19 11.58 326.38 194.86 9.85 -0.20
0.00 475.88
948.30 22.34 15.53 11.33 326.64 199.98 9.09 -0.20
0.00 638.88
926.90 20.64 14.54 10.68 326.36 197.97 7.56 -0.10
0.00 836.79
903.50 18.74 13.24 9.62 325.49 183.37 6.62 0.00
0.00 1057.10
878.20 16.74 11.72 8.21 324.31 172.50 7.44 0.10
0.00 1300.11
849.90 14.64 9.90 6.32 322.89 180.00 7.19 0.20
0.00 1578.30
818.70 12.84 8.38 4.83 323.00 218.16 3.46 0.20
0.00 1893.69
784.50 11.44 6.88 3.06 323.85 299.48 5.13 0.10
0.00 2251.40
747.40 9.44 5.30 1.68 325.19 318.37 9.36 0.20
0.00 2655.00
707.30 6.44 2.35 -1.80 323.72 314.33 11.67 0.20
0.00 3110.19
664.30 4.74 -2.77 -15.99 317.98 294.62 10.26 0.20
0.00 3622.93
618.50 2.84 -5.73 -28.73 318.73 265.60 7.60 0.10
0.00 4202.42
570.20 -0.46 -8.29 -32.26 321.86 241.56 5.30 0.00
0.00 4855.57
523.40 -5.36 -11.88 -35.99 323.51 258.02 6.55 0.10
0.00 5533.18
481.30 -10.36 -15.60 -38.73 324.95 287.35 9.77 0.20
0.00 6184.47
443.60 -14.56 -19.06 -46.68 326.73 304.35 14.12 0.20
0.00 6806.97
409.70 -19.06 -22.48 -43.94 328.65 305.39 18.10 0.10
0.00 7403.54
378.90 -23.46 -25.36 -34.58 331.56 311.95 20.63 0.10
0.00 7979.90
351.30 -27.26 -27.90 -30.67 334.76 319.04 23.41 -0.10
0.00 8528.70
326.40 -29.66 -30.56 -35.54 337.51 304.70 24.57 -0.10
0.00 9055.49
304.00 -32.26 -33.23 -39.97 340.09 289.54 25.56 -0.10
0.00 9559.65
283.80 -36.26 -36.88 -42.21 340.84 285.15 28.98 -0.10
0.00 10040.56
265.70 -40.16 -40.66 -46.55 341.17 277.01 35.02 -0.20
0.00 10493.84
248.80 -43.76 -44.07 -48.45 342.15 268.63 40.62 -0.20
0.00 10938.63
233.60 -47.86 -48.05 -51.65 341.94 271.27 43.92 -0.20
100.00 11358.17
219.60 -50.96 -51.06 -53.48 343.16 276.97 52.84 -0.20
100.00 11762.96
205.70 -53.36 -53.51 -58.42 345.64 283.79 54.60 -0.10
5.00 12185.97
191.70 -56.06 -56.24 -65.45 348.16 292.76 43.18 0.00
0.00 12636.68
177.70 -59.16 -59.32 -73.70 350.62 292.64 36.83 0.00
0.00 13115.14
163.80 -60.56 -60.68 -69.50 356.57 294.78 44.50 0.00
0.00 13623.66
149.80 -61.66 -61.80 -74.84 363.85 310.82 43.38 0.00
0.00 14178.21
135.90 -63.16 -63.26 -70.80 371.51 309.08 29.27 -0.10
0.00 14778.93
121.90 -63.46 -63.59 -76.19 382.63 293.87 24.01 0.00
0.00 15446.71
108.00 -62.86 -9999.00 -9999.00 -9999.00 281.99 22.44 0.00
0.00 16190.90
94.00 -61.46 -9999.00 -9999.00 -9999.00 299.32 16.26 0.00
0.00 17048.34
81.00 -60.76 -9999.00 -9999.00 -9999.00 308.81 11.46 0.00
0.00 17972.19
70.60 -58.66 -9999.00 -9999.00 -9999.00 354.81 8.59 0.00
0.00 18830.74
62.20 -58.76 -9999.00 -9999.00 -9999.00 27.41 5.91 0.00
0.00 19625.87
54.30 -57.66 -9999.00 -9999.00 -9999.00 41.99 10.45 0.00
0.00 20480.46
46.90 -56.96 -9999.00 -9999.00 -9999.00 63.05 12.86 0.00
0.00 21406.08
40.10 -56.56 -9999.00 -9999.00 -9999.00 56.84 17.40 0.00
0.00 22398.26
33.80 -54.36 -9999.00 -9999.00 -9999.00 55.75 22.09 0.00
0.00 23487.35
27.80 -51.16 -9999.00 -9999.00 -9999.00 69.05 26.63 0.00
0.00 24748.05
22.30 -48.46 -9999.00 -9999.00 -9999.00 82.87 25.06 0.00
0.00 26189.24
17.10 -43.06 -9999.00 -9999.00 -9999.00 86.82 28.01 0.00
0.00 27956.46
12.30 -41.16 -9999.00 -9999.00 -9999.00 77.16 31.47 0.00
0.00 30184.69

STID = KMDW STNM = 725340 TIME = 200808/0500 
SLAT = 41.78 SLON = -87.75 SELV = 183.0
STIM = 13

SHOW = 7.04 LIFT = 5.05 SWET = 92.69 KINX = 19.04
LCLP = 930.39 PWAT = 25.73 TOTL = 36.90 CAPE = 0.00
LCLT = 288.67 CINS = 0.00 EQLV = -9999.00 LFCT = -9999.00
BRCH = 0.00

PRES TMPC TMWC DWPC THTE DRCT SKNT OMEG
CFRL HGHT
997.70 21.34 18.25 16.62 329.45 141.34 3.73 0.00
0.00 192.57
994.80 22.74 17.55 14.65 327.32 150.46 6.70 0.00
0.00 217.89
989.30 24.14 17.00 12.78 326.06 176.42 9.34 0.00
0.00 266.31
979.80 24.34 16.78 12.26 326.54 190.12 11.05 -0.10
0.00 350.78
965.90 23.54 16.36 12.06 327.04 195.35 10.28 -0.10
0.00 475.73
948.00 22.14 15.62 11.65 327.01 195.95 8.49 -0.10
0.00 638.69
926.60 20.44 14.49 10.73 326.25 188.13 6.88 0.00
0.00 836.54
903.30 18.64 13.07 9.36 324.98 167.13 6.97 0.10
0.00 1055.85
878.00 16.74 11.53 7.84 323.77 166.29 8.20 0.20
0.00 1298.86
849.70 14.84 9.75 5.84 322.46 185.04 6.62 0.20
0.00 1577.17
818.50 13.24 8.50 4.74 323.37 246.80 4.43 0.20
0.00 1892.93
784.30 11.64 7.42 4.03 325.39 289.44 7.01 0.10
0.00 2251.16
747.20 9.24 5.73 2.79 326.42 304.44 8.24 0.10
0.00 2654.98
707.10 6.44 2.49 -1.44 324.13 301.68 10.72 0.10
0.00 3110.21
664.20 4.64 -2.63 -14.95 318.36 287.24 11.79 0.10
0.00 3621.82
618.40 2.54 -6.00 -30.10 318.15 271.15 9.71 0.00
0.00 4201.00
570.10 -0.56 -8.48 -34.55 321.44 245.56 7.03 0.00
0.00 4853.75
523.40 -5.36 -11.96 -37.57 323.33 249.90 8.49 0.10
0.00 5529.82
481.30 -10.36 -15.61 -39.09 324.91 274.48 9.95 0.10
0.00 6181.10
443.60 -14.46 -18.99 -46.68 326.85 300.19 12.35 0.00
0.00 6803.72
409.70 -18.86 -21.88 -36.08 329.81 310.45 15.58 -0.10
0.00 7400.68
378.90 -23.36 -24.54 -29.03 333.05 319.64 20.40 -0.10
0.00 7977.49
351.30 -27.16 -27.88 -31.05 334.79 317.44 25.85 -0.10
19.00 8526.57
326.40 -30.66 -31.24 -34.37 336.38 306.06 24.75 -0.10
13.00 9052.40
304.00 -33.16 -33.83 -38.36 339.08 293.01 23.85 -0.10
0.00 9554.60
283.80 -37.06 -37.76 -44.79 339.38 286.91 34.71 -0.20
0.00 10033.79
265.70 -40.06 -40.64 -47.87 341.20 272.10 42.37 -0.20
0.00 10486.39
248.80 -43.86 -44.18 -48.92 341.96 262.52 43.30 -0.20
15.00 10931.17
233.60 -47.86 -48.02 -51.06 341.98 267.25 44.54 -0.30
100.00 11350.62
219.60 -50.86 -51.02 -55.00 343.23 272.16 51.52 -0.20
100.00 11755.50
205.70 -53.66 -53.82 -59.64 345.13 280.53 53.15 -0.10
17.00 12178.31
191.70 -55.86 -56.05 -65.45 348.48 290.62 43.59 -0.10
0.00 12628.92
177.80 -58.96 -59.13 -73.70 350.89 292.16 35.02 0.00
0.00 13104.27
163.80 -60.96 -61.10 -74.24 355.85 295.84 41.43 0.00
0.00 13616.06
149.80 -61.86 -61.99 -74.84 363.50 311.02 43.51 0.00
0.00 14169.82
135.90 -63.36 -63.48 -75.48 371.11 312.64 26.67 0.00
0.00 14769.97
121.90 -63.96 -64.08 -76.19 381.72 296.57 23.45 0.00
0.00 15436.64
108.00 -62.76 -9999.00 -9999.00 -9999.00 286.28 22.86 0.00
0.00 16180.11
94.00 -61.86 -9999.00 -9999.00 -9999.00 302.31 15.64 0.00
0.00 17036.95
81.00 -61.16 -9999.00 -9999.00 -9999.00 317.94 10.72 0.00
0.00 17959.05
70.60 -59.16 -9999.00 -9999.00 -9999.00 8.33 8.04 0.00
0.00 18815.79
62.20 -59.16 -9999.00 -9999.00 -9999.00 49.40 5.38 0.00
0.00 19609.26
54.30 -57.56 -9999.00 -9999.00 -9999.00 55.10 10.18 0.00
0.00 20463.25
46.90 -56.66 -9999.00 -9999.00 -9999.00 68.50 13.77 0.00
0.00 21389.73
40.10 -55.96 -9999.00 -9999.00 -9999.00 63.43 18.69 0.00
0.00 22383.97
33.80 -53.36 -9999.00 -9999.00 -9999.00 60.14 24.18 0.00
0.00 23477.06
27.80 -50.36 -9999.00 -9999.00 -9999.00 72.32 28.13 0.00
0.00 24742.92
22.30 -48.36 -9999.00 -9999.00 -9999.00 82.65 24.28 0.00
0.00 26187.00
17.10 -43.66 -9999.00 -9999.00 -9999.00 91.27 26.22 0.00
0.00 27952.29
12.30 -41.66 -9999.00 -9999.00 -9999.00 80.54 35.45 0.00
0.00 30175.21

STID = KMDW STNM = 725340 TIME = 200808/0600 
SLAT = 41.78 SLON = -87.75 SELV = 183.0
STIM = 14

SHOW = 7.32 LIFT = 5.39 SWET = 87.93 KINX = 19.20
LCLP = 938.36 PWAT = 25.74 TOTL = 36.46 CAPE = 0.00
LCLT = 288.88 CINS = 0.00 EQLV = -9999.00 LFCT = -9999.00
BRCH = 0.00

PRES TMPC TMWC DWPC THTE DRCT SKNT OMEG
CFRL HGHT
997.70 20.84 18.14 16.70 329.05 147.99 3.67 0.00
0.00 192.55
994.70 22.24 17.40 14.68 326.82 164.25 7.87 0.00
0.00 218.71
989.30 23.94 17.06 13.02 326.27 182.91 11.48 0.00
0.00 266.20
979.80 24.24 16.86 12.49 326.84 189.02 12.39 0.00
0.00 350.63
965.90 23.44 16.41 12.22 327.21 189.64 10.45 0.00
0.00 475.54
948.00 22.04 15.59 11.65 326.90 186.63 8.41 0.00
0.00 638.46
926.60 20.44 14.32 10.40 325.70 172.69 7.63 0.10
0.00 836.26
903.20 18.64 12.79 8.79 324.09 161.18 9.03 0.20
0.00 1056.49
878.00 16.94 11.26 7.12 322.93 167.09 9.56 0.30
0.00 1298.58
849.70 15.34 9.71 5.32 322.32 188.88 6.29 0.30
0.00 1577.18
818.50 13.84 8.98 5.24 324.75 260.13 4.53 0.30
0.00 1893.55
784.30 12.04 7.85 4.58 326.63 285.52 7.26 0.30
0.00 2252.45
747.20 9.44 5.85 2.86 326.75 288.43 7.98 0.30
0.00 2656.73
707.10 6.54 2.53 -1.47 324.22 285.42 11.69 0.20
0.00 3112.21
664.20 4.24 -2.26 -12.28 319.29 284.42 14.04 0.10
0.00 3623.62
618.30 2.34 -5.99 -28.37 318.25 282.09 11.13 0.00
0.00 4203.57
570.10 -0.56 -8.63 -37.80 321.08 258.96 8.12 0.00
0.00 4854.78
523.30 -5.06 -11.88 -40.26 323.45 251.90 10.63 0.10
0.00 5532.71
481.20 -10.26 -15.60 -40.22 324.94 266.25 11.87 0.10
0.00 6184.59
443.60 -14.36 -18.96 -48.17 326.90 284.04 13.62 0.00
0.00 6805.85
409.60 -18.96 -22.07 -37.58 329.48 295.84 13.81 -0.10
0.00 7404.62
378.90 -23.66 -24.85 -29.51 332.50 319.40 16.12 -0.10
0.00 7979.16
351.30 -27.36 -28.18 -31.98 334.27 319.79 21.37 -0.10
1.00 8527.67
326.40 -30.76 -31.47 -35.54 335.99 305.92 23.50 -0.20
0.00 9053.15
304.00 -34.26 -34.73 -37.95 337.60 295.96 24.84 -0.20
55.00 9554.10
283.80 -37.66 -38.22 -43.75 338.63 282.19 32.19 -0.20
2.00 10031.59
265.70 -40.56 -41.07 -47.41 340.51 271.77 44.11 -0.10
0.00 10483.13
248.80 -43.96 -44.32 -49.96 341.73 259.53 41.69 -0.10
0.00 10927.33
233.60 -47.76 -48.00 -52.96 342.01 256.96 40.48 -0.10
0.00 11346.77
219.60 -50.66 -50.88 -56.82 343.45 263.32 46.74 -0.10
25.00 11751.92
205.70 -53.56 -53.73 -59.64 345.28 278.87 46.60 -0.10
5.00 12175.01
191.70 -55.76 -55.97 -68.39 348.60 288.87 40.23 0.00
0.00 12625.82
177.80 -58.36 -58.54 -73.70 351.87 292.40 34.67 0.00
0.00 13101.94
163.80 -60.66 -60.80 -74.24 356.36 296.96 38.13 0.00
0.00 13614.82
149.80 -61.66 -61.80 -74.84 363.85 311.08 40.21 0.00
0.00 14169.23
135.90 -62.96 -63.09 -75.48 371.81 304.91 22.75 0.00
0.00 14770.24
121.90 -63.76 -63.89 -76.19 382.09 291.13 24.79 0.00
0.00 15437.86
108.00 -62.66 -9999.00 -9999.00 -9999.00 286.26 24.28 0.00
0.00 16181.87
94.00 -62.16 -9999.00 -9999.00 -9999.00 301.85 15.09 0.00
0.00 17038.30
81.00 -61.36 -9999.00 -9999.00 -9999.00 317.12 11.13 0.00
0.00 17959.31
70.60 -59.06 -9999.00 -9999.00 -9999.00 12.09 5.56 0.00
0.00 18815.85
62.20 -59.56 -9999.00 -9999.00 -9999.00 70.56 3.50 0.00
0.00 19608.76
54.30 -57.86 -9999.00 -9999.00 -9999.00 62.88 8.95 0.00
0.00 20461.37
46.90 -56.86 -9999.00 -9999.00 -9999.00 73.61 13.77 0.00
0.00 21386.77
40.10 -55.76 -9999.00 -9999.00 -9999.00 70.99 18.49 0.00
0.00 22381.01
33.80 -53.06 -9999.00 -9999.00 -9999.00 73.87 24.48 0.00
0.00 23475.35
27.80 -51.16 -9999.00 -9999.00 -9999.00 82.53 23.89 0.00
0.00 24739.78
22.30 -48.56 -9999.00 -9999.00 -9999.00 82.94 22.13 0.00
0.00 26180.64
17.10 -44.96 -9999.00 -9999.00 -9999.00 85.98 24.92 0.00
0.00 27940.09
12.30 -42.36 -9999.00 -9999.00 -9999.00 75.07 27.14 0.00
0.00 30153.37

STID = KMDW STNM = 725340 TIME = 200808/0700 
SLAT = 41.78 SLON = -87.75 SELV = 183.0
STIM = 15

SHOW = 7.30 LIFT = 5.61 SWET = 87.81 KINX = 20.02
LCLP = 943.05 PWAT = 25.66 TOTL = 36.56 CAPE = 0.00
LCLT = 288.78 CINS = 0.00 EQLV = -9999.00 LFCT = -9999.00
BRCH = 0.00

PRES TMPC TMWC DWPC THTE DRCT SKNT OMEG
CFRL HGHT
998.00 20.34 17.86 16.52 328.04 158.75 3.75 0.00
0.00 192.53
995.10 21.74 17.19 14.61 326.06 177.75 9.91 0.00
0.00 217.76
989.50 23.84 16.82 12.62 325.42 185.79 13.48 0.00
0.00 266.94
980.10 24.24 16.66 12.08 326.08 187.43 13.52 -0.10
0.00 350.44
966.10 23.34 16.27 12.01 326.70 185.81 11.52 -0.10
0.00 476.18
948.20 21.94 15.45 11.45 326.41 181.15 9.71 -0.10
0.00 638.99
926.90 20.44 14.19 10.14 325.23 171.70 9.42 -0.10
0.00 835.77
903.50 18.74 12.68 8.49 323.70 163.50 10.94 -0.10
0.00 1055.95
878.20 16.94 11.08 6.73 322.34 165.50 11.64 0.00
0.00 1298.95
849.90 15.54 9.70 5.13 322.27 174.96 6.62 0.10
0.00 1577.55
818.70 14.34 9.33 5.55 325.74 258.69 2.97 0.10
0.00 1894.24
784.50 12.64 7.89 4.14 326.68 283.63 6.60 0.20
0.00 2253.73
747.40 9.84 5.75 2.27 326.41 276.34 8.80 0.30
0.00 2658.56
707.30 6.74 2.88 -0.86 325.10 277.22 13.91 0.40
0.00 3114.40
664.30 4.04 -1.68 -9.62 320.71 282.60 16.92 0.30
0.00 3627.00
618.50 2.04 -5.84 -24.82 318.65 287.95 14.49 0.10
0.00 4205.16
570.20 -0.66 -8.78 -40.35 320.72 276.34 10.55 0.00
0.00 4857.12
523.40 -5.16 -11.99 -41.65 323.20 260.69 12.00 0.00
0.00 5534.65
481.30 -10.26 -15.63 -41.05 324.85 265.10 13.66 0.10
0.00 6186.27
443.60 -14.56 -19.21 -54.92 326.41 272.12 15.75 0.10
0.00 6808.86
409.70 -18.96 -22.20 -39.62 329.20 281.63 13.48 0.00
0.00 7405.55
378.90 -23.86 -24.91 -28.92 332.41 314.37 12.51 0.00
0.00 7981.65
351.30 -27.56 -28.38 -32.26 333.92 321.63 17.83 0.00
7.00 8529.72
326.40 -30.76 -31.85 -39.28 335.32 307.41 20.78 0.00
0.00 9054.96
304.00 -34.56 -35.23 -40.47 336.76 292.69 25.68 0.00
0.00 9555.55
283.80 -37.96 -38.44 -43.10 338.28 278.63 34.97 -0.10
2.00 10032.42
265.70 -40.86 -41.27 -46.15 340.19 273.48 41.65 -0.10
4.00 10483.39
248.80 -44.06 -44.44 -50.52 341.54 257.38 40.02 -0.10
0.00 10927.21
233.60 -47.66 -47.86 -51.65 342.24 254.46 41.34 -0.10
28.00 11346.66
219.60 -50.96 -51.11 -55.00 343.07 266.82 45.53 0.00
28.00 11751.62
205.70 -53.46 -53.66 -61.06 345.40 280.40 43.05 0.00
2.00 12174.53
191.70 -55.26 -55.51 -73.19 349.35 286.59 38.11 0.10
0.00 12625.96
177.80 -57.36 -57.57 -73.70 353.51 288.64 34.03 0.10
0.00 13103.73
163.80 -59.76 -59.92 -74.24 357.86 296.16 36.58 0.00
0.00 13618.88
149.80 -61.36 -61.50 -74.84 364.36 308.09 36.52 0.00
0.00 14174.86
135.90 -62.56 -62.69 -75.48 372.52 293.86 22.09 0.00
0.00 14776.86
121.90 -63.86 -63.98 -76.19 381.90 283.12 26.53 0.00
0.00 15444.97
108.00 -63.06 -9999.00 -9999.00 -9999.00 287.55 23.83 0.00
0.00 16188.09
94.00 -62.36 -9999.00 -9999.00 -9999.00 302.47 12.67 0.00
0.00 17043.30
81.00 -61.66 -9999.00 -9999.00 -9999.00 316.04 7.56 0.00
0.00 17963.22
70.60 -59.06 -9999.00 -9999.00 -9999.00 83.16 4.90 0.00
0.00 18819.16
62.20 -59.76 -9999.00 -9999.00 -9999.00 90.00 5.63 0.00
0.00 19611.70
54.30 -57.76 -9999.00 -9999.00 -9999.00 75.96 10.41 0.00
0.00 20464.10
46.90 -56.96 -9999.00 -9999.00 -9999.00 77.20 13.15 0.00
0.00 21389.51
40.10 -55.66 -9999.00 -9999.00 -9999.00 72.26 15.29 0.00
0.00 22383.74
33.80 -53.36 -9999.00 -9999.00 -9999.00 78.19 21.83 0.00
0.00 23477.59
27.80 -51.76 -9999.00 -9999.00 -9999.00 78.58 20.61 0.00
0.00 24739.44
22.30 -49.16 -9999.00 -9999.00 -9999.00 81.54 23.76 0.00
0.00 26176.43
17.10 -46.96 -9999.00 -9999.00 -9999.00 83.82 23.45 0.00
0.00 27925.78
12.30 -43.06 -9999.00 -9999.00 -9999.00 69.98 26.67 0.00
0.00 30126.04

STID = KMDW STNM = 725340 TIME = 200808/0800 
SLAT = 41.78 SLON = -87.75 SELV = 183.0
STIM = 16

SHOW = 7.06 LIFT = 5.97 SWET = 88.07 KINX = 20.91
LCLP = 942.63 PWAT = 25.36 TOTL = 37.02 CAPE = 0.00
LCLT = 288.24 CINS = 0.00 EQLV = -9999.00 LFCT = -9999.00
BRCH = 0.00

PRES TMPC TMWC DWPC THTE DRCT SKNT OMEG
CFRL HGHT
996.90 19.74 17.32 15.97 326.31 173.99 3.71 0.00
0.00 192.52
993.90 21.24 16.79 14.22 324.89 189.02 12.39 0.00
0.00 218.60
988.40 23.44 16.45 12.19 324.35 191.02 15.23 0.00
0.00 266.87
979.00 23.84 16.24 11.54 324.84 192.68 15.93 0.00
0.00 350.34
965.10 23.04 15.84 11.37 325.38 187.43 13.52 0.00
0.00 475.14
947.20 21.74 15.15 11.01 325.55 180.97 11.46 0.00
0.00 637.96
925.90 20.24 13.89 9.69 324.40 173.12 11.34 0.00
0.00 834.78
902.50 18.64 12.37 7.94 322.88 167.01 12.96 0.00
0.00 1055.05
877.30 16.74 10.87 6.45 321.84 167.20 13.15 0.10
0.00 1297.19
849.10 15.64 9.72 5.09 322.43 173.29 6.64 0.20
0.00 1575.03
817.90 14.64 9.42 5.50 326.12 255.96 3.21 0.20
0.00 1892.23
783.80 12.94 7.59 3.24 325.92 271.68 6.60 0.20
0.00 2251.34
746.70 10.24 5.61 1.59 326.12 266.70 10.12 0.20
0.00 2656.96
706.70 7.04 3.28 -0.24 326.26 272.10 15.95 0.30
0.00 3112.62
663.80 4.04 -1.20 -7.99 321.97 281.65 19.23 0.20
0.00 3624.82
618.00 1.74 -5.79 -22.85 318.92 291.12 18.32 0.00
0.00 4203.21
569.80 -1.16 -9.01 -38.19 320.38 288.97 13.15 -0.20
0.00 4853.40
523.10 -5.46 -12.18 -41.66 322.89 266.19 11.67 -0.20
0.00 5528.92
481.10 -10.36 -15.78 -43.48 324.58 263.48 13.69 -0.10
0.00 6178.82
443.40 -14.56 -19.21 -54.93 326.45 267.24 16.14 0.00
0.00 6801.55
409.50 -18.86 -21.87 -35.86 329.89 272.60 12.84 0.00
0.00 7398.66
378.80 -23.66 -24.73 -28.80 332.74 308.83 10.22 0.10
0.00 7973.48
351.20 -27.36 -28.76 -36.73 333.28 316.52 15.52 0.10
0.00 8522.10
326.30 -30.76 -31.87 -39.53 335.31 300.04 18.63 0.10
0.00 9047.66
303.90 -34.66 -35.25 -39.73 336.76 278.65 27.12 0.00
0.00 9548.31
283.80 -38.36 -38.82 -43.42 337.67 276.37 36.75 0.00
6.00 10022.41
265.70 -41.66 -41.90 -44.69 339.17 272.58 38.89 0.00
25.00 10472.22
248.80 -44.56 -44.80 -48.45 340.95 262.58 42.11 0.00
7.00 10914.80
233.60 -47.76 -47.95 -51.65 342.09 259.46 42.48 0.00
37.00 11333.70
219.60 -50.86 -50.99 -54.21 343.27 264.13 41.78 0.00
82.00 11738.66
205.70 -53.26 -53.49 -62.77 345.67 278.22 36.69 0.10
3.00 12161.86
191.70 -54.86 -55.13 -73.19 349.99 284.34 36.09 0.10
0.00 12613.90
177.70 -56.66 -56.89 -73.70 354.71 288.65 32.81 0.10
0.00 13096.46
163.80 -59.56 -59.73 -74.24 358.20 290.87 33.26 0.00
0.00 13609.16
149.80 -61.06 -9999.00 -9999.00 -9999.00 300.66 31.62 0.00
0.00 14165.79
135.90 -62.46 -62.60 -75.48 372.70 286.99 21.93 -0.10
0.00 14768.36
121.90 -64.46 -64.57 -76.19 380.81 282.09 27.82 -0.10
0.00 15435.67
108.00 -63.96 -9999.00 -9999.00 -9999.00 294.37 24.94 0.00
0.00 16176.13
94.00 -62.76 -9999.00 -9999.00 -9999.00 309.59 13.11 0.00
0.00 17028.70
81.00 -61.36 -9999.00 -9999.00 -9999.00 317.20 7.15 0.00
0.00 17948.41
70.60 -58.86 -9999.00 -9999.00 -9999.00 94.40 2.53 0.00
0.00 18805.35
62.20 -59.46 -9999.00 -9999.00 -9999.00 24.44 4.70 0.00
0.00 19598.82
54.30 -57.66 -9999.00 -9999.00 -9999.00 56.00 10.08 0.00
0.00 20452.02
46.90 -57.66 -9999.00 -9999.00 -9999.00 54.87 12.82 0.00
0.00 21376.14
40.10 -55.76 -9999.00 -9999.00 -9999.00 51.68 15.35 0.00
0.00 22368.54
33.80 -52.26 -9999.00 -9999.00 -9999.00 73.41 19.06 0.00
0.00 23464.88
27.80 -49.96 -9999.00 -9999.00 -9999.00 81.03 18.69 0.00
0.00 24735.03
22.30 -47.96 -9999.00 -9999.00 -9999.00 81.71 20.22 0.00
0.00 26181.70
17.10 -45.56 -9999.00 -9999.00 -9999.00 66.73 19.66 0.00
0.00 27941.15
12.30 -42.16 -9999.00 -9999.00 -9999.00 69.10 29.93 0.00
0.00 30152.50

STID = KMDW STNM = 725340 TIME = 200808/0900 
SLAT = 41.78 SLON = -87.75 SELV = 183.0
STIM = 17

SHOW = 6.56 LIFT = 6.56 SWET = 88.93 KINX = 21.97
LCLP = 941.88 PWAT = 25.13 TOTL = 37.92 CAPE = 0.00
LCLT = 287.76 CINS = 0.00 EQLV = -9999.00 LFCT = -9999.00
BRCH = 0.00

PRES TMPC TMWC DWPC THTE DRCT SKNT OMEG
CFRL HGHT
997.20 19.34 16.90 15.50 324.84 183.01 3.69 0.00
0.00 191.64
994.20 20.74 16.47 13.96 323.79 193.39 12.59 0.00
0.00 217.66
988.70 22.94 16.42 12.46 324.22 194.04 15.21 0.00
0.00 265.84
979.30 23.64 16.18 11.56 324.61 196.70 16.22 0.00
0.00 349.19
965.30 22.94 15.52 10.80 324.29 188.57 14.34 0.00
0.00 474.78
947.50 21.74 14.66 10.02 323.89 180.90 12.43 0.00
0.00 636.58
926.10 20.34 13.17 8.12 322.08 174.88 13.07 -0.10
0.00 834.22
902.80 18.64 11.57 6.19 320.38 169.90 14.39 -0.20
0.00 1053.42
877.60 16.74 10.58 5.83 320.95 172.00 12.55 -0.20
0.00 1295.40
849.30 15.94 9.91 5.23 322.94 188.62 6.49 -0.10
0.00 1574.26
818.20 14.84 9.48 5.44 326.23 245.38 5.13 -0.10
0.00 1890.63
784.00 12.94 7.43 2.87 325.41 259.56 7.50 -0.10
0.00 2250.78
746.90 10.44 5.44 1.00 325.60 261.42 10.41 0.00
0.00 2656.39
706.90 7.24 3.46 -0.03 326.71 269.30 15.93 0.10
0.00 3112.23
664.00 3.84 -0.45 -5.45 323.81 280.99 20.38 0.20
0.00 3624.39
618.10 1.54 -5.53 -20.18 319.53 290.08 19.23 0.10
0.00 4203.66
569.90 -1.46 -9.07 -35.43 320.30 295.16 14.16 0.00
0.00 4853.21
523.20 -5.76 -12.39 -42.17 322.47 273.81 11.67 -0.10
0.00 5527.87
481.10 -10.56 -15.97 -45.27 324.21 261.07 13.77 0.00
0.00 6178.63
443.50 -14.66 -19.13 -46.68 326.62 265.12 15.99 0.20
0.00 6799.29
409.60 -18.66 -21.48 -33.23 330.60 265.91 13.64 0.20
0.00 7396.42
378.90 -23.36 -24.74 -30.25 332.70 294.18 10.43 0.20
0.00 7971.67
351.20 -26.96 -28.62 -38.82 333.49 306.09 14.18 0.10
0.00 8522.95
326.40 -31.06 -31.74 -35.71 335.54 283.90 19.41 0.00
0.00 9046.44
303.90 -35.06 -35.48 -38.58 336.39 279.72 28.77 -0.10
0.00 9548.55
283.80 -38.86 -39.27 -43.42 336.95 281.58 32.91 -0.10
1.00 10021.74
265.70 -42.16 -42.33 -44.35 338.48 271.62 34.40 0.00
100.00 10470.60
248.80 -44.76 -44.94 -47.56 340.74 261.47 39.28 0.00
100.00 10912.51
233.60 -47.86 -48.00 -50.50 342.02 257.50 42.17 0.00
100.00 11331.13
219.60 -50.26 -50.52 -57.90 344.03 266.82 35.02 0.00
49.00 11736.55
205.70 -52.46 -52.80 -72.71 346.79 276.79 32.87 0.00
0.00 12161.07
191.70 -54.26 -54.55 -73.19 350.96 282.46 34.21 0.00
0.00 12614.56
177.70 -56.06 -56.31 -73.70 355.69 283.43 30.96 0.00
0.00 13098.45
163.80 -58.66 -58.85 -74.24 359.71 283.12 32.52 0.00
0.00 13612.94
149.80 -60.96 -9999.00 -9999.00 -9999.00 294.68 31.64 -0.10
0.00 14170.88
135.90 -62.86 -9999.00 -9999.00 -9999.00 291.62 23.19 -0.10
0.00 14773.02
121.90 -65.66 -65.75 -76.19 378.62 286.50 27.35 -0.10
0.00 15437.78
108.00 -64.86 -64.98 -76.97 393.46 300.35 24.98 0.00
0.00 16174.52
94.00 -63.06 -9999.00 -9999.00 -9999.00 314.36 12.22 0.00
0.00 17024.66
81.00 -61.46 -9999.00 -9999.00 -9999.00 300.96 5.67 0.00
0.00 17943.49
70.60 -59.46 -9999.00 -9999.00 -9999.00 157.38 2.53 0.00
0.00 18799.02
62.20 -59.96 -9999.00 -9999.00 -9999.00 29.25 5.57 0.00
0.00 19590.45
54.30 -58.06 -9999.00 -9999.00 -9999.00 62.28 12.94 0.00
0.00 20441.86
46.90 -57.76 -9999.00 -9999.00 -9999.00 57.85 16.06 0.00
0.00 21364.91
40.10 -55.26 -9999.00 -9999.00 -9999.00 55.30 18.43 0.00
0.00 22358.23
33.80 -52.46 -9999.00 -9999.00 -9999.00 78.92 19.19 0.00
0.00 23455.32
27.80 -50.66 -9999.00 -9999.00 -9999.00 83.03 17.62 0.00
0.00 24722.90
22.30 -48.26 -9999.00 -9999.00 -9999.00 75.17 20.49 0.00
0.00 26166.34
17.10 -45.06 -9999.00 -9999.00 -9999.00 64.80 25.54 0.00
0.00 27926.57
12.30 -42.06 -9999.00 -9999.00 -9999.00 73.07 32.69 0.00
0.00 30140.81

STID = KMDW STNM = 725340 TIME = 200808/1000 
SLAT = 41.78 SLON = -87.75 SELV = 183.0
STIM = 18

SHOW = 6.95 LIFT = 7.44 SWET = 90.21 KINX = 21.19
LCLP = 948.10 PWAT = 25.61 TOTL = 37.25 CAPE = 0.00
LCLT = 287.65 CINS = 0.00 EQLV = -9999.00 LFCT = -9999.00
BRCH = 0.00

PRES TMPC TMWC DWPC THTE DRCT SKNT OMEG
CFRL HGHT
997.90 18.74 16.57 15.30 323.66 197.53 3.87 0.00
0.00 191.61
994.90 20.24 16.36 14.07 323.34 202.48 12.20 0.00
0.00 217.57
989.40 22.44 16.41 12.78 324.14 201.94 15.07 0.00
0.00 265.64
979.90 23.34 16.12 11.64 324.34 203.90 16.78 0.00
0.00 349.71
966.00 22.74 15.27 10.42 323.36 195.95 15.56 0.00
0.00 474.21
948.10 21.64 14.07 8.86 321.92 187.70 14.51 0.00
0.00 636.68
926.80 20.34 12.47 6.55 319.81 181.45 15.35 -0.10
0.00 833.15
903.50 18.64 11.06 4.98 318.75 176.51 15.97 -0.10
0.00 1052.09
878.20 16.64 10.15 4.94 319.60 178.36 13.60 -0.10
0.00 1294.74
850.00 15.54 9.72 5.17 322.31 195.02 8.24 -0.10
0.00 1572.14
818.80 14.44 9.35 5.51 325.78 233.84 6.25 -0.10
0.00 1888.83
784.60 12.64 7.50 3.30 325.53 246.57 6.35 0.00
0.00 2248.30
747.50 10.54 5.45 0.91 325.52 257.99 9.34 0.10
0.00 2653.47
707.40 7.84 3.58 -0.38 326.93 268.00 16.72 0.10
0.00 3110.64
664.40 3.54 0.74 -2.09 326.77 276.80 21.33 0.20
0.00 3624.08
618.50 0.94 -4.94 -15.09 320.95 287.24 17.70 0.10
0.00 4202.36
570.20 -1.56 -8.87 -31.16 320.74 294.23 12.78 -0.10
0.00 4852.21
523.40 -5.76 -12.32 -40.25 322.59 273.24 10.31 -0.20
0.00 5527.93
481.30 -10.36 -15.75 -42.44 324.61 253.71 13.15 0.00
0.00 6178.69
443.60 -14.06 -18.51 -41.00 327.78 261.96 16.67 0.10
0.00 6801.79
409.70 -18.46 -21.20 -32.03 331.09 259.92 17.75 0.20
0.00 7399.73
378.90 -23.26 -24.74 -30.78 332.69 274.14 13.44 0.00
0.00 7977.13
351.30 -27.06 -28.51 -36.73 333.66 292.62 12.63 -0.10
0.00 8526.35
326.40 -31.46 -31.99 -35.02 335.13 275.30 18.92 -0.10
3.00 9051.36
304.00 -35.66 -35.87 -37.35 335.73 286.87 24.77 0.00
100.00 9550.13
283.80 -39.06 -39.45 -43.42 336.66 281.16 29.10 0.00
2.00 10024.81
265.70 -42.16 -42.33 -44.35 338.48 269.68 34.77 0.00
100.00 10473.47
248.80 -45.16 -45.29 -47.14 340.18 263.46 37.55 0.00
100.00 10915.00
233.60 -47.56 -47.81 -52.96 342.31 262.46 37.02 0.10
100.00 11333.52
219.60 -49.96 -50.33 -64.44 344.32 268.59 31.47 0.10
0.00 11739.48
205.70 -52.16 -52.48 -67.88 347.31 274.68 33.33 0.10
0.00 12164.57
191.70 -54.06 -54.36 -73.19 351.28 278.77 34.40 0.00
0.00 12618.57
177.80 -55.76 -56.02 -73.70 356.13 279.97 32.54 0.00
0.00 13099.43
163.80 -58.46 -58.66 -74.24 360.04 280.33 33.57 0.00
0.00 13618.07
149.80 -61.56 -9999.00 -9999.00 -9999.00 289.63 32.38 0.00
0.00 14175.48
135.90 -63.26 -9999.00 -9999.00 -9999.00 287.78 21.62 0.00
0.00 14776.20
121.90 -65.56 -65.65 -76.19 378.80 286.86 26.79 0.00
0.00 15440.48
108.00 -64.26 -64.40 -76.97 394.59 304.23 22.79 0.00
0.00 16178.46
94.00 -62.16 -9999.00 -9999.00 -9999.00 313.57 10.99 0.00
0.00 17031.65
81.00 -61.16 -9999.00 -9999.00 -9999.00 286.86 6.70 0.00
0.00 17953.09
70.60 -60.46 -9999.00 -9999.00 -9999.00 240.26 1.57 0.00
0.00 18807.22
62.20 -61.06 -9999.00 -9999.00 -9999.00 24.30 6.60 0.00
0.00 19594.75
54.30 -59.26 -9999.00 -9999.00 -9999.00 66.80 13.31 0.00
0.00 20441.59
46.90 -58.06 -9999.00 -9999.00 -9999.00 67.96 17.60 0.00
0.00 21361.42
40.10 -56.06 -9999.00 -9999.00 -9999.00 72.79 22.98 0.00
0.00 22352.22
33.80 -54.06 -9999.00 -9999.00 -9999.00 88.06 22.94 0.00
0.00 23443.31
27.80 -51.56 -9999.00 -9999.00 -9999.00 89.50 22.14 0.00
0.00 24703.73
22.30 -48.86 -9999.00 -9999.00 -9999.00 75.85 23.83 0.00
0.00 26142.33
17.10 -45.06 -9999.00 -9999.00 -9999.00 63.25 26.75 0.00
0.00 27900.24
12.30 -42.36 -9999.00 -9999.00 -9999.00 68.48 29.64 0.00
0.00 30113.03

STID = KMDW STNM = 725340 TIME = 200808/1100 
SLAT = 41.78 SLON = -87.75 SELV = 183.0
STIM = 19

SHOW = 6.52 LIFT = 8.00 SWET = 96.76 KINX = 21.31
LCLP = 953.68 PWAT = 25.87 TOTL = 37.99 CAPE = 0.00
LCLT = 287.61 CINS = 0.00 EQLV = -9999.00 LFCT = -9999.00
BRCH = 0.00

PRES TMPC TMWC DWPC THTE DRCT SKNT OMEG
CFRL HGHT
998.30 18.24 16.31 15.17 322.78 188.97 3.73 0.00
0.00 191.60
995.20 19.74 16.18 14.06 322.72 198.14 11.85 0.00
0.00 218.36
989.80 22.14 16.17 12.51 323.28 200.30 15.11 0.00
0.00 265.47
980.30 23.14 15.78 11.09 323.15 200.94 16.84 0.00
0.00 349.42
966.40 22.74 14.70 9.22 321.46 192.46 17.11 0.00
0.00 473.80
948.50 21.64 13.37 7.30 319.66 186.20 17.97 -0.10
0.00 636.13
927.20 20.24 12.04 5.61 318.45 183.54 18.88 -0.10
0.00 832.41
903.90 18.64 10.85 4.48 318.09 179.39 18.26 -0.10
0.00 1051.18
878.60 16.94 10.07 4.46 319.29 180.00 15.35 -0.10
0.00 1293.82
850.30 15.64 9.87 5.40 322.69 197.35 9.77 -0.10
0.00 1572.27
819.10 14.34 9.39 5.68 325.87 222.09 8.12 -0.10
0.00 1888.87
784.90 12.54 7.60 3.62 325.80 228.12 7.56 -0.10
0.00 2248.10
747.70 10.44 5.66 1.51 326.10 246.50 9.75 -0.10
0.00 2654.13
707.60 8.24 3.62 -0.72 326.98 269.28 15.54 0.00
0.00 3111.43
664.60 3.64 1.31 -0.93 328.20 277.67 20.38 0.00
0.00 3625.24
618.60 0.64 -4.58 -12.88 321.79 287.82 17.13 0.10
0.00 4204.57
570.30 -1.66 -8.54 -26.68 321.51 290.66 12.67 0.00
0.00 4853.96
523.50 -5.96 -12.22 -35.41 322.84 269.03 11.46 -0.10
0.00 5529.26
481.40 -10.56 -15.75 -39.08 324.65 252.35 13.46 0.00
0.00 6179.44
443.60 -14.16 -18.57 -40.61 327.69 263.42 15.25 0.10
0.00 6803.79
409.70 -18.36 -21.20 -32.70 331.07 262.32 17.44 0.20
0.00 7401.73
379.00 -23.26 -24.64 -30.12 332.84 261.76 14.92 0.20
0.00 7977.30
351.30 -27.16 -28.43 -35.16 333.82 274.76 11.69 0.10
0.00 8528.34
326.40 -31.66 -32.07 -34.37 334.99 276.42 15.64 0.00
100.00 9053.05
304.00 -35.86 -36.20 -38.80 335.19 288.09 20.65 0.00
100.00 9551.40
283.80 -38.96 -39.27 -42.21 336.96 273.98 30.77 -0.10
100.00 10025.97
265.70 -42.46 -42.66 -45.04 337.96 268.64 32.63 -0.10
100.00 10474.44
248.80 -45.16 -45.43 -49.96 339.94 265.94 32.91 0.00
100.00 10915.67
233.60 -47.16 -47.63 -61.80 342.58 266.78 31.14 0.00
19.00 11334.55
219.60 -49.46 -49.88 -67.41 345.04 270.00 33.61 0.00
0.00 11741.30
205.70 -52.06 -52.39 -67.88 347.46 274.09 35.45 0.00
0.00 12166.97
191.70 -53.96 -54.26 -73.19 351.44 277.64 35.08 0.00
0.00 12621.18
177.70 -56.16 -56.41 -73.70 355.53 280.52 33.00 0.00
0.00 13105.30
163.80 -58.66 -58.85 -74.24 359.71 279.76 30.94 0.00
0.00 13619.66
149.80 -61.56 -9999.00 -9999.00 -9999.00 283.24 30.54 0.00
0.00 14176.82
135.90 -63.16 -9999.00 -9999.00 -9999.00 279.46 22.46 0.00
0.00 14777.67
121.90 -64.76 -64.87 -76.19 380.26 291.15 28.54 0.00
0.00 15443.39
108.00 -63.96 -64.10 -76.97 395.16 311.82 24.77 0.00
0.00 16183.32
94.00 -62.06 -9999.00 -9999.00 -9999.00 306.21 13.48 0.00
0.00 17037.32
81.00 -61.36 -9999.00 -9999.00 -9999.00 291.12 9.17 0.00
0.00 17958.54
70.60 -60.76 -9999.00 -9999.00 -9999.00 338.20 2.10 0.00
0.00 18811.67
62.20 -60.76 -9999.00 -9999.00 -9999.00 47.12 7.42 0.00
0.00 19599.20
54.30 -58.96 -9999.00 -9999.00 -9999.00 76.61 12.59 0.00
0.00 20447.23
46.90 -57.46 -9999.00 -9999.00 -9999.00 67.93 15.50 0.00
0.00 21368.99
40.10 -55.56 -9999.00 -9999.00 -9999.00 76.58 21.78 0.00
0.00 22362.31
33.80 -54.06 -9999.00 -9999.00 -9999.00 84.45 20.10 0.00
0.00 23454.65
27.80 -51.66 -9999.00 -9999.00 -9999.00 85.19 20.86 0.00
0.00 24714.79
22.30 -48.86 -9999.00 -9999.00 -9999.00 75.04 23.33 0.00
0.00 26153.06
17.10 -44.76 -9999.00 -9999.00 -9999.00 68.82 23.12 0.00
0.00 27912.13
12.30 -41.66 -9999.00 -9999.00 -9999.00 66.19 28.87 0.00
0.00 30129.75

STID = KMDW STNM = 725340 TIME = 200808/1200 
SLAT = 41.78 SLON = -87.75 SELV = 183.0
STIM = 20

SHOW = 6.68 LIFT = 8.74 SWET = 102.35 KINX = 20.83
LCLP = 953.56 PWAT = 25.54 TOTL = 37.69 CAPE = 0.00
LCLT = 287.77 CINS = 0.00 EQLV = -9999.00 LFCT = -9999.00
BRCH = 0.00

PRES TMPC TMWC DWPC THTE DRCT SKNT OMEG
CFRL HGHT
998.60 18.44 16.49 15.34 323.31 176.19 2.91 0.00
0.00 192.46
995.60 19.44 16.03 13.99 322.20 195.68 11.50 0.00
0.00 218.35
990.10 21.74 15.88 12.24 322.32 196.77 14.80 0.00
0.00 266.26
980.70 23.04 15.42 10.42 321.92 198.23 17.39 0.00
0.00 349.21
966.70 22.74 14.09 7.84 319.46 191.31 18.82 0.00
0.00 474.37
948.90 21.64 12.95 6.29 318.29 187.13 20.36 0.00
0.00 635.68
927.50 20.14 11.87 5.30 317.92 184.28 20.84 0.00
0.00 832.74
904.20 18.64 10.49 3.55 316.97 182.83 19.64 0.10
0.00 1051.37
878.90 17.04 9.63 3.28 317.96 183.29 16.92 0.00
0.00 1293.90
850.70 15.54 9.83 5.40 322.52 196.89 11.36 0.00
0.00 1571.21
819.40 14.14 9.49 6.05 326.13 213.69 8.41 0.00
0.00 1888.55
785.20 12.54 7.83 4.11 326.42 218.45 8.43 0.00
0.00 2247.57
748.00 10.54 6.09 2.37 327.27 239.74 10.80 0.10
0.00 2653.58
707.90 8.44 3.74 -0.66 327.23 267.90 15.95 0.10
0.00 3110.99
664.80 3.84 1.02 -1.78 327.41 274.21 18.51 0.10
0.00 3626.12
618.80 0.74 -4.52 -12.88 321.88 286.84 15.42 0.10
0.00 4205.53
570.50 -1.66 -8.45 -25.85 321.68 283.13 11.97 0.00
0.00 4854.84
523.60 -5.86 -12.02 -33.14 323.27 260.79 14.57 -0.10
0.00 5531.55
481.40 -10.46 -15.59 -37.42 324.95 252.73 15.05 -0.10
0.00 6183.49
443.70 -14.16 -18.57 -40.61 327.67 264.22 15.42 0.00
0.00 6806.24
409.80 -18.36 -21.48 -35.63 330.51 261.10 16.32 0.10
0.00 7404.02
379.00 -23.06 -24.39 -29.50 333.28 250.35 14.43 0.20
0.00 7981.60
351.30 -27.26 -28.33 -33.62 334.01 262.98 12.72 0.10
0.00 8532.78
326.40 -31.66 -32.09 -34.53 334.96 284.25 12.63 0.00
100.00 9057.39
304.00 -35.76 -36.25 -40.22 335.10 275.65 19.72 -0.10
0.00 9555.84
283.80 -39.46 -39.74 -42.50 336.20 268.78 27.39 -0.10
100.00 10029.99
265.70 -42.66 -42.96 -46.97 337.47 263.86 30.87 -0.10
100.00 10477.78
248.80 -44.86 -45.35 -55.81 340.06 264.08 32.03 -0.10
24.00 10919.09
233.60 -47.06 -47.59 -66.97 342.64 266.38 33.86 -0.10
0.00 11338.32
219.60 -49.56 -49.98 -67.41 344.89 267.18 35.59 0.00
0.00 11745.07
205.70 -52.06 -52.39 -67.88 347.46 270.63 35.55 0.00
0.00 12170.64
191.70 -54.06 -54.33 -68.39 351.32 274.42 32.73 0.00
0.00 12624.75
177.80 -55.86 -56.12 -73.70 355.97 275.39 31.02 0.00
0.00 13105.50
163.80 -58.46 -58.66 -74.24 360.04 277.98 32.17 0.00
0.00 13624.02
149.80 -61.16 -9999.00 -9999.00 -9999.00 284.74 30.54 -0.10
0.00 14181.96
135.90 -64.06 -9999.00 -9999.00 -9999.00 282.53 25.08 -0.10
0.00 14782.10
121.90 -65.26 -65.36 -76.19 379.35 294.21 27.47 0.00
0.00 15445.59
108.00 -64.26 -64.40 -76.97 394.59 309.87 21.52 0.00
0.00 16184.10
94.00 -62.26 -9999.00 -9999.00 -9999.00 293.46 11.23 0.00
0.00 17037.08
81.00 -61.66 -9999.00 -9999.00 -9999.00 295.28 7.73 0.00
0.00 17957.22
70.60 -60.86 -9999.00 -9999.00 -9999.00 357.14 3.88 0.00
0.00 18809.54
62.20 -59.96 -9999.00 -9999.00 -9999.00 38.66 7.46 0.00
0.00 19598.37
54.30 -58.56 -9999.00 -9999.00 -9999.00 69.68 11.19 0.00
0.00 20448.79
46.90 -57.56 -9999.00 -9999.00 -9999.00 67.20 14.53 0.00
0.00 21371.19
40.10 -56.06 -9999.00 -9999.00 -9999.00 82.18 20.01 0.00
0.00 22363.14
33.80 -54.36 -9999.00 -9999.00 -9999.00 90.00 17.48 0.00
0.00 23453.48
27.80 -51.36 -9999.00 -9999.00 -9999.00 81.78 17.66 0.00
0.00 24713.61
22.30 -47.86 -9999.00 -9999.00 -9999.00 76.76 20.36 0.00
0.00 26156.09
17.10 -44.16 -9999.00 -9999.00 -9999.00 68.12 25.54 0.00
0.00 27921.37
12.30 -41.96 -9999.00 -9999.00 -9999.00 68.37 35.31 0.00
0.00 30140.43

STID = KMDW STNM = 725340 TIME = 200808/1300 
SLAT = 41.78 SLON = -87.75 SELV = 183.0
STIM = 21

SHOW = 5.84 LIFT = 9.21 SWET = 118.59 KINX = 22.60
LCLP = 914.51 PWAT = 25.67 TOTL = 38.80 CAPE = 0.00
LCLT = 286.99 CINS = 0.00 EQLV = -9999.00 LFCT = -9999.00
BRCH = 0.00

PRES TMPC TMWC DWPC THTE DRCT SKNT OMEG
CFRL HGHT
998.50 21.14 17.34 15.21 326.14 182.20 5.05 0.00
0.00 192.55
995.50 21.14 16.59 13.92 324.00 186.12 10.94 0.00
0.00 218.63
990.10 20.94 16.00 13.00 322.76 186.24 12.51 0.00
0.00 265.75
980.60 22.64 15.15 10.16 321.08 188.22 17.66 0.00
0.00 349.43
966.70 22.54 13.99 7.79 319.17 187.82 20.01 0.00
0.00 473.57
948.80 21.54 12.74 5.89 317.69 185.71 21.46 0.10
0.00 635.70
927.50 20.34 11.41 3.91 316.51 186.34 21.11 0.10
0.00 831.85
904.20 19.04 10.26 2.51 316.27 188.79 19.08 0.10
0.00 1050.63
878.90 17.54 9.93 3.53 318.80 193.71 16.39 0.00
0.00 1293.52
850.70 15.74 10.44 6.54 324.36 206.16 12.33 0.00
0.00 1571.22
819.40 14.14 9.78 6.63 327.01 213.11 10.66 0.00
0.00 1888.75
785.10 12.44 8.24 5.05 327.65 219.69 11.87 -0.10
0.00 2248.85
747.90 10.44 6.41 3.14 328.20 238.39 11.87 -0.10
0.00 2654.87
707.80 8.34 4.13 0.36 328.35 262.50 14.90 0.00
0.00 3112.29
664.70 4.24 0.53 -3.40 326.15 272.90 15.37 0.00
0.00 3627.74
618.80 1.14 -4.75 -14.78 321.29 288.43 13.52 0.10
0.00 4206.62
570.40 -1.66 -8.54 -26.68 321.49 283.60 12.39 0.00
0.00 4857.73
523.60 -5.86 -11.99 -32.69 323.34 267.83 15.37 -0.10
0.00 5533.05
481.40 -10.26 -15.34 -35.45 325.46 264.29 15.62 0.00
0.00 6185.25
443.70 -14.46 -18.58 -37.06 327.70 272.10 15.95 0.10
0.00 6807.92
409.70 -18.46 -21.64 -36.81 330.21 258.11 15.09 0.20
0.00 7407.08
379.00 -22.96 -24.37 -29.87 333.31 239.04 14.72 0.20
0.00 7982.84
351.30 -27.26 -28.10 -31.98 334.41 256.33 14.80 0.10
0.00 8534.14
326.40 -31.86 -32.28 -34.69 334.64 272.82 11.87 0.00
100.00 9058.55
304.00 -36.06 -36.33 -38.36 334.98 265.38 19.29 -0.10
100.00 9556.49
283.80 -39.46 -39.85 -44.08 336.01 259.62 25.87 -0.10
100.00 10030.35
265.70 -42.36 -42.90 -51.87 337.55 260.72 30.11 -0.20
0.00 10478.40
248.80 -44.66 -45.26 -61.32 340.18 262.63 33.29 -0.20
0.00 10920.18
233.60 -47.16 -47.66 -63.98 342.53 263.52 36.17 -0.10
0.00 11339.50
219.60 -49.56 -49.95 -64.44 344.93 266.11 37.18 -0.10
0.00 11746.16
205.70 -51.96 -52.27 -64.93 347.67 270.63 35.55 -0.10
0.00 12171.83
191.70 -54.36 -54.62 -68.39 350.84 274.76 32.75 0.00
0.00 12625.73
177.80 -56.46 -56.70 -73.70 354.98 273.72 29.97 0.00
0.00 13105.49
163.80 -58.46 -58.66 -74.24 360.04 273.18 31.51 0.00
0.00 13623.29
149.80 -60.86 -9999.00 -9999.00 -9999.00 281.68 29.76 0.00
0.00 14181.62
135.90 -64.06 -9999.00 -9999.00 -9999.00 285.41 25.58 0.00
0.00 14782.19
121.90 -65.66 -65.75 -76.19 378.62 293.96 26.79 0.00
0.00 15445.04
108.00 -63.96 -64.10 -76.97 395.16 305.13 19.23 0.00
0.00 16183.38
94.00 -62.06 -9999.00 -9999.00 -9999.00 284.30 10.22 0.00
0.00 17037.38
81.00 -61.46 -9999.00 -9999.00 -9999.00 300.96 7.93 0.00
0.00 17958.39
70.60 -61.16 -9999.00 -9999.00 -9999.00 360.00 4.27 0.00
0.00 18810.50
62.20 -59.26 -9999.00 -9999.00 -9999.00 40.24 6.62 0.00
0.00 19600.08
54.30 -57.96 -9999.00 -9999.00 -9999.00 74.20 10.70 0.00
0.00 20453.08
46.90 -57.46 -9999.00 -9999.00 -9999.00 78.16 12.30 0.00
0.00 21376.98
40.10 -56.36 -9999.00 -9999.00 -9999.00 90.00 18.45 0.00
0.00 22368.47
33.80 -55.26 -9999.00 -9999.00 -9999.00 87.27 16.34 0.00
0.00 23455.80
27.80 -51.16 -9999.00 -9999.00 -9999.00 75.07 18.08 0.00
0.00 24713.94
22.30 -47.56 -9999.00 -9999.00 -9999.00 77.37 23.10 0.00
0.00 26158.03
17.10 -44.46 -9999.00 -9999.00 -9999.00 69.98 28.94 0.00
0.00 27923.31
12.30 -42.66 -9999.00 -9999.00 -9999.00 69.86 37.24 0.00
0.00 30137.55
STN YYMMDD/HHMM PMSL PRES SKTC STC1 SNFL WTNS
P01M C01M STC2 LCLD MCLD HCLD
SNRA UWND VWND R01M BFGR T2MS
Q2MS WXTS WXTP WXTZ WXTR USTM
VSTM HLCY SLLH WSYM CDBP VSBK
TD2M
725340 200807/1600 1021.40 999.90 32.94 306.10 -9999.00 0.00
-9999.00 -9999.00 304.10 11.00 0.00 0.00
-9999.00 -2.50 -0.40 -9999.00 -9999.00 25.34
10.37 0.00 0.00 0.00 0.00 -0.40
-9.40 -11.70 -9999.00 999.00 -9999.00 20.00
14.34
725340 200807/1700 1021.00 999.60 36.14 309.30 0.00 100.00
0.00 0.00 307.50 18.00 0.00 0.00
-9999.00 -3.20 -0.60 -9999.00 -9999.00 26.34
9.57 0.00 0.00 0.00 0.00 -0.30
-9.10 -5.20 -9999.00 999.00 -9999.00 20.00
13.12
725340 200807/1800 1020.70 999.40 37.14 310.30 0.00 100.00
0.00 0.00 308.80 4.00 0.00 0.00
-9999.00 -3.90 -0.50 -9999.00 -9999.00 26.74
9.34 0.00 0.00 0.00 0.00 -0.40
-8.60 14.70 -9999.00 999.00 -9999.00 20.00
12.75
725340 200807/1900 1021.10 999.70 37.64 310.80 0.00 100.00
0.00 0.00 309.50 0.00 4.00 0.00
-9999.00 -4.00 -0.30 -9999.00 -9999.00 27.24
9.05 0.00 0.00 0.00 0.00 -0.80
-7.90 37.30 -9999.00 999.00 -9999.00 20.00
12.28
725340 200807/2000 1020.00 998.70 37.54 310.70 0.00 100.00
0.00 0.00 309.70 3.00 7.00 0.00
-9999.00 -3.70 -0.30 -9999.00 -9999.00 27.84
8.74 0.00 0.00 0.00 0.00 -0.70
-7.40 48.80 -9999.00 999.00 -9999.00 20.00
11.74
725340 200807/2100 1019.40 998.10 36.44 309.60 0.00 100.00
0.00 0.00 308.90 8.00 0.00 0.00
-9999.00 -3.70 -0.10 -9999.00 -9999.00 28.14
8.56 0.00 0.00 0.00 0.00 -1.20
-6.70 52.70 -9999.00 999.00 -9999.00 20.00
11.42
725340 200807/2200 1019.30 998.00 34.44 307.60 0.00 100.00
0.00 0.00 307.30 10.00 0.00 0.00
-9999.00 -3.50 0.10 -9999.00 -9999.00 28.14
8.53 0.00 0.00 0.00 0.00 -1.40
-6.50 47.20 -9999.00 999.00 -9999.00 20.00
11.37
725340 200807/2300 1018.80 997.50 31.94 305.10 0.00 100.00
0.00 0.00 305.30 7.00 100.00 0.00
-9999.00 -3.50 0.30 -9999.00 -9999.00 27.74
8.65 0.00 0.00 0.00 0.00 -1.30
-6.40 38.30 -9999.00 999.00 -9999.00 20.00
11.57
725340 200808/0000 1019.20 997.90 28.74 301.90 0.00 100.00
0.00 0.00 302.40 0.00 100.00 100.00
-9999.00 -3.20 0.50 -9999.00 -9999.00 26.94
8.97 0.00 0.00 0.00 0.00 -1.30
-6.40 34.60 -9999.00 999.00 -9999.00 20.00
12.12
725340 200808/0100 1019.40 998.10 25.14 298.30 0.00 100.00
0.00 0.00 299.10 0.00 73.00 36.00
-9999.00 -2.60 0.50 -9999.00 -9999.00 25.14
9.69 0.00 0.00 0.00 0.00 -2.30
-6.10 27.90 -9999.00 999.00 -9999.00 20.00
13.28
725340 200808/0200 1019.80 998.40 23.24 296.40 0.00 100.00
0.00 0.00 297.10 0.00 22.00 0.00
-9999.00 -1.70 0.70 -9999.00 -9999.00 23.54
10.78 0.00 0.00 0.00 0.00 -3.30
-4.80 8.40 -9999.00 999.00 -9999.00 20.00
14.90
725340 200808/0300 1020.20 998.70 21.94 295.10 0.00 100.00
0.00 0.00 295.80 0.00 100.00 0.00
-9999.00 -1.40 1.20 -9999.00 -9999.00 22.34
11.67 0.00 0.00 0.00 0.00 -3.60
-4.10 5.00 -9999.00 999.00 -9999.00 20.00
16.12
725340 200808/0400 1020.60 999.10 20.94 294.10 0.00 100.00
0.00 0.00 294.70 0.00 100.00 0.00
-9999.00 -1.30 1.40 -9999.00 -9999.00 21.44
12.15 0.00 0.00 0.00 0.00 -4.10
-3.30 20.90 -9999.00 999.00 -9999.00 20.00
16.75
725340 200808/0500 1020.30 998.80 19.94 293.10 0.00 100.00
0.00 0.00 293.70 0.00 100.00 0.00
-9999.00 -1.40 1.50 -9999.00 -9999.00 20.64
12.44 0.00 0.00 0.00 0.00 -3.60
-2.90 27.60 -9999.00 999.00 -9999.00 20.00
17.11
725340 200808/0600 1020.30 998.80 19.34 292.50 0.00 100.00
0.00 0.00 293.00 0.00 55.00 0.00
-9999.00 -1.20 1.60 -9999.00 -9999.00 19.94
12.54 0.00 0.00 0.00 0.00 -2.30
-4.00 23.80 -9999.00 999.00 -9999.00 20.00
17.23
725340 200808/0700 1020.60 999.10 18.74 291.90 0.00 100.00
0.00 0.00 292.40 0.00 28.00 0.00
-9999.00 -0.90 1.90 -9999.00 -9999.00 19.34
12.40 0.00 0.00 0.00 0.00 -1.00
-4.70 11.40 -9999.00 999.00 -9999.00 20.00
17.07
725340 200808/0800 1019.50 998.00 18.14 291.30 0.00 100.00
0.00 0.00 291.80 0.00 82.00 0.00
-9999.00 -0.20 2.00 -9999.00 -9999.00 18.74
12.03 0.00 0.00 0.00 0.00 -0.60
-4.50 6.20 -9999.00 999.00 -9999.00 20.00
16.58
725340 200808/0900 1019.80 998.20 17.64 290.80 0.00 100.00
0.00 0.00 291.20 0.00 100.00 0.00
-9999.00 0.10 1.90 -9999.00 -9999.00 18.24
11.70 0.00 0.00 0.00 0.00 -0.40
-4.20 14.20 -9999.00 999.00 -9999.00 20.00
16.15
725340 200808/1000 1020.50 998.90 17.14 290.30 0.00 100.00
0.00 0.00 290.70 0.00 100.00 0.00
-9999.00 0.70 2.00 -9999.00 -9999.00 17.74
11.42 0.00 0.00 0.00 0.00 -0.50
-3.50 10.50 -9999.00 999.00 -9999.00 20.00
15.79
725340 200808/1100 1020.90 999.30 16.64 289.80 0.00 100.00
0.00 0.00 290.20 0.00 100.00 0.00
-9999.00 0.40 2.00 -9999.00 -9999.00 17.34
11.25 0.00 0.00 0.00 0.00 -1.20
-2.20 24.30 -9999.00 999.00 -9999.00 20.00
15.57
725340 200808/1200 1021.30 999.70 18.04 291.20 0.00 100.00
0.00 0.00 291.20 0.00 100.00 0.00
-9999.00 0.20 1.60 -9999.00 -9999.00 18.14
11.43 0.00 0.00 0.00 0.00 -1.30
-1.30 35.10 -9999.00 999.00 -9999.00 20.00
15.82
725340 200808/1300 1021.10 999.60 20.84 294.00 0.00 100.00
0.00 0.00 293.60 0.00 100.00 0.00
-9999.00 0.20 2.60 -9999.00 -9999.00 20.84
11.54 0.00 0.00 0.00 0.00 -1.30
-1.00 66.90 -9999.00 999.00 -9999.00 20.00
15.97


