
SNPARM = PRES;TMPC;TMWC;DWPC;THTE;DRCT;SKNT;OMEG;CFRL;HGHT 
STNPRM = SHOW;LIFT;SWET;KINX;LCLP;PWAT;TOTL;CAPE;LCLT;CINS;EQLV;LFCT;BRCH 

STID = KMDW STNM = 725340 TIME = 200809/1400 
SLAT = 41.78 SLON = -87.75 SELV = 183.0
STIM = 0

SHOW = -2.72 LIFT = -3.07 SWET = 232.65 KINX = 25.89
LCLP = 936.78 PWAT = 37.68 TOTL = 51.30 CAPE = 292.33
LCLT = 292.79 CINS = -243.84 EQLV = 334.93 LFCT = 603.29
BRCH = 265.89

PRES TMPC TMWC DWPC THTE DRCT SKNT OMEG
CFRL HGHT
996.30 24.84 21.91 20.64 343.91 191.89 3.77 0.00
0.00 192.72
993.30 24.54 21.62 20.34 343.14 191.77 4.76 0.00
0.00 219.25
987.80 24.24 21.42 20.18 343.15 189.78 5.71 0.00
0.00 268.05
978.40 23.64 20.91 19.69 342.46 188.37 6.68 -0.10
0.00 351.96
964.50 22.74 19.48 17.93 338.78 203.05 9.93 0.00
0.00 477.14
946.50 22.74 18.08 15.70 336.02 209.41 12.26 0.10
0.00 641.56
925.20 22.04 17.48 15.13 336.96 213.69 13.31 0.10
0.00 839.87
901.80 20.64 16.70 14.64 337.63 212.32 11.27 0.10
0.00 1062.26
876.50 18.84 15.84 14.25 338.43 207.60 9.63 0.10
0.00 1307.94
848.30 16.94 14.36 12.92 337.55 204.18 10.43 0.10
0.00 1588.46
817.00 15.34 12.28 10.43 335.37 208.02 13.64 0.10
0.00 1908.82
782.90 13.94 10.25 7.81 334.18 208.25 14.78 0.00
0.00 2269.96
745.90 12.04 7.16 3.34 330.67 193.85 14.61 0.00
0.00 2677.30
706.00 9.54 2.55 -5.24 324.22 186.25 14.26 -0.10
0.00 3135.64
663.30 7.14 0.43 -7.72 325.89 188.75 12.78 0.00
0.00 3650.77
617.60 2.94 -2.32 -9.16 327.21 240.40 9.83 -0.10
0.00 4233.19
569.40 -2.66 -5.51 -9.36 328.77 276.77 11.54 -0.10
0.00 4884.49
522.70 -8.66 -10.64 -14.12 326.72 287.47 10.99 0.00
0.00 5555.70
480.70 -12.36 -15.44 -23.80 325.70 250.50 9.89 0.00
0.00 6200.38
443.10 -14.16 -18.17 -34.19 328.64 223.48 15.52 0.10
0.00 6820.30
409.30 -17.76 -21.50 -43.47 330.46 231.55 16.86 0.20
0.00 7417.77
378.60 -22.16 -25.28 -53.44 331.57 242.94 20.07 0.10
0.00 7995.66
351.10 -25.86 -28.33 -51.95 333.88 254.45 23.19 0.00
0.00 8545.62
326.20 -28.96 -31.02 -53.57 336.65 261.09 26.34 0.00
0.00 9074.78
303.90 -31.86 -33.60 -56.52 339.37 266.95 29.18 0.00
0.00 9577.94
283.70 -35.36 -36.73 -58.54 341.04 266.47 31.53 0.00
0.00 10060.23
265.60 -38.96 -40.00 -60.81 342.22 264.51 30.44 0.00
0.00 10515.64
248.80 -42.36 -43.14 -61.32 343.61 264.63 29.08 0.00
0.00 10960.33
233.60 -45.56 -46.13 -61.80 345.00 267.97 27.41 -0.10
0.00 11383.25
219.60 -48.46 -48.89 -62.27 346.68 276.10 25.58 -0.10
0.00 11792.36
205.70 -51.36 -51.72 -67.88 348.56 288.73 23.58 -0.10
0.00 12219.65
191.70 -54.36 -54.62 -68.39 350.84 298.74 20.61 -0.10
0.00 12674.17
177.70 -57.26 -57.47 -73.70 353.73 292.71 18.10 -0.10
0.00 13156.63
163.80 -59.86 -60.02 -74.24 357.70 275.92 20.71 0.00
0.00 13668.25
149.80 -62.46 -9999.00 -9999.00 -9999.00 270.00 24.86 0.10
0.00 14222.66
135.90 -63.96 -9999.00 -9999.00 -9999.00 255.96 24.83 0.10
0.00 14821.09
121.90 -64.96 -9999.00 -9999.00 -9999.00 232.80 27.31 0.10
0.00 15485.21
108.00 -64.86 -9999.00 -9999.00 -9999.00 246.48 22.88 0.00
0.00 16223.19
94.00 -63.26 -9999.00 -9999.00 -9999.00 259.38 12.65 0.00
0.00 17072.92
81.00 -62.66 -9999.00 -9999.00 -9999.00 252.03 7.56 0.00
0.00 17988.70
70.60 -60.76 -9999.00 -9999.00 -9999.00 209.05 2.00 0.00
0.00 18839.21
62.20 -59.86 -9999.00 -9999.00 -9999.00 108.43 2.45 0.00
0.00 19628.41
54.30 -58.36 -9999.00 -9999.00 -9999.00 31.26 6.37 0.00
0.00 20479.42
46.90 -56.86 -9999.00 -9999.00 -9999.00 48.58 13.21 0.00
0.00 21403.76
40.10 -54.96 -9999.00 -9999.00 -9999.00 63.74 16.24 0.00
0.00 22399.83
33.80 -52.36 -9999.00 -9999.00 -9999.00 74.36 15.13 0.00
0.00 23497.92
27.80 -49.76 -9999.00 -9999.00 -9999.00 71.57 15.37 0.00
0.00 24768.35
22.30 -47.66 -9999.00 -9999.00 -9999.00 68.50 20.67 0.00
0.00 26216.63
17.10 -45.66 -9999.00 -9999.00 -9999.00 80.93 28.32 0.00
0.00 27976.87
12.30 -42.96 -50.67 -89.89 808.90 86.21 32.32 0.00
0.00 30183.88

STID = KMDW STNM = 725340 TIME = 200809/1500 
SLAT = 41.78 SLON = -87.75 SELV = 183.0
STIM = 1

SHOW = -2.29 LIFT = -3.69 SWET = 221.30 KINX = 25.02
LCLP = 900.41 PWAT = 37.43 TOTL = 50.96 CAPE = 455.20
LCLT = 291.49 CINS = -175.69 EQLV = 318.16 LFCT = 620.71
BRCH = 157.65

PRES TMPC TMWC DWPC THTE DRCT SKNT OMEG
CFRL HGHT
995.70 26.84 22.03 19.96 344.48 176.05 5.65 0.00
0.00 192.78
992.70 26.24 21.69 19.71 343.52 176.99 7.40 0.00
0.00 219.49
987.20 25.64 21.38 19.51 343.06 177.34 8.35 -0.10
0.00 268.56
977.70 24.74 20.90 19.19 342.52 178.83 9.52 -0.10
0.00 353.74
963.80 23.54 20.24 18.74 341.94 181.06 10.49 -0.10
0.00 479.43
945.90 22.24 18.90 17.29 339.30 190.01 13.42 0.00
0.00 643.22
924.50 21.54 17.69 15.75 337.90 192.70 14.14 0.10
0.00 842.37
901.20 20.64 16.76 14.75 337.97 191.66 12.49 0.10
0.00 1063.82
875.90 18.94 15.73 14.03 338.14 185.91 11.32 0.10
0.00 1309.71
847.60 17.24 14.02 12.20 336.48 189.75 12.61 0.10
0.00 1591.57
816.50 15.64 12.05 9.83 334.65 202.80 14.53 0.10
0.00 1910.35
782.40 13.94 10.38 8.05 334.69 210.84 15.15 0.10
0.00 2271.88
745.40 11.94 7.29 3.71 331.16 198.87 16.22 0.00
0.00 2679.46
705.60 9.64 2.48 -5.58 324.10 195.26 15.50 -0.10
0.00 3136.95
662.90 7.14 0.06 -8.98 324.99 193.47 14.18 -0.10
0.00 3652.41
617.20 2.84 -2.55 -9.76 326.71 228.01 10.45 -0.10
0.00 4235.01
569.10 -2.76 -5.68 -9.68 328.44 268.90 10.10 -0.10
0.00 4885.06
522.50 -8.56 -10.80 -14.84 326.43 282.53 8.95 0.00
0.00 5555.10
480.50 -12.46 -15.55 -24.00 325.54 247.11 9.48 0.10
0.00 6200.00
443.00 -14.06 -18.27 -36.54 328.43 228.21 17.19 0.10
0.00 6818.44
409.20 -17.96 -21.78 -47.40 329.95 232.43 19.11 0.20
0.00 7415.91
378.60 -22.46 -25.43 -49.57 331.33 245.02 18.86 0.10
0.00 7991.41
351.00 -25.86 -28.29 -50.22 333.99 259.01 20.38 0.10
0.00 8543.13
326.20 -28.66 -30.79 -54.68 337.03 266.74 23.93 0.00
0.00 9070.56
303.80 -31.66 -33.35 -52.28 339.85 270.00 27.78 0.00
0.00 9576.59
283.70 -34.96 -36.40 -60.30 341.57 270.00 31.66 0.00
0.00 10057.18
265.60 -38.76 -39.85 -63.02 342.47 270.00 30.30 -0.10
0.00 10513.17
248.80 -42.36 -43.14 -61.32 343.61 271.60 27.80 -0.10
0.00 10958.04
233.60 -45.66 -46.23 -61.80 344.85 276.34 24.63 -0.10
0.00 11380.87
219.60 -48.46 -48.91 -64.44 346.63 287.67 23.04 -0.10
0.00 11789.89
205.70 -51.46 -51.84 -72.71 348.36 300.47 22.98 -0.10
0.00 12217.08
191.70 -54.46 -54.74 -73.19 350.64 303.37 19.08 -0.10
0.00 12671.39
177.80 -57.36 -57.57 -73.70 353.51 289.09 16.03 0.00
0.00 13150.05
163.80 -59.66 -59.83 -74.24 358.03 273.54 21.99 0.10
0.00 13665.32
149.80 -62.06 -9999.00 -9999.00 -9999.00 271.74 25.66 0.10
0.00 14220.52
135.90 -63.66 -9999.00 -9999.00 -9999.00 257.32 23.89 0.00
0.00 14819.95
121.90 -65.06 -9999.00 -9999.00 -9999.00 237.99 25.66 0.00
0.00 15484.39
108.00 -65.16 -9999.00 -9999.00 -9999.00 257.87 21.25 0.00
0.00 16221.66
94.00 -63.76 -9999.00 -9999.00 -9999.00 272.05 10.88 0.00
0.00 17069.76
81.00 -63.46 -9999.00 -9999.00 -9999.00 243.43 6.51 0.00
0.00 17982.71
70.60 -61.66 -9999.00 -9999.00 -9999.00 196.39 3.44 0.00
0.00 18829.80
62.20 -60.46 -9999.00 -9999.00 -9999.00 108.43 2.45 0.00
0.00 19616.22
54.30 -58.56 -9999.00 -9999.00 -9999.00 47.20 7.15 0.00
0.00 20465.65
46.90 -56.86 -9999.00 -9999.00 -9999.00 67.57 13.25 0.00
0.00 21389.55
40.10 -54.66 -9999.00 -9999.00 -9999.00 79.88 16.57 0.00
0.00 22386.31
33.80 -52.06 -9999.00 -9999.00 -9999.00 83.50 15.44 0.00
0.00 23485.90
27.80 -49.76 -9999.00 -9999.00 -9999.00 73.43 17.02 0.00
0.00 24757.20
22.30 -47.66 -9999.00 -9999.00 -9999.00 72.65 22.79 0.00
0.00 26205.48
17.10 -44.76 -9999.00 -9999.00 -9999.00 84.50 26.34 0.00
0.00 27969.21
12.30 -42.26 -50.30 -89.89 811.36 85.99 30.57 0.00
0.00 30183.94

STID = KMDW STNM = 725340 TIME = 200809/1600 
SLAT = 41.78 SLON = -87.75 SELV = 183.0
STIM = 2

SHOW = -0.88 LIFT = -3.49 SWET = 174.17 KINX = 23.73
LCLP = 865.10 PWAT = 36.77 TOTL = 48.96 CAPE = 464.02
LCLT = 289.96 CINS = -139.15 EQLV = 312.59 LFCT = 627.98
BRCH = 105.56

PRES TMPC TMWC DWPC THTE DRCT SKNT OMEG
CFRL HGHT
995.10 28.64 21.96 19.04 344.22 175.24 7.01 0.00
0.00 191.95
992.00 27.84 21.65 18.91 343.37 173.80 8.99 0.00
0.00 219.71
986.60 27.14 21.36 18.79 343.01 173.42 10.16 -0.10
0.00 268.15
977.10 26.14 20.93 18.58 342.66 174.09 11.32 -0.10
0.00 353.77
963.20 24.84 20.33 18.27 342.34 175.53 12.47 -0.10
0.00 480.06
945.30 23.14 19.53 17.85 341.89 176.73 13.62 -0.10
0.00 644.58
923.90 21.74 18.15 16.38 339.73 179.25 14.76 -0.10
0.00 844.28
900.60 20.34 16.93 15.18 338.70 180.74 14.96 0.00
0.00 1065.89
875.30 19.04 15.52 13.62 337.44 178.43 14.18 0.00
2.00 1311.87
847.10 17.64 13.49 11.04 334.69 185.26 14.82 0.00
0.00 1593.06
816.00 16.14 11.98 9.39 334.50 200.05 15.31 0.00
0.00 1912.44
782.00 13.94 10.66 8.56 335.67 210.00 15.93 -0.10
0.00 2273.42
745.00 11.64 7.34 4.06 331.37 203.03 16.88 -0.10
3.00 2681.06
705.20 9.54 2.48 -5.44 324.17 201.04 16.24 -0.10
0.00 3138.51
662.60 7.24 -0.28 -10.45 324.14 199.98 13.64 -0.10
0.00 3652.98
617.00 2.84 -2.63 -10.02 326.55 227.42 9.75 -0.10
0.00 4234.57
568.90 -2.76 -5.80 -10.04 328.19 267.46 8.74 0.00
0.00 4884.81
522.30 -8.16 -11.08 -16.75 325.86 274.64 7.21 0.10
0.00 5555.51
480.40 -11.56 -15.42 -27.08 325.73 238.20 11.42 0.10
0.00 6200.54
442.90 -13.46 -18.14 -41.84 328.61 235.67 19.29 0.20
0.00 6820.82
409.10 -18.06 -21.82 -46.12 329.93 243.43 19.54 0.20
0.00 7418.98
378.50 -22.26 -25.22 -47.44 331.74 254.51 16.72 0.20
0.00 7994.75
351.00 -25.56 -28.09 -51.95 334.31 265.74 18.32 0.10
0.00 8545.09
326.20 -28.36 -30.50 -52.57 337.52 275.19 21.46 0.00
0.00 9073.17
303.80 -31.56 -33.18 -49.38 340.16 276.25 26.77 -0.10
0.00 9579.62
283.70 -34.76 -36.20 -58.54 341.90 279.99 28.01 -0.20
0.00 10060.52
265.60 -38.66 -39.71 -59.06 342.70 276.53 25.62 -0.20
0.00 10516.80
248.80 -42.36 -43.09 -58.13 343.70 275.42 22.63 -0.20
0.00 10961.78
233.60 -45.56 -46.11 -60.07 345.05 285.46 18.94 -0.20
0.00 11384.70
219.60 -48.66 -49.08 -62.27 346.37 309.04 18.51 -0.20
0.00 11793.63
205.70 -51.76 -52.08 -64.93 347.98 316.71 18.41 -0.20
0.00 12220.35
191.70 -54.56 -54.84 -73.19 350.48 301.22 15.00 -0.10
0.00 12674.25
177.80 -57.16 -57.38 -73.70 353.84 274.51 14.80 0.00
0.00 13153.02
163.80 -59.46 -59.63 -74.24 358.37 271.41 23.70 0.00
0.00 13668.77
149.80 -61.96 -9999.00 -9999.00 -9999.00 275.07 24.18 0.00
0.00 14224.36
135.90 -63.86 -9999.00 -9999.00 -9999.00 260.02 21.31 0.00
0.00 14823.65
121.90 -65.56 -9999.00 -9999.00 -9999.00 242.81 23.80 -0.10
0.00 15486.98
108.00 -65.96 -9999.00 -9999.00 -9999.00 257.41 20.49 -0.10
0.00 16221.94
94.00 -64.46 -9999.00 -9999.00 -9999.00 255.07 9.05 0.00
0.00 17067.00
81.00 -63.96 -9999.00 -9999.00 -9999.00 210.74 8.35 0.00
0.00 17977.33
70.60 -61.76 -9999.00 -9999.00 -9999.00 190.12 5.52 0.00
0.00 18823.21
62.20 -60.06 -9999.00 -9999.00 -9999.00 94.76 2.33 0.00
0.00 19610.19
54.30 -57.86 -9999.00 -9999.00 -9999.00 56.69 8.14 0.00
0.00 20461.80
46.90 -56.06 -9999.00 -9999.00 -9999.00 73.47 12.98 0.00
0.00 21388.92
40.10 -54.16 -9999.00 -9999.00 -9999.00 81.31 14.14 0.00
0.00 22388.66
33.80 -51.76 -9999.00 -9999.00 -9999.00 73.81 12.55 0.00
0.00 23490.25
27.80 -49.86 -9999.00 -9999.00 -9999.00 67.17 16.03 0.00
0.00 24762.12
22.30 -48.36 -9999.00 -9999.00 -9999.00 76.33 22.18 0.00
0.00 26207.82
17.10 -45.26 -9999.00 -9999.00 -9999.00 81.57 26.52 0.00
0.00 27966.88
12.30 -42.16 -50.25 -89.89 811.72 79.51 32.01 0.00
0.00 30179.68

STID = KMDW STNM = 725340 TIME = 200809/1700 
SLAT = 41.78 SLON = -87.75 SELV = 183.0
STIM = 3

SHOW = -0.25 LIFT = -3.65 SWET = 170.54 KINX = 24.67
LCLP = 842.55 PWAT = 36.60 TOTL = 48.23 CAPE = 471.79
LCLT = 289.06 CINS = -116.92 EQLV = 313.12 LFCT = 627.65
BRCH = 67.70

PRES TMPC TMWC DWPC THTE DRCT SKNT OMEG
CFRL HGHT
994.60 29.94 22.03 18.54 344.52 170.54 8.28 0.00
0.00 192.89
991.60 29.04 21.71 18.44 343.63 169.51 10.66 0.00
0.00 219.87
986.10 28.34 21.43 18.33 343.31 169.61 11.85 0.00
0.00 269.41
976.70 27.34 21.00 18.14 343.00 169.85 13.23 -0.10
0.00 354.49
962.80 25.94 20.39 17.85 342.63 171.43 14.34 -0.10
0.00 481.30
944.90 24.34 19.63 17.44 342.33 172.60 15.07 -0.10
0.00 646.48
923.50 22.34 18.61 16.83 341.62 175.35 16.76 -0.10
0.00 846.88
900.20 20.94 16.97 14.93 338.89 178.09 17.48 -0.10
0.00 1069.06
875.00 18.74 15.64 13.99 337.95 180.64 17.48 0.00
5.00 1314.29
846.80 17.94 13.08 10.10 333.31 182.66 16.72 0.00
0.00 1595.55
815.70 16.44 11.78 8.82 333.87 196.23 15.99 0.10
0.00 1915.28
781.70 14.04 10.74 8.64 335.99 209.40 15.83 0.10
0.00 2276.62
744.70 11.34 7.73 5.09 332.63 209.40 15.83 0.20
4.00 2684.35
705.00 9.44 3.02 -3.67 325.68 206.88 15.89 0.20
0.00 3140.63
662.30 7.34 -0.43 -11.25 323.79 208.89 12.86 0.20
0.00 3656.56
616.80 2.94 -2.57 -9.98 326.73 233.13 9.71 0.10
0.00 4237.28
568.80 -2.76 -5.88 -10.29 328.02 263.66 8.80 0.00
0.00 4886.43
522.20 -8.06 -11.12 -17.18 325.77 262.09 7.05 0.00
0.00 5557.35
480.30 -11.46 -15.57 -28.83 325.42 235.86 13.85 0.00
0.00 6202.72
442.80 -13.66 -18.29 -42.28 328.34 239.86 20.88 0.00
0.00 6822.98
409.10 -18.16 -21.84 -44.45 329.91 252.16 17.75 0.10
0.00 7419.10
378.50 -21.86 -24.97 -49.57 332.15 256.80 16.16 0.10
0.00 7995.21
351.00 -25.06 -27.73 -54.07 334.90 270.67 16.51 0.10
0.00 8546.54
326.20 -28.26 -30.38 -50.86 337.74 278.13 19.23 0.00
0.00 9075.26
303.80 -31.26 -32.93 -49.38 340.58 288.00 24.51 -0.10
0.00 9582.14
283.70 -34.56 -35.94 -53.75 342.36 289.06 22.61 0.00
0.00 10063.54
265.60 -38.36 -39.33 -53.42 343.36 283.08 19.74 0.00
0.00 10520.32
248.80 -42.06 -42.79 -56.89 344.19 302.35 13.79 -0.10
0.00 10965.87
233.60 -45.86 -46.39 -60.07 344.59 336.45 16.53 -0.20
0.00 11388.80
219.60 -49.36 -49.74 -62.27 345.29 343.43 17.02 -0.20
0.00 11796.82
205.70 -52.46 -52.72 -62.77 346.93 334.61 12.68 -0.10
0.00 12222.21
191.70 -54.76 -55.01 -68.39 350.20 287.24 11.79 0.00
0.00 12675.18
177.70 -57.26 -57.47 -73.70 353.73 262.49 17.83 0.10
0.00 13157.19
163.80 -59.66 -59.83 -74.24 358.03 271.39 24.09 0.10
0.00 13669.05
149.80 -62.06 -62.19 -74.84 363.16 275.34 20.88 0.00
0.00 14224.25
135.90 -64.16 -9999.00 -9999.00 -9999.00 257.74 18.28 0.00
0.00 14822.97
121.90 -66.26 -9999.00 -9999.00 -9999.00 242.51 21.46 0.00
0.00 15484.71
108.00 -66.46 -9999.00 -9999.00 -9999.00 253.35 19.66 0.00
0.00 16217.55
94.00 -64.26 -9999.00 -9999.00 -9999.00 236.00 10.08 0.00
0.00 17061.99
81.00 -62.96 -9999.00 -9999.00 -9999.00 215.13 12.82 0.00
0.00 17974.94
70.60 -59.96 -9999.00 -9999.00 -9999.00 219.47 8.55 0.00
0.00 18826.45
62.20 -58.76 -9999.00 -9999.00 -9999.00 206.57 1.30 0.00
0.00 19619.18
54.30 -57.26 -9999.00 -9999.00 -9999.00 64.29 5.83 0.00
0.00 20474.56
46.90 -56.46 -9999.00 -9999.00 -9999.00 69.19 10.39 0.00
0.00 21402.11
40.10 -55.36 -9999.00 -9999.00 -9999.00 68.52 12.74 0.00
0.00 22398.18
33.80 -53.46 -9999.00 -9999.00 -9999.00 61.02 14.43 0.00
0.00 23492.53
27.80 -51.26 -9999.00 -9999.00 -9999.00 66.88 18.80 0.00
0.00 24755.52
22.30 -48.46 -9999.00 -9999.00 -9999.00 78.79 22.98 0.00
0.00 26196.38
17.10 -43.96 -9999.00 -9999.00 -9999.00 79.01 27.51 0.00
0.00 27960.11
12.30 -41.36 -49.84 -89.89 814.53 72.75 32.75 0.00
0.00 30183.04

STID = KMDW STNM = 725340 TIME = 200809/1800 
SLAT = 41.78 SLON = -87.75 SELV = 183.0
STIM = 4

SHOW = -0.46 LIFT = -3.88 SWET = 179.07 KINX = 25.02
LCLP = 825.74 PWAT = 36.17 TOTL = 48.56 CAPE = 514.43
LCLT = 288.45 CINS = -120.28 EQLV = 305.38 LFCT = 627.24
BRCH = 60.17

PRES TMPC TMWC DWPC THTE DRCT SKNT OMEG
CFRL HGHT
994.50 31.04 22.17 18.24 345.05 174.05 9.38 0.00
0.00 192.02
991.40 30.04 21.83 18.16 344.12 172.87 12.53 0.00
0.00 220.00
986.00 29.34 21.55 18.05 343.79 172.09 14.12 0.00
0.00 268.80
976.60 28.34 21.13 17.86 343.48 172.07 15.50 0.00
0.00 354.16
962.60 26.94 20.52 17.58 343.16 173.37 16.82 -0.10
0.00 482.30
944.80 25.24 19.76 17.22 342.86 174.35 17.75 -0.10
0.00 647.09
923.40 23.24 18.82 16.72 342.43 175.19 18.51 -0.10
0.00 848.11
900.10 21.34 17.25 15.18 339.96 178.28 19.42 -0.10
0.00 1070.81
874.80 19.24 15.89 14.12 338.87 180.00 19.62 -0.10
0.00 1317.45
846.70 18.24 13.23 10.18 333.82 181.70 19.62 -0.10
2.00 1598.17
815.60 16.74 11.30 7.68 332.27 189.26 18.10 -0.10
0.00 1918.21
781.60 14.34 10.24 7.52 334.36 201.29 16.05 0.10
0.00 2279.83
744.70 11.54 7.93 5.32 333.23 210.31 14.63 0.20
3.00 2686.77
704.90 9.84 3.37 -3.22 326.60 213.69 14.70 0.30
0.00 3144.75
662.30 7.74 -0.32 -11.61 324.03 223.70 12.08 0.30
0.00 3660.24
616.70 3.04 -2.37 -9.47 327.25 241.93 9.91 0.10
0.00 4242.82
568.70 -2.66 -5.90 -10.49 328.00 258.69 8.92 0.10
0.00 4892.34
522.20 -8.06 -11.12 -17.18 325.77 253.86 7.69 0.10
0.00 5561.99
480.30 -11.36 -15.64 -30.04 325.27 242.82 16.16 0.10
0.00 6207.47
442.80 -13.96 -18.56 -43.72 327.85 247.49 23.35 0.10
0.00 6827.47
409.10 -18.16 -21.86 -44.98 329.87 254.14 17.77 0.10
0.00 7423.24
378.50 -21.56 -24.78 -51.31 332.47 259.76 16.38 0.10
0.00 7999.68
351.00 -24.96 -27.65 -54.07 335.04 271.38 16.12 0.10
0.00 8551.45
326.20 -28.46 -30.52 -50.10 337.51 279.27 19.29 -0.10
0.00 9080.07
303.80 -31.36 -32.88 -46.20 340.68 297.04 20.94 -0.10
0.00 9586.64
283.70 -34.66 -35.79 -46.82 342.67 293.43 19.06 0.00
0.00 10067.86
265.60 -38.16 -39.08 -51.19 343.77 286.35 15.19 0.10
0.00 10524.76
248.80 -42.36 -43.09 -58.13 343.70 348.53 13.68 0.10
0.00 10970.22
233.60 -45.96 -46.48 -60.07 344.44 341.30 13.33 0.10
0.00 11392.78
219.60 -49.16 -49.55 -62.27 345.60 343.30 10.14 0.10
0.00 11800.89
205.70 -52.16 -52.43 -62.77 347.40 311.99 7.85 0.10
0.00 12226.75
191.70 -54.56 -54.81 -68.39 350.52 270.00 14.96 0.00
0.00 12680.25
177.80 -57.26 -57.47 -73.70 353.67 265.95 22.01 0.00
0.00 13158.90
163.80 -60.26 -60.39 -69.50 357.07 271.99 22.36 0.00
0.00 13673.58
149.80 -62.16 -62.29 -74.84 362.99 264.49 16.20 0.00
0.00 14227.86
135.90 -64.36 -9999.00 -9999.00 -9999.00 236.12 16.38 -0.10
0.00 14826.16
121.90 -66.56 -9999.00 -9999.00 -9999.00 230.26 22.47 -0.10
0.00 15487.09
108.00 -65.96 -9999.00 -9999.00 -9999.00 244.13 21.37 0.00
0.00 16220.29
94.00 -63.26 -9999.00 -9999.00 -9999.00 232.00 15.77 0.00
0.00 17067.78
81.00 -61.96 -9999.00 -9999.00 -9999.00 231.53 18.10 0.00
0.00 17985.09
70.60 -59.56 -9999.00 -9999.00 -9999.00 245.82 10.43 0.00
0.00 18839.42
62.20 -59.36 -9999.00 -9999.00 -9999.00 345.96 0.80 0.00
0.00 19631.77
54.30 -58.36 -9999.00 -9999.00 -9999.00 71.94 9.40 0.00
0.00 20483.78
46.90 -57.56 -9999.00 -9999.00 -9999.00 73.74 14.57 0.00
0.00 21406.61
40.10 -55.76 -9999.00 -9999.00 -9999.00 70.48 16.28 0.00
0.00 22399.24
33.80 -52.76 -9999.00 -9999.00 -9999.00 68.78 17.72 0.00
0.00 23494.33
27.80 -50.26 -9999.00 -9999.00 -9999.00 75.26 19.08 0.00
0.00 24762.19
22.30 -47.86 -9999.00 -9999.00 -9999.00 83.66 21.11 0.00
0.00 26208.21
17.10 -44.26 -9999.00 -9999.00 -9999.00 83.14 26.03 0.00
0.00 27973.11
12.30 -41.96 -50.15 -89.89 812.42 79.40 33.80 0.00
0.00 30191.70

STID = KMDW STNM = 725340 TIME = 200809/1900 
SLAT = 41.78 SLON = -87.75 SELV = 183.0
STIM = 5

SHOW = -2.01 LIFT = -3.91 SWET = 231.66 KINX = 24.49
LCLP = 815.43 PWAT = 36.23 TOTL = 49.82 CAPE = 531.61
LCLT = 288.08 CINS = -139.90 EQLV = 294.52 LFCT = 626.00
BRCH = 44.53

PRES TMPC TMWC DWPC THTE DRCT SKNT OMEG
CFRL HGHT
994.50 31.74 22.26 18.06 345.42 173.54 10.35 0.00
0.00 192.94
991.50 30.74 21.92 17.97 344.44 173.66 14.06 0.00
0.00 220.08
986.10 30.04 21.63 17.85 344.09 173.74 16.03 0.00
0.00 268.98
976.60 29.04 21.22 17.68 343.85 173.66 17.60 0.10
0.00 355.44
962.70 27.64 20.62 17.40 343.52 174.70 18.92 0.10
0.00 482.95
944.80 25.94 19.86 17.04 343.24 175.52 19.87 0.10
0.00 649.03
923.50 23.94 18.94 16.58 342.91 176.79 20.82 0.10
0.00 849.55
900.10 21.84 17.86 15.92 342.34 178.98 21.76 0.10
0.00 1073.67
874.90 19.94 15.97 13.88 339.15 181.51 22.14 0.00
0.00 1319.86
846.70 17.44 14.54 12.94 338.44 183.58 21.79 0.00
6.00 1601.65
815.60 16.94 11.50 7.93 332.92 186.22 19.74 0.10
0.00 1921.56
781.60 14.74 9.96 6.70 333.45 193.86 15.40 0.30
0.00 2283.52
744.70 12.24 7.74 4.38 332.61 209.54 13.40 0.50
2.00 2691.12
704.90 10.84 3.36 -4.56 326.49 226.19 13.19 0.50
0.00 3150.35
662.30 8.14 0.04 -10.95 324.91 243.00 11.56 0.40
0.00 3667.08
616.70 3.14 -2.10 -8.77 327.91 254.36 10.08 0.30
0.00 4250.24
568.70 -2.56 -5.99 -10.96 327.77 256.55 9.19 0.20
0.00 4900.00
522.20 -7.96 -11.19 -17.69 325.63 251.18 9.03 0.20
0.00 5569.87
480.30 -10.96 -15.60 -32.54 325.27 255.03 20.30 0.10
0.00 6215.91
442.80 -13.96 -18.56 -43.72 327.85 259.22 24.92 0.10
0.00 6836.37
409.10 -17.86 -21.75 -48.89 330.03 257.01 20.73 0.10
0.00 7432.47
378.50 -21.36 -24.70 -56.22 332.57 262.80 18.61 0.00
0.00 8009.47
351.00 -25.16 -27.81 -54.07 334.77 262.88 17.23 0.00
0.00 8561.23
326.20 -28.56 -30.44 -45.56 337.69 281.65 19.23 -0.20
0.00 9089.54
303.80 -31.66 -33.02 -44.16 340.46 307.00 16.78 -0.20
0.00 9595.71
283.70 -34.76 -35.89 -47.28 342.48 311.63 14.02 -0.10
0.00 10076.54
265.60 -38.16 -39.06 -50.55 343.81 283.63 13.19 0.00
0.00 10533.34
248.80 -42.36 -43.09 -58.13 343.70 336.04 7.65 0.10
0.00 10978.81
233.60 -45.66 -46.18 -58.63 344.94 304.44 8.24 0.10
0.00 11401.64
219.60 -48.96 -49.36 -62.27 345.90 335.22 5.56 0.10
0.00 11810.21
205.70 -52.16 -52.43 -62.77 347.40 292.48 6.10 0.10
0.00 12236.26
191.70 -54.76 -55.01 -68.39 350.20 263.13 16.24 0.10
0.00 12689.54
177.70 -57.76 -57.93 -68.92 352.96 261.79 20.42 0.10
0.00 13171.00
163.80 -60.36 -60.48 -69.50 356.91 256.50 19.97 0.00
0.00 13681.43
149.80 -61.96 -62.09 -74.84 363.33 235.18 16.34 0.00
0.00 14235.85
135.90 -64.36 -9999.00 -9999.00 -9999.00 220.82 22.59 0.00
0.00 14834.43
121.90 -66.66 -9999.00 -9999.00 -9999.00 233.44 29.02 0.00
0.00 15495.21
108.00 -65.76 -9999.00 -9999.00 -9999.00 252.57 27.89 0.00
0.00 16228.58
94.00 -63.56 -9999.00 -9999.00 -9999.00 243.98 18.16 0.00
0.00 17075.87
81.00 -62.66 -9999.00 -9999.00 -9999.00 238.44 15.97 0.00
0.00 17991.00
70.60 -60.36 -9999.00 -9999.00 -9999.00 255.96 5.61 0.00
0.00 18842.31
62.20 -59.56 -9999.00 -9999.00 -9999.00 71.57 3.69 0.00
0.00 19632.81
54.30 -57.96 -9999.00 -9999.00 -9999.00 87.66 9.52 0.00
0.00 20485.21
46.90 -56.66 -9999.00 -9999.00 -9999.00 82.53 11.95 0.00
0.00 21410.83
40.10 -54.76 -9999.00 -9999.00 -9999.00 75.17 13.66 0.00
0.00 22407.82
33.80 -52.26 -9999.00 -9999.00 -9999.00 80.31 16.16 0.00
0.00 23506.66
27.80 -50.26 -9999.00 -9999.00 -9999.00 88.26 19.23 0.00
0.00 24775.95
22.30 -48.76 -9999.00 -9999.00 -9999.00 92.84 23.52 0.00
0.00 26219.07
17.10 -45.06 -9999.00 -9999.00 -9999.00 82.43 28.03 0.00
0.00 27977.36
12.30 -41.56 -9999.00 -9999.00 -9999.00 80.83 31.68 0.00
0.00 30194.01

STID = KMDW STNM = 725340 TIME = 200809/2000 
SLAT = 41.78 SLON = -87.75 SELV = 183.0
STIM = 6

SHOW = -2.88 LIFT = -4.54 SWET = 407.86 KINX = 24.61
LCLP = 814.82 PWAT = 37.24 TOTL = 50.95 CAPE = 690.33
LCLT = 288.37 CINS = -127.73 EQLV = 272.96 LFCT = 632.66
BRCH = 53.83

PRES TMPC TMWC DWPC THTE DRCT SKNT OMEG
CFRL HGHT
992.50 31.94 22.47 18.34 346.66 180.00 10.88 0.00
0.00 192.97
989.60 31.04 22.17 18.26 345.81 180.00 14.76 0.00
0.00 219.28
984.10 30.24 21.87 18.16 345.40 180.66 16.90 0.10
0.00 269.24
974.70 29.24 21.46 17.99 345.15 181.21 18.45 0.10
0.00 355.02
960.80 27.84 20.87 17.74 344.90 181.68 19.81 0.10
0.00 482.89
943.00 26.24 20.18 17.42 344.83 182.68 20.80 0.20
0.00 648.54
921.70 24.24 19.30 17.02 344.66 183.64 21.41 0.20
0.00 849.69
898.40 22.04 18.29 16.51 344.33 185.10 21.83 0.20
0.00 1073.54
873.20 20.04 16.55 14.78 341.61 187.56 22.14 0.10
0.00 1320.42
845.10 17.74 14.99 13.53 340.38 189.71 21.87 0.00
0.00 1602.04
814.10 15.84 12.77 10.97 337.50 192.29 20.09 0.10
6.00 1921.30
780.10 15.04 9.98 6.52 333.74 195.84 14.94 0.20
0.00 2283.63
743.40 13.04 7.52 3.25 332.11 215.13 12.82 0.30
0.00 2690.48
703.70 11.44 3.39 -5.29 326.72 241.46 12.61 0.30
0.00 3150.37
661.30 8.24 0.44 -9.54 326.13 252.15 12.04 0.20
0.00 3666.16
615.90 3.14 -2.05 -8.59 328.19 255.20 10.64 0.10
0.00 4247.74
568.00 -2.56 -6.15 -11.46 327.53 249.04 9.77 0.00
0.00 4896.96
521.60 -8.06 -11.26 -17.71 325.61 249.04 9.77 -0.10
0.00 5566.04
479.80 -10.96 -15.64 -32.95 325.30 266.09 22.79 -0.10
0.00 6211.12
442.50 -14.46 -19.11 -52.12 326.85 274.99 24.57 -0.10
0.00 6828.18
408.80 -17.76 -21.84 -62.82 329.85 268.45 21.56 0.00
0.00 7424.20
378.30 -21.46 -24.78 -56.23 332.49 264.40 19.91 0.10
0.00 7999.66
350.90 -25.56 -28.03 -49.47 334.46 264.13 20.90 0.00
0.00 8549.10
326.10 -28.66 -30.39 -43.14 337.82 280.93 17.40 -0.10
0.00 9077.04
303.80 -31.66 -32.98 -43.45 340.53 327.80 12.39 -0.10
0.00 9580.94
283.70 -34.76 -35.96 -48.81 342.36 335.10 11.99 0.00
0.00 10061.77
265.60 -38.16 -39.13 -52.61 343.69 288.43 11.05 0.10
0.00 10518.56
248.80 -42.06 -42.84 -59.58 344.10 295.71 5.83 0.10
0.00 10964.31
233.60 -45.36 -45.92 -60.07 345.35 285.52 7.26 0.10
0.00 11387.70
219.60 -48.66 -49.08 -62.27 346.37 334.65 4.08 0.10
0.00 11796.80
205.70 -51.76 -52.05 -62.77 348.03 270.00 9.32 0.00
0.00 12223.53
191.70 -54.66 -54.91 -68.39 350.36 258.19 21.83 0.00
0.00 12677.33
177.80 -57.86 -58.03 -68.92 352.74 258.88 23.15 0.00
0.00 13155.21
163.80 -59.96 -60.12 -74.24 357.53 254.62 24.18 0.00
0.00 13669.53
149.80 -62.06 -62.19 -74.84 363.16 236.58 23.27 -0.10
0.00 14224.34
135.90 -65.06 -9999.00 -9999.00 -9999.00 225.00 26.65 -0.10
0.00 14821.77
121.90 -67.76 -9999.00 -9999.00 -9999.00 237.06 28.92 0.00
0.00 15479.69
108.00 -66.16 -9999.00 -9999.00 -9999.00 257.56 27.06 0.00
0.00 16210.40
94.00 -63.26 -9999.00 -9999.00 -9999.00 246.55 17.58 0.00
0.00 17057.49
81.00 -62.36 -9999.00 -9999.00 -9999.00 248.20 15.70 0.00
0.00 17973.93
70.60 -60.26 -9999.00 -9999.00 -9999.00 280.95 6.14 0.00
0.00 18826.04
62.20 -59.96 -9999.00 -9999.00 -9999.00 60.95 2.00 0.00
0.00 19615.99
54.30 -58.96 -9999.00 -9999.00 -9999.00 94.40 7.60 0.00
0.00 20465.61
46.90 -58.46 -9999.00 -9999.00 -9999.00 82.53 11.95 0.00
0.00 21385.22
40.10 -56.96 -9999.00 -9999.00 -9999.00 75.44 15.46 0.00
0.00 22373.04
33.80 -53.36 -9999.00 -9999.00 -9999.00 79.75 18.55 0.00
0.00 23463.63
27.80 -49.66 -9999.00 -9999.00 -9999.00 84.29 19.52 0.00
0.00 24731.49
22.30 -46.86 -9999.00 -9999.00 -9999.00 79.96 18.94 0.00
0.00 26182.67
17.10 -44.16 -9999.00 -9999.00 -9999.00 67.77 19.52 0.00
0.00 27951.84
12.30 -41.56 -9999.00 -9999.00 -9999.00 77.93 28.81 0.00
0.00 30172.83

STID = KMDW STNM = 725340 TIME = 200809/2100 
SLAT = 41.78 SLON = -87.75 SELV = 183.0
STIM = 7

SHOW = -3.73 LIFT = -5.46 SWET = 292.64 KINX = 22.90
LCLP = 821.29 PWAT = 37.25 TOTL = 52.14 CAPE = 900.53
LCLT = 289.11 CINS = -142.28 EQLV = 223.70 LFCT = 641.85
BRCH = 51.47

PRES TMPC TMWC DWPC THTE DRCT SKNT OMEG
CFRL HGHT
991.50 31.94 22.82 18.95 348.42 178.98 10.88 0.00
0.00 192.99
988.50 31.04 22.52 18.87 347.57 179.27 15.15 0.00
0.00 220.24
983.10 30.34 22.25 18.77 347.27 179.36 17.48 0.10
0.00 269.37
973.60 29.34 21.84 18.59 347.01 180.00 19.04 0.10
0.00 356.21
959.80 28.04 21.29 18.34 346.86 180.55 20.40 0.10
0.00 483.40
941.90 26.34 20.57 18.01 346.67 181.58 21.17 0.20
0.00 650.30
920.70 24.34 19.69 17.59 346.42 182.56 21.78 0.20
0.00 850.86
897.40 22.14 18.66 17.05 346.02 184.01 22.20 0.30
0.00 1075.10
872.20 20.24 16.76 15.02 342.59 186.06 22.07 0.30
0.00 1322.43
844.20 17.74 15.39 14.17 342.02 188.35 21.41 0.20
1.00 1603.52
813.20 16.14 13.06 11.29 338.67 194.97 17.29 0.30
15.00 1923.36
779.30 16.14 9.72 5.11 332.94 201.21 13.97 0.30
0.00 2285.84
742.60 14.24 6.80 0.41 329.96 230.57 11.32 0.30
0.00 2694.51
703.10 12.34 3.21 -7.33 326.18 262.46 13.33 0.30
0.00 3153.97
660.70 8.34 0.73 -8.63 327.00 263.76 12.51 0.20
0.00 3671.08
615.40 3.14 -2.14 -8.88 328.04 258.69 10.90 0.10
0.00 4252.00
567.70 -2.56 -6.22 -11.69 327.42 248.40 10.02 0.00
0.00 4898.92
521.30 -8.36 -11.27 -17.02 325.66 245.06 9.21 0.00
0.00 5568.01
479.60 -11.16 -15.86 -34.04 324.91 278.43 21.21 0.00
0.00 6211.27
442.30 -14.26 -9999.00 -9999.00 -9999.00 280.20 19.74 0.10
0.00 6828.58
408.70 -17.26 -21.29 -48.13 330.93 267.88 21.00 0.10
0.00 7423.85
378.20 -21.36 -24.21 -40.08 333.67 271.34 24.86 0.10
0.00 8000.20
350.80 -25.46 -27.33 -37.62 335.82 276.63 25.23 0.10
0.00 8550.10
326.00 -28.46 -30.07 -40.61 338.43 278.13 17.85 0.00
0.00 9078.59
303.70 -31.26 -32.71 -44.54 341.01 329.66 9.23 0.00
0.00 9583.28
283.70 -34.46 -35.79 -51.31 342.63 302.74 9.69 0.00
0.00 10062.48
265.60 -38.06 -39.02 -51.87 343.88 273.41 16.34 0.10
0.00 10519.66
248.80 -42.06 -42.77 -55.81 344.23 264.96 13.27 0.10
0.00 10965.50
233.60 -45.56 -46.11 -60.07 345.05 257.32 7.96 0.10
0.00 11388.71
219.60 -48.56 -48.98 -62.27 346.52 270.00 3.30 0.10
0.00 11797.73
205.70 -52.06 -52.31 -61.06 347.60 252.98 9.95 0.00
0.00 12224.26
191.70 -55.46 -55.63 -63.30 349.17 253.54 17.83 0.00
0.00 12676.93
177.70 -57.96 -58.13 -68.92 352.63 255.48 22.47 0.00
0.00 13157.39
163.80 -59.76 -9999.00 -9999.00 -9999.00 254.50 27.62 -0.10
0.00 13668.30
149.80 -62.36 -9999.00 -9999.00 -9999.00 236.43 24.94 -0.10
0.00 14222.97
135.90 -65.26 -9999.00 -9999.00 -9999.00 227.90 29.84 -0.10
0.00 14819.69
121.90 -67.76 -9999.00 -9999.00 -9999.00 247.08 31.43 0.00
0.00 15477.29
108.00 -66.36 -9999.00 -9999.00 -9999.00 262.82 26.44 0.10
0.00 16207.65
94.00 -62.66 -9999.00 -9999.00 -9999.00 244.76 15.03 0.00
0.00 17055.55
81.00 -62.26 -9999.00 -9999.00 -9999.00 246.68 12.28 0.00
0.00 17973.51
70.60 -60.56 -9999.00 -9999.00 -9999.00 304.99 2.37 0.00
0.00 18825.22
62.20 -60.16 -9999.00 -9999.00 -9999.00 90.00 4.47 0.00
0.00 19614.24
54.30 -59.06 -9999.00 -9999.00 -9999.00 91.27 8.74 0.00
0.00 20463.26
46.90 -57.86 -9999.00 -9999.00 -9999.00 81.87 12.35 0.00
0.00 21383.95
40.10 -54.96 -9999.00 -9999.00 -9999.00 84.67 14.63 0.00
0.00 22377.73
33.80 -51.56 -9999.00 -9999.00 -9999.00 85.60 15.19 0.00
0.00 23477.83
27.80 -49.16 -9999.00 -9999.00 -9999.00 77.47 14.34 0.00
0.00 24752.26
22.30 -47.36 -9999.00 -9999.00 -9999.00 72.99 17.27 0.00
0.00 26203.45
17.10 -45.56 -9999.00 -9999.00 -9999.00 75.48 22.47 0.00
0.00 27965.24
12.30 -42.16 -9999.00 -9999.00 -9999.00 72.32 28.13 0.00
0.00 30176.58

STID = KMDW STNM = 725340 TIME = 200809/2200 
SLAT = 41.78 SLON = -87.75 SELV = 183.0
STIM = 8

SHOW = -3.98 LIFT = -5.75 SWET = 296.82 KINX = 23.83
LCLP = 828.73 PWAT = 38.42 TOTL = 52.47 CAPE = 1036.23
LCLT = 289.67 CINS = -133.37 EQLV = 204.31 LFCT = 649.11
BRCH = 60.14

PRES TMPC TMWC DWPC THTE DRCT SKNT OMEG
CFRL HGHT
991.40 31.74 23.02 19.38 349.36 184.16 10.70 0.00
0.00 192.98
988.50 30.94 22.75 19.30 348.62 184.46 15.00 0.00
0.00 219.32
983.00 30.24 22.48 19.19 348.30 184.50 17.35 0.00
0.00 269.36
973.60 29.24 22.07 19.01 348.03 184.71 18.90 0.10
0.00 355.28
959.70 27.94 21.52 18.76 347.89 185.55 20.10 0.10
0.00 483.39
941.80 26.24 20.79 18.41 347.64 186.40 20.92 0.20
0.00 650.28
920.60 24.34 19.95 18.00 347.55 187.32 21.35 0.20
0.00 850.88
897.30 22.14 18.92 17.46 347.13 188.79 21.62 0.20
0.00 1075.18
872.20 20.34 17.12 15.54 343.99 191.51 21.41 0.20
0.00 1321.65
844.00 18.14 15.57 14.25 342.73 198.80 19.29 0.10
4.00 1605.07
813.10 16.34 13.15 11.33 339.01 204.65 18.16 0.00
17.00 1924.27
779.20 16.24 9.74 5.07 333.02 208.55 15.03 -0.10
0.00 2286.98
742.60 14.54 6.56 -0.55 329.20 236.31 10.51 -0.20
0.00 2694.81
703.10 12.24 3.27 -6.93 326.37 270.94 11.85 -0.20
0.00 3154.39
660.70 8.24 0.78 -8.26 327.16 272.96 11.29 -0.10
0.00 3671.34
615.40 3.14 -2.30 -9.41 327.63 262.03 9.81 -0.10
0.00 4252.16
567.60 -2.56 -6.32 -12.01 327.22 249.15 8.72 0.00
0.00 4900.45
521.30 -8.36 -11.34 -17.27 325.52 247.29 9.05 0.00
0.00 5568.13
479.70 -10.96 -15.78 -34.74 325.03 284.45 19.46 0.10
0.00 6210.01
442.30 -13.86 -18.49 -43.73 328.08 274.40 17.74 0.10
0.00 6829.65
408.70 -17.36 -20.47 -32.55 332.65 268.59 23.70 0.20
0.00 7425.39
378.20 -21.56 -23.07 -28.26 335.88 276.48 25.80 0.10
0.00 8001.61
350.80 -24.76 -25.66 -28.96 338.85 289.83 30.36 0.00
0.00 8552.27
326.00 -28.26 -29.12 -33.17 340.13 285.15 26.77 0.00
0.00 9081.87
303.70 -31.36 -32.82 -44.93 340.83 287.97 7.56 0.00
0.00 9586.73
283.70 -34.56 -35.83 -49.98 342.57 275.71 11.71 0.00
0.00 10065.73
265.60 -38.56 -39.19 -45.77 343.63 271.59 20.98 0.00
0.00 10522.34
248.80 -42.16 -42.70 -50.52 344.37 265.86 13.44 0.00
0.00 10967.64
233.60 -45.36 -45.95 -61.80 345.31 222.95 7.69 0.00
0.00 11390.95
219.60 -48.56 -48.96 -60.55 346.57 226.27 6.18 0.00
0.00 11800.15
205.70 -52.26 -52.50 -61.06 347.28 234.34 10.99 0.00
0.00 12226.49
191.70 -55.36 -55.54 -63.30 349.33 244.23 18.76 -0.10
0.00 12679.06
177.70 -58.26 -58.42 -68.92 352.14 253.19 28.21 -0.10
0.00 13159.30
163.80 -60.26 -60.41 -74.24 357.03 250.65 26.96 -0.10
0.00 13669.25
149.80 -62.26 -62.39 -74.84 362.82 233.13 26.22 -0.10
0.00 14223.40
135.90 -65.36 -9999.00 -9999.00 -9999.00 233.28 30.54 0.00
0.00 14820.13
121.90 -67.56 -9999.00 -9999.00 -9999.00 252.12 31.64 0.00
0.00 15477.89
108.00 -64.66 -9999.00 -9999.00 -9999.00 261.42 24.75 0.10
0.00 16211.61
94.00 -61.46 -9999.00 -9999.00 -9999.00 235.15 13.25 0.00
0.00 17065.40
81.00 -61.76 -9999.00 -9999.00 -9999.00 248.20 11.50 0.00
0.00 17987.07
70.60 -60.36 -9999.00 -9999.00 -9999.00 274.97 4.49 0.00
0.00 18840.19
62.20 -59.76 -9999.00 -9999.00 -9999.00 184.76 2.33 0.00
0.00 19630.32
54.30 -58.26 -9999.00 -9999.00 -9999.00 116.57 4.78 0.00
0.00 20481.73
46.90 -56.56 -9999.00 -9999.00 -9999.00 91.30 8.55 0.00
0.00 21406.92
40.10 -53.96 -9999.00 -9999.00 -9999.00 98.53 11.79 0.00
0.00 22405.97
33.80 -51.86 -9999.00 -9999.00 -9999.00 97.91 14.12 0.00
0.00 23507.81
27.80 -49.46 -9999.00 -9999.00 -9999.00 84.49 16.20 0.00
0.00 24780.54
22.30 -46.86 -9999.00 -9999.00 -9999.00 77.76 21.08 0.00
0.00 26232.37
17.10 -43.76 -9999.00 -9999.00 -9999.00 79.91 23.29 0.00
0.00 28003.09
12.30 -41.46 -49.89 -89.89 814.18 70.06 23.35 0.00
0.00 30226.50

STID = KMDW STNM = 725340 TIME = 200809/2300 
SLAT = 41.78 SLON = -87.75 SELV = 183.0
STIM = 9

SHOW = -3.58 LIFT = -5.54 SWET = 412.58 KINX = 22.46
LCLP = 838.88 PWAT = 38.60 TOTL = 51.98 CAPE = 1149.60
LCLT = 290.19 CINS = -150.71 EQLV = 198.35 LFCT = 651.21
BRCH = 61.09

PRES TMPC TMWC DWPC THTE DRCT SKNT OMEG
CFRL HGHT
991.50 31.24 23.09 19.72 349.70 180.00 10.10 0.00
0.00 192.97
988.60 30.64 22.87 19.63 349.16 179.23 14.37 0.00
0.00 219.27
983.10 30.04 22.62 19.52 348.97 180.00 16.71 0.00
0.00 269.27
973.70 29.04 22.22 19.34 348.68 180.60 18.45 0.10
0.00 355.15
959.80 27.74 21.66 19.08 348.52 182.27 19.64 0.10
0.00 483.18
942.00 26.14 20.97 18.74 348.40 183.85 20.24 0.10
0.00 649.06
920.70 24.14 20.08 18.29 348.09 185.92 20.71 0.10
0.00 850.50
897.40 22.04 18.89 17.45 346.97 189.11 20.86 0.10
0.00 1074.68
872.20 20.24 17.59 16.32 345.86 195.55 19.56 0.10
4.00 1322.09
844.10 18.94 15.47 13.66 342.29 213.16 17.40 0.20
0.00 1604.83
813.10 16.54 13.49 11.79 340.23 214.78 17.04 0.20
13.00 1925.59
779.30 16.54 9.78 4.91 333.11 217.67 13.99 0.20
0.00 2287.55
742.60 14.94 6.30 -1.73 328.39 233.13 8.74 0.20
0.00 2696.89
703.10 12.64 3.20 -7.88 326.11 266.76 10.31 0.20
0.00 3157.03
660.80 8.34 0.80 -8.38 327.17 266.12 11.48 0.20
0.00 3673.14
615.50 3.24 -2.38 -9.83 327.42 249.04 9.77 0.10
0.00 4254.04
567.70 -2.56 -6.53 -12.72 326.72 237.62 9.42 0.00
0.00 4902.30
521.40 -7.96 -11.43 -18.72 325.28 250.10 11.99 0.00
0.00 5570.28
479.70 -10.56 -15.29 -31.97 325.99 277.97 19.62 0.00
0.00 6214.60
442.40 -13.76 -17.55 -30.60 330.02 266.70 20.24 0.00
0.00 6833.22
408.70 -17.86 -20.70 -31.43 332.24 265.31 23.78 0.10
0.00 7430.31
378.20 -21.66 -23.12 -28.16 335.78 282.06 23.23 0.20
0.00 8005.86
350.80 -24.16 -25.20 -28.96 339.67 286.66 29.80 0.10
11.00 8557.07
326.00 -27.76 -28.73 -33.17 340.83 278.02 29.23 -0.10
0.00 9087.86
303.70 -31.46 -32.81 -43.45 340.85 256.80 16.16 -0.30
0.00 9593.13
283.70 -34.96 -36.13 -48.81 342.08 252.05 14.49 -0.30
0.00 10071.65
265.60 -39.16 -39.61 -44.03 342.95 258.14 19.85 -0.30
0.00 10527.30
248.80 -42.56 -42.99 -48.92 343.90 263.74 16.03 -0.10
3.00 10971.66
233.60 -45.46 -45.99 -58.63 345.24 221.91 10.18 0.00
0.00 11394.51
219.60 -48.96 -49.31 -59.12 345.99 213.39 10.24 0.00
0.00 11803.26
205.70 -52.56 -52.79 -61.06 346.81 222.56 12.92 0.10
0.00 12228.93
191.70 -55.26 -55.46 -65.45 349.45 235.20 19.41 0.00
0.00 12681.29
177.70 -57.56 -57.74 -68.92 353.28 252.68 34.60 -0.10
0.00 13162.42
163.80 -60.46 -60.58 -69.50 356.74 255.34 34.54 -0.20
0.00 13672.97
149.80 -62.96 -63.07 -74.84 361.61 242.91 28.57 -0.10
0.00 14225.95
135.90 -66.16 -66.23 -75.48 366.15 235.30 27.64 -0.10
0.00 14820.54
121.90 -67.66 -9999.00 -9999.00 -9999.00 252.45 27.70 0.00
0.00 15476.86
108.00 -64.06 -9999.00 -9999.00 -9999.00 262.00 23.74 0.00
0.00 16211.47
94.00 -61.26 -9999.00 -9999.00 -9999.00 234.94 13.52 0.00
0.00 17066.89
81.00 -62.16 -9999.00 -9999.00 -9999.00 254.05 11.31 -0.10
0.00 17988.12
70.60 -60.96 -9999.00 -9999.00 -9999.00 279.78 5.71 0.00
0.00 18839.23
62.20 -59.96 -9999.00 -9999.00 -9999.00 194.04 0.80 0.00
0.00 19627.87
54.30 -57.96 -9999.00 -9999.00 -9999.00 90.00 3.69 0.00
0.00 20479.48
46.90 -55.96 -9999.00 -9999.00 -9999.00 81.47 7.85 0.00
0.00 21406.61
40.10 -53.56 -9999.00 -9999.00 -9999.00 101.31 10.90 0.00
0.00 22407.95
33.80 -51.56 -9999.00 -9999.00 -9999.00 100.62 12.65 0.00
0.00 23511.54
27.80 -49.26 -9999.00 -9999.00 -9999.00 81.87 15.11 0.00
0.00 24785.70
22.30 -46.66 -9999.00 -9999.00 -9999.00 68.09 19.27 0.00
0.00 26238.82
17.10 -44.06 -9999.00 -9999.00 -9999.00 69.03 22.26 0.00
0.00 28009.15
12.30 -42.26 -50.30 -89.89 811.36 62.19 27.89 0.00
0.00 30227.26

STID = KMDW STNM = 725340 TIME = 200810/0000 
SLAT = 41.78 SLON = -87.75 SELV = 183.0
STIM = 10

SHOW = -4.60 LIFT = -5.86 SWET = 311.86 KINX = 22.82
LCLP = 854.89 PWAT = 40.25 TOTL = 52.94 CAPE = 1278.66
LCLT = 290.98 CINS = -133.38 EQLV = 196.79 LFCT = 657.86
BRCH = 81.30

PRES TMPC TMWC DWPC THTE DRCT SKNT OMEG
CFRL HGHT
991.70 30.44 23.18 20.22 350.14 178.81 9.32 0.00
0.00 192.04
988.70 30.04 23.02 20.14 349.88 178.36 13.60 0.00
0.00 219.19
983.30 29.44 22.78 20.03 349.66 179.31 16.12 0.10
0.00 268.19
973.80 28.54 22.40 19.85 349.51 180.62 18.07 0.10
0.00 354.83
960.00 27.24 21.85 19.59 349.33 182.31 19.25 0.10
0.00 481.75
942.10 25.64 21.17 19.27 349.28 183.89 20.05 0.20
0.00 648.30
920.80 23.64 20.29 18.84 349.02 186.58 20.34 0.20
0.00 849.45
897.50 21.64 19.13 18.00 347.98 189.37 20.28 0.20
0.00 1073.34
872.30 19.94 17.97 17.04 347.41 206.57 17.81 0.20
0.00 1320.50
844.20 18.74 16.23 14.98 345.22 218.05 17.02 0.20
0.00 1603.11
813.20 16.64 14.26 12.99 343.02 224.51 16.06 0.20
13.00 1923.96
779.30 16.24 10.33 6.32 334.96 225.00 13.46 0.10
0.00 2287.02
742.60 15.04 6.30 -1.85 328.39 220.73 9.23 0.00
0.00 2696.31
703.20 12.64 3.04 -8.49 325.65 249.72 9.52 0.00
0.00 3155.30
660.80 8.24 0.56 -9.06 326.55 253.39 11.56 0.00
0.00 3672.46
615.50 3.14 -2.44 -9.88 327.26 229.64 10.20 -0.10
0.00 4253.13
567.70 -2.66 -6.88 -13.78 325.92 221.55 11.42 -0.10
0.00 4901.10
521.40 -7.86 -11.58 -19.73 324.94 243.43 13.03 0.00
0.00 5569.01
479.70 -10.66 -15.06 -28.99 326.50 269.28 15.54 0.10
0.00 6213.34
442.40 -13.86 -17.07 -26.46 331.02 266.57 19.46 0.20
0.00 6831.82
408.80 -17.26 -20.08 -29.85 333.40 265.41 21.83 0.20
0.00 7427.72
378.30 -20.66 -21.98 -25.99 337.87 273.70 27.06 0.10
0.00 8004.99
350.80 -24.36 -25.39 -29.18 339.33 270.99 33.61 0.00
0.00 8559.07
326.10 -27.96 -29.15 -35.20 340.04 270.00 31.86 0.00
0.00 9087.18
303.70 -31.96 -32.72 -37.36 341.06 264.52 24.40 0.00
0.00 9593.93
283.70 -35.56 -36.34 -43.11 341.77 238.93 17.70 0.10
0.00 10071.40
265.60 -39.36 -39.78 -44.03 342.66 239.25 17.85 0.10
0.00 10526.30
248.80 -42.66 -43.13 -49.96 343.67 246.71 15.23 0.20
0.00 10970.37
233.60 -45.46 -45.95 -56.32 345.33 222.56 12.92 0.20
0.00 11393.13
219.60 -48.96 -49.29 -57.90 346.03 218.20 15.07 0.10
0.00 11801.88
205.70 -52.06 -52.31 -61.06 347.60 231.10 21.97 0.00
0.00 12228.04
191.70 -55.06 -55.27 -65.45 349.77 242.26 29.62 0.00
0.00 12681.12
177.70 -58.76 -58.86 -63.87 351.41 253.92 34.36 -0.10
0.00 13161.14
163.80 -61.46 -61.51 -64.48 355.15 254.29 32.28 -0.10
96.00 13669.07
149.80 -63.36 -63.41 -67.25 361.02 241.67 28.24 -0.10
0.00 14220.22
135.90 -65.96 -66.04 -75.48 366.51 235.51 27.10 0.00
0.00 14814.53
121.90 -66.76 -9999.00 -9999.00 -9999.00 254.82 25.97 0.00
0.00 15472.61
108.00 -63.76 -9999.00 -9999.00 -9999.00 263.55 22.47 0.00
0.00 16209.34
94.00 -61.86 -9999.00 -9999.00 -9999.00 238.30 15.52 0.00
0.00 17064.15
81.00 -62.96 -9999.00 -9999.00 -9999.00 253.50 10.94 0.00
0.00 17982.33
70.60 -61.46 -9999.00 -9999.00 -9999.00 274.09 5.46 0.00
0.00 18830.83
62.20 -59.46 -9999.00 -9999.00 -9999.00 333.43 0.87 0.00
0.00 19619.47
54.30 -57.56 -9999.00 -9999.00 -9999.00 47.29 3.44 0.00
0.00 20472.87
46.90 -56.66 -9999.00 -9999.00 -9999.00 66.04 7.65 0.00
0.00 21399.35
40.10 -54.66 -9999.00 -9999.00 -9999.00 85.60 10.14 0.00
0.00 22396.56
33.80 -52.46 -9999.00 -9999.00 -9999.00 87.36 12.65 0.00
0.00 23495.16
27.80 -49.46 -9999.00 -9999.00 -9999.00 74.98 16.49 0.00
0.00 24766.16
22.30 -46.16 -9999.00 -9999.00 -9999.00 64.13 21.37 0.00
0.00 26220.25
17.10 -43.76 -9999.00 -9999.00 -9999.00 65.71 24.09 0.00
0.00 27993.70
12.30 -41.96 -9999.00 -9999.00 -9999.00 68.64 32.54 0.00
0.00 30214.69

STID = KMDW STNM = 725340 TIME = 200810/0100 
SLAT = 41.78 SLON = -87.75 SELV = 183.0
STIM = 11

SHOW = -5.24 LIFT = -5.60 SWET = 328.36 KINX = 26.08
LCLP = 876.76 PWAT = 43.78 TOTL = 52.84 CAPE = 1354.06
LCLT = 291.85 CINS = -78.32 EQLV = 186.27 LFCT = 667.79
BRCH = 93.99

PRES TMPC TMWC DWPC THTE DRCT SKNT OMEG
CFRL HGHT
991.50 29.14 23.13 20.69 349.97 182.60 8.55 0.00
0.00 192.00
988.50 28.94 23.02 20.62 349.98 182.49 13.42 0.00
0.00 219.06
983.00 28.44 22.81 20.52 349.93 182.76 16.14 0.00
0.00 268.82
973.60 27.64 22.46 20.34 349.88 184.09 19.08 0.00
0.00 354.33
959.70 26.44 21.95 20.09 349.86 185.82 21.10 0.00
0.00 481.87
941.90 24.84 21.25 19.74 349.71 188.48 22.40 -0.10
0.00 647.15
920.50 22.94 20.37 19.26 349.43 192.53 23.29 -0.20
0.00 848.83
897.30 21.14 19.25 18.39 348.51 196.01 23.23 -0.40
0.00 1071.42
872.10 19.54 18.33 17.76 348.96 208.23 20.94 -0.50
2.00 1318.33
844.00 18.04 16.99 16.47 348.30 221.63 18.71 -0.60
0.00 1600.65
813.00 16.44 15.01 14.26 345.87 231.88 16.05 -0.60
0.00 1921.30
779.10 15.34 11.73 9.57 339.76 238.76 13.85 -0.60
0.00 2284.08
742.40 14.04 7.35 1.96 331.69 227.79 11.29 -0.50
0.00 2692.54
702.90 11.74 3.25 -6.19 326.42 229.54 8.68 -0.30
0.00 3151.62
660.50 7.94 0.28 -9.56 325.89 242.30 8.78 -0.10
0.00 3667.98
615.30 2.84 -2.52 -9.62 327.13 216.33 8.20 0.10
0.00 4246.96
567.60 -2.96 -7.22 -14.43 325.19 212.01 10.99 0.20
0.00 4893.02
521.30 -7.46 -12.01 -23.48 324.01 238.67 10.47 0.30
0.00 5561.06
479.70 -10.26 -14.32 -25.35 328.01 262.41 14.70 0.30
0.00 6204.85
442.30 -13.66 -14.92 -17.37 335.46 260.54 25.99 0.10
0.00 6826.06
408.70 -17.36 -18.41 -20.87 336.74 264.41 27.91 0.00
0.00 7422.61
378.20 -21.06 -21.96 -24.55 337.96 268.84 28.75 0.00
0.00 7999.68
350.70 -24.76 -25.66 -28.97 338.88 268.51 29.93 0.10
4.00 8553.05
326.00 -28.46 -29.57 -35.37 339.34 266.70 30.36 0.20
0.00 9080.35
303.70 -31.76 -33.00 -42.47 340.54 256.52 24.16 0.30
0.00 9584.57
283.60 -35.46 -36.10 -41.13 342.22 239.42 19.85 0.30
0.00 10064.80
265.60 -39.16 -39.74 -46.15 342.72 239.31 20.55 0.30
0.00 10517.56
248.70 -42.56 -43.11 -51.75 343.73 240.58 20.96 0.30
0.00 10964.63
233.50 -45.56 -46.06 -57.41 345.18 230.75 20.57 0.20
0.00 11387.56
219.60 -48.66 -49.03 -59.12 346.45 228.58 22.03 0.10
0.00 11793.66
205.70 -52.06 -52.34 -62.77 347.55 236.77 26.94 -0.10
0.00 12220.10
191.70 -55.66 -55.83 -63.30 348.85 249.44 33.20 -0.10
0.00 12672.56
177.70 -59.26 -59.34 -63.87 350.59 255.24 29.74 -0.10
100.00 13151.36
163.80 -61.56 -61.63 -66.60 354.94 252.39 25.68 -0.10
100.00 13658.58
149.80 -63.16 -63.22 -67.25 361.36 241.56 26.52 0.00
100.00 14209.86
135.90 -65.16 -65.22 -70.80 367.97 241.42 29.64 0.10
0.00 14805.59
121.90 -65.96 -66.05 -76.19 378.07 257.51 27.86 0.10
0.00 15466.22
108.00 -63.66 -9999.00 -9999.00 -9999.00 262.29 18.82 0.00
0.00 16204.55
94.00 -62.06 -9999.00 -9999.00 -9999.00 239.30 14.45 0.00
0.00 17059.16
81.00 -62.86 -9999.00 -9999.00 -9999.00 260.87 11.01 -0.10
0.00 17977.12
70.60 -61.46 -9999.00 -9999.00 -9999.00 270.00 5.63 -0.10
0.00 18825.81
62.20 -59.46 -9999.00 -9999.00 -9999.00 360.00 1.55 0.00
0.00 19614.46
54.30 -57.96 -9999.00 -9999.00 -9999.00 54.78 4.04 0.00
0.00 20467.06
46.90 -56.76 -9999.00 -9999.00 -9999.00 85.82 7.98 0.00
0.00 21392.47
40.10 -54.56 -9999.00 -9999.00 -9999.00 86.01 8.37 0.00
0.00 22389.68
33.80 -52.56 -9999.00 -9999.00 -9999.00 53.88 8.90 0.00
0.00 23488.28
27.80 -50.26 -9999.00 -9999.00 -9999.00 48.50 13.48 0.00
0.00 24756.71
22.30 -47.66 -9999.00 -9999.00 -9999.00 62.98 21.81 0.00
0.00 26203.37
17.10 -44.46 -9999.00 -9999.00 -9999.00 73.38 27.16 0.00
0.00 27968.27
12.30 -41.46 -9999.00 -9999.00 -9999.00 69.84 32.69 0.00
0.00 30188.29

STID = KMDW STNM = 725340 TIME = 200810/0200 
SLAT = 41.78 SLON = -87.75 SELV = 183.0
STIM = 12

SHOW = -6.08 LIFT = -6.12 SWET = 359.41 KINX = 27.90
LCLP = 895.62 PWAT = 47.74 TOTL = 53.55 CAPE = 1483.10
LCLT = 292.71 CINS = -15.10 EQLV = 188.19 LFCT = 834.49
BRCH = 135.58

PRES TMPC TMWC DWPC THTE DRCT SKNT OMEG
CFRL HGHT
992.10 28.24 23.23 21.22 350.38 190.18 7.69 0.00
0.00 191.97
989.10 28.04 23.10 21.12 350.30 189.02 12.39 0.00
0.00 218.94
983.60 27.54 22.88 21.00 350.18 188.24 14.92 0.00
0.00 268.54
974.20 26.84 22.55 20.81 350.22 188.88 18.88 -0.10
0.00 353.78
960.30 25.74 22.06 20.54 350.26 190.40 21.52 -0.20
0.00 480.95
942.40 24.34 21.41 20.18 350.33 192.63 23.10 -0.40
0.00 646.77
921.10 22.64 20.66 19.81 350.60 197.38 23.41 -0.50
0.00 847.18
897.90 20.74 19.89 19.49 351.17 202.81 22.55 -0.50
0.00 1069.46
872.60 19.04 18.92 18.81 351.34 213.55 22.84 -0.50
14.00 1316.98
844.40 17.54 17.45 17.35 350.09 228.32 21.33 -0.60
31.00 1599.82
813.40 15.84 15.49 15.27 347.67 240.95 18.01 -0.90
14.00 1919.87
779.50 14.54 12.56 11.44 342.64 244.54 13.56 -1.10
0.00 2281.82
742.80 13.74 8.21 4.14 334.33 227.56 9.21 -1.10
0.00 2689.57
703.20 11.64 3.60 -4.91 327.36 212.47 7.60 -0.90
0.00 3149.45
660.80 7.94 0.29 -9.51 325.87 214.08 7.96 -0.80
0.00 3665.55
615.50 2.84 -2.58 -9.83 326.94 198.78 10.26 -0.70
0.00 4245.57
567.80 -2.66 -7.25 -15.22 325.06 209.74 12.53 -0.50
0.00 4891.73
521.50 -6.96 -10.75 -18.44 326.63 241.76 11.91 -0.30
0.00 5560.62
479.80 -11.06 -11.26 -11.59 334.51 244.72 15.46 0.00
3.00 6205.96
442.40 -13.66 -13.74 -13.90 337.90 249.56 22.80 0.30
100.00 6826.65
408.70 -17.76 -18.13 -18.96 337.29 266.68 30.17 0.50
100.00 7424.64
378.20 -21.26 -22.03 -24.23 337.83 265.58 32.73 0.60
4.00 8001.09
350.70 -24.86 -25.72 -28.86 338.78 257.91 30.59 0.70
0.00 8554.13
326.00 -28.26 -29.45 -35.73 339.54 252.46 31.59 0.70
0.00 9081.55
303.70 -31.76 -33.09 -43.81 340.39 246.12 27.84 0.70
0.00 9585.96
283.60 -35.46 -36.54 -48.27 341.43 236.31 23.82 0.60
0.00 10066.15
265.60 -39.26 -40.02 -49.95 342.25 236.06 24.36 0.60
0.00 10518.78
248.80 -42.96 -43.50 -52.43 343.06 233.13 23.31 0.70
0.00 10962.63
233.50 -46.16 -46.57 -55.36 344.35 229.15 24.65 0.60
0.00 11387.33
219.60 -49.26 -49.59 -59.12 345.53 229.09 26.98 0.50
0.00 11792.35
205.70 -52.56 -52.79 -61.06 346.81 238.80 32.25 0.20
0.00 12217.74
191.70 -55.66 -55.80 -61.60 348.89 250.23 31.59 0.00
6.00 12669.69
177.70 -57.66 -57.84 -68.92 353.12 254.71 25.78 -0.10
42.00 13150.26
163.80 -60.06 -9999.00 -9999.00 -9999.00 250.99 24.46 -0.20
27.00 13661.17
149.80 -62.66 -62.78 -74.84 362.13 242.89 27.27 -0.20
0.00 14215.05
135.90 -65.16 -65.22 -70.80 367.97 241.31 32.77 -0.10
0.00 14811.50
121.90 -65.66 -65.75 -76.19 378.62 254.96 32.19 0.00
0.00 15472.60
108.00 -63.66 -9999.00 -9999.00 -9999.00 268.39 20.78 0.00
0.00 16211.47
94.00 -63.46 -9999.00 -9999.00 -9999.00 241.53 13.03 0.00
0.00 17063.23
81.00 -63.66 -9999.00 -9999.00 -9999.00 254.22 9.29 0.00
0.00 17976.40
70.60 -61.66 -9999.00 -9999.00 -9999.00 260.54 3.54 0.00
0.00 18823.08
62.20 -59.16 -9999.00 -9999.00 -9999.00 39.81 3.03 0.00
0.00 19611.91
54.30 -57.56 -9999.00 -9999.00 -9999.00 60.95 6.00 0.00
0.00 20465.91
46.90 -56.36 -9999.00 -9999.00 -9999.00 79.22 8.31 0.00
0.00 21393.03
40.10 -55.06 -9999.00 -9999.00 -9999.00 57.43 8.29 0.00
0.00 22390.02
33.80 -53.56 -9999.00 -9999.00 -9999.00 35.64 12.67 0.00
0.00 23484.86
27.80 -51.26 -9999.00 -9999.00 -9999.00 51.44 17.13 0.00
0.00 24747.57
22.30 -48.26 -9999.00 -9999.00 -9999.00 74.05 22.63 0.00
0.00 26189.07
17.10 -44.16 -9999.00 -9999.00 -9999.00 78.11 26.40 0.00
0.00 27952.80
12.30 -41.36 -9999.00 -9999.00 -9999.00 70.79 31.88 0.00
0.00 30174.76

STID = KMDW STNM = 725340 TIME = 200810/0300 
SLAT = 41.78 SLON = -87.75 SELV = 183.0
STIM = 13

SHOW = -5.94 LIFT = -6.98 SWET = 355.76 KINX = 26.83
LCLP = 934.84 PWAT = 47.35 TOTL = 54.24 CAPE = 1749.26
LCLT = 294.64 CINS = -104.79 EQLV = 181.44 LFCT = 672.62
BRCH = 109.24

PRES TMPC TMWC DWPC THTE DRCT SKNT OMEG
CFRL HGHT
992.10 26.54 23.62 22.47 352.23 178.36 6.80 0.00
0.00 191.93
989.10 26.44 23.39 22.18 351.65 178.24 12.63 0.00
0.00 218.77
983.60 26.14 23.15 21.96 351.45 179.27 15.15 0.00
0.00 268.15
974.20 25.44 22.73 21.63 351.04 182.31 19.25 0.00
0.00 353.04
960.20 24.64 22.21 21.21 350.98 185.19 21.46 0.00
0.00 480.66
942.40 23.64 21.67 20.85 351.53 190.81 21.76 0.00
0.00 645.12
921.00 22.24 21.06 20.54 352.38 199.44 21.02 0.00
0.00 846.20
897.70 20.84 20.18 19.86 352.48 209.68 20.78 -0.10
5.00 1069.44
872.50 19.34 18.74 18.43 350.59 220.30 20.12 -0.20
91.00 1316.19
844.40 18.34 17.00 16.35 348.28 234.46 16.71 -0.30
91.00 1598.46
813.40 17.34 14.66 13.26 344.47 248.05 14.02 -0.20
13.00 1919.53
779.50 16.24 11.39 8.37 338.48 250.67 11.73 -0.10
8.00 2283.09
742.80 14.84 7.49 1.52 332.00 243.00 11.56 0.00
5.00 2692.43
703.30 12.24 3.63 -5.69 327.36 234.57 12.39 0.10
3.00 3152.28
660.90 8.14 0.26 -10.01 325.75 227.29 13.75 0.30
2.00 3668.98
615.70 2.24 -2.90 -9.87 326.16 218.77 15.19 0.50
4.00 4247.15
567.90 -4.36 -7.02 -11.02 325.67 219.19 16.30 0.70
13.00 4891.94
521.60 -9.16 -9.91 -11.09 328.50 218.29 14.10 0.70
60.00 5556.31
479.80 -9.76 -10.37 -11.26 336.47 233.67 16.39 0.40
100.00 6202.33
442.40 -13.06 -13.48 -14.19 338.45 235.41 20.53 0.10
100.00 6825.28
408.70 -17.06 -17.53 -18.52 338.49 251.02 25.68 0.00
100.00 7424.78
378.20 -21.36 -21.94 -23.55 338.01 260.06 30.36 0.10
6.00 8001.94
350.80 -25.36 -26.14 -29.07 338.00 252.67 31.95 0.20
0.00 8552.25
326.00 -28.26 -29.37 -35.03 339.69 246.04 32.52 0.20
0.00 9081.19
303.70 -31.36 -32.62 -41.86 341.18 240.21 34.01 0.10
0.00 9586.03
283.60 -35.06 -36.13 -46.82 342.13 236.69 32.54 -0.10
0.00 10067.04
265.60 -38.86 -39.64 -49.39 342.87 233.13 31.08 -0.40
0.00 10520.44
248.80 -42.76 -43.29 -51.75 343.40 230.84 31.06 -0.50
0.00 10964.86
233.50 -46.56 -46.90 -53.70 343.83 229.68 30.32 -0.50
0.00 11389.38
219.60 -49.96 -50.18 -55.86 344.58 232.63 31.04 -0.30
0.00 11793.42
205.70 -53.56 -53.70 -58.42 345.33 241.93 33.02 -0.20
0.00 12217.19
191.70 -56.56 -56.70 -63.30 347.41 251.12 31.82 0.00
2.00 12667.18
177.70 -58.16 -58.35 -73.70 352.25 259.52 28.85 0.10
0.00 13146.20
163.80 -60.16 -9999.00 -9999.00 -9999.00 261.12 25.17 0.10
0.00 13656.39
149.80 -62.66 -9999.00 -9999.00 -9999.00 247.57 22.90 0.10
0.00 14210.14
135.90 -65.16 -65.25 -75.48 367.92 239.77 28.55 0.10
0.00 14806.58
121.90 -65.06 -65.16 -76.19 379.71 252.58 31.16 0.10
0.00 15468.64
108.00 -62.76 -9999.00 -9999.00 -9999.00 259.11 20.57 0.00
0.00 16210.16
94.00 -63.26 -9999.00 -9999.00 -9999.00 216.47 16.67 -0.10
0.00 17064.16
81.00 -63.56 -9999.00 -9999.00 -9999.00 241.98 13.64 0.00
0.00 17977.98
70.60 -61.46 -9999.00 -9999.00 -9999.00 261.38 6.49 0.00
0.00 18825.27
62.20 -59.26 -9999.00 -9999.00 -9999.00 347.47 1.79 0.00
0.00 19614.28
54.30 -57.86 -9999.00 -9999.00 -9999.00 34.99 4.74 0.00
0.00 20467.49
46.90 -56.56 -9999.00 -9999.00 -9999.00 44.17 9.48 0.00
0.00 21393.53
40.10 -55.56 -9999.00 -9999.00 -9999.00 37.52 13.71 0.00
0.00 22388.92
33.80 -52.86 -9999.00 -9999.00 -9999.00 45.92 17.04 0.00
0.00 23484.26
27.80 -49.16 -9999.00 -9999.00 -9999.00 72.07 20.82 0.00
0.00 24754.98
22.30 -47.36 -9999.00 -9999.00 -9999.00 88.47 21.76 0.00
0.00 26206.16
17.10 -44.96 -9999.00 -9999.00 -9999.00 73.99 24.65 0.00
0.00 27970.28
12.30 -42.16 -9999.00 -9999.00 -9999.00 68.87 33.95 0.00
0.00 30184.52

STID = KMDW STNM = 725340 TIME = 200810/0400 
SLAT = 41.78 SLON = -87.75 SELV = 183.0
STIM = 14

SHOW = -3.91 LIFT = -5.67 SWET = 324.36 KINX = 24.95
LCLP = 959.33 PWAT = 47.76 TOTL = 50.91 CAPE = 1909.94
LCLT = 295.72 CINS = -133.63 EQLV = 181.51 LFCT = 688.96
BRCH = 166.55

PRES TMPC TMWC DWPC THTE DRCT SKNT OMEG
CFRL HGHT
992.30 25.44 23.79 23.13 353.02 185.53 6.04 0.00
0.00 192.79
989.30 25.34 23.55 22.83 352.38 186.34 12.32 0.00
0.00 219.54
983.80 24.94 23.29 22.62 352.08 187.70 14.51 0.00
0.00 268.74
974.40 24.34 22.92 22.32 351.87 190.36 18.36 0.00
0.00 353.32
960.50 23.64 22.40 21.86 351.77 194.16 21.45 0.00
0.00 479.60
942.60 23.04 21.81 21.28 352.11 204.40 23.04 0.00
0.00 644.56
921.20 22.04 21.10 20.68 352.55 214.79 22.47 0.00
0.00 845.36
897.90 20.64 20.03 19.72 351.75 218.97 22.24 0.20
26.00 1068.39
872.70 19.34 18.50 18.09 349.56 225.39 20.18 0.40
97.00 1314.97
844.50 18.64 16.57 15.56 346.53 235.30 15.37 0.60
88.00 1598.25
813.50 18.34 13.79 11.25 341.19 248.90 11.87 0.60
57.00 1919.79
779.70 17.74 10.32 5.10 334.74 262.88 12.53 0.60
37.00 2283.41
743.10 15.84 6.90 -1.10 330.03 266.33 15.19 0.60
24.00 2692.92
703.60 12.34 3.61 -5.91 327.25 256.76 13.58 0.90
16.00 3153.32
661.30 6.64 0.20 -7.64 325.68 223.67 11.81 1.70
15.00 3667.33
615.90 -0.56 -3.16 -6.34 325.68 201.47 18.57 2.30
29.00 4243.57
568.10 -4.76 -5.86 -7.29 328.26 205.58 25.19 1.90
83.00 4884.72
521.70 -6.56 -7.12 -7.84 334.69 230.00 22.07 0.70
99.00 5553.47
479.90 -9.46 -9.81 -10.32 337.69 252.54 18.12 -0.50
100.00 6203.15
442.50 -12.96 -13.28 -13.82 338.86 256.55 18.38 -1.20
100.00 6826.51
408.80 -16.76 -17.06 -17.68 339.41 258.92 19.19 -1.30
100.00 7426.39
378.20 -21.06 -21.40 -22.29 339.03 260.86 17.11 -0.80
100.00 8006.10
350.80 -25.66 -26.15 -27.94 337.98 258.58 19.62 -0.20
100.00 8556.46
326.00 -28.96 -29.85 -34.38 338.86 249.60 25.08 0.30
12.00 9084.35
303.70 -32.26 -33.27 -40.48 340.11 244.23 31.27 0.50
0.00 9587.55
283.70 -35.76 -36.60 -44.43 341.33 237.89 35.08 0.60
0.00 10064.50
265.60 -39.26 -39.90 -47.41 342.45 235.55 36.75 0.50
0.00 10519.29
248.80 -43.06 -43.49 -49.96 343.07 235.66 37.88 0.30
0.00 10963.06
233.50 -46.66 -46.99 -53.70 343.68 236.46 40.79 0.10
0.00 11387.20
219.60 -49.76 -50.07 -59.12 344.76 237.11 38.64 -0.10
0.00 11791.33
205.70 -52.46 -52.77 -67.88 346.83 241.14 32.60 -0.30
0.00 12216.33
191.70 -55.46 -55.71 -73.19 349.03 245.95 25.74 -0.30
0.00 12668.58
177.70 -57.96 -58.15 -73.70 352.58 250.02 25.02 -0.20
0.00 13149.04
163.80 -60.06 -60.22 -74.24 357.36 249.35 26.98 -0.20
0.00 13659.59
149.80 -61.96 -62.09 -74.84 363.33 242.04 28.59 -0.10
0.00 14214.39
135.90 -64.46 -64.56 -75.48 369.16 237.92 30.73 -0.10
0.00 14812.83
121.90 -65.76 -65.85 -76.19 378.44 249.44 31.53 0.00
0.00 15474.89
108.00 -64.26 -9999.00 -9999.00 -9999.00 262.23 21.56 0.00
0.00 16212.51
94.00 -64.36 -9999.00 -9999.00 -9999.00 228.58 13.21 0.00
0.00 17061.22
81.00 -63.96 -9999.00 -9999.00 -9999.00 261.87 12.35 0.00
0.00 17971.78
70.60 -60.46 -9999.00 -9999.00 -9999.00 283.63 6.60 0.00
0.00 18820.27
62.20 -58.46 -9999.00 -9999.00 -9999.00 101.31 1.98 0.00
0.00 19612.62
54.30 -57.46 -9999.00 -9999.00 -9999.00 86.05 5.65 0.00
0.00 20468.21
46.90 -56.16 -9999.00 -9999.00 -9999.00 75.96 9.62 0.00
0.00 21395.97
40.10 -54.76 -9999.00 -9999.00 -9999.00 54.46 13.36 0.00
0.00 22394.11
33.80 -51.96 -9999.00 -9999.00 -9999.00 50.50 18.63 0.00
0.00 23493.70
27.80 -49.36 -9999.00 -9999.00 -9999.00 67.75 23.08 0.00
0.00 24766.43
22.30 -47.86 -9999.00 -9999.00 -9999.00 78.69 20.80 0.00
0.00 26215.35
17.10 -44.86 -9999.00 -9999.00 -9999.00 72.96 25.19 0.00
0.00 27977.92
12.30 -42.16 -9999.00 -9999.00 -9999.00 63.43 31.70 0.00
0.00 30192.64

STID = KMDW STNM = 725340 TIME = 200810/0500 
SLAT = 41.78 SLON = -87.75 SELV = 183.0
STIM = 15

SHOW = -4.44 LIFT = -5.71 SWET = 398.34 KINX = 29.14
LCLP = 967.96 PWAT = 49.99 TOTL = 51.12 CAPE = 2014.52
LCLT = 295.97 CINS = -6.22 EQLV = 182.06 LFCT = 888.18
BRCH = 260.01

PRES TMPC TMWC DWPC THTE DRCT SKNT OMEG
CFRL HGHT
992.50 24.94 23.74 23.23 352.71 205.64 5.38 0.00
0.00 192.77
989.50 24.84 23.54 22.99 352.26 200.67 10.99 0.00
0.00 219.47
984.10 24.44 23.31 22.82 352.07 199.77 13.21 -0.20
0.00 267.69
974.60 23.84 22.96 22.57 352.04 199.87 17.15 -0.30
0.00 353.02
960.70 23.24 22.49 22.14 352.16 202.58 21.25 -0.60
4.00 479.10
942.80 22.64 21.88 21.52 352.36 212.88 22.90 -0.80
4.00 643.83
921.50 21.54 21.09 20.85 352.41 220.60 23.29 -1.00
4.00 843.36
898.20 20.24 20.08 19.95 351.92 224.33 23.35 -1.20
10.00 1066.01
872.90 18.84 18.73 18.63 350.50 229.01 21.62 -1.30
47.00 1313.16
844.80 18.04 16.97 16.44 348.08 232.90 19.00 -1.40
22.00 1594.94
813.70 16.94 14.44 13.11 343.58 231.34 16.16 -1.70
0.00 1916.52
779.90 15.74 11.31 8.56 338.17 231.34 11.19 -2.20
0.00 2278.28
743.20 14.24 7.37 1.81 331.61 242.10 7.48 -2.50
0.00 2686.65
703.60 11.14 4.04 -2.94 328.60 239.89 11.23 -2.30
0.00 3146.21
661.20 6.74 0.91 -5.58 327.56 231.07 19.48 -1.50
0.00 3660.71
615.90 1.04 -2.92 -7.98 326.17 214.36 23.06 -0.80
1.00 4237.51
568.10 -3.96 -5.82 -8.28 328.34 216.87 26.22 -0.60
21.00 4881.36
521.70 -6.36 -7.06 -7.96 334.82 262.51 26.85 -0.90
100.00 5551.29
479.90 -9.66 -10.09 -10.71 337.07 268.13 17.87 -0.90
100.00 6200.94
442.40 -13.56 -13.66 -13.86 338.06 258.55 15.66 -0.70
100.00 6825.06
408.80 -17.16 -17.73 -18.95 338.07 251.33 15.17 -0.70
100.00 7422.02
378.20 -21.06 -22.16 -25.46 337.57 248.00 20.75 -0.70
7.00 8001.16
350.80 -24.96 -26.20 -31.32 337.86 248.37 24.24 -0.70
45.00 8552.17
326.00 -29.26 -29.86 -32.75 338.85 244.22 25.45 -0.60
2.00 9080.46
303.70 -33.06 -33.64 -37.36 339.51 237.56 29.70 -0.40
0.00 9582.56
283.60 -36.76 -37.30 -41.94 340.23 233.33 33.18 -0.30
0.00 10060.21
265.60 -40.56 -40.95 -45.40 340.74 234.02 37.68 -0.10
0.00 10510.37
248.70 -44.16 -44.46 -48.93 341.55 234.79 42.79 -0.10
5.00 10954.57
233.50 -47.46 -47.74 -53.70 342.46 234.82 43.49 0.00
2.00 11374.28
219.60 -50.26 -50.59 -62.27 343.90 237.13 41.16 0.00
0.00 11777.24
205.70 -52.76 -53.08 -72.71 346.32 239.74 35.08 0.00
0.00 12201.47
191.70 -55.26 -55.51 -73.19 349.35 241.97 30.59 0.00
0.00 12653.61
177.70 -57.76 -57.96 -73.70 352.91 238.13 25.39 0.00
0.00 13134.51
163.80 -60.56 -60.71 -74.24 356.52 231.27 23.91 0.00
0.00 13644.71
149.80 -62.46 -62.58 -74.84 362.47 234.51 29.10 0.10
0.00 14198.20
135.90 -63.96 -64.07 -75.48 370.05 239.96 32.98 0.10
0.00 14796.64
121.90 -64.76 -9999.00 -9999.00 -9999.00 250.08 30.79 0.00
0.00 15461.08
108.00 -64.16 -9999.00 -9999.00 -9999.00 261.62 18.65 0.00
0.00 16200.65
94.00 -64.46 -9999.00 -9999.00 -9999.00 235.75 11.05 0.00
0.00 17049.37
81.00 -63.86 -9999.00 -9999.00 -9999.00 254.48 10.88 0.00
0.00 17959.92
70.60 -59.56 -9999.00 -9999.00 -9999.00 251.57 3.69 0.00
0.00 18810.42
62.20 -58.96 -9999.00 -9999.00 -9999.00 105.64 5.05 0.00
0.00 19603.52
54.30 -58.66 -9999.00 -9999.00 -9999.00 64.89 6.86 0.00
0.00 20455.73
46.90 -57.46 -9999.00 -9999.00 -9999.00 57.45 10.84 0.00
0.00 21378.13
40.10 -54.96 -9999.00 -9999.00 -9999.00 58.39 14.82 0.00
0.00 22372.82
33.80 -51.26 -9999.00 -9999.00 -9999.00 67.89 20.12 0.00
0.00 23473.67
27.80 -49.26 -9999.00 -9999.00 -9999.00 79.32 20.96 0.00
0.00 24748.68
22.30 -47.66 -9999.00 -9999.00 -9999.00 75.96 19.23 0.00
0.00 26198.57
17.10 -45.66 -9999.00 -9999.00 -9999.00 74.82 25.97 0.00
0.00 27958.81
12.30 -42.76 -9999.00 -9999.00 -9999.00 73.03 31.27 0.00
0.00 30166.78

STID = KMDW STNM = 725340 TIME = 200810/0600 
SLAT = 41.78 SLON = -87.75 SELV = 183.0
STIM = 16

SHOW = -4.51 LIFT = -6.00 SWET = 355.44 KINX = 29.09
LCLP = 971.82 PWAT = 49.17 TOTL = 51.59 CAPE = 1969.81
LCLT = 296.04 CINS = -4.48 EQLV = 187.86 LFCT = 880.17
BRCH = 148.82

PRES TMPC TMWC DWPC THTE DRCT SKNT OMEG
CFRL HGHT
992.10 24.64 23.66 23.23 352.40 185.91 5.67 0.00
0.00 192.77
989.10 24.44 23.45 23.02 351.93 187.82 10.00 0.00
0.00 219.44
983.70 24.04 23.22 22.85 351.74 190.39 11.85 0.00
0.00 267.62
974.20 23.34 22.82 22.56 351.45 195.84 14.94 0.00
0.00 352.85
960.30 22.74 22.35 22.13 351.57 205.20 18.24 0.00
11.00 478.78
942.40 22.14 21.80 21.61 352.09 216.87 19.42 0.10
16.00 643.30
921.10 21.14 21.01 20.90 352.14 223.43 20.07 0.10
100.00 842.62
897.70 20.24 20.12 20.01 352.20 225.00 20.88 0.20
100.00 1066.19
872.50 18.84 18.72 18.61 350.50 228.50 20.22 0.20
100.00 1312.50
844.30 18.04 16.68 16.00 346.98 237.80 18.59 0.00
15.00 1595.40
813.40 17.34 14.06 12.29 342.24 252.00 16.34 -0.30
0.00 1915.19
779.50 16.24 11.12 7.86 337.55 252.73 15.05 -0.40
0.00 2278.63
742.80 14.44 7.78 2.57 332.91 244.23 18.76 -0.50
0.00 2687.70
703.30 11.24 4.10 -2.91 328.80 230.44 23.17 -0.40
0.00 3146.61
660.90 6.44 0.38 -6.73 326.25 218.58 22.13 -0.20
0.00 3661.10
615.60 1.24 -2.10 -5.98 328.24 230.19 22.77 0.00
0.00 4238.11
567.80 -3.46 -4.88 -6.61 330.58 253.77 27.12 0.00
0.00 4883.33
521.50 -6.66 -8.49 -11.17 331.59 261.65 21.41 -0.10
4.00 5552.29
479.70 -10.16 -10.81 -11.79 335.52 228.31 16.65 -0.10
100.00 6200.99
442.30 -14.26 -14.34 -14.49 336.67 229.55 15.58 0.00
100.00 6822.13
408.70 -17.86 -18.24 -19.07 337.09 230.71 19.33 0.00
100.00 7417.58
378.20 -21.46 -22.70 -26.64 336.58 230.51 22.90 0.00
0.00 7993.63
350.70 -24.96 -26.82 -36.33 336.75 233.22 24.98 0.00
0.00 8546.21
326.00 -29.26 -30.51 -38.12 337.70 232.89 28.01 0.00
0.00 9072.34
303.70 -33.26 -34.14 -40.74 338.66 231.84 31.12 0.00
22.00 9574.16
283.60 -37.06 -37.92 -47.77 339.17 233.83 34.89 0.00
0.00 10051.26
265.60 -40.66 -41.39 -53.42 339.99 235.22 39.49 0.00
0.00 10501.00
248.70 -44.26 -44.74 -53.97 341.07 233.13 42.74 0.00
0.00 10944.97
233.50 -47.56 -47.91 -56.32 342.19 232.93 44.79 0.00
0.00 11364.48
219.60 -49.96 -50.33 -64.44 344.32 235.22 42.56 0.00
0.00 11767.62
205.70 -52.26 -52.60 -72.71 347.10 237.90 36.93 0.00
0.00 12192.61
191.70 -54.66 -54.94 -73.19 350.32 239.96 32.98 0.00
0.00 12645.89
177.80 -57.16 -57.38 -73.70 353.84 237.15 29.37 -0.10
0.00 13124.54
163.80 -59.66 -59.83 -74.24 358.03 229.48 28.11 -0.10
0.00 13640.06
149.80 -62.26 -62.39 -74.84 362.82 233.49 30.69 0.00
0.00 14195.00
135.90 -64.26 -64.36 -75.48 369.52 244.51 32.50 0.00
0.00 14793.29
121.90 -65.16 -9999.00 -9999.00 -9999.00 252.35 31.39 0.00
0.00 15456.62
108.00 -64.26 -9999.00 -9999.00 -9999.00 256.25 18.80 0.00
0.00 16195.31
94.00 -64.76 -9999.00 -9999.00 -9999.00 225.66 11.95 0.00
0.00 17043.21
81.00 -62.96 -9999.00 -9999.00 -9999.00 246.04 11.48 0.00
0.00 17955.07
70.60 -59.36 -9999.00 -9999.00 -9999.00 250.02 2.27 0.00
0.00 18807.78
62.20 -59.76 -9999.00 -9999.00 -9999.00 105.71 6.45 0.00
0.00 19599.77
54.30 -58.76 -9999.00 -9999.00 -9999.00 101.00 7.13 0.00
0.00 20450.18
46.90 -57.16 -9999.00 -9999.00 -9999.00 77.74 9.15 0.00
0.00 21373.02
40.10 -55.26 -9999.00 -9999.00 -9999.00 58.15 15.09 0.00
0.00 22367.71
33.80 -52.76 -9999.00 -9999.00 -9999.00 72.26 20.40 0.00
0.00 23464.05
27.80 -49.86 -9999.00 -9999.00 -9999.00 82.95 18.98 0.00
0.00 24733.06
22.30 -46.86 -9999.00 -9999.00 -9999.00 70.31 19.60 0.00
0.00 26183.60
17.10 -44.96 -9999.00 -9999.00 -9999.00 67.62 25.00 0.00
0.00 27949.66
12.30 -42.66 -50.51 -89.89 809.96 72.03 30.23 0.00
0.00 30161.49

STID = KMDW STNM = 725340 TIME = 200810/0700 
SLAT = 41.78 SLON = -87.75 SELV = 183.0
STIM = 17

SHOW = -4.09 LIFT = -5.85 SWET = 364.25 KINX = 31.68
LCLP = 973.01 PWAT = 49.82 TOTL = 51.08 CAPE = 2080.89
LCLT = 296.02 CINS = -16.97 EQLV = 187.32 LFCT = 790.93
BRCH = 91.95

PRES TMPC TMWC DWPC THTE DRCT SKNT OMEG
CFRL HGHT
992.30 24.54 23.61 23.20 352.14 177.80 5.05 0.00
0.00 192.76
989.30 24.34 23.43 23.03 351.80 180.00 9.52 0.00
0.00 219.42
983.90 24.04 23.23 22.87 351.77 180.99 11.27 0.00
0.00 267.58
974.40 23.44 22.87 22.59 351.64 188.13 15.11 0.00
0.00 352.81
960.50 23.14 22.53 22.24 352.40 199.44 17.50 0.10
11.00 478.83
942.60 22.54 22.06 21.82 353.25 211.49 18.22 0.10
12.00 643.55
921.20 21.54 21.17 20.96 352.82 219.88 18.47 0.20
19.00 844.06
897.90 20.64 19.85 19.47 350.98 229.99 20.55 0.20
72.00 1066.91
872.70 19.24 18.43 18.02 349.23 236.31 21.72 0.10
39.00 1313.42
844.60 18.34 16.63 15.79 346.74 240.45 21.66 0.00
25.00 1595.51
813.60 16.84 14.70 13.58 344.59 258.31 17.25 -0.20
20.00 1916.20
779.70 14.94 12.57 11.23 342.64 267.83 15.37 -0.30
18.00 2278.77
742.90 13.74 9.07 5.89 337.09 252.20 16.53 -0.30
13.00 2687.92
703.30 10.94 4.91 -0.44 331.17 240.26 18.78 -0.10
10.00 3147.51
660.90 6.34 1.68 -2.98 329.72 234.01 22.80 0.00
11.00 3661.95
615.50 0.94 -1.52 -4.19 329.70 241.17 24.16 0.00
21.00 4240.16
567.70 -3.46 -5.48 -8.11 329.18 265.36 21.64 0.00
34.00 4885.16
521.40 -6.46 -10.36 -18.04 327.46 274.53 19.68 0.00
34.00 5554.14
479.70 -9.86 -12.36 -17.12 332.12 238.89 13.15 0.00
49.00 6201.46
442.30 -14.36 -15.06 -16.39 335.18 225.94 16.76 0.10
80.00 6822.55
408.60 -17.76 -19.07 -22.38 335.48 228.22 24.49 0.10
90.00 7419.67
378.10 -21.06 -23.79 -37.35 334.47 231.07 25.97 0.10
56.00 7996.21
350.70 -24.96 -27.47 -46.92 335.49 235.53 27.80 0.00
0.00 8547.12
326.00 -29.26 -31.07 -47.03 336.66 237.31 30.92 0.00
0.00 9073.16
303.70 -33.46 -34.79 -49.38 337.51 237.35 32.77 -0.10
0.00 9574.70
283.60 -37.36 -38.23 -48.81 338.66 237.43 35.72 -0.10
0.00 10051.26
265.60 -41.06 -41.64 -49.95 339.61 237.40 39.67 0.00
0.00 10500.33
248.70 -44.46 -44.95 -54.84 340.73 234.49 42.48 0.00
0.00 10943.73
233.50 -47.56 -47.98 -60.07 342.06 232.77 43.67 0.00
0.00 11363.05
219.60 -50.06 -50.45 -67.41 344.12 234.71 42.37 0.00
0.00 11766.09
205.70 -52.46 -52.80 -72.71 346.79 238.17 39.78 0.00
0.00 12190.80
191.70 -54.56 -54.84 -73.19 350.48 239.55 37.18 0.00
0.00 12643.98
177.70 -56.56 -56.79 -73.70 354.88 239.50 32.91 -0.10
0.00 13126.98
163.80 -59.46 -59.63 -74.24 358.37 229.68 30.32 -0.10
0.00 13639.92
149.80 -62.26 -62.39 -74.84 362.82 228.85 32.77 -0.10
0.00 14195.11
135.90 -64.16 -64.26 -75.48 369.69 242.69 33.45 0.00
0.00 14793.55
121.90 -64.96 -9999.00 -9999.00 -9999.00 250.32 31.16 0.00
0.00 15457.36
108.00 -64.26 -9999.00 -9999.00 -9999.00 252.71 21.56 0.00
0.00 16196.40
94.00 -64.56 -9999.00 -9999.00 -9999.00 212.01 14.67 0.00
0.00 17044.70
81.00 -61.86 -9999.00 -9999.00 -9999.00 237.83 14.22 0.00
0.00 17959.40
70.60 -59.36 -9999.00 -9999.00 -9999.00 186.84 4.90 0.00
0.00 18814.33
62.20 -59.76 -9999.00 -9999.00 -9999.00 135.00 5.77 0.00
0.00 19606.31
54.30 -58.46 -9999.00 -9999.00 -9999.00 110.22 3.92 0.00
0.00 20457.32
46.90 -58.26 -9999.00 -9999.00 -9999.00 70.14 7.44 0.00
0.00 21378.44
40.10 -56.16 -9999.00 -9999.00 -9999.00 71.80 14.92 0.00
0.00 22368.55
33.80 -52.66 -9999.00 -9999.00 -9999.00 81.38 19.44 0.00
0.00 23462.89
27.80 -49.56 -9999.00 -9999.00 -9999.00 75.65 17.25 0.00
0.00 24733.04
22.30 -47.56 -9999.00 -9999.00 -9999.00 65.87 20.44 0.00
0.00 26182.29
17.10 -45.36 -9999.00 -9999.00 -9999.00 68.12 26.59 0.00
0.00 27944.08
12.30 -42.76 -50.56 -89.89 809.61 68.45 32.79 0.00
0.00 30153.50

STID = KMDW STNM = 725340 TIME = 200810/0800 
SLAT = 41.78 SLON = -87.75 SELV = 183.0
STIM = 18

SHOW = -4.30 LIFT = -5.73 SWET = 301.49 KINX = 34.87
LCLP = 975.37 PWAT = 48.69 TOTL = 51.30 CAPE = 2218.42
LCLT = 296.05 CINS = -17.30 EQLV = 184.03 LFCT = 739.53
BRCH = 89.75

PRES TMPC TMWC DWPC THTE DRCT SKNT OMEG
CFRL HGHT
992.10 24.34 23.54 23.18 351.86 182.39 4.66 0.00
0.00 192.76
989.10 24.24 23.41 23.04 351.75 184.57 9.75 0.00
0.00 219.41
983.60 23.94 23.24 22.92 351.86 185.81 11.52 0.00
0.00 268.46
974.20 23.54 22.97 22.69 352.13 191.17 16.05 0.00
0.00 352.82
960.30 23.04 22.64 22.43 352.94 200.99 17.89 0.10
0.00 478.87
942.40 22.24 22.06 21.92 353.24 208.81 17.74 0.20
27.00 643.54
921.00 21.24 20.90 20.70 351.64 221.85 17.46 0.20
30.00 843.88
897.70 20.54 19.58 19.13 349.86 245.82 20.86 0.20
22.00 1066.59
872.50 19.34 18.39 17.92 349.10 255.34 21.48 0.10
0.00 1313.12
844.40 18.34 16.82 16.07 347.52 252.10 19.60 0.00
3.00 1595.33
813.40 17.04 14.74 13.55 344.80 259.43 14.82 -0.10
0.00 1916.23
779.50 15.24 12.62 11.14 342.84 261.63 13.34 -0.30
0.00 2279.20
742.70 13.44 9.14 6.23 337.33 253.65 15.19 -0.40
0.00 2688.48
703.10 10.24 5.62 1.87 333.33 251.57 15.37 -0.40
0.00 3147.54
660.60 5.94 2.29 -1.09 331.45 239.15 17.42 -0.40
0.00 3662.64
615.30 1.04 -1.39 -3.99 330.08 257.70 15.50 -0.30
0.00 4239.63
567.50 -3.16 -6.61 -11.87 326.60 275.77 19.33 -0.10
0.00 4885.15
521.20 -6.56 -11.44 -23.48 325.13 273.37 19.85 0.00
0.00 5554.30
479.60 -9.76 -14.40 -28.42 327.78 250.95 17.27 -0.20
0.00 6199.87
442.20 -14.36 -16.63 -22.24 332.01 230.34 19.17 -0.20
0.00 6820.78
408.60 -18.26 -20.52 -27.99 332.67 230.19 25.80 -0.10
0.00 7415.34
378.10 -21.26 -24.50 -48.81 333.09 236.53 27.47 0.10
0.00 7990.93
350.70 -25.46 -27.95 -49.47 334.65 244.78 29.62 0.10
0.00 8541.01
326.00 -29.86 -31.51 -45.56 335.95 241.91 32.60 0.00
0.00 9065.87
303.70 -33.76 -34.96 -47.16 337.25 237.15 36.54 0.00
0.00 9566.49
283.60 -37.76 -38.56 -48.27 338.13 238.49 38.29 0.00
0.00 10042.36
265.60 -41.66 -42.14 -48.85 338.81 238.85 40.17 0.00
0.00 10490.47
248.70 -44.86 -45.30 -53.97 340.18 237.91 42.42 0.00
0.00 10932.91
233.50 -47.46 -47.91 -61.80 342.17 237.13 41.16 0.00
0.00 11351.96
219.60 -50.16 -50.55 -67.41 343.96 236.78 39.70 0.00
0.00 11754.99
205.70 -52.86 -53.15 -67.88 346.21 235.93 40.56 0.00
0.00 12179.22
191.70 -54.96 -55.22 -73.19 349.83 239.78 40.91 -0.10
0.00 12631.58
177.70 -57.06 -57.28 -73.70 354.06 244.63 37.63 -0.10
0.00 13113.58
163.80 -59.56 -59.73 -74.24 358.20 238.60 30.94 -0.20
0.00 13625.80
149.80 -62.76 -62.88 -74.84 361.96 229.87 30.75 -0.10
0.00 14180.21
135.90 -64.76 -64.85 -75.48 368.63 242.23 32.93 0.00
0.00 14777.08
121.90 -65.36 -9999.00 -9999.00 -9999.00 252.96 27.84 0.10
0.00 15439.30
108.00 -64.86 -9999.00 -9999.00 -9999.00 246.13 24.01 0.10
0.00 16176.57
94.00 -63.46 -9999.00 -9999.00 -9999.00 212.25 19.29 0.10
0.00 17025.89
81.00 -61.86 -9999.00 -9999.00 -9999.00 246.99 15.40 0.00
0.00 17942.98
70.60 -59.26 -9999.00 -9999.00 -9999.00 180.00 5.24 0.00
0.00 18798.11
62.20 -59.46 -9999.00 -9999.00 -9999.00 167.01 2.58 0.00
0.00 19590.84
54.30 -58.26 -9999.00 -9999.00 -9999.00 63.43 2.18 0.00
0.00 20442.84
46.90 -58.16 -9999.00 -9999.00 -9999.00 65.56 9.38 0.00
0.00 21364.60
40.10 -55.36 -9999.00 -9999.00 -9999.00 68.20 16.74 0.00
0.00 22356.78
33.80 -52.16 -9999.00 -9999.00 -9999.00 76.26 17.99 0.00
0.00 23454.37
27.80 -49.56 -9999.00 -9999.00 -9999.00 75.96 16.03 0.00
0.00 24725.95
22.30 -47.86 -9999.00 -9999.00 -9999.00 77.01 20.73 0.00
0.00 26174.23
17.10 -44.56 -9999.00 -9999.00 -9999.00 76.28 25.39 0.00
0.00 27937.96
12.30 -41.96 -50.15 -89.89 812.42 71.57 30.71 0.00
0.00 30155.10

STID = KMDW STNM = 725340 TIME = 200810/0900 
SLAT = 41.78 SLON = -87.75 SELV = 183.0
STIM = 19

SHOW = -4.17 LIFT = -5.20 SWET = 292.50 KINX = 34.97
LCLP = 976.21 PWAT = 48.35 TOTL = 50.59 CAPE = 2149.26
LCLT = 296.07 CINS = -12.09 EQLV = 183.59 LFCT = 740.71
BRCH = 89.01

PRES TMPC TMWC DWPC THTE DRCT SKNT OMEG
CFRL HGHT
991.50 24.24 23.51 23.18 351.83 195.64 5.05 0.00
0.00 192.76
988.50 24.14 23.39 23.05 351.75 194.30 10.22 0.00
0.00 219.42
983.00 23.84 23.22 22.92 351.84 194.93 12.06 0.00
0.00 268.48
973.60 23.34 22.93 22.71 352.05 198.43 15.97 0.00
0.00 352.85
959.70 22.64 22.51 22.39 352.41 205.44 17.64 0.00
15.00 478.85
941.80 21.84 21.71 21.60 351.79 211.73 17.37 0.00
42.00 643.38
920.50 20.94 20.80 20.68 351.29 227.77 17.06 0.00
35.00 842.65
897.30 20.04 19.90 19.78 351.29 252.55 21.39 -0.20
56.00 1064.25
872.00 19.04 18.73 18.54 350.63 264.14 22.84 -0.40
37.00 1311.64
843.90 18.14 16.97 16.39 348.23 263.46 18.76 -0.50
26.00 1593.85
812.90 16.84 14.77 13.70 345.00 264.12 13.29 -0.60
20.00 1914.77
779.00 15.24 12.33 10.67 341.91 262.41 11.75 -0.70
17.00 2277.81
742.30 13.24 8.92 5.97 336.72 262.41 11.75 -0.60
14.00 2686.02
702.70 9.94 5.53 1.95 333.15 264.99 11.11 -0.50
13.00 3144.93
660.30 5.84 2.20 -1.20 331.25 265.84 10.70 -0.20
15.00 3658.71
615.00 1.24 -2.05 -5.86 328.46 284.04 12.00 0.10
20.00 4235.96
567.30 -2.86 -7.23 -14.66 325.23 281.96 16.88 0.30
18.00 4880.77
521.10 -6.16 -11.12 -22.99 325.81 270.57 19.42 0.20
19.00 5549.42
479.40 -9.26 -13.44 -23.83 329.83 248.63 19.19 0.00
21.00 6197.93
442.10 -14.66 -16.51 -20.84 332.29 230.26 20.96 -0.20
30.00 6817.73
408.50 -17.56 -21.11 -38.43 331.44 239.04 27.18 -0.30
0.00 7412.81
378.10 -21.86 -24.94 -48.11 332.33 247.60 31.10 -0.40
0.00 7986.60
350.70 -26.06 -28.41 -48.77 333.88 247.43 34.93 -0.40
0.00 8535.36
326.00 -30.56 -32.09 -45.56 334.99 242.85 34.05 -0.40
0.00 9058.83
303.70 -34.56 -35.70 -48.21 336.04 238.28 32.89 -0.20
0.00 9557.89
283.60 -38.36 -39.21 -51.31 337.06 238.81 33.37 0.00
0.00 10032.34
265.60 -42.06 -42.48 -48.35 338.27 239.09 35.55 0.10
0.00 10479.50
248.70 -44.46 -45.02 -58.14 340.61 240.05 39.69 0.10
0.00 10921.93
233.50 -47.06 -47.59 -66.97 342.68 240.08 40.11 0.00
0.00 11341.71
219.60 -49.96 -50.33 -64.44 344.32 237.22 40.89 0.00
0.00 11745.28
205.70 -52.76 -53.06 -67.88 346.36 236.31 42.02 -0.10
0.00 12169.80
191.70 -55.36 -55.59 -68.39 349.24 239.99 41.94 -0.20
0.00 12621.85
177.70 -57.46 -57.67 -73.70 353.40 242.92 38.40 -0.20
0.00 13102.97
163.80 -59.46 -59.63 -74.24 358.37 236.89 32.01 -0.20
0.00 13614.83
149.80 -62.56 -62.68 -74.84 362.30 226.22 32.28 -0.10
0.00 14169.63
135.90 -64.46 -64.56 -75.48 369.16 233.39 34.85 0.00
0.00 14767.22
121.90 -65.56 -9999.00 -9999.00 -9999.00 242.42 29.37 0.00
0.00 15429.59
108.00 -64.96 -9999.00 -9999.00 -9999.00 239.11 26.48 0.00
0.00 16166.33
94.00 -62.66 -9999.00 -9999.00 -9999.00 227.84 19.39 0.00
0.00 17017.07
81.00 -62.56 -9999.00 -9999.00 -9999.00 251.57 13.52 0.00
0.00 17934.38
70.60 -59.16 -9999.00 -9999.00 -9999.00 199.65 5.77 0.00
0.00 18788.30
62.20 -59.86 -9999.00 -9999.00 -9999.00 195.26 2.21 0.00
0.00 19580.47
54.30 -58.46 -9999.00 -9999.00 -9999.00 67.07 5.48 0.00
0.00 20431.29
46.90 -57.16 -9999.00 -9999.00 -9999.00 65.85 12.35 0.00
0.00 21354.76
40.10 -54.06 -9999.00 -9999.00 -9999.00 74.23 17.15 0.00
0.00 22352.21
33.80 -51.76 -9999.00 -9999.00 -9999.00 82.79 17.04 0.00
0.00 23454.05
27.80 -50.16 -9999.00 -9999.00 -9999.00 81.60 17.29 0.00
0.00 24725.06
22.30 -48.36 -9999.00 -9999.00 -9999.00 76.36 20.59 0.00
0.00 26169.79
17.10 -45.16 -9999.00 -9999.00 -9999.00 66.04 24.86 0.00
0.00 27929.25
12.30 -42.46 -50.41 -89.89 810.66 72.79 31.53 0.00
0.00 30141.08

STID = KMDW STNM = 725340 TIME = 200810/1000 
SLAT = 41.78 SLON = -87.75 SELV = 183.0
STIM = 20

SHOW = -5.13 LIFT = -5.76 SWET = 321.53 KINX = 34.67
LCLP = 979.70 PWAT = 47.71 TOTL = 51.93 CAPE = 2035.37
LCLT = 296.06 CINS = -12.82 EQLV = 187.97 LFCT = 849.22
BRCH = 133.22

PRES TMPC TMWC DWPC THTE DRCT SKNT OMEG
CFRL HGHT
991.70 23.94 23.38 23.11 351.19 199.18 4.74 0.00
0.00 192.75
988.80 23.74 23.25 23.00 351.04 200.22 7.87 0.00
0.00 218.48
983.30 23.24 23.03 22.88 350.91 201.80 9.42 0.10
0.00 267.44
973.80 22.84 22.69 22.56 350.89 207.35 12.68 0.10
19.00 352.52
959.90 22.34 22.19 22.06 350.91 212.83 14.34 0.20
84.00 478.31
942.00 21.64 21.50 21.38 350.79 219.71 14.90 0.20
86.00 642.64
920.70 21.04 20.89 20.77 351.67 232.00 15.77 0.20
88.00 841.82
897.40 20.44 20.32 20.21 353.14 246.21 19.74 0.00
100.00 1064.56
872.10 19.34 19.21 19.09 352.67 261.57 21.21 -0.20
100.00 1312.29
844.00 17.44 17.11 16.90 348.75 261.30 16.71 -0.20
60.00 1594.36
813.00 16.64 14.59 13.51 344.28 257.57 11.73 -0.10
0.00 1914.78
779.10 15.54 11.65 9.31 339.49 264.61 10.33 -0.10
0.00 2277.72
742.40 13.34 8.32 4.70 334.77 270.00 9.71 -0.10
0.00 2685.97
702.90 10.04 5.19 1.11 332.10 271.17 9.52 0.00
0.00 3143.63
660.40 5.94 1.61 -2.70 329.63 279.09 9.83 0.20
0.00 3658.55
615.10 1.64 -2.90 -8.85 326.32 290.45 12.24 0.40
0.00 4235.99
567.40 -2.56 -7.34 -15.82 324.93 284.89 15.87 0.50
0.00 4881.32
521.20 -6.26 -10.90 -21.34 326.28 271.16 19.23 0.40
0.00 5550.09
479.50 -10.46 -13.23 -19.02 330.37 252.65 19.54 0.20
0.00 6197.04
442.20 -15.16 -16.83 -20.77 331.65 240.00 21.76 -0.10
0.00 6814.80
408.60 -19.06 -21.30 -29.33 331.24 243.23 23.72 -0.10
0.00 7407.52
378.10 -22.46 -25.44 -49.58 331.46 252.22 26.73 0.00
0.00 7980.82
350.70 -26.06 -28.35 -46.92 334.00 249.54 27.78 0.10
0.00 8528.92
326.00 -30.26 -31.61 -41.49 335.83 241.10 27.74 0.00
0.00 9052.74
303.70 -34.56 -35.38 -42.47 336.59 235.38 29.74 -0.10
0.00 9552.15
283.60 -38.96 -39.34 -43.11 336.91 234.77 34.01 -0.10
3.00 10026.04
265.60 -42.46 -42.73 -46.15 337.88 236.47 38.68 0.00
11.00 10472.27
248.70 -44.76 -45.28 -56.90 340.20 239.18 39.80 0.20
0.00 10914.04
233.50 -47.06 -47.59 -66.97 342.68 236.98 41.71 0.20
0.00 11333.54
219.60 -49.86 -50.24 -64.44 344.47 233.83 44.76 0.20
0.00 11737.20
205.70 -52.66 -52.96 -67.88 346.52 235.32 46.78 0.10
0.00 12161.91
191.70 -55.26 -55.49 -68.39 349.40 238.49 45.34 0.10
0.00 12614.16
177.70 -57.36 -57.57 -73.70 353.56 240.52 41.06 0.00
0.00 13095.51
163.80 -59.46 -59.63 -74.24 358.37 236.65 36.05 0.00
0.00 13607.49
149.80 -61.96 -62.09 -74.84 363.33 229.64 35.68 0.00
0.00 14163.08
135.90 -63.96 -64.07 -75.48 370.05 232.47 36.99 0.00
0.00 14762.23
121.90 -65.06 -9999.00 -9999.00 -9999.00 243.13 33.10 0.00
0.00 15426.19
108.00 -64.16 -9999.00 -9999.00 -9999.00 241.81 27.54 0.00
0.00 16165.23
94.00 -62.56 -9999.00 -9999.00 -9999.00 243.73 17.11 0.00
0.00 17017.81
81.00 -62.66 -9999.00 -9999.00 -9999.00 242.59 11.81 0.00
0.00 17935.11
70.60 -59.96 -9999.00 -9999.00 -9999.00 206.57 7.81 0.00
0.00 18787.23
62.20 -61.06 -9999.00 -9999.00 -9999.00 152.24 4.18 0.00
0.00 19575.69
54.30 -58.86 -9999.00 -9999.00 -9999.00 82.41 5.89 0.00
0.00 20423.32
46.90 -55.86 -9999.00 -9999.00 -9999.00 63.87 11.46 0.00
0.00 21348.73
40.10 -53.66 -9999.00 -9999.00 -9999.00 84.56 16.39 0.00
0.00 22350.07
33.80 -52.36 -9999.00 -9999.00 -9999.00 96.97 17.62 0.00
0.00 23451.42
27.80 -50.36 -9999.00 -9999.00 -9999.00 88.26 19.23 0.00
0.00 24720.13
22.30 -48.66 -9999.00 -9999.00 -9999.00 69.38 20.96 0.00
0.00 26163.25
17.10 -45.66 -9999.00 -9999.00 -9999.00 65.59 25.39 0.00
0.00 27919.60
12.30 -42.96 -9999.00 -9999.00 -9999.00 74.05 31.12 0.00
0.00 30126.61

STID = KMDW STNM = 725340 TIME = 200810/1100 
SLAT = 41.78 SLON = -87.75 SELV = 183.0
STIM = 21

SHOW = -4.97 LIFT = -6.05 SWET = 303.07 KINX = 33.41
LCLP = 981.39 PWAT = 45.83 TOTL = 51.78 CAPE = 2097.06
LCLT = 296.17 CINS = -12.32 EQLV = 184.81 LFCT = 858.89
BRCH = 118.66

PRES TMPC TMWC DWPC THTE DRCT SKNT OMEG
CFRL HGHT
992.10 23.94 23.45 23.20 351.42 185.44 4.10 0.00
0.00 192.74
989.10 23.74 23.34 23.12 351.39 187.13 6.25 0.00
0.00 219.36
983.60 23.34 23.13 22.98 351.32 190.18 7.69 0.10
0.00 268.32
974.10 22.94 22.78 22.65 351.27 199.06 11.31 0.10
10.00 353.41
960.20 22.34 22.18 22.05 350.82 205.02 12.86 0.20
34.00 479.18
942.30 21.64 21.53 21.42 350.87 219.13 14.78 0.20
37.00 643.45
921.00 21.14 21.01 20.90 352.16 236.31 18.20 0.20
100.00 842.61
897.60 20.64 20.53 20.42 354.03 251.76 18.01 0.20
100.00 1066.39
872.40 19.24 19.16 19.06 352.40 264.67 14.63 0.40
100.00 1313.13
844.20 17.14 16.87 16.69 347.76 262.33 10.20 0.60
100.00 1595.91
813.20 17.24 14.34 12.80 343.31 258.18 8.53 0.70
8.00 1916.33
779.30 16.04 11.12 8.01 337.62 268.81 9.32 0.70
0.00 2279.73
742.60 13.54 7.92 3.68 333.45 273.73 8.95 0.60
0.00 2688.21
703.00 10.14 4.90 0.37 331.26 267.71 9.71 0.60
0.00 3147.07
660.60 6.34 0.97 -4.85 327.87 279.82 10.26 0.50
0.00 3660.96
615.30 2.14 -3.55 -11.97 324.67 299.86 12.10 0.40
0.00 4238.91
567.60 -2.46 -7.49 -16.77 324.52 297.20 15.73 0.10
0.00 4884.56
521.30 -6.46 -11.23 -22.51 325.57 283.89 18.61 -0.10
0.00 5554.41
479.60 -10.56 -14.06 -22.64 328.61 258.91 20.18 -0.30
0.00 6200.74
442.30 -15.26 -17.89 -25.61 329.53 252.01 23.89 -0.30
0.00 6817.94
408.70 -18.96 -22.09 -37.87 329.65 257.22 23.70 -0.10
0.00 7410.33
378.20 -22.66 -25.67 -53.45 331.01 252.62 23.41 0.10
0.00 7983.28
350.80 -26.66 -27.91 -34.12 334.85 246.52 30.71 0.20
0.00 8530.42
326.00 -30.76 -31.26 -33.91 336.47 230.06 31.16 0.20
0.00 9055.23
303.70 -35.06 -35.55 -39.26 336.34 231.05 36.46 0.10
20.00 9553.67
283.60 -39.16 -39.58 -44.09 336.51 232.73 38.81 0.00
49.00 10026.88
265.60 -41.96 -42.51 -51.19 338.21 233.36 38.73 0.00
19.00 10473.37
248.70 -44.26 -44.91 -63.51 340.78 237.45 40.79 -0.10
0.00 10916.09
233.50 -47.06 -47.56 -63.98 342.73 235.22 42.56 -0.10
0.00 11336.04
219.60 -50.06 -50.43 -64.44 344.16 233.90 43.51 -0.10
0.00 11739.53
205.70 -53.06 -53.35 -67.88 345.89 235.34 44.41 -0.10
0.00 12163.66
191.70 -55.76 -55.97 -68.39 348.60 237.70 44.35 0.00
0.00 12614.99
177.70 -57.76 -57.96 -73.70 352.91 239.57 42.58 0.00
0.00 13095.33
163.80 -59.26 -59.44 -74.24 358.70 237.01 39.61 0.10
0.00 13607.07
149.80 -60.96 -61.11 -74.84 365.05 231.51 39.96 0.10
0.00 14164.23
135.90 -62.96 -9999.00 -9999.00 -9999.00 235.67 38.58 0.00
0.00 14766.23
121.90 -64.16 -9999.00 -9999.00 -9999.00 246.37 33.92 0.00
0.00 15433.22
108.00 -64.06 -9999.00 -9999.00 -9999.00 246.64 26.46 0.00
0.00 16174.03
94.00 -62.76 -9999.00 -9999.00 -9999.00 246.80 17.75 0.00
0.00 17026.40
81.00 -62.96 -9999.00 -9999.00 -9999.00 234.93 11.15 0.00
0.00 17942.62
70.60 -61.16 -9999.00 -9999.00 -9999.00 217.57 9.56 0.00
0.00 18791.71
62.20 -61.16 -9999.00 -9999.00 -9999.00 194.53 5.42 0.00
0.00 19577.76
54.30 -57.86 -9999.00 -9999.00 -9999.00 63.43 5.65 0.00
0.00 20427.19
46.90 -56.06 -9999.00 -9999.00 -9999.00 65.85 12.35 0.00
0.00 21354.31
40.10 -53.26 -9999.00 -9999.00 -9999.00 90.76 14.57 0.00
0.00 22356.11
33.80 -52.36 -9999.00 -9999.00 -9999.00 97.55 16.26 0.00
0.00 23458.46
27.80 -50.26 -9999.00 -9999.00 -9999.00 80.86 17.11 0.00
0.00 24727.46
22.30 -48.46 -9999.00 -9999.00 -9999.00 67.34 21.68 0.00
0.00 26171.55
17.10 -45.36 -9999.00 -9999.00 -9999.00 71.82 28.01 0.00
0.00 27929.84
12.30 -43.36 -9999.00 -9999.00 -9999.00 69.92 29.99 0.00
0.00 30136.36
STN YYMMDD/HHMM PMSL PRES SKTC STC1 SNFL WTNS
P01M C01M STC2 LCLD MCLD HCLD
SNRA UWND VWND R01M BFGR T2MS
Q2MS WXTS WXTP WXTZ WXTR USTM
VSTM HLCY SLLH WSYM CDBP VSBK
TD2M
725340 200809/1400 1018.80 997.40 26.84 300.00 -9999.00 0.00
-9999.00 -9999.00 299.40 0.00 0.00 0.00
-9999.00 0.60 2.10 -9999.00 -9999.00 24.84
16.16 0.00 0.00 0.00 0.00 5.90
-2.80 -12.40 -9999.00 999.00 -9999.00 20.00
21.19
725340 200809/1500 1018.00 996.80 31.34 304.50 0.00 100.00
0.00 0.00 303.10 0.00 0.00 0.00
-9999.00 -0.50 3.10 -9999.00 -9999.00 27.14
15.29 0.00 0.00 0.00 0.00 3.10
-2.40 8.80 -9999.00 999.00 -9999.00 20.00
20.30
725340 200809/1600 1017.30 996.10 37.14 310.30 0.00 100.00
0.00 0.00 308.30 3.00 0.00 0.00
-9999.00 -0.80 3.80 -9999.00 -9999.00 29.44
14.20 0.00 0.00 0.00 0.00 1.90
-2.00 25.20 -9999.00 999.00 -9999.00 20.00
19.13
725340 200809/1700 1016.80 995.70 40.04 313.20 0.00 100.00
0.00 0.00 311.40 5.00 0.00 0.00
-9999.00 -1.10 4.50 -9999.00 -9999.00 30.94
13.74 0.00 0.00 0.00 0.00 1.30
-1.70 45.50 -9999.00 999.00 -9999.00 20.00
18.61
725340 200809/1800 1016.60 995.50 41.64 314.80 0.00 100.00
0.00 0.00 313.10 3.00 0.00 0.00
-9999.00 -0.90 5.30 -9999.00 -9999.00 32.14
13.46 0.00 0.00 0.00 0.00 0.30
-1.10 59.80 -9999.00 999.00 -9999.00 20.00
18.28
725340 200809/1900 1016.70 995.60 41.94 315.10 0.00 100.00
0.00 0.00 313.80 6.00 0.00 0.00
-9999.00 -0.80 6.00 -9999.00 -9999.00 32.84
13.30 0.00 0.00 0.00 0.00 -0.80
-0.60 69.50 -9999.00 999.00 -9999.00 20.00
18.10
725340 200809/2000 1014.70 993.60 41.34 314.50 0.00 100.00
0.00 0.00 313.50 6.00 0.00 0.00
-9999.00 0.10 6.30 -9999.00 -9999.00 32.94
13.56 0.00 0.00 0.00 0.00 -1.70
0.40 68.70 -9999.00 999.00 -9999.00 20.00
18.37
725340 200809/2100 1013.60 992.60 39.74 312.90 0.00 100.00
0.00 0.00 312.40 15.00 0.00 0.00
-9999.00 -0.10 6.30 -9999.00 -9999.00 32.64
14.12 0.00 0.00 0.00 0.00 -2.30
0.70 79.90 -9999.00 999.00 -9999.00 20.00
18.98
725340 200809/2200 1013.50 992.50 37.74 310.90 0.00 100.00
0.00 0.00 310.60 17.00 0.00 0.00
-9999.00 0.40 6.10 -9999.00 -9999.00 32.24
14.52 0.00 0.00 0.00 0.00 -2.20
0.40 82.30 -9999.00 999.00 -9999.00 20.00
19.42
725340 200809/2300 1013.60 992.60 35.24 308.40 0.00 100.00
0.00 0.00 308.60 13.00 11.00 0.00
-9999.00 -0.10 5.80 -9999.00 -9999.00 31.54
14.83 0.00 0.00 0.00 0.00 -1.10
-0.70 83.80 -9999.00 999.00 -9999.00 20.00
19.75
725340 200810/0000 1013.80 992.70 32.24 305.40 0.00 100.00
0.00 0.00 305.90 13.00 0.00 96.00
-9999.00 -0.10 5.30 -9999.00 -9999.00 30.44
15.31 0.00 0.00 0.00 0.00 -1.10
-0.20 81.60 -9999.00 999.00 -9999.00 20.00
20.26
725340 200810/0100 1013.60 992.50 29.14 302.30 0.00 100.00
0.00 0.00 303.00 2.00 100.00 100.00
-9999.00 0.00 5.00 -9999.00 -9999.00 28.84
15.78 0.00 0.00 0.00 0.00 -0.20
-0.60 98.00 -9999.00 999.00 -9999.00 20.00
20.73
725340 200810/0200 1014.30 993.10 28.04 301.20 0.00 100.00
0.00 0.00 301.70 31.00 100.00 27.00
-9999.00 0.10 4.30 -9999.00 -9999.00 27.84
16.31 0.00 0.00 0.00 0.00 0.00
-0.50 103.00 -9999.00 999.00 872.60 20.00
21.27
725340 200810/0300 1014.30 993.10 25.74 298.90 0.00 100.00
0.20 0.20 299.50 91.00 100.00 0.00
-9999.00 -0.20 3.70 -9999.00 -9999.00 25.94
17.81 0.00 0.00 0.00 1.00 1.50
-0.80 107.90 -9999.00 60.00 -9999.00 0.00
22.67
725340 200810/0400 1014.60 993.40 24.74 297.90 0.00 100.00
1.56 1.56 298.40 97.00 100.00 0.00
-9999.00 0.10 3.30 -9999.00 -9999.00 24.84
18.58 0.00 0.00 0.00 1.00 0.20
1.20 101.20 -9999.00 60.00 -9999.00 0.00
23.35
725340 200810/0500 1014.80 993.60 24.54 297.70 0.00 100.00
0.29 0.29 298.00 47.00 100.00 0.00
-9999.00 0.80 2.20 -9999.00 -9999.00 24.44
18.65 0.00 0.00 0.00 1.00 0.30
2.90 69.20 -9999.00 60.00 -9999.00 0.00
23.42
725340 200810/0600 1014.40 993.20 24.44 297.60 0.00 100.00
1.46 1.46 297.90 100.00 100.00 0.00
-9999.00 0.20 3.00 -9999.00 -9999.00 24.14
18.61 0.00 0.00 0.00 1.00 3.20
0.10 43.80 -9999.00 60.00 921.10 0.00
23.37
725340 200810/0700 1014.70 993.40 24.24 297.40 0.00 100.00
0.53 0.53 297.60 72.00 90.00 0.00
-9999.00 -0.20 2.80 -9999.00 -9999.00 24.04
18.54 0.00 0.00 0.00 1.00 5.70
-2.80 91.80 -9999.00 60.00 -9999.00 0.00
23.32
725340 200810/0800 1014.50 993.20 23.94 297.10 0.00 100.00
0.00 0.00 297.30 30.00 0.00 0.00
-9999.00 0.00 2.60 -9999.00 -9999.00 23.84
18.45 0.00 0.00 0.00 0.00 5.90
-4.50 96.50 -9999.00 999.00 -9999.00 20.00
23.24
725340 200810/0900 1013.80 992.60 23.94 297.10 0.00 100.00
0.08 0.08 297.30 56.00 30.00 0.00
-9999.00 0.60 2.60 -9999.00 -9999.00 23.84
18.48 0.00 0.00 0.00 1.00 6.40
-6.10 110.10 -9999.00 60.00 897.30 0.00
23.25
725340 200810/1000 1014.10 992.80 23.94 297.10 0.00 100.00
1.67 1.58 297.20 100.00 11.00 0.00
-9999.00 0.90 2.50 -9999.00 -9999.00 23.54
18.23 0.00 0.00 0.00 1.00 6.60
-6.60 82.70 -9999.00 60.00 897.40 0.00
23.04
725340 200810/1100 1014.40 993.20 23.94 297.10 0.00 100.00
0.08 0.00 297.20 100.00 49.00 0.00
-9999.00 0.20 2.40 -9999.00 -9999.00 23.54
18.27 0.00 0.00 0.00 1.00 4.50
-7.20 83.30 -9999.00 60.00 921.00 0.00
23.08


