
SNPARM = PRES;TMPC;TMWC;DWPC;THTE;DRCT;SKNT;OMEG;CFRL;HGHT 
STNPRM = SHOW;LIFT;SWET;KINX;LCLP;PWAT;TOTL;CAPE;LCLT;CINS;EQLV;LFCT;BRCH 

STID = KMDW STNM = 725340 TIME = 200808/1300 
SLAT = 41.78 SLON = -87.75 SELV = 183.0
STIM = 0

SHOW = 2.11 LIFT = 6.08 SWET = 164.06 KINX = 29.78
LCLP = 920.00 PWAT = 36.17 TOTL = 43.67 CAPE = 0.00
LCLT = 286.87 CINS = 0.00 EQLV = -9999.00 LFCT = -9999.00
BRCH = 0.00

PRES TMPC TMWC DWPC THTE DRCT SKNT OMEG
CFRL HGHT
998.80 20.54 17.01 15.00 325.00 171.87 4.12 0.00
0.00 191.66
995.70 20.34 16.55 14.33 323.85 166.29 8.20 0.00
0.00 218.54
990.30 19.94 16.14 13.88 323.22 167.59 9.95 0.00
0.00 265.52
980.80 20.74 14.68 10.64 319.70 173.05 16.05 0.00
0.00 348.79
966.90 20.94 14.07 9.30 319.53 175.83 18.71 0.10
0.00 472.21
949.00 19.84 14.18 10.46 322.27 182.31 19.25 0.00
0.00 633.55
927.70 18.14 14.30 11.92 325.58 196.82 17.44 0.00
0.00 828.72
904.30 17.24 13.67 11.44 326.81 208.16 15.64 0.00
0.00 1047.45
879.00 17.04 12.74 9.96 327.42 211.26 12.72 0.10
0.00 1289.90
850.70 15.64 12.54 10.62 331.00 214.51 11.31 0.20
0.00 1568.74
819.30 14.24 11.72 10.15 333.16 220.82 11.29 0.10
0.00 1887.71
785.10 12.94 9.82 7.71 332.47 227.29 10.31 0.10
0.00 2247.54
747.90 10.84 7.84 5.67 332.44 242.90 9.38 0.20
0.00 2654.53
707.80 8.14 5.52 3.46 332.32 262.28 11.56 0.20
0.00 3112.47
664.70 4.44 0.80 -2.99 326.81 280.01 10.06 0.20
0.00 3628.17
618.80 1.24 -1.49 -4.47 329.19 322.35 8.59 0.10
0.00 4207.81
570.40 -2.56 -4.95 -7.98 329.90 305.27 9.75 0.00
0.00 4859.03
523.50 -6.76 -9.90 -15.52 328.05 283.83 13.00 -0.10
0.00 5534.55
481.30 -10.36 -14.37 -25.31 327.57 266.38 15.38 -0.10
0.00 6186.12
443.60 -14.06 -17.76 -30.72 329.35 255.32 16.86 -0.10
0.00 6809.46
409.70 -18.06 -20.80 -31.10 331.82 239.79 17.75 -0.20
0.00 7407.96
378.90 -22.16 -24.15 -32.68 333.68 232.08 21.17 -0.20
0.00 7987.06
351.30 -26.16 -26.83 -29.49 336.62 234.69 22.84 -0.20
61.00 8538.56
326.40 -29.86 -30.37 -32.88 337.86 245.19 22.69 -0.20
89.00 9066.36
303.90 -33.26 -33.88 -37.95 339.05 260.13 27.21 -0.20
10.00 9571.64
283.80 -36.56 -37.55 -49.37 339.70 270.67 33.02 -0.10
0.00 10048.93
265.70 -40.06 -40.90 -55.27 340.75 276.51 35.98 -0.10
0.00 10501.98
248.80 -42.86 -43.60 -61.32 342.87 281.31 36.65 -0.10
0.00 10947.69
233.60 -45.56 -46.16 -63.98 344.96 285.26 35.43 -0.10
0.00 11370.15
219.60 -48.36 -48.84 -67.41 346.74 288.98 32.25 -0.10
0.00 11779.34
205.70 -51.56 -51.91 -67.88 348.25 289.20 27.76 -0.10
0.00 12206.54
191.70 -54.46 -54.74 -73.19 350.64 282.63 24.88 -0.10
0.00 12660.75
177.70 -56.76 -56.99 -73.70 354.55 274.66 26.30 0.00
0.00 13143.64
163.80 -59.36 -59.53 -74.24 358.54 272.19 30.52 0.00
0.00 13656.46
149.80 -62.66 -62.78 -74.84 362.13 276.62 35.39 0.00
0.00 14211.26
135.90 -64.76 -64.85 -75.48 368.63 287.96 37.16 0.10
0.00 14808.27
121.90 -65.56 -9999.00 -9999.00 -9999.00 298.30 31.55 0.10
0.00 15470.17
108.00 -65.06 -9999.00 -9999.00 -9999.00 313.88 21.02 0.00
0.00 16206.73
94.00 -64.46 -9999.00 -9999.00 -9999.00 321.55 8.43 0.10
0.00 17053.61
81.00 -61.36 -9999.00 -9999.00 -9999.00 300.65 6.10 0.10
0.00 17969.61
70.60 -58.86 -9999.00 -9999.00 -9999.00 27.90 3.73 0.00
0.00 18826.55
62.20 -58.46 -9999.00 -9999.00 -9999.00 57.72 4.37 0.00
0.00 19621.87
54.30 -57.36 -9999.00 -9999.00 -9999.00 68.84 6.45 0.00
0.00 20477.66
46.90 -56.26 -9999.00 -9999.00 -9999.00 68.20 10.47 0.00
0.00 21405.42
40.10 -54.76 -9999.00 -9999.00 -9999.00 76.35 13.99 0.00
0.00 22403.33
33.80 -52.46 -9999.00 -9999.00 -9999.00 83.50 15.44 0.00
0.00 23501.67
27.80 -50.76 -9999.00 -9999.00 -9999.00 83.59 17.40 0.00
0.00 24768.96
22.30 -48.86 -9999.00 -9999.00 -9999.00 75.58 21.06 0.00
0.00 26210.14
17.10 -45.66 -9999.00 -9999.00 -9999.00 70.32 28.26 0.00
0.00 27965.71
12.30 -42.36 -9999.00 -9999.00 -9999.00 71.08 35.94 0.00
0.00 30175.61

STID = KMDW STNM = 725340 TIME = 200808/1400 
SLAT = 41.78 SLON = -87.75 SELV = 183.0
STIM = 1

SHOW = 0.19 LIFT = 4.86 SWET = 181.02 KINX = 30.66
LCLP = 882.86 PWAT = 38.22 TOTL = 46.50 CAPE = 0.00
LCLT = 285.49 CINS = 0.00 EQLV = -9999.00 LFCT = -9999.00
BRCH = 0.00

PRES TMPC TMWC DWPC THTE DRCT SKNT OMEG
CFRL HGHT
998.30 22.54 17.25 14.23 325.83 167.47 7.17 0.00
0.00 192.59
995.40 22.14 16.79 13.65 324.64 167.83 10.14 0.00
0.00 217.91
989.80 21.64 16.37 13.22 323.98 169.61 11.85 0.00
0.00 266.92
980.40 20.84 15.62 12.38 322.74 172.79 15.46 0.00
0.00 349.62
966.60 20.74 14.33 10.00 320.40 176.42 18.69 0.10
0.00 472.23
948.60 19.94 14.00 10.02 321.73 181.09 20.40 0.10
0.00 634.50
927.30 18.64 14.38 11.74 325.88 197.90 19.60 0.10
0.00 829.93
903.90 17.94 14.64 12.70 330.06 208.03 16.94 0.20
0.00 1049.26
878.60 17.34 14.09 12.18 331.93 211.10 14.30 0.30
0.00 1292.40
850.30 15.94 13.38 11.87 333.84 217.37 13.44 0.30
0.00 1571.85
819.00 14.44 11.98 10.47 334.06 221.42 13.21 0.30
0.00 1890.32
784.70 13.24 9.90 7.65 332.79 221.55 11.42 0.30
0.00 2251.69
747.60 11.24 7.91 5.51 332.71 236.00 10.08 0.30
0.00 2658.25
707.50 8.44 5.04 2.25 330.98 257.57 11.73 0.20
0.00 3116.86
664.50 4.84 0.96 -3.05 327.26 279.66 9.27 0.20
0.00 3632.10
618.60 1.44 -0.50 -2.44 331.73 334.72 7.73 0.10
0.00 4212.68
570.20 -2.66 -4.07 -5.70 332.05 332.99 11.11 0.00
0.00 4864.52
523.30 -7.46 -8.58 -10.20 331.03 315.00 12.08 0.00
0.00 5539.67
481.20 -10.96 -13.59 -19.25 329.27 286.44 12.35 0.00
0.00 6188.66
443.50 -14.46 -17.81 -28.84 329.32 263.48 13.69 0.00
0.00 6811.10
409.60 -18.16 -21.08 -32.88 331.32 239.04 17.00 -0.10
0.00 7409.17
378.80 -22.26 -24.69 -37.34 332.70 237.38 23.06 -0.10
0.00 7988.13
351.20 -26.36 -27.57 -33.30 335.33 237.46 24.20 -0.20
0.00 8539.35
326.30 -30.06 -30.47 -32.47 337.72 241.54 23.64 -0.20
90.00 9066.83
303.90 -33.36 -33.94 -37.75 338.94 258.37 26.98 -0.20
18.00 9569.64
283.80 -36.66 -37.66 -49.97 339.52 269.30 31.66 -0.10
0.00 10046.73
265.60 -39.96 -40.88 -59.06 340.80 273.88 34.46 -0.10
0.00 10502.36
248.80 -42.96 -43.69 -61.32 342.72 277.95 35.10 -0.10
0.00 10945.52
233.60 -45.66 -46.28 -66.97 344.76 281.70 33.53 0.00
0.00 11367.79
219.60 -48.56 -49.03 -67.41 346.43 282.69 30.07 0.00
0.00 11776.71
205.70 -51.76 -52.10 -67.88 347.93 278.78 26.73 0.00
0.00 12203.52
191.70 -54.86 -55.13 -73.19 349.99 269.56 25.25 0.00
0.00 12657.12
177.70 -57.26 -57.47 -73.70 353.73 262.77 26.24 0.10
0.00 13139.01
163.80 -59.76 -59.92 -74.24 357.86 264.98 28.87 0.10
0.00 13650.75
149.80 -62.56 -62.68 -74.84 362.30 274.37 33.12 0.10
0.00 14205.17
135.90 -64.36 -64.46 -75.48 369.34 289.76 34.48 0.10
0.00 14802.89
121.90 -65.16 -9999.00 -9999.00 -9999.00 303.24 27.64 0.00
0.00 15466.06
108.00 -64.56 -9999.00 -9999.00 -9999.00 312.59 16.36 0.00
0.00 16204.21
94.00 -63.46 -9999.00 -9999.00 -9999.00 294.86 8.78 0.00
0.00 17054.15
81.00 -60.56 -9999.00 -9999.00 -9999.00 304.70 9.21 0.00
0.00 17974.07
70.60 -59.56 -9999.00 -9999.00 -9999.00 356.82 3.50 0.00
0.00 18831.21
62.20 -59.06 -9999.00 -9999.00 -9999.00 360.00 0.97 0.00
0.00 19624.12
54.30 -57.56 -9999.00 -9999.00 -9999.00 70.82 4.74 0.00
0.00 20478.31
46.90 -56.66 -9999.00 -9999.00 -9999.00 75.50 11.64 0.00
0.00 21404.79
40.10 -55.46 -9999.00 -9999.00 -9999.00 83.58 15.64 0.00
0.00 22400.17
33.80 -53.56 -9999.00 -9999.00 -9999.00 80.96 17.31 0.00
0.00 23494.01
27.80 -51.66 -9999.00 -9999.00 -9999.00 71.75 19.23 0.00
0.00 24755.58
22.30 -48.66 -9999.00 -9999.00 -9999.00 65.13 23.54 0.00
0.00 26194.51
17.10 -44.76 -9999.00 -9999.00 -9999.00 69.98 28.94 0.00
0.00 27954.35
12.30 -42.06 -9999.00 -9999.00 -9999.00 75.41 33.92 0.00
0.00 30170.04

STID = KMDW STNM = 725340 TIME = 200808/1500 
SLAT = 41.78 SLON = -87.75 SELV = 183.0
STIM = 2

SHOW = -1.11 LIFT = 3.72 SWET = 197.83 KINX = 30.82
LCLP = 833.63 PWAT = 38.99 TOTL = 48.08 CAPE = 0.00
LCLT = 283.11 CINS = 0.00 EQLV = -9999.00 LFCT = -9999.00
BRCH = 0.00

PRES TMPC TMWC DWPC THTE DRCT SKNT OMEG
CFRL HGHT
997.30 24.84 17.21 12.68 325.69 180.00 8.35 0.00
0.00 192.67
994.40 24.14 16.85 12.45 324.85 180.00 11.27 0.00
0.00 218.18
988.90 23.54 16.53 12.27 324.54 180.84 13.21 0.00
0.00 266.66
979.50 22.64 16.06 12.01 324.23 181.51 14.76 -0.10
0.00 349.94
965.60 21.34 15.34 11.57 323.74 183.86 17.33 -0.10
0.00 474.08
947.70 20.04 14.44 10.82 323.25 186.98 19.17 0.00
0.00 635.88
926.40 19.14 14.93 12.42 327.82 203.34 20.10 0.10
0.00 831.75
903.10 18.64 15.77 14.19 334.08 213.35 18.38 0.20
0.00 1050.90
877.70 17.74 15.28 13.93 336.21 219.19 16.30 0.30
0.00 1295.86
849.40 16.24 14.17 13.01 336.74 226.02 15.38 0.40
4.00 1576.11
818.10 14.84 12.22 10.64 335.02 226.58 14.98 0.40
5.00 1895.40
784.00 13.74 9.90 7.30 332.89 223.83 13.46 0.40
1.00 2255.58
746.90 11.64 7.70 4.78 332.15 237.32 12.24 0.30
0.00 2663.09
706.90 8.74 4.54 0.90 329.64 255.53 12.43 0.30
0.00 3121.40
664.00 5.14 1.16 -2.91 327.85 281.31 7.93 0.20
0.00 3636.32
618.20 1.54 -0.08 -1.64 332.91 353.29 6.64 0.20
0.00 4216.52
569.80 -2.56 -4.30 -6.35 331.58 347.77 11.93 0.20
0.00 4869.06
523.00 -7.46 -8.52 -10.02 331.24 329.68 11.93 0.20
4.00 5543.30
480.90 -11.06 -13.05 -16.92 330.46 304.00 10.08 0.20
0.00 6192.64
443.30 -14.46 -17.61 -27.34 329.78 266.19 11.67 0.10
0.00 6813.74
409.40 -18.26 -21.48 -36.57 330.58 243.71 18.41 0.00
0.00 7411.96
378.70 -22.36 -24.96 -40.06 332.22 245.38 25.64 -0.10
0.00 7988.98
351.20 -26.46 -28.07 -37.16 334.43 241.76 26.69 -0.10
0.00 8538.01
326.30 -30.26 -30.78 -33.45 337.19 239.77 25.85 -0.20
100.00 9065.12
303.90 -33.86 -34.28 -36.97 338.38 252.90 26.42 -0.20
42.00 9567.19
283.80 -36.96 -37.86 -48.27 339.21 264.98 28.87 -0.10
0.00 10043.49
265.60 -40.16 -41.01 -56.36 340.60 269.31 32.05 0.00
0.00 10498.64
248.80 -42.96 -43.64 -58.13 342.80 271.96 34.01 0.00
0.00 10941.61
233.60 -45.66 -46.25 -63.98 344.81 274.01 33.29 0.00
0.00 11363.89
219.60 -48.46 -48.94 -67.41 346.59 274.09 29.99 0.00
0.00 11772.90
205.70 -51.66 -52.01 -67.88 348.09 269.20 27.78 0.10
0.00 12199.91
191.70 -54.66 -54.94 -73.19 350.32 262.33 27.64 0.10
0.00 12653.81
177.80 -56.96 -57.18 -73.70 354.16 259.16 27.89 0.10
0.00 13132.68
163.80 -59.26 -59.44 -74.24 358.70 266.57 29.20 0.10
0.00 13648.92
149.80 -61.76 -61.90 -74.84 363.68 280.77 32.23 0.10
0.00 14205.03
135.90 -63.66 -63.77 -75.48 370.58 296.72 32.83 0.00
0.00 14804.89
121.90 -64.46 -9999.00 -9999.00 -9999.00 306.37 26.53 0.00
0.00 15470.29
108.00 -64.26 -9999.00 -9999.00 -9999.00 302.37 16.34 0.00
0.00 16210.22
94.00 -63.66 -9999.00 -9999.00 -9999.00 280.95 12.28 0.00
0.00 17060.35
81.00 -61.26 -9999.00 -9999.00 -9999.00 299.60 9.83 0.00
0.00 17978.31
70.60 -60.76 -9999.00 -9999.00 -9999.00 345.96 0.80 0.00
0.00 18831.63
62.20 -59.56 -9999.00 -9999.00 -9999.00 120.96 1.13 0.00
0.00 19621.39
54.30 -57.36 -9999.00 -9999.00 -9999.00 77.47 8.95 0.00
0.00 20474.99
46.90 -56.46 -9999.00 -9999.00 -9999.00 81.57 15.91 0.00
0.00 21402.32
40.10 -55.06 -9999.00 -9999.00 -9999.00 84.23 17.39 0.00
0.00 22399.08
33.80 -53.36 -9999.00 -9999.00 -9999.00 73.54 17.83 0.00
0.00 23494.43
27.80 -51.46 -9999.00 -9999.00 -9999.00 67.38 20.20 0.00
0.00 24757.14
22.30 -48.86 -9999.00 -9999.00 -9999.00 71.57 25.19 0.00
0.00 26196.06
17.10 -45.26 -9999.00 -9999.00 -9999.00 78.84 29.10 0.00
0.00 27953.19
12.30 -41.86 -9999.00 -9999.00 -9999.00 81.69 34.95 0.00
0.00 30167.42

STID = KMDW STNM = 725340 TIME = 200808/1600 
SLAT = 41.78 SLON = -87.75 SELV = 183.0
STIM = 3

SHOW = -1.36 LIFT = 2.50 SWET = 197.61 KINX = 31.14
LCLP = 817.05 PWAT = 39.89 TOTL = 48.38 CAPE = 0.00
LCLT = 283.25 CINS = 0.00 EQLV = -9999.00 LFCT = -9999.00
BRCH = 0.00

PRES TMPC TMWC DWPC THTE DRCT SKNT OMEG
CFRL HGHT
997.70 26.74 18.09 13.14 328.60 187.13 7.83 0.00
0.00 192.73
994.80 25.84 17.71 13.01 327.71 186.34 10.55 0.00
0.00 218.39
989.30 25.14 17.41 12.91 327.42 185.62 11.91 0.00
0.00 267.13
979.90 24.14 16.96 12.75 327.18 186.71 13.31 -0.10
0.00 350.83
966.00 22.84 16.39 12.57 327.15 187.70 14.51 -0.10
0.00 475.59
948.10 21.14 15.65 12.36 327.14 189.46 15.37 -0.10
0.00 638.11
926.70 19.54 15.45 13.09 329.53 206.57 17.37 -0.10
0.00 835.42
903.30 18.84 16.33 14.99 336.07 213.16 17.40 -0.10
0.00 1055.74
878.00 17.84 15.92 14.90 338.50 222.55 16.08 0.00
5.00 1299.89
849.60 16.64 14.43 13.21 337.62 230.76 15.05 0.00
12.00 1581.37
818.40 15.44 12.36 10.51 335.43 234.13 15.58 0.00
5.00 1900.10
784.20 13.94 10.07 7.48 333.41 231.46 14.65 -0.10
1.00 2261.73
747.10 11.64 7.52 4.41 331.56 236.79 12.76 -0.10
0.00 2669.26
707.10 8.84 4.56 0.84 329.65 255.72 11.03 -0.10
0.00 3127.50
664.20 5.44 1.45 -2.54 328.57 295.64 5.38 0.00
0.00 3642.65
618.30 1.74 0.01 -1.66 333.11 18.43 6.76 0.10
0.00 4224.53
570.00 -2.56 -4.64 -7.18 330.72 0.99 11.27 0.10
0.00 4875.75
523.10 -7.36 -8.98 -11.42 330.19 333.43 9.98 0.20
0.00 5551.23
481.00 -10.86 -12.96 -17.03 330.63 295.97 8.43 0.10
0.00 6200.74
443.30 -14.46 -17.18 -24.70 330.65 260.68 13.19 0.10
0.00 6823.71
409.50 -18.56 -21.59 -35.20 330.39 253.67 20.05 0.00
0.00 7419.80
378.80 -22.66 -24.59 -33.17 332.94 248.75 26.26 0.00
0.00 7996.05
351.20 -26.56 -27.41 -31.05 335.64 240.40 29.49 -0.10
0.00 8546.68
326.30 -30.46 -30.76 -32.21 337.24 237.59 29.00 -0.10
100.00 9073.54
303.90 -34.16 -34.71 -38.58 337.66 244.91 27.02 -0.10
43.00 9575.10
283.80 -37.16 -38.12 -50.62 338.76 255.45 26.28 0.00
0.00 10050.88
265.60 -39.96 -40.78 -54.30 340.97 263.10 30.71 0.00
0.00 10506.02
248.80 -42.36 -43.09 -58.13 343.70 267.94 37.90 0.00
0.00 10949.76
233.60 -45.26 -45.86 -61.80 345.46 270.83 40.21 0.00
0.00 11372.96
219.60 -48.26 -48.72 -64.44 346.94 272.71 36.95 0.00
0.00 11782.52
205.70 -51.46 -51.81 -67.88 348.41 270.36 31.08 0.00
0.00 12209.91
191.70 -54.66 -54.94 -73.19 350.32 264.56 28.69 0.00
0.00 12664.02
177.80 -56.96 -57.18 -73.70 354.16 263.36 28.55 0.00
0.00 13142.89
163.80 -58.96 -59.14 -74.24 359.21 272.71 28.79 0.00
0.00 13659.49
149.80 -61.46 -61.60 -74.84 364.19 286.81 30.23 0.00
0.00 14216.38
135.90 -63.46 -63.58 -75.48 370.93 298.55 30.07 0.00
0.00 14816.96
121.90 -64.56 -9999.00 -9999.00 -9999.00 304.44 24.73 0.00
0.00 15482.52
108.00 -64.46 -9999.00 -9999.00 -9999.00 294.68 15.81 0.00
0.00 16221.91
94.00 -64.16 -9999.00 -9999.00 -9999.00 278.00 12.55 0.00
0.00 17070.62
81.00 -61.86 -9999.00 -9999.00 -9999.00 313.83 6.74 0.00
0.00 17986.19
70.60 -61.36 -9999.00 -9999.00 -9999.00 96.71 3.32 0.00
0.00 18837.09
62.20 -58.96 -9999.00 -9999.00 -9999.00 85.24 4.68 0.00
0.00 19626.85
54.30 -56.96 -9999.00 -9999.00 -9999.00 84.12 13.29 0.00
0.00 20482.44
46.90 -55.66 -9999.00 -9999.00 -9999.00 94.46 15.00 0.00
0.00 21412.35
40.10 -54.06 -9999.00 -9999.00 -9999.00 87.74 14.78 0.00
0.00 22413.23
33.80 -52.96 -9999.00 -9999.00 -9999.00 72.51 14.86 0.00
0.00 23512.08
27.80 -51.16 -9999.00 -9999.00 -9999.00 67.72 17.42 0.00
0.00 24776.79
22.30 -48.76 -9999.00 -9999.00 -9999.00 76.32 23.00 0.00
0.00 26217.01
17.10 -45.76 -9999.00 -9999.00 -9999.00 79.31 28.26 0.00
0.00 27972.58
12.30 -41.66 -9999.00 -9999.00 -9999.00 83.46 37.55 0.00
0.00 30185.37

STID = KMDW STNM = 725340 TIME = 200808/1700 
SLAT = 41.78 SLON = -87.75 SELV = 183.0
STIM = 4

SHOW = -1.40 LIFT = 1.07 SWET = 198.45 KINX = 32.18
LCLP = 817.68 PWAT = 41.27 TOTL = 48.28 CAPE = 0.00
LCLT = 284.57 CINS = 0.00 EQLV = -9999.00 LFCT = -9999.00
BRCH = 0.00

PRES TMPC TMWC DWPC THTE DRCT SKNT OMEG
CFRL HGHT
997.40 28.04 19.19 14.47 332.65 189.46 7.09 0.00
0.00 192.78
994.40 27.14 18.85 14.38 331.84 187.59 8.82 0.00
0.00 219.47
988.90 26.44 18.56 14.29 331.57 187.97 9.81 0.00
0.00 268.47
979.50 25.44 18.14 14.16 331.39 188.28 10.80 -0.10
0.00 352.61
965.60 24.04 17.56 13.99 331.28 189.62 11.62 -0.10
0.00 478.02
947.70 22.44 16.88 13.79 331.43 190.95 12.28 -0.10
0.00 641.39
926.30 20.44 16.31 14.03 332.54 205.16 14.16 -0.10
0.00 839.61
903.00 19.14 16.29 14.78 335.99 213.49 15.13 -0.20
0.00 1059.56
877.60 17.54 15.83 14.92 338.25 222.99 15.68 -0.20
6.00 1304.76
849.30 16.54 14.52 13.41 338.00 233.86 15.15 -0.20
16.00 1585.18
818.10 15.54 12.48 10.65 335.87 242.78 15.29 -0.20
4.00 1904.05
783.90 13.84 10.22 7.82 333.92 242.42 14.69 -0.20
1.00 2265.85
746.80 11.44 7.51 4.56 331.60 237.83 14.22 -0.10
0.00 2673.36
706.80 8.54 4.81 1.67 330.43 251.27 12.10 -0.10
0.00 3131.44
664.00 5.34 1.56 -2.18 328.89 277.59 5.89 0.00
0.00 3645.29
618.10 1.74 -0.10 -1.89 332.86 29.05 4.00 0.00
0.00 4227.26
569.80 -2.66 -4.77 -7.38 330.45 6.79 8.22 0.10
0.00 4878.54
523.00 -7.36 -9.31 -12.39 329.48 323.84 6.25 0.10
0.00 5552.59
481.00 -10.66 -12.88 -17.20 330.79 271.30 8.55 0.10
0.00 6200.81
443.30 -14.66 -16.58 -21.17 331.86 260.42 15.17 0.10
0.00 6823.85
409.40 -19.26 -20.98 -26.46 331.66 260.44 18.71 0.00
0.00 7420.92
378.70 -22.96 -24.22 -28.92 333.67 250.97 23.83 0.00
0.00 7996.34
351.10 -26.66 -26.87 -27.64 336.63 238.59 29.82 -0.10
100.00 8546.77
326.30 -30.66 -30.88 -31.95 337.03 235.38 29.74 -0.10
100.00 9071.33
303.90 -33.96 -34.95 -43.80 337.22 239.11 27.62 0.00
0.00 9572.86
283.80 -36.86 -37.95 -53.74 339.03 247.35 29.25 0.00
0.00 10049.10
265.60 -39.56 -40.47 -56.36 341.48 257.50 36.81 0.00
0.00 10504.92
248.80 -42.66 -43.39 -59.58 343.21 264.51 40.60 -0.10
0.00 10948.75
233.60 -45.56 -46.13 -61.80 345.00 270.00 40.99 -0.10
0.00 11371.40
219.60 -48.36 -48.82 -64.44 346.78 273.52 37.96 -0.10
0.00 11780.59
205.70 -51.46 -51.81 -67.88 348.41 273.67 30.36 0.00
0.00 12207.89
191.70 -54.46 -54.74 -73.19 350.64 268.74 26.42 0.00
0.00 12662.20
177.80 -56.46 -56.70 -73.70 354.98 267.56 27.41 0.00
0.00 13141.85
163.80 -58.46 -58.66 -74.24 360.04 276.78 27.97 0.00
0.00 13659.64
149.80 -61.06 -61.21 -74.84 364.88 289.71 27.64 0.00
0.00 14217.72
135.90 -63.26 -63.38 -75.48 371.28 301.10 27.45 -0.10
0.00 14819.15
121.90 -64.76 -9999.00 -9999.00 -9999.00 305.92 23.50 -0.10
0.00 15484.70
108.00 -64.86 -9999.00 -9999.00 -9999.00 290.98 15.19 0.00
0.00 16223.04
94.00 -63.76 -9999.00 -9999.00 -9999.00 269.06 11.85 0.00
0.00 17071.75
81.00 -61.36 -9999.00 -9999.00 -9999.00 292.62 2.53 0.00
0.00 17989.27
70.60 -61.36 -9999.00 -9999.00 -9999.00 149.53 3.83 0.00
0.00 18841.18
62.20 -58.66 -9999.00 -9999.00 -9999.00 68.20 4.18 0.00
0.00 19631.50
54.30 -57.66 -9999.00 -9999.00 -9999.00 84.19 11.52 0.00
0.00 20486.29
46.90 -55.96 -9999.00 -9999.00 -9999.00 92.05 10.88 0.00
0.00 21414.05
40.10 -54.66 -9999.00 -9999.00 -9999.00 77.28 12.35 0.00
0.00 22412.87
33.80 -53.36 -9999.00 -9999.00 -9999.00 67.44 13.68 0.00
0.00 23509.22
27.80 -51.66 -9999.00 -9999.00 -9999.00 63.97 18.59 0.00
0.00 24771.36
22.30 -49.36 -9999.00 -9999.00 -9999.00 74.45 23.19 0.00
0.00 26208.02
17.10 -46.26 -9999.00 -9999.00 -9999.00 86.76 30.94 0.00
0.00 27959.32
12.30 -42.16 -9999.00 -9999.00 -9999.00 90.83 40.02 0.00
0.00 30167.29

STID = KMDW STNM = 725340 TIME = 200808/1800 
SLAT = 41.78 SLON = -87.75 SELV = 183.0
STIM = 5

SHOW = -1.15 LIFT = -0.23 SWET = 203.87 KINX = 32.57
LCLP = 818.79 PWAT = 42.08 TOTL = 47.60 CAPE = 20.83
LCLT = 285.87 CINS = -227.31 EQLV = 374.08 LFCT = 556.11
BRCH = 2.85

PRES TMPC TMWC DWPC THTE DRCT SKNT OMEG
CFRL HGHT
996.70 29.24 20.26 15.77 336.83 192.88 6.97 0.00
0.00 193.72
993.90 28.34 19.94 15.70 336.01 190.30 8.68 0.00
0.00 218.76
988.30 27.64 19.66 15.61 335.76 189.46 9.46 -0.10
0.00 268.91
978.90 26.64 19.24 15.46 335.55 189.82 10.26 -0.10
0.00 353.49
965.00 25.24 18.66 15.27 335.41 191.31 10.90 -0.20
0.00 479.55
947.10 23.54 17.93 15.02 335.36 192.85 11.36 -0.20
0.00 643.74
925.70 21.64 17.12 14.74 335.55 195.17 11.87 -0.20
0.00 842.95
902.40 19.74 16.58 14.93 337.13 211.24 13.85 -0.20
0.00 1063.76
877.10 17.84 15.68 14.53 337.78 223.48 15.52 -0.20
0.00 1308.51
848.80 16.04 14.47 13.60 337.90 230.81 16.30 -0.20
17.00 1588.99
817.60 15.14 12.54 10.99 336.15 242.18 15.81 -0.20
10.00 1907.59
783.40 13.64 10.21 7.95 333.99 246.70 13.75 -0.10
1.00 2269.27
746.40 11.34 7.68 4.99 332.20 241.98 13.64 0.00
0.00 2675.75
706.50 8.54 5.28 2.66 331.84 250.71 12.35 0.10
0.00 3132.91
663.60 5.54 1.76 -1.92 329.49 261.57 5.30 0.20
0.00 3648.49
617.80 1.94 -0.21 -2.33 332.62 60.95 2.00 0.20
0.00 4229.92
569.60 -2.56 -5.13 -8.46 329.63 1.97 5.63 0.20
0.00 4880.39
522.90 -7.16 -9.51 -13.35 329.06 294.62 5.13 0.10
0.00 5553.45
480.80 -10.46 -12.80 -17.38 330.98 261.42 10.41 0.10
0.00 6203.85
443.20 -14.76 -16.57 -20.81 331.92 264.22 15.42 0.00
0.00 6825.57
409.30 -19.46 -20.43 -23.12 332.73 267.43 17.31 -0.10
0.00 7422.50
378.70 -23.36 -24.08 -26.53 333.94 256.46 21.58 -0.10
3.00 7995.54
351.10 -26.96 -27.24 -28.33 335.97 241.10 27.74 -0.10
100.00 8545.23
326.20 -30.46 -31.31 -36.27 336.32 233.44 29.02 0.00
0.00 9071.82
303.90 -33.46 -34.86 -51.47 337.33 237.24 29.80 0.00
0.00 9571.84
283.70 -36.36 -37.53 -54.73 339.74 250.49 36.07 0.00
0.00 10051.53
265.60 -39.86 -40.81 -60.81 340.91 258.41 39.67 0.00
0.00 10505.11
248.80 -42.96 -43.73 -66.51 342.63 266.13 40.31 0.00
0.00 10948.36
233.60 -45.76 -46.37 -66.97 344.61 269.72 39.82 0.00
0.00 11370.54
219.60 -48.26 -48.75 -67.41 346.89 270.60 36.91 0.00
0.00 11779.64
205.70 -50.96 -51.34 -67.88 349.19 268.50 29.74 0.00
0.00 12207.50
191.70 -53.66 -53.97 -73.19 351.92 262.41 26.46 0.10
0.00 12663.16
177.80 -55.86 -56.12 -73.70 355.97 264.88 28.28 0.00
0.00 13144.35
163.80 -58.26 -58.46 -74.24 360.38 274.40 27.86 0.00
0.00 13663.10
149.80 -61.36 -61.50 -74.84 364.36 287.35 26.05 -0.10
0.00 14221.05
135.90 -64.06 -64.17 -75.48 369.87 297.39 24.07 -0.10
0.00 14820.91
121.90 -65.56 -9999.00 -9999.00 -9999.00 292.75 19.58 0.00
0.00 15483.92
108.00 -64.86 -9999.00 -9999.00 -9999.00 263.75 14.26 0.00
0.00 16220.83
94.00 -63.36 -9999.00 -9999.00 -9999.00 255.26 11.44 0.00
0.00 17070.36
81.00 -61.56 -9999.00 -9999.00 -9999.00 300.96 1.13 0.00
0.00 17988.32
70.60 -61.96 -9999.00 -9999.00 -9999.00 203.20 1.48 0.00
0.00 18838.62
62.20 -59.16 -9999.00 -9999.00 -9999.00 40.10 4.82 0.00
0.00 19626.90
54.30 -58.46 -9999.00 -9999.00 -9999.00 86.50 9.54 0.00
0.00 20479.10
46.90 -56.36 -9999.00 -9999.00 -9999.00 92.25 9.91 0.00
0.00 21404.30
40.10 -55.26 -9999.00 -9999.00 -9999.00 75.96 12.82 0.00
0.00 22400.82
33.80 -52.96 -9999.00 -9999.00 -9999.00 65.90 16.18 0.00
0.00 23496.67
27.80 -50.66 -9999.00 -9999.00 -9999.00 67.34 21.68 0.00
0.00 24762.81
22.30 -47.76 -9999.00 -9999.00 -9999.00 76.43 23.17 0.00
0.00 26207.87
17.10 -44.56 -9999.00 -9999.00 -9999.00 89.22 28.36 0.00
0.00 27971.98
12.30 -42.06 -9999.00 -9999.00 -9999.00 91.63 34.21 0.00
0.00 30188.63

STID = KMDW STNM = 725340 TIME = 200808/1900 
SLAT = 41.78 SLON = -87.75 SELV = 183.0
STIM = 6

SHOW = -1.38 LIFT = -1.65 SWET = 202.68 KINX = 34.01
LCLP = 818.01 PWAT = 42.73 TOTL = 48.28 CAPE = 270.36
LCLT = 286.75 CINS = -125.53 EQLV = 331.58 LFCT = 605.66
BRCH = 30.36

PRES TMPC TMWC DWPC THTE DRCT SKNT OMEG
CFRL HGHT
996.60 30.24 21.06 16.68 340.03 189.21 7.28 0.00
0.00 192.87
993.70 29.34 20.74 16.60 339.20 187.43 9.01 0.00
0.00 218.90
988.20 28.64 20.46 16.51 338.94 185.60 9.95 -0.10
0.00 268.34
978.70 27.64 20.05 16.36 338.74 186.23 10.74 -0.20
0.00 354.15
964.80 26.34 19.49 16.13 338.64 187.00 11.15 -0.20
0.00 480.73
946.90 24.64 18.76 15.85 338.54 188.67 11.60 -0.30
0.00 645.63
925.60 22.64 17.89 15.50 338.46 190.39 11.85 -0.30
0.00 844.72
902.20 20.54 16.96 15.13 338.58 200.97 12.49 -0.30
0.00 1067.24
876.90 18.64 15.91 14.48 338.65 221.26 14.72 -0.20
0.00 1312.73
848.60 16.54 14.47 13.32 337.90 231.13 16.72 -0.10
9.00 1593.88
817.40 14.84 12.57 11.22 336.29 238.27 17.37 -0.10
13.00 1912.66
783.30 13.74 10.17 7.80 333.86 245.88 14.26 0.00
3.00 2273.23
746.30 11.34 8.17 5.92 333.70 248.52 12.74 0.10
0.00 2679.88
706.30 8.64 5.96 3.91 333.85 255.07 12.06 0.20
2.00 3138.52
663.40 5.84 1.95 -1.79 330.03 253.50 5.48 0.20
0.00 3654.73
617.70 2.24 -0.26 -2.75 332.51 90.00 0.58 0.20
0.00 4235.63
569.50 -2.36 -5.44 -9.63 328.90 342.26 5.09 0.10
0.00 4886.71
522.80 -7.16 -9.66 -13.83 328.76 285.26 6.64 -0.10
0.00 5560.06
480.80 -10.86 -12.96 -17.04 330.67 266.99 11.09 -0.20
0.00 6208.49
443.10 -15.16 -16.72 -20.34 331.66 266.58 13.03 -0.20
0.00 6830.99
409.30 -19.86 -20.39 -21.80 332.82 265.60 15.19 -0.10
27.00 7425.35
378.60 -23.86 -24.37 -26.07 333.47 254.36 20.16 0.00
100.00 7999.35
351.00 -26.76 -27.89 -33.31 334.84 239.95 27.16 0.10
64.00 8548.79
326.20 -29.66 -31.49 -49.41 335.89 235.63 32.01 0.10
12.00 9074.28
303.90 -33.06 -34.58 -54.16 337.77 249.16 36.58 0.10
0.00 9575.49
283.70 -36.56 -37.80 -60.30 339.28 253.97 36.58 0.00
0.00 10055.36
265.60 -39.86 -40.83 -63.02 340.86 258.29 38.29 0.00
0.00 10508.75
248.80 -42.86 -43.62 -63.51 342.82 264.18 40.23 0.00
0.00 10952.09
233.60 -45.36 -46.00 -66.97 345.22 268.39 41.39 0.00
0.00 11374.73
219.60 -47.86 -48.37 -67.41 347.51 271.16 38.27 0.00
0.00 11784.56
205.70 -50.56 -50.98 -72.71 349.77 270.71 31.27 0.00
0.00 12213.19
191.70 -53.16 -53.49 -73.19 352.72 265.14 27.49 0.00
0.00 12669.77
177.80 -55.56 -55.83 -73.70 356.46 267.20 27.82 0.00
0.00 13151.84
163.80 -58.26 -58.46 -74.24 360.38 274.93 27.10 0.00
0.00 13670.96
149.80 -61.46 -61.60 -74.84 364.19 281.75 24.81 0.00
0.00 14228.77
135.90 -63.86 -63.97 -75.48 370.22 286.36 22.07 0.00
0.00 14828.77
121.90 -64.96 -9999.00 -9999.00 -9999.00 279.09 19.68 0.00
0.00 15493.06
108.00 -64.76 -9999.00 -9999.00 -9999.00 261.06 17.50 0.00
0.00 16231.21
94.00 -63.96 -9999.00 -9999.00 -9999.00 270.00 12.82 0.00
0.00 17079.72
81.00 -62.56 -9999.00 -9999.00 -9999.00 288.43 2.45 0.00
0.00 17994.19
70.60 -62.16 -9999.00 -9999.00 -9999.00 242.10 3.73 0.00
0.00 18842.09
62.20 -58.46 -9999.00 -9999.00 -9999.00 57.09 3.92 0.00
0.00 19631.29
54.30 -57.86 -9999.00 -9999.00 -9999.00 101.82 8.53 0.00
0.00 20486.08
46.90 -56.36 -9999.00 -9999.00 -9999.00 98.30 9.42 0.00
0.00 21412.56
40.10 -56.06 -9999.00 -9999.00 -9999.00 76.87 11.97 0.00
0.00 22407.25
33.80 -53.26 -9999.00 -9999.00 -9999.00 68.33 16.30 0.00
0.00 23500.34
27.80 -49.76 -9999.00 -9999.00 -9999.00 74.61 21.97 0.00
0.00 24768.20
22.30 -47.26 -9999.00 -9999.00 -9999.00 84.89 23.99 0.00
0.00 26217.77
17.10 -44.56 -9999.00 -9999.00 -9999.00 91.27 26.22 0.00
0.00 27983.83
12.30 -41.76 -9999.00 -9999.00 -9999.00 92.55 30.54 0.00
0.00 30201.93

STID = KMDW STNM = 725340 TIME = 200808/2000 
SLAT = 41.78 SLON = -87.75 SELV = 183.0
STIM = 7

SHOW = -2.09 LIFT = -2.92 SWET = 215.16 KINX = 36.36
LCLP = 814.97 PWAT = 43.19 TOTL = 49.66 CAPE = 464.71
LCLT = 287.24 CINS = -58.08 EQLV = 288.66 LFCT = 643.85
BRCH = 44.64

PRES TMPC TMWC DWPC THTE DRCT SKNT OMEG
CFRL HGHT
994.90 30.94 21.56 17.22 342.35 189.93 7.89 0.00
0.00 193.81
992.00 30.04 21.24 17.13 341.49 187.82 10.00 0.00
0.00 219.95
986.50 29.34 20.97 17.05 341.25 187.13 10.96 -0.10
0.00 269.61
977.10 28.34 20.55 16.88 341.00 186.65 11.73 -0.20
0.00 354.88
963.20 27.04 20.00 16.65 340.90 187.35 12.14 -0.30
0.00 482.00
945.30 25.34 19.27 16.34 340.74 188.88 12.59 -0.30
0.00 647.60
924.00 23.34 18.39 15.97 340.63 190.46 12.84 -0.40
0.00 847.55
900.70 21.14 17.40 15.54 340.49 192.15 12.92 -0.40
0.00 1070.03
875.40 18.94 16.21 14.80 339.99 208.74 13.73 -0.30
0.00 1316.36
847.20 17.04 14.61 13.28 338.64 229.84 16.26 -0.20
0.00 1597.39
816.10 14.44 12.86 11.93 337.50 234.85 16.86 -0.10
15.00 1915.78
782.00 13.54 9.92 7.49 333.29 243.43 14.76 0.10
3.00 2276.60
745.10 11.24 8.66 6.91 335.46 253.11 11.36 0.10
0.00 2682.65
705.30 8.44 6.53 5.14 335.76 263.00 11.15 0.10
5.00 3139.61
662.50 5.94 2.09 -1.57 330.56 259.51 5.34 0.00
0.00 3655.36
616.90 2.24 -0.39 -3.03 332.33 360.00 0.39 0.00
0.00 4235.86
568.80 -2.36 -5.90 -11.00 327.97 339.86 6.22 0.10
0.00 4886.33
522.30 -7.36 -10.24 -15.43 327.60 299.05 8.00 0.00
0.00 5557.15
480.40 -11.46 -13.32 -16.99 330.02 272.20 10.10 0.10
0.00 6203.57
442.80 -15.36 -16.73 -19.88 331.70 259.51 10.66 0.20
0.00 6823.95
409.00 -19.96 -20.52 -22.01 332.66 255.26 15.27 0.30
100.00 7418.38
378.40 -23.16 -24.65 -30.66 332.98 249.56 22.80 0.20
37.00 7991.48
350.90 -25.76 -28.21 -50.23 334.15 246.25 31.84 0.10
14.00 8540.88
326.10 -29.66 -31.60 -53.57 335.72 256.20 35.00 0.00
0.00 9067.50
303.80 -33.46 -34.97 -56.53 337.15 258.69 34.67 0.00
0.00 9568.44
283.70 -36.66 -37.86 -58.54 339.18 259.34 36.77 0.00
0.00 10045.52
265.60 -39.96 -40.90 -60.81 340.76 262.63 39.37 -0.10
0.00 10498.71
248.80 -43.16 -43.89 -63.51 342.37 267.02 41.05 -0.10
0.00 10941.67
233.60 -45.66 -46.28 -66.97 344.76 270.52 42.54 -0.10
0.00 11363.76
219.60 -48.16 -48.68 -72.27 347.00 273.27 40.85 -0.10
0.00 11773.04
205.70 -50.56 -50.98 -72.71 349.77 274.35 33.31 0.00
0.00 12201.38
191.70 -52.96 -53.30 -73.19 353.04 266.75 27.43 0.00
0.00 12658.17
177.80 -55.46 -55.73 -73.70 356.62 262.10 26.86 0.00
0.00 13140.57
163.80 -58.36 -58.56 -74.24 360.21 267.83 25.66 0.00
0.00 13659.68
149.80 -61.66 -61.80 -74.84 363.85 276.23 23.25 -0.10
0.00 14217.10
135.90 -64.26 -64.36 -75.48 369.52 281.62 21.21 -0.10
0.00 14816.25
121.90 -65.36 -9999.00 -9999.00 -9999.00 276.78 19.76 0.00
0.00 15479.26
108.00 -65.46 -9999.00 -9999.00 -9999.00 262.29 18.82 0.00
0.00 16215.47
94.00 -64.46 -9999.00 -9999.00 -9999.00 274.14 13.44 0.00
0.00 17061.54
81.00 -62.56 -9999.00 -9999.00 -9999.00 260.54 3.54 0.00
0.00 17974.92
70.60 -61.36 -9999.00 -9999.00 -9999.00 265.24 4.68 0.00
0.00 18824.42
62.20 -58.26 -9999.00 -9999.00 -9999.00 52.77 6.10 0.00
0.00 19615.48
54.30 -58.56 -9999.00 -9999.00 -9999.00 98.97 7.48 0.00
0.00 20469.28
46.90 -57.86 -9999.00 -9999.00 -9999.00 92.34 9.52 0.00
0.00 21391.04
40.10 -57.06 -9999.00 -9999.00 -9999.00 72.12 12.65 0.00
0.00 22380.00
33.80 -53.36 -9999.00 -9999.00 -9999.00 69.32 20.36 0.00
0.00 23470.34
27.80 -49.66 -9999.00 -9999.00 -9999.00 76.30 23.80 0.00
0.00 24738.20
22.30 -46.76 -9999.00 -9999.00 -9999.00 84.14 22.84 0.00
0.00 26189.71
17.10 -44.56 -9999.00 -9999.00 -9999.00 77.29 20.32 0.00
0.00 27957.71
12.30 -41.26 -9999.00 -9999.00 -9999.00 77.52 24.28 0.00
0.00 30178.22

STID = KMDW STNM = 725340 TIME = 200808/2100 
SLAT = 41.78 SLON = -87.75 SELV = 183.0
STIM = 8

SHOW = -2.39 LIFT = -3.45 SWET = 224.55 KINX = 36.10
LCLP = 815.22 PWAT = 42.89 TOTL = 50.08 CAPE = 623.20
LCLT = 287.63 CINS = -53.49 EQLV = 259.64 LFCT = 653.71
BRCH = 44.60

PRES TMPC TMWC DWPC THTE DRCT SKNT OMEG
CFRL HGHT
993.90 31.24 21.86 17.60 343.77 188.84 8.84 0.00
0.00 192.93
990.90 30.44 21.56 17.50 343.01 187.72 11.56 0.00
0.00 220.04
985.50 29.74 21.29 17.41 342.73 186.91 12.92 0.00
0.00 268.92
976.00 28.74 20.88 17.25 342.52 186.52 13.69 -0.10
0.00 355.32
962.20 27.44 20.32 17.00 342.36 187.13 14.10 -0.10
0.00 481.85
944.30 25.74 19.60 16.70 342.23 188.46 14.53 -0.10
0.00 647.88
923.00 23.84 18.74 16.30 342.17 190.57 14.82 -0.20
0.00 848.38
899.70 21.64 17.75 15.85 341.99 193.67 14.80 -0.10
0.00 1071.52
874.50 19.34 16.49 15.04 341.19 201.37 14.39 -0.10
0.00 1317.55
846.30 17.34 14.79 13.41 339.43 227.05 15.38 0.10
0.00 1599.24
815.20 14.44 13.18 12.45 338.78 231.68 15.35 0.30
24.00 1918.18
781.30 14.14 9.87 6.96 333.21 240.26 14.10 0.40
2.00 2277.63
744.40 11.64 9.32 7.81 337.69 258.91 10.10 0.40
0.00 2684.80
704.60 8.84 6.45 4.70 335.64 272.39 9.32 0.40
0.00 3142.89
661.90 6.24 2.11 -1.84 330.70 267.27 4.08 0.30
0.00 3658.51
616.40 2.34 -0.53 -3.46 332.05 321.34 1.24 0.30
0.00 4238.61
568.40 -2.26 -6.38 -12.80 326.90 332.70 6.78 0.20
0.00 4888.36
522.00 -7.26 -10.81 -17.89 326.43 308.09 9.13 0.20
0.00 5558.25
480.10 -11.46 -13.47 -17.52 329.78 274.32 10.33 0.10
0.00 6205.08
442.60 -15.26 -16.74 -20.15 331.74 256.93 11.17 0.10
0.00 6824.24
408.90 -19.66 -20.90 -24.60 331.95 260.22 17.15 0.10
38.00 7417.52
378.30 -22.76 -25.28 -40.07 331.79 261.29 24.36 -0.10
0.00 7991.42
350.90 -26.56 -28.87 -51.05 333.03 268.85 28.94 -0.10
0.00 8538.37
326.10 -29.86 -31.78 -54.68 335.40 266.12 31.55 -0.10
0.00 9063.92
303.80 -33.26 -34.79 -56.53 337.43 264.81 34.32 0.00
0.00 9564.86
283.70 -36.76 -37.98 -60.30 338.99 265.87 37.78 0.00
0.00 10042.03
265.60 -40.26 -41.17 -60.81 340.32 263.57 39.88 0.00
0.00 10494.83
248.80 -43.36 -44.08 -63.51 342.08 266.19 40.89 0.00
0.00 10937.32
233.60 -45.86 -46.46 -66.97 344.46 270.00 42.35 0.00
0.00 11359.04
219.60 -48.06 -48.58 -72.27 347.16 272.48 40.44 0.00
0.00 11768.23
205.70 -50.36 -50.79 -72.71 350.09 274.76 32.75 0.00
0.00 12196.86
191.70 -52.66 -53.01 -73.19 353.52 266.58 26.07 0.00
0.00 12654.16
177.80 -55.26 -55.54 -73.70 356.95 257.70 26.44 0.00
0.00 13137.11
163.80 -58.36 -58.56 -74.24 360.21 261.63 26.71 0.00
0.00 13656.47
149.80 -61.66 -61.80 -74.84 363.85 270.92 24.09 0.00
0.00 14213.89
135.90 -64.36 -64.46 -75.48 369.34 272.56 21.78 0.00
0.00 14812.90
121.90 -65.36 -9999.00 -9999.00 -9999.00 265.68 20.65 0.00
0.00 15475.75
108.00 -65.46 -9999.00 -9999.00 -9999.00 255.59 21.85 0.00
0.00 16211.95
94.00 -64.46 -9999.00 -9999.00 -9999.00 271.59 13.99 0.00
0.00 17058.02
81.00 -62.26 -9999.00 -9999.00 -9999.00 259.38 3.17 0.00
0.00 17972.06
70.60 -60.76 -9999.00 -9999.00 -9999.00 339.78 3.92 0.00
0.00 18823.37
62.20 -58.56 -9999.00 -9999.00 -9999.00 70.11 9.71 0.00
0.00 19614.98
54.30 -58.66 -9999.00 -9999.00 -9999.00 107.20 8.55 0.00
0.00 20467.99
46.90 -58.06 -9999.00 -9999.00 -9999.00 87.71 9.71 0.00
0.00 21389.10
40.10 -55.66 -9999.00 -9999.00 -9999.00 69.34 12.67 0.00
0.00 22380.82
33.80 -52.16 -9999.00 -9999.00 -9999.00 76.88 20.55 0.00
0.00 23477.66
27.80 -50.06 -9999.00 -9999.00 -9999.00 79.99 20.12 0.00
0.00 24747.81
22.30 -48.16 -9999.00 -9999.00 -9999.00 78.57 18.63 0.00
0.00 26193.51
17.10 -45.86 -9999.00 -9999.00 -9999.00 60.77 18.71 0.00
0.00 27951.02
12.30 -41.26 -9999.00 -9999.00 -9999.00 67.41 26.30 0.00
0.00 30165.26

STID = KMDW STNM = 725340 TIME = 200808/2200 
SLAT = 41.78 SLON = -87.75 SELV = 183.0
STIM = 9

SHOW = -2.69 LIFT = -3.84 SWET = 235.17 KINX = 35.90
LCLP = 817.74 PWAT = 42.47 TOTL = 50.49 CAPE = 754.70
LCLT = 287.97 CINS = -57.83 EQLV = 251.07 LFCT = 655.19
BRCH = 46.74

PRES TMPC TMWC DWPC THTE DRCT SKNT OMEG
CFRL HGHT
994.00 31.34 22.06 17.90 344.62 188.84 8.84 0.00
0.00 192.03
991.00 30.64 21.80 17.81 344.00 187.59 11.75 0.00
0.00 219.15
985.50 29.94 21.52 17.71 343.71 187.54 13.33 0.00
0.00 268.98
976.10 29.04 21.15 17.55 343.60 188.57 14.34 0.00
0.00 354.55
962.20 27.64 20.56 17.30 343.34 188.97 14.94 0.00
0.00 482.12
944.30 26.04 19.86 16.98 343.28 190.89 15.42 0.00
0.00 648.30
923.00 24.04 18.99 16.60 343.15 192.99 15.54 -0.10
0.00 849.00
899.70 21.84 17.99 16.14 342.95 195.75 15.73 -0.10
0.00 1072.33
874.50 19.64 16.75 15.30 342.18 201.25 15.02 0.00
0.00 1318.60
846.30 17.54 14.98 13.61 340.13 225.54 14.70 0.20
0.00 1600.56
815.20 14.74 13.37 12.59 339.46 230.87 14.78 0.30
16.00 1919.80
781.20 14.84 10.01 6.71 333.64 239.45 13.75 0.30
0.00 2280.95
744.40 11.84 9.59 8.15 338.58 257.74 9.15 0.20
0.00 2687.69
704.60 9.14 6.39 4.36 335.46 273.18 7.01 0.10
0.00 3146.20
661.90 6.54 2.19 -1.98 330.90 274.76 2.33 0.00
0.00 3662.33
616.30 2.54 -0.78 -4.29 331.40 341.57 2.45 0.00
0.00 4244.22
568.40 -2.06 -6.96 -15.44 325.56 337.96 8.80 0.00
0.00 4892.98
521.90 -7.16 -10.84 -18.29 326.38 324.93 11.15 -0.10
0.00 5564.64
480.10 -11.56 -13.86 -18.75 328.99 294.54 9.83 -0.10
0.00 6209.94
442.60 -15.56 -17.23 -21.33 330.78 271.17 9.52 -0.10
0.00 6828.56
408.90 -19.66 -21.88 -30.39 330.10 271.40 15.93 0.00
0.00 7421.36
378.40 -22.96 -25.84 -50.40 330.68 271.53 21.76 0.00
0.00 7992.96
350.90 -26.56 -28.85 -50.23 333.07 273.22 27.62 0.10
0.00 8541.57
326.10 -29.86 -31.74 -52.58 335.48 269.32 32.63 0.10
0.00 9067.13
303.80 -33.36 -34.90 -58.00 337.25 270.31 35.55 0.20
0.00 9567.96
283.70 -36.86 -38.06 -60.30 338.85 267.18 39.47 0.10
0.00 10044.94
265.60 -40.26 -41.17 -60.81 340.32 264.70 40.00 0.10
0.00 10497.65
248.80 -43.16 -43.89 -63.51 342.37 266.54 41.84 0.00
0.00 10940.32
233.60 -45.56 -46.18 -66.97 344.91 270.00 43.51 0.00
0.00 11362.50
219.60 -47.86 -48.40 -72.27 347.46 273.58 40.48 -0.10
0.00 11772.14
205.70 -50.26 -50.70 -72.71 350.25 276.83 32.67 -0.10
0.00 12201.06
191.70 -52.66 -53.01 -73.19 353.52 271.30 25.64 -0.10
0.00 12658.47
177.70 -55.36 -55.63 -73.70 356.84 259.73 25.08 -0.10
0.00 13144.92
163.80 -58.56 -58.75 -74.24 359.88 259.41 27.47 -0.10
0.00 13660.35
149.80 -61.86 -61.99 -74.84 363.50 266.71 27.04 0.00
0.00 14217.25
135.90 -64.26 -64.36 -75.48 369.52 267.16 23.52 0.00
0.00 14816.12
121.90 -65.06 -9999.00 -9999.00 -9999.00 257.98 21.45 0.00
0.00 15479.60
108.00 -65.16 -9999.00 -9999.00 -9999.00 257.31 22.11 0.00
0.00 16216.87
94.00 -63.76 -9999.00 -9999.00 -9999.00 280.62 12.65 0.00
0.00 17064.97
81.00 -61.86 -9999.00 -9999.00 -9999.00 273.81 2.91 0.00
0.00 17981.41
70.60 -59.86 -9999.00 -9999.00 -9999.00 9.46 3.54 0.00
0.00 18835.33
62.20 -57.76 -9999.00 -9999.00 -9999.00 118.07 9.91 0.00
0.00 19630.10
54.30 -57.46 -9999.00 -9999.00 -9999.00 140.39 7.30 0.00
0.00 20487.08
46.90 -56.16 -9999.00 -9999.00 -9999.00 70.02 6.82 0.00
0.00 21414.84
40.10 -53.36 -9999.00 -9999.00 -9999.00 53.50 12.08 0.00
0.00 22416.18
33.80 -51.66 -9999.00 -9999.00 -9999.00 79.07 17.40 0.00
0.00 23520.03
27.80 -50.16 -9999.00 -9999.00 -9999.00 91.40 15.93 0.00
0.00 24791.32
22.30 -48.46 -9999.00 -9999.00 -9999.00 83.96 16.61 0.00
0.00 26235.73
17.10 -45.36 -9999.00 -9999.00 -9999.00 71.88 22.47 0.00
0.00 27994.02
12.30 -41.16 -9999.00 -9999.00 -9999.00 73.65 30.36 0.00
0.00 30211.15

STID = KMDW STNM = 725340 TIME = 200808/2300 
SLAT = 41.78 SLON = -87.75 SELV = 183.0
STIM = 10

SHOW = -3.12 LIFT = -4.39 SWET = 250.88 KINX = 35.42
LCLP = 824.90 PWAT = 42.27 TOTL = 51.23 CAPE = 878.13
LCLT = 288.43 CINS = -71.76 EQLV = 242.20 LFCT = 658.65
BRCH = 49.60

PRES TMPC TMWC DWPC THTE DRCT SKNT OMEG
CFRL HGHT
994.90 31.14 22.20 18.24 345.11 189.25 8.47 0.00
0.00 192.02
991.90 30.54 21.97 18.15 344.61 188.53 11.79 0.00
0.00 219.11
986.40 29.94 21.72 18.05 344.44 189.19 13.38 0.00
0.00 268.88
977.00 29.04 21.34 17.88 344.30 189.96 14.59 0.00
0.00 354.39
963.00 27.74 20.79 17.64 344.20 191.02 15.23 0.00
0.00 482.81
945.20 26.14 20.10 17.33 344.15 192.84 15.73 0.00
0.00 648.00
923.80 24.14 19.23 16.95 344.03 195.38 16.12 0.00
0.00 849.56
900.50 21.94 18.25 16.49 343.83 198.87 16.22 0.00
0.00 1072.80
875.20 19.74 17.04 15.71 343.20 202.73 15.58 0.00
0.00 1319.97
847.00 17.74 15.15 13.77 340.63 226.10 14.30 0.20
0.00 1601.88
815.90 15.24 13.17 11.99 338.63 232.67 14.41 0.30
23.00 1921.21
781.80 15.54 10.18 6.53 334.08 243.82 12.76 0.30
0.00 2283.83
744.90 12.14 9.66 8.08 338.72 261.47 7.85 0.20
0.00 2692.07
705.00 9.54 6.23 3.72 334.87 276.58 5.09 0.20
3.00 3151.95
662.30 6.74 2.24 -2.08 330.96 286.70 2.02 0.10
0.00 3668.28
616.70 2.64 -0.93 -4.78 330.94 334.80 3.65 0.20
0.00 4250.08
568.70 -2.16 -6.87 -14.85 325.72 341.57 10.45 0.10
0.00 4899.80
522.20 -7.36 -10.70 -17.18 326.63 332.59 11.81 0.10
0.00 5570.77
480.30 -11.76 -14.44 -20.68 327.77 308.66 8.70 0.00
0.00 6216.78
442.80 -15.66 -17.88 -24.07 329.46 265.24 9.36 0.00
0.00 6834.66
409.00 -19.26 -22.54 -41.77 328.74 268.78 18.26 0.00
0.00 7429.21
378.40 -22.86 -25.65 -46.24 331.05 283.67 22.18 -0.10
0.00 8003.10
350.90 -26.76 -28.95 -48.11 332.92 278.99 27.33 0.00
0.00 8551.62
326.10 -30.16 -31.88 -48.76 335.27 274.74 32.94 0.10
0.00 9076.65
303.80 -33.46 -34.99 -58.00 337.11 275.34 35.51 0.20
0.00 9577.08
283.70 -36.96 -38.15 -60.30 338.70 272.55 39.28 0.20
0.00 10053.85
265.60 -40.36 -41.26 -60.81 340.18 267.19 39.67 0.10
0.00 10506.37
248.80 -43.36 -44.08 -63.51 342.08 267.31 41.41 0.00
0.00 10948.75
233.60 -45.96 -46.56 -66.97 344.31 270.77 43.12 -0.10
0.00 11370.38
219.60 -48.36 -48.84 -67.41 346.74 274.09 40.89 -0.10
0.00 11779.21
205.70 -50.66 -51.08 -72.71 349.62 275.41 32.98 -0.10
0.00 12207.27
191.70 -52.86 -53.20 -73.19 353.20 271.34 24.86 -0.10
0.00 12664.05
177.70 -55.56 -55.83 -73.70 356.51 260.54 23.64 -0.10
0.00 13150.06
163.80 -58.56 -58.75 -74.24 359.88 258.93 27.31 0.00
0.00 13665.26
149.80 -61.66 -61.80 -74.84 363.85 265.52 29.82 0.00
0.00 14222.42
135.90 -63.96 -9999.00 -9999.00 -9999.00 268.33 26.63 0.00
0.00 14821.99
121.90 -64.96 -9999.00 -9999.00 -9999.00 263.18 22.88 0.00
0.00 15486.11
108.00 -65.26 -9999.00 -9999.00 -9999.00 268.95 21.17 0.00
0.00 16223.38
94.00 -63.86 -9999.00 -9999.00 -9999.00 294.06 11.91 0.00
0.00 17071.08
81.00 -61.76 -9999.00 -9999.00 -9999.00 255.96 3.21 0.00
0.00 17987.51
70.60 -59.16 -9999.00 -9999.00 -9999.00 180.00 0.19 0.00
0.00 18843.05
62.20 -57.46 -9999.00 -9999.00 -9999.00 154.54 9.03 0.00
0.00 19639.67
54.30 -56.96 -9999.00 -9999.00 -9999.00 171.87 1.38 0.00
0.00 20498.23
46.90 -55.96 -9999.00 -9999.00 -9999.00 40.91 7.71 0.00
0.00 21427.50
40.10 -53.76 -9999.00 -9999.00 -9999.00 51.75 12.86 0.00
0.00 22428.38
33.80 -52.66 -9999.00 -9999.00 -9999.00 82.87 15.66 0.00
0.00 23528.73
27.80 -50.96 -9999.00 -9999.00 -9999.00 97.22 13.91 0.00
0.00 24794.87
22.30 -48.36 -9999.00 -9999.00 -9999.00 73.87 16.78 0.00
0.00 26237.03
17.10 -43.16 -9999.00 -9999.00 -9999.00 73.74 29.14 0.00
0.00 28004.25
12.30 -40.66 -9999.00 -9999.00 -9999.00 77.76 33.00 0.00
0.00 30234.41

STID = KMDW STNM = 725340 TIME = 200809/0000 
SLAT = 41.78 SLON = -87.75 SELV = 183.0
STIM = 11

SHOW = -2.87 LIFT = -4.37 SWET = 242.69 KINX = 34.98
LCLP = 835.67 PWAT = 42.31 TOTL = 50.75 CAPE = 976.16
LCLT = 289.00 CINS = -65.01 EQLV = 236.28 LFCT = 662.45
BRCH = 52.06

PRES TMPC TMWC DWPC THTE DRCT SKNT OMEG
CFRL HGHT
995.20 30.64 22.28 18.62 345.46 189.69 8.08 0.00
0.00 192.90
992.20 30.24 22.10 18.52 345.16 188.67 11.60 0.00
0.00 219.95
986.80 29.64 21.85 18.41 344.95 189.73 13.79 0.00
0.00 268.77
977.30 28.84 21.50 18.24 344.95 191.02 15.23 0.00
0.00 355.10
963.40 27.54 20.95 18.00 344.83 192.53 16.12 0.00
0.00 482.49
945.50 25.94 20.25 17.68 344.77 194.20 16.63 -0.10
0.00 648.47
924.10 23.94 19.38 17.28 344.60 197.20 17.07 -0.20
0.00 849.86
900.80 21.84 18.43 16.83 344.53 201.32 17.09 -0.20
0.00 1072.96
875.50 19.54 17.29 16.19 344.13 205.96 16.41 -0.20
0.00 1319.97
847.30 17.84 15.14 13.71 340.56 227.16 14.57 -0.10
0.00 1601.77
816.10 15.04 13.32 12.34 339.12 233.75 14.45 0.00
22.00 1921.99
782.10 15.54 10.16 6.48 333.96 243.84 12.33 0.00
0.00 2283.32
745.10 12.24 9.58 7.87 338.42 251.57 6.76 -0.10
0.00 2692.59
705.20 9.64 6.21 3.61 334.79 257.91 2.78 -0.20
0.00 3152.48
662.50 6.84 2.26 -2.13 330.99 296.57 0.87 -0.10
0.00 3668.83
616.80 2.84 -1.15 -5.59 330.35 349.70 4.35 0.00
0.00 4252.03
568.80 -2.16 -6.56 -13.65 326.41 348.49 10.70 0.00
0.00 4901.87
522.20 -7.06 -10.74 -18.15 326.51 330.36 12.96 0.00
0.00 5574.62
480.30 -11.56 -14.93 -23.90 326.74 305.94 9.60 0.10
0.00 6221.14
442.80 -15.66 -18.73 -29.41 327.80 271.85 12.04 0.10
0.00 6839.09
409.10 -19.46 -22.73 -42.59 328.38 285.86 17.77 0.10
0.00 7431.49
378.50 -23.06 -25.66 -42.90 331.03 287.35 19.54 0.10
0.00 8004.79
351.00 -26.86 -29.01 -47.49 332.79 283.94 28.22 0.10
0.00 8552.84
326.20 -30.26 -31.99 -49.41 335.06 285.54 30.44 0.20
0.00 9077.50
303.80 -33.86 -35.24 -53.17 336.71 285.39 30.01 0.20
0.00 9579.58
283.70 -37.26 -38.42 -60.30 338.27 277.08 33.08 0.20
0.00 10055.65
265.60 -40.46 -41.35 -60.81 340.03 267.90 37.12 0.20
0.00 10507.78
248.80 -43.56 -44.26 -63.51 341.78 266.58 39.12 0.10
0.00 10949.88
233.60 -46.06 -46.65 -66.97 344.16 269.45 40.21 0.00
0.00 11371.23
219.60 -48.36 -48.84 -67.41 346.74 271.47 37.90 0.00
0.00 11779.98
205.70 -50.46 -50.89 -72.71 349.93 271.06 31.47 0.00
0.00 12208.22
191.70 -52.56 -52.92 -73.19 353.68 263.71 24.83 0.00
0.00 12665.53
177.70 -55.36 -55.63 -73.70 356.84 255.19 24.32 0.00
0.00 13152.09
163.80 -58.36 -58.56 -74.24 360.21 257.60 28.05 0.00
0.00 13667.76
149.80 -61.36 -61.50 -74.84 364.36 265.91 32.71 0.00
0.00 14225.57
135.90 -63.76 -63.87 -75.48 370.40 273.16 31.70 0.00
0.00 14825.86
121.90 -65.06 -9999.00 -9999.00 -9999.00 272.70 24.69 0.00
0.00 15490.15
108.00 -65.46 -9999.00 -9999.00 -9999.00 275.44 20.49 0.00
0.00 16226.88
94.00 -64.16 -9999.00 -9999.00 -9999.00 291.80 10.47 0.00
0.00 17073.57
81.00 -61.46 -9999.00 -9999.00 -9999.00 229.90 4.82 0.00
0.00 17990.00
70.60 -58.96 -9999.00 -9999.00 -9999.00 206.57 2.18 0.00
0.00 18846.54
62.20 -58.86 -9999.00 -9999.00 -9999.00 180.00 6.02 0.00
0.00 19640.93
54.30 -58.06 -9999.00 -9999.00 -9999.00 339.44 4.97 0.00
0.00 20494.53
46.90 -57.16 -9999.00 -9999.00 -9999.00 30.47 11.50 0.00
0.00 21418.87
40.10 -55.66 -9999.00 -9999.00 -9999.00 62.14 15.38 0.00
0.00 22412.64
33.80 -54.06 -9999.00 -9999.00 -9999.00 80.22 17.15 0.00
0.00 23504.73
27.80 -51.36 -9999.00 -9999.00 -9999.00 82.71 16.84 0.00
0.00 24765.73
22.30 -47.26 -9999.00 -9999.00 -9999.00 65.05 21.64 0.00
0.00 26210.14
17.10 -42.26 -9999.00 -9999.00 -9999.00 72.62 29.91 0.00
0.00 27985.14
12.30 -40.36 -9999.00 -9999.00 -9999.00 77.16 31.47 0.00
0.00 30221.08

STID = KMDW STNM = 725340 TIME = 200809/0100 
SLAT = 41.78 SLON = -87.75 SELV = 183.0
STIM = 12

SHOW = -3.05 LIFT = -4.32 SWET = 246.12 KINX = 35.93
LCLP = 853.23 PWAT = 42.77 TOTL = 50.70 CAPE = 982.36
LCLT = 289.69 CINS = -58.28 EQLV = 238.58 LFCT = 708.34
BRCH = 48.62

PRES TMPC TMWC DWPC THTE DRCT SKNT OMEG
CFRL HGHT
994.90 29.54 22.19 18.99 345.18 180.00 6.80 0.00
0.00 192.87
991.90 29.34 22.07 18.90 345.14 182.08 10.68 0.00
0.00 219.85
986.40 28.84 21.84 18.78 345.03 183.37 13.23 0.00
0.00 269.45
977.00 28.04 21.48 18.59 344.96 185.06 15.40 0.00
0.00 354.69
963.10 26.94 20.97 18.32 344.99 188.60 16.90 0.00
0.00 481.85
945.20 25.44 20.27 17.95 344.92 192.80 17.52 -0.10
0.00 647.61
923.80 23.54 19.42 17.54 344.84 199.23 17.70 -0.10
0.00 848.78
900.50 21.54 18.49 17.06 344.82 207.73 17.11 -0.10
0.00 1071.72
875.20 19.34 17.34 16.36 344.38 214.06 16.65 0.00
0.00 1318.63
847.00 17.54 15.33 14.17 341.32 232.84 15.11 0.10
0.00 1600.33
815.80 14.84 13.38 12.54 339.37 243.43 14.34 0.20
31.00 1920.44
781.80 15.14 9.93 6.33 333.29 250.10 11.99 0.10
0.00 2281.54
744.90 12.14 9.42 7.65 337.92 247.52 6.10 0.10
0.00 2689.45
705.00 9.24 6.32 4.14 335.16 236.31 2.10 0.00
0.00 3149.09
662.30 6.64 2.28 -1.86 331.09 315.00 0.54 0.10
0.00 3665.09
616.70 2.74 -1.30 -5.86 329.98 360.00 4.47 0.20
0.00 4246.85
568.60 -2.46 -6.26 -11.99 327.17 355.24 9.36 0.20
0.00 4897.78
522.10 -7.16 -10.93 -18.70 326.14 332.45 10.08 0.10
0.00 5568.82
480.20 -11.26 -15.38 -28.40 325.80 288.82 9.03 0.20
0.00 6215.62
442.80 -15.46 -19.33 -37.64 326.55 282.15 12.92 0.20
0.00 6832.43
409.00 -19.06 -22.24 -39.01 329.30 301.08 16.55 0.10
0.00 7427.30
378.50 -22.96 -25.21 -37.11 331.88 299.17 19.13 0.10
0.00 7999.41
350.90 -27.06 -29.07 -44.89 332.75 299.58 24.79 0.20
0.00 8549.46
326.10 -30.56 -32.07 -45.12 335.00 299.80 24.63 0.20
0.00 9073.76
303.80 -33.96 -35.31 -52.28 336.61 284.99 25.54 0.30
0.00 9573.28
283.70 -37.06 -38.24 -60.30 338.56 274.21 31.74 0.20
0.00 10049.45
265.60 -40.36 -41.26 -60.81 340.18 266.37 36.79 0.10
0.00 10501.87
248.80 -43.36 -44.08 -63.51 342.08 268.29 39.06 0.10
0.00 10944.26
233.60 -45.76 -46.37 -66.97 344.61 270.28 39.43 0.00
0.00 11366.07
219.60 -48.16 -48.65 -67.41 347.05 271.16 38.46 0.00
0.00 11775.27
205.70 -50.46 -50.86 -67.88 349.98 271.62 34.40 0.00
0.00 12203.71
191.70 -52.56 -52.92 -73.19 353.68 266.45 28.22 -0.10
0.00 12661.01
177.70 -55.36 -55.63 -73.70 356.84 258.77 25.95 -0.10
0.00 13147.57
163.80 -58.46 -58.66 -74.24 360.04 259.48 27.66 -0.10
0.00 13663.13
149.80 -61.46 -61.60 -74.84 364.19 266.19 32.13 0.00
0.00 14220.68
135.90 -64.06 -64.17 -75.48 369.87 274.52 34.50 0.10
0.00 14820.40
121.90 -64.96 -9999.00 -9999.00 -9999.00 277.77 25.87 0.10
0.00 15484.36
108.00 -64.96 -9999.00 -9999.00 -9999.00 274.26 18.32 0.10
0.00 16222.16
94.00 -63.96 -9999.00 -9999.00 -9999.00 276.20 8.99 0.00
0.00 17070.27
81.00 -61.26 -9999.00 -9999.00 -9999.00 232.77 6.10 0.00
0.00 17987.57
70.60 -59.46 -9999.00 -9999.00 -9999.00 281.31 0.99 0.00
0.00 18843.51
62.20 -59.46 -9999.00 -9999.00 -9999.00 234.46 1.67 0.00
0.00 19635.86
54.30 -57.76 -9999.00 -9999.00 -9999.00 352.03 9.81 0.00
0.00 20488.87
46.90 -56.56 -9999.00 -9999.00 -9999.00 32.74 12.94 0.00
0.00 21415.13
40.10 -55.56 -9999.00 -9999.00 -9999.00 72.84 13.83 0.00
0.00 22410.51
33.80 -54.26 -9999.00 -9999.00 -9999.00 73.84 13.95 0.00
0.00 23502.35
27.80 -51.46 -9999.00 -9999.00 -9999.00 66.55 17.58 0.00
0.00 24762.49
22.30 -47.36 -9999.00 -9999.00 -9999.00 61.56 26.52 0.00
0.00 26206.25
17.10 -43.16 -9999.00 -9999.00 -9999.00 75.96 30.44 0.00
0.00 27977.37
12.30 -40.36 -9999.00 -9999.00 -9999.00 81.59 27.87 0.00
0.00 30208.97

STID = KMDW STNM = 725340 TIME = 200809/0200 
SLAT = 41.78 SLON = -87.75 SELV = 183.0
STIM = 13

SHOW = -3.01 LIFT = -3.97 SWET = 243.44 KINX = 36.35
LCLP = 872.85 PWAT = 43.19 TOTL = 50.38 CAPE = 822.04
LCLT = 290.30 CINS = -84.92 EQLV = 244.39 LFCT = 696.26
BRCH = 31.79

PRES TMPC TMWC DWPC THTE DRCT SKNT OMEG
CFRL HGHT
995.20 28.24 21.98 19.25 344.29 170.84 6.10 0.00
0.00 191.94
992.20 28.04 21.83 19.11 344.11 172.28 11.56 0.00
0.00 218.79
986.70 27.74 21.63 18.95 344.13 173.66 14.06 0.00
0.00 268.19
977.20 27.14 21.26 18.65 344.01 177.61 18.67 0.00
0.00 354.03
963.30 26.24 20.69 18.19 343.79 181.64 20.40 0.00
0.00 480.82
945.40 24.94 20.08 17.88 344.11 189.55 19.89 0.00
0.00 646.20
924.00 23.34 19.48 17.72 345.05 202.48 18.30 0.00
0.00 847.11
900.70 21.44 18.72 17.46 345.73 214.05 17.35 0.10
0.00 1069.91
875.40 19.34 17.63 16.80 345.50 222.27 17.33 0.20
0.00 1316.78
847.10 17.34 15.42 14.41 341.63 235.74 16.22 0.20
0.00 1599.38
816.00 14.94 13.35 12.44 339.24 252.73 15.05 0.20
5.00 1918.36
782.00 14.84 9.86 6.41 333.03 252.82 11.19 0.10
0.00 2279.25
745.00 12.14 9.22 7.30 337.26 225.00 4.95 0.10
0.00 2687.95
705.10 9.04 6.45 4.54 335.54 183.18 3.50 0.00
0.00 3147.36
662.40 6.54 2.29 -1.73 331.11 172.87 1.57 0.10
0.00 3663.05
616.80 2.74 -1.48 -6.35 329.50 24.78 2.78 0.20
0.00 4244.59
568.70 -2.56 -6.18 -11.57 327.33 358.41 6.99 0.20
0.00 4895.29
522.20 -7.06 -10.90 -18.84 326.18 320.83 6.76 0.20
0.00 5566.22
480.30 -10.96 -15.35 -29.88 325.80 285.59 8.66 0.20
0.00 6213.36
442.80 -14.96 -18.73 -34.19 327.69 303.94 12.18 0.30
0.00 6832.71
409.10 -18.46 -21.32 -33.06 331.01 311.31 17.07 0.30
0.00 7427.09
378.50 -22.76 -24.94 -35.78 332.37 307.67 19.39 0.30
0.00 8001.97
351.00 -26.86 -28.68 -40.79 333.41 314.31 22.80 0.20
0.00 8550.43
326.20 -30.56 -32.09 -45.56 334.93 306.67 21.79 0.20
0.00 9074.80
303.80 -33.96 -35.38 -55.27 336.49 285.95 24.05 0.20
0.00 9576.47
283.70 -37.36 -38.48 -58.54 338.17 278.02 29.23 0.20
0.00 10052.35
265.60 -40.56 -41.44 -60.81 339.88 267.70 33.82 0.10
0.00 10504.29
248.80 -43.46 -44.17 -63.51 341.93 268.75 35.55 0.00
0.00 10946.39
233.60 -45.66 -46.28 -66.97 344.76 267.63 37.53 0.00
0.00 11368.20
219.60 -48.26 -48.75 -67.41 346.89 270.29 38.85 0.00
0.00 11777.39
205.70 -50.66 -51.05 -67.88 349.66 271.56 35.76 0.00
0.00 12205.54
191.70 -52.76 -53.11 -73.19 353.36 268.55 30.71 -0.10
0.00 12662.44
177.70 -55.16 -55.44 -73.70 357.17 264.45 28.11 -0.10
0.00 13149.00
163.80 -58.26 -58.46 -74.24 360.38 264.17 28.71 -0.10
0.00 13665.03
149.80 -61.36 -61.50 -74.84 364.36 267.24 32.28 0.00
0.00 14222.97
135.90 -64.06 -64.17 -75.48 369.87 274.40 35.45 0.00
0.00 14822.83
121.90 -64.56 -9999.00 -9999.00 -9999.00 282.12 26.83 0.00
0.00 15487.44
108.00 -64.06 -9999.00 -9999.00 -9999.00 275.00 15.60 0.00
0.00 16227.54
94.00 -63.76 -9999.00 -9999.00 -9999.00 268.78 9.13 0.00
0.00 17077.88
81.00 -61.96 -9999.00 -9999.00 -9999.00 240.26 9.40 0.00
0.00 17994.09
70.60 -60.86 -9999.00 -9999.00 -9999.00 248.75 3.75 0.00
0.00 18845.81
62.20 -60.56 -9999.00 -9999.00 -9999.00 264.81 2.14 0.00
0.00 19633.53
54.30 -58.76 -9999.00 -9999.00 -9999.00 8.39 11.99 0.00
0.00 20482.35
46.90 -56.76 -9999.00 -9999.00 -9999.00 41.74 16.92 0.00
0.00 21406.04
40.10 -55.56 -9999.00 -9999.00 -9999.00 69.29 17.04 0.00
0.00 22400.97
33.80 -53.76 -9999.00 -9999.00 -9999.00 69.02 15.19 0.00
0.00 23494.06
27.80 -50.56 -9999.00 -9999.00 -9999.00 65.80 18.96 0.00
0.00 24758.20
22.30 -46.76 -9999.00 -9999.00 -9999.00 74.39 27.43 0.00
0.00 26206.80
17.10 -43.86 -9999.00 -9999.00 -9999.00 77.91 27.82 0.00
0.00 27977.53
12.30 -40.76 -9999.00 -9999.00 -9999.00 72.87 27.04 0.00
0.00 30203.82

STID = KMDW STNM = 725340 TIME = 200809/0300 
SLAT = 41.78 SLON = -87.75 SELV = 183.0
STIM = 14

SHOW = -2.91 LIFT = -3.74 SWET = 240.02 KINX = 34.79
LCLP = 887.48 PWAT = 42.75 TOTL = 50.12 CAPE = 702.76
LCLT = 290.60 CINS = -144.37 EQLV = 250.61 LFCT = 635.50
BRCH = 21.67

PRES TMPC TMWC DWPC THTE DRCT SKNT OMEG
CFRL HGHT
995.40 27.14 21.69 19.29 343.06 172.09 7.05 0.00
0.00 192.79
992.40 27.04 21.54 19.10 342.87 173.83 14.45 0.00
0.00 219.55
987.00 26.74 21.34 18.94 342.87 174.69 16.78 0.00
0.00 267.87
977.50 26.44 20.98 18.52 342.80 178.52 22.53 0.00
0.00 353.45
963.60 25.84 20.48 18.04 342.88 181.85 24.11 0.10
0.00 479.95
945.70 24.74 20.11 18.02 344.19 191.50 22.40 0.10
0.00 645.11
924.30 23.24 19.68 18.07 345.82 204.54 19.64 0.20
0.00 845.88
900.90 21.44 18.96 17.83 346.71 215.54 18.38 0.20
0.00 1069.58
875.60 19.14 17.89 17.28 346.53 221.48 17.89 0.30
0.00 1316.37
847.30 17.44 15.48 14.45 341.82 232.00 15.77 0.30
0.00 1598.89
816.20 15.74 12.99 11.40 337.94 249.86 12.41 0.30
2.00 1918.22
782.10 15.14 10.02 6.50 333.52 235.01 7.11 0.30
0.00 2280.72
745.20 12.34 9.11 6.95 336.85 178.15 6.02 0.40
0.00 2688.57
705.30 9.44 6.08 3.51 334.38 180.00 5.63 0.40
0.00 3148.24
662.50 7.04 1.97 -3.09 330.17 184.40 2.53 0.40
0.00 3665.69
616.90 2.94 -1.73 -7.33 328.84 29.05 2.00 0.30
0.00 4247.74
568.90 -2.36 -6.20 -11.98 327.24 343.30 6.08 0.20
0.00 4897.32
522.30 -6.86 -10.80 -18.98 326.34 302.47 7.60 0.10
0.00 5569.99
480.40 -10.76 -15.08 -28.68 326.31 291.80 10.47 0.10
0.00 6217.50
442.90 -14.56 -17.89 -28.86 329.32 311.46 15.56 0.10
0.00 6837.51
409.10 -18.66 -21.21 -30.82 331.25 316.59 19.79 0.10
0.00 7433.90
378.50 -23.16 -24.96 -33.01 332.38 315.00 19.23 0.20
0.00 8008.15
351.00 -27.26 -28.90 -39.35 333.06 318.58 17.62 0.20
0.00 8555.75
326.20 -30.56 -32.24 -49.41 334.65 305.29 15.46 0.20
0.00 9079.70
303.80 -33.96 -35.33 -53.17 336.57 274.36 20.45 0.20
0.00 9581.36
283.70 -37.06 -38.26 -62.52 338.52 268.18 30.52 0.10
0.00 10057.53
265.60 -40.46 -41.35 -60.81 340.03 265.03 35.88 0.00
0.00 10509.86
248.80 -43.36 -44.08 -63.51 342.08 269.70 37.10 -0.10
0.00 10952.15
233.60 -45.96 -46.56 -66.97 344.31 271.13 39.43 -0.10
0.00 11373.77
219.60 -48.66 -49.13 -67.41 346.28 274.91 38.60 0.00
0.00 11782.33
205.70 -50.96 -51.34 -67.88 349.19 275.99 35.35 0.00
0.00 12209.82
191.70 -52.76 -53.11 -73.19 353.36 270.68 32.63 0.00
0.00 12666.40
177.70 -55.16 -55.44 -73.70 357.17 266.82 31.51 -0.10
0.00 13152.96
163.80 -58.16 -58.37 -74.24 360.55 265.38 31.37 -0.10
0.00 13669.11
149.80 -61.46 -61.60 -74.84 364.19 264.25 31.04 0.00
0.00 14227.06
135.90 -64.56 -64.66 -75.48 368.98 270.34 32.83 0.00
0.00 14826.06
121.90 -64.56 -9999.00 -9999.00 -9999.00 280.72 26.09 0.00
0.00 15489.87
108.00 -63.36 -9999.00 -9999.00 -9999.00 266.86 14.20 0.00
0.00 16231.21
94.00 -63.76 -9999.00 -9999.00 -9999.00 264.09 11.32 0.00
0.00 17082.97
81.00 -62.56 -9999.00 -9999.00 -9999.00 252.76 11.79 0.00
0.00 17997.88
70.60 -61.76 -9999.00 -9999.00 -9999.00 275.53 6.04 0.00
0.00 18846.58
62.20 -60.96 -9999.00 -9999.00 -9999.00 324.16 4.31 0.00
0.00 19631.89
54.30 -58.96 -9999.00 -9999.00 -9999.00 21.48 12.74 0.00
0.00 20479.52
46.90 -56.26 -9999.00 -9999.00 -9999.00 53.78 17.09 0.00
0.00 21403.86
40.10 -54.76 -9999.00 -9999.00 -9999.00 76.64 15.97 0.00
0.00 22401.76
33.80 -52.86 -9999.00 -9999.00 -9999.00 78.41 15.46 0.00
0.00 23499.11
27.80 -50.16 -9999.00 -9999.00 -9999.00 65.98 19.56 0.00
0.00 24766.96
22.30 -46.26 -9999.00 -9999.00 -9999.00 75.04 26.34 0.00
0.00 26218.47
17.10 -43.26 -9999.00 -9999.00 -9999.00 77.61 26.24 0.00
0.00 27993.47
12.30 -40.86 -9999.00 -9999.00 -9999.00 69.20 26.81 0.00
0.00 30222.18

STID = KMDW STNM = 725340 TIME = 200809/0400 
SLAT = 41.78 SLON = -87.75 SELV = 183.0
STIM = 15

SHOW = -2.84 LIFT = -4.08 SWET = 234.15 KINX = 32.91
LCLP = 898.45 PWAT = 42.82 TOTL = 50.14 CAPE = 762.32
LCLT = 290.82 CINS = -175.53 EQLV = 247.03 LFCT = 629.10
BRCH = 21.61

PRES TMPC TMWC DWPC THTE DRCT SKNT OMEG
CFRL HGHT
995.70 26.34 21.48 19.32 342.14 175.24 7.01 0.00
0.00 192.76
992.70 26.34 21.35 19.13 342.07 176.91 14.39 0.00
0.00 219.44
987.20 26.04 21.16 18.97 342.09 178.03 16.92 0.00
0.00 268.54
977.80 25.74 20.85 18.65 342.26 181.91 23.33 0.00
0.00 353.00
963.80 25.54 20.62 18.41 343.46 184.76 25.74 0.00
0.00 480.19
945.90 24.54 20.44 18.62 345.53 195.57 24.59 0.00
0.00 645.21
924.50 23.04 19.98 18.63 347.09 205.88 21.81 0.00
0.00 845.86
901.20 21.24 19.15 18.20 347.45 212.07 19.02 0.10
0.00 1068.46
875.80 18.94 18.03 17.58 347.08 215.54 16.71 0.10
3.00 1316.02
847.50 17.44 15.35 14.25 341.31 228.22 12.24 0.10
2.00 1598.39
816.40 16.44 12.56 10.24 336.41 238.78 7.50 0.20
0.00 1917.94
782.30 15.54 10.08 6.32 333.67 188.88 6.29 0.20
0.00 2280.94
745.40 12.54 8.74 6.12 335.62 176.35 9.15 0.20
0.00 2689.05
705.50 9.94 5.65 2.21 333.05 191.31 6.93 0.20
0.00 3149.00
662.70 7.44 1.72 -4.23 329.44 189.46 2.37 0.20
0.00 3666.97
617.10 3.14 -1.83 -7.95 328.51 10.30 2.18 0.20
0.00 4249.37
569.00 -2.16 -6.07 -11.93 327.50 333.43 7.81 0.20
0.00 4900.58
522.40 -6.86 -10.45 -17.43 327.08 311.91 10.18 0.10
0.00 5573.42
480.50 -10.96 -14.36 -22.88 327.83 306.35 12.78 0.10
0.00 6220.71
443.00 -15.36 -17.24 -21.99 330.65 325.53 15.79 0.20
0.00 6839.62
409.20 -19.16 -20.94 -26.67 331.77 323.71 15.42 0.20
0.00 7434.55
378.50 -22.96 -24.88 -33.69 332.50 318.81 14.45 0.20
0.00 8010.32
351.00 -26.66 -28.62 -42.46 333.49 305.54 13.36 0.10
0.00 8558.78
326.20 -30.16 -31.93 -50.10 335.16 277.94 16.86 -0.10
0.00 9083.77
303.80 -34.06 -35.46 -55.27 336.35 272.33 23.91 -0.20
0.00 9585.75
283.70 -37.86 -38.93 -58.54 337.46 268.13 29.74 -0.10
0.00 10061.02
265.60 -41.16 -41.99 -60.81 339.01 267.32 33.26 -0.10
0.00 10511.90
248.80 -43.46 -44.17 -63.51 341.93 269.71 38.07 0.00
0.00 10953.42
233.60 -46.36 -46.93 -66.97 343.70 274.16 40.11 0.00
0.00 11374.59
219.60 -48.96 -49.41 -67.41 345.81 275.95 37.49 0.00
0.00 11782.51
205.70 -51.36 -51.72 -67.88 348.56 276.04 33.22 0.00
0.00 12209.33
191.70 -53.16 -53.49 -73.19 352.72 271.80 30.91 0.00
0.00 12665.09
177.70 -55.06 -55.34 -73.70 357.33 264.71 31.60 0.00
0.00 13151.31
163.80 -57.66 -57.88 -74.24 361.39 258.36 32.73 0.00
0.00 13668.18
149.80 -61.26 -61.41 -74.84 364.54 256.82 31.53 0.00
0.00 14227.04
135.90 -64.36 -64.46 -75.48 369.34 268.19 30.71 0.00
0.00 14826.62
121.90 -64.46 -9999.00 -9999.00 -9999.00 282.06 26.03 0.00
0.00 15490.90
108.00 -63.46 -9999.00 -9999.00 -9999.00 268.45 14.37 0.00
0.00 16232.24
94.00 -64.36 -9999.00 -9999.00 -9999.00 272.05 10.88 0.00
0.00 17082.58
81.00 -63.06 -9999.00 -9999.00 -9999.00 258.93 9.11 0.00
0.00 17995.09
70.60 -61.26 -9999.00 -9999.00 -9999.00 292.38 3.57 0.00
0.00 18843.79
62.20 -59.66 -9999.00 -9999.00 -9999.00 13.39 4.20 0.00
0.00 19632.44
54.30 -57.96 -9999.00 -9999.00 -9999.00 42.93 11.40 0.00
0.00 20484.64
46.90 -56.26 -9999.00 -9999.00 -9999.00 66.70 13.75 0.00
0.00 21411.12
40.10 -55.36 -9999.00 -9999.00 -9999.00 69.10 11.44 0.00
0.00 22407.65
33.80 -53.56 -9999.00 -9999.00 -9999.00 63.79 14.06 0.00
0.00 23501.74
27.80 -51.06 -9999.00 -9999.00 -9999.00 66.73 19.66 0.00
0.00 24765.02
22.30 -46.86 -9999.00 -9999.00 -9999.00 78.18 25.60 0.00
0.00 26211.69
17.10 -42.96 -9999.00 -9999.00 -9999.00 81.16 26.53 0.00
0.00 27985.52
12.30 -41.36 -9999.00 -9999.00 -9999.00 68.66 31.49 0.00
0.00 30213.26

STID = KMDW STNM = 725340 TIME = 200809/0500 
SLAT = 41.78 SLON = -87.75 SELV = 183.0
STIM = 16

SHOW = -2.48 LIFT = -4.82 SWET = 218.44 KINX = 32.16
LCLP = 913.56 PWAT = 42.70 TOTL = 50.18 CAPE = 1016.37
LCLT = 291.45 CINS = -147.31 EQLV = 226.05 LFCT = 646.74
BRCH = 31.51

PRES TMPC TMWC DWPC THTE DRCT SKNT OMEG
CFRL HGHT
995.50 25.54 21.48 19.68 342.19 184.90 6.82 0.00
0.00 192.74
992.60 25.54 21.38 19.53 342.21 186.43 13.87 0.00
0.00 218.47
987.10 25.24 21.20 19.41 342.33 187.55 16.26 0.00
0.00 267.45
977.60 25.04 21.08 19.32 343.25 192.26 22.86 0.00
0.00 352.63
963.70 24.94 21.21 19.60 346.00 198.71 25.43 0.10
0.00 478.72
945.70 23.94 21.02 19.77 348.09 207.97 24.84 0.20
0.00 644.47
924.30 22.44 20.15 19.14 347.84 208.96 22.86 0.20
0.00 844.85
900.90 20.74 19.08 18.31 347.19 206.82 19.37 0.20
0.00 1068.09
875.60 18.94 17.51 16.80 344.98 210.10 15.50 0.20
0.00 1314.49
847.40 17.74 14.92 13.40 339.72 218.83 10.22 0.10
2.00 1595.95
816.20 16.94 12.20 9.26 335.18 205.71 5.83 0.10
0.00 1916.90
782.20 15.64 9.62 5.29 332.19 177.51 8.94 0.10
0.00 2279.15
745.30 12.74 7.99 4.49 333.27 189.29 10.82 0.10
0.00 2687.35
705.40 9.94 5.41 1.69 332.35 204.30 6.60 0.00
0.00 3147.38
662.70 7.44 1.58 -4.62 329.05 209.74 1.57 0.00
0.00 3664.13
617.10 3.04 -1.90 -7.99 328.36 340.56 3.50 -0.10
0.00 4246.40
569.00 -2.46 -5.88 -10.78 327.97 343.74 9.71 -0.10
0.00 4897.18
522.40 -7.26 -10.12 -15.22 327.83 337.96 8.80 0.10
0.00 5569.28
480.50 -11.16 -13.57 -18.61 329.49 336.80 8.88 0.30
0.00 6216.01
442.90 -14.76 -16.53 -20.68 332.05 328.11 10.30 0.30
0.00 6837.26
409.10 -18.36 -20.71 -28.81 332.18 308.25 12.86 0.20
0.00 7433.96
378.50 -22.66 -24.90 -36.20 332.43 303.91 14.28 0.00
0.00 8009.12
351.00 -26.86 -28.72 -41.43 333.34 297.30 13.56 -0.20
0.00 8557.67
326.20 -30.86 -32.38 -46.51 334.44 275.13 15.21 -0.20
0.00 9081.72
303.80 -34.66 -35.96 -54.16 335.55 267.32 20.80 -0.10
0.00 9582.35
283.70 -38.46 -39.46 -58.54 336.60 264.29 29.27 0.00
0.00 10056.42
265.60 -41.06 -41.90 -60.81 339.15 266.75 34.25 0.00
0.00 10506.81
248.80 -43.66 -44.36 -63.51 341.63 275.80 38.46 0.00
0.00 10948.25
233.60 -46.76 -47.26 -61.80 343.18 279.61 37.24 0.00
0.00 11368.86
219.60 -49.46 -49.86 -64.44 345.09 278.22 33.95 0.00
0.00 11775.98
205.70 -51.76 -52.10 -67.88 347.93 274.67 30.98 0.10
0.00 12201.93
191.70 -53.46 -53.78 -73.19 352.24 268.85 28.94 0.10
0.00 12656.96
177.70 -55.06 -55.34 -73.70 357.33 261.01 31.08 0.00
0.00 13142.86
163.80 -57.76 -57.98 -74.24 361.22 255.39 33.12 0.00
0.00 13659.61
149.80 -61.36 -61.50 -74.84 364.36 254.30 30.87 0.00
0.00 14218.20
135.90 -64.56 -64.66 -75.48 368.98 265.69 28.44 0.00
0.00 14817.35
121.90 -64.96 -9999.00 -9999.00 -9999.00 280.09 23.29 0.00
0.00 15480.52
108.00 -63.86 -9999.00 -9999.00 -9999.00 270.00 12.43 0.00
0.00 16220.27
94.00 -64.76 -9999.00 -9999.00 -9999.00 277.97 9.81 0.00
0.00 17068.98
81.00 -63.26 -9999.00 -9999.00 -9999.00 270.00 9.32 0.00
0.00 17980.19
70.60 -61.36 -9999.00 -9999.00 -9999.00 306.87 4.86 0.00
0.00 18828.28
62.20 -59.56 -9999.00 -9999.00 -9999.00 31.33 5.23 0.00
0.00 19616.93
54.30 -57.86 -9999.00 -9999.00 -9999.00 65.48 12.16 0.00
0.00 20469.53
46.90 -56.96 -9999.00 -9999.00 -9999.00 81.57 15.91 0.00
0.00 21394.73
40.10 -55.96 -9999.00 -9999.00 -9999.00 75.56 13.25 0.00
0.00 22388.27
33.80 -53.16 -9999.00 -9999.00 -9999.00 59.04 14.72 0.00
0.00 23481.87
27.80 -50.26 -9999.00 -9999.00 -9999.00 67.87 19.08 0.00
0.00 24748.58
22.30 -47.36 -9999.00 -9999.00 -9999.00 80.70 22.82 0.00
0.00 26196.21
17.10 -43.16 -9999.00 -9999.00 -9999.00 85.66 28.24 0.00
0.00 27967.33
12.30 -41.66 -9999.00 -9999.00 -9999.00 73.57 35.04 0.00
0.00 30192.66

STID = KMDW STNM = 725340 TIME = 200809/0600 
SLAT = 41.78 SLON = -87.75 SELV = 183.0
STIM = 17

SHOW = -2.07 LIFT = -4.47 SWET = 204.26 KINX = 31.05
LCLP = 933.68 PWAT = 41.71 TOTL = 49.70 CAPE = 1226.24
LCLT = 292.46 CINS = -110.48 EQLV = 219.18 LFCT = 655.05
BRCH = 53.49

PRES TMPC TMWC DWPC THTE DRCT SKNT OMEG
CFRL HGHT
995.80 24.74 21.69 20.35 343.04 197.74 5.09 0.00
0.00 191.83
992.80 24.84 21.61 20.20 343.18 199.33 11.73 0.00
0.00 218.39
987.30 24.54 21.45 20.09 343.33 200.19 14.06 0.00
0.00 267.26
977.80 24.74 21.55 20.17 345.23 205.11 20.59 0.00
0.00 352.32
963.90 24.54 21.67 20.46 347.98 211.95 23.12 0.10
0.00 478.29
945.90 23.44 20.91 19.81 347.56 214.99 23.72 0.10
0.00 643.80
924.50 22.14 19.43 18.19 344.78 214.09 23.21 0.10
0.00 843.82
901.10 20.64 18.18 17.00 343.47 213.69 21.02 0.10
0.00 1066.71
875.80 19.04 16.89 15.82 342.53 211.30 16.82 0.00
0.00 1312.91
847.60 17.74 14.74 13.11 339.04 208.30 11.48 -0.10
0.00 1594.26
816.40 16.44 12.20 9.59 335.17 185.57 8.00 -0.20
0.00 1914.86
782.40 15.04 9.11 4.70 330.58 175.68 10.33 -0.20
0.00 2276.32
745.50 12.74 6.92 2.16 329.95 192.65 9.75 -0.10
0.00 2683.82
705.60 10.04 5.18 1.09 331.64 206.57 5.21 0.00
0.00 3143.62
662.90 7.54 1.53 -4.91 328.86 195.95 1.42 0.00
0.00 3660.34
617.20 2.94 -1.90 -7.84 328.35 338.20 3.15 0.00
0.00 4243.74
569.10 -2.76 -5.92 -10.40 327.88 356.10 8.57 0.00
0.00 4893.96
522.50 -7.36 -10.15 -15.11 327.75 346.87 5.98 0.00
0.00 5565.46
480.50 -10.96 -13.25 -17.86 330.14 326.77 6.74 0.10
0.00 6213.83
443.00 -14.46 -16.39 -20.89 332.32 315.00 9.89 0.00
0.00 6833.97
409.20 -18.46 -20.88 -29.44 331.85 313.75 12.65 0.10
0.00 7430.74
378.50 -22.96 -25.10 -35.78 332.10 309.09 12.00 0.20
0.00 8007.24
351.00 -26.96 -28.78 -41.10 333.24 286.97 11.99 0.20
0.00 8555.36
326.20 -30.76 -32.36 -48.14 334.45 266.99 18.47 0.10
0.00 9079.41
303.80 -34.76 -36.09 -56.53 335.32 265.76 26.30 0.00
0.00 9580.03
283.70 -38.76 -39.69 -55.83 336.25 268.16 30.32 0.00
0.00 10053.70
265.60 -41.56 -42.35 -60.81 338.42 277.00 33.47 0.00
0.00 10503.32
248.80 -44.56 -45.16 -61.32 340.33 283.07 33.51 0.10
0.00 10943.42
233.60 -47.26 -47.73 -61.80 342.43 281.38 31.51 0.10
0.00 11362.74
219.60 -49.36 -49.79 -67.41 345.20 276.01 29.68 0.10
0.00 11769.50
205.70 -51.26 -51.62 -67.88 348.72 273.46 29.00 0.10
0.00 12196.02
191.70 -53.36 -53.68 -73.19 352.40 268.04 28.38 0.10
0.00 12651.68
177.70 -55.36 -55.63 -73.70 356.84 258.98 30.48 0.00
0.00 13137.35
163.80 -58.06 -58.27 -74.24 360.72 255.13 32.56 0.00
0.00 13653.38
149.80 -61.46 -61.60 -74.84 364.19 252.03 30.23 0.00
0.00 14211.45
135.90 -63.96 -64.07 -75.48 370.05 261.16 26.53 0.00
0.00 14811.32
121.90 -64.16 -9999.00 -9999.00 -9999.00 279.21 21.83 0.00
0.00 15476.71
108.00 -64.36 -9999.00 -9999.00 -9999.00 275.88 13.29 0.00
0.00 16217.00
94.00 -65.76 -9999.00 -9999.00 -9999.00 270.00 10.49 0.00
0.00 17062.66
81.00 -63.86 -9999.00 -9999.00 -9999.00 259.16 9.30 0.00
0.00 17970.38
70.60 -61.06 -9999.00 -9999.00 -9999.00 323.97 2.64 0.00
0.00 18817.87
62.20 -59.06 -9999.00 -9999.00 -9999.00 61.93 6.60 0.00
0.00 19608.00
54.30 -57.36 -9999.00 -9999.00 -9999.00 88.32 13.21 0.00
0.00 20462.59
46.90 -56.36 -9999.00 -9999.00 -9999.00 92.86 15.56 0.00
0.00 21390.14
40.10 -55.06 -9999.00 -9999.00 -9999.00 73.22 12.78 0.00
0.00 22387.13
33.80 -52.36 -9999.00 -9999.00 -9999.00 44.48 15.25 0.00
0.00 23484.97
27.80 -50.36 -9999.00 -9999.00 -9999.00 64.59 17.21 0.00
0.00 24753.69
22.30 -48.96 -9999.00 -9999.00 -9999.00 85.24 18.71 0.00
0.00 26195.84
17.10 -45.16 -9999.00 -9999.00 -9999.00 87.05 26.46 0.00
0.00 27952.96
12.30 -42.16 -9999.00 -9999.00 -9999.00 80.08 36.09 0.00
0.00 30166.24

STID = KMDW STNM = 725340 TIME = 200809/0700 
SLAT = 41.78 SLON = -87.75 SELV = 183.0
STIM = 18

SHOW = -2.07 LIFT = -4.79 SWET = 202.70 KINX = 30.49
LCLP = 953.23 PWAT = 41.90 TOTL = 49.50 CAPE = 1322.69
LCLT = 293.20 CINS = -62.26 EQLV = 218.54 LFCT = 684.92
BRCH = 76.88

PRES TMPC TMWC DWPC THTE DRCT SKNT OMEG
CFRL HGHT
995.90 23.74 21.68 20.76 342.99 196.39 3.44 0.00
0.00 191.80
992.80 24.04 21.60 20.53 343.16 202.54 11.15 0.00
0.00 219.16
987.40 23.94 21.49 20.41 343.50 203.72 14.01 0.00
0.00 267.04
977.90 24.44 21.77 20.62 346.16 211.35 19.79 0.00
0.00 351.98
963.90 24.14 21.83 20.85 348.66 220.94 21.35 0.00
0.00 478.74
946.00 22.94 21.07 20.25 348.23 222.51 22.14 0.00
0.00 643.11
924.60 21.44 19.86 19.13 346.54 220.12 22.61 0.00
0.00 842.78
901.20 20.04 18.31 17.48 344.00 220.49 20.94 0.00
0.00 1065.24
875.80 18.64 16.65 15.64 341.60 217.41 16.63 0.00
0.00 1312.00
847.60 17.34 14.75 13.35 339.09 201.10 11.87 -0.10
0.00 1592.97
816.40 15.84 12.26 10.08 335.38 178.85 9.71 -0.20
0.00 1913.06
782.40 14.54 8.85 4.57 329.81 181.06 10.49 -0.20
0.00 2273.87
745.50 12.64 5.96 -0.03 327.16 197.42 10.39 -0.20
0.00 2680.82
705.70 9.94 4.89 0.52 330.78 203.20 5.92 -0.30
0.00 3139.11
662.90 7.34 1.50 -4.71 328.81 175.60 2.53 -0.30
0.00 3656.71
617.30 2.84 -1.88 -7.65 328.37 336.80 1.48 -0.30
0.00 4238.49
569.10 -2.96 -6.02 -10.36 327.66 3.81 5.85 -0.20
0.00 4889.67
522.50 -7.36 -10.20 -15.27 327.65 342.35 4.49 -0.10
0.00 5560.91
480.50 -10.96 -13.07 -17.22 330.50 311.63 7.01 0.10
0.00 6209.29
443.00 -14.46 -16.60 -21.84 331.87 305.84 8.62 0.20
0.00 6829.43
409.20 -18.26 -20.99 -31.41 331.61 314.12 8.94 0.30
0.00 7426.38
378.50 -22.66 -24.85 -35.57 332.54 296.08 10.16 0.20
0.00 8003.44
351.00 -26.66 -28.64 -42.82 333.45 270.67 16.51 0.00
0.00 8552.21
326.20 -30.86 -32.58 -52.57 334.08 274.18 23.95 -0.10
0.00 9076.45
303.80 -35.46 -36.68 -55.27 334.38 276.81 26.22 -0.10
0.00 9576.23
283.70 -39.06 -39.96 -55.83 335.82 277.43 27.04 0.00
0.00 10048.90
265.60 -41.86 -42.60 -59.06 338.03 282.45 28.85 0.10
0.00 10497.95
248.80 -44.56 -45.16 -61.32 340.33 280.38 28.05 0.10
0.00 10937.76
233.60 -46.66 -47.19 -63.98 343.29 273.41 29.39 0.10
0.00 11357.63
219.60 -49.06 -49.50 -67.41 345.66 271.52 29.35 0.10
0.00 11765.20
205.70 -51.26 -51.62 -67.88 348.72 269.21 28.17 0.00
0.00 12192.01
191.70 -53.36 -53.68 -73.19 352.40 264.45 28.11 0.00
0.00 12647.67
177.70 -55.46 -55.73 -73.70 356.68 257.28 30.87 0.00
0.00 13133.23
163.80 -58.06 -58.27 -74.24 360.72 257.13 32.28 0.00
0.00 13649.14
149.80 -61.06 -61.21 -74.84 364.88 255.69 29.88 0.00
0.00 14207.74
135.90 -63.46 -63.58 -75.48 370.93 261.63 26.71 0.00
0.00 14808.88
121.90 -64.16 -9999.00 -9999.00 -9999.00 272.16 20.61 0.00
0.00 15475.07
108.00 -64.66 -9999.00 -9999.00 -9999.00 254.74 13.29 0.00
0.00 16214.82
94.00 -65.46 -9999.00 -9999.00 -9999.00 242.24 12.51 0.00
0.00 17060.49
81.00 -62.96 -9999.00 -9999.00 -9999.00 251.20 9.63 0.00
0.00 17970.82
70.60 -60.36 -9999.00 -9999.00 -9999.00 330.95 2.00 0.00
0.00 18821.53
62.20 -58.66 -9999.00 -9999.00 -9999.00 90.00 4.66 0.00
0.00 19613.70
54.30 -56.96 -9999.00 -9999.00 -9999.00 98.91 10.02 0.00
0.00 20469.88
46.90 -55.66 -9999.00 -9999.00 -9999.00 88.03 11.27 0.00
0.00 21399.79
40.10 -54.56 -9999.00 -9999.00 -9999.00 69.44 11.62 0.00
0.00 22399.53
33.80 -52.76 -9999.00 -9999.00 -9999.00 55.68 14.82 0.00
0.00 23497.62
27.80 -50.56 -9999.00 -9999.00 -9999.00 74.62 16.12 0.00
0.00 24764.62
22.30 -49.26 -9999.00 -9999.00 -9999.00 82.96 15.85 0.00
0.00 26205.16
17.10 -45.96 -9999.00 -9999.00 -9999.00 76.45 22.38 0.00
0.00 27958.01
12.30 -42.66 -9999.00 -9999.00 -9999.00 76.12 34.81 0.00
0.00 30165.02

STID = KMDW STNM = 725340 TIME = 200809/0800 
SLAT = 41.78 SLON = -87.75 SELV = 183.0
STIM = 19

SHOW = -2.04 LIFT = -4.76 SWET = 203.14 KINX = 29.67
LCLP = 965.59 PWAT = 42.10 TOTL = 49.21 CAPE = 1407.76
LCLT = 293.61 CINS = -26.61 EQLV = 214.47 LFCT = 833.26
BRCH = 123.19

PRES TMPC TMWC DWPC THTE DRCT SKNT OMEG
CFRL HGHT
995.60 23.04 21.61 20.96 342.77 191.31 2.97 0.00
0.00 192.66
992.60 23.54 21.56 20.68 343.01 203.20 11.83 0.00
0.00 219.10
987.10 23.54 21.48 20.56 343.49 204.51 14.51 0.00
0.00 267.81
977.70 24.34 22.02 21.03 347.29 216.62 17.91 0.00
0.00 351.81
963.70 23.84 21.92 21.10 349.09 227.09 18.82 0.00
0.00 478.54
945.70 22.74 21.10 20.38 348.43 224.22 20.05 0.00
0.00 643.75
924.30 21.34 19.91 19.25 346.81 220.89 21.08 0.00
0.00 843.40
900.90 20.04 18.20 17.31 343.59 222.61 19.79 0.00
1.00 1065.89
875.60 18.54 16.47 15.41 340.94 219.19 16.30 -0.10
0.00 1311.68
847.40 16.94 14.82 13.67 339.37 202.25 13.85 -0.10
0.00 1592.47
816.20 15.24 12.52 10.90 336.31 188.00 12.55 -0.20
0.00 1912.17
782.20 13.94 9.32 6.03 331.33 191.31 11.89 -0.10
0.00 2272.45
745.30 12.44 5.38 -1.32 325.54 199.38 11.11 0.00
0.00 2678.98
705.50 9.54 4.18 -0.74 328.81 197.93 6.93 0.10
0.00 3136.78
662.80 6.94 1.47 -4.29 328.77 163.30 4.06 0.10
0.00 3652.49
617.10 2.64 -1.95 -7.54 328.26 90.00 0.78 0.10
0.00 4235.08
569.10 -3.06 -6.06 -10.32 327.57 19.44 3.50 0.10
0.00 4883.32
522.40 -7.36 -10.23 -15.38 327.61 331.70 2.87 0.10
0.00 5555.93
480.50 -10.76 -12.99 -17.39 330.66 297.26 7.21 0.10
0.00 6203.07
442.90 -14.06 -16.71 -23.62 331.66 298.39 8.18 0.00
0.00 6825.60
409.10 -18.06 -20.92 -32.05 331.75 301.43 8.20 0.00
0.00 7423.35
378.50 -22.56 -24.69 -34.78 332.82 281.66 12.49 -0.10
0.00 7998.93
351.00 -27.06 -28.91 -41.76 333.03 275.65 19.72 -0.10
0.00 8547.39
326.20 -31.36 -32.89 -48.75 333.59 279.73 20.69 -0.10
0.00 9070.68
303.80 -35.86 -36.99 -53.17 333.90 280.49 21.33 0.00
0.00 9569.53
283.70 -39.06 -39.96 -55.83 335.82 279.62 23.25 0.00
0.00 10041.80
265.60 -41.76 -42.54 -60.81 338.13 279.16 24.40 0.00
0.00 10490.95
248.80 -44.16 -44.82 -63.51 340.89 273.63 27.64 0.00
0.00 10931.23
233.60 -46.76 -47.28 -63.98 343.14 271.11 30.11 0.00
0.00 11351.38
219.60 -49.36 -49.76 -64.44 345.24 266.57 29.20 0.00
0.00 11758.59
205.70 -51.46 -51.81 -67.88 348.41 265.75 28.83 0.00
0.00 12184.92
191.70 -53.56 -53.88 -73.19 352.08 264.05 28.13 0.00
0.00 12640.16
177.70 -55.96 -56.21 -73.70 355.86 259.43 29.64 0.00
0.00 13124.95
163.80 -58.46 -58.66 -74.24 360.04 260.18 30.75 0.00
0.00 13639.79
149.80 -60.86 -61.02 -74.84 365.22 258.77 28.92 0.00
0.00 14198.12
135.90 -63.06 -63.18 -75.48 371.64 260.61 26.18 0.00
0.00 14800.12
121.90 -63.96 -9999.00 -9999.00 -9999.00 266.11 20.05 0.00
0.00 15467.27
108.00 -64.76 -9999.00 -9999.00 -9999.00 242.14 15.38 0.00
0.00 16207.20
94.00 -65.46 -9999.00 -9999.00 -9999.00 238.78 15.00 0.00
0.00 17052.66
81.00 -62.56 -9999.00 -9999.00 -9999.00 263.54 10.35 0.00
0.00 17963.87
70.60 -60.06 -9999.00 -9999.00 -9999.00 342.90 2.64 0.00
0.00 18815.98
62.20 -58.56 -9999.00 -9999.00 -9999.00 90.00 3.69 0.00
0.00 19608.89
54.30 -57.36 -9999.00 -9999.00 -9999.00 86.10 8.57 0.00
0.00 20464.48
46.90 -56.06 -9999.00 -9999.00 -9999.00 80.91 9.83 0.00
0.00 21392.67
40.10 -54.46 -9999.00 -9999.00 -9999.00 76.93 11.17 0.00
0.00 22391.72
33.80 -52.66 -9999.00 -9999.00 -9999.00 67.38 15.15 0.00
0.00 23490.31
27.80 -50.56 -9999.00 -9999.00 -9999.00 69.52 17.21 0.00
0.00 24757.60
22.30 -49.66 -9999.00 -9999.00 -9999.00 69.59 17.83 0.00
0.00 26196.85
17.10 -45.86 -9999.00 -9999.00 -9999.00 69.56 22.80 0.00
0.00 27948.53
12.30 -42.26 -9999.00 -9999.00 -9999.00 72.76 35.39 0.00
0.00 30157.95

STID = KMDW STNM = 725340 TIME = 200809/0900 
SLAT = 41.78 SLON = -87.75 SELV = 183.0
STIM = 20

SHOW = -1.94 LIFT = -4.77 SWET = 199.32 KINX = 27.88
LCLP = 972.42 PWAT = 41.94 TOTL = 49.07 CAPE = 1503.19
LCLT = 293.81 CINS = -19.87 EQLV = 210.24 LFCT = 852.94
BRCH = 186.61

PRES TMPC TMWC DWPC THTE DRCT SKNT OMEG
CFRL HGHT
995.60 22.64 21.55 21.04 342.52 187.13 3.13 0.00
0.00 191.78
992.60 23.14 21.54 20.81 342.90 200.45 12.24 0.00
0.00 218.18
987.10 23.34 21.56 20.77 343.86 203.20 14.80 0.10
0.00 266.84
977.60 24.04 22.21 21.43 348.15 218.45 16.86 0.10
0.00 351.69
963.70 23.54 21.97 21.29 349.31 226.76 17.87 0.20
0.00 477.41
945.70 22.44 21.11 20.51 348.45 223.29 18.41 0.30
0.00 642.47
924.20 21.04 19.81 19.23 346.40 216.63 18.88 0.40
4.00 842.87
900.90 19.84 17.96 17.05 342.66 218.37 17.83 0.50
0.00 1064.22
875.60 18.54 16.31 15.16 340.34 217.48 14.69 0.50
0.00 1309.89
847.40 16.74 14.72 13.62 339.01 206.93 13.73 0.40
0.00 1590.57
816.20 15.24 12.59 11.02 336.55 201.50 13.77 0.40
0.00 1910.15
782.10 14.14 9.62 6.48 332.30 202.68 14.10 0.30
0.00 2271.68
745.20 12.54 5.46 -1.24 325.76 198.43 12.28 0.30
0.00 2678.51
705.50 9.84 3.78 -2.10 327.66 185.57 8.00 0.30
0.00 3135.45
662.80 7.14 1.23 -5.21 328.12 165.47 5.42 0.20
0.00 3651.49
617.10 2.64 -2.04 -7.80 328.04 159.44 1.65 0.10
0.00 4234.24
569.10 -3.16 -6.17 -10.49 327.32 33.69 1.40 0.00
0.00 4882.33
522.50 -7.36 -10.25 -15.48 327.53 288.43 2.45 -0.10
0.00 5553.31
480.50 -10.86 -13.09 -17.51 330.46 289.36 7.61 0.00
0.00 6201.79
442.90 -14.36 -16.66 -22.38 331.79 299.90 8.95 0.00
0.00 6823.87
409.20 -18.36 -20.93 -30.38 331.73 295.20 7.30 -0.10
0.00 7419.13
378.50 -22.86 -24.84 -34.04 332.56 278.67 11.60 -0.10
0.00 7995.86
351.00 -27.36 -29.09 -40.79 332.74 280.49 16.01 0.00
0.00 8543.67
326.20 -31.56 -33.00 -47.03 333.43 280.01 16.76 0.00
0.00 9066.43
303.80 -36.06 -37.14 -52.28 333.66 276.14 18.16 0.00
0.00 9564.87
283.70 -39.26 -40.14 -55.83 335.53 277.74 20.18 0.00
0.00 10036.74
265.60 -41.76 -42.54 -60.81 338.13 271.46 22.92 0.00
0.00 10485.69
248.80 -44.06 -44.73 -63.51 341.03 268.87 29.53 0.00
0.00 10926.07
233.60 -47.16 -47.66 -63.98 342.53 265.35 31.18 0.00
0.00 11345.95
219.60 -49.76 -50.14 -64.44 344.63 263.90 31.06 0.00
0.00 11752.43
205.70 -51.86 -52.20 -67.88 347.78 264.81 30.03 0.10
0.00 12178.00
191.70 -53.66 -53.97 -73.19 351.92 262.97 28.57 0.10
0.00 12632.73
177.70 -56.06 -56.31 -73.70 355.69 260.91 29.51 0.10
0.00 13117.29
163.80 -58.56 -58.75 -74.24 359.88 262.97 30.15 0.10
0.00 13631.89
149.80 -60.66 -60.82 -74.84 365.57 259.59 29.04 0.00
0.00 14190.36
135.90 -62.96 -63.09 -75.48 371.81 260.08 28.21 0.00
0.00 14792.78
121.90 -64.36 -9999.00 -9999.00 -9999.00 261.37 22.01 -0.10
0.00 15459.45
108.00 -65.46 -9999.00 -9999.00 -9999.00 243.98 18.16 0.00
0.00 16197.43
94.00 -65.66 -9999.00 -9999.00 -9999.00 251.57 16.59 0.00
0.00 17041.06
81.00 -62.36 -9999.00 -9999.00 -9999.00 288.76 10.88 0.00
0.00 17952.27
70.60 -60.16 -9999.00 -9999.00 -9999.00 19.44 3.50 0.00
0.00 18804.59
62.20 -59.26 -9999.00 -9999.00 -9999.00 83.66 5.28 0.00
0.00 19596.01
54.30 -58.46 -9999.00 -9999.00 -9999.00 84.17 9.58 0.00
0.00 20448.02
46.90 -56.96 -9999.00 -9999.00 -9999.00 82.75 10.76 0.00
0.00 21371.93
40.10 -54.26 -9999.00 -9999.00 -9999.00 67.52 12.20 0.00
0.00 22369.37
33.80 -51.56 -9999.00 -9999.00 -9999.00 65.97 17.66 0.00
0.00 23471.22
27.80 -49.66 -9999.00 -9999.00 -9999.00 70.39 17.95 0.00
0.00 24744.23
22.30 -48.36 -9999.00 -9999.00 -9999.00 78.11 18.86 0.00
0.00 26190.57
17.10 -45.66 -9999.00 -9999.00 -9999.00 78.51 24.38 0.00
0.00 27948.08
12.30 -42.56 -9999.00 -9999.00 -9999.00 74.89 32.79 0.00
0.00 30157.02

STID = KMDW STNM = 725340 TIME = 200809/1000 
SLAT = 41.78 SLON = -87.75 SELV = 183.0
STIM = 21

SHOW = -2.33 LIFT = -4.10 SWET = 212.32 KINX = 26.36
LCLP = 977.82 PWAT = 41.03 TOTL = 49.54 CAPE = 1287.61
LCLT = 293.96 CINS = -40.88 EQLV = 216.22 LFCT = 816.94
BRCH = 222.57

PRES TMPC TMWC DWPC THTE DRCT SKNT OMEG
CFRL HGHT
995.70 22.34 21.52 21.11 342.34 183.81 2.91 0.00
0.00 191.77
992.70 22.74 21.57 21.02 343.02 199.06 11.31 0.00
0.00 218.13
987.20 23.14 21.77 21.15 344.72 202.25 13.85 0.10
0.00 266.75
977.70 23.84 22.30 21.64 348.55 220.45 15.58 0.20
0.00 351.55
963.70 23.34 21.48 20.67 347.17 222.99 15.68 0.20
0.00 478.07
945.70 22.44 20.25 19.26 344.79 219.19 16.30 0.10
2.00 642.99
924.30 21.44 19.08 17.97 343.37 218.05 17.02 0.10
1.00 842.43
901.00 20.34 17.61 16.26 341.24 221.99 15.68 0.00
0.00 1063.97
875.70 18.94 16.28 14.91 340.21 225.60 13.05 -0.10
0.00 1309.93
847.50 16.74 14.97 14.02 339.92 220.79 13.09 -0.10
0.00 1590.78
816.30 15.14 13.00 11.76 337.95 208.41 13.48 0.00
0.00 1910.35
782.20 14.44 9.71 6.43 332.56 199.71 13.83 0.10
0.00 2272.01
745.30 12.84 5.60 -1.21 326.12 188.53 11.79 0.20
0.00 2679.20
705.50 10.34 3.45 -3.62 326.70 172.50 7.44 0.30
0.00 3137.84
662.80 7.54 1.11 -6.14 327.75 168.69 3.96 0.40
0.00 3654.59
617.20 2.74 -2.08 -8.10 327.89 225.00 0.27 0.30
0.00 4236.47
569.10 -3.06 -6.25 -10.91 327.12 333.43 1.30 0.20
0.00 4886.06
522.50 -7.36 -10.32 -15.71 327.39 272.86 3.88 0.10
0.00 5557.14
480.50 -10.96 -13.18 -17.63 330.27 275.44 8.20 0.00
0.00 6205.49
443.00 -14.56 -16.55 -21.32 331.98 293.20 8.88 -0.10
0.00 6825.51
409.20 -18.56 -20.91 -29.18 331.79 278.37 6.68 -0.10
0.00 7422.04
378.50 -23.16 -25.17 -34.97 331.98 269.05 11.65 -0.10
0.00 7998.21
351.00 -27.36 -29.15 -41.76 332.62 272.29 14.59 -0.10
0.00 8545.67
326.20 -31.86 -33.29 -48.14 332.94 272.29 14.59 0.00
0.00 9068.11
303.80 -36.16 -37.21 -51.47 333.56 271.51 14.76 0.00
0.00 9566.13
283.70 -38.86 -39.78 -55.83 336.11 268.09 17.48 0.10
0.00 10038.31
265.60 -40.96 -41.81 -60.81 339.30 262.51 26.85 0.10
0.00 10488.42
248.80 -44.16 -44.82 -63.51 340.89 266.92 32.48 0.00
0.00 10929.46
233.60 -47.46 -47.94 -63.98 342.08 264.93 32.96 0.00
0.00 11348.97
219.60 -49.86 -50.24 -64.44 344.47 263.43 32.26 0.00
0.00 11755.09
205.70 -51.66 -52.01 -67.88 348.09 261.77 31.22 0.00
0.00 12180.76
191.70 -53.46 -53.78 -73.19 352.24 259.40 30.63 0.00
0.00 12635.90
177.70 -55.96 -56.21 -73.70 355.86 260.42 31.53 0.10
0.00 13120.79
163.80 -58.46 -58.66 -74.24 360.04 263.27 31.49 0.10
0.00 13635.63
149.80 -60.76 -60.92 -74.84 365.40 260.41 29.16 0.10
0.00 14194.10
135.90 -63.26 -63.38 -75.48 371.28 261.13 27.72 0.00
0.00 14795.95
121.90 -64.56 -9999.00 -9999.00 -9999.00 258.59 21.60 0.00
0.00 15461.83
108.00 -65.76 -9999.00 -9999.00 -9999.00 239.74 18.88 0.00
0.00 16198.92
94.00 -65.16 -9999.00 -9999.00 -9999.00 257.20 17.52 0.00
0.00 17042.96
81.00 -62.06 -9999.00 -9999.00 -9999.00 288.08 10.00 0.00
0.00 17955.91
70.60 -60.66 -9999.00 -9999.00 -9999.00 135.00 1.92 0.00
0.00 18807.82
62.20 -60.06 -9999.00 -9999.00 -9999.00 101.89 3.77 0.00
0.00 19596.84
54.30 -58.76 -9999.00 -9999.00 -9999.00 77.32 7.96 0.00
0.00 20446.66
46.90 -57.66 -9999.00 -9999.00 -9999.00 72.47 11.62 0.00
0.00 21368.42
40.10 -55.06 -9999.00 -9999.00 -9999.00 60.52 15.40 0.00
0.00 22362.43
33.80 -51.86 -9999.00 -9999.00 -9999.00 75.07 21.11 0.00
0.00 23461.52
27.80 -49.76 -9999.00 -9999.00 -9999.00 85.01 20.09 0.00
0.00 24733.38
22.30 -47.46 -9999.00 -9999.00 -9999.00 80.91 19.68 0.00
0.00 26182.31
17.10 -44.86 -9999.00 -9999.00 -9999.00 71.72 22.92 0.00
0.00 27946.43
12.30 -42.66 -50.51 -89.89 809.96 78.06 30.98 0.00
0.00 30158.75
STN YYMMDD/HHMM PMSL PRES SKTC STC1 SNFL WTNS
P01M C01M STC2 LCLD MCLD HCLD
SNRA UWND VWND R01M BFGR T2MS
Q2MS WXTS WXTP WXTZ WXTR USTM
VSTM HLCY SLLH WSYM CDBP VSBK
TD2M
725340 200808/1300 1021.40 999.80 20.44 293.60 -9999.00 0.00
-9999.00 -9999.00 293.30 0.00 89.00 0.00
-9999.00 -1.20 2.90 -9999.00 -9999.00 20.24
11.33 0.00 0.00 0.00 0.00 -0.60
-3.90 87.50 -9999.00 999.00 -9999.00 20.00
15.69
725340 200808/1400 1020.90 999.40 23.74 296.90 0.00 100.00
0.00 0.00 296.10 0.00 90.00 0.00
-9999.00 -1.00 3.80 -9999.00 -9999.00 22.34
10.77 0.00 0.00 0.00 0.00 -2.10
-3.00 99.10 -9999.00 999.00 -9999.00 20.00
14.90
725340 200808/1500 1019.80 998.40 30.14 303.30 0.00 100.00
0.00 0.00 301.50 5.00 100.00 0.00
-9999.00 -0.20 4.60 -9999.00 -9999.00 25.24
9.43 0.00 0.00 0.00 0.00 -2.60
-2.00 96.10 -9999.00 999.00 -9999.00 20.00
12.88
725340 200808/1600 1020.10 998.80 34.94 308.10 0.00 100.00
0.00 0.00 306.20 12.00 100.00 0.00
-9999.00 0.10 4.40 -9999.00 -9999.00 27.44
9.64 0.00 0.00 0.00 0.00 -2.10
-3.40 76.20 -9999.00 999.00 -9999.00 20.00
13.21
725340 200808/1700 1019.70 998.50 38.14 311.30 0.00 100.00
0.00 0.00 309.30 16.00 100.00 0.00
-9999.00 0.10 3.90 -9999.00 -9999.00 28.94
10.50 0.00 0.00 0.00 0.00 -0.70
-4.30 62.10 -9999.00 999.00 -9999.00 20.00
14.50
725340 200808/1800 1019.10 997.90 40.04 313.20 0.00 100.00
0.00 0.00 311.50 17.00 100.00 0.00
-9999.00 0.00 3.90 -9999.00 -9999.00 30.24
11.44 0.00 0.00 0.00 0.00 -0.80
-4.00 57.30 -9999.00 999.00 -9999.00 20.00
15.81
725340 200808/1900 1018.90 997.70 41.04 314.20 0.00 100.00
0.00 0.00 312.60 13.00 100.00 0.00
-9999.00 -0.40 4.10 -9999.00 -9999.00 31.24
12.14 0.00 0.00 0.00 0.00 -1.40
-3.30 62.40 -9999.00 999.00 -9999.00 20.00
16.72
725340 200808/2000 1017.20 996.10 40.54 313.70 0.00 100.00
0.00 0.00 312.70 15.00 100.00 0.00
-9999.00 -0.20 4.40 -9999.00 -9999.00 31.74
12.59 0.00 0.00 0.00 0.00 -2.20
-2.80 66.40 -9999.00 999.00 -9999.00 20.00
17.25
725340 200808/2100 1016.10 995.00 39.54 312.70 0.00 100.00
0.00 0.00 311.90 24.00 38.00 0.00
-9999.00 0.10 5.00 -9999.00 -9999.00 32.04
12.92 0.00 0.00 0.00 0.00 -2.70
-2.50 69.50 -9999.00 999.00 -9999.00 20.00
17.64
725340 200808/2200 1016.10 995.00 37.74 310.90 0.00 100.00
0.00 0.00 310.50 16.00 0.00 0.00
-9999.00 0.50 5.10 -9999.00 -9999.00 31.94
13.17 0.00 0.00 0.00 0.00 -3.80
-1.30 66.90 -9999.00 999.00 -9999.00 20.00
17.94
725340 200808/2300 1017.00 995.90 35.04 308.20 0.00 100.00
0.00 0.00 308.10 23.00 0.00 0.00
-9999.00 0.60 4.90 -9999.00 -9999.00 31.44
13.45 0.00 0.00 0.00 0.00 -4.00
-1.50 66.50 -9999.00 999.00 -9999.00 20.00
18.28
725340 200809/0000 1017.40 996.30 32.14 305.30 0.00 100.00
0.00 0.00 305.70 22.00 0.00 0.00
-9999.00 0.60 4.60 -9999.00 -9999.00 30.54
13.78 0.00 0.00 0.00 0.00 -3.80
-2.00 62.50 -9999.00 999.00 -9999.00 20.00
18.66
725340 200809/0100 1017.10 996.00 29.44 302.60 0.00 100.00
0.00 0.00 303.10 31.00 0.00 0.00
-9999.00 0.00 4.00 -9999.00 -9999.00 29.14
14.13 0.00 0.00 0.00 0.00 -4.00
-1.90 78.30 -9999.00 999.00 -9999.00 20.00
19.05
725340 200809/0200 1017.40 996.20 27.64 300.80 0.00 100.00
0.00 0.00 301.40 5.00 0.00 0.00
-9999.00 -0.40 3.60 -9999.00 -9999.00 27.74
14.37 0.00 0.00 0.00 0.00 -4.70
-0.20 103.70 -9999.00 999.00 -9999.00 20.00
19.32
725340 200809/0300 1017.70 996.50 26.44 299.60 0.00 100.00
0.00 0.00 300.10 2.00 0.00 0.00
-9999.00 -0.40 4.00 -9999.00 -9999.00 26.64
14.41 0.00 0.00 0.00 0.00 -4.90
0.70 108.30 -9999.00 999.00 -9999.00 20.00
19.37
725340 200809/0400 1018.00 996.80 25.54 298.70 0.00 100.00
0.00 0.00 299.10 3.00 0.00 0.00
-9999.00 -0.20 3.90 -9999.00 -9999.00 25.84
14.44 0.00 0.00 0.00 0.00 -5.40
1.90 97.40 -9999.00 999.00 -9999.00 20.00
19.40
725340 200809/0500 1017.90 996.60 24.74 297.90 0.00 100.00
0.00 0.00 298.30 2.00 0.00 0.00
-9999.00 0.30 3.90 -9999.00 -9999.00 25.04
14.77 0.00 0.00 0.00 0.00 -5.50
3.60 63.40 -9999.00 999.00 -9999.00 20.00
19.75
725340 200809/0600 1018.10 996.80 23.84 297.00 0.00 100.00
0.00 0.00 297.50 0.00 0.00 0.00
-9999.00 1.00 2.70 -9999.00 -9999.00 24.24
15.42 0.00 0.00 0.00 0.00 -5.40
4.10 18.20 -9999.00 999.00 -9999.00 20.00
20.44
725340 200809/0700 1018.20 996.90 23.14 296.30 0.00 100.00
0.00 0.00 296.70 0.00 0.00 0.00
-9999.00 0.80 1.80 -9999.00 -9999.00 23.24
15.88 0.00 0.00 0.00 0.00 -5.20
5.00 7.40 -9999.00 999.00 -9999.00 20.00
20.90
725340 200809/0800 1018.00 996.70 22.54 295.70 0.00 100.00
0.00 0.00 296.00 1.00 0.00 0.00
-9999.00 0.50 1.60 -9999.00 -9999.00 22.54
16.10 0.00 0.00 0.00 0.00 -5.20
5.50 -3.30 -9999.00 999.00 -9999.00 20.00
21.12
725340 200809/0900 1018.00 996.60 22.04 295.20 0.00 100.00
0.00 0.00 295.60 4.00 0.00 0.00
-9999.00 0.40 1.80 -9999.00 -9999.00 22.14
16.13 0.00 0.00 0.00 0.00 -5.20
5.40 -4.90 -9999.00 999.00 -9999.00 20.00
21.15
725340 200809/1000 1018.10 996.70 21.74 294.90 0.00 100.00
0.00 0.00 295.20 2.00 0.00 0.00
-9999.00 0.40 1.60 -9999.00 -9999.00 21.84
16.15 0.00 0.00 0.00 0.00 -5.30
4.10 -8.10 -9999.00 999.00 -9999.00 20.00
21.17


