
SNPARM = PRES;TMPC;TMWC;DWPC;THTE;DRCT;SKNT;OMEG;CFRL;HGHT 
STNPRM = SHOW;LIFT;SWET;KINX;LCLP;PWAT;TOTL;CAPE;LCLT;CINS;EQLV;LFCT;BRCH 

STID = KMDW STNM = 725340 TIME = 200808/1800 
SLAT = 41.78 SLON = -87.75 SELV = 183.0
STIM = 0

SHOW = -1.02 LIFT = -0.95 SWET = 218.26 KINX = 32.52
LCLP = 868.44 PWAT = 43.92 TOTL = 47.17 CAPE = 114.43
LCLT = 288.99 CINS = -172.05 EQLV = 341.09 LFCT = 590.92
BRCH = 13.58

PRES TMPC TMWC DWPC THTE DRCT SKNT OMEG
CFRL HGHT
996.70 27.44 21.00 18.02 339.96 182.94 7.60 0.00
0.00 193.67
993.80 26.54 20.64 17.87 338.94 181.17 9.52 0.00
0.00 219.47
988.30 25.94 20.34 17.70 338.59 181.08 10.30 -0.10
0.00 268.49
978.80 25.04 19.81 17.30 337.90 183.12 10.70 -0.10
0.00 353.58
964.90 23.84 19.03 16.65 336.90 186.12 10.94 -0.20
0.00 479.12
947.00 22.04 18.33 16.48 336.93 187.99 11.19 -0.20
0.00 642.63
925.60 20.14 17.66 16.41 337.64 191.84 12.30 -0.20
0.00 841.00
902.30 18.74 17.00 16.10 338.72 215.62 16.01 -0.10
0.00 1061.04
876.90 17.34 16.13 15.48 339.46 225.40 19.91 0.00
10.00 1306.30
848.70 15.64 14.44 13.76 337.80 228.58 22.03 0.00
20.00 1585.47
817.50 14.94 12.70 11.38 336.72 231.17 20.45 -0.10
10.00 1903.82
783.30 13.84 10.72 8.73 335.66 232.52 14.69 -0.10
0.00 2265.62
746.30 11.24 8.18 6.01 333.73 236.31 12.61 -0.10
0.00 2672.35
706.30 8.64 5.66 3.33 332.97 238.20 11.42 -0.10
0.00 3130.87
663.50 5.74 1.27 -3.33 328.20 234.29 7.65 0.00
0.00 3645.61
617.70 1.94 0.07 -1.72 333.39 180.00 0.39 0.00
0.00 4227.30
569.50 -2.26 -5.14 -8.94 329.60 354.29 7.81 0.10
0.00 4878.26
522.80 -7.16 -9.45 -13.16 329.21 311.63 7.01 0.00
0.00 5551.79
480.70 -10.26 -12.68 -17.39 331.25 265.84 10.70 0.00
0.00 6202.58
443.10 -14.36 -16.91 -23.62 331.23 260.31 16.16 -0.10
0.00 6825.08
409.30 -19.36 -20.67 -24.50 332.28 266.59 16.34 0.00
0.00 7420.81
378.60 -23.06 -23.73 -25.89 334.61 252.90 21.13 0.00
0.00 7996.24
351.10 -26.46 -27.03 -29.28 336.34 240.30 28.63 0.00
67.00 8544.88
326.20 -30.46 -31.52 -38.34 335.94 239.91 28.28 0.00
0.00 9071.98
303.90 -33.56 -35.01 -54.16 337.06 249.59 26.73 0.10
0.00 9571.88
283.70 -36.46 -37.67 -57.08 339.51 264.49 32.40 0.10
0.00 10051.36
265.60 -39.56 -40.54 -60.81 341.35 271.40 39.84 0.10
0.00 10505.13
248.80 -42.86 -43.64 -66.51 342.78 272.07 42.95 0.10
0.00 10948.76
233.60 -45.86 -46.46 -66.97 344.46 271.82 42.75 0.00
0.00 11370.94
219.60 -48.86 -49.34 -72.27 345.92 271.95 40.03 0.00
0.00 11779.41
205.70 -51.86 -52.20 -67.88 347.78 272.79 31.90 0.00
0.00 12205.84
191.70 -54.56 -54.84 -73.19 350.48 268.22 25.08 0.10
0.00 12659.63
177.80 -56.66 -56.89 -73.70 354.65 269.58 26.61 0.10
0.00 13138.95
163.80 -58.86 -59.05 -74.24 359.37 281.31 29.72 0.10
0.00 13656.03
149.80 -61.56 -61.70 -74.84 364.02 292.15 29.37 0.00
0.00 14212.92
135.90 -63.86 -63.97 -75.48 370.22 299.29 27.39 0.00
0.00 14812.78
121.90 -64.96 -9999.00 -9999.00 -9999.00 294.70 21.39 0.00
0.00 15477.07
108.00 -64.46 -9999.00 -9999.00 -9999.00 270.77 14.37 0.00
0.00 16215.75
94.00 -63.16 -9999.00 -9999.00 -9999.00 265.43 9.75 0.00
0.00 17066.50
81.00 -61.56 -9999.00 -9999.00 -9999.00 41.19 2.06 0.00
0.00 17984.89
70.60 -61.96 -9999.00 -9999.00 -9999.00 124.99 2.37 0.00
0.00 18835.20
62.20 -59.06 -9999.00 -9999.00 -9999.00 62.65 6.33 0.00
0.00 19623.66
54.30 -58.16 -9999.00 -9999.00 -9999.00 93.07 10.90 0.00
0.00 20476.66
46.90 -56.06 -9999.00 -9999.00 -9999.00 98.28 10.80 0.00
0.00 21403.14
40.10 -55.16 -9999.00 -9999.00 -9999.00 81.87 12.35 0.00
0.00 22400.58
33.80 -53.06 -9999.00 -9999.00 -9999.00 70.85 14.80 0.00
0.00 23496.43
27.80 -50.96 -9999.00 -9999.00 -9999.00 71.92 20.03 0.00
0.00 24761.43
22.30 -48.46 -9999.00 -9999.00 -9999.00 79.38 22.14 0.00
0.00 26203.25
17.10 -45.66 -9999.00 -9999.00 -9999.00 90.00 27.58 0.00
0.00 27960.38
12.30 -42.76 -9999.00 -9999.00 -9999.00 90.33 33.41 0.00
0.00 30168.35

STID = KMDW STNM = 725340 TIME = 200808/1900 
SLAT = 41.78 SLON = -87.75 SELV = 183.0
STIM = 1

SHOW = -1.94 LIFT = -2.70 SWET = 220.58 KINX = 35.23
LCLP = 855.86 PWAT = 44.75 TOTL = 48.71 CAPE = 468.49
LCLT = 289.05 CINS = -59.27 EQLV = 293.23 LFCT = 693.44
BRCH = 45.18

PRES TMPC TMWC DWPC THTE DRCT SKNT OMEG
CFRL HGHT
996.50 28.74 21.55 18.31 342.24 181.59 6.99 0.00
0.00 192.83
993.60 27.84 21.22 18.20 341.32 181.25 8.94 0.00
0.00 218.75
988.10 27.14 20.95 18.11 341.05 181.15 9.71 -0.10
0.00 267.99
978.60 26.24 20.57 17.95 340.94 181.06 10.49 -0.10
0.00 353.47
964.70 24.84 19.99 17.72 340.71 182.01 11.07 -0.20
0.00 479.55
946.80 23.24 19.30 17.43 340.71 184.84 11.50 -0.30
0.00 643.79
925.40 21.24 18.44 17.08 340.64 188.53 11.79 -0.30
0.00 843.05
902.00 19.34 17.57 16.69 340.96 209.13 13.56 -0.10
0.00 1064.81
876.70 17.54 16.55 16.02 341.07 228.06 18.03 0.00
17.00 1309.58
848.40 15.94 14.71 14.03 338.83 236.31 21.72 0.10
29.00 1590.12
817.20 14.64 12.62 11.42 336.49 238.10 22.42 0.10
17.00 1908.60
783.10 13.74 10.48 8.38 334.93 237.78 16.76 0.00
2.00 2269.19
746.10 11.24 8.31 6.26 334.18 239.93 12.80 0.00
0.00 2675.94
706.10 8.24 6.17 4.62 334.53 241.03 12.43 0.00
4.00 3134.38
663.30 5.44 1.49 -2.44 328.83 238.24 9.60 0.00
0.00 3648.78
617.50 1.74 -0.15 -1.98 332.86 210.96 2.27 0.00
0.00 4230.16
569.30 -2.26 -5.33 -9.48 329.18 353.09 6.45 0.00
0.00 4881.05
522.70 -7.36 -10.54 -16.57 326.87 318.50 6.74 0.00
0.00 5552.92
480.70 -10.96 -13.34 -18.23 329.90 267.84 10.30 -0.10
0.00 6200.97
443.10 -14.86 -16.97 -22.30 331.13 256.89 14.57 -0.10
0.00 6822.04
409.30 -19.56 -20.54 -23.27 332.53 258.54 14.67 -0.10
0.00 7417.00
378.60 -23.56 -24.01 -25.45 334.11 250.31 19.60 0.00
80.00 7991.67
351.00 -26.66 -27.51 -31.19 335.52 239.11 26.48 0.10
43.00 8541.59
326.20 -29.96 -31.57 -45.11 335.80 235.65 28.22 0.10
0.00 9066.91
303.80 -33.16 -34.71 -56.53 337.57 246.15 29.31 0.20
0.00 9570.04
283.70 -36.66 -37.89 -60.30 339.13 261.42 31.24 0.20
0.00 10047.41
265.60 -39.76 -40.74 -63.02 341.01 266.65 36.58 0.10
0.00 10500.79
248.80 -42.86 -43.62 -63.51 342.82 266.44 40.68 0.10
0.00 10944.23
233.60 -45.66 -46.25 -63.98 344.81 267.65 42.58 0.00
0.00 11366.60
219.60 -48.56 -49.03 -67.41 346.43 270.00 40.40 0.00
0.00 11775.52
205.70 -51.56 -51.91 -67.88 348.25 271.05 31.66 0.00
0.00 12202.53
191.70 -53.76 -54.07 -73.19 351.76 265.60 25.33 0.10
0.00 12657.46
177.80 -55.86 -56.12 -73.70 355.97 268.28 25.85 0.10
0.00 13138.54
163.80 -58.46 -58.66 -74.24 360.04 278.43 26.52 0.00
0.00 13657.05
149.80 -61.36 -61.50 -74.84 364.36 286.19 25.08 0.00
0.00 14214.73
135.90 -63.56 -63.68 -75.48 370.75 289.86 22.30 0.00
0.00 14815.31
121.90 -64.56 -9999.00 -9999.00 -9999.00 280.84 18.59 0.00
0.00 15480.71
108.00 -64.36 -9999.00 -9999.00 -9999.00 261.97 15.31 0.00
0.00 16220.28
94.00 -63.46 -9999.00 -9999.00 -9999.00 270.00 10.30 0.00
0.00 17070.62
81.00 -62.26 -9999.00 -9999.00 -9999.00 255.96 0.80 0.00
0.00 17986.83
70.60 -61.86 -9999.00 -9999.00 -9999.00 236.31 3.50 0.00
0.00 18835.93
62.20 -58.66 -9999.00 -9999.00 -9999.00 56.31 3.50 0.00
0.00 19625.32
54.30 -58.16 -9999.00 -9999.00 -9999.00 107.45 7.13 0.00
0.00 20479.11
46.90 -56.76 -9999.00 -9999.00 -9999.00 104.68 8.43 0.00
0.00 21404.09
40.10 -56.26 -9999.00 -9999.00 -9999.00 80.71 10.82 0.00
0.00 22397.41
33.80 -53.46 -9999.00 -9999.00 -9999.00 69.36 15.99 0.00
0.00 23489.50
27.80 -50.16 -9999.00 -9999.00 -9999.00 75.71 21.25 0.00
0.00 24755.65
22.30 -47.36 -9999.00 -9999.00 -9999.00 85.03 22.42 0.00
0.00 26203.60
17.10 -44.46 -9999.00 -9999.00 -9999.00 88.65 24.67 0.00
0.00 27969.67
12.30 -42.06 -9999.00 -9999.00 -9999.00 86.72 30.56 0.00
0.00 30186.80

STID = KMDW STNM = 725340 TIME = 200808/2000 
SLAT = 41.78 SLON = -87.75 SELV = 183.0
STIM = 2

SHOW = -2.29 LIFT = -3.68 SWET = 223.08 KINX = 36.12
LCLP = 853.39 PWAT = 44.18 TOTL = 49.38 CAPE = 731.36
LCLT = 289.55 CINS = -10.10 EQLV = 259.85 LFCT = 824.77
BRCH = 57.49

PRES TMPC TMWC DWPC THTE DRCT SKNT OMEG
CFRL HGHT
995.70 29.44 22.08 18.85 344.57 186.01 7.42 0.00
0.00 193.76
992.80 28.64 21.78 18.74 343.76 184.76 9.36 0.00
0.00 219.77
987.30 27.94 21.51 18.65 343.49 183.18 10.51 -0.10
0.00 269.20
977.90 26.94 21.10 18.49 343.25 184.01 11.09 -0.10
0.00 354.07
963.90 25.64 20.55 18.25 343.14 184.76 11.69 -0.20
0.00 481.52
946.00 24.04 19.86 17.94 343.09 187.47 11.95 -0.30
0.00 646.38
924.60 22.04 18.98 17.54 342.91 190.95 12.28 -0.30
0.00 846.41
901.30 20.04 17.97 16.96 342.61 203.88 12.96 -0.20
0.00 1068.01
876.00 18.14 16.75 16.04 341.96 225.51 15.52 0.10
12.00 1313.53
847.70 16.34 14.83 14.01 339.38 238.93 18.82 0.30
18.00 1594.79
816.60 14.24 12.71 11.80 336.90 242.16 19.54 0.40
25.00 1912.53
782.50 14.14 9.97 7.15 333.35 244.90 16.94 0.40
2.00 2273.34
745.50 11.54 8.42 6.25 334.62 250.17 12.59 0.30
0.00 2680.82
705.60 8.34 6.42 5.02 335.39 251.03 13.15 0.30
6.00 3138.81
662.80 5.54 1.59 -2.32 329.17 251.57 11.05 0.10
0.00 3653.82
617.10 1.84 -0.17 -2.14 332.86 244.80 3.65 0.00
0.00 4234.54
569.00 -2.26 -5.59 -10.24 328.63 340.02 6.82 0.00
0.00 4884.53
522.40 -7.26 -11.78 -22.86 324.27 328.57 8.20 0.00
0.00 5556.69
480.50 -11.26 -14.24 -21.29 328.09 274.32 10.33 0.00
0.00 6203.01
443.00 -15.06 -17.16 -22.54 330.80 253.30 14.20 0.10
0.00 6821.95
409.20 -19.56 -20.49 -23.04 332.66 248.06 15.07 0.10
0.00 7416.82
378.50 -23.36 -24.30 -27.62 333.61 245.11 20.77 0.10
56.00 7991.83
351.00 -25.96 -27.94 -40.49 334.67 237.83 28.46 0.10
0.00 8540.71
326.20 -29.36 -31.41 -57.43 335.98 239.95 31.41 0.10
0.00 9067.31
303.80 -33.16 -34.75 -59.76 337.49 250.64 30.48 0.10
0.00 9571.04
283.70 -36.76 -37.98 -60.30 338.99 258.55 30.32 0.10
0.00 10048.31
265.60 -39.76 -40.72 -60.81 341.05 259.92 35.51 0.00
0.00 10501.60
248.80 -42.86 -43.62 -63.51 342.82 260.68 38.38 0.00
0.00 10945.04
233.60 -45.46 -46.09 -66.97 345.07 266.94 40.07 -0.10
0.00 11367.58
219.60 -48.16 -48.65 -67.41 347.05 272.01 38.68 -0.10
0.00 11777.05
205.70 -50.96 -51.36 -72.71 349.15 272.23 29.93 0.00
0.00 12205.01
191.70 -53.06 -53.40 -73.19 352.88 264.06 24.42 0.00
0.00 12661.28
177.80 -55.16 -55.44 -73.70 357.11 262.82 24.86 0.00
0.00 13143.90
163.80 -58.16 -58.37 -74.24 360.55 270.45 24.48 0.00
0.00 13663.62
149.80 -61.36 -61.50 -74.84 364.36 278.34 22.77 -0.10
0.00 14221.69
135.90 -63.76 -63.87 -75.48 370.40 281.62 21.21 -0.10
0.00 14821.98
121.90 -64.86 -9999.00 -9999.00 -9999.00 276.28 19.54 -0.10
0.00 15486.58
108.00 -64.86 -9999.00 -9999.00 -9999.00 264.41 17.95 0.00
0.00 16224.74
94.00 -64.26 -9999.00 -9999.00 -9999.00 273.52 12.65 0.00
0.00 17072.44
81.00 -62.96 -9999.00 -9999.00 -9999.00 255.26 3.81 0.00
0.00 17985.39
70.60 -62.16 -9999.00 -9999.00 -9999.00 261.57 5.30 0.00
0.00 18832.47
62.20 -58.86 -9999.00 -9999.00 -9999.00 50.91 4.00 0.00
0.00 19620.93
54.30 -58.86 -9999.00 -9999.00 -9999.00 107.45 7.13 0.00
0.00 20472.94
46.90 -58.16 -9999.00 -9999.00 -9999.00 97.43 9.01 0.00
0.00 21393.42
40.10 -57.16 -9999.00 -9999.00 -9999.00 74.18 12.12 0.00
0.00 22381.46
33.80 -53.56 -9999.00 -9999.00 -9999.00 71.01 19.11 0.00
0.00 23471.05
27.80 -49.76 -9999.00 -9999.00 -9999.00 76.93 22.34 0.00
0.00 24738.05
22.30 -47.06 -9999.00 -9999.00 -9999.00 83.77 23.25 0.00
0.00 26188.27
17.10 -44.86 -9999.00 -9999.00 -9999.00 81.66 22.77 0.00
0.00 27953.94
12.30 -41.66 -9999.00 -9999.00 -9999.00 84.77 27.70 0.00
0.00 30171.07

STID = KMDW STNM = 725340 TIME = 200808/2100 
SLAT = 41.78 SLON = -87.75 SELV = 183.0
STIM = 3

SHOW = -2.32 LIFT = -4.17 SWET = 221.51 KINX = 35.45
LCLP = 848.87 PWAT = 43.40 TOTL = 49.60 CAPE = 899.87
LCLT = 289.74 CINS = -10.47 EQLV = 244.91 LFCT = 826.79
BRCH = 60.36

PRES TMPC TMWC DWPC THTE DRCT SKNT OMEG
CFRL HGHT
995.00 30.04 22.41 19.12 346.10 188.13 8.24 0.00
0.00 192.89
992.10 29.24 22.11 19.02 345.31 187.39 10.59 0.00
0.00 218.98
986.60 28.54 21.84 18.92 345.02 186.65 11.73 0.00
0.00 268.55
977.10 27.54 21.44 18.75 344.77 187.13 12.53 -0.10
0.00 354.57
963.20 26.24 20.88 18.50 344.62 188.49 13.15 -0.10
0.00 481.47
945.30 24.64 20.19 18.18 344.55 189.87 13.60 -0.20
0.00 646.81
923.90 22.64 19.30 17.77 344.35 193.06 13.75 -0.20
0.00 847.42
900.60 20.64 18.26 17.13 343.89 199.98 13.64 -0.10
0.00 1069.67
875.30 18.64 16.88 15.99 342.56 220.10 14.47 0.10
0.00 1315.86
847.10 16.84 14.85 13.77 339.52 239.26 16.72 0.30
8.00 1596.80
816.00 14.44 12.84 11.91 337.48 242.27 17.11 0.50
32.00 1915.14
781.90 14.94 9.63 5.87 332.31 248.46 15.87 0.50
0.00 2276.79
745.00 11.94 8.72 6.52 335.65 253.81 12.55 0.40
0.00 2684.25
705.20 8.74 6.25 4.39 334.92 257.66 12.72 0.30
4.00 3142.00
662.40 5.84 1.50 -2.86 329.00 261.57 10.61 0.20
0.00 3657.87
616.80 1.94 -0.20 -2.30 332.84 261.87 4.12 0.10
0.00 4238.01
568.70 -2.36 -5.94 -11.13 327.89 335.43 7.48 0.10
0.00 4888.28
522.20 -7.26 -12.08 -24.85 323.66 331.29 9.30 0.10
0.00 5559.10
480.30 -11.16 -14.67 -23.90 327.24 277.82 10.00 0.10
0.00 6205.71
442.80 -14.96 -16.92 -21.77 331.31 255.96 13.62 0.10
0.00 6825.11
409.10 -19.46 -20.43 -23.12 332.78 248.60 15.44 0.10
4.00 7418.68
378.40 -22.86 -24.75 -33.18 332.77 247.62 21.43 0.00
0.00 7994.44
350.90 -25.56 -28.19 -58.63 334.13 246.11 29.74 0.00
0.00 8544.34
326.20 -29.46 -31.58 -69.53 335.66 251.33 30.34 0.00
0.00 9069.17
303.80 -33.36 -34.92 -59.76 337.21 254.50 27.62 0.00
0.00 9572.58
283.70 -36.76 -37.98 -60.30 338.99 258.40 29.93 0.00
0.00 10049.65
265.60 -39.86 -40.86 -66.03 340.82 257.20 35.06 0.00
0.00 10502.84
248.80 -42.86 -43.64 -66.51 342.78 259.40 36.95 0.00
0.00 10946.18
233.60 -45.36 -46.00 -66.97 345.22 266.55 38.73 0.00
0.00 11368.82
219.60 -47.96 -48.49 -72.27 347.31 269.70 36.91 0.00
0.00 11778.55
205.70 -50.56 -50.98 -72.71 349.77 267.16 27.43 0.00
0.00 12207.09
191.70 -52.56 -52.92 -73.19 353.68 255.74 23.66 0.00
0.00 12664.29
177.70 -54.96 -55.25 -73.70 357.50 252.93 25.82 0.00
0.00 13151.29
163.80 -58.16 -58.37 -74.24 360.55 260.47 25.80 -0.10
0.00 13667.68
149.80 -61.56 -61.70 -74.84 364.02 270.95 23.50 -0.10
0.00 14225.49
135.90 -64.36 -64.46 -75.48 369.34 276.28 21.31 -0.10
0.00 14824.64
121.90 -65.36 -9999.00 -9999.00 -9999.00 271.70 19.62 0.00
0.00 15487.49
108.00 -65.46 -9999.00 -9999.00 -9999.00 257.09 19.13 0.00
0.00 16223.70
94.00 -64.96 -9999.00 -9999.00 -9999.00 265.73 13.05 0.00
0.00 17068.75
81.00 -63.26 -9999.00 -9999.00 -9999.00 246.80 4.43 0.00
0.00 17979.53
70.60 -61.66 -9999.00 -9999.00 -9999.00 300.96 3.40 0.00
0.00 18827.02
62.20 -58.66 -9999.00 -9999.00 -9999.00 78.41 7.73 0.00
0.00 19616.77
54.30 -58.96 -9999.00 -9999.00 -9999.00 112.71 9.05 0.00
0.00 20468.98
46.90 -58.26 -9999.00 -9999.00 -9999.00 88.88 9.91 0.00
0.00 21389.03
40.10 -55.86 -9999.00 -9999.00 -9999.00 69.73 13.46 0.00
0.00 22379.82
33.80 -52.46 -9999.00 -9999.00 -9999.00 76.22 21.19 0.00
0.00 23475.42
27.80 -49.96 -9999.00 -9999.00 -9999.00 81.57 21.21 0.00
0.00 24744.99
22.30 -47.76 -9999.00 -9999.00 -9999.00 84.29 19.52 0.00
0.00 26192.31
17.10 -45.36 -9999.00 -9999.00 -9999.00 77.41 18.71 0.00
0.00 27953.32
12.30 -41.46 -9999.00 -9999.00 -9999.00 81.81 24.53 0.00
0.00 30169.00

STID = KMDW STNM = 725340 TIME = 200808/2200 
SLAT = 41.78 SLON = -87.75 SELV = 183.0
STIM = 4

SHOW = -2.37 LIFT = -4.45 SWET = 223.15 KINX = 35.36
LCLP = 847.71 PWAT = 43.02 TOTL = 49.76 CAPE = 1022.10
LCLT = 289.87 CINS = -10.93 EQLV = 237.85 LFCT = 823.35
BRCH = 62.74

PRES TMPC TMWC DWPC THTE DRCT SKNT OMEG
CFRL HGHT
994.30 30.24 22.55 19.27 346.85 192.09 8.35 0.00
0.00 192.90
991.30 29.54 22.28 19.16 346.16 191.11 11.09 0.00
0.00 219.94
985.80 28.84 22.01 19.06 345.87 190.78 12.45 0.00
0.00 269.60
976.40 27.94 21.63 18.89 345.73 191.63 13.48 0.00
0.00 354.89
962.50 26.64 21.08 18.64 345.58 192.70 14.14 -0.10
0.00 482.06
944.60 24.94 20.36 18.32 345.40 194.59 14.65 -0.10
0.00 647.73
923.20 23.04 19.51 17.90 345.29 197.49 14.86 -0.10
0.00 848.74
899.90 20.94 18.46 17.29 344.79 201.52 14.82 -0.10
0.00 1071.44
874.70 18.94 16.98 16.01 343.07 216.87 14.57 0.10
0.00 1317.10
846.50 17.14 14.87 13.65 339.71 240.52 15.40 0.40
5.00 1598.52
815.40 14.74 12.84 11.73 337.55 243.75 15.81 0.50
29.00 1917.41
781.40 15.44 9.40 4.99 331.63 250.20 15.48 0.40
0.00 2278.68
744.50 12.14 8.68 6.30 335.59 253.71 13.15 0.30
0.00 2686.84
704.70 8.84 6.16 4.15 334.74 260.05 11.25 0.10
3.00 3145.12
662.10 6.14 1.53 -3.13 329.12 268.75 8.94 0.10
0.00 3659.21
616.50 2.14 -0.31 -2.75 332.60 280.78 4.16 0.10
0.00 4240.10
568.50 -2.26 -6.19 -12.13 327.34 332.30 8.78 0.20
0.00 4889.57
522.00 -7.16 -11.21 -20.03 325.56 324.69 11.42 0.20
0.00 5560.94
480.20 -11.16 -14.82 -24.81 326.95 287.74 10.20 0.10
0.00 6206.41
442.70 -15.06 -16.67 -20.42 331.84 266.37 12.26 0.10
0.00 6825.84
409.00 -19.36 -20.62 -24.25 332.46 253.65 15.19 0.00
5.00 7419.56
378.40 -22.46 -25.38 -47.44 331.50 256.90 23.14 -0.10
0.00 7993.98
350.90 -26.06 -9999.00 -9999.00 -9999.00 263.31 28.36 -0.20
0.00 8543.68
326.10 -29.76 -31.79 -61.45 335.37 259.16 27.89 -0.20
0.00 9069.85
303.80 -33.46 -34.99 -58.00 337.11 257.65 27.23 -0.10
0.00 9570.68
283.70 -36.86 -38.09 -62.52 338.80 259.38 31.62 -0.10
0.00 10047.55
265.60 -40.06 -41.04 -66.03 340.53 257.88 35.16 -0.10
0.00 10500.45
248.80 -42.86 -43.64 -66.51 342.78 260.89 36.79 -0.10
0.00 10943.60
233.60 -45.46 -46.09 -66.97 345.07 266.58 39.12 -0.10
0.00 11366.15
219.60 -48.16 -48.68 -72.27 347.00 267.92 37.51 -0.10
0.00 11775.61
205.70 -50.56 -50.98 -72.71 349.77 263.40 28.75 -0.10
0.00 12203.95
191.70 -52.66 -53.01 -73.19 353.52 250.29 24.77 -0.10
0.00 12661.05
177.70 -55.36 -55.63 -73.70 356.84 247.07 27.43 -0.10
0.00 13147.50
163.80 -58.66 -58.85 -74.24 359.71 253.68 28.34 -0.10
0.00 13662.81
149.80 -61.96 -62.09 -74.84 363.33 264.29 25.37 0.00
0.00 14219.45
135.90 -64.66 -64.76 -75.48 368.81 268.99 21.95 0.00
0.00 14817.60
121.90 -65.46 -9999.00 -9999.00 -9999.00 263.42 20.34 0.00
0.00 15479.82
108.00 -65.66 -9999.00 -9999.00 -9999.00 255.31 20.69 0.00
0.00 16215.49
94.00 -64.96 -9999.00 -9999.00 -9999.00 274.14 13.44 0.00
0.00 17060.14
81.00 -62.86 -9999.00 -9999.00 -9999.00 279.46 4.72 0.00
0.00 17971.78
70.60 -60.26 -9999.00 -9999.00 -9999.00 349.22 4.16 0.00
0.00 18822.89
62.20 -57.96 -9999.00 -9999.00 -9999.00 98.47 9.23 0.00
0.00 19616.54
54.30 -58.36 -9999.00 -9999.00 -9999.00 106.86 6.70 0.00
0.00 20471.34
46.90 -57.56 -9999.00 -9999.00 -9999.00 62.40 9.63 0.00
0.00 21394.17
40.10 -54.46 -9999.00 -9999.00 -9999.00 57.22 13.64 0.00
0.00 22389.78
33.80 -51.76 -9999.00 -9999.00 -9999.00 85.14 18.32 0.00
0.00 23490.62
27.80 -49.76 -9999.00 -9999.00 -9999.00 99.35 16.72 0.00
0.00 24762.78
22.30 -48.26 -9999.00 -9999.00 -9999.00 89.27 15.35 0.00
0.00 26209.12
17.10 -45.86 -9999.00 -9999.00 -9999.00 71.91 20.65 0.00
0.00 27966.24
12.30 -41.96 -9999.00 -9999.00 -9999.00 73.09 30.05 0.00
0.00 30177.11

STID = KMDW STNM = 725340 TIME = 200808/2300 
SLAT = 41.78 SLON = -87.75 SELV = 183.0
STIM = 5

SHOW = -2.31 LIFT = -4.68 SWET = 223.75 KINX = 34.00
LCLP = 850.41 PWAT = 42.68 TOTL = 49.88 CAPE = 1113.74
LCLT = 290.04 CINS = -56.32 EQLV = 231.18 LFCT = 719.62
BRCH = 56.46

PRES TMPC TMWC DWPC THTE DRCT SKNT OMEG
CFRL HGHT
994.30 30.14 22.60 19.39 347.06 190.30 8.68 0.00
0.00 192.00
991.30 29.54 22.36 19.29 346.51 190.56 11.65 0.00
0.00 219.03
985.80 28.94 22.11 19.18 346.31 190.82 13.44 0.00
0.00 268.71
976.40 28.04 21.73 19.00 346.14 191.61 14.47 0.00
0.00 354.03
962.40 26.74 21.18 18.75 346.01 192.61 15.13 0.00
0.00 482.18
944.60 25.14 20.48 18.42 345.91 195.07 15.70 -0.10
0.00 647.02
923.20 23.24 19.63 18.00 345.80 197.56 16.10 0.00
0.00 848.18
899.90 21.04 18.59 17.45 345.34 200.39 16.16 0.00
0.00 1071.00
874.60 19.14 17.10 16.10 343.56 211.46 15.25 0.20
8.00 1317.80
846.40 17.44 14.76 13.31 339.31 235.26 14.67 0.40
6.00 1599.47
815.30 15.34 12.60 10.98 336.73 239.69 14.63 0.50
23.00 1918.82
781.40 15.94 9.15 4.02 330.81 250.29 13.83 0.50
0.00 2279.63
744.50 12.34 8.45 5.72 334.87 253.93 11.93 0.40
0.00 2688.19
704.70 9.24 5.79 3.09 333.61 260.96 8.66 0.30
2.00 3146.84
662.10 6.64 1.53 -3.75 329.07 279.46 7.09 0.20
0.00 3661.63
616.50 2.44 -0.50 -3.51 332.10 306.03 5.28 0.20
0.00 4243.28
568.50 -2.26 -5.94 -11.31 327.91 331.23 11.31 0.20
0.00 4893.09
522.00 -7.16 -9.98 -14.91 328.22 320.76 15.05 0.10
0.00 5564.66
480.20 -11.26 -14.46 -22.36 327.72 300.11 11.23 0.00
0.00 6210.21
442.70 -15.36 -16.72 -19.82 331.76 277.85 11.36 -0.10
0.00 6829.24
408.90 -19.46 -21.22 -26.99 331.35 263.58 15.64 -0.10
2.00 7424.29
378.40 -22.56 -25.57 -52.31 331.13 270.51 21.76 -0.10
0.00 7996.61
350.90 -26.46 -28.98 -69.02 332.78 269.56 25.06 -0.10
0.00 8545.76
326.10 -30.06 -31.95 -54.68 335.13 260.74 26.57 -0.10
0.00 9071.18
303.80 -33.56 -35.07 -58.00 336.97 261.05 28.71 -0.10
0.00 9571.60
283.70 -37.06 -38.24 -60.30 338.56 260.48 32.89 -0.10
0.00 10048.17
265.60 -40.46 -41.38 -63.02 339.99 259.72 33.76 -0.10
0.00 10500.50
248.80 -43.26 -43.99 -63.51 342.23 261.33 34.77 0.00
0.00 10942.88
233.60 -45.76 -46.37 -66.97 344.61 263.53 37.92 0.00
0.00 11364.78
219.60 -48.26 -48.77 -72.27 346.85 263.50 37.72 0.00
0.00 11773.89
205.70 -50.46 -50.89 -72.71 349.93 258.48 31.12 0.10
0.00 12202.23
191.70 -52.46 -52.82 -73.19 353.84 245.42 27.56 0.00
0.00 12659.63
177.70 -55.26 -55.54 -73.70 357.01 246.31 29.49 0.00
0.00 13146.41
163.80 -58.36 -58.56 -74.24 360.21 255.16 30.34 0.00
0.00 13662.21
149.80 -61.46 -61.60 -74.84 364.19 263.95 29.49 0.00
0.00 14219.89
135.90 -64.26 -9999.00 -9999.00 -9999.00 268.70 25.64 0.00
0.00 14819.32
121.90 -65.46 -9999.00 -9999.00 -9999.00 267.55 22.75 0.00
0.00 15482.17
108.00 -65.66 -9999.00 -9999.00 -9999.00 266.79 20.82 0.00
0.00 16217.85
94.00 -64.76 -9999.00 -9999.00 -9999.00 285.48 13.09 0.00
0.00 17062.90
81.00 -62.36 -9999.00 -9999.00 -9999.00 274.40 5.07 0.00
0.00 17976.07
70.60 -59.76 -9999.00 -9999.00 -9999.00 347.47 1.79 0.00
0.00 18829.19
62.20 -58.26 -9999.00 -9999.00 -9999.00 129.09 8.00 0.00
0.00 19623.21
54.30 -57.96 -9999.00 -9999.00 -9999.00 102.09 2.78 0.00
0.00 20478.20
46.90 -56.36 -9999.00 -9999.00 -9999.00 50.19 9.11 0.00
0.00 21404.47
40.10 -53.86 -9999.00 -9999.00 -9999.00 55.26 14.67 0.00
0.00 22404.20
33.80 -52.86 -9999.00 -9999.00 -9999.00 84.86 17.37 0.00
0.00 23503.80
27.80 -51.26 -9999.00 -9999.00 -9999.00 103.32 15.17 0.00
0.00 24768.51
22.30 -48.66 -9999.00 -9999.00 -9999.00 79.34 16.80 0.00
0.00 26208.73
17.10 -44.06 -9999.00 -9999.00 -9999.00 68.13 28.67 0.00
0.00 27971.29
12.30 -41.36 -9999.00 -9999.00 -9999.00 71.67 32.73 0.00
0.00 30193.73

STID = KMDW STNM = 725340 TIME = 200809/0000 
SLAT = 41.78 SLON = -87.75 SELV = 183.0
STIM = 6

SHOW = -1.57 LIFT = -4.89 SWET = 202.00 KINX = 31.56
LCLP = 858.64 PWAT = 41.33 TOTL = 49.34 CAPE = 1164.48
LCLT = 290.42 CINS = -79.76 EQLV = 231.12 LFCT = 702.40
BRCH = 47.46

PRES TMPC TMWC DWPC THTE DRCT SKNT OMEG
CFRL HGHT
994.70 29.74 22.63 19.63 347.18 186.95 8.02 0.00
0.00 192.89
991.70 29.34 22.45 19.52 346.84 186.65 11.73 0.00
0.00 219.88
986.20 28.84 22.21 19.38 346.68 187.22 13.91 0.00
0.00 269.52
976.80 27.94 21.83 19.20 346.51 188.03 15.31 0.00
0.00 354.79
962.80 26.64 21.26 18.92 346.29 189.69 16.16 0.00
0.00 482.85
944.90 25.04 20.56 18.58 346.18 191.96 16.88 0.00
0.00 648.51
923.60 23.14 19.69 18.14 346.00 195.77 17.15 0.00
0.00 848.60
900.20 21.04 18.65 17.54 345.54 199.48 16.90 0.10
0.00 1072.28
874.90 19.14 16.92 15.82 342.80 213.11 16.01 0.30
7.00 1318.98
846.70 17.84 14.19 12.13 337.19 231.46 14.65 0.40
0.00 1600.66
815.60 16.14 12.02 9.46 334.69 236.75 14.16 0.50
0.00 1920.37
781.70 16.44 8.92 3.04 330.01 250.10 11.99 0.40
0.00 2281.71
744.80 12.64 8.19 4.98 333.99 253.41 9.52 0.30
0.00 2690.57
705.00 9.74 5.36 1.77 332.29 264.47 6.04 0.10
0.00 3149.53
662.40 7.04 1.39 -4.62 328.63 299.74 6.25 0.00
0.00 3664.79
616.80 2.54 -0.84 -4.45 331.14 315.00 7.15 -0.10
0.00 4246.57
568.70 -2.56 -5.43 -9.30 329.08 331.82 12.33 0.00
0.00 4897.25
522.20 -7.26 -10.30 -15.88 327.48 318.58 17.62 0.10
0.00 5568.14
480.30 -11.36 -14.15 -20.54 328.34 301.26 12.72 0.10
0.00 6214.81
442.80 -15.66 -17.09 -20.48 331.01 280.68 10.47 0.00
0.00 6833.25
409.00 -19.26 -22.37 -38.71 329.08 273.53 15.77 0.00
0.00 7427.91
378.40 -22.66 -25.75 -60.30 330.79 282.41 19.89 0.10
0.00 8002.01
350.90 -26.56 -28.89 -51.95 332.99 271.91 23.33 0.10
0.00 8550.94
326.10 -30.06 -31.87 -50.86 335.29 262.67 27.43 0.10
0.00 9076.28
303.80 -33.66 -35.14 -56.53 336.87 264.63 29.08 0.10
0.00 9576.61
283.70 -37.26 -38.39 -58.54 338.32 262.97 30.15 0.20
0.00 10052.88
265.60 -40.46 -41.35 -60.81 340.03 257.93 31.59 0.10
0.00 10505.01
248.80 -43.06 -43.80 -63.51 342.52 257.64 35.39 0.10
0.00 10947.59
233.60 -45.56 -46.18 -66.97 344.91 260.26 39.02 0.00
0.00 11369.86
219.60 -48.16 -48.65 -67.41 347.05 261.15 39.12 0.00
0.00 11779.24
205.70 -50.46 -50.89 -72.71 349.93 260.49 35.26 -0.10
0.00 12207.68
191.70 -52.66 -53.01 -73.19 353.52 253.86 30.73 -0.10
0.00 12664.88
177.70 -55.46 -55.73 -73.70 356.68 251.45 29.91 -0.10
0.00 13151.22
163.80 -58.46 -58.66 -74.24 360.04 258.47 30.13 -0.10
0.00 13666.65
149.80 -61.66 -61.80 -74.84 363.85 266.19 32.13 -0.10
0.00 14223.94
135.90 -64.56 -64.66 -75.48 368.98 273.34 29.97 0.00
0.00 14822.66
121.90 -66.16 -9999.00 -9999.00 -9999.00 275.89 24.61 0.00
0.00 15483.92
108.00 -65.86 -9999.00 -9999.00 -9999.00 275.30 18.92 0.00
0.00 16218.00
94.00 -64.66 -9999.00 -9999.00 -9999.00 289.89 9.71 0.00
0.00 17062.85
81.00 -61.76 -9999.00 -9999.00 -9999.00 253.61 3.44 0.00
0.00 17977.55
70.60 -59.26 -9999.00 -9999.00 -9999.00 146.31 1.40 0.00
0.00 18832.88
62.20 -58.56 -9999.00 -9999.00 -9999.00 151.39 7.30 0.00
0.00 19627.27
54.30 -57.56 -9999.00 -9999.00 -9999.00 9.46 3.54 0.00
0.00 20482.46
46.90 -56.56 -9999.00 -9999.00 -9999.00 42.21 11.29 0.00
0.00 21409.15
40.10 -55.16 -9999.00 -9999.00 -9999.00 70.56 14.01 0.00
0.00 22405.45
33.80 -54.16 -9999.00 -9999.00 -9999.00 87.06 15.17 0.00
0.00 23498.54
27.80 -51.96 -9999.00 -9999.00 -9999.00 78.23 14.28 0.00
0.00 24757.54
22.30 -48.16 -9999.00 -9999.00 -9999.00 57.65 20.69 0.00
0.00 26197.11
17.10 -42.36 -9999.00 -9999.00 -9999.00 69.72 28.57 0.00
0.00 27968.22
12.30 -40.36 -9999.00 -9999.00 -9999.00 77.95 32.58 0.00
0.00 30203.68

STID = KMDW STNM = 725340 TIME = 200809/0100 
SLAT = 41.78 SLON = -87.75 SELV = 183.0
STIM = 7

SHOW = -1.23 LIFT = -4.77 SWET = 193.58 KINX = 30.49
LCLP = 878.67 PWAT = 39.85 TOTL = 48.92 CAPE = 1165.40
LCLT = 291.14 CINS = -110.97 EQLV = 229.70 LFCT = 695.38
BRCH = 41.12

PRES TMPC TMWC DWPC THTE DRCT SKNT OMEG
CFRL HGHT
995.30 28.54 22.52 19.99 346.66 183.09 7.21 0.00
0.00 192.84
992.40 28.44 22.42 19.87 346.64 182.96 11.29 0.00
0.00 218.84
986.90 28.04 22.21 19.73 346.59 184.03 13.83 0.00
0.00 268.30
977.40 27.24 21.81 19.49 346.38 185.44 16.39 0.00
0.00 354.23
963.40 26.14 21.26 19.14 346.21 188.13 17.85 -0.10
0.00 481.97
945.50 24.64 20.53 18.72 345.99 192.01 18.67 -0.10
0.00 647.30
924.10 22.94 19.67 18.20 345.84 198.81 18.67 -0.10
0.00 848.02
900.80 20.94 18.56 17.45 345.08 206.57 18.24 -0.10
0.00 1070.49
875.50 19.24 16.71 15.44 341.88 217.87 17.72 0.00
0.00 1316.99
847.20 17.84 14.05 11.89 336.62 231.45 15.89 0.10
0.00 1599.49
816.10 17.04 11.43 7.71 332.60 243.07 13.73 0.10
0.00 1919.40
782.20 16.74 8.76 2.36 329.41 257.24 10.55 0.10
0.00 2281.11
745.20 12.84 7.92 4.27 333.08 261.47 7.85 -0.10
0.00 2691.12
705.40 9.84 5.10 1.09 331.43 272.60 4.27 -0.20
0.00 3149.97
662.70 6.84 1.29 -4.65 328.31 319.18 5.65 -0.20
0.00 3666.03
617.00 2.54 -1.38 -5.82 329.72 323.43 7.50 -0.20
0.00 4248.58
568.90 -2.86 -5.37 -8.66 329.21 326.61 10.24 0.00
0.00 4898.63
522.30 -7.26 -11.00 -18.77 325.95 312.23 17.06 0.10
0.00 5570.35
480.40 -11.26 -14.70 -23.71 327.17 291.48 12.74 0.00
0.00 6216.85
442.90 -15.76 -18.21 -25.50 328.79 272.82 11.87 -0.10
0.00 6834.96
409.10 -18.96 -22.64 -52.79 328.44 283.09 17.15 -0.10
0.00 7429.55
378.50 -22.66 -25.61 -50.40 331.05 284.04 20.03 -0.10
0.00 8003.82
351.00 -26.56 -28.79 -48.11 333.16 276.49 24.05 0.00
0.00 8552.62
326.20 -30.16 -31.95 -50.86 335.12 275.04 26.52 0.10
0.00 9077.71
303.80 -33.76 -35.20 -55.27 336.77 272.99 26.07 0.10
0.00 9579.99
283.70 -37.36 -38.46 -57.08 338.22 268.41 27.99 0.10
0.00 10056.07
265.60 -40.56 -41.44 -60.81 339.88 260.36 31.33 0.10
0.00 10508.01
248.80 -43.26 -43.99 -63.51 342.23 260.13 36.29 0.10
0.00 10950.30
233.60 -45.76 -46.37 -66.97 344.61 261.28 39.70 0.10
0.00 11372.20
219.60 -48.36 -48.84 -67.41 346.74 262.41 41.16 0.10
0.00 11781.21
205.70 -50.86 -51.24 -67.88 349.35 263.95 38.68 0.10
0.00 12209.08
191.70 -52.96 -53.30 -73.19 353.04 262.06 33.74 0.10
0.00 12665.56
177.70 -55.46 -55.73 -73.70 356.68 255.79 30.87 0.10
0.00 13151.56
163.80 -58.36 -58.56 -74.24 360.21 256.57 30.96 0.10
0.00 13667.12
149.80 -61.36 -61.50 -74.84 364.36 264.06 33.78 0.10
0.00 14224.93
135.90 -64.16 -64.26 -75.48 369.69 273.95 33.88 0.10
0.00 14824.65
121.90 -65.16 -9999.00 -9999.00 -9999.00 278.71 24.36 0.10
0.00 15488.14
108.00 -64.96 -9999.00 -9999.00 -9999.00 280.49 16.01 0.00
0.00 16225.59
94.00 -64.36 -9999.00 -9999.00 -9999.00 279.25 8.47 0.00
0.00 17072.88
81.00 -61.06 -9999.00 -9999.00 -9999.00 238.50 7.07 0.00
0.00 17989.75
70.60 -58.76 -9999.00 -9999.00 -9999.00 204.44 2.35 -0.10
0.00 18847.49
62.20 -59.16 -9999.00 -9999.00 -9999.00 162.90 2.64 -0.10
0.00 19641.70
54.30 -58.76 -9999.00 -9999.00 -9999.00 1.15 9.71 0.00
0.00 20493.31
46.90 -57.66 -9999.00 -9999.00 -9999.00 32.28 13.09 0.00
0.00 21415.07
40.10 -56.16 -9999.00 -9999.00 -9999.00 78.20 13.29 0.00
0.00 22406.55
33.80 -54.86 -9999.00 -9999.00 -9999.00 82.46 13.33 0.00
0.00 23495.39
27.80 -51.56 -9999.00 -9999.00 -9999.00 67.69 16.38 0.00
0.00 24753.53
22.30 -46.76 -9999.00 -9999.00 -9999.00 64.44 24.77 0.00
0.00 26198.91
17.10 -42.76 -9999.00 -9999.00 -9999.00 79.20 30.05 0.00
0.00 27973.91
12.30 -40.86 -9999.00 -9999.00 -9999.00 82.41 26.46 0.00
0.00 30205.02

STID = KMDW STNM = 725340 TIME = 200809/0200 
SLAT = 41.78 SLON = -87.75 SELV = 183.0
STIM = 8

SHOW = -1.91 LIFT = -4.67 SWET = 215.70 KINX = 31.88
LCLP = 901.79 PWAT = 40.02 TOTL = 49.44 CAPE = 1055.38
LCLT = 291.93 CINS = -104.36 EQLV = 235.69 LFCT = 706.40
BRCH = 32.20

PRES TMPC TMWC DWPC THTE DRCT SKNT OMEG
CFRL HGHT
995.40 27.14 22.38 20.38 346.07 174.29 5.85 0.00
0.00 191.91
992.40 27.14 22.25 20.18 345.95 175.31 11.89 0.00
0.00 218.68
986.90 26.84 22.02 19.97 345.82 176.19 14.61 0.00
0.00 267.95
977.40 26.54 21.62 19.49 345.54 179.43 19.42 0.00
0.00 353.61
963.50 25.64 21.02 18.99 345.18 182.65 21.00 -0.10
0.00 480.17
945.50 24.34 20.38 18.62 345.35 190.35 20.53 -0.20
0.00 646.19
924.20 22.74 19.65 18.25 345.72 203.20 19.23 -0.20
0.00 845.78
900.80 20.84 18.71 17.72 345.69 214.51 18.86 -0.20
0.00 1069.10
875.50 18.74 17.41 16.75 344.62 220.48 19.15 -0.20
2.00 1315.45
847.20 17.24 14.43 12.87 337.97 230.75 17.81 -0.10
0.00 1597.58
816.10 16.34 11.63 8.60 333.30 247.75 13.85 -0.20
0.00 1916.88
782.10 16.04 8.59 2.62 328.95 261.70 9.42 -0.20
0.00 2278.87
745.20 12.84 7.44 3.24 331.58 263.09 6.45 -0.30
0.00 2687.26
705.40 9.44 5.13 1.53 331.54 251.57 3.07 -0.30
0.00 3145.75
662.60 6.24 1.35 -3.74 328.52 318.37 2.33 -0.20
0.00 3662.21
617.00 2.34 -1.70 -6.41 328.93 321.71 4.70 -0.10
0.00 4242.71
568.90 -2.96 -5.64 -9.26 328.58 307.15 8.04 0.10
0.00 4892.34
522.30 -7.36 -11.48 -20.82 324.93 309.40 14.08 0.20
0.00 5563.71
480.40 -11.26 -15.33 -27.99 325.86 287.42 10.39 0.20
0.00 6209.96
442.90 -15.46 -19.17 -35.30 326.86 281.11 11.09 0.20
0.00 6828.25
409.10 -18.96 -22.47 -45.53 328.80 299.93 14.80 0.20
0.00 7423.08
378.50 -22.66 -25.53 -47.44 331.21 286.88 18.07 0.20
0.00 7997.37
351.00 -26.26 -28.61 -50.22 333.45 285.39 21.97 0.30
0.00 8546.50
326.20 -30.06 -31.97 -55.95 335.05 285.39 21.97 0.30
0.00 9072.01
303.80 -33.96 -35.38 -55.27 336.49 277.63 21.95 0.30
0.00 9574.18
283.70 -37.36 -38.48 -58.54 338.17 267.47 26.44 0.30
0.00 10050.05
265.60 -40.36 -41.29 -63.02 340.13 259.55 33.18 0.20
0.00 10502.18
248.80 -43.16 -43.89 -63.51 342.37 261.41 37.72 0.10
0.00 10944.76
233.60 -45.76 -46.37 -66.97 344.61 261.21 40.70 0.10
0.00 11366.75
219.60 -48.26 -48.75 -67.41 346.89 262.74 41.51 0.10
0.00 11775.86
205.70 -50.66 -51.05 -67.88 349.66 263.19 39.32 0.00
0.00 12204.01
191.70 -52.66 -53.01 -73.19 353.52 261.47 35.35 0.00
0.00 12661.00
177.70 -54.96 -55.25 -73.70 357.50 258.76 31.88 0.00
0.00 13147.90
163.80 -57.96 -58.17 -74.24 360.88 259.79 31.78 -0.10
0.00 13664.53
149.80 -61.26 -61.41 -74.84 364.54 267.09 34.42 -0.10
0.00 14222.99
135.90 -64.06 -64.17 -75.48 369.87 279.15 35.41 0.00
0.00 14823.00
121.90 -64.96 -9999.00 -9999.00 -9999.00 287.69 23.66 0.00
0.00 15486.96
108.00 -64.86 -9999.00 -9999.00 -9999.00 280.46 12.84 0.00
0.00 16224.94
94.00 -64.16 -9999.00 -9999.00 -9999.00 262.03 9.81 0.00
0.00 17072.84
81.00 -61.46 -9999.00 -9999.00 -9999.00 242.30 8.78 0.00
0.00 17989.27
70.60 -60.16 -9999.00 -9999.00 -9999.00 296.57 0.43 0.00
0.00 18843.40
62.20 -60.56 -9999.00 -9999.00 -9999.00 98.13 1.38 0.00
0.00 19632.42
54.30 -59.16 -9999.00 -9999.00 -9999.00 12.68 7.96 0.00
0.00 20480.45
46.90 -56.76 -9999.00 -9999.00 -9999.00 46.25 12.65 0.00
0.00 21403.28
40.10 -55.66 -9999.00 -9999.00 -9999.00 79.85 13.23 0.00
0.00 22397.98
33.80 -54.46 -9999.00 -9999.00 -9999.00 69.34 12.67 0.00
0.00 23489.07
27.80 -51.06 -9999.00 -9999.00 -9999.00 58.84 19.52 0.00
0.00 24749.78
22.30 -46.76 -9999.00 -9999.00 -9999.00 71.32 28.50 0.00
0.00 26196.77
17.10 -43.46 -9999.00 -9999.00 -9999.00 78.69 27.74 0.00
0.00 27969.04
12.30 -40.86 -9999.00 -9999.00 -9999.00 68.68 25.64 0.00
0.00 30196.79

STID = KMDW STNM = 725340 TIME = 200809/0300 
SLAT = 41.78 SLON = -87.75 SELV = 183.0
STIM = 9

SHOW = -2.48 LIFT = -4.18 SWET = 232.41 KINX = 32.39
LCLP = 917.34 PWAT = 40.39 TOTL = 49.48 CAPE = 846.09
LCLT = 292.26 CINS = -99.20 EQLV = 241.58 LFCT = 699.68
BRCH = 20.97

PRES TMPC TMWC DWPC THTE DRCT SKNT OMEG
CFRL HGHT
995.70 26.04 22.11 20.44 344.88 174.64 6.24 0.00
0.00 191.87
992.70 26.24 21.96 20.13 344.68 176.19 14.61 0.00
0.00 218.55
987.20 26.04 21.73 19.87 344.53 177.40 17.11 0.00
0.00 267.66
977.70 25.94 21.26 19.20 343.98 180.00 22.92 0.00
0.00 353.08
963.80 25.34 20.73 18.68 343.93 182.73 24.49 -0.10
0.00 479.40
945.90 24.14 20.27 18.54 344.83 190.94 23.54 -0.10
0.00 644.27
924.50 22.64 19.72 18.41 345.99 204.18 20.86 -0.10
0.00 844.63
901.10 20.84 18.84 17.91 346.16 216.87 19.42 -0.10
0.00 1067.86
875.70 18.54 17.75 17.34 345.94 222.16 19.39 0.00
7.00 1315.08
847.50 16.64 15.05 14.20 340.22 226.59 19.79 0.00
4.00 1595.87
816.30 15.44 11.97 9.83 334.45 244.47 14.41 0.00
0.00 1915.44
782.30 15.24 8.76 3.77 329.52 271.43 7.77 0.00
0.00 2276.42
745.30 12.74 7.07 2.51 330.45 267.40 4.27 0.00
0.00 2685.21
705.50 9.24 5.02 1.49 331.23 216.87 1.94 0.20
0.00 3143.35
662.70 6.14 1.36 -3.59 328.54 315.00 0.27 0.30
0.00 3659.47
617.10 2.44 -1.78 -6.76 328.71 304.70 3.07 0.40
0.00 4239.86
569.00 -2.76 -6.24 -11.39 327.16 302.38 9.42 0.40
0.00 4889.62
522.40 -7.16 -11.65 -22.48 324.52 315.00 10.99 0.30
0.00 5561.22
480.40 -10.86 -15.37 -30.70 325.73 285.59 8.66 0.20
0.00 6209.62
442.90 -14.76 -18.68 -35.30 327.74 299.05 10.00 0.20
0.00 6829.17
409.10 -18.46 -21.82 -39.32 330.02 303.47 13.73 0.20
0.00 7425.43
378.50 -22.06 -25.09 -48.10 331.97 295.73 17.89 0.20
0.00 8001.00
351.00 -25.96 -28.37 -50.22 333.85 298.89 19.31 0.10
0.00 8551.12
326.20 -29.96 -31.82 -52.57 335.32 286.33 20.05 0.10
0.00 9077.06
303.80 -34.06 -35.44 -54.16 336.39 273.74 20.82 0.10
0.00 9579.23
283.70 -37.56 -38.66 -58.54 337.89 265.27 25.93 0.00
0.00 10054.81
265.60 -40.66 -41.53 -60.81 339.74 262.83 32.69 0.00
0.00 10506.46
248.80 -43.36 -44.08 -63.51 342.08 263.63 36.75 0.00
0.00 10948.56
233.60 -45.96 -46.53 -63.98 344.35 262.91 40.91 0.00
0.00 11370.19
219.60 -48.56 -49.01 -64.44 346.48 265.05 40.56 0.00
0.00 11778.84
205.70 -50.56 -50.96 -67.88 349.82 265.31 38.01 0.00
0.00 12206.80
191.70 -52.26 -52.63 -73.19 354.16 263.42 35.59 0.00
0.00 12664.31
177.70 -54.56 -54.86 -73.70 358.15 261.45 33.97 -0.10
0.00 13152.09
163.80 -57.66 -57.88 -74.24 361.39 261.78 33.95 -0.20
0.00 13669.56
149.80 -61.46 -61.60 -74.84 364.19 264.72 33.74 -0.10
0.00 14228.15
135.90 -64.86 -64.95 -75.48 368.45 275.78 32.81 -0.10
0.00 14826.73
121.90 -65.46 -9999.00 -9999.00 -9999.00 285.42 23.37 0.00
0.00 15488.63
108.00 -64.56 -9999.00 -9999.00 -9999.00 261.74 12.16 0.00
0.00 16226.25
94.00 -63.66 -9999.00 -9999.00 -9999.00 255.07 12.06 0.00
0.00 17075.78
81.00 -61.76 -9999.00 -9999.00 -9999.00 247.38 10.10 0.00
0.00 17992.65
70.60 -61.16 -9999.00 -9999.00 -9999.00 265.24 2.33 0.00
0.00 18844.16
62.20 -60.66 -9999.00 -9999.00 -9999.00 277.13 1.57 0.00
0.00 19631.14
54.30 -58.76 -9999.00 -9999.00 -9999.00 13.74 8.99 0.00
0.00 20479.77
46.90 -56.56 -9999.00 -9999.00 -9999.00 47.78 14.16 0.00
0.00 21403.89
40.10 -55.56 -9999.00 -9999.00 -9999.00 67.91 14.47 0.00
0.00 22399.27
33.80 -54.36 -9999.00 -9999.00 -9999.00 63.43 15.64 0.00
0.00 23490.86
27.80 -50.76 -9999.00 -9999.00 -9999.00 61.00 20.44 0.00
0.00 24752.71
22.30 -46.96 -9999.00 -9999.00 -9999.00 72.60 27.27 0.00
0.00 26200.02
17.10 -44.26 -9999.00 -9999.00 -9999.00 71.83 26.79 0.00
0.00 27968.42
12.30 -41.56 -9999.00 -9999.00 -9999.00 71.24 32.61 0.00
0.00 30188.93

STID = KMDW STNM = 725340 TIME = 200809/0400 
SLAT = 41.78 SLON = -87.75 SELV = 183.0
STIM = 10

SHOW = -2.41 LIFT = -4.08 SWET = 227.06 KINX = 30.59
LCLP = 924.65 PWAT = 39.76 TOTL = 49.12 CAPE = 854.03
LCLT = 292.27 CINS = -122.68 EQLV = 240.79 LFCT = 656.52
BRCH = 18.64

PRES TMPC TMWC DWPC THTE DRCT SKNT OMEG
CFRL HGHT
995.40 25.34 21.83 20.31 343.71 174.96 6.62 0.00
0.00 192.74
992.50 25.54 21.69 20.01 343.54 177.77 14.98 0.00
0.00 218.47
986.90 25.34 21.47 19.78 343.49 178.09 17.48 0.00
0.00 268.37
977.50 25.44 21.15 19.26 343.58 182.27 24.49 0.00
0.00 352.74
963.60 25.14 20.85 18.96 344.48 185.46 26.53 0.00
0.00 478.95
945.60 24.04 20.44 18.85 345.60 194.14 25.45 0.00
0.00 644.73
924.20 22.54 19.80 18.57 346.36 205.42 21.72 0.00
0.00 845.11
900.90 20.74 18.86 17.99 346.29 215.27 19.50 0.10
0.00 1067.39
875.50 18.44 17.68 17.28 345.68 217.57 19.11 0.10
4.00 1314.58
847.20 16.34 15.08 14.40 340.38 222.51 18.98 0.20
7.00 1596.26
816.10 16.04 11.56 8.67 333.07 243.89 11.03 0.20
0.00 1915.02
782.10 15.54 8.75 3.48 329.50 292.38 3.57 0.20
0.00 2276.56
745.20 12.84 7.03 2.34 330.35 225.00 1.92 0.20
0.00 2684.58
705.40 9.74 4.77 0.44 330.49 189.46 2.37 0.30
0.00 3143.20
662.60 6.84 1.23 -4.81 328.17 246.80 1.48 0.40
0.00 3660.36
617.00 2.84 -2.03 -8.10 328.04 294.90 6.00 0.30
0.00 4241.87
568.90 -2.36 -6.84 -14.29 325.76 311.92 12.80 0.20
0.00 4892.50
522.40 -7.06 -11.57 -22.39 324.68 317.23 10.59 0.00
0.00 5563.23
480.40 -10.66 -15.17 -30.04 326.12 292.78 10.53 0.00
0.00 6212.00
442.90 -14.66 -17.89 -28.34 329.33 307.23 12.20 0.00
0.00 6832.00
409.10 -18.76 -21.50 -32.72 330.69 316.44 16.36 0.00
0.00 7428.15
378.50 -22.66 -25.26 -41.04 331.75 315.00 16.76 0.10
0.00 8002.77
351.00 -26.46 -28.52 -43.60 333.65 308.32 15.35 0.10
0.00 8551.73
326.20 -30.36 -32.07 -49.41 334.93 280.93 17.40 0.20
0.00 9076.72
303.80 -34.26 -35.63 -55.27 336.07 265.47 19.68 0.20
0.00 9578.28
283.70 -37.66 -38.75 -58.54 337.74 259.31 28.26 0.10
0.00 10053.55
265.60 -40.76 -41.62 -60.81 339.59 265.18 32.36 0.00
0.00 10505.01
248.80 -43.26 -43.99 -63.51 342.23 267.03 37.55 0.00
0.00 10947.11
233.60 -46.16 -46.72 -63.98 344.05 269.44 39.63 0.00
0.00 11368.64
219.60 -48.76 -49.20 -64.44 346.17 269.42 38.07 0.00
0.00 11776.93
205.70 -50.56 -50.96 -67.88 349.82 268.13 35.76 0.00
0.00 12204.70
191.70 -52.16 -52.53 -73.19 354.32 263.35 35.20 0.00
0.00 12662.32
177.70 -54.36 -54.67 -73.70 358.48 257.93 37.14 -0.10
0.00 13150.43
163.80 -57.76 -57.98 -74.24 361.22 257.54 37.80 -0.20
0.00 13668.01
149.80 -61.76 -61.90 -74.84 363.68 263.08 33.86 -0.10
0.00 14226.09
135.90 -65.16 -65.25 -75.48 367.92 275.75 29.10 0.00
0.00 14823.81
121.90 -65.06 -9999.00 -9999.00 -9999.00 281.92 21.64 0.00
0.00 15485.87
108.00 -63.66 -9999.00 -9999.00 -9999.00 247.32 14.10 0.00
0.00 16225.80
94.00 -63.46 -9999.00 -9999.00 -9999.00 260.54 13.00 0.00
0.00 17077.56
81.00 -61.96 -9999.00 -9999.00 -9999.00 267.40 8.55 0.00
0.00 17994.43
70.60 -61.26 -9999.00 -9999.00 -9999.00 312.88 3.71 0.00
0.00 18845.34
62.20 -60.36 -9999.00 -9999.00 -9999.00 315.00 2.47 0.00
0.00 19632.68
54.30 -58.66 -9999.00 -9999.00 -9999.00 35.22 8.08 0.00
0.00 20482.11
46.90 -56.86 -9999.00 -9999.00 -9999.00 65.07 15.21 0.00
0.00 21405.80
40.10 -56.26 -9999.00 -9999.00 -9999.00 68.20 15.70 0.00
0.00 22398.89
33.80 -53.56 -9999.00 -9999.00 -9999.00 64.01 17.29 0.00
0.00 23490.73
27.80 -50.56 -9999.00 -9999.00 -9999.00 67.31 23.15 0.00
0.00 24755.44
22.30 -47.56 -9999.00 -9999.00 -9999.00 81.93 26.28 0.00
0.00 26201.46
17.10 -43.76 -9999.00 -9999.00 -9999.00 84.21 28.90 0.00
0.00 27969.47
12.30 -41.96 -9999.00 -9999.00 -9999.00 76.04 33.82 0.00
0.00 30190.46

STID = KMDW STNM = 725340 TIME = 200809/0500 
SLAT = 41.78 SLON = -87.75 SELV = 183.0
STIM = 11

SHOW = -1.83 LIFT = -4.85 SWET = 204.35 KINX = 28.66
LCLP = 937.39 PWAT = 39.37 TOTL = 49.07 CAPE = 1091.30
LCLT = 292.81 CINS = -135.68 EQLV = 230.30 LFCT = 654.54
BRCH = 22.37

PRES TMPC TMWC DWPC THTE DRCT SKNT OMEG
CFRL HGHT
995.50 24.74 21.88 20.64 343.91 183.27 6.82 0.00
0.00 192.72
992.50 24.94 21.77 20.39 343.89 184.40 15.19 0.00
0.00 219.29
987.00 24.74 21.60 20.23 344.01 184.97 17.93 0.00
0.00 268.21
977.60 24.54 21.44 20.09 344.79 190.62 25.29 0.00
0.00 352.39
963.60 24.44 21.38 20.06 346.73 193.65 27.99 0.00
0.00 479.23
945.70 23.64 20.92 19.75 347.66 201.88 26.59 0.10
0.00 643.86
924.30 22.24 20.02 19.03 347.28 209.25 22.26 0.10
0.00 844.07
900.90 20.54 18.92 18.17 346.55 212.88 18.96 0.10
0.00 1067.13
875.50 18.14 17.60 17.30 345.37 212.47 17.74 0.20
13.00 1314.13
847.20 16.94 14.45 13.08 338.07 219.40 14.08 0.20
8.00 1595.87
816.10 17.34 10.94 6.49 330.99 236.31 4.20 0.20
0.00 1915.46
782.20 16.14 8.75 2.91 329.42 138.81 2.06 0.20
0.00 2276.94
745.20 13.24 6.97 1.80 330.12 182.12 5.24 0.10
0.00 2686.70
705.40 10.24 4.54 -0.63 329.78 199.98 4.55 0.10
0.00 3145.95
662.70 7.44 1.18 -5.79 327.96 261.03 3.73 0.10
0.00 3662.77
617.10 3.04 -2.15 -8.77 327.72 301.76 9.60 0.00
0.00 4244.94
569.00 -2.36 -6.85 -14.34 325.72 320.91 16.03 -0.10
0.00 4895.65
522.40 -7.26 -11.33 -20.33 325.23 321.89 12.59 -0.20
0.00 5567.56
480.50 -11.06 -15.23 -28.26 326.02 311.63 11.69 -0.10
0.00 6214.06
442.90 -15.06 -18.02 -27.35 329.10 324.69 11.42 0.10
0.00 6834.73
409.20 -19.06 -21.42 -30.24 330.85 327.01 13.21 0.20
0.00 7428.27
378.50 -22.46 -25.00 -39.47 332.21 311.92 12.80 0.30
0.00 8004.63
351.00 -26.36 -28.36 -42.10 333.94 291.95 14.02 0.20
0.00 8553.93
326.20 -30.46 -32.22 -51.68 334.67 271.25 17.87 0.10
0.00 9078.93
303.80 -34.36 -35.74 -56.53 335.89 262.33 20.38 0.10
0.00 9580.27
283.70 -37.96 -39.02 -58.54 337.31 261.93 27.66 0.10
0.00 10055.14
265.60 -40.76 -41.62 -60.81 339.59 266.47 31.53 0.00
0.00 10506.31
248.80 -43.26 -43.99 -63.51 342.23 269.07 35.94 0.00
0.00 10948.41
233.60 -45.96 -46.53 -63.98 344.35 267.60 37.14 -0.10
0.00 11370.13
219.60 -48.46 -48.94 -67.41 346.59 267.34 37.72 -0.10
0.00 11778.87
205.70 -50.76 -51.15 -67.88 349.51 267.54 36.17 -0.10
0.00 12206.73
191.70 -52.76 -53.11 -73.19 353.36 263.97 35.16 -0.10
0.00 12663.52
177.70 -55.16 -55.44 -73.70 357.17 258.75 37.82 0.00
0.00 13150.08
163.80 -58.36 -58.56 -74.24 360.21 258.16 36.91 0.00
0.00 13666.00
149.80 -61.86 -61.99 -74.84 363.50 260.71 31.29 0.00
0.00 14223.15
135.90 -64.26 -64.36 -75.48 369.52 272.62 25.47 0.00
0.00 14822.02
121.90 -64.46 -9999.00 -9999.00 -9999.00 280.59 21.15 0.00
0.00 15486.46
108.00 -64.36 -9999.00 -9999.00 -9999.00 260.66 15.56 0.00
0.00 16226.21
94.00 -65.16 -9999.00 -9999.00 -9999.00 276.71 13.31 0.00
0.00 17073.09
81.00 -63.56 -9999.00 -9999.00 -9999.00 271.51 7.38 0.00
0.00 17982.78
70.60 -62.06 -9999.00 -9999.00 -9999.00 198.43 1.85 0.00
0.00 18828.86
62.20 -59.86 -9999.00 -9999.00 -9999.00 119.05 2.00 0.00
0.00 19615.65
54.30 -57.56 -9999.00 -9999.00 -9999.00 63.00 11.56 0.00
0.00 20468.25
46.90 -56.66 -9999.00 -9999.00 -9999.00 74.31 17.95 0.00
0.00 21394.73
40.10 -55.26 -9999.00 -9999.00 -9999.00 65.12 14.78 0.00
0.00 22390.57
33.80 -52.26 -9999.00 -9999.00 -9999.00 57.53 17.74 0.00
0.00 23488.16
27.80 -50.36 -9999.00 -9999.00 -9999.00 74.79 20.73 0.00
0.00 24757.17
22.30 -48.06 -9999.00 -9999.00 -9999.00 86.96 21.99 0.00
0.00 26202.22
17.10 -44.36 -9999.00 -9999.00 -9999.00 89.22 28.36 0.00
0.00 27965.95
12.30 -42.46 -9999.00 -9999.00 -9999.00 78.94 34.44 0.00
0.00 30181.64

STID = KMDW STNM = 725340 TIME = 200809/0600 
SLAT = 41.78 SLON = -87.75 SELV = 183.0
STIM = 12

SHOW = -1.33 LIFT = -5.53 SWET = 191.96 KINX = 28.80
LCLP = 958.00 PWAT = 39.73 TOTL = 49.06 CAPE = 1427.07
LCLT = 294.00 CINS = -83.77 EQLV = 214.42 LFCT = 714.60
BRCH = 48.94

PRES TMPC TMWC DWPC THTE DRCT SKNT OMEG
CFRL HGHT
996.00 24.14 22.29 21.49 345.61 204.62 5.13 0.00
0.00 191.82
992.90 24.54 22.28 21.32 346.06 204.23 12.78 0.00
0.00 219.23
987.40 24.34 22.15 21.21 346.33 204.33 15.56 0.00
0.00 268.09
978.00 24.24 22.11 21.21 347.66 207.47 21.89 0.00
0.00 352.19
964.00 23.74 21.87 21.07 348.83 210.09 24.03 0.10
0.00 478.84
946.00 22.94 21.12 20.33 348.47 213.82 23.39 0.10
0.00 644.02
924.60 21.84 20.14 19.37 347.73 212.01 20.16 0.10
0.00 843.85
901.20 20.14 18.88 18.28 346.32 206.04 19.02 0.10
0.00 1066.56
875.80 18.34 17.02 16.35 343.03 202.89 18.98 0.10
16.00 1313.34
847.60 17.64 14.02 11.96 336.46 206.23 14.94 0.00
2.00 1594.27
816.40 17.34 10.86 6.32 330.68 194.93 6.02 -0.10
0.00 1915.05
782.40 15.84 8.51 2.63 328.68 158.20 6.27 -0.20
0.00 2277.27
745.50 13.04 6.43 0.72 328.50 187.77 8.62 -0.20
0.00 2685.36
705.70 9.94 4.45 -0.52 329.51 211.83 6.62 -0.20
0.00 3143.96
662.90 7.24 1.20 -5.44 328.01 267.40 4.27 -0.10
0.00 3661.36
617.30 2.84 -2.12 -8.37 327.77 309.29 11.05 -0.10
0.00 4242.97
569.10 -2.66 -6.53 -12.54 326.46 327.69 15.64 -0.10
0.00 4894.37
522.50 -7.56 -11.15 -18.62 325.61 338.20 13.60 -0.10
0.00 5565.52
480.60 -11.26 -15.00 -25.55 326.51 332.53 10.96 0.00
0.00 6211.37
443.00 -14.96 -17.99 -27.59 329.14 338.81 10.22 0.10
0.00 6831.82
409.20 -18.56 -21.20 -31.41 331.22 325.24 11.58 0.10
0.00 7427.74
378.60 -22.36 -24.95 -39.76 332.28 307.79 12.04 0.20
0.00 8002.80
351.00 -26.46 -28.59 -44.89 333.53 284.62 13.85 0.20
0.00 8554.02
326.20 -30.46 -32.26 -53.57 334.59 260.74 18.10 0.10
0.00 9078.89
303.80 -34.46 -35.85 -58.00 335.70 256.50 24.96 0.00
0.00 9580.12
283.70 -38.26 -39.28 -58.54 336.88 260.74 26.57 0.00
0.00 10054.59
265.60 -40.66 -41.53 -60.81 339.74 268.59 31.47 0.00
0.00 10505.57
248.80 -43.66 -44.33 -61.32 341.67 272.26 34.40 0.00
0.00 10947.38
233.60 -46.56 -47.09 -63.98 343.44 268.73 35.16 0.00
0.00 11368.18
219.60 -48.96 -49.41 -67.41 345.81 265.63 35.64 0.00
0.00 11775.93
205.70 -50.96 -51.34 -67.88 349.19 262.83 34.27 0.00
0.00 12203.12
191.70 -52.86 -53.20 -73.19 353.20 260.07 34.91 0.00
0.00 12659.60
177.70 -55.46 -55.73 -73.70 356.68 260.49 37.63 0.00
0.00 13145.72
163.80 -58.56 -58.75 -74.24 359.88 261.21 35.59 0.00
0.00 13661.04
149.80 -61.86 -61.99 -74.84 363.50 260.42 30.34 0.00
0.00 14217.93
135.90 -64.26 -64.36 -75.48 369.52 264.93 24.18 0.00
0.00 14816.80
121.90 -64.86 -9999.00 -9999.00 -9999.00 266.39 18.49 0.00
0.00 15480.60
108.00 -64.76 -9999.00 -9999.00 -9999.00 245.03 15.64 0.00
0.00 16218.94
94.00 -65.36 -9999.00 -9999.00 -9999.00 261.74 12.16 0.00
0.00 17064.60
81.00 -63.46 -9999.00 -9999.00 -9999.00 272.66 8.35 0.00
0.00 17974.06
70.60 -61.66 -9999.00 -9999.00 -9999.00 299.74 3.13 0.00
0.00 18821.15
62.20 -59.26 -9999.00 -9999.00 -9999.00 7.13 4.70 0.00
0.00 19609.80
54.30 -57.56 -9999.00 -9999.00 -9999.00 62.70 13.56 0.00
0.00 20463.59
46.90 -57.16 -9999.00 -9999.00 -9999.00 85.55 17.54 0.00
0.00 21389.00
40.10 -55.36 -9999.00 -9999.00 -9999.00 77.12 13.95 0.00
0.00 22383.46
33.80 -52.96 -9999.00 -9999.00 -9999.00 64.94 16.51 0.00
0.00 23479.06
27.80 -50.46 -9999.00 -9999.00 -9999.00 81.16 17.70 0.00
0.00 24745.77
22.30 -48.36 -9999.00 -9999.00 -9999.00 92.92 19.06 0.00
0.00 26189.54
17.10 -44.36 -9999.00 -9999.00 -9999.00 90.44 25.45 0.00
0.00 27952.10
12.30 -42.36 -9999.00 -9999.00 -9999.00 78.82 33.06 0.00
0.00 30168.27

STID = KMDW STNM = 725340 TIME = 200809/0700 
SLAT = 41.78 SLON = -87.75 SELV = 183.0
STIM = 13

SHOW = -2.42 LIFT = -5.32 SWET = 228.88 KINX = 29.62
LCLP = 971.82 PWAT = 40.17 TOTL = 50.08 CAPE = 1317.14
LCLT = 294.61 CINS = -73.92 EQLV = 219.91 LFCT = 716.44
BRCH = 65.98

PRES TMPC TMWC DWPC THTE DRCT SKNT OMEG
CFRL HGHT
996.10 23.54 22.38 21.86 345.99 222.88 3.71 0.00
0.00 191.80
993.10 23.94 22.41 21.74 346.57 216.67 11.38 0.00
0.00 218.28
987.60 23.84 22.31 21.65 347.02 216.09 14.18 0.00
0.00 267.05
978.10 23.44 22.09 21.50 347.56 217.22 19.27 0.10
0.00 351.87
964.10 22.84 21.45 20.83 346.98 218.42 21.56 0.10
1.00 478.14
946.10 22.54 20.66 19.82 346.46 214.51 22.63 0.10
0.00 642.91
924.70 21.34 20.05 19.46 347.36 204.81 22.69 0.00
0.00 842.38
901.30 19.94 18.84 18.31 346.14 204.40 20.69 0.00
2.00 1064.82
875.90 18.34 17.03 16.37 343.07 209.00 18.43 0.00
5.00 1311.48
847.70 17.14 14.75 13.46 339.08 209.05 16.01 -0.10
3.00 1592.23
816.50 16.84 11.32 7.64 332.19 196.59 9.52 -0.20
0.00 1912.59
782.50 15.34 8.31 2.63 328.09 164.74 8.86 -0.30
0.00 2274.22
745.60 12.74 5.68 -0.89 326.30 183.18 10.51 -0.30
0.00 2681.62
705.70 9.64 4.10 -1.05 328.55 204.57 7.48 -0.20
0.00 3140.74
663.00 7.04 1.20 -5.17 328.01 262.88 3.13 -0.10
0.00 3656.42
617.30 2.84 -2.18 -8.56 327.62 320.63 9.79 0.00
0.00 4239.05
569.20 -2.76 -6.39 -11.88 326.77 331.88 12.78 0.00
0.00 4888.94
522.60 -7.46 -11.11 -18.69 325.68 348.50 11.69 0.00
0.00 5560.00
480.60 -11.46 -14.63 -22.61 327.28 339.30 9.34 0.10
0.00 6207.26
443.00 -14.96 -17.87 -26.77 329.38 332.82 8.08 0.10
0.00 6827.54
409.20 -18.56 -21.24 -31.72 331.15 315.88 8.94 0.10
0.00 7423.47
378.60 -22.36 -25.00 -40.71 332.16 290.90 11.44 0.10
0.00 7998.53
351.00 -26.36 -28.63 -48.11 333.43 271.40 15.93 0.00
0.00 8549.84
326.20 -30.66 -32.41 -52.57 334.35 259.19 21.76 -0.10
0.00 9074.60
303.80 -34.96 -36.22 -54.16 335.12 262.29 26.07 -0.10
0.00 9575.11
283.70 -38.36 -39.35 -57.08 336.78 266.27 26.86 0.00
0.00 10048.98
265.60 -41.06 -41.87 -59.06 339.20 274.95 29.25 0.10
0.00 10499.47
248.80 -43.76 -44.45 -63.51 341.48 274.01 30.57 0.10
0.00 10940.81
233.60 -46.46 -47.02 -66.97 343.55 266.67 33.47 0.10
0.00 11361.61
219.60 -48.76 -49.22 -67.41 346.12 263.94 34.97 0.10
0.00 11769.62
205.70 -50.96 -51.34 -67.88 349.19 260.38 34.87 0.00
0.00 12197.01
191.70 -53.16 -53.49 -73.19 352.72 259.06 35.82 0.00
0.00 12653.18
177.70 -55.66 -55.92 -73.70 356.35 260.54 36.64 0.00
0.00 13138.74
163.80 -58.56 -58.75 -74.24 359.88 259.55 33.18 0.00
0.00 13653.82
149.80 -61.46 -61.60 -74.84 364.19 255.33 29.91 0.10
0.00 14211.24
135.90 -63.46 -63.58 -75.48 370.93 258.95 25.33 0.00
0.00 14811.82
121.90 -64.16 -9999.00 -9999.00 -9999.00 258.92 19.19 0.00
0.00 15478.01
108.00 -65.16 -9999.00 -9999.00 -9999.00 250.52 16.90 -0.10
0.00 16216.87
94.00 -66.16 -9999.00 -9999.00 -9999.00 270.82 13.60 0.00
0.00 17060.10
81.00 -63.66 -9999.00 -9999.00 -9999.00 279.46 8.28 0.00
0.00 17967.38
70.60 -61.06 -9999.00 -9999.00 -9999.00 248.20 1.05 0.00
0.00 18815.28
62.20 -58.86 -9999.00 -9999.00 -9999.00 73.30 4.06 0.00
0.00 19605.78
54.30 -57.66 -9999.00 -9999.00 -9999.00 92.26 14.78 0.00
0.00 20460.17
46.90 -56.46 -9999.00 -9999.00 -9999.00 99.01 16.12 0.00
0.00 21386.86
40.10 -54.26 -9999.00 -9999.00 -9999.00 86.82 14.01 0.00
0.00 22385.45
33.80 -52.56 -9999.00 -9999.00 -9999.00 75.41 14.65 0.00
0.00 23484.80
27.80 -49.96 -9999.00 -9999.00 -9999.00 75.60 14.84 0.00
0.00 24754.09
22.30 -48.66 -9999.00 -9999.00 -9999.00 75.44 15.46 0.00
0.00 26198.50
17.10 -45.36 -9999.00 -9999.00 -9999.00 72.86 21.76 0.00
0.00 27956.01
12.30 -42.76 -9999.00 -9999.00 -9999.00 77.74 32.01 0.00
0.00 30165.43

STID = KMDW STNM = 725340 TIME = 200809/0800 
SLAT = 41.78 SLON = -87.75 SELV = 183.0
STIM = 14

SHOW = -2.53 LIFT = -4.25 SWET = 231.19 KINX = 28.99
LCLP = 978.04 PWAT = 39.25 TOTL = 50.44 CAPE = 913.45
LCLT = 294.69 CINS = -142.24 EQLV = 237.35 LFCT = 649.04
BRCH = 64.47

PRES TMPC TMWC DWPC THTE DRCT SKNT OMEG
CFRL HGHT
995.60 23.04 22.22 21.83 345.36 207.90 3.73 0.00
0.00 191.79
992.50 23.34 22.25 21.76 345.99 213.41 10.94 0.00
0.00 219.12
987.10 23.24 22.13 21.63 346.31 215.06 13.52 0.10
0.00 266.93
977.60 22.74 21.67 21.18 345.80 219.81 18.20 0.10
0.00 351.60
963.60 22.04 20.55 19.86 343.24 222.38 21.04 0.20
9.00 477.57
945.70 22.14 19.42 18.15 341.41 222.80 21.45 0.30
0.00 641.05
924.30 21.24 19.23 18.29 343.99 211.15 20.65 0.30
0.00 840.28
900.90 20.14 18.29 17.40 343.95 206.08 20.34 0.40
0.00 1062.72
875.60 18.74 16.76 15.76 342.05 206.57 18.24 0.40
1.00 1308.66
847.30 17.44 14.76 13.31 339.17 208.99 16.43 0.40
0.00 1590.81
816.20 16.34 11.85 9.01 334.01 199.49 13.38 0.30
0.00 1910.23
782.20 14.94 8.49 3.43 328.72 182.05 10.88 0.20
0.00 2271.56
745.30 12.54 5.22 -1.89 325.07 191.94 10.33 0.20
0.00 2678.69
705.50 9.64 3.70 -2.07 327.46 208.39 8.18 0.20
0.00 3136.57
662.80 7.04 1.18 -5.24 327.97 241.93 3.30 0.20
0.00 3652.33
617.20 2.64 -2.26 -8.49 327.45 323.75 7.23 0.10
0.00 4233.62
569.10 -2.96 -6.26 -11.12 327.09 327.26 9.69 0.00
0.00 4883.18
522.50 -7.56 -11.09 -18.35 325.74 351.03 7.48 -0.10
0.00 5554.03
480.50 -11.56 -14.31 -20.68 327.98 331.82 6.18 -0.10
0.00 6201.23
442.90 -14.86 -17.78 -26.66 329.57 316.27 6.18 -0.10
0.00 6821.69
409.20 -18.46 -21.32 -33.06 330.99 304.05 8.68 -0.10
0.00 7416.14
378.50 -22.46 -25.14 -41.75 331.94 292.75 13.05 -0.10
0.00 7993.14
351.00 -26.66 -28.85 -47.49 333.07 273.69 18.10 -0.20
0.00 8542.08
326.20 -31.06 -32.77 -53.57 333.76 267.18 23.72 -0.20
0.00 9066.09
303.80 -35.66 -36.83 -54.16 334.14 267.21 23.91 -0.10
0.00 9565.45
283.70 -38.36 -39.35 -57.08 336.78 270.90 24.86 0.10
0.00 10038.62
265.60 -40.66 -41.53 -60.81 339.74 273.58 28.03 0.10
0.00 10489.50
248.80 -43.56 -44.24 -61.32 341.82 269.30 31.66 0.10
0.00 10931.41
233.60 -46.66 -47.21 -66.97 343.25 263.55 34.60 0.00
0.00 11352.21
219.60 -49.06 -49.50 -67.41 345.66 260.80 35.22 0.00
0.00 11759.77
205.70 -51.26 -51.62 -67.88 348.72 258.75 34.85 0.00
0.00 12186.59
191.70 -53.36 -53.68 -73.19 352.40 260.38 34.87 0.00
0.00 12642.24
177.70 -55.66 -55.92 -73.70 356.35 262.99 35.02 0.00
0.00 13127.58
163.80 -58.36 -58.56 -74.24 360.21 261.72 32.38 0.00
0.00 13642.90
149.80 -61.26 -61.41 -74.84 364.54 258.19 30.36 0.00
0.00 14200.84
135.90 -63.66 -63.77 -75.48 370.58 259.85 26.44 0.00
0.00 14801.42
121.90 -64.76 -9999.00 -9999.00 -9999.00 255.14 19.70 0.00
0.00 15466.34
108.00 -66.26 -9999.00 -9999.00 -9999.00 247.72 17.42 0.00
0.00 16202.19
94.00 -66.36 -9999.00 -9999.00 -9999.00 267.58 13.81 0.00
0.00 17042.77
81.00 -62.36 -9999.00 -9999.00 -9999.00 277.13 7.83 0.00
0.00 17952.45
70.60 -60.36 -9999.00 -9999.00 -9999.00 243.43 0.87 0.00
0.00 18804.37
62.20 -59.06 -9999.00 -9999.00 -9999.00 52.13 4.43 0.00
0.00 19595.80
54.30 -58.06 -9999.00 -9999.00 -9999.00 79.61 11.85 0.00
0.00 20449.00
46.90 -56.06 -9999.00 -9999.00 -9999.00 89.01 11.27 0.00
0.00 21375.69
40.10 -54.06 -9999.00 -9999.00 -9999.00 79.26 11.46 0.00
0.00 22375.66
33.80 -52.36 -9999.00 -9999.00 -9999.00 67.75 13.85 0.00
0.00 23476.00
27.80 -50.06 -9999.00 -9999.00 -9999.00 65.97 15.73 0.00
0.00 24745.58
22.30 -48.26 -9999.00 -9999.00 -9999.00 77.11 16.53 0.00
0.00 26190.95
17.10 -44.76 -9999.00 -9999.00 -9999.00 75.45 20.86 0.00
0.00 27952.36
12.30 -42.16 -9999.00 -9999.00 -9999.00 75.96 31.24 0.00
0.00 30167.56

STID = KMDW STNM = 725340 TIME = 200809/0900 
SLAT = 41.78 SLON = -87.75 SELV = 183.0
STIM = 15

SHOW = -3.12 LIFT = -3.56 SWET = 250.08 KINX = 28.53
LCLP = 978.70 PWAT = 38.43 TOTL = 51.23 CAPE = 716.81
LCLT = 294.44 CINS = -211.92 EQLV = 250.30 LFCT = 628.93
BRCH = 54.20

PRES TMPC TMWC DWPC THTE DRCT SKNT OMEG
CFRL HGHT
995.70 22.74 21.95 21.57 344.19 215.22 4.04 0.00
0.00 192.66
992.70 22.84 21.90 21.45 344.41 215.66 10.99 0.00
0.00 219.06
987.20 22.64 21.72 21.28 344.50 216.87 13.60 0.10
0.00 267.65
977.70 22.14 21.18 20.72 343.68 222.44 18.41 0.10
2.00 352.11
963.80 21.64 20.17 19.48 341.66 227.55 21.58 0.10
12.00 476.92
945.90 21.74 19.14 17.90 340.25 233.03 22.61 0.10
0.00 640.12
924.50 20.94 18.45 17.24 340.82 229.57 20.67 0.20
0.00 839.00
901.10 19.74 17.77 16.80 341.86 221.73 19.27 0.10
0.00 1061.03
875.80 18.74 16.80 15.82 342.17 212.47 17.74 0.10
0.00 1306.72
847.50 17.64 15.12 13.78 340.45 206.88 15.89 0.10
0.00 1588.93
816.40 16.54 12.05 9.25 334.66 201.95 14.02 0.10
0.00 1908.54
782.30 15.44 8.06 1.92 327.35 195.71 12.92 0.10
0.00 2271.25
745.40 12.84 4.85 -3.35 323.99 195.52 10.88 0.10
0.00 2678.76
705.70 9.94 3.50 -2.99 326.83 204.86 8.78 0.10
0.00 3135.76
662.90 7.34 1.18 -5.65 327.94 239.04 3.40 0.10
0.00 3653.11
617.30 2.74 -2.15 -8.29 327.72 323.13 6.80 0.10
0.00 4234.71
569.20 -2.96 -6.11 -10.65 327.42 325.01 9.48 0.10
0.00 4884.31
522.50 -7.66 -11.08 -18.01 325.78 332.53 5.48 0.10
0.00 5556.45
480.60 -11.66 -14.08 -19.40 328.44 308.66 6.22 0.20
0.00 6201.84
443.00 -15.06 -17.87 -26.33 329.39 296.57 6.51 0.10
0.00 6821.85
409.20 -18.66 -21.52 -33.61 330.62 288.85 8.41 0.10
0.00 7417.53
378.60 -22.76 -25.39 -42.11 331.48 284.44 13.25 0.00
0.00 7992.00
351.00 -26.96 -29.11 -48.11 332.62 271.23 18.07 0.00
0.00 8542.19
326.20 -31.66 -33.26 -52.57 332.97 264.39 21.85 0.00
0.00 9065.23
303.80 -35.16 -36.40 -54.16 334.84 261.80 23.15 0.00
0.00 9564.50
283.70 -37.76 -38.82 -57.08 337.64 270.45 24.67 0.00
0.00 10038.77
265.60 -40.46 -41.31 -57.61 340.12 271.90 29.35 0.00
0.00 10490.42
248.80 -43.96 -44.63 -63.51 341.18 268.05 34.21 0.00
0.00 10932.14
233.60 -46.96 -47.47 -63.98 342.84 264.69 35.70 0.00
0.00 11352.30
219.60 -49.56 -49.98 -67.41 344.89 259.61 35.55 0.00
0.00 11759.14
205.70 -51.86 -52.20 -67.88 347.78 260.07 34.91 0.00
0.00 12184.90
191.70 -53.96 -54.26 -73.19 351.44 262.96 33.28 0.00
0.00 12639.32
177.70 -55.96 -56.21 -73.70 355.86 264.19 32.61 0.00
0.00 13123.66
163.80 -58.46 -58.66 -74.24 360.04 260.54 30.73 0.10
0.00 13638.50
149.80 -61.16 -61.31 -74.84 364.71 252.76 29.49 0.10
0.00 14196.44
135.90 -63.46 -63.58 -75.48 370.93 253.59 26.13 0.00
0.00 14797.44
121.90 -64.76 -9999.00 -9999.00 -9999.00 244.16 20.51 0.00
0.00 15462.68
108.00 -66.36 -9999.00 -9999.00 -9999.00 248.20 19.87 0.00
0.00 16198.35
94.00 -65.56 -9999.00 -9999.00 -9999.00 267.06 15.17 0.00
0.00 17040.36
81.00 -62.06 -9999.00 -9999.00 -9999.00 274.64 7.21 0.00
0.00 17952.44
70.60 -61.66 -9999.00 -9999.00 -9999.00 33.69 0.70 0.00
0.00 18802.34
62.20 -60.16 -9999.00 -9999.00 -9999.00 53.84 6.25 0.00
0.00 19589.32
54.30 -58.66 -9999.00 -9999.00 -9999.00 77.07 12.16 0.00
0.00 20439.14
46.90 -56.76 -9999.00 -9999.00 -9999.00 94.61 12.08 0.00
0.00 21363.04
40.10 -54.66 -9999.00 -9999.00 -9999.00 69.55 12.24 0.00
0.00 22360.03
33.80 -51.56 -9999.00 -9999.00 -9999.00 63.73 17.11 0.00
0.00 23460.87
27.80 -49.46 -9999.00 -9999.00 -9999.00 70.39 17.95 0.00
0.00 24734.45
22.30 -48.36 -9999.00 -9999.00 -9999.00 75.66 18.05 0.00
0.00 26181.45
17.10 -46.66 -9999.00 -9999.00 -9999.00 76.18 24.40 0.00
0.00 27935.07
12.30 -43.36 -9999.00 -9999.00 -9999.00 82.76 35.45 0.00
0.00 30135.33

STID = KMDW STNM = 725340 TIME = 200809/1000 
SLAT = 41.78 SLON = -87.75 SELV = 183.0
STIM = 16

SHOW = -2.77 LIFT = -3.43 SWET = 237.16 KINX = 27.74
LCLP = 981.09 PWAT = 37.76 TOTL = 50.80 CAPE = 700.15
LCLT = 294.14 CINS = -241.98 EQLV = 247.82 LFCT = 627.05
BRCH = 59.65

PRES TMPC TMWC DWPC THTE DRCT SKNT OMEG
CFRL HGHT
995.80 22.24 21.57 21.23 342.56 199.44 3.50 0.00
0.00 192.64
992.80 22.44 21.56 21.13 342.96 211.53 10.02 0.00
0.00 218.99
987.30 22.14 21.36 20.98 342.99 213.69 12.61 0.10
0.00 267.49
977.90 21.84 20.94 20.50 342.65 221.94 18.03 0.10
4.00 350.93
963.90 21.54 20.15 19.49 341.55 226.85 21.31 0.20
11.00 476.53
946.00 21.84 19.52 18.43 341.74 228.67 21.46 0.30
0.00 639.72
924.60 20.94 18.69 17.61 341.76 228.46 20.51 0.30
0.00 838.67
901.20 19.54 17.77 16.89 341.84 227.45 19.25 0.40
0.00 1060.62
875.90 18.54 16.66 15.71 341.63 220.31 16.82 0.50
0.00 1306.11
847.60 17.94 15.04 13.49 340.13 207.86 15.38 0.60
1.00 1588.31
816.40 17.04 11.93 8.68 334.22 201.66 14.22 0.60
0.00 1909.32
782.40 16.04 7.38 -0.52 325.25 195.71 12.92 0.50
0.00 2271.50
745.60 13.24 4.41 -5.38 322.66 189.46 11.81 0.50
0.00 2678.34
705.80 10.14 3.44 -3.39 326.65 204.34 8.95 0.40
0.00 3136.79
663.00 7.44 1.16 -5.86 327.85 253.61 3.44 0.30
0.00 3654.31
617.40 2.74 -2.03 -7.94 327.99 327.99 7.32 0.10
0.00 4235.92
569.20 -3.06 -6.08 -10.40 327.49 326.61 10.24 0.00
0.00 4886.73
522.60 -7.56 -10.98 -17.88 325.95 315.00 5.23 0.00
0.00 5557.39
480.60 -11.36 -13.80 -19.06 328.98 297.30 6.78 0.00
0.00 6204.76
443.00 -14.86 -17.83 -27.00 329.44 285.95 7.07 0.00
0.00 6825.37
409.20 -18.76 -21.70 -34.78 330.27 280.30 8.68 0.00
0.00 7421.14
378.60 -23.06 -25.64 -42.50 331.05 278.75 12.78 0.00
0.00 7995.14
351.00 -27.26 -29.42 -50.22 332.10 270.67 16.51 0.00
0.00 8544.66
326.20 -31.96 -33.47 -50.86 332.64 260.87 22.03 0.00
0.00 9067.06
303.90 -34.86 -36.13 -54.16 335.23 260.05 22.47 0.10
0.00 9564.01
283.70 -37.46 -38.53 -55.83 338.12 268.12 23.72 0.10
0.00 10041.17
265.60 -40.76 -41.51 -54.30 339.80 269.23 28.94 0.10
0.00 10492.83
248.80 -44.16 -44.84 -66.51 340.84 266.25 32.71 0.00
0.00 10934.08
233.60 -47.26 -47.77 -66.97 342.34 261.96 33.35 0.00
0.00 11353.76
219.60 -49.76 -50.17 -67.41 344.58 258.11 33.94 0.00
0.00 11760.15
205.70 -51.76 -52.10 -67.88 347.93 259.70 32.58 0.00
0.00 12185.82
191.70 -53.46 -53.78 -73.19 352.24 262.07 30.98 0.00
0.00 12640.85
177.70 -55.56 -55.83 -73.70 356.51 262.69 30.56 0.00
0.00 13126.19
163.80 -58.16 -58.37 -74.24 360.55 258.25 29.56 0.00
0.00 13641.87
149.80 -60.96 -61.11 -74.84 365.05 251.68 29.66 0.00
0.00 14200.46
135.90 -63.46 -63.58 -75.48 370.93 253.88 25.87 0.00
0.00 14801.75
121.90 -64.76 -9999.00 -9999.00 -9999.00 240.26 21.93 0.00
0.00 15466.99
108.00 -65.96 -9999.00 -9999.00 -9999.00 245.08 21.21 0.00
0.00 16203.37
94.00 -64.26 -9999.00 -9999.00 -9999.00 259.70 15.21 0.00
0.00 17048.83
81.00 -61.86 -9999.00 -9999.00 -9999.00 258.11 7.54 0.00
0.00 17964.18
70.60 -62.16 -9999.00 -9999.00 -9999.00 279.46 1.18 0.00
0.00 18813.48
62.20 -60.16 -9999.00 -9999.00 -9999.00 51.71 4.70 0.00
0.00 19599.53
54.30 -58.96 -9999.00 -9999.00 -9999.00 84.51 10.14 0.00
0.00 20448.75
46.90 -57.96 -9999.00 -9999.00 -9999.00 95.39 10.33 0.00
0.00 21369.44
40.10 -55.06 -9999.00 -9999.00 -9999.00 52.98 14.84 0.00
0.00 22362.76
33.80 -51.56 -9999.00 -9999.00 -9999.00 69.32 20.36 0.00
0.00 23462.61
27.80 -49.56 -9999.00 -9999.00 -9999.00 81.63 20.03 0.00
0.00 24735.90
22.30 -47.96 -9999.00 -9999.00 -9999.00 78.92 19.19 0.00
0.00 26183.86
17.10 -45.06 -9999.00 -9999.00 -9999.00 75.58 21.06 0.00
0.00 27945.26
12.30 -42.86 -50.62 -89.89 809.26 74.64 28.61 0.00
0.00 30155.64

STID = KMDW STNM = 725340 TIME = 200809/1100 
SLAT = 41.78 SLON = -87.75 SELV = 183.0
STIM = 17

SHOW = -2.71 LIFT = -4.29 SWET = 237.08 KINX = 27.33
LCLP = 983.21 PWAT = 37.63 TOTL = 51.10 CAPE = 802.92
LCLT = 293.91 CINS = -259.35 EQLV = 238.40 LFCT = 630.07
BRCH = 53.58

PRES TMPC TMWC DWPC THTE DRCT SKNT OMEG
CFRL HGHT
995.90 21.84 21.27 20.97 341.30 191.31 2.97 0.00
0.00 192.62
993.00 22.04 21.31 20.94 341.89 207.55 10.08 0.00
0.00 218.05
987.40 21.84 21.17 20.83 342.17 210.51 12.63 0.00
0.00 267.37
978.00 21.84 20.88 20.41 342.38 218.75 18.94 0.10
6.00 350.75
964.00 21.84 20.40 19.72 342.54 220.38 22.18 0.10
7.00 476.40
946.10 21.74 19.98 19.16 343.60 221.04 21.89 0.00
0.00 639.68
924.70 20.84 19.30 18.57 344.21 224.20 19.77 0.00
0.00 838.62
901.30 19.64 18.28 17.61 343.84 223.32 18.69 0.00
0.00 1060.66
875.90 18.44 16.79 15.96 342.14 217.65 17.17 0.00
2.00 1307.16
847.60 18.04 14.73 12.93 339.00 210.58 14.90 0.00
0.00 1589.34
816.50 17.84 11.31 6.86 332.09 201.64 13.17 0.00
0.00 1909.67
782.50 16.54 6.73 -3.14 323.26 191.66 12.49 0.10
0.00 2272.41
745.60 13.84 4.40 -6.37 322.56 191.69 11.50 0.10
0.00 2680.98
705.90 10.54 3.65 -3.33 327.16 213.69 7.71 0.10
0.00 3139.01
663.10 7.64 1.16 -6.14 327.82 285.95 4.23 0.10
0.00 3656.99
617.40 2.74 -1.88 -7.50 328.36 331.48 10.18 0.00
0.00 4240.06
569.30 -3.16 -6.00 -9.99 327.67 325.84 13.15 0.00
0.00 4889.39
522.60 -7.86 -11.02 -17.24 325.91 306.87 6.80 0.00
0.00 5560.96
480.60 -11.76 -13.98 -18.73 328.65 285.26 6.64 0.10
0.00 6207.50
443.00 -15.16 -17.87 -25.91 329.40 268.32 6.60 0.10
0.00 6827.30
409.20 -19.06 -21.88 -34.38 329.95 259.29 7.32 0.10
0.00 7422.40
378.60 -23.26 -25.86 -43.74 330.67 261.72 10.80 0.10
0.00 7995.82
351.00 -27.56 -29.77 -55.35 331.49 259.70 15.21 0.00
0.00 8544.78
326.20 -31.96 -33.49 -51.68 332.60 249.38 20.96 0.00
0.00 9066.85
303.80 -34.26 -35.61 -54.16 336.11 257.01 20.73 0.00
0.00 9566.73
283.70 -37.16 -38.15 -51.31 338.75 267.36 25.27 0.00
0.00 10042.52
265.60 -40.96 -41.71 -55.27 339.47 267.78 30.13 0.00
0.00 10494.28
248.80 -44.36 -45.00 -63.51 340.59 265.41 31.57 0.00
0.00 10935.14
233.60 -47.36 -47.87 -66.97 342.19 260.99 32.25 0.00
0.00 11354.55
219.60 -49.86 -50.26 -67.41 344.43 259.30 32.42 0.10
0.00 11760.76
205.70 -51.86 -52.20 -67.88 347.78 260.18 30.75 0.00
0.00 12186.24
191.70 -53.46 -53.78 -73.19 352.24 260.10 29.39 0.00
0.00 12641.17
177.70 -55.56 -55.83 -73.70 356.51 259.22 29.06 0.00
0.00 13126.51
163.80 -58.16 -58.37 -74.24 360.55 255.96 28.83 0.00
0.00 13642.18
149.80 -60.96 -61.11 -74.84 365.05 250.17 30.36 0.00
0.00 14200.78
135.90 -63.16 -63.28 -75.48 371.46 253.42 26.55 0.00
0.00 14802.49
121.90 -64.66 -9999.00 -9999.00 -9999.00 240.56 22.53 0.00
0.00 15468.37
108.00 -65.46 -9999.00 -9999.00 -9999.00 249.93 21.50 0.00
0.00 16205.81
94.00 -64.06 -9999.00 -9999.00 -9999.00 266.86 14.20 0.00
0.00 17052.70
81.00 -62.46 -9999.00 -9999.00 -9999.00 253.44 7.50 0.00
0.00 17967.17
70.60 -62.46 -9999.00 -9999.00 -9999.00 228.81 2.06 0.00
0.00 18814.66
62.20 -60.06 -9999.00 -9999.00 -9999.00 64.80 3.65 0.00
0.00 19600.34
54.30 -59.06 -9999.00 -9999.00 -9999.00 90.00 8.94 0.00
0.00 20449.57
46.90 -58.56 -9999.00 -9999.00 -9999.00 86.35 9.15 0.00
0.00 21368.75
40.10 -55.46 -9999.00 -9999.00 -9999.00 52.31 16.20 0.00
0.00 22359.78
33.80 -51.76 -9999.00 -9999.00 -9999.00 73.35 19.66 0.00
0.00 23458.12
27.80 -49.96 -9999.00 -9999.00 -9999.00 76.72 17.75 0.00
0.00 24729.70
22.30 -48.36 -9999.00 -9999.00 -9999.00 66.48 18.01 0.00
0.00 26175.08
17.10 -45.76 -9999.00 -9999.00 -9999.00 73.61 24.09 0.00
0.00 27932.20
12.30 -43.86 -9999.00 -9999.00 -9999.00 83.27 31.49 0.00
0.00 30134.39

STID = KMDW STNM = 725340 TIME = 200809/1200 
SLAT = 41.78 SLON = -87.75 SELV = 183.0
STIM = 18

SHOW = -3.36 LIFT = -4.73 SWET = 255.02 KINX = 27.41
LCLP = 979.61 PWAT = 39.29 TOTL = 51.37 CAPE = 854.91
LCLT = 293.98 CINS = -209.13 EQLV = 233.48 LFCT = 637.89
BRCH = 77.49

PRES TMPC TMWC DWPC THTE DRCT SKNT OMEG
CFRL HGHT
996.20 22.24 21.48 21.10 342.12 207.76 4.18 0.00
0.00 191.76
993.10 22.04 21.25 20.86 341.64 214.29 10.35 0.00
0.00 218.96
987.60 21.74 21.06 20.71 341.67 216.10 11.54 0.00
0.00 267.37
978.20 21.74 20.84 20.40 342.20 222.03 18.57 0.00
6.00 350.70
964.20 21.84 20.51 19.88 342.96 223.10 20.75 0.00
5.00 476.31
946.30 21.64 20.23 19.58 344.63 224.61 20.18 0.00
0.00 639.56
924.80 20.54 19.65 19.21 345.63 227.03 19.39 -0.10
0.00 839.32
901.40 19.34 18.80 18.50 345.92 227.15 18.28 -0.20
5.00 1061.20
876.00 17.84 17.31 17.01 344.13 220.75 16.67 -0.20
9.00 1307.43
847.70 16.94 15.09 14.10 340.31 214.93 14.92 -0.20
4.00 1588.90
816.60 17.04 11.98 8.77 334.35 208.97 12.43 -0.30
0.00 1908.33
782.50 16.24 7.58 -0.20 325.80 200.22 11.79 -0.20
0.00 2271.64
745.70 13.94 4.22 -7.25 322.01 195.26 11.07 -0.10
0.00 2679.03
705.90 10.44 3.49 -3.65 326.73 207.15 8.51 -0.20
0.00 3138.14
663.10 7.34 1.16 -5.71 327.85 258.69 3.96 -0.20
0.00 3655.76
617.40 2.54 -1.91 -7.28 328.31 332.74 7.21 -0.20
0.00 4238.34
569.30 -3.26 -5.93 -9.63 327.84 321.34 11.19 -0.10
0.00 4887.34
522.60 -8.16 -11.05 -16.63 325.86 299.98 5.83 0.10
0.00 5558.44
480.60 -11.66 -14.01 -19.13 328.57 264.09 5.67 0.20
0.00 6204.75
443.00 -15.06 -17.92 -26.66 329.29 250.46 6.39 0.20
0.00 6824.76
409.20 -19.06 -22.02 -35.87 329.70 247.93 7.75 0.20
0.00 7419.95
378.60 -23.16 -25.98 -49.57 330.41 257.91 11.13 0.10
0.00 7993.46
351.00 -27.96 -30.03 -51.95 331.07 252.85 16.47 0.00
0.00 8542.07
326.20 -31.46 -33.06 -51.68 333.29 248.00 20.75 0.00
0.00 9064.25
303.80 -33.96 -35.35 -54.16 336.53 256.48 20.78 0.00
0.00 9564.97
283.70 -37.36 -38.32 -51.31 338.47 265.57 25.14 0.00
0.00 10040.86
265.60 -41.06 -41.85 -57.61 339.24 263.02 28.77 0.00
0.00 10492.33
248.80 -44.66 -45.28 -63.51 340.14 261.03 29.90 0.00
0.00 10932.81
233.60 -47.46 -47.96 -66.97 342.03 257.78 31.20 0.00
0.00 11351.85
219.60 -49.86 -50.26 -67.41 344.43 257.63 30.83 0.00
0.00 11757.97
205.70 -51.76 -52.10 -67.88 347.93 256.80 28.92 0.00
0.00 12183.54
191.70 -53.46 -53.78 -73.19 352.24 256.15 29.22 0.00
0.00 12638.57
177.70 -55.66 -55.92 -73.70 356.35 258.55 30.32 0.00
0.00 13123.80
163.80 -58.46 -58.66 -74.24 360.04 259.52 28.85 0.00
0.00 13639.00
149.80 -61.26 -61.41 -74.84 364.54 253.41 28.57 0.00
0.00 14196.81
135.90 -63.36 -63.48 -75.48 371.11 255.07 27.14 0.00
0.00 14797.81
121.90 -64.66 -9999.00 -9999.00 -9999.00 244.58 21.72 0.00
0.00 15463.37
108.00 -65.76 -9999.00 -9999.00 -9999.00 254.13 20.59 0.00
0.00 16200.28
94.00 -64.76 -9999.00 -9999.00 -9999.00 265.73 13.05 0.00
0.00 17045.13
81.00 -63.16 -9999.00 -9999.00 -9999.00 251.03 6.57 0.00
0.00 17956.56
70.60 -61.96 -9999.00 -9999.00 -9999.00 243.43 0.43 0.00
0.00 18803.65
62.20 -59.56 -9999.00 -9999.00 -9999.00 77.47 5.38 0.00
0.00 19591.18
54.30 -58.66 -9999.00 -9999.00 -9999.00 101.56 8.72 0.00
0.00 20442.19
46.90 -57.86 -9999.00 -9999.00 -9999.00 83.66 8.80 0.00
0.00 21363.74
40.10 -55.66 -9999.00 -9999.00 -9999.00 60.68 16.26 0.00
0.00 22355.91
33.80 -53.66 -9999.00 -9999.00 -9999.00 77.22 19.33 0.00
0.00 23449.00
27.80 -51.56 -9999.00 -9999.00 -9999.00 81.69 17.46 0.00
0.00 24710.57
22.30 -48.16 -9999.00 -9999.00 -9999.00 79.59 19.35 0.00
0.00 26151.43
17.10 -44.36 -9999.00 -9999.00 -9999.00 74.59 25.58 0.00
0.00 27914.77
12.30 -42.96 -9999.00 -9999.00 -9999.00 76.84 30.73 0.00
0.00 30128.04

STID = KMDW STNM = 725340 TIME = 200809/1300 
SLAT = 41.78 SLON = -87.75 SELV = 183.0
STIM = 19

SHOW = -2.98 LIFT = -4.59 SWET = 238.02 KINX = 26.02
LCLP = 966.24 PWAT = 39.68 TOTL = 50.39 CAPE = 938.14
LCLT = 293.95 CINS = -186.51 EQLV = 229.15 LFCT = 640.09
BRCH = 179.13

PRES TMPC TMWC DWPC THTE DRCT SKNT OMEG
CFRL HGHT
995.80 23.34 21.93 21.29 344.07 213.69 5.59 0.00
0.00 191.80
992.80 23.04 21.67 21.05 343.45 213.69 8.41 0.00
0.00 218.22
987.30 22.54 21.40 20.86 343.12 215.54 10.02 0.00
0.00 266.81
977.80 21.84 20.95 20.52 342.72 218.42 14.37 0.10
2.00 351.19
963.80 21.64 20.50 19.96 343.01 220.31 16.82 0.10
0.00 476.84
945.90 21.34 20.21 19.68 344.62 221.89 17.75 0.10
0.00 640.02
924.50 20.24 19.72 19.44 345.98 225.00 17.85 0.10
4.00 838.75
901.10 19.04 18.92 18.80 346.46 224.51 16.06 0.10
36.00 1060.50
875.70 17.34 17.28 17.19 344.05 213.69 15.40 0.20
64.00 1306.51
847.40 16.34 15.02 14.30 340.11 205.16 14.16 0.20
13.00 1587.58
816.20 16.94 12.22 9.29 335.23 201.63 12.12 0.20
0.00 1907.83
782.20 16.14 8.10 1.29 327.41 196.70 12.16 0.30
0.00 2270.20
745.40 14.14 4.34 -7.12 322.37 192.09 11.13 0.40
0.00 2677.89
705.60 10.74 3.45 -4.15 326.65 198.82 9.03 0.40
0.00 3137.58
662.90 7.44 1.18 -5.79 327.93 235.49 3.77 0.30
0.00 3654.52
617.20 2.54 -1.91 -7.28 328.35 332.35 4.60 0.20
0.00 4237.37
569.10 -3.26 -5.96 -9.72 327.80 312.44 9.21 0.10
0.00 4886.59
522.50 -7.96 -10.91 -16.57 326.16 279.46 5.91 0.10
0.00 5556.69
480.50 -11.26 -13.93 -19.88 328.73 255.96 8.00 0.10
0.00 6203.84
443.00 -14.96 -18.01 -27.71 329.10 255.32 8.43 0.00
0.00 6822.83
409.20 -19.16 -22.22 -37.59 329.31 255.38 9.23 -0.10
0.00 7417.99
378.60 -23.26 -26.20 -58.02 329.99 262.41 11.75 -0.10
0.00 7991.25
351.00 -28.26 -30.24 -50.22 330.74 253.18 17.44 -0.20
0.00 8539.41
326.20 -31.46 -33.06 -51.68 333.29 250.56 21.02 -0.20
0.00 9061.27
303.80 -34.16 -35.55 -55.27 336.21 254.79 20.73 -0.10
0.00 9561.78
283.70 -37.66 -38.70 -55.83 337.83 259.08 22.55 -0.10
0.00 10037.16
265.60 -41.36 -42.12 -57.61 338.80 259.73 25.08 -0.10
0.00 10488.04
248.80 -44.76 -45.37 -63.51 339.99 256.26 27.00 0.00
0.00 10928.13
233.60 -47.56 -48.06 -66.97 341.88 253.69 29.76 0.00
0.00 11346.99
219.60 -49.96 -50.36 -67.41 344.27 254.95 29.18 0.00
0.00 11752.93
205.70 -51.56 -51.91 -67.88 348.25 255.12 28.75 0.00
0.00 12178.59
191.70 -53.46 -53.78 -73.19 352.24 259.34 30.44 0.00
0.00 12633.84
177.70 -56.16 -56.41 -73.70 355.53 264.94 30.81 0.00
0.00 13118.51
163.80 -58.96 -59.14 -74.24 359.21 265.24 28.07 0.00
0.00 13632.51
149.80 -61.56 -9999.00 -9999.00 -9999.00 254.41 26.01 0.00
0.00 14189.28
135.90 -64.06 -64.17 -75.48 369.87 254.05 26.86 0.00
0.00 14788.85
121.90 -65.46 -9999.00 -9999.00 -9999.00 246.59 20.53 0.00
0.00 15452.02
108.00 -66.26 -9999.00 -9999.00 -9999.00 249.81 18.01 0.00
0.00 16186.63
94.00 -64.36 -9999.00 -9999.00 -9999.00 253.30 10.14 0.10
0.00 17031.28
81.00 -61.76 -9999.00 -9999.00 -9999.00 250.20 5.17 0.00
0.00 17946.63
70.60 -60.06 -9999.00 -9999.00 -9999.00 321.34 1.24 0.00
0.00 18800.35
62.20 -58.46 -9999.00 -9999.00 -9999.00 108.43 3.69 0.00
0.00 19593.45
54.30 -58.16 -9999.00 -9999.00 -9999.00 110.77 6.02 0.00
0.00 20447.64
46.90 -57.96 -9999.00 -9999.00 -9999.00 70.35 8.66 0.00
0.00 21370.05
40.10 -56.46 -9999.00 -9999.00 -9999.00 72.18 17.13 0.00
0.00 22360.16
33.80 -54.76 -9999.00 -9999.00 -9999.00 96.40 20.92 0.00
0.00 23448.49
27.80 -51.26 -9999.00 -9999.00 -9999.00 90.67 16.51 0.00
0.00 24707.77
22.30 -47.06 -9999.00 -9999.00 -9999.00 72.47 19.35 0.00
0.00 26153.15
17.10 -44.66 -9999.00 -9999.00 -9999.00 66.91 25.76 0.00
0.00 27919.60
12.30 -42.66 -9999.00 -9999.00 -9999.00 71.89 32.50 0.00
0.00 30132.87

STID = KMDW STNM = 725340 TIME = 200809/1400 
SLAT = 41.78 SLON = -87.75 SELV = 183.0
STIM = 20

SHOW = -2.36 LIFT = -4.41 SWET = 221.38 KINX = 24.23
LCLP = 952.65 PWAT = 39.09 TOTL = 49.47 CAPE = 1018.94
LCLT = 293.95 CINS = -189.36 EQLV = 225.03 LFCT = 641.10
BRCH = 392.20

PRES TMPC TMWC DWPC THTE DRCT SKNT OMEG
CFRL HGHT
995.80 24.54 22.42 21.52 346.22 206.57 5.65 0.00
0.00 192.71
992.90 24.14 22.10 21.21 345.24 205.28 7.73 0.00
0.00 218.36
987.40 23.54 21.76 20.98 344.67 206.03 9.30 0.00
0.00 267.12
977.90 22.74 21.32 20.68 344.27 205.64 10.78 0.00
0.00 351.77
963.90 21.54 20.63 20.18 343.50 209.45 13.83 0.00
0.00 477.59
946.00 21.14 19.96 19.40 343.56 211.09 15.42 0.00
3.00 640.67
924.50 20.34 19.52 19.11 345.15 211.93 15.79 0.00
0.00 840.25
901.10 18.94 18.86 18.76 346.22 213.47 13.73 0.10
100.00 1061.98
875.80 17.24 17.12 17.01 343.42 201.25 15.02 0.20
100.00 1306.90
847.50 16.14 14.74 13.96 339.05 195.07 15.70 0.30
14.00 1587.76
816.30 17.44 12.22 8.95 335.19 195.33 12.49 0.30
0.00 1908.09
782.30 16.34 8.12 1.13 327.44 194.93 12.06 0.40
0.00 2270.83
745.40 14.44 4.34 -7.65 322.33 192.31 10.94 0.40
0.00 2679.93
705.70 11.24 3.46 -4.82 326.60 203.03 8.45 0.40
0.00 3139.03
663.00 7.64 1.22 -5.96 328.00 248.75 3.75 0.30
0.00 3656.49
617.30 2.64 -1.93 -7.50 328.26 315.00 4.95 0.20
0.00 4239.55
569.20 -3.16 -6.01 -10.03 327.66 303.07 9.97 0.10
0.00 4888.87
522.50 -7.66 -10.72 -16.57 326.53 270.00 8.74 0.00
0.00 5560.83
480.50 -11.16 -14.03 -20.60 328.52 257.91 11.13 0.00
0.00 6208.45
443.00 -15.16 -18.20 -28.08 328.74 257.59 9.95 -0.10
0.00 6827.30
409.20 -19.36 -22.44 -38.71 328.90 248.43 8.97 -0.10
0.00 7421.98
378.60 -23.66 -26.49 -56.22 329.50 248.96 10.82 -0.10
0.00 7994.55
351.00 -28.36 -30.32 -50.22 330.61 243.76 15.38 0.00
0.00 8542.16
326.20 -31.36 -33.00 -52.57 333.39 247.03 19.41 0.00
0.00 9064.02
303.80 -34.06 -35.48 -56.53 336.31 256.23 20.40 0.00
0.00 9564.73
283.70 -37.66 -38.73 -57.08 337.79 258.19 21.83 0.00
0.00 10040.21
265.60 -41.16 -41.99 -60.81 339.01 253.26 24.94 0.00
0.00 10491.28
248.80 -44.56 -45.19 -63.51 340.29 249.72 28.57 0.00
0.00 10931.75
233.60 -47.66 -48.15 -66.97 341.73 251.68 30.28 -0.10
0.00 11350.70
219.60 -49.96 -50.33 -64.44 344.32 255.87 30.24 -0.10
0.00 11756.55
205.70 -51.96 -52.29 -67.88 347.62 259.70 30.40 -0.10
0.00 12181.83
191.70 -54.36 -54.62 -68.39 350.84 263.16 29.35 0.00
0.00 12635.74
177.70 -56.96 -57.18 -73.70 354.22 261.01 27.33 0.00
0.00 13118.52
163.80 -59.16 -59.34 -74.24 358.87 256.07 25.82 0.10
0.00 13631.34
149.80 -61.56 -9999.00 -9999.00 -9999.00 248.12 25.54 0.10
0.00 14187.84
135.90 -63.76 -63.87 -75.48 370.40 249.54 26.13 0.10
0.00 14787.84
121.90 -64.86 -9999.00 -9999.00 -9999.00 242.73 21.19 0.00
0.00 15452.45
108.00 -65.26 -9999.00 -9999.00 -9999.00 248.30 19.44 0.00
0.00 16189.89
94.00 -63.76 -9999.00 -9999.00 -9999.00 248.81 10.22 0.00
0.00 17037.79
81.00 -61.96 -9999.00 -9999.00 -9999.00 265.60 5.07 0.00
0.00 17954.01
70.60 -60.46 -9999.00 -9999.00 -9999.00 360.00 0.78 0.00
0.00 18806.53
62.20 -58.26 -9999.00 -9999.00 -9999.00 123.18 6.04 0.00
0.00 19599.25
54.30 -58.06 -9999.00 -9999.00 -9999.00 104.42 7.01 0.00
0.00 20454.04
46.90 -57.36 -9999.00 -9999.00 -9999.00 71.57 10.45 0.00
0.00 21377.95
40.10 -55.56 -9999.00 -9999.00 -9999.00 86.78 17.31 0.00
0.00 22371.49
33.80 -54.06 -9999.00 -9999.00 -9999.00 101.82 17.07 0.00
0.00 23463.84
27.80 -50.46 -9999.00 -9999.00 -9999.00 73.74 14.57 0.00
0.00 24727.41
22.30 -47.26 -9999.00 -9999.00 -9999.00 69.26 21.39 0.00
0.00 26174.72
17.10 -44.96 -9999.00 -9999.00 -9999.00 68.52 25.47 0.00
0.00 27939.23
12.30 -42.26 -9999.00 -9999.00 -9999.00 69.84 32.69 0.00
0.00 30152.98

STID = KMDW STNM = 725340 TIME = 200809/1500 
SLAT = 41.78 SLON = -87.75 SELV = 183.0
STIM = 21

SHOW = -2.81 LIFT = -4.83 SWET = 244.28 KINX = 23.89
LCLP = 939.39 PWAT = 38.23 TOTL = 50.29 CAPE = 1213.11
LCLT = 293.75 CINS = -10.57 EQLV = 215.87 LFCT = 883.22
BRCH = 228.86

PRES TMPC TMWC DWPC THTE DRCT SKNT OMEG
CFRL HGHT
995.90 25.54 22.72 21.55 347.51 192.34 6.37 0.00
0.00 191.86
992.90 25.14 22.40 21.24 346.55 191.56 8.72 0.00
0.00 218.48
987.40 24.54 22.07 21.02 346.00 191.09 10.10 0.00
0.00 267.40
977.90 23.64 21.62 20.74 345.54 192.63 11.54 0.00
0.00 352.33
963.90 22.44 21.02 20.37 345.15 192.99 12.96 0.00
0.00 478.54
946.00 21.04 20.01 19.51 343.75 195.64 15.13 0.10
7.00 641.86
924.50 20.54 19.30 18.71 344.27 195.56 15.93 0.10
1.00 841.45
901.10 18.94 18.61 18.41 345.23 194.04 15.21 0.10
14.00 1063.21
875.80 17.34 17.22 17.10 343.79 189.93 15.77 0.20
100.00 1308.16
847.50 16.24 14.83 14.05 339.38 193.72 17.19 0.30
30.00 1589.12
816.30 18.34 11.86 7.62 333.94 193.13 11.97 0.40
0.00 1909.94
782.30 17.24 7.51 -1.63 325.50 195.52 10.88 0.40
0.00 2273.61
745.50 15.24 4.52 -8.43 322.69 198.78 10.26 0.40
0.00 2682.64
705.70 11.94 3.72 -5.00 327.25 219.61 7.30 0.30
0.00 3144.04
663.00 7.94 1.26 -6.28 328.07 267.88 5.24 0.20
0.00 3662.40
617.30 2.74 -2.03 -7.95 328.00 295.91 7.56 0.00
0.00 4245.84
569.20 -3.16 -6.10 -10.28 327.46 299.05 12.00 0.00
0.00 4895.24
522.60 -7.86 -10.65 -15.82 326.69 277.13 12.53 0.00
0.00 5565.46
480.60 -11.56 -14.35 -20.90 327.87 262.98 12.72 0.00
0.00 6212.24
443.00 -15.66 -18.60 -28.46 328.00 257.24 10.55 0.00
0.00 6831.58
409.20 -19.46 -22.63 -40.65 328.55 235.30 9.21 0.10
0.00 7425.55
378.60 -23.96 -26.67 -52.31 329.23 231.04 11.73 0.10
0.00 7997.66
351.00 -28.06 -30.03 -48.76 331.09 235.76 16.92 0.00
0.00 8545.28
326.20 -30.96 -32.71 -54.68 333.85 246.04 21.04 0.00
0.00 9067.89
303.90 -34.26 -35.66 -56.52 335.99 257.66 19.09 -0.10
0.00 9566.49
283.70 -37.66 -38.73 -57.08 337.79 253.40 21.08 -0.10
0.00 10044.05
265.60 -41.06 -41.92 -63.02 339.11 246.86 26.20 -0.10
0.00 10495.21
248.80 -44.66 -45.31 -66.51 340.10 245.52 28.59 -0.10
0.00 10935.69
233.60 -47.96 -48.43 -66.97 341.28 247.85 29.37 -0.10
0.00 11354.27
219.60 -50.36 -50.71 -64.44 343.70 251.44 28.69 -0.10
0.00 11759.48
205.70 -52.46 -52.77 -67.88 346.83 251.94 28.21 0.00
0.00 12183.90
191.70 -54.56 -54.81 -68.39 350.52 250.45 28.44 0.00
0.00 12637.08
177.70 -56.56 -56.79 -73.70 354.88 252.18 28.57 0.00
0.00 13120.09
163.80 -58.56 -58.75 -74.24 359.88 255.76 26.85 0.00
0.00 13634.10
149.80 -61.26 -9999.00 -9999.00 -9999.00 251.15 25.25 0.00
0.00 14191.78
135.90 -63.66 -63.77 -75.48 370.58 249.54 26.13 0.00
0.00 14792.35
121.90 -65.06 -65.16 -76.19 379.71 241.10 21.31 0.00
0.00 15456.80
108.00 -64.66 -9999.00 -9999.00 -9999.00 245.85 18.51 0.00
0.00 16194.95
94.00 -63.46 -9999.00 -9999.00 -9999.00 242.95 10.26 0.00
0.00 17044.68
81.00 -62.46 -9999.00 -9999.00 -9999.00 270.00 5.24 0.00
0.00 17960.46
70.60 -61.06 -9999.00 -9999.00 -9999.00 56.31 0.70 0.00
0.00 18810.77
62.20 -58.76 -9999.00 -9999.00 -9999.00 115.82 6.68 0.00
0.00 19601.45
54.30 -58.56 -9999.00 -9999.00 -9999.00 106.86 6.70 0.00
0.00 20454.25
46.90 -56.66 -9999.00 -9999.00 -9999.00 85.14 9.17 0.00
0.00 21378.59
40.10 -54.76 -9999.00 -9999.00 -9999.00 96.75 14.86 0.00
0.00 22375.57
33.80 -53.26 -9999.00 -9999.00 -9999.00 90.92 12.04 0.00
0.00 23471.92
27.80 -49.96 -9999.00 -9999.00 -9999.00 65.74 15.13 0.00
0.00 24739.20
22.30 -46.86 -9999.00 -9999.00 -9999.00 72.90 21.13 0.00
0.00 26189.42
17.10 -44.56 -9999.00 -9999.00 -9999.00 67.79 25.17 0.00
0.00 27957.04
12.30 -42.56 -9999.00 -9999.00 -9999.00 71.46 34.21 0.00
0.00 30171.28
STN YYMMDD/HHMM PMSL PRES SKTC STC1 SNFL WTNS
P01M C01M STC2 LCLD MCLD HCLD
SNRA UWND VWND R01M BFGR T2MS
Q2MS WXTS WXTP WXTZ WXTR USTM
VSTM HLCY SLLH WSYM CDBP VSBK
TD2M
725340 200808/1800 1019.10 997.90 38.04 311.20 -9999.00 0.00
-9999.00 -9999.00 309.70 20.00 67.00 0.00
-9999.00 -0.60 4.50 -9999.00 -9999.00 28.54
13.26 0.00 0.00 0.00 0.00 0.10
-3.60 58.60 -9999.00 999.00 -9999.00 20.00
18.09
725340 200808/1900 1018.90 997.60 38.74 311.90 0.00 100.00
0.00 0.00 310.60 29.00 80.00 0.00
-9999.00 -0.70 4.10 -9999.00 -9999.00 29.64
13.51 0.00 0.00 0.00 0.00 0.40
-3.70 61.40 -9999.00 999.00 -9999.00 20.00
18.37
725340 200808/2000 1018.00 996.90 38.44 311.60 0.00 100.00
0.00 0.00 310.60 25.00 56.00 0.00
-9999.00 -0.50 4.30 -9999.00 -9999.00 30.24
13.99 0.00 0.00 0.00 0.00 0.50
-4.10 67.40 -9999.00 999.00 -9999.00 20.00
18.91
725340 200808/2100 1017.30 996.10 37.54 310.70 0.00 100.00
0.00 0.00 310.10 32.00 4.00 0.00
-9999.00 0.00 4.70 -9999.00 -9999.00 30.64
14.25 0.00 0.00 0.00 0.00 -0.60
-3.70 70.60 -9999.00 999.00 -9999.00 20.00
19.18
725340 200808/2200 1016.50 995.40 35.94 309.10 0.00 100.00
0.00 0.00 308.80 29.00 5.00 0.00
-9999.00 0.50 4.70 -9999.00 -9999.00 30.64
14.40 0.00 0.00 0.00 0.00 -1.80
-2.60 69.10 -9999.00 999.00 -9999.00 20.00
19.34
725340 200808/2300 1016.40 995.30 33.44 306.60 0.00 100.00
0.00 0.00 306.70 23.00 2.00 0.00
-9999.00 0.50 4.80 -9999.00 -9999.00 30.34
14.52 0.00 0.00 0.00 0.00 -2.70
-1.80 71.00 -9999.00 999.00 -9999.00 20.00
19.47
725340 200809/0000 1016.90 995.80 31.14 304.30 0.00 100.00
0.00 0.00 304.60 7.00 0.00 0.00
-9999.00 0.20 4.70 -9999.00 -9999.00 29.64
14.73 0.00 0.00 0.00 0.00 -3.10
-1.60 75.50 -9999.00 999.00 -9999.00 20.00
19.70
725340 200809/0100 1017.60 996.40 27.94 301.10 0.00 100.00
0.00 0.00 301.70 0.00 0.00 0.00
-9999.00 0.00 4.10 -9999.00 -9999.00 28.14
15.07 0.00 0.00 0.00 0.00 -2.80
-2.20 95.80 -9999.00 999.00 -9999.00 20.00
20.07
725340 200809/0200 1017.70 996.40 26.34 299.50 0.00 100.00
0.00 0.00 300.00 2.00 0.00 0.00
-9999.00 -0.30 3.40 -9999.00 -9999.00 26.64
15.48 0.00 0.00 0.00 0.00 -3.30
-1.00 122.40 -9999.00 999.00 -9999.00 20.00
20.49
725340 200809/0300 1018.00 996.70 25.04 298.20 0.00 100.00
0.00 0.00 298.70 7.00 0.00 0.00
-9999.00 -0.30 3.50 -9999.00 -9999.00 25.54
15.57 0.00 0.00 0.00 0.00 -4.00
0.60 140.70 -9999.00 999.00 -9999.00 20.00
20.59
725340 200809/0400 1017.80 996.50 24.04 297.20 0.00 100.00
0.00 0.00 297.70 7.00 0.00 0.00
-9999.00 -0.30 3.80 -9999.00 -9999.00 24.74
15.46 0.00 0.00 0.00 0.00 -4.30
0.90 131.90 -9999.00 999.00 -9999.00 20.00
20.47
725340 200809/0500 1017.90 996.60 23.34 296.50 0.00 100.00
0.00 0.00 296.90 13.00 0.00 0.00
-9999.00 0.00 3.70 -9999.00 -9999.00 24.14
15.76 0.00 0.00 0.00 0.00 -4.50
2.20 93.80 -9999.00 999.00 -9999.00 20.00
20.78
725340 200809/0600 1018.30 997.00 23.04 296.20 0.00 100.00
0.00 0.00 296.50 16.00 0.00 0.00
-9999.00 1.00 2.70 -9999.00 -9999.00 23.54
16.59 0.00 0.00 0.00 0.00 -4.30
4.10 11.40 -9999.00 999.00 -9999.00 20.00
21.60
725340 200809/0700 1018.50 997.10 22.74 295.90 0.00 100.00
0.00 0.00 296.10 5.00 0.00 0.00
-9999.00 1.20 1.70 -9999.00 -9999.00 22.94
16.94 0.00 0.00 0.00 0.00 -4.40
5.10 -24.40 -9999.00 999.00 -9999.00 20.00
21.93
725340 200809/0800 1018.00 996.60 22.44 295.60 0.00 100.00
0.00 0.00 295.80 9.00 0.00 0.00
-9999.00 1.00 1.90 -9999.00 -9999.00 22.54
16.88 0.00 0.00 0.00 0.00 -4.10
6.20 -24.20 -9999.00 999.00 -9999.00 20.00
21.87
725340 200809/0900 1018.10 996.80 22.14 295.30 0.00 100.00
0.00 0.00 295.50 12.00 0.00 0.00
-9999.00 1.40 2.00 -9999.00 -9999.00 22.24
16.59 0.00 0.00 0.00 0.00 -3.30
6.60 -18.50 -9999.00 999.00 -9999.00 20.00
21.60
725340 200809/1000 1018.30 996.90 21.74 294.90 0.00 100.00
0.00 0.00 295.10 11.00 0.00 0.00
-9999.00 1.10 1.90 -9999.00 -9999.00 21.84
16.23 0.00 0.00 0.00 0.00 -3.50
5.90 -9.10 -9999.00 999.00 -9999.00 20.00
21.25
725340 200809/1100 1018.40 997.00 21.34 294.50 0.00 100.00
0.00 0.00 294.80 7.00 0.00 0.00
-9999.00 0.90 1.60 -9999.00 -9999.00 21.44
15.94 0.00 0.00 0.00 0.00 -3.50
5.30 2.50 -9999.00 999.00 -9999.00 20.00
20.96
725340 200809/1200 1018.60 997.20 22.44 295.60 0.00 100.00
0.00 0.00 295.50 9.00 0.00 0.00
-9999.00 1.40 1.90 -9999.00 -9999.00 21.94
16.22 0.00 0.00 0.00 0.00 -3.00
6.40 -3.90 -9999.00 999.00 -9999.00 20.00
21.24
725340 200809/1300 1018.20 996.80 23.84 297.00 0.00 100.00
0.00 0.00 296.80 64.00 0.00 0.00
-9999.00 1.80 2.50 -9999.00 -9999.00 23.14
16.56 0.00 0.00 0.00 0.00 -4.40
4.30 -14.10 -9999.00 999.00 875.70 20.00
21.57
725340 200809/1400 1018.20 996.90 25.54 298.70 0.00 100.00
0.00 0.00 298.40 100.00 0.00 0.00
-9999.00 1.10 2.70 -9999.00 -9999.00 24.34
16.94 0.00 0.00 0.00 0.00 -4.30
0.50 -5.70 -9999.00 999.00 901.10 0.17
21.93
725340 200809/1500 1018.20 996.90 27.64 300.80 0.00 100.00
0.00 0.00 300.20 100.00 0.00 0.00
-9999.00 0.40 3.50 -9999.00 -9999.00 25.54
16.98 0.00 0.00 0.00 0.00 -3.20
-1.10 14.80 -9999.00 999.00 875.80 0.11
21.97


