
SNPARM = PRES;TMPC;TMWC;DWPC;THTE;DRCT;SKNT;OMEG;CFRL;HGHT 
STNPRM = SHOW;LIFT;SWET;KINX;LCLP;PWAT;TOTL;CAPE;LCLT;CINS;EQLV;LFCT;BRCH 

STID = KMDW STNM = 725340 TIME = 200808/1100 
SLAT = 41.78 SLON = -87.75 SELV = 183.0
STIM = 0

SHOW = 7.39 LIFT = 10.10 SWET = 85.91 KINX = 26.21
LCLP = 946.89 PWAT = 28.94 TOTL = 36.54 CAPE = 0.00
LCLT = 286.86 CINS = 0.00 EQLV = -9999.00 LFCT = -9999.00
BRCH = 0.00

PRES TMPC TMWC DWPC THTE DRCT SKNT OMEG
CFRL HGHT
997.90 18.04 15.85 14.52 321.33 153.43 2.60 0.00
0.00 191.59
994.90 18.84 15.49 13.41 320.54 159.59 8.92 0.00
0.00 217.45
989.40 21.04 15.03 11.08 319.71 165.96 12.00 0.00
0.00 265.27
979.90 22.04 14.07 8.31 317.81 172.20 14.32 0.00
0.00 348.88
966.10 21.54 13.24 6.93 317.01 172.36 16.06 0.10
0.00 471.83
948.20 20.24 12.56 6.68 317.33 176.10 17.13 0.10
0.00 633.43
926.90 18.64 11.61 6.11 317.35 183.95 16.94 0.10
0.00 828.77
903.70 17.64 9.56 2.22 314.49 190.18 15.38 0.10
0.00 1045.65
878.50 17.14 7.83 -2.01 312.95 193.63 13.19 0.10
0.00 1286.81
850.30 15.74 9.55 4.60 321.74 203.70 8.70 0.20
0.00 1564.22
819.00 14.54 10.72 8.15 329.98 228.37 7.01 0.10
0.00 1882.11
784.80 12.94 9.69 7.48 332.13 245.22 8.35 0.10
0.00 2242.12
747.60 10.34 7.89 6.13 332.64 261.70 9.42 0.10
0.00 2648.92
707.50 7.34 6.25 5.44 334.55 275.71 11.71 0.20
2.00 3106.18
664.40 3.64 1.60 -0.31 329.00 292.43 13.25 0.20
0.00 3620.94
618.50 1.34 -3.48 -10.25 324.35 310.40 11.99 0.10
0.00 4200.02
570.20 -1.86 -7.58 -19.00 323.77 295.08 10.08 0.10
0.00 4850.37
523.40 -5.86 -11.64 -28.66 324.15 271.91 11.65 0.10
0.00 5525.89
481.20 -9.96 -15.03 -33.78 326.12 262.09 14.12 0.10
0.00 6178.78
443.50 -13.76 -17.66 -31.71 329.54 265.96 16.55 0.00
0.00 6802.97
409.60 -17.96 -20.59 -29.96 332.26 262.88 18.78 0.00
0.00 7402.08
378.90 -22.36 -23.75 -28.80 334.46 257.01 20.73 0.00
0.00 7979.33
351.20 -26.66 -27.21 -29.39 336.00 257.36 21.31 0.10
57.00 8532.17
326.40 -30.16 -30.76 -33.90 337.19 266.63 23.15 0.10
27.00 9057.06
303.90 -33.66 -34.50 -41.01 337.99 267.60 27.80 0.10
0.00 9561.57
283.80 -36.96 -37.77 -46.38 339.37 266.61 32.89 0.10
0.00 10038.05
265.70 -39.96 -40.74 -52.61 341.02 270.63 35.16 0.00
0.00 10490.82
248.80 -42.46 -43.18 -58.13 343.55 276.17 36.15 0.00
0.00 10937.02
233.60 -44.96 -45.58 -61.80 345.91 280.22 36.13 0.00
0.00 11360.41
219.60 -47.86 -48.35 -64.44 347.56 282.75 33.45 -0.10
0.00 11770.60
205.70 -51.06 -51.43 -67.88 349.04 282.57 29.45 -0.10
0.00 12198.76
191.70 -53.96 -54.26 -73.19 351.44 278.47 27.70 -0.10
0.00 12654.00
177.70 -56.46 -56.70 -73.70 355.04 273.16 28.21 -0.10
0.00 13137.78
163.80 -59.26 -59.44 -74.24 358.70 271.07 31.08 0.00
0.00 13651.07
149.80 -62.36 -9999.00 -9999.00 -9999.00 273.97 33.68 0.00
0.00 14206.40
135.90 -64.56 -9999.00 -9999.00 -9999.00 279.04 34.62 0.00
0.00 14804.12
121.90 -65.16 -9999.00 -9999.00 -9999.00 281.38 32.50 0.00
0.00 15466.97
108.00 -63.76 -9999.00 -9999.00 -9999.00 293.14 24.71 0.00
0.00 16206.54
94.00 -63.56 -9999.00 -9999.00 -9999.00 312.11 13.62 0.00
0.00 17057.90
81.00 -62.76 -9999.00 -9999.00 -9999.00 294.44 7.03 0.00
0.00 17972.81
70.60 -60.86 -9999.00 -9999.00 -9999.00 360.00 0.97 0.00
0.00 18822.91
62.20 -59.46 -9999.00 -9999.00 -9999.00 76.33 7.40 0.00
0.00 19612.67
54.30 -58.46 -9999.00 -9999.00 -9999.00 82.00 12.55 0.00
0.00 20464.28
46.90 -57.26 -9999.00 -9999.00 -9999.00 80.54 15.37 0.00
0.00 21387.54
40.10 -56.06 -9999.00 -9999.00 -9999.00 80.19 15.97 0.00
0.00 22380.17
33.80 -53.56 -9999.00 -9999.00 -9999.00 77.23 14.94 0.00
0.00 23472.51
27.80 -50.86 -9999.00 -9999.00 -9999.00 79.51 16.01 0.00
0.00 24736.37
22.30 -48.36 -9999.00 -9999.00 -9999.00 81.71 20.22 0.00
0.00 26178.84
17.10 -45.66 -9999.00 -9999.00 -9999.00 77.74 27.43 0.00
0.00 27936.35
12.30 -42.46 -9999.00 -9999.00 -9999.00 74.01 35.98 0.00
0.00 30145.77

STID = KMDW STNM = 725340 TIME = 200808/1200 
SLAT = 41.78 SLON = -87.75 SELV = 183.0
STIM = 1

SHOW = 5.82 LIFT = 9.72 SWET = 110.73 KINX = 27.42
LCLP = 948.66 PWAT = 30.27 TOTL = 38.81 CAPE = 0.00
LCLT = 287.19 CINS = 0.00 EQLV = -9999.00 LFCT = -9999.00
BRCH = 0.00

PRES TMPC TMWC DWPC THTE DRCT SKNT OMEG
CFRL HGHT
998.10 18.24 16.11 14.83 322.13 151.93 3.30 0.00
0.00 192.46
995.20 18.54 15.52 13.65 320.60 155.92 10.00 0.00
0.00 217.44
989.70 20.64 14.83 10.98 319.07 161.30 13.33 0.00
0.00 265.19
980.20 22.04 13.88 7.87 317.18 167.62 16.32 0.00
0.00 348.72
966.30 21.54 13.00 6.36 316.27 169.53 18.18 0.00
0.00 472.51
948.50 20.14 12.39 6.37 316.79 176.39 18.49 0.00
0.00 633.12
927.20 18.74 11.96 6.80 318.32 189.14 17.11 -0.10
0.00 828.41
903.90 17.94 10.60 4.55 317.40 200.22 15.73 0.00
0.00 1046.39
878.60 17.44 9.46 2.43 317.49 201.64 13.17 0.00
0.00 1288.88
850.40 15.94 10.49 6.47 324.52 206.57 9.98 0.10
0.00 1566.69
819.10 14.64 10.87 8.36 330.43 219.29 8.28 0.10
0.00 1884.81
784.90 13.04 9.71 7.44 332.16 234.29 7.65 0.10
0.00 2244.91
747.70 10.64 8.09 6.29 333.25 262.88 7.83 0.20
0.00 2651.95
707.60 7.64 6.13 5.00 334.16 283.30 10.98 0.20
0.00 3109.61
664.50 4.14 1.18 -1.74 327.87 300.80 11.75 0.20
0.00 3624.91
618.60 1.64 -2.81 -8.62 325.91 323.13 10.68 0.20
0.00 4204.71
570.20 -1.96 -6.59 -14.21 326.07 306.38 9.17 0.10
0.00 4856.82
523.40 -5.96 -11.15 -24.06 325.27 281.50 11.69 0.10
0.00 5532.31
481.30 -10.06 -14.76 -30.02 326.69 270.80 13.99 0.00
0.00 6183.45
443.60 -14.06 -17.80 -31.04 329.28 267.34 16.72 -0.10
0.00 6807.08
409.60 -18.16 -20.88 -31.10 331.72 257.14 18.34 -0.10
0.00 7407.30
378.90 -22.56 -24.04 -29.63 333.94 246.25 21.23 -0.10
0.00 7984.06
351.30 -26.76 -27.30 -29.49 335.80 243.88 22.49 -0.10
51.00 8534.48
326.40 -30.36 -30.88 -33.60 336.98 250.64 22.86 -0.10
31.00 9061.09
303.90 -33.76 -34.52 -40.22 337.96 256.85 27.33 0.00
2.00 9565.30
283.80 -36.96 -37.88 -48.80 339.17 262.61 31.74 0.00
0.00 10041.68
265.70 -39.96 -40.78 -54.29 340.94 267.14 35.00 0.00
0.00 10494.44
248.80 -42.36 -43.09 -58.13 343.70 271.22 36.52 -0.10
0.00 10940.73
233.60 -44.86 -45.48 -61.80 346.06 274.28 36.42 -0.10
0.00 11364.30
219.60 -47.76 -48.25 -64.44 347.71 276.13 34.58 -0.10
0.00 11774.67
205.70 -50.96 -51.34 -67.88 349.19 274.43 30.21 -0.10
0.00 12203.02
191.70 -53.76 -54.07 -73.19 351.76 268.81 28.17 -0.10
0.00 12658.57
177.70 -56.26 -56.50 -73.70 355.37 263.66 29.90 -0.10
0.00 13142.80
163.80 -59.16 -59.34 -74.24 358.87 263.96 33.22 0.00
0.00 13656.45
149.80 -62.46 -62.58 -74.84 362.47 270.31 36.32 0.00
0.00 14211.78
135.90 -64.56 -9999.00 -9999.00 -9999.00 280.47 36.34 0.00
0.00 14809.36
121.90 -65.16 -9999.00 -9999.00 -9999.00 287.35 32.56 0.00
0.00 15472.21
108.00 -64.36 -9999.00 -9999.00 -9999.00 301.04 24.49 0.00
0.00 16210.71
94.00 -64.56 -9999.00 -9999.00 -9999.00 315.00 12.92 0.00
0.00 17058.82
81.00 -62.86 -9999.00 -9999.00 -9999.00 288.43 7.98 0.00
0.00 17971.33
70.60 -60.16 -9999.00 -9999.00 -9999.00 330.26 1.57 0.00
0.00 18822.64
62.20 -59.16 -9999.00 -9999.00 -9999.00 70.20 5.17 0.00
0.00 19614.25
54.30 -58.16 -9999.00 -9999.00 -9999.00 77.91 8.35 0.00
0.00 20467.06
46.90 -57.06 -9999.00 -9999.00 -9999.00 70.02 11.36 0.00
0.00 21391.39
40.10 -55.66 -9999.00 -9999.00 -9999.00 66.70 13.75 0.00
0.00 22385.39
33.80 -52.76 -9999.00 -9999.00 -9999.00 68.63 14.39 0.00
0.00 23480.74
27.80 -50.36 -9999.00 -9999.00 -9999.00 76.13 16.20 0.00
0.00 24748.31
22.30 -48.56 -9999.00 -9999.00 -9999.00 79.01 20.38 0.00
0.00 26191.75
17.10 -46.26 -9999.00 -9999.00 -9999.00 74.78 27.37 0.00
0.00 27946.16
12.30 -42.66 -9999.00 -9999.00 -9999.00 75.15 36.38 0.00
0.00 30151.71

STID = KMDW STNM = 725340 TIME = 200808/1300 
SLAT = 41.78 SLON = -87.75 SELV = 183.0
STIM = 2

SHOW = 4.20 LIFT = 8.84 SWET = 131.81 KINX = 28.37
LCLP = 910.82 PWAT = 32.61 TOTL = 41.21 CAPE = 0.00
LCLT = 285.86 CINS = 0.00 EQLV = -9999.00 LFCT = -9999.00
BRCH = 0.00

PRES TMPC TMWC DWPC THTE DRCT SKNT OMEG
CFRL HGHT
998.80 20.34 16.44 14.13 323.08 164.58 5.85 0.00
0.00 192.51
995.80 20.14 15.88 13.27 321.64 164.65 10.28 0.00
0.00 218.50
990.40 19.84 15.38 12.57 320.73 164.83 11.87 0.00
0.00 265.43
980.90 21.34 13.90 8.51 317.20 169.92 17.75 0.00
0.00 348.71
967.00 21.44 12.91 6.23 315.92 172.81 20.16 0.00
0.00 472.26
949.10 20.34 12.38 6.15 316.66 179.46 20.59 0.00
0.00 633.68
927.80 18.94 12.25 7.28 319.12 194.74 19.08 0.00
0.00 828.98
904.50 18.14 11.84 7.20 321.00 205.17 17.81 0.00
0.00 1047.06
879.20 17.54 11.23 6.54 322.62 205.89 14.69 0.10
0.00 1289.73
850.90 16.14 11.30 7.97 326.97 209.05 12.00 0.10
0.00 1568.71
819.60 14.74 10.95 8.44 330.62 216.25 10.84 0.10
0.00 1886.87
785.40 13.14 9.69 7.33 332.02 222.44 9.21 0.10
0.00 2246.87
748.10 11.04 8.29 6.37 333.80 249.78 7.87 0.10
0.00 2655.12
708.00 8.04 5.99 4.43 333.66 278.75 10.22 0.10
0.00 3113.14
664.90 4.74 1.12 -2.55 327.61 303.69 9.81 0.10
0.00 3628.97
618.90 1.84 -1.60 -5.49 328.87 338.63 9.60 0.00
0.00 4210.66
570.50 -2.06 -5.37 -9.92 328.85 327.34 8.99 -0.10
0.00 4862.91
523.60 -6.26 -10.10 -17.47 327.57 302.01 10.99 -0.10
0.00 5539.39
481.40 -10.46 -14.29 -24.37 327.73 286.29 13.15 -0.10
0.00 6191.28
443.60 -14.56 -17.85 -28.58 329.24 275.93 15.03 -0.10
0.00 6815.53
409.70 -18.66 -21.22 -30.95 331.08 256.64 15.97 -0.20
0.00 7412.78
378.90 -22.66 -24.55 -32.84 332.98 238.95 21.10 -0.20
0.00 7990.63
351.30 -26.86 -27.46 -29.95 335.52 235.56 24.73 -0.20
57.00 8540.78
326.40 -30.66 -30.98 -32.60 336.82 238.33 24.42 -0.20
80.00 9066.96
304.00 -33.96 -34.49 -38.15 337.99 248.96 27.06 -0.20
12.00 9568.36
283.80 -37.06 -37.97 -48.80 339.02 258.90 31.27 -0.20
0.00 10046.73
265.70 -40.16 -40.96 -54.29 340.65 264.26 34.95 -0.10
0.00 10499.21
248.80 -42.36 -43.09 -58.13 343.70 267.95 38.09 -0.10
0.00 10945.31
233.60 -44.66 -45.30 -61.80 346.37 269.44 39.63 -0.10
0.00 11369.06
219.60 -47.46 -47.97 -64.44 348.17 270.00 38.46 -0.10
0.00 11779.89
205.70 -50.76 -51.15 -67.88 349.51 268.11 35.37 -0.10
0.00 12208.71
191.70 -53.96 -54.26 -73.19 351.44 263.39 32.07 -0.10
0.00 12664.26
177.70 -56.66 -56.89 -73.70 354.71 259.38 31.62 -0.10
0.00 13147.82
163.80 -59.56 -59.73 -74.24 358.20 261.96 33.35 0.00
0.00 13660.52
149.80 -62.86 -62.97 -74.84 361.78 271.24 35.94 0.00
0.00 14214.80
135.90 -64.76 -64.85 -75.48 368.63 286.70 36.50 0.00
0.00 14811.53
121.90 -65.46 -9999.00 -9999.00 -9999.00 298.78 31.47 0.10
0.00 15473.58
108.00 -64.86 -9999.00 -9999.00 -9999.00 313.57 21.99 0.00
0.00 16210.67
94.00 -64.36 -9999.00 -9999.00 -9999.00 319.14 9.50 0.00
0.00 17058.17
81.00 -61.36 -9999.00 -9999.00 -9999.00 297.90 7.48 0.00
0.00 17974.38
70.60 -58.86 -9999.00 -9999.00 -9999.00 8.53 3.92 0.00
0.00 18831.33
62.20 -58.46 -9999.00 -9999.00 -9999.00 49.09 3.85 0.00
0.00 19626.65
54.30 -57.26 -9999.00 -9999.00 -9999.00 67.83 5.67 0.00
0.00 20482.63
46.90 -56.16 -9999.00 -9999.00 -9999.00 68.40 10.02 0.00
0.00 21410.82
40.10 -54.66 -9999.00 -9999.00 -9999.00 77.74 13.71 0.00
0.00 22409.19
33.80 -52.36 -9999.00 -9999.00 -9999.00 84.14 15.23 0.00
0.00 23508.03
27.80 -50.76 -9999.00 -9999.00 -9999.00 84.75 16.98 0.00
0.00 24775.61
22.30 -48.86 -9999.00 -9999.00 -9999.00 78.27 21.04 0.00
0.00 26216.79
17.10 -45.76 -9999.00 -9999.00 -9999.00 75.30 28.32 0.00
0.00 27971.97
12.30 -42.36 -9999.00 -9999.00 -9999.00 76.12 35.63 0.00
0.00 30181.38

STID = KMDW STNM = 725340 TIME = 200808/1400 
SLAT = 41.78 SLON = -87.75 SELV = 183.0
STIM = 3

SHOW = 2.21 LIFT = 7.47 SWET = 156.38 KINX = 30.33
LCLP = 867.24 PWAT = 34.96 TOTL = 43.95 CAPE = 0.00
LCLT = 283.95 CINS = 0.00 EQLV = -9999.00 LFCT = -9999.00
BRCH = 0.00

PRES TMPC TMWC DWPC THTE DRCT SKNT OMEG
CFRL HGHT
998.20 22.44 16.52 12.94 323.35 169.00 7.13 0.00
0.00 192.58
995.20 22.14 16.07 12.31 322.27 168.91 10.10 0.00
0.00 218.76
989.70 21.64 15.64 11.84 321.58 170.69 12.00 -0.10
0.00 266.88
980.30 20.94 14.78 10.69 320.06 174.62 16.59 -0.10
0.00 349.55
966.50 21.14 13.30 7.45 317.20 177.71 19.44 0.00
0.00 472.19
948.60 20.44 12.53 6.42 317.17 182.10 21.19 0.00
0.00 633.68
927.30 19.34 12.74 8.01 320.65 200.12 20.90 0.00
0.00 829.28
904.00 18.54 13.28 9.84 325.56 210.26 18.88 0.10
0.00 1047.90
878.60 17.74 12.99 9.95 328.26 212.91 15.73 0.20
0.00 1292.17
850.30 16.34 12.37 9.85 330.46 218.16 13.83 0.20
0.00 1571.77
819.10 14.84 11.25 8.91 331.63 222.05 13.34 0.20
0.00 1889.43
784.90 13.24 9.62 7.14 331.89 219.56 11.60 0.10
0.00 2249.79
747.70 11.24 8.34 6.31 334.01 240.26 9.40 0.10
0.00 2657.39
707.60 8.24 5.89 4.09 333.43 271.10 10.10 0.10
0.00 3115.96
664.60 4.94 1.20 -2.59 327.86 303.31 8.14 0.00
0.00 3631.19
618.60 1.84 -0.82 -3.58 330.91 354.92 8.78 0.00
0.00 4213.47
570.20 -2.16 -5.07 -8.89 329.63 346.76 10.18 0.00
0.00 4866.12
523.40 -6.66 -9.27 -13.52 329.47 328.67 10.47 0.00
0.00 5541.04
481.20 -10.76 -13.56 -19.65 329.32 310.71 11.01 0.00
0.00 6192.57
443.50 -14.96 -17.71 -25.79 329.59 293.46 11.23 0.10
0.00 6814.69
409.60 -18.76 -21.29 -30.95 330.97 255.34 13.05 0.10
0.00 7411.55
378.90 -22.66 -24.88 -35.98 332.36 241.81 21.39 0.00
0.00 7987.44
351.20 -26.86 -28.03 -33.78 334.54 237.53 25.33 -0.10
0.00 8539.59
326.30 -30.76 -31.19 -33.45 336.49 235.60 26.13 -0.20
100.00 9065.77
303.90 -34.16 -34.60 -37.55 337.85 246.96 28.28 -0.20
100.00 9567.00
283.80 -37.46 -38.25 -47.28 338.57 256.48 31.57 -0.20
0.00 10042.50
265.60 -40.36 -41.19 -56.36 340.31 261.64 34.75 -0.20
0.00 10496.97
248.80 -42.66 -43.41 -61.32 343.16 265.94 38.36 -0.20
0.00 10940.04
233.60 -44.96 -45.58 -61.80 345.91 268.11 41.20 -0.10
0.00 11363.23
219.60 -47.56 -48.07 -64.44 348.02 267.84 41.22 -0.10
0.00 11773.70
205.70 -50.76 -51.15 -67.88 349.51 265.73 39.16 -0.10
0.00 12202.43
191.70 -54.16 -54.43 -68.39 351.16 261.74 36.50 0.00
0.00 12657.77
177.70 -57.06 -57.28 -73.70 354.06 257.25 33.45 0.00
0.00 13140.67
163.80 -59.76 -59.92 -74.24 357.86 259.30 32.42 0.10
0.00 13652.65
149.80 -62.56 -62.68 -74.84 362.30 271.94 34.40 0.10
0.00 14207.06
135.90 -64.06 -64.17 -75.48 369.87 291.50 34.44 0.10
0.00 14805.21
121.90 -64.76 -9999.00 -9999.00 -9999.00 305.12 28.03 0.10
0.00 15469.50
108.00 -64.16 -9999.00 -9999.00 -9999.00 310.46 17.37 0.00
0.00 16209.07
94.00 -63.16 -9999.00 -9999.00 -9999.00 293.96 9.56 0.00
0.00 17060.42
81.00 -60.56 -9999.00 -9999.00 -9999.00 302.80 10.39 0.00
0.00 17981.00
70.60 -59.56 -9999.00 -9999.00 -9999.00 351.87 4.12 0.00
0.00 18838.14
62.20 -59.16 -9999.00 -9999.00 -9999.00 360.00 0.97 0.00
0.00 19630.86
54.30 -57.56 -9999.00 -9999.00 -9999.00 80.91 4.91 0.00
0.00 20484.86
46.90 -56.46 -9999.00 -9999.00 -9999.00 80.10 12.43 0.00
0.00 21411.77
40.10 -55.16 -9999.00 -9999.00 -9999.00 87.40 17.11 0.00
0.00 22408.29
33.80 -53.16 -9999.00 -9999.00 -9999.00 85.24 18.71 0.00
0.00 23503.89
27.80 -51.26 -9999.00 -9999.00 -9999.00 76.10 20.20 0.00
0.00 24767.74
22.30 -48.16 -9999.00 -9999.00 -9999.00 69.89 23.17 0.00
0.00 26209.57
17.10 -44.16 -9999.00 -9999.00 -9999.00 77.88 26.83 0.00
0.00 27973.69
12.30 -41.96 -9999.00 -9999.00 -9999.00 81.82 30.03 0.00
0.00 30192.75

STID = KMDW STNM = 725340 TIME = 200808/1500 
SLAT = 41.78 SLON = -87.75 SELV = 183.0
STIM = 4

SHOW = 0.26 LIFT = 5.71 SWET = 179.48 KINX = 32.21
LCLP = 811.52 PWAT = 36.58 TOTL = 46.38 CAPE = 0.00
LCLT = 281.04 CINS = 0.00 EQLV = -9999.00 LFCT = -9999.00
BRCH = 0.00

PRES TMPC TMWC DWPC THTE DRCT SKNT OMEG
CFRL HGHT
997.30 24.94 16.41 10.97 322.92 180.00 7.96 0.00
0.00 192.67
994.40 24.24 16.05 10.76 322.16 180.00 10.68 0.00
0.00 218.17
988.90 23.64 15.73 10.57 321.84 180.90 12.43 0.00
0.00 266.64
979.50 22.74 15.24 10.29 321.53 181.59 13.99 -0.10
0.00 349.90
965.60 21.44 14.47 9.76 320.93 183.33 16.72 -0.10
0.00 474.01
947.80 20.34 13.42 8.52 320.01 186.60 18.57 -0.10
0.00 634.89
926.40 19.44 13.72 9.94 323.83 205.29 19.54 0.00
0.00 831.72
903.10 18.94 14.75 12.29 330.54 216.87 18.45 0.10
0.00 1050.90
877.80 17.84 14.40 12.41 333.10 223.56 16.36 0.20
0.00 1294.87
849.50 16.44 13.50 11.77 334.36 229.90 14.47 0.20
0.00 1575.07
818.30 14.94 11.79 9.82 333.53 229.57 13.77 0.20
0.00 1893.31
784.10 13.54 9.66 7.00 332.14 223.19 13.05 0.20
0.00 2254.35
747.00 11.44 8.25 6.00 333.84 237.99 10.99 0.10
0.00 2661.57
707.00 8.34 5.70 3.66 332.99 263.77 10.74 0.10
0.00 3119.60
664.00 4.94 1.26 -2.43 328.13 306.53 6.53 0.00
0.00 3635.35
618.20 1.64 -0.73 -3.17 331.20 15.38 8.06 -0.10
0.00 4215.38
569.90 -2.36 -5.49 -9.78 328.71 2.20 10.10 -0.10
0.00 4866.57
523.10 -6.86 -9.37 -13.48 329.31 344.54 9.48 -0.10
0.00 5541.31
481.00 -10.96 -13.35 -18.28 329.81 331.19 8.88 0.00
0.00 6191.17
443.30 -14.86 -17.47 -24.80 330.10 304.88 7.81 0.00
0.00 6813.50
409.40 -18.56 -21.29 -32.20 330.99 248.84 12.92 0.00
0.00 7410.99
378.70 -22.76 -25.29 -40.38 331.65 248.47 22.77 -0.10
0.00 7987.25
351.20 -26.86 -28.50 -38.32 333.70 240.60 28.09 -0.20
0.00 8535.38
326.30 -30.66 -31.32 -35.02 336.27 236.10 29.95 -0.30
53.00 9061.61
303.90 -34.56 -34.90 -37.16 337.36 243.76 30.75 -0.30
100.00 9562.52
283.80 -38.06 -38.72 -45.96 337.82 252.44 32.19 -0.20
1.00 10037.02
265.60 -40.96 -41.76 -57.61 339.39 257.54 34.21 -0.20
0.00 10490.34
248.80 -43.16 -43.87 -61.32 342.42 262.29 37.65 -0.10
0.00 10932.35
233.60 -45.36 -45.95 -61.80 345.31 265.24 42.09 -0.10
0.00 11354.71
219.60 -47.76 -48.25 -64.44 347.71 266.15 43.41 0.00
0.00 11764.64
205.70 -50.76 -51.15 -67.88 349.51 265.05 40.56 0.00
0.00 12193.17
191.70 -54.16 -54.43 -68.39 351.16 260.98 37.18 0.10
0.00 12648.52
177.80 -56.86 -57.08 -73.70 354.33 257.61 34.40 0.10
0.00 13128.05
163.80 -59.16 -59.34 -74.24 358.87 262.11 32.56 0.10
0.00 13644.53
149.80 -61.66 -61.80 -74.84 363.85 278.70 33.41 0.10
0.00 14200.90
135.90 -63.36 -63.48 -75.48 371.11 299.45 32.79 0.00
0.00 14801.34
121.90 -64.26 -9999.00 -9999.00 -9999.00 307.46 26.18 0.00
0.00 15467.53
108.00 -63.76 -9999.00 -9999.00 -9999.00 303.11 16.01 0.00
0.00 16208.70
94.00 -63.56 -9999.00 -9999.00 -9999.00 285.95 11.31 0.00
0.00 17060.05
81.00 -61.56 -9999.00 -9999.00 -9999.00 304.99 9.48 0.00
0.00 17977.58
70.60 -60.86 -9999.00 -9999.00 -9999.00 45.00 0.82 0.00
0.00 18830.09
62.20 -59.66 -9999.00 -9999.00 -9999.00 122.47 2.53 0.00
0.00 19619.48
54.30 -57.16 -9999.00 -9999.00 -9999.00 85.52 9.95 0.00
0.00 20473.28
46.90 -56.06 -9999.00 -9999.00 -9999.00 87.37 16.92 0.00
0.00 21401.90
40.10 -54.66 -9999.00 -9999.00 -9999.00 89.37 17.68 0.00
0.00 22400.49
33.80 -53.06 -9999.00 -9999.00 -9999.00 76.28 17.19 0.00
0.00 23497.58
27.80 -51.26 -9999.00 -9999.00 -9999.00 68.42 19.02 0.00
0.00 24761.72
22.30 -48.66 -9999.00 -9999.00 -9999.00 73.35 23.72 0.00
0.00 26201.94
17.10 -45.16 -9999.00 -9999.00 -9999.00 82.98 27.00 0.00
0.00 27960.23
12.30 -41.86 -9999.00 -9999.00 -9999.00 84.32 31.43 0.00
0.00 30174.95

STID = KMDW STNM = 725340 TIME = 200808/1600 
SLAT = 41.78 SLON = -87.75 SELV = 183.0
STIM = 5

SHOW = -0.94 LIFT = 3.58 SWET = 184.87 KINX = 32.92
LCLP = 796.76 PWAT = 37.90 TOTL = 48.13 CAPE = 0.00
LCLT = 281.36 CINS = 0.00 EQLV = -9999.00 LFCT = -9999.00
BRCH = 0.00

PRES TMPC TMWC DWPC THTE DRCT SKNT OMEG
CFRL HGHT
998.40 26.94 17.40 11.59 326.02 185.86 7.61 0.00
0.00 192.72
995.40 26.14 17.05 11.46 325.28 185.49 10.14 0.00
0.00 219.26
990.00 25.44 16.74 11.34 324.95 185.81 11.52 0.00
0.00 267.11
980.50 24.34 16.26 11.20 324.65 186.91 12.92 -0.10
0.00 351.66
966.60 23.04 15.66 11.00 324.57 187.22 13.91 -0.10
0.00 476.36
948.70 21.44 14.95 10.82 324.71 189.83 14.78 -0.10
0.00 638.82
927.40 19.94 14.77 11.61 327.12 210.07 17.06 -0.10
0.00 835.19
904.00 19.14 15.86 14.07 334.28 218.16 17.29 0.00
0.00 1055.50
878.60 18.24 15.45 13.94 336.69 227.45 16.08 0.00
0.00 1300.63
850.30 16.94 14.14 12.56 336.47 236.09 14.28 0.00
4.00 1581.13
819.00 15.44 12.14 10.11 334.56 236.94 14.61 0.00
3.00 1900.73
784.80 13.84 9.85 7.14 332.62 231.10 14.22 0.00
0.00 2261.98
747.60 11.64 8.01 5.38 332.98 235.54 12.02 0.00
0.00 2670.28
707.50 8.54 5.46 3.02 332.20 258.91 10.10 -0.10
0.00 3129.34
664.50 5.24 1.44 -2.34 328.51 324.16 4.31 0.00
0.00 3645.13
618.60 1.74 -0.85 -3.55 330.82 35.39 9.05 0.10
0.00 4226.42
570.20 -2.66 -5.83 -10.30 327.87 18.78 10.26 0.00
0.00 4878.28
523.30 -7.16 -9.81 -14.36 328.31 356.91 7.21 0.00
0.00 5553.33
481.20 -11.16 -13.46 -18.21 329.55 334.44 4.95 0.00
0.00 6202.29
443.50 -14.86 -17.28 -23.78 330.44 284.53 5.42 0.00
0.00 6824.14
409.60 -18.76 -21.46 -32.36 330.65 247.44 13.68 -0.10
0.00 7421.13
378.80 -23.06 -25.25 -36.64 331.75 250.76 21.81 -0.10
0.00 7998.50
351.20 -26.96 -28.03 -33.15 334.55 241.75 29.55 -0.10
0.00 8548.18
326.30 -30.86 -31.13 -32.47 336.61 236.21 32.48 -0.10
97.00 9074.15
303.90 -34.76 -35.22 -38.58 336.81 240.17 32.01 0.00
100.00 9574.66
283.80 -38.06 -38.95 -51.31 337.43 247.30 32.21 0.00
0.00 10048.94
265.60 -40.56 -41.42 -59.06 339.93 253.88 34.98 0.00
0.00 10502.62
248.80 -42.56 -43.30 -59.58 343.36 261.64 41.43 0.00
0.00 10945.59
233.60 -45.06 -45.67 -61.80 345.76 266.32 45.36 0.00
0.00 11368.79
219.60 -47.86 -48.35 -64.44 347.56 268.99 44.29 0.00
0.00 11778.89
205.70 -50.76 -51.15 -67.88 349.51 269.42 38.66 0.00
0.00 12207.33
191.70 -53.76 -54.07 -73.19 351.76 265.45 34.30 0.10
0.00 12663.09
177.80 -56.16 -56.41 -73.70 355.47 262.92 33.08 0.10
0.00 13143.84
163.80 -58.36 -58.56 -74.24 360.21 270.68 32.63 0.00
0.00 13662.11
149.80 -61.06 -61.21 -74.84 364.88 286.14 32.15 0.00
0.00 14220.32
135.90 -63.36 -63.48 -75.48 371.11 300.90 29.88 0.00
0.00 14821.61
121.90 -64.26 -9999.00 -9999.00 -9999.00 304.46 24.03 0.00
0.00 15487.80
108.00 -63.96 -9999.00 -9999.00 -9999.00 294.44 14.08 0.00
0.00 16228.61
94.00 -64.06 -9999.00 -9999.00 -9999.00 276.34 10.55 0.00
0.00 17078.54
81.00 -61.86 -9999.00 -9999.00 -9999.00 299.25 5.57 0.00
0.00 17994.32
70.60 -61.06 -9999.00 -9999.00 -9999.00 147.09 3.92 0.00
0.00 18845.84
62.20 -58.66 -9999.00 -9999.00 -9999.00 120.47 3.83 0.00
0.00 19636.71
54.30 -56.46 -9999.00 -9999.00 -9999.00 90.00 11.27 0.00
0.00 20493.88
46.90 -55.26 -9999.00 -9999.00 -9999.00 94.33 12.86 0.00
0.00 21425.72
40.10 -53.86 -9999.00 -9999.00 -9999.00 81.38 12.98 0.00
0.00 22427.98
33.80 -53.26 -9999.00 -9999.00 -9999.00 64.44 14.86 0.00
0.00 23526.58
27.80 -51.86 -9999.00 -9999.00 -9999.00 64.54 18.07 0.00
0.00 24788.43
22.30 -49.76 -9999.00 -9999.00 -9999.00 79.86 24.28 0.00
0.00 26223.16
17.10 -46.86 -9999.00 -9999.00 -9999.00 85.91 29.99 0.00
0.00 27970.57
12.30 -42.16 -9999.00 -9999.00 -9999.00 87.36 37.92 0.00
0.00 30175.64

STID = KMDW STNM = 725340 TIME = 200808/1700 
SLAT = 41.78 SLON = -87.75 SELV = 183.0
STIM = 6

SHOW = -1.13 LIFT = 1.85 SWET = 186.64 KINX = 32.72
LCLP = 800.78 PWAT = 38.85 TOTL = 48.10 CAPE = 0.00
LCLT = 283.09 CINS = 0.00 EQLV = -9999.00 LFCT = -9999.00
BRCH = 0.00

PRES TMPC TMWC DWPC THTE DRCT SKNT OMEG
CFRL HGHT
997.10 28.24 18.64 13.27 330.60 191.98 6.55 0.00
0.00 192.78
994.10 27.34 18.30 13.19 329.82 189.46 8.28 0.00
0.00 219.48
988.70 26.64 18.01 13.11 329.56 189.87 9.07 0.00
0.00 267.61
979.30 25.64 17.59 12.98 329.38 190.01 10.06 -0.10
0.00 351.79
965.40 24.34 17.04 12.83 329.41 191.51 10.70 -0.10
0.00 477.28
947.50 22.64 16.31 12.64 329.45 194.04 11.21 -0.10
0.00 640.74
926.10 20.74 15.87 13.10 331.03 212.09 13.52 -0.10
0.00 839.09
902.80 19.34 16.00 14.20 334.97 220.76 14.88 -0.10
0.00 1059.20
877.40 17.94 15.82 14.70 338.24 229.55 15.58 -0.10
0.00 1304.67
849.20 16.74 14.33 12.98 337.30 239.86 13.93 -0.10
9.00 1584.39
817.90 15.44 12.34 10.47 335.43 247.01 13.93 -0.10
3.00 1904.36
783.80 13.74 10.02 7.53 333.32 242.02 14.08 0.00
0.00 2265.00
746.70 11.44 7.59 4.72 331.86 234.94 13.52 0.00
0.00 2672.49
706.70 8.44 5.12 2.40 331.32 250.20 10.31 0.00
0.00 3130.61
663.80 5.24 1.54 -2.10 328.89 318.81 2.06 0.10
0.00 3645.64
618.00 1.94 -1.19 -4.58 330.06 54.78 8.08 0.20
0.00 4226.42
569.70 -2.56 -6.08 -11.24 327.38 28.50 7.73 0.30
0.00 4877.77
523.00 -7.06 -10.01 -15.26 327.93 349.38 3.17 0.30
0.00 5550.61
480.90 -10.96 -13.43 -18.60 329.66 266.42 3.11 0.20
0.00 6200.28
443.30 -14.86 -17.14 -23.10 330.75 251.57 7.36 0.10
0.00 6821.05
409.40 -19.16 -21.22 -28.32 331.20 253.52 14.37 0.00
0.00 7417.93
378.70 -23.56 -25.03 -31.20 332.23 260.06 19.13 -0.10
0.00 7992.72
351.10 -27.16 -27.64 -29.61 335.28 246.37 27.14 -0.20
3.00 8541.87
326.30 -31.06 -31.25 -32.21 336.40 238.85 30.42 -0.20
100.00 9065.42
303.90 -34.66 -35.60 -44.54 336.15 242.62 30.40 -0.20
0.00 9565.80
283.70 -37.26 -38.37 -57.08 338.36 250.02 34.11 -0.10
0.00 10043.39
265.60 -39.86 -40.76 -57.61 340.99 256.70 40.52 -0.10
0.00 10496.10
248.80 -42.86 -43.57 -59.58 342.91 263.32 43.41 -0.10
0.00 10939.45
233.60 -45.56 -46.13 -61.80 345.00 269.23 43.12 -0.10
0.00 11361.91
219.60 -47.96 -48.44 -64.44 347.40 273.03 40.46 -0.10
0.00 11771.47
205.70 -50.76 -51.15 -67.88 349.51 272.85 35.20 0.00
0.00 12199.82
191.70 -53.46 -53.78 -73.19 352.24 267.51 31.31 0.00
0.00 12655.88
177.80 -55.86 -56.12 -73.70 355.97 263.35 31.88 0.00
0.00 13137.29
163.80 -58.36 -58.56 -74.24 360.21 269.66 32.63 0.00
0.00 13655.93
149.80 -61.26 -61.41 -74.84 364.54 283.77 30.21 0.00
0.00 14213.87
135.90 -63.56 -63.68 -75.48 370.75 296.57 27.37 0.00
0.00 14814.59
121.90 -64.66 -9999.00 -9999.00 -9999.00 299.87 22.63 0.00
0.00 15479.83
108.00 -64.46 -9999.00 -9999.00 -9999.00 280.98 13.25 0.00
0.00 16219.04
94.00 -64.36 -9999.00 -9999.00 -9999.00 260.87 11.01 0.00
0.00 17067.35
81.00 -61.96 -9999.00 -9999.00 -9999.00 255.26 3.81 0.00
0.00 17982.26
70.60 -61.56 -9999.00 -9999.00 -9999.00 156.04 3.83 0.00
0.00 18832.57
62.20 -58.86 -9999.00 -9999.00 -9999.00 56.31 4.90 0.00
0.00 19622.14
54.30 -57.56 -9999.00 -9999.00 -9999.00 71.85 12.47 0.00
0.00 20476.73
46.90 -55.66 -9999.00 -9999.00 -9999.00 81.47 11.79 0.00
0.00 21405.35
40.10 -54.26 -9999.00 -9999.00 -9999.00 75.76 13.42 0.00
0.00 22405.78
33.80 -53.06 -9999.00 -9999.00 -9999.00 72.05 14.49 0.00
0.00 23503.87
27.80 -51.46 -9999.00 -9999.00 -9999.00 69.66 18.43 0.00
0.00 24767.44
22.30 -49.16 -9999.00 -9999.00 -9999.00 79.88 22.11 0.00
0.00 26205.40
17.10 -45.96 -9999.00 -9999.00 -9999.00 90.79 28.17 0.00
0.00 27958.63
12.30 -42.06 -9999.00 -9999.00 -9999.00 88.72 34.77 0.00
0.00 30168.53

STID = KMDW STNM = 725340 TIME = 200808/1800 
SLAT = 41.78 SLON = -87.75 SELV = 183.0
STIM = 7

SHOW = -0.96 LIFT = 0.38 SWET = 194.31 KINX = 31.97
LCLP = 806.46 PWAT = 39.74 TOTL = 47.41 CAPE = 2.38
LCLT = 284.92 CINS = -334.04 EQLV = 376.13 LFCT = 402.53
BRCH = 0.53

PRES TMPC TMWC DWPC THTE DRCT SKNT OMEG
CFRL HGHT
996.70 29.54 19.96 15.03 335.60 197.93 6.93 0.00
0.00 192.84
993.80 28.64 19.64 14.97 334.82 194.35 8.62 0.00
0.00 218.78
988.30 27.94 19.35 14.88 334.56 194.32 9.42 -0.10
0.00 268.07
978.90 26.94 18.94 14.75 334.39 194.30 10.22 -0.20
0.00 352.71
964.90 25.54 18.36 14.57 334.28 195.52 10.88 -0.30
0.00 479.78
947.10 23.84 17.64 14.34 334.26 197.18 11.19 -0.30
0.00 643.18
925.70 21.94 16.87 14.14 334.61 200.22 11.79 -0.30
0.00 842.53
902.30 20.04 16.51 14.65 336.87 216.21 13.48 -0.20
0.00 1064.48
877.00 18.14 15.66 14.33 337.69 228.12 15.13 -0.20
0.00 1309.49
848.80 16.44 14.48 13.39 337.91 235.30 15.37 -0.20
11.00 1589.30
817.50 15.24 12.43 10.75 335.81 245.49 14.51 -0.10
8.00 1909.19
783.40 13.74 9.98 7.45 333.24 246.37 13.58 -0.10
1.00 2269.91
746.40 11.54 7.39 4.23 331.29 237.41 14.06 0.00
0.00 2676.52
706.40 8.54 4.95 1.96 330.88 244.75 11.38 0.00
0.00 3134.93
663.60 5.34 1.58 -2.11 329.03 225.00 1.38 0.00
0.00 3649.10
617.80 2.14 -1.37 -5.29 329.62 75.17 6.84 0.00
0.00 4230.33
569.60 -2.36 -6.22 -12.06 327.06 42.14 5.50 0.00
0.00 4880.90
522.90 -6.76 -9.94 -15.64 328.10 315.00 0.54 0.00
0.00 5554.44
480.80 -10.46 -13.25 -19.12 330.05 235.62 4.47 0.00
0.00 6205.19
443.20 -14.66 -16.69 -21.61 331.68 252.65 9.77 0.00
0.00 6826.95
409.40 -19.56 -20.47 -22.96 332.65 271.57 14.18 0.00
0.00 7422.04
378.70 -23.96 -24.44 -26.07 333.31 270.64 17.29 -0.10
0.00 7996.09
351.10 -27.46 -27.86 -29.50 334.90 251.00 25.06 -0.10
100.00 8544.55
326.20 -31.16 -31.93 -36.65 335.27 242.04 28.59 -0.10
100.00 9069.82
303.90 -34.36 -35.61 -50.72 336.10 245.38 30.77 -0.10
0.00 9568.19
283.70 -37.16 -38.28 -57.08 338.50 254.26 36.52 -0.10
0.00 10046.16
265.60 -40.26 -41.15 -59.06 340.37 260.13 40.81 0.00
0.00 10498.58
248.80 -43.26 -43.99 -63.51 342.23 265.68 41.30 0.00
0.00 10941.16
233.60 -45.76 -46.37 -66.97 344.61 268.30 39.26 0.00
0.00 11363.07
219.60 -47.76 -48.28 -67.41 347.66 268.45 35.96 0.10
0.00 11772.62
205.70 -50.26 -50.67 -67.88 350.29 265.52 32.34 0.10
0.00 12201.64
191.70 -52.76 -53.11 -73.19 353.36 258.41 30.92 0.10
0.00 12658.94
177.80 -55.36 -55.63 -73.70 356.78 256.45 33.18 0.10
0.00 13141.67
163.80 -58.26 -58.46 -74.24 360.38 265.04 33.72 0.10
0.00 13661.03
149.80 -61.26 -61.41 -74.84 364.54 280.14 29.80 0.00
0.00 14219.10
135.90 -63.66 -63.77 -75.48 370.58 292.62 25.25 0.00
0.00 14819.68
121.90 -64.96 -9999.00 -9999.00 -9999.00 290.83 19.11 0.00
0.00 15484.28
108.00 -64.66 -9999.00 -9999.00 -9999.00 263.56 12.12 0.00
0.00 16222.61
94.00 -63.96 -9999.00 -9999.00 -9999.00 260.13 9.07 0.00
0.00 17071.32
81.00 -61.46 -9999.00 -9999.00 -9999.00 278.13 1.38 0.00
0.00 17988.19
70.60 -61.66 -9999.00 -9999.00 -9999.00 146.31 0.70 0.00
0.00 18839.30
62.20 -58.96 -9999.00 -9999.00 -9999.00 40.03 6.33 0.00
0.00 19628.50
54.30 -57.76 -9999.00 -9999.00 -9999.00 90.00 10.10 0.00
0.00 20482.50
46.90 -55.66 -9999.00 -9999.00 -9999.00 102.99 10.37 0.00
0.00 21410.70
40.10 -54.96 -9999.00 -9999.00 -9999.00 88.21 12.43 0.00
0.00 22409.52
33.80 -53.36 -9999.00 -9999.00 -9999.00 73.30 14.20 0.00
0.00 23505.11
27.80 -51.26 -9999.00 -9999.00 -9999.00 70.66 19.35 0.00
0.00 24768.39
22.30 -48.56 -9999.00 -9999.00 -9999.00 79.55 20.34 0.00
0.00 26208.93
17.10 -45.56 -9999.00 -9999.00 -9999.00 91.74 25.66 0.00
0.00 27966.05
12.30 -42.66 -9999.00 -9999.00 -9999.00 92.34 33.24 0.00
0.00 30174.99

STID = KMDW STNM = 725340 TIME = 200808/1900 
SLAT = 41.78 SLON = -87.75 SELV = 183.0
STIM = 8

SHOW = -1.32 LIFT = -1.29 SWET = 198.74 KINX = 32.38
LCLP = 811.03 PWAT = 40.82 TOTL = 48.04 CAPE = 279.26
LCLT = 286.32 CINS = -124.49 EQLV = 306.94 LFCT = 599.09
BRCH = 60.43

PRES TMPC TMWC DWPC THTE DRCT SKNT OMEG
CFRL HGHT
996.70 30.54 20.98 16.38 339.68 200.73 7.69 0.00
0.00 191.98
993.70 29.64 20.67 16.31 338.89 197.70 9.58 0.00
0.00 218.93
988.20 28.94 20.39 16.21 338.60 196.09 10.51 -0.10
0.00 268.41
978.70 27.94 19.98 16.07 338.43 196.22 11.13 -0.10
0.00 354.30
964.80 26.64 19.42 15.84 338.33 197.24 11.79 -0.20
0.00 480.99
946.90 24.94 18.70 15.57 338.25 198.73 12.10 -0.30
0.00 646.03
925.60 22.94 17.83 15.24 338.21 200.97 12.49 -0.30
0.00 845.29
902.20 20.74 16.90 14.93 338.35 213.23 13.46 -0.30
0.00 1067.98
876.90 18.84 15.96 14.44 338.80 227.05 15.38 -0.20
0.00 1313.62
848.60 16.64 14.59 13.47 338.36 233.67 16.39 -0.20
6.00 1594.92
817.40 14.74 12.66 11.44 336.62 240.17 16.80 -0.10
15.00 1913.73
783.30 13.54 9.99 7.61 333.30 246.60 14.18 0.00
5.00 2274.12
746.20 11.54 7.51 4.49 331.71 242.28 12.94 0.10
0.00 2681.79
706.30 8.64 5.03 2.05 331.14 242.97 10.68 0.20
0.00 3139.25
663.50 5.54 1.58 -2.33 329.04 184.40 2.53 0.20
0.00 3653.77
617.70 2.24 -1.46 -5.64 329.41 90.00 6.22 0.20
0.00 4235.37
569.50 -2.26 -6.29 -12.48 326.92 34.38 4.47 0.10
0.00 4886.25
522.80 -6.86 -9.97 -15.53 328.06 276.34 1.77 -0.10
0.00 5559.90
480.80 -10.66 -13.36 -19.06 329.83 234.25 5.98 -0.20
0.00 6208.81
443.20 -14.86 -16.33 -19.62 332.40 253.50 10.94 -0.20
1.00 6830.14
409.30 -19.86 -20.25 -21.25 333.09 276.81 13.11 -0.20
100.00 7426.58
378.60 -24.36 -24.57 -25.28 333.11 267.43 17.31 -0.10
100.00 8000.03
351.10 -27.76 -28.61 -32.70 333.60 252.15 24.09 -0.10
52.00 8545.78
326.20 -31.06 -32.55 -46.51 334.16 244.65 28.59 0.00
24.00 9070.74
303.90 -34.16 -35.53 -54.16 336.22 254.19 33.51 0.00
0.00 9569.37
283.70 -37.36 -38.46 -57.08 338.22 259.19 35.20 0.00
0.00 10047.33
265.60 -40.26 -41.17 -60.81 340.32 262.00 37.67 0.00
0.00 10499.56
248.80 -42.86 -43.62 -63.51 342.82 264.01 39.06 0.10
0.00 10942.52
233.60 -44.96 -45.63 -66.97 345.82 264.97 37.63 0.10
0.00 11365.53
219.60 -47.06 -47.62 -67.41 348.74 265.58 35.26 0.00
0.00 11776.44
205.70 -49.66 -50.13 -72.71 351.19 264.59 32.98 0.00
0.00 12206.70
191.70 -52.36 -52.73 -73.19 354.00 260.88 31.88 0.00
0.00 12665.04
177.70 -55.16 -55.44 -73.70 357.17 261.59 33.18 -0.10
0.00 13152.04
163.80 -58.26 -58.46 -74.24 360.38 272.66 33.45 -0.10
0.00 13668.07
149.80 -61.46 -61.60 -74.84 364.19 284.93 30.15 0.00
0.00 14225.88
135.90 -63.76 -63.87 -75.48 370.40 289.31 24.09 0.00
0.00 14826.03
121.90 -64.66 -9999.00 -9999.00 -9999.00 278.80 16.51 0.00
0.00 15490.95
108.00 -64.56 -9999.00 -9999.00 -9999.00 254.39 13.71 0.00
0.00 16229.99
94.00 -63.56 -9999.00 -9999.00 -9999.00 261.70 9.42 0.00
0.00 17079.72
81.00 -61.76 -9999.00 -9999.00 -9999.00 235.01 2.37 0.00
0.00 17996.81
70.60 -61.76 -9999.00 -9999.00 -9999.00 232.13 2.21 0.00
0.00 18847.11
62.20 -58.26 -9999.00 -9999.00 -9999.00 74.05 4.23 0.00
0.00 19637.43
54.30 -57.26 -9999.00 -9999.00 -9999.00 115.56 9.91 0.00
0.00 20493.81
46.90 -56.06 -9999.00 -9999.00 -9999.00 104.86 9.85 0.00
0.00 21422.22
40.10 -56.26 -9999.00 -9999.00 -9999.00 76.87 11.97 0.00
0.00 22417.14
33.80 -53.56 -9999.00 -9999.00 -9999.00 61.65 16.78 0.00
0.00 23508.98
27.80 -50.06 -9999.00 -9999.00 -9999.00 70.64 22.86 0.00
0.00 24775.13
22.30 -47.36 -9999.00 -9999.00 -9999.00 85.39 24.16 0.00
0.00 26223.41
17.10 -44.76 -9999.00 -9999.00 -9999.00 92.60 25.66 0.00
0.00 27988.30
12.30 -42.06 -9999.00 -9999.00 -9999.00 91.58 28.19 0.00
0.00 30203.99

STID = KMDW STNM = 725340 TIME = 200808/2000 
SLAT = 41.78 SLON = -87.75 SELV = 183.0
STIM = 9

SHOW = -1.56 LIFT = -2.42 SWET = 195.33 KINX = 32.78
LCLP = 812.09 PWAT = 41.03 TOTL = 48.72 CAPE = 528.82
LCLT = 287.07 CINS = -72.45 EQLV = 279.28 LFCT = 642.63
BRCH = 93.99

PRES TMPC TMWC DWPC THTE DRCT SKNT OMEG
CFRL HGHT
995.80 31.14 21.56 17.11 342.20 195.38 8.06 0.00
0.00 192.01
992.80 30.24 21.24 17.03 341.38 193.50 9.98 0.00
0.00 219.04
987.30 29.64 20.99 16.93 341.21 192.09 11.13 -0.10
0.00 268.70
977.90 28.64 20.58 16.77 340.98 191.50 11.69 -0.10
0.00 353.98
964.00 27.24 19.99 16.53 340.74 192.72 12.35 -0.20
0.00 481.09
946.10 25.64 19.29 16.23 340.72 194.25 12.63 -0.20
0.00 646.68
924.70 23.64 18.42 15.86 340.62 196.53 12.98 -0.30
0.00 847.60
901.40 21.44 17.42 15.41 340.43 199.25 12.96 -0.20
0.00 1070.12
876.10 19.34 16.25 14.66 340.03 222.32 14.70 -0.20
0.00 1316.53
847.80 17.24 14.60 13.16 338.52 229.55 15.58 -0.10
0.00 1598.62
816.70 14.74 12.81 11.68 337.24 234.54 15.73 0.00
15.00 1917.02
782.60 13.54 9.79 7.24 332.77 244.16 13.81 0.10
0.00 2277.73
745.60 11.64 7.72 4.82 332.42 245.56 11.73 0.30
0.00 2684.71
705.70 8.84 5.17 2.17 331.64 242.40 9.63 0.30
0.00 3142.82
663.00 5.84 1.55 -2.76 329.01 173.99 3.71 0.20
0.00 3657.00
617.30 2.44 -1.59 -6.24 329.15 98.43 5.30 0.10
0.00 4238.20
569.20 -2.16 -6.46 -13.28 326.57 21.80 4.18 0.10
0.00 4888.40
522.60 -6.96 -9.98 -15.37 328.07 291.80 3.15 0.00
0.00 5560.89
480.60 -10.86 -13.36 -18.54 329.88 244.80 7.30 -0.10
0.00 6209.71
443.00 -15.26 -16.31 -18.58 332.49 254.32 11.50 -0.10
6.00 6830.65
409.20 -20.06 -20.39 -21.25 332.85 269.08 12.04 0.00
100.00 7424.86
378.50 -24.66 -25.17 -27.02 332.07 266.55 16.16 0.10
100.00 7997.86
351.00 -27.06 -29.19 -48.11 332.48 256.61 25.16 0.10
0.00 8544.07
326.20 -30.66 -32.43 -53.57 334.31 258.62 31.51 0.10
0.00 9068.08
303.80 -34.16 -35.55 -55.27 336.21 262.83 32.69 0.00
0.00 9569.42
283.70 -37.26 -38.39 -58.54 338.32 263.80 34.19 0.00
0.00 10045.19
265.60 -39.86 -40.81 -60.81 340.91 267.12 38.71 0.00
0.00 10497.90
248.80 -42.56 -43.34 -63.51 343.27 268.04 39.84 -0.10
0.00 10941.53
233.60 -44.96 -45.63 -66.97 345.82 270.00 39.04 -0.10
0.00 11364.82
219.60 -47.26 -47.81 -67.41 348.44 271.81 36.93 -0.10
0.00 11775.55
205.70 -49.96 -50.41 -72.71 350.72 272.29 34.01 -0.10
0.00 12205.33
191.70 -52.86 -53.20 -73.19 353.20 268.94 31.47 0.00
0.00 12662.84
177.70 -55.66 -55.92 -73.70 356.35 264.61 31.02 0.00
0.00 13148.73
163.80 -58.56 -58.75 -74.24 359.88 268.24 31.68 0.00
0.00 13663.81
149.80 -61.36 -61.50 -74.84 364.36 278.30 28.26 0.00
0.00 14221.36
135.90 -63.56 -63.68 -75.48 370.75 280.81 21.76 0.00
0.00 14821.94
121.90 -64.66 -9999.00 -9999.00 -9999.00 268.64 16.32 0.00
0.00 15487.18
108.00 -65.46 -9999.00 -9999.00 -9999.00 255.96 16.03 0.00
0.00 16224.62
94.00 -64.56 -9999.00 -9999.00 -9999.00 261.47 11.79 0.00
0.00 17070.49
81.00 -62.56 -9999.00 -9999.00 -9999.00 240.95 6.00 0.00
0.00 17983.66
70.60 -61.46 -9999.00 -9999.00 -9999.00 277.13 4.70 0.00
0.00 18832.95
62.20 -58.26 -9999.00 -9999.00 -9999.00 37.69 5.40 0.00
0.00 19623.83
54.30 -58.86 -9999.00 -9999.00 -9999.00 90.00 6.99 0.00
0.00 20477.03
46.90 -58.66 -9999.00 -9999.00 -9999.00 86.01 8.37 0.00
0.00 21396.43
40.10 -57.76 -9999.00 -9999.00 -9999.00 72.18 11.42 0.00
0.00 22381.95
33.80 -53.66 -9999.00 -9999.00 -9999.00 71.03 19.72 0.00
0.00 23469.79
27.80 -49.76 -9999.00 -9999.00 -9999.00 79.49 24.49 0.00
0.00 24736.51
22.30 -46.76 -9999.00 -9999.00 -9999.00 88.12 23.72 0.00
0.00 26187.69
17.10 -43.86 -9999.00 -9999.00 -9999.00 76.53 19.17 0.00
0.00 27958.42
12.30 -41.06 -9999.00 -9999.00 -9999.00 64.87 24.24 0.00
0.00 30183.26

STID = KMDW STNM = 725340 TIME = 200808/2100 
SLAT = 41.78 SLON = -87.75 SELV = 183.0
STIM = 10

SHOW = -2.04 LIFT = -3.18 SWET = 206.11 KINX = 33.02
LCLP = 812.93 PWAT = 41.19 TOTL = 49.44 CAPE = 696.76
LCLT = 287.54 CINS = -59.19 EQLV = 262.70 LFCT = 669.40
BRCH = 95.91

PRES TMPC TMWC DWPC THTE DRCT SKNT OMEG
CFRL HGHT
994.50 31.44 21.89 17.56 343.82 195.59 8.66 0.00
0.00 192.03
991.50 30.64 21.61 17.48 343.11 194.28 11.03 0.00
0.00 219.14
986.00 29.94 21.33 17.38 342.82 192.93 12.16 0.00
0.00 268.93
976.60 29.04 20.96 17.23 342.74 192.99 12.96 -0.10
0.00 354.44
962.70 27.74 20.40 16.98 342.60 194.24 13.42 -0.10
0.00 481.94
944.80 26.04 19.67 16.67 342.44 195.40 13.91 -0.20
0.00 648.04
923.50 24.04 18.79 16.27 342.26 196.93 14.01 -0.20
0.00 848.60
900.20 21.84 17.80 15.83 342.10 200.19 14.06 -0.20
0.00 1071.77
874.90 19.54 16.61 15.13 341.58 210.14 13.93 -0.10
0.00 1318.82
846.70 17.44 14.79 13.36 339.38 226.10 14.30 0.00
0.00 1600.53
815.60 14.54 13.18 12.40 338.73 232.19 14.26 0.20
25.00 1919.42
781.60 14.44 9.45 5.90 331.81 241.19 13.31 0.30
0.00 2279.95
744.70 11.94 8.17 5.48 333.96 251.57 11.05 0.40
0.00 2687.15
704.90 9.14 5.25 2.06 331.98 245.14 8.78 0.40
0.00 3145.18
662.30 6.04 1.43 -3.27 328.82 180.00 4.27 0.30
0.00 3659.13
616.70 2.54 -1.73 -6.76 328.90 104.04 4.00 0.20
0.00 4239.91
568.70 -2.06 -6.57 -13.92 326.38 2.60 4.27 0.20
0.00 4889.55
522.20 -6.96 -9.96 -15.27 328.21 299.74 4.70 0.10
0.00 5561.25
480.30 -11.06 -13.30 -17.81 330.08 257.62 8.16 0.10
0.00 6208.76
442.80 -15.36 -16.32 -18.36 332.54 263.00 11.15 0.10
4.00 6828.05
409.00 -20.26 -20.77 -22.16 332.19 270.00 12.24 0.20
100.00 7422.18
378.40 -23.86 -25.69 -34.78 331.11 267.56 18.28 0.20
36.00 7994.09
350.90 -26.76 -29.18 -60.88 332.47 269.61 28.75 0.20
0.00 8541.55
326.10 -30.46 -32.22 -51.68 334.70 271.78 31.29 0.10
0.00 9066.23
303.80 -33.76 -35.20 -55.27 336.77 270.33 33.41 0.10
0.00 9566.03
283.70 -37.06 -38.22 -58.54 338.60 273.71 36.01 0.00
0.00 10042.41
265.60 -40.06 -40.99 -60.81 340.62 272.36 37.72 0.00
0.00 10495.12
248.80 -42.76 -43.53 -63.51 342.97 270.00 39.04 -0.10
0.00 10938.37
233.60 -45.06 -45.72 -66.97 345.67 270.85 39.24 -0.10
0.00 11361.38
219.60 -47.36 -47.90 -67.41 348.28 272.35 37.92 0.00
0.00 11771.93
205.70 -49.96 -50.41 -72.71 350.72 272.86 35.00 0.00
0.00 12201.61
191.70 -52.86 -53.20 -73.19 353.20 272.10 31.88 0.10
0.00 12659.12
177.80 -55.56 -55.83 -73.70 356.46 267.84 30.91 0.10
0.00 13141.52
163.80 -58.46 -58.66 -74.24 360.04 267.16 31.31 0.10
0.00 13660.40
149.80 -61.16 -61.31 -74.84 364.71 273.95 28.22 0.10
0.00 14218.34
135.90 -63.26 -63.38 -75.48 371.28 273.24 20.63 0.00
0.00 14819.63
121.90 -64.76 -9999.00 -9999.00 -9999.00 255.96 16.82 0.00
0.00 15485.18
108.00 -65.76 -9999.00 -9999.00 -9999.00 250.63 18.75 0.00
0.00 16221.92
94.00 -64.46 -9999.00 -9999.00 -9999.00 258.02 13.11 0.00
0.00 17067.38
81.00 -62.36 -9999.00 -9999.00 -9999.00 250.97 5.96 0.00
0.00 17981.20
70.60 -60.56 -9999.00 -9999.00 -9999.00 333.43 3.90 0.10
0.00 18832.72
62.20 -57.96 -9999.00 -9999.00 -9999.00 79.56 7.50 0.00
0.00 19625.81
54.30 -58.56 -9999.00 -9999.00 -9999.00 102.99 7.77 0.00
0.00 20480.20
46.90 -57.56 -9999.00 -9999.00 -9999.00 72.03 7.56 0.00
0.00 21402.61
40.10 -55.06 -9999.00 -9999.00 -9999.00 60.02 11.65 0.00
0.00 22396.84
33.80 -51.86 -9999.00 -9999.00 -9999.00 78.69 18.82 0.00
0.00 23495.94
27.80 -49.66 -9999.00 -9999.00 -9999.00 84.59 18.53 0.00
0.00 24768.09
22.30 -48.16 -9999.00 -9999.00 -9999.00 79.58 17.19 0.00
0.00 26215.08
17.10 -46.36 -9999.00 -9999.00 -9999.00 58.36 19.62 0.00
0.00 27970.65
12.30 -41.76 -9999.00 -9999.00 -9999.00 71.57 30.11 0.00
0.00 30180.07

STID = KMDW STNM = 725340 TIME = 200808/2200 
SLAT = 41.78 SLON = -87.75 SELV = 183.0
STIM = 11

SHOW = -2.55 LIFT = -3.66 SWET = 224.49 KINX = 32.35
LCLP = 816.13 PWAT = 41.15 TOTL = 50.03 CAPE = 847.06
LCLT = 288.03 CINS = -64.59 EQLV = 252.47 LFCT = 659.67
BRCH = 83.17

PRES TMPC TMWC DWPC THTE DRCT SKNT OMEG
CFRL HGHT
993.70 31.54 22.16 17.98 345.10 193.74 8.99 0.00
0.00 192.95
990.70 30.74 21.87 17.89 344.36 192.23 11.93 0.00
0.00 220.09
985.30 30.14 21.63 17.79 344.17 192.62 13.34 0.00
0.00 269.04
975.80 29.14 21.22 17.63 343.96 192.53 14.34 0.00
0.00 355.59
962.00 27.84 20.66 17.38 343.81 193.50 14.98 0.00
0.00 482.34
944.10 26.24 19.96 17.06 343.75 195.45 15.31 -0.10
0.00 648.69
922.80 24.24 19.09 16.67 343.60 196.63 15.62 -0.10
0.00 849.57
899.50 22.04 18.09 16.20 343.37 198.89 15.60 -0.10
0.00 1073.10
874.30 19.64 16.92 15.57 342.88 201.67 15.25 0.00
0.00 1319.53
846.10 17.54 15.10 13.80 340.60 223.30 13.87 0.10
0.00 1601.59
815.00 14.84 13.26 12.35 339.08 231.34 13.68 0.30
16.00 1920.96
781.00 14.94 9.49 5.60 332.02 240.69 12.70 0.30
0.00 2282.25
744.20 12.24 8.59 6.06 335.36 253.89 9.09 0.40
0.00 2689.23
704.40 9.64 5.09 1.26 331.58 238.39 5.92 0.40
0.00 3148.21
661.80 6.54 1.35 -4.10 328.64 163.30 4.06 0.30
0.00 3663.37
616.30 2.94 -1.90 -7.85 328.49 82.87 3.13 0.30
0.00 4244.12
568.40 -1.86 -6.67 -14.74 326.19 350.22 5.71 0.20
0.00 4893.41
522.00 -6.86 -9.98 -15.55 328.20 303.69 6.29 0.10
0.00 5564.30
480.10 -11.16 -13.14 -17.00 330.46 266.42 9.34 0.10
0.00 6212.08
442.60 -15.46 -16.36 -18.30 332.49 267.95 10.88 0.10
0.00 6831.44
408.90 -20.36 -21.30 -24.09 331.23 268.29 13.01 0.10
34.00 7423.74
378.30 -23.16 -26.04 -52.32 330.36 273.54 21.99 0.00
0.00 7996.36
350.90 -27.06 -29.24 -49.47 332.43 283.74 27.00 -0.10
0.00 8542.28
326.10 -30.76 -32.47 -51.68 334.28 278.60 29.86 -0.10
0.00 9066.33
303.80 -34.16 -35.50 -53.17 336.29 277.30 32.11 0.00
0.00 9565.41
283.70 -37.36 -38.51 -60.30 338.13 277.29 33.68 0.00
0.00 10041.09
265.60 -40.06 -40.99 -60.81 340.62 272.12 36.73 0.00
0.00 10493.51
248.80 -42.76 -43.53 -63.51 342.97 269.42 38.66 0.00
0.00 10936.76
233.50 -45.06 -45.72 -66.97 345.71 271.12 39.63 0.00
0.00 11362.64
219.60 -47.36 -47.90 -67.41 348.28 272.86 38.89 0.00
0.00 11770.35
205.70 -50.06 -50.51 -72.71 350.56 274.71 35.47 0.00
0.00 12199.93
191.70 -52.76 -53.11 -73.19 353.36 274.67 30.98 -0.10
0.00 12657.44
177.70 -55.46 -55.73 -73.70 356.68 270.00 28.17 -0.10
0.00 13143.67
163.80 -58.36 -58.56 -74.24 360.21 264.60 28.88 -0.10
0.00 13659.23
149.80 -61.36 -61.50 -74.84 364.36 267.68 28.77 -0.10
0.00 14217.04
135.90 -63.76 -63.87 -75.48 370.40 268.52 22.53 0.00
0.00 14817.33
121.90 -65.16 -9999.00 -9999.00 -9999.00 249.51 18.86 0.00
0.00 15481.45
108.00 -65.86 -9999.00 -9999.00 -9999.00 251.57 20.88 0.00
0.00 16217.30
94.00 -63.86 -9999.00 -9999.00 -9999.00 265.10 13.66 0.00
0.00 17063.78
81.00 -61.66 -9999.00 -9999.00 -9999.00 279.46 7.09 0.00
0.00 17980.43
70.60 -59.86 -9999.00 -9999.00 -9999.00 343.50 5.48 0.00
0.00 18834.76
62.20 -57.86 -9999.00 -9999.00 -9999.00 107.93 6.93 0.00
0.00 19629.34
54.30 -58.16 -9999.00 -9999.00 -9999.00 110.56 4.97 0.00
0.00 20484.73
46.90 -56.36 -9999.00 -9999.00 -9999.00 63.43 6.51 0.00
0.00 21410.56
40.10 -53.56 -9999.00 -9999.00 -9999.00 59.04 12.45 0.00
0.00 22410.99
33.80 -51.56 -9999.00 -9999.00 -9999.00 80.74 18.10 0.00
0.00 23514.59
27.80 -50.26 -9999.00 -9999.00 -9999.00 86.75 17.11 0.00
0.00 24785.88
22.30 -48.46 -9999.00 -9999.00 -9999.00 79.58 17.19 0.00
0.00 26229.96
17.10 -44.96 -9999.00 -9999.00 -9999.00 69.10 22.86 0.00
0.00 27989.81
12.30 -41.06 -9999.00 -9999.00 -9999.00 74.05 29.70 0.00
0.00 30209.35

STID = KMDW STNM = 725340 TIME = 200808/2300 
SLAT = 41.78 SLON = -87.75 SELV = 183.0
STIM = 12

SHOW = -2.73 LIFT = -4.10 SWET = 232.89 KINX = 31.70
LCLP = 823.77 PWAT = 41.07 TOTL = 50.41 CAPE = 946.88
LCLT = 288.50 CINS = -76.85 EQLV = 247.90 LFCT = 658.85
BRCH = 78.69

PRES TMPC TMWC DWPC THTE DRCT SKNT OMEG
CFRL HGHT
994.90 31.34 22.31 18.34 345.61 191.56 8.72 0.00
0.00 192.93
992.00 30.74 22.09 18.26 345.11 192.23 11.93 0.00
0.00 219.13
986.50 30.14 21.84 18.15 344.91 192.26 13.71 0.00
0.00 268.94
977.00 29.14 21.43 17.98 344.67 192.94 14.74 0.00
0.00 355.40
963.10 27.94 20.90 17.73 344.65 193.69 15.60 0.00
0.00 482.96
945.20 26.24 20.18 17.41 344.47 195.56 15.93 0.00
0.00 649.16
923.90 24.34 19.34 17.02 344.44 197.35 16.28 0.00
0.00 849.88
900.60 22.14 18.34 16.55 344.21 200.16 16.36 0.00
0.00 1073.25
875.30 19.84 17.17 15.86 343.69 202.19 15.95 0.10
0.00 1320.53
847.00 17.74 15.17 13.81 340.72 225.00 14.01 0.20
0.00 1603.49
815.90 15.34 13.10 11.81 338.37 232.48 13.71 0.30
24.00 1922.86
781.90 15.54 9.68 5.50 332.44 243.03 12.43 0.30
0.00 2284.38
745.00 12.54 8.84 6.31 336.01 252.00 8.18 0.30
0.00 2692.66
705.10 9.94 4.96 0.68 331.07 226.64 4.82 0.30
0.00 3152.79
662.40 6.84 1.32 -4.56 328.45 165.26 3.81 0.20
0.00 3669.15
616.90 3.14 -2.01 -8.49 328.10 59.74 2.70 0.10
0.00 4249.83
568.80 -1.86 -6.91 -15.73 325.57 352.09 7.05 0.10
0.00 4901.45
522.30 -6.86 -10.24 -16.57 327.56 315.00 7.15 0.10
0.00 5573.28
480.40 -11.36 -13.14 -16.55 330.41 276.84 9.79 0.00
0.00 6220.42
442.80 -15.56 -16.36 -18.07 332.45 266.82 10.51 0.00
5.00 6840.75
409.10 -20.36 -21.72 -26.17 330.40 267.47 13.23 0.00
0.00 7432.62
378.50 -23.26 -26.00 -47.44 330.42 287.98 23.29 0.00
0.00 8004.81
350.90 -27.16 -29.28 -48.11 332.38 290.02 24.40 0.10
0.00 8554.36
326.20 -30.96 -32.58 -49.41 334.10 283.65 27.99 0.10
0.00 9075.91
303.80 -34.16 -35.48 -52.28 336.33 279.52 29.35 0.10
0.00 9576.95
283.70 -37.06 -38.24 -60.30 338.56 273.81 32.13 0.10
0.00 10052.93
265.60 -39.86 -40.81 -60.81 340.91 268.75 35.74 0.00
0.00 10505.83
248.80 -42.66 -43.44 -63.51 343.12 267.34 37.72 -0.10
0.00 10949.36
233.60 -45.16 -45.81 -66.97 345.52 271.42 39.26 -0.10
0.00 11372.37
219.60 -47.66 -48.18 -67.41 347.82 275.80 38.46 -0.10
0.00 11782.56
205.70 -50.36 -50.79 -72.71 350.09 278.45 34.36 0.00
0.00 12211.58
191.70 -52.96 -53.30 -73.19 353.04 277.54 29.58 0.00
0.00 12668.57
177.70 -55.36 -55.63 -73.70 356.84 269.18 27.00 0.00
0.00 13154.68
163.80 -58.36 -58.56 -74.24 360.21 260.28 28.77 0.00
0.00 13670.36
149.80 -61.56 -61.70 -74.84 364.02 261.38 32.42 0.00
0.00 14227.91
135.90 -63.96 -64.07 -75.48 370.05 266.73 27.23 0.00
0.00 14827.63
121.90 -65.26 -9999.00 -9999.00 -9999.00 254.79 20.73 0.00
0.00 15491.28
108.00 -65.66 -9999.00 -9999.00 -9999.00 261.87 20.61 0.00
0.00 16227.30
94.00 -63.76 -9999.00 -9999.00 -9999.00 284.44 13.25 0.00
0.00 17074.39
81.00 -61.96 -9999.00 -9999.00 -9999.00 275.04 6.62 0.00
0.00 17990.61
70.60 -59.56 -9999.00 -9999.00 -9999.00 284.04 0.80 0.00
0.00 18844.94
62.20 -57.96 -9999.00 -9999.00 -9999.00 145.84 6.57 0.00
0.00 19639.89
54.30 -57.46 -9999.00 -9999.00 -9999.00 63.43 2.18 0.00
0.00 20496.47
46.90 -55.76 -9999.00 -9999.00 -9999.00 38.66 8.70 0.00
0.00 21425.09
40.10 -53.76 -9999.00 -9999.00 -9999.00 49.40 14.34 0.00
0.00 22426.43
33.80 -52.56 -9999.00 -9999.00 -9999.00 77.32 15.93 0.00
0.00 23527.03
27.80 -51.36 -9999.00 -9999.00 -9999.00 87.47 13.23 0.00
0.00 24792.31
22.30 -48.96 -9999.00 -9999.00 -9999.00 68.20 15.70 0.00
0.00 26231.23
17.10 -44.36 -9999.00 -9999.00 -9999.00 72.06 28.38 0.00
0.00 27991.47
12.30 -41.26 -9999.00 -9999.00 -9999.00 80.26 33.31 0.00
0.00 30212.94

STID = KMDW STNM = 725340 TIME = 200809/0000 
SLAT = 41.78 SLON = -87.75 SELV = 183.0
STIM = 13

SHOW = -2.25 LIFT = -4.31 SWET = 217.44 KINX = 31.56
LCLP = 834.23 PWAT = 40.75 TOTL = 50.11 CAPE = 1026.43
LCLT = 289.06 CINS = -80.80 EQLV = 241.53 LFCT = 674.25
BRCH = 76.83

PRES TMPC TMWC DWPC THTE DRCT SKNT OMEG
CFRL HGHT
995.00 30.84 22.39 18.71 345.96 192.38 8.16 0.00
0.00 192.01
992.00 30.44 22.21 18.61 345.66 191.50 11.69 0.00
0.00 219.09
986.50 29.84 21.96 18.50 345.46 192.26 13.71 0.00
0.00 268.85
977.10 28.94 21.58 18.33 345.33 193.32 15.17 0.00
0.00 354.34
963.10 27.64 21.02 18.07 345.17 194.71 16.06 0.00
0.00 482.73
945.30 26.04 20.32 17.74 345.07 196.31 16.59 -0.10
0.00 647.89
923.90 24.04 19.45 17.34 344.90 198.85 16.82 -0.10
0.00 849.40
900.60 21.94 18.47 16.84 344.71 202.42 16.80 -0.10
0.00 1072.62
875.30 19.74 17.13 15.85 343.54 206.57 16.06 0.00
0.00 1319.79
847.00 18.24 14.83 12.98 339.45 229.99 14.20 0.10
0.00 1602.89
815.90 15.54 12.99 11.51 337.97 235.01 14.22 0.10
14.00 1922.57
781.90 15.84 9.75 5.40 332.64 247.04 12.45 0.10
0.00 2284.37
745.00 12.54 8.96 6.54 336.40 250.71 8.24 0.00
0.00 2692.87
705.10 9.94 5.04 0.87 331.32 225.00 4.66 0.00
0.00 3153.04
662.40 6.74 1.24 -4.65 328.24 173.66 3.52 -0.10
0.00 3669.31
616.80 3.04 -2.05 -8.46 328.02 60.26 3.13 -0.10
0.00 4251.10
568.80 -1.96 -7.11 -16.35 325.13 7.50 7.44 -0.10
0.00 4901.16
522.30 -6.86 -10.65 -18.29 326.67 331.26 6.88 0.00
0.00 5572.80
480.40 -11.36 -13.17 -16.66 330.34 285.26 8.86 0.10
0.00 6219.87
442.80 -15.66 -16.68 -18.95 331.81 268.83 9.52 0.10
7.00 6840.05
409.10 -20.06 -22.72 -35.42 328.50 277.31 15.27 0.00
0.00 7432.01
378.50 -23.66 -26.29 -46.82 329.93 296.34 21.89 0.00
0.00 8003.97
351.00 -27.46 -29.48 -46.92 332.02 294.49 21.56 0.10
0.00 8550.69
326.20 -30.96 -32.53 -48.14 334.18 286.36 25.51 0.20
0.00 9073.96
303.80 -33.76 -35.16 -53.17 336.85 279.99 28.01 0.20
0.00 9575.42
283.70 -36.76 -37.98 -60.30 338.99 274.32 30.98 0.10
0.00 10052.09
265.60 -39.76 -40.74 -63.02 341.01 269.37 35.16 0.00
0.00 10505.38
248.80 -42.86 -43.62 -63.51 342.82 271.21 36.71 -0.10
0.00 10948.82
233.60 -45.36 -46.00 -66.97 345.22 276.57 37.35 -0.10
0.00 11371.46
219.60 -47.76 -48.28 -67.41 347.66 278.58 35.16 0.00
0.00 11781.38
205.70 -50.26 -50.70 -72.71 350.25 275.29 31.60 0.00
0.00 12210.39
191.70 -52.86 -53.20 -73.19 353.20 269.62 29.53 0.00
0.00 12667.59
177.70 -55.56 -55.83 -73.70 356.51 263.45 28.94 0.00
0.00 13153.60
163.80 -58.56 -58.75 -74.24 359.88 259.20 30.05 0.00
0.00 13668.79
149.80 -61.66 -61.80 -74.84 363.85 262.92 33.08 0.00
0.00 14225.95
135.90 -63.76 -63.87 -75.48 370.40 271.43 31.10 0.00
0.00 14825.82
121.90 -64.86 -9999.00 -9999.00 -9999.00 266.02 22.40 0.00
0.00 15490.42
108.00 -65.46 -9999.00 -9999.00 -9999.00 270.00 23.12 0.00
0.00 16227.51
94.00 -64.26 -9999.00 -9999.00 -9999.00 286.16 13.95 0.00
0.00 17073.99
81.00 -61.76 -9999.00 -9999.00 -9999.00 256.76 6.78 0.00
0.00 17989.55
70.60 -59.66 -9999.00 -9999.00 -9999.00 188.13 1.38 0.00
0.00 18844.08
62.20 -59.16 -9999.00 -9999.00 -9999.00 153.43 3.90 0.00
0.00 19636.62
54.30 -57.96 -9999.00 -9999.00 -9999.00 15.95 4.23 0.00
0.00 20489.82
46.90 -56.16 -9999.00 -9999.00 -9999.00 45.69 11.40 0.00
0.00 21416.51
40.10 -55.06 -9999.00 -9999.00 -9999.00 63.43 16.94 0.00
0.00 22413.95
33.80 -53.76 -9999.00 -9999.00 -9999.00 81.16 17.70 0.00
0.00 23508.30
27.80 -51.86 -9999.00 -9999.00 -9999.00 78.82 17.04 0.00
0.00 24768.72
22.30 -47.96 -9999.00 -9999.00 -9999.00 60.62 22.96 0.00
0.00 26209.26
17.10 -42.86 -9999.00 -9999.00 -9999.00 74.15 31.29 0.00
0.00 27979.21
12.30 -40.66 -9999.00 -9999.00 -9999.00 79.76 30.59 0.00
0.00 30210.80

STID = KMDW STNM = 725340 TIME = 200809/0100 
SLAT = 41.78 SLON = -87.75 SELV = 183.0
STIM = 14

SHOW = -2.32 LIFT = -4.31 SWET = 217.73 KINX = 32.85
LCLP = 853.13 PWAT = 41.09 TOTL = 50.03 CAPE = 1050.54
LCLT = 289.80 CINS = -75.50 EQLV = 240.54 LFCT = 696.37
BRCH = 69.81

PRES TMPC TMWC DWPC THTE DRCT SKNT OMEG
CFRL HGHT
994.60 29.64 22.28 19.10 345.63 183.37 6.62 0.00
0.00 191.98
991.50 29.44 22.16 19.01 345.61 184.24 10.51 0.00
0.00 219.88
986.10 29.04 21.97 18.89 345.60 185.12 13.07 0.00
0.00 268.62
976.60 28.24 21.60 18.69 345.52 187.21 15.46 0.00
0.00 354.86
962.70 27.04 21.04 18.39 345.36 189.89 16.96 -0.10
0.00 482.14
944.80 25.54 20.34 18.01 345.26 193.28 17.75 -0.10
0.00 648.03
923.50 23.64 19.47 17.57 345.09 198.63 17.64 -0.20
0.00 848.42
900.20 21.64 18.52 17.07 345.01 203.37 17.13 -0.20
0.00 1071.50
874.90 19.64 17.01 15.71 343.13 212.74 16.16 -0.20
1.00 1318.62
846.70 18.04 14.91 13.22 339.79 235.86 13.85 -0.10
0.00 1600.70
815.60 15.44 13.08 11.72 338.34 242.70 13.56 0.00
9.00 1920.36
781.60 15.54 9.62 5.39 332.31 250.35 11.56 -0.10
0.00 2282.07
744.70 12.34 8.94 6.64 336.39 249.27 7.69 -0.10
0.00 2690.38
704.90 9.54 5.33 1.88 332.21 219.47 4.27 -0.10
0.00 3149.13
662.20 6.54 1.19 -4.53 328.15 176.99 3.69 -0.10
0.00 3665.08
616.60 2.84 -2.09 -8.27 327.97 86.82 3.50 0.00
0.00 4246.64
568.60 -2.06 -7.17 -16.36 325.04 20.77 6.02 0.00
0.00 4896.58
522.10 -6.76 -10.78 -19.13 326.43 334.98 6.43 0.10
0.00 5568.44
480.30 -11.36 -13.28 -17.05 330.13 288.85 8.41 0.10
0.00 6214.25
442.70 -15.76 -17.14 -20.42 330.94 270.00 9.13 0.10
3.00 6834.39
409.00 -19.66 -22.90 -43.03 328.11 295.35 16.34 0.00
0.00 7426.75
378.40 -23.86 -26.47 -47.44 329.65 302.07 19.02 0.10
0.00 7999.03
350.90 -27.36 -29.36 -45.85 332.26 288.43 19.66 0.10
0.00 8545.79
326.10 -30.56 -32.24 -49.41 334.68 289.65 25.99 0.20
0.00 9069.75
303.80 -33.86 -35.22 -52.28 336.76 289.25 25.93 0.10
0.00 9569.36
283.70 -36.96 -38.13 -58.54 338.75 279.40 28.55 0.10
0.00 10045.74
265.60 -39.96 -40.92 -63.02 340.72 273.95 33.88 0.00
0.00 10498.64
248.80 -42.96 -43.71 -63.51 342.67 275.22 36.29 0.00
0.00 10941.79
233.60 -45.26 -45.90 -66.97 345.37 278.44 35.74 0.00
0.00 11364.43
219.60 -47.56 -48.09 -67.41 347.97 275.64 33.57 0.00
0.00 11774.62
205.70 -50.26 -50.67 -67.88 350.29 270.35 32.25 0.00
0.00 12203.83
191.70 -52.96 -53.30 -73.19 353.04 268.22 31.29 0.00
0.00 12660.93
177.70 -55.76 -56.02 -73.70 356.19 267.78 30.13 0.00
0.00 13146.60
163.80 -58.56 -58.75 -74.24 359.88 267.03 29.95 0.00
0.00 13661.56
149.80 -61.16 -61.31 -74.84 364.71 269.33 33.41 0.10
0.00 14219.37
135.90 -63.16 -63.28 -75.48 371.46 274.55 34.30 0.00
0.00 14820.80
121.90 -64.46 -9999.00 -9999.00 -9999.00 271.33 25.06 0.00
0.00 15486.99
108.00 -65.66 -9999.00 -9999.00 -9999.00 267.57 22.94 0.00
0.00 16224.44
94.00 -64.36 -9999.00 -9999.00 -9999.00 279.02 12.39 0.00
0.00 17070.31
81.00 -61.26 -9999.00 -9999.00 -9999.00 243.43 5.65 0.00
0.00 17986.74
70.60 -59.06 -9999.00 -9999.00 -9999.00 156.80 1.48 0.00
0.00 18843.48
62.20 -58.66 -9999.00 -9999.00 -9999.00 254.05 1.42 0.00
0.00 19638.06
54.30 -56.86 -9999.00 -9999.00 -9999.00 354.51 10.14 0.00
0.00 20494.44
46.90 -56.16 -9999.00 -9999.00 -9999.00 34.80 13.95 0.00
0.00 21423.49
40.10 -55.86 -9999.00 -9999.00 -9999.00 66.90 14.36 0.00
0.00 22419.11
33.80 -54.16 -9999.00 -9999.00 -9999.00 77.96 14.90 0.00
0.00 23510.45
27.80 -51.26 -9999.00 -9999.00 -9999.00 73.02 19.29 0.00
0.00 24771.44
22.30 -47.06 -9999.00 -9999.00 -9999.00 67.44 27.35 0.00
0.00 26216.82
17.10 -42.76 -9999.00 -9999.00 -9999.00 76.61 29.35 0.00
0.00 27990.65
12.30 -40.56 -9999.00 -9999.00 -9999.00 75.96 28.03 0.00
0.00 30223.21

STID = KMDW STNM = 725340 TIME = 200809/0200 
SLAT = 41.78 SLON = -87.75 SELV = 183.0
STIM = 15

SHOW = -2.31 LIFT = -4.02 SWET = 212.47 KINX = 34.27
LCLP = 873.83 PWAT = 41.32 TOTL = 49.90 CAPE = 930.52
LCLT = 290.48 CINS = -104.81 EQLV = 246.08 LFCT = 707.02
BRCH = 46.62

PRES TMPC TMWC DWPC THTE DRCT SKNT OMEG
CFRL HGHT
995.40 28.34 22.11 19.41 344.81 170.54 5.91 0.00
0.00 191.94
992.30 28.24 21.98 19.27 344.76 172.01 11.19 0.00
0.00 219.70
986.90 27.84 21.76 19.11 344.65 173.57 13.87 0.00
0.00 268.22
977.40 27.34 21.40 18.79 344.59 178.17 18.26 0.00
0.00 354.10
963.50 26.44 20.82 18.31 344.31 182.81 19.83 0.00
0.00 480.95
945.60 25.14 20.19 17.95 344.50 190.41 19.35 -0.10
0.00 646.42
924.20 23.44 19.46 17.64 344.92 200.41 17.83 0.00
0.00 847.38
900.90 21.44 18.60 17.27 345.19 207.45 16.86 0.10
0.00 1070.16
875.50 19.74 17.03 15.70 343.13 223.36 14.43 0.20
0.00 1318.04
847.30 17.94 15.00 13.43 340.04 243.43 12.59 0.30
0.00 1599.94
816.10 15.74 13.00 11.42 337.99 252.12 12.65 0.20
1.00 1920.51
782.10 15.54 9.54 5.22 331.98 252.82 11.19 0.10
0.00 2282.15
745.20 12.34 8.76 6.31 335.74 244.72 7.73 0.00
0.00 2690.16
705.30 9.14 5.75 3.10 333.40 212.01 5.50 0.00
0.00 3149.51
662.60 6.24 1.22 -4.08 328.18 186.34 5.28 0.00
0.00 3664.62
616.90 2.54 -2.11 -7.88 327.89 125.54 5.01 0.00
0.00 4246.56
568.90 -2.16 -7.09 -15.79 325.16 54.16 4.31 0.10
0.00 4895.73
522.40 -6.66 -10.68 -18.98 326.57 340.02 4.55 0.20
0.00 5567.24
480.40 -11.26 -13.36 -17.57 329.94 285.52 7.26 0.30
0.00 6216.11
442.90 -15.66 -17.74 -23.36 329.71 277.97 9.81 0.30
0.00 6834.55
409.10 -19.26 -22.65 -44.45 328.49 312.88 14.84 0.20
0.00 7428.97
378.50 -22.96 -25.57 -42.50 331.20 300.53 17.60 0.20
0.00 8002.60
351.00 -27.06 -29.13 -46.37 332.60 298.95 20.86 0.20
0.00 8550.55
326.20 -30.76 -32.41 -49.41 334.37 303.44 24.67 0.20
0.00 9074.46
303.80 -34.16 -35.42 -50.03 336.45 293.33 23.06 0.10
0.00 9575.71
283.70 -37.36 -38.48 -58.54 338.17 282.19 24.84 0.10
0.00 10051.39
265.60 -40.26 -41.19 -63.02 340.28 274.51 29.62 0.10
0.00 10503.62
248.80 -43.06 -43.80 -63.51 342.52 275.26 31.80 0.10
0.00 10946.39
233.60 -44.76 -45.44 -66.97 346.13 273.79 32.32 0.10
0.00 11369.40
219.60 -47.26 -47.81 -67.41 348.44 271.28 34.77 0.00
0.00 11780.31
205.70 -50.26 -50.67 -67.88 350.29 273.98 36.42 -0.10
0.00 12209.80
191.70 -53.16 -53.49 -73.19 352.72 276.09 34.77 -0.10
0.00 12666.70
177.70 -55.86 -56.12 -73.70 356.02 275.81 32.61 -0.10
0.00 13152.04
163.80 -58.56 -58.75 -74.24 359.88 272.16 30.91 0.00
0.00 13666.88
149.80 -61.46 -61.60 -74.84 364.19 266.84 31.70 0.00
0.00 14224.30
135.90 -63.96 -64.07 -75.48 370.05 268.00 33.43 0.00
0.00 14824.16
121.90 -64.46 -9999.00 -9999.00 -9999.00 270.91 24.48 0.00
0.00 15489.08
108.00 -64.46 -9999.00 -9999.00 -9999.00 267.02 18.67 0.00
0.00 16228.65
94.00 -63.46 -9999.00 -9999.00 -9999.00 280.06 12.24 0.00
0.00 17078.79
81.00 -61.66 -9999.00 -9999.00 -9999.00 259.22 8.31 0.00
0.00 17996.31
70.60 -60.66 -9999.00 -9999.00 -9999.00 288.43 2.45 0.00
0.00 18849.03
62.20 -60.46 -9999.00 -9999.00 -9999.00 333.43 2.18 0.00
0.00 19637.30
54.30 -58.26 -9999.00 -9999.00 -9999.00 20.07 10.76 0.00
0.00 20487.32
46.90 -56.36 -9999.00 -9999.00 -9999.00 57.26 16.16 0.00
0.00 21412.94
40.10 -55.06 -9999.00 -9999.00 -9999.00 80.66 15.56 0.00
0.00 22409.93
33.80 -53.56 -9999.00 -9999.00 -9999.00 74.96 13.48 0.00
0.00 23504.77
27.80 -50.96 -9999.00 -9999.00 -9999.00 65.45 17.31 0.00
0.00 24768.34
22.30 -47.36 -9999.00 -9999.00 -9999.00 75.07 27.14 0.00
0.00 26213.72
17.10 -44.66 -9999.00 -9999.00 -9999.00 82.15 28.44 0.00
0.00 27979.00
12.30 -41.16 -9999.00 -9999.00 -9999.00 74.21 29.27 0.00
0.00 30199.51

STID = KMDW STNM = 725340 TIME = 200809/0300 
SLAT = 41.78 SLON = -87.75 SELV = 183.0
STIM = 16

SHOW = -1.87 LIFT = -3.34 SWET = 193.96 KINX = 33.32
LCLP = 889.26 PWAT = 40.23 TOTL = 49.11 CAPE = 704.59
LCLT = 290.76 CINS = -154.27 EQLV = 258.54 LFCT = 656.74
BRCH = 25.41

PRES TMPC TMWC DWPC THTE DRCT SKNT OMEG
CFRL HGHT
995.50 27.14 21.77 19.42 343.39 171.87 6.88 0.00
0.00 192.79
992.50 27.14 21.64 19.22 343.29 172.41 14.70 0.00
0.00 219.55
987.10 26.84 21.43 19.03 343.21 173.44 17.02 0.00
0.00 267.89
977.60 26.54 21.01 18.52 342.90 177.04 22.57 0.00
0.00 353.49
963.60 26.04 20.48 17.94 342.86 180.47 23.70 0.00
0.00 480.96
945.70 24.84 20.01 17.81 343.76 189.98 21.31 0.10
0.00 646.19
924.40 23.34 19.51 17.76 345.09 202.02 18.65 0.20
0.00 846.04
901.00 21.44 18.61 17.29 345.23 210.85 17.42 0.20
0.00 1069.71
875.70 19.74 17.02 15.67 343.02 221.04 13.91 0.30
0.00 1316.58
847.40 18.04 14.99 13.35 339.97 235.75 11.05 0.20
0.00 1599.46
816.30 16.24 12.76 10.71 337.11 250.56 10.51 0.20
0.00 1919.23
782.20 15.64 9.52 5.08 331.87 247.17 8.00 0.20
0.00 2282.18
745.30 12.44 8.58 5.88 335.12 223.67 5.91 0.30
0.00 2690.24
705.40 9.24 5.63 2.77 333.02 198.97 6.57 0.40
0.00 3149.63
662.70 6.44 0.88 -5.28 327.24 183.58 6.24 0.50
0.00 3664.86
617.00 2.74 -2.26 -8.65 327.48 132.51 6.33 0.50
0.00 4247.02
569.00 -1.86 -7.12 -16.67 325.05 63.43 3.05 0.40
0.00 4896.61
522.40 -6.26 -10.33 -18.49 327.29 318.58 4.41 0.20
0.00 5570.37
480.50 -10.86 -13.58 -19.47 329.43 286.82 8.72 0.10
0.00 6218.57
442.90 -15.16 -18.67 -32.07 327.81 298.61 12.16 0.00
0.00 6839.47
409.10 -18.86 -22.24 -41.77 329.24 319.47 15.85 0.00
0.00 7434.81
378.50 -23.16 -25.56 -39.76 331.24 321.74 17.56 0.00
0.00 8008.69
351.00 -27.56 -29.37 -42.82 332.24 311.31 17.07 0.10
0.00 8555.89
326.20 -31.06 -32.57 -47.03 334.12 310.75 16.67 0.20
0.00 9078.97
303.80 -33.96 -35.29 -51.47 336.66 281.18 17.04 0.20
0.00 9580.12
283.70 -36.86 -38.06 -60.30 338.85 266.42 28.03 0.10
0.00 10056.50
265.60 -39.96 -40.90 -60.81 340.76 270.00 34.77 0.00
0.00 10509.50
248.80 -42.86 -43.62 -63.51 342.82 276.62 35.39 0.00
0.00 10952.75
233.60 -45.06 -45.72 -66.97 345.67 278.30 36.32 0.00
0.00 11375.66
219.60 -47.96 -48.47 -67.41 347.36 279.07 36.99 0.00
0.00 11785.67
205.70 -50.86 -51.24 -67.88 349.35 281.87 34.93 0.00
0.00 12213.92
191.70 -53.36 -53.68 -73.19 352.40 280.37 32.38 0.00
0.00 12669.99
177.70 -55.66 -55.92 -73.70 356.35 274.53 31.95 0.00
0.00 13155.33
163.80 -58.36 -58.56 -74.24 360.21 268.30 32.65 0.00
0.00 13670.64
149.80 -61.46 -61.60 -74.84 364.19 262.41 32.34 0.00
0.00 14228.32
135.90 -64.26 -64.36 -75.48 369.52 265.26 32.94 0.00
0.00 14827.76
121.90 -64.46 -9999.00 -9999.00 -9999.00 270.87 25.64 0.00
0.00 15492.20
108.00 -63.76 -9999.00 -9999.00 -9999.00 264.23 17.39 0.00
0.00 16233.01
94.00 -63.76 -9999.00 -9999.00 -9999.00 283.60 12.39 0.00
0.00 17083.96
81.00 -62.46 -9999.00 -9999.00 -9999.00 274.86 9.17 0.00
0.00 17999.09
70.60 -61.46 -9999.00 -9999.00 -9999.00 296.57 3.90 0.00
0.00 18848.59
62.20 -60.56 -9999.00 -9999.00 -9999.00 315.00 1.92 0.00
0.00 19635.20
54.30 -58.56 -9999.00 -9999.00 -9999.00 31.61 8.90 0.00
0.00 20484.42
46.90 -56.46 -9999.00 -9999.00 -9999.00 60.26 14.10 0.00
0.00 21409.18
40.10 -54.86 -9999.00 -9999.00 -9999.00 76.57 13.38 0.00
0.00 22406.40
33.80 -53.26 -9999.00 -9999.00 -9999.00 69.15 13.09 0.00
0.00 23502.49
27.80 -50.66 -9999.00 -9999.00 -9999.00 62.89 18.34 0.00
0.00 24767.78
22.30 -46.66 -9999.00 -9999.00 -9999.00 76.66 26.94 0.00
0.00 26216.38
17.10 -44.06 -9999.00 -9999.00 -9999.00 78.69 28.73 0.00
0.00 27986.72
12.30 -41.36 -9999.00 -9999.00 -9999.00 72.90 29.06 0.00
0.00 30209.15

STID = KMDW STNM = 725340 TIME = 200809/0400 
SLAT = 41.78 SLON = -87.75 SELV = 183.0
STIM = 17

SHOW = -1.97 LIFT = -3.44 SWET = 199.63 KINX = 31.10
LCLP = 900.11 PWAT = 39.09 TOTL = 49.35 CAPE = 656.91
LCLT = 290.87 CINS = -204.41 EQLV = 257.87 LFCT = 616.12
BRCH = 19.22

PRES TMPC TMWC DWPC THTE DRCT SKNT OMEG
CFRL HGHT
995.80 26.24 21.46 19.34 342.06 175.24 7.01 0.00
0.00 192.76
992.80 26.34 21.35 19.12 342.03 176.33 15.19 0.00
0.00 219.43
987.30 26.04 21.14 18.95 342.02 176.82 17.50 0.00
0.00 268.52
977.90 25.84 20.81 18.54 342.08 180.47 23.70 0.00
0.00 352.98
963.90 25.54 20.44 18.12 342.68 183.06 25.49 0.00
0.00 480.16
946.00 24.64 20.12 18.07 344.16 191.21 22.98 0.10
0.00 645.17
924.60 23.24 19.57 17.90 345.31 201.49 19.62 0.10
0.00 845.83
901.30 21.34 18.60 17.32 345.14 209.12 17.56 0.10
0.00 1068.41
875.90 19.74 16.93 15.54 342.67 216.55 14.02 0.10
0.00 1316.14
847.70 18.04 14.97 13.32 339.85 225.78 10.02 0.00
0.00 1597.93
816.50 16.44 12.65 10.39 336.68 237.09 7.87 -0.10
0.00 1918.72
782.40 15.64 9.56 5.17 331.98 221.99 5.23 -0.10
0.00 2281.68
745.50 12.64 8.36 5.30 334.38 192.53 5.38 0.00
0.00 2689.74
705.60 9.74 5.07 1.12 331.32 194.93 6.02 0.20
0.00 3149.42
662.80 7.24 0.49 -7.65 326.14 165.38 4.62 0.40
0.00 3666.73
617.20 3.34 -2.46 -10.32 326.89 113.50 4.88 0.40
0.00 4248.76
569.10 -1.36 -7.09 -17.90 325.05 357.27 4.08 0.30
0.00 4900.73
522.50 -6.26 -10.32 -18.42 327.31 316.85 8.53 0.10
0.00 5574.95
480.50 -11.16 -14.36 -22.19 327.85 305.07 11.15 0.00
0.00 6224.20
443.00 -15.56 -19.17 -34.40 326.85 319.71 11.71 0.00
0.00 6842.46
409.20 -19.16 -22.26 -38.13 329.24 332.59 11.81 0.10
0.00 7436.84
378.60 -23.36 -25.64 -38.62 331.10 333.43 11.29 0.20
0.00 8010.04
351.00 -27.46 -29.23 -41.76 332.49 312.88 11.13 0.20
0.00 8559.05
326.20 -30.56 -32.15 -47.03 334.81 285.04 13.48 0.10
0.00 9082.77
303.80 -33.46 -34.99 -58.00 337.11 266.10 25.70 0.00
0.00 9584.96
283.70 -37.36 -38.48 -58.54 338.17 271.85 30.13 0.00
0.00 10061.33
265.60 -40.66 -41.53 -60.81 339.74 272.43 32.07 0.00
0.00 10513.17
248.80 -42.66 -43.46 -66.51 343.07 277.54 37.02 0.00
0.00 10955.94
233.60 -45.66 -46.25 -63.98 344.81 286.83 39.57 0.00
0.00 11378.49
219.60 -48.56 -49.01 -64.44 346.48 285.86 34.13 0.00
0.00 11787.42
205.70 -51.16 -51.53 -67.88 348.88 281.89 30.17 0.00
0.00 12214.81
191.70 -53.16 -53.49 -73.19 352.72 275.48 28.50 0.00
0.00 12670.77
177.70 -55.36 -55.63 -73.70 356.84 268.15 30.13 0.00
0.00 13156.66
163.80 -58.06 -58.27 -74.24 360.72 262.11 32.56 0.00
0.00 13672.70
149.80 -61.26 -61.41 -74.84 364.54 259.02 32.65 0.00
0.00 14231.03
135.90 -64.06 -64.17 -75.48 369.87 265.97 30.38 0.00
0.00 14831.04
121.90 -64.06 -9999.00 -9999.00 -9999.00 276.74 24.84 0.00
0.00 15496.43
108.00 -63.56 -9999.00 -9999.00 -9999.00 272.69 16.53 0.00
0.00 16238.31
94.00 -64.36 -9999.00 -9999.00 -9999.00 289.06 11.31 0.00
0.00 17088.44
81.00 -62.66 -9999.00 -9999.00 -9999.00 270.00 7.19 0.00
0.00 18001.83
70.60 -60.76 -9999.00 -9999.00 -9999.00 241.39 2.43 0.00
0.00 18852.34
62.20 -59.26 -9999.00 -9999.00 -9999.00 300.96 1.13 0.00
0.00 19642.65
54.30 -57.76 -9999.00 -9999.00 -9999.00 33.02 9.27 0.00
0.00 20496.05
46.90 -56.86 -9999.00 -9999.00 -9999.00 49.04 13.64 0.00
0.00 21421.67
40.10 -55.86 -9999.00 -9999.00 -9999.00 55.08 12.55 0.00
0.00 22415.67
33.80 -53.76 -9999.00 -9999.00 -9999.00 61.98 13.64 0.00
0.00 23508.02
27.80 -50.96 -9999.00 -9999.00 -9999.00 67.34 19.15 0.00
0.00 24771.01
22.30 -46.86 -9999.00 -9999.00 -9999.00 78.06 24.42 0.00
0.00 26218.00
17.10 -43.76 -9999.00 -9999.00 -9999.00 79.02 26.52 0.00
0.00 27988.73
12.30 -41.76 -9999.00 -9999.00 -9999.00 75.18 31.14 0.00
0.00 30210.69

STID = KMDW STNM = 725340 TIME = 200809/0500 
SLAT = 41.78 SLON = -87.75 SELV = 183.0
STIM = 18

SHOW = -2.39 LIFT = -3.95 SWET = 216.51 KINX = 31.50
LCLP = 912.74 PWAT = 39.46 TOTL = 50.09 CAPE = 746.52
LCLT = 291.28 CINS = -178.65 EQLV = 247.20 LFCT = 617.96
BRCH = 24.25

PRES TMPC TMWC DWPC THTE DRCT SKNT OMEG
CFRL HGHT
995.50 25.44 21.34 19.52 341.64 183.47 6.43 0.00
0.00 191.85
992.50 25.54 21.25 19.33 341.68 183.97 14.02 0.00
0.00 218.46
987.00 25.24 21.05 19.17 341.70 184.76 16.38 0.00
0.00 267.44
977.50 25.14 20.84 18.91 342.28 188.46 23.76 0.10
0.00 352.63
963.60 25.04 20.67 18.72 343.71 191.56 26.17 0.10
0.00 478.73
945.70 24.34 20.33 18.54 345.10 200.45 24.46 0.20
0.00 643.61
924.30 22.94 19.61 18.11 345.56 208.69 21.04 0.20
0.00 844.17
900.90 21.04 18.63 17.50 345.32 213.86 18.47 0.20
0.00 1067.59
875.60 19.54 16.90 15.58 342.57 216.71 14.30 0.20
0.00 1314.24
847.30 17.94 15.00 13.42 340.02 222.71 10.31 0.10
0.00 1597.01
816.20 16.14 12.78 10.81 337.21 222.09 8.12 0.00
0.00 1916.72
782.10 14.94 9.66 5.93 332.37 200.56 6.64 -0.10
0.00 2279.27
745.20 12.34 7.88 4.59 332.97 186.01 7.42 -0.20
0.00 2686.78
705.30 9.54 4.95 1.04 331.03 196.39 6.88 -0.10
0.00 3146.20
662.60 7.44 0.33 -8.55 325.71 163.50 5.48 0.00
0.00 3662.44
617.00 3.44 -2.55 -10.83 326.69 127.30 5.13 0.00
0.00 4244.91
569.00 -1.36 -7.05 -17.69 325.16 344.05 4.23 -0.10
0.00 4895.79
522.40 -6.56 -10.58 -18.77 326.79 318.37 9.36 -0.20
0.00 5569.76
480.50 -11.56 -14.87 -23.52 326.84 311.19 10.33 -0.10
0.00 6216.63
442.90 -15.66 -18.78 -29.83 327.67 324.29 7.65 0.10
0.00 6836.03
409.20 -18.86 -21.66 -33.61 330.36 343.14 6.70 0.20
0.00 7429.04
378.50 -22.96 -25.41 -39.76 331.51 316.97 7.96 0.20
0.00 8005.01
351.00 -26.86 -28.76 -42.10 333.26 304.70 12.28 0.10
0.00 8553.20
326.20 -30.56 -32.22 -48.75 334.69 297.22 15.29 0.00
0.00 9077.56
303.80 -34.26 -35.63 -55.27 336.07 284.18 19.04 0.00
0.00 9578.91
283.70 -38.16 -39.17 -57.08 337.07 273.90 25.70 0.00
0.00 10053.68
265.60 -40.86 -41.72 -60.81 339.45 273.45 32.30 0.00
0.00 10504.56
248.80 -43.56 -44.26 -63.51 341.78 288.43 36.85 0.00
0.00 10946.28
233.60 -46.16 -46.74 -66.97 344.00 287.44 31.76 0.10
0.00 11367.54
219.60 -48.76 -49.20 -64.44 346.17 280.23 28.42 0.00
0.00 11775.83
205.70 -51.26 -51.62 -67.88 348.72 272.88 27.04 0.00
0.00 12202.93
191.70 -53.36 -53.68 -73.19 352.40 266.21 26.48 0.00
0.00 12658.58
177.70 -55.36 -55.63 -73.70 356.84 261.54 29.06 0.00
0.00 13144.26
163.80 -58.16 -58.37 -74.24 360.55 260.03 32.54 -0.10
0.00 13660.17
149.80 -61.36 -61.50 -74.84 364.36 261.42 31.24 0.00
0.00 14218.24
135.90 -63.96 -64.07 -75.48 370.05 268.04 28.38 0.00
0.00 14818.25
121.90 -64.06 -9999.00 -9999.00 -9999.00 278.39 23.95 0.00
0.00 15483.80
108.00 -63.66 -9999.00 -9999.00 -9999.00 272.79 15.95 0.00
0.00 16225.50
94.00 -64.56 -9999.00 -9999.00 -9999.00 283.78 10.61 0.00
0.00 17075.03
81.00 -62.96 -9999.00 -9999.00 -9999.00 278.53 7.85 0.00
0.00 17987.32
70.60 -61.36 -9999.00 -9999.00 -9999.00 292.62 2.53 0.00
0.00 18836.02
62.20 -59.56 -9999.00 -9999.00 -9999.00 17.53 3.87 0.00
0.00 19624.67
54.30 -58.16 -9999.00 -9999.00 -9999.00 57.60 11.97 0.00
0.00 20476.67
46.90 -57.06 -9999.00 -9999.00 -9999.00 72.73 15.05 0.00
0.00 21401.01
40.10 -55.36 -9999.00 -9999.00 -9999.00 58.45 13.00 0.00
0.00 22395.70
33.80 -52.66 -9999.00 -9999.00 -9999.00 43.48 15.52 0.00
0.00 23492.04
27.80 -50.66 -9999.00 -9999.00 -9999.00 58.74 19.09 0.00
0.00 24759.04
22.30 -47.96 -9999.00 -9999.00 -9999.00 78.69 21.79 0.00
0.00 26203.45
17.10 -43.26 -9999.00 -9999.00 -9999.00 85.31 26.13 0.00
0.00 27971.85
12.30 -41.36 -9999.00 -9999.00 -9999.00 78.22 32.34 0.00
0.00 30198.14

STID = KMDW STNM = 725340 TIME = 200809/0600 
SLAT = 41.78 SLON = -87.75 SELV = 183.0
STIM = 19

SHOW = -2.60 LIFT = -4.46 SWET = 221.36 KINX = 32.47
LCLP = 927.75 PWAT = 39.76 TOTL = 50.73 CAPE = 863.66
LCLT = 291.92 CINS = -143.12 EQLV = 240.52 LFCT = 640.60
BRCH = 35.65

PRES TMPC TMWC DWPC THTE DRCT SKNT OMEG
CFRL HGHT
995.90 24.74 21.39 19.91 341.80 190.12 5.52 0.00
0.00 191.83
992.90 24.84 21.30 19.72 341.84 192.34 12.72 0.00
0.00 218.37
987.40 24.64 21.14 19.58 342.03 193.50 14.98 0.00
0.00 267.24
977.90 24.74 21.05 19.41 343.09 197.21 22.98 0.00
0.00 352.27
963.90 24.84 20.96 19.25 344.87 200.91 25.58 0.10
0.00 479.14
946.00 24.14 20.48 18.87 345.72 209.69 23.93 0.10
0.00 643.89
924.60 22.74 19.68 18.30 345.79 216.54 20.55 0.10
0.00 844.28
901.20 21.04 18.53 17.35 344.87 218.26 17.56 0.10
0.00 1067.56
875.90 19.74 16.78 15.30 342.08 217.04 12.90 0.10
0.00 1314.18
847.70 18.14 14.93 13.21 339.73 218.29 9.40 0.00
0.00 1596.00
816.50 16.24 12.66 10.53 336.72 212.57 8.29 -0.10
0.00 1916.73
782.40 14.54 9.62 6.17 332.23 196.82 8.72 -0.20
0.00 2278.95
745.40 12.14 7.36 3.67 331.34 195.46 9.48 -0.20
0.00 2686.97
705.60 9.14 4.94 1.40 330.98 204.68 7.91 -0.20
0.00 3144.55
662.80 7.14 0.25 -8.30 325.51 180.00 6.02 -0.10
0.00 3661.20
617.20 3.14 -2.60 -10.46 326.56 145.30 6.14 -0.20
0.00 4242.88
569.10 -1.76 -7.00 -16.41 325.29 350.54 2.37 -0.20
0.00 4894.17
522.50 -7.06 -10.79 -18.35 326.36 326.73 7.44 -0.20
0.00 5566.95
480.60 -11.76 -14.88 -22.88 326.80 313.78 6.45 0.00
0.00 6212.85
443.00 -15.06 -18.08 -27.71 328.98 333.43 4.78 0.20
0.00 6832.64
409.20 -18.46 -21.19 -31.88 331.24 338.55 5.85 0.30
0.00 7428.55
378.60 -22.76 -25.39 -42.11 331.48 306.12 8.90 0.20
0.00 8003.25
351.00 -26.76 -28.70 -42.46 333.36 311.86 12.51 0.20
0.00 8553.69
326.20 -30.46 -32.16 -49.41 334.79 311.99 15.68 0.00
0.00 9078.26
303.80 -34.56 -35.83 -52.28 335.77 284.85 16.69 0.00
0.00 9579.40
283.70 -38.56 -39.53 -57.08 336.50 274.50 24.75 0.00
0.00 10053.48
265.60 -41.06 -41.90 -60.81 339.15 282.33 30.03 0.00
0.00 10503.78
248.80 -43.76 -44.45 -63.51 341.48 288.31 29.06 0.10
0.00 10945.12
233.60 -46.16 -46.72 -63.98 344.05 281.80 26.59 0.10
0.00 11366.19
219.60 -48.76 -49.22 -67.41 346.12 274.59 26.69 0.00
0.00 11774.48
205.70 -51.26 -51.62 -67.88 348.72 271.23 27.19 0.00
0.00 12201.58
191.70 -53.66 -53.97 -73.19 351.92 264.46 26.15 0.00
0.00 12656.93
177.70 -55.86 -56.12 -73.70 356.02 259.22 29.06 0.00
0.00 13141.71
163.80 -58.46 -58.66 -74.24 360.04 259.79 31.78 0.00
0.00 13656.67
149.80 -61.36 -61.50 -74.84 364.36 260.72 30.11 0.00
0.00 14214.35
135.90 -63.56 -63.68 -75.48 370.75 262.73 27.60 0.00
0.00 14814.93
121.90 -63.56 -9999.00 -9999.00 -9999.00 269.04 23.12 0.00
0.00 15481.92
108.00 -63.96 -9999.00 -9999.00 -9999.00 271.41 15.73 0.00
0.00 16223.97
94.00 -65.46 -9999.00 -9999.00 -9999.00 279.29 10.82 0.00
0.00 17071.05
81.00 -63.86 -9999.00 -9999.00 -9999.00 272.86 7.77 0.00
0.00 17979.43
70.60 -61.66 -9999.00 -9999.00 -9999.00 251.57 1.22 0.00
0.00 18825.71
62.20 -59.16 -9999.00 -9999.00 -9999.00 61.39 4.88 0.00
0.00 19614.54
54.30 -57.36 -9999.00 -9999.00 -9999.00 83.75 14.26 0.00
0.00 20468.94
46.90 -56.16 -9999.00 -9999.00 -9999.00 91.41 15.73 0.00
0.00 21396.92
40.10 -54.76 -9999.00 -9999.00 -9999.00 64.16 13.81 0.00
0.00 22395.05
33.80 -52.56 -9999.00 -9999.00 -9999.00 44.53 16.63 0.00
0.00 23493.14
27.80 -50.36 -9999.00 -9999.00 -9999.00 63.16 18.07 0.00
0.00 24761.29
22.30 -48.86 -9999.00 -9999.00 -9999.00 79.27 18.78 0.00
0.00 26203.76
17.10 -44.66 -9999.00 -9999.00 -9999.00 78.60 25.56 0.00
0.00 27963.22
12.30 -42.16 -9999.00 -9999.00 -9999.00 77.75 34.79 0.00
0.00 30178.90

STID = KMDW STNM = 725340 TIME = 200809/0700 
SLAT = 41.78 SLON = -87.75 SELV = 183.0
STIM = 20

SHOW = -3.03 LIFT = -4.83 SWET = 235.15 KINX = 33.25
LCLP = 945.20 PWAT = 40.82 TOTL = 51.17 CAPE = 970.07
LCLT = 292.65 CINS = -102.12 EQLV = 234.93 LFCT = 723.95
BRCH = 45.35

PRES TMPC TMWC DWPC THTE DRCT SKNT OMEG
CFRL HGHT
996.40 23.94 21.46 20.35 341.99 199.29 4.12 0.00
0.00 192.68
993.50 24.24 21.37 20.09 342.05 201.10 11.87 0.00
0.00 218.27
988.00 24.04 21.20 19.94 342.21 201.80 14.65 0.00
0.00 267.02
978.50 24.54 21.27 19.83 343.92 206.57 23.02 0.00
0.00 351.90
964.50 24.64 21.10 19.55 345.37 211.04 25.62 0.00
0.00 478.63
946.60 23.84 20.64 19.24 346.30 218.59 24.61 0.00
0.00 643.18
925.10 22.54 19.85 18.64 346.41 223.13 21.02 0.00
0.00 844.25
901.80 20.94 18.54 17.42 344.84 223.26 18.14 0.00
0.00 1066.35
876.40 19.54 16.86 15.52 342.30 218.90 14.22 -0.10
0.00 1313.69
848.10 17.74 15.12 13.72 340.34 214.56 10.61 -0.30
0.00 1596.11
816.90 15.74 12.95 11.33 337.68 209.58 8.26 -0.30
0.00 1916.28
782.80 14.04 9.95 7.19 333.25 202.71 9.05 -0.30
0.00 2277.81
745.80 11.94 6.85 2.76 329.77 204.27 10.86 -0.30
0.00 2685.13
705.90 8.74 4.78 1.43 330.49 208.81 8.88 -0.20
0.00 3143.10
663.10 6.64 0.34 -7.21 325.74 185.36 6.24 -0.10
0.00 3658.74
617.40 2.94 -2.55 -9.92 326.67 152.74 7.21 -0.10
0.00 4240.81
569.30 -1.96 -6.95 -15.66 325.40 68.20 1.05 -0.10
0.00 4891.46
522.70 -7.56 -10.91 -17.55 326.10 335.56 4.70 0.00
0.00 5563.15
480.70 -11.66 -14.73 -22.44 327.08 299.36 3.57 0.20
0.00 6209.95
443.10 -14.46 -17.51 -26.66 330.03 325.30 3.07 0.30
0.00 6830.46
409.30 -18.16 -21.02 -32.37 331.50 313.60 5.63 0.30
0.00 7427.29
378.60 -22.36 -25.18 -44.20 331.82 299.05 10.00 0.20
0.00 8004.59
351.10 -26.56 -28.50 -41.76 333.68 310.87 13.36 0.10
0.00 8553.61
326.20 -30.86 -32.26 -43.89 334.67 292.83 16.03 0.00
0.00 9080.03
303.90 -34.96 -36.18 -52.28 335.18 275.71 17.56 0.00
0.00 9578.04
283.70 -38.66 -39.62 -57.08 336.35 273.13 24.90 0.00
0.00 10053.89
265.60 -41.56 -42.31 -57.61 338.51 288.31 27.21 0.00
0.00 10503.62
248.80 -44.06 -44.73 -63.51 341.03 287.57 24.46 0.00
0.00 10944.19
233.60 -46.36 -46.91 -63.98 343.75 275.40 24.79 0.00
0.00 11364.80
219.60 -49.06 -49.50 -67.41 345.66 271.32 25.25 0.00
0.00 11772.64
205.70 -51.36 -51.72 -67.88 348.56 270.42 26.61 0.00
0.00 12199.36
191.70 -53.66 -53.97 -73.19 351.92 261.16 26.53 0.00
0.00 12654.60
177.70 -55.96 -56.21 -73.70 355.86 255.96 29.64 0.00
0.00 13139.27
163.80 -58.46 -58.66 -74.24 360.04 256.90 31.70 0.00
0.00 13654.11
149.80 -61.06 -61.21 -74.84 364.88 257.63 30.83 0.10
0.00 14212.19
135.90 -63.06 -63.18 -75.48 371.64 260.79 29.12 0.00
0.00 14813.90
121.90 -63.86 -9999.00 -9999.00 -9999.00 267.67 23.91 0.00
0.00 15481.21
108.00 -65.06 -9999.00 -9999.00 -9999.00 267.83 15.37 0.00
0.00 16220.78
94.00 -66.16 -9999.00 -9999.00 -9999.00 259.32 10.47 0.00
0.00 17064.21
81.00 -63.06 -9999.00 -9999.00 -9999.00 252.90 7.93 0.00
0.00 17972.80
70.60 -60.36 -9999.00 -9999.00 -9999.00 270.00 1.75 0.00
0.00 18823.31
62.20 -58.46 -9999.00 -9999.00 -9999.00 33.69 4.20 0.00
0.00 19615.85
54.30 -57.06 -9999.00 -9999.00 -9999.00 86.93 10.90 0.00
0.00 20472.23
46.90 -55.86 -9999.00 -9999.00 -9999.00 88.06 11.46 0.00
0.00 21401.50
40.10 -54.76 -9999.00 -9999.00 -9999.00 70.51 13.38 0.00
0.00 22400.32
33.80 -52.56 -9999.00 -9999.00 -9999.00 61.28 16.16 0.00
0.00 23498.41
27.80 -49.76 -9999.00 -9999.00 -9999.00 71.76 18.01 0.00
0.00 24768.27
22.30 -48.96 -9999.00 -9999.00 -9999.00 75.66 18.05 0.00
0.00 26212.36
17.10 -45.36 -9999.00 -9999.00 -9999.00 73.35 23.72 0.00
0.00 27968.71
12.30 -42.36 -9999.00 -9999.00 -9999.00 78.49 33.10 0.00
0.00 30180.05

STID = KMDW STNM = 725340 TIME = 200809/0800 
SLAT = 41.78 SLON = -87.75 SELV = 183.0
STIM = 21

SHOW = -2.88 LIFT = -4.61 SWET = 227.67 KINX = 32.67
LCLP = 959.60 PWAT = 41.16 TOTL = 50.68 CAPE = 1006.09
LCLT = 293.18 CINS = -78.79 EQLV = 234.58 LFCT = 733.67
BRCH = 57.57

PRES TMPC TMWC DWPC THTE DRCT SKNT OMEG
CFRL HGHT
995.70 23.14 21.41 20.63 341.93 187.13 3.13 0.00
0.00 192.67
992.80 23.64 21.33 20.30 342.02 199.33 11.73 0.00
0.00 218.22
987.30 23.64 21.23 20.16 342.45 201.09 14.57 0.00
0.00 266.92
977.80 24.64 21.43 20.04 344.74 210.36 22.28 0.10
0.00 351.83
963.80 24.54 21.09 19.58 345.45 215.96 24.48 0.10
0.00 478.66
945.90 23.64 20.50 19.12 345.83 222.34 23.66 0.10
0.00 643.24
924.50 22.34 19.73 18.55 346.01 226.19 19.93 0.10
0.00 843.38
901.10 20.94 18.46 17.29 344.60 229.54 17.37 0.10
0.00 1066.50
875.80 19.34 16.83 15.57 342.27 223.30 13.87 0.00
0.00 1312.95
847.50 17.34 15.10 13.91 340.39 213.15 11.36 0.00
0.00 1595.30
816.40 15.24 13.08 11.84 338.23 207.12 8.95 0.00
0.00 1914.21
782.30 13.44 10.24 8.14 334.27 206.57 8.68 0.00
0.00 2275.37
745.30 11.64 6.67 2.64 329.33 209.74 10.96 0.10
0.00 2682.38
705.50 8.54 4.39 0.76 329.45 206.57 9.56 0.10
0.00 3139.03
662.70 6.34 0.31 -6.84 325.75 180.00 7.58 0.20
0.00 3654.49
617.10 2.74 -2.48 -9.34 326.92 157.96 8.80 0.20
0.00 4235.12
569.00 -2.06 -7.05 -15.85 325.23 129.29 2.76 0.20
0.00 4885.76
522.50 -7.66 -10.91 -17.30 326.14 333.43 1.73 0.20
0.00 5556.08
480.50 -11.26 -14.54 -22.79 327.49 254.48 3.63 0.10
0.00 6203.50
443.00 -13.96 -17.17 -26.66 330.70 285.52 3.63 0.10
0.00 6823.62
409.20 -18.16 -21.12 -33.24 331.34 294.44 7.03 0.00
0.00 7421.16
378.60 -22.36 -25.06 -41.74 332.05 293.33 10.78 -0.10
0.00 7996.65
351.00 -26.86 -28.56 -39.09 333.64 293.30 13.75 -0.10
0.00 8547.44
326.20 -31.36 -32.65 -43.51 334.02 280.24 16.38 -0.10
0.00 9070.98
303.80 -35.46 -36.64 -53.17 334.46 278.56 18.26 0.00
0.00 9570.26
283.70 -38.96 -39.87 -55.83 335.96 286.02 20.42 0.00
0.00 10043.04
265.60 -41.66 -42.37 -56.36 338.40 292.20 20.55 0.10
0.00 10492.38
248.80 -43.66 -44.38 -66.51 341.59 278.28 21.60 0.10
0.00 10933.24
233.60 -46.36 -46.91 -63.98 343.75 269.15 26.22 0.00
0.00 11354.22
219.60 -49.26 -49.69 -67.41 345.35 267.53 27.02 0.00
0.00 11761.88
205.70 -51.66 -52.01 -67.88 348.09 268.77 27.19 0.00
0.00 12188.12
191.70 -53.86 -54.16 -73.19 351.60 263.08 27.39 0.00
0.00 12642.84
177.70 -56.06 -56.31 -73.70 355.69 259.56 30.03 0.00
0.00 13127.18
163.80 -58.36 -58.56 -74.24 360.21 259.89 30.98 0.00
0.00 13642.02
149.80 -60.96 -61.11 -74.84 365.05 259.27 30.24 0.00
0.00 14200.36
135.90 -63.26 -63.38 -75.48 371.28 260.35 28.96 0.00
0.00 14801.93
121.90 -64.16 -9999.00 -9999.00 -9999.00 261.94 23.54 0.00
0.00 15468.44
108.00 -65.36 -9999.00 -9999.00 -9999.00 254.44 15.93 0.00
0.00 16206.95
94.00 -65.76 -9999.00 -9999.00 -9999.00 251.29 12.72 0.00
0.00 17050.58
81.00 -62.06 -9999.00 -9999.00 -9999.00 272.20 10.10 0.00
0.00 17962.23
70.60 -60.66 -9999.00 -9999.00 -9999.00 319.40 3.57 0.00
0.00 18814.14
62.20 -59.36 -9999.00 -9999.00 -9999.00 43.03 3.98 0.00
0.00 19604.45
54.30 -58.06 -9999.00 -9999.00 -9999.00 92.34 9.52 0.00
0.00 20457.06
46.90 -56.36 -9999.00 -9999.00 -9999.00 84.51 10.14 0.00
0.00 21383.11
40.10 -54.26 -9999.00 -9999.00 -9999.00 74.05 14.14 0.00
0.00 22381.93
33.80 -52.06 -9999.00 -9999.00 -9999.00 61.19 17.74 0.00
0.00 23482.52
27.80 -50.06 -9999.00 -9999.00 -9999.00 66.27 19.31 0.00
0.00 24752.96
22.30 -48.86 -9999.00 -9999.00 -9999.00 74.54 18.94 0.00
0.00 26196.40
17.10 -45.26 -9999.00 -9999.00 -9999.00 76.40 24.79 0.00
0.00 27953.52
12.30 -42.56 -9999.00 -9999.00 -9999.00 73.75 30.56 0.00
0.00 30164.38
STN YYMMDD/HHMM PMSL PRES SKTC STC1 SNFL WTNS
P01M C01M STC2 LCLD MCLD HCLD
SNRA UWND VWND R01M BFGR T2MS
Q2MS WXTS WXTP WXTZ WXTR USTM
VSTM HLCY SLLH WSYM CDBP VSBK
TD2M
725340 200808/1100 1020.60 998.90 16.44 289.60 -9999.00 0.00
-9999.00 -9999.00 290.00 2.00 57.00 0.00
-9999.00 -1.30 1.70 -9999.00 -9999.00 17.24
10.76 0.00 0.00 0.00 0.00 -0.90
-4.40 70.20 -9999.00 999.00 -9999.00 20.00
14.88
725340 200808/1200 1020.80 999.20 17.74 290.90 0.00 100.00
0.00 0.00 290.90 0.00 51.00 0.00
-9999.00 -1.20 1.70 -9999.00 -9999.00 17.84
11.04 0.00 0.00 0.00 0.00 -1.50
-4.30 89.00 -9999.00 999.00 -9999.00 20.00
15.28
725340 200808/1300 1021.40 999.90 20.14 293.30 0.00 100.00
0.00 0.00 293.00 0.00 80.00 0.00
-9999.00 -1.00 3.00 -9999.00 -9999.00 19.94
10.74 0.00 0.00 0.00 0.00 -2.70
-3.10 100.60 -9999.00 999.00 -9999.00 20.00
14.87
725340 200808/1400 1020.80 999.30 23.64 296.80 0.00 100.00
0.00 0.00 295.90 0.00 100.00 0.00
-9999.00 -0.90 3.80 -9999.00 -9999.00 22.34
9.92 0.00 0.00 0.00 0.00 -3.80
-1.40 111.50 -9999.00 999.00 -9999.00 20.00
13.65
725340 200808/1500 1019.80 998.40 30.34 303.50 0.00 100.00
0.00 0.00 301.70 0.00 100.00 0.00
-9999.00 -0.30 4.40 -9999.00 -9999.00 25.44
8.43 0.00 0.00 0.00 0.00 -4.30
-0.10 97.00 -9999.00 999.00 -9999.00 20.00
11.20
725340 200808/1600 1020.80 999.50 35.24 308.40 0.00 100.00
0.00 0.00 306.40 4.00 100.00 0.00
-9999.00 0.10 4.30 -9999.00 -9999.00 27.74
8.67 0.00 0.00 0.00 0.00 -4.70
0.00 74.40 -9999.00 999.00 -9999.00 20.00
11.63
725340 200808/1700 1019.50 998.20 38.64 311.80 0.00 100.00
0.00 0.00 309.80 9.00 100.00 0.00
-9999.00 0.20 3.70 -9999.00 -9999.00 29.14
9.70 0.00 0.00 0.00 0.00 -3.70
-2.30 49.60 -9999.00 999.00 -9999.00 20.00
13.30
725340 200808/1800 1019.00 997.80 40.54 313.70 0.00 100.00
0.00 0.00 311.90 11.00 100.00 0.00
-9999.00 0.10 3.80 -9999.00 -9999.00 30.54
10.89 0.00 0.00 0.00 0.00 -3.00
-2.70 41.70 -9999.00 999.00 -9999.00 20.00
15.05
725340 200808/1900 1018.90 997.70 41.24 314.40 0.00 100.00
0.00 0.00 312.80 15.00 100.00 0.00
-9999.00 0.50 4.10 -9999.00 -9999.00 31.54
11.90 0.00 0.00 0.00 0.00 -2.80
-2.40 41.70 -9999.00 999.00 -9999.00 20.00
16.41
725340 200808/2000 1018.00 996.80 40.74 313.90 0.00 100.00
0.00 0.00 312.70 15.00 100.00 0.00
-9999.00 0.30 4.40 -9999.00 -9999.00 32.04
12.49 0.00 0.00 0.00 0.00 -2.90
-2.50 42.80 -9999.00 999.00 -9999.00 20.00
17.14
725340 200808/2100 1016.60 995.50 39.74 312.90 0.00 100.00
0.00 0.00 312.00 25.00 100.00 0.00
-9999.00 0.60 4.80 -9999.00 -9999.00 32.24
12.88 0.00 0.00 0.00 0.00 -3.70
-1.40 42.70 -9999.00 999.00 -9999.00 20.00
17.60
725340 200808/2200 1015.80 994.80 37.84 311.00 0.00 100.00
0.00 0.00 310.60 16.00 34.00 0.00
-9999.00 0.70 5.00 -9999.00 -9999.00 32.04
13.24 0.00 0.00 0.00 0.00 -4.20
-0.90 45.60 -9999.00 999.00 -9999.00 20.00
18.01
725340 200808/2300 1017.10 996.00 35.24 308.40 0.00 100.00
0.00 0.00 308.30 24.00 5.00 0.00
-9999.00 0.80 4.90 -9999.00 -9999.00 31.54
13.54 0.00 0.00 0.00 0.00 -4.40
-0.70 47.90 -9999.00 999.00 -9999.00 20.00
18.38
725340 200809/0000 1017.20 996.00 32.44 305.60 0.00 100.00
0.00 0.00 305.90 14.00 7.00 0.00
-9999.00 0.70 4.50 -9999.00 -9999.00 30.74
13.86 0.00 0.00 0.00 0.00 -4.70
-0.20 52.20 -9999.00 999.00 -9999.00 20.00
18.75
725340 200809/0100 1016.70 995.60 29.34 302.50 0.00 100.00
0.00 0.00 303.10 9.00 3.00 0.00
-9999.00 0.10 3.80 -9999.00 -9999.00 29.24
14.23 0.00 0.00 0.00 0.00 -4.80
-0.40 65.80 -9999.00 999.00 -9999.00 20.00
19.15
725340 200809/0200 1017.60 996.40 27.74 300.90 0.00 100.00
0.00 0.00 301.40 1.00 0.00 0.00
-9999.00 -0.50 3.40 -9999.00 -9999.00 27.84
14.52 0.00 0.00 0.00 0.00 -4.90
-0.20 85.00 -9999.00 999.00 -9999.00 20.00
19.48
725340 200809/0300 1017.80 996.60 26.44 299.60 0.00 100.00
0.00 0.00 300.10 0.00 0.00 0.00
-9999.00 -0.50 3.90 -9999.00 -9999.00 26.74
14.54 0.00 0.00 0.00 0.00 -5.40
0.90 90.80 -9999.00 999.00 -9999.00 20.00
19.51
725340 200809/0400 1018.10 996.90 25.44 298.60 0.00 100.00
0.00 0.00 299.10 0.00 0.00 0.00
-9999.00 -0.30 3.80 -9999.00 -9999.00 25.84
14.46 0.00 0.00 0.00 0.00 -6.00
1.90 80.90 -9999.00 999.00 -9999.00 20.00
19.43
725340 200809/0500 1017.80 996.50 24.54 297.70 0.00 100.00
0.00 0.00 298.20 0.00 0.00 0.00
-9999.00 0.20 3.60 -9999.00 -9999.00 24.94
14.63 0.00 0.00 0.00 0.00 -5.80
3.80 70.10 -9999.00 999.00 -9999.00 20.00
19.60
725340 200809/0600 1018.20 996.90 23.74 296.90 0.00 100.00
0.00 0.00 297.40 0.00 0.00 0.00
-9999.00 0.60 3.00 -9999.00 -9999.00 24.24
15.01 0.00 0.00 0.00 0.00 -5.30
5.70 52.60 -9999.00 999.00 -9999.00 20.00
20.01
725340 200809/0700 1018.80 997.50 23.04 296.20 0.00 100.00
0.00 0.00 296.60 0.00 0.00 0.00
-9999.00 0.70 2.10 -9999.00 -9999.00 23.34
15.46 0.00 0.00 0.00 0.00 -4.50
7.20 41.70 -9999.00 999.00 -9999.00 20.00
20.49
725340 200809/0800 1018.20 996.80 22.44 295.60 0.00 100.00
0.00 0.00 296.00 0.00 0.00 0.00
-9999.00 0.30 1.80 -9999.00 -9999.00 22.54
15.79 0.00 0.00 0.00 0.00 -4.40
7.50 41.10 -9999.00 999.00 -9999.00 20.00
20.81


