
SNPARM = PRES;TMPC;TMWC;DWPC;THTE;DRCT;SKNT;OMEG;CFRL;HGHT 
STNPRM = SHOW;LIFT;SWET;KINX;LCLP;PWAT;TOTL;CAPE;LCLT;CINS;EQLV;LFCT;BRCH 

STID = KMDW STNM = 725340 TIME = 200808/0100 
SLAT = 41.78 SLON = -87.75 SELV = 183.0
STIM = 0

SHOW = 4.70 LIFT = 3.56 SWET = 132.61 KINX = 22.02
LCLP = 854.29 PWAT = 27.34 TOTL = 39.46 CAPE = 0.00
LCLT = 285.57 CINS = 0.00 EQLV = -9999.00 LFCT = -9999.00
BRCH = 0.00

PRES TMPC TMWC DWPC THTE DRCT SKNT OMEG
CFRL HGHT
997.40 25.34 18.51 14.81 330.26 193.39 4.20 0.00
0.00 191.81
994.30 25.24 18.31 14.53 329.99 188.62 6.49 -0.10
0.00 219.18
988.90 25.14 18.08 14.18 329.87 188.13 8.24 -0.20
0.00 267.04
979.40 24.64 17.56 13.57 329.34 188.47 9.23 -0.40
0.00 351.77
965.50 23.54 16.75 12.81 328.45 189.46 9.46 -0.60
0.00 476.88
947.60 21.84 15.88 12.35 327.98 188.65 9.03 -0.80
0.00 639.87
926.20 19.74 15.03 12.21 328.15 187.94 8.43 -0.80
0.00 837.55
902.80 17.74 14.30 12.24 329.09 186.17 7.23 -0.60
0.00 1057.48
877.50 15.24 13.24 12.01 329.29 184.09 5.46 -0.20
0.00 1299.93
849.20 12.64 10.97 9.83 326.26 199.98 2.27 0.10
15.00 1577.01
818.00 13.64 9.30 6.07 325.78 306.03 5.28 0.20
0.00 1892.24
783.90 13.54 6.89 0.98 323.83 305.27 9.75 -0.10
0.00 2250.98
746.80 10.84 5.14 -0.14 324.75 308.53 13.40 -0.30
0.00 2657.20
706.80 7.24 3.05 -0.98 325.63 310.60 14.34 -0.20
0.00 3113.31
663.80 3.74 -1.84 -9.63 320.43 291.04 10.82 0.00
0.00 3626.47
618.10 2.44 -5.74 -26.10 318.87 266.10 8.57 0.10
0.00 4203.86
569.90 -0.16 -8.27 -35.13 321.87 250.64 7.61 0.00
0.00 4855.94
523.10 -5.46 -11.91 -35.42 323.52 274.09 8.18 -0.10
0.00 5534.15
481.10 -10.96 -15.78 -34.95 324.72 286.70 10.14 -0.10
0.00 6183.39
443.40 -15.26 -19.24 -38.54 326.56 292.56 13.68 -0.10
0.00 6804.66
409.50 -19.36 -22.65 -42.58 328.42 302.57 16.59 0.00
0.00 7400.38
378.80 -23.36 -26.09 -48.09 330.17 308.47 18.10 0.10
0.00 7974.80
351.20 -27.36 -29.52 -51.04 331.87 307.97 20.20 0.20
0.00 8523.56
326.30 -30.76 -32.51 -53.56 334.14 309.75 25.52 0.20
0.00 9049.01
303.90 -33.66 -35.07 -53.17 336.96 307.25 29.53 0.20
0.00 9550.61
283.80 -36.86 -37.90 -52.05 339.11 314.71 27.33 0.20
0.00 10027.13
265.70 -39.96 -40.60 -48.85 341.27 331.53 31.37 0.30
0.00 10480.00
248.80 -43.66 -43.97 -48.45 342.30 316.90 37.24 0.20
0.00 10925.07
233.60 -47.26 -47.51 -52.28 342.81 295.69 45.26 0.20
25.00 11345.25
219.60 -50.16 -50.47 -60.55 344.10 294.28 50.08 0.10
0.00 11751.30
205.70 -52.96 -53.25 -67.88 346.05 303.31 48.82 0.10
0.00 12175.43
191.70 -56.66 -56.82 -65.45 347.20 307.77 44.72 0.10
0.00 12625.93
177.70 -59.56 -59.69 -68.92 350.01 298.53 43.10 0.10
0.00 13103.29
163.80 -60.86 -61.00 -74.24 356.02 296.24 46.56 0.10
0.00 13610.97
149.80 -61.36 -61.50 -74.84 364.36 304.47 43.59 0.00
0.00 14165.52
135.90 -61.36 -61.52 -75.48 374.65 316.29 36.54 0.00
0.00 14769.23
121.90 -61.46 -9999.00 -9999.00 -9999.00 311.23 22.98 0.00
0.00 15443.06
108.00 -61.96 -9999.00 -9999.00 -9999.00 291.57 17.97 0.00
0.00 16192.38
94.00 -61.56 -9999.00 -9999.00 -9999.00 284.35 17.25 0.00
0.00 17051.45
81.00 -60.86 -9999.00 -9999.00 -9999.00 289.09 10.68 0.00
0.00 17974.86
70.60 -59.96 -9999.00 -9999.00 -9999.00 302.28 4.37 0.00
0.00 18830.59
62.20 -58.46 -9999.00 -9999.00 -9999.00 61.93 3.30 0.00
0.00 19623.88
54.30 -57.36 -9999.00 -9999.00 -9999.00 90.00 8.35 0.00
0.00 20479.66
46.90 -57.06 -9999.00 -9999.00 -9999.00 79.32 10.47 0.00
0.00 21405.71
40.10 -55.46 -9999.00 -9999.00 -9999.00 61.03 12.43 0.00
0.00 22400.18
33.80 -52.86 -9999.00 -9999.00 -9999.00 53.97 15.85 0.00
0.00 23495.77
27.80 -50.16 -9999.00 -9999.00 -9999.00 52.57 19.81 0.00
0.00 24763.63
22.30 -46.86 -9999.00 -9999.00 -9999.00 59.42 24.83 0.00
0.00 26213.20
17.10 -43.56 -9999.00 -9999.00 -9999.00 79.31 28.26 0.00
0.00 27984.70
12.30 -40.96 -9999.00 -9999.00 -9999.00 84.64 31.22 0.00
0.00 30211.48

STID = KMDW STNM = 725340 TIME = 200808/0200 
SLAT = 41.78 SLON = -87.75 SELV = 183.0
STIM = 1

SHOW = 5.05 LIFT = 3.98 SWET = 109.35 KINX = 23.74
LCLP = 882.02 PWAT = 27.66 TOTL = 39.66 CAPE = 0.00
LCLT = 286.95 CINS = 0.00 EQLV = -9999.00 LFCT = -9999.00
BRCH = 0.00

PRES TMPC TMWC DWPC THTE DRCT SKNT OMEG
CFRL HGHT
997.20 24.04 18.59 15.71 330.66 171.47 3.92 0.00
0.00 191.78
994.20 24.04 18.33 15.26 330.11 174.29 7.81 -0.10
0.00 218.17
988.70 24.14 17.88 14.42 329.23 177.92 10.68 -0.10
0.00 266.75
979.20 23.94 17.16 13.26 327.99 181.94 11.46 -0.20
0.00 351.25
965.30 22.94 16.45 12.62 327.44 184.01 11.09 -0.30
0.00 476.10
947.40 21.34 15.65 12.24 327.24 183.43 9.73 -0.30
0.00 638.82
926.10 19.44 14.74 11.88 327.21 181.40 7.96 -0.10
0.00 835.32
902.70 17.34 13.89 11.78 327.77 168.31 5.75 0.10
0.00 1054.98
877.40 15.24 12.38 10.53 326.55 150.95 4.00 0.30
0.00 1297.20
849.10 14.54 10.73 8.07 325.53 233.13 0.97 0.30
0.00 1575.06
817.90 15.14 9.80 5.87 327.24 295.82 6.68 0.10
0.00 1892.09
783.80 13.64 8.05 3.60 327.21 301.29 11.60 -0.10
0.00 2251.99
746.70 10.24 6.59 3.70 328.93 315.00 13.73 -0.20
0.00 2658.24
706.60 6.74 3.58 0.73 327.10 316.17 13.46 0.10
0.00 3115.01
663.70 4.04 -2.21 -11.59 319.54 292.78 10.53 0.30
0.00 3626.94
618.00 3.04 -5.72 -30.11 318.79 263.02 9.60 0.20
0.00 4205.26
569.80 0.04 -8.18 -35.75 322.05 255.96 9.62 -0.10
0.00 4858.34
523.10 -5.46 -11.90 -35.14 323.55 273.65 9.15 -0.10
0.00 5535.41
481.00 -11.06 -15.83 -34.71 324.65 286.70 10.14 -0.10
0.00 6186.15
443.40 -15.36 -19.29 -38.23 326.47 297.32 13.11 0.00
0.00 6805.60
409.50 -19.26 -22.63 -43.95 328.44 304.51 15.09 0.20
0.00 7401.32
378.80 -23.06 -25.88 -48.80 330.53 309.38 16.84 0.30
0.00 7976.18
351.20 -26.86 -28.99 -46.91 332.78 311.76 21.87 0.30
0.00 8525.84
326.30 -29.86 -31.57 -47.03 335.75 309.86 27.58 0.30
0.00 9052.82
303.90 -32.86 -34.25 -48.77 338.33 302.41 29.00 0.20
0.00 9556.21
283.80 -36.46 -37.44 -48.80 339.89 302.63 26.30 0.20
0.00 10033.95
265.60 -39.96 -40.55 -47.87 341.38 316.52 25.97 0.10
0.00 10489.80
248.80 -44.06 -44.37 -48.92 341.66 296.12 33.53 0.10
11.00 10931.94
233.60 -47.26 -47.58 -54.49 342.68 284.49 47.36 0.10
0.00 11351.75
219.60 -49.96 -50.31 -62.27 344.36 286.52 53.28 0.10
0.00 11757.97
205.70 -52.86 -53.18 -72.71 346.16 296.25 46.99 0.00
0.00 12182.39
191.70 -56.56 -56.75 -68.39 347.32 302.33 43.22 0.00
0.00 12633.10
177.70 -59.36 -59.49 -68.92 350.34 297.04 42.31 0.00
0.00 13110.78
163.80 -60.56 -60.71 -74.24 356.52 300.01 46.21 0.00
0.00 13619.07
149.80 -61.26 -61.41 -74.84 364.54 309.32 44.44 0.00
0.00 14174.13
135.90 -61.66 -61.81 -75.48 374.11 316.82 34.63 0.00
0.00 14777.56
121.90 -61.76 -9999.00 -9999.00 -9999.00 307.69 21.60 0.00
0.00 15450.43
108.00 -62.46 -9999.00 -9999.00 -9999.00 285.71 19.37 0.00
0.00 16198.33
94.00 -62.16 -9999.00 -9999.00 -9999.00 287.32 18.92 0.00
0.00 17055.17
81.00 -61.06 -9999.00 -9999.00 -9999.00 300.47 11.50 0.00
0.00 17976.84
70.60 -60.16 -9999.00 -9999.00 -9999.00 318.81 6.20 0.00
0.00 18831.77
62.20 -58.66 -9999.00 -9999.00 -9999.00 33.69 3.50 0.00
0.00 19624.31
54.30 -57.76 -9999.00 -9999.00 -9999.00 70.35 5.77 0.00
0.00 20478.90
46.90 -56.66 -9999.00 -9999.00 -9999.00 54.90 8.78 0.00
0.00 21404.95
40.10 -54.86 -9999.00 -9999.00 -9999.00 50.09 13.93 0.00
0.00 22401.70
33.80 -52.66 -9999.00 -9999.00 -9999.00 51.71 18.80 0.00
0.00 23499.30
27.80 -50.36 -9999.00 -9999.00 -9999.00 59.12 23.08 0.00
0.00 24767.16
22.30 -47.66 -9999.00 -9999.00 -9999.00 71.04 26.90 0.00
0.00 26213.50
17.10 -44.56 -9999.00 -9999.00 -9999.00 80.60 27.37 0.00
0.00 27978.01
12.30 -41.16 -9999.00 -9999.00 -9999.00 82.46 29.58 0.00
0.00 30199.00

STID = KMDW STNM = 725340 TIME = 200808/0300 
SLAT = 41.78 SLON = -87.75 SELV = 183.0
STIM = 2

SHOW = 5.07 LIFT = 4.59 SWET = 101.49 KINX = 24.01
LCLP = 903.02 PWAT = 27.62 TOTL = 39.96 CAPE = 0.00
LCLT = 287.74 CINS = 0.00 EQLV = -9999.00 LFCT = -9999.00
BRCH = 0.00

PRES TMPC TMWC DWPC THTE DRCT SKNT OMEG
CFRL HGHT
996.90 22.84 18.45 16.14 330.24 176.63 3.30 0.00
0.00 191.75
993.90 23.24 18.10 15.33 329.38 176.50 9.54 0.00
0.00 218.06
988.40 23.64 17.53 14.09 328.06 178.12 11.85 -0.10
0.00 266.54
979.00 23.54 16.71 12.66 326.46 180.90 12.43 -0.10
0.00 350.04
965.00 22.44 16.06 12.21 326.17 181.97 11.27 0.00
0.00 475.60
947.20 20.94 15.31 11.86 326.12 178.85 9.71 0.10
0.00 637.18
925.80 19.24 14.43 11.44 326.23 164.62 8.06 0.20
0.00 834.43
902.50 17.34 13.10 10.35 325.24 146.31 7.71 0.20
0.00 1053.06
877.20 16.04 11.34 8.00 323.32 149.04 5.67 0.10
0.00 1295.50
849.00 15.54 10.70 7.24 325.40 216.03 2.64 0.00
0.00 1573.13
817.80 15.24 10.24 6.69 328.61 281.89 7.54 -0.20
0.00 1890.81
783.60 13.44 9.21 6.19 330.78 302.68 12.24 -0.30
0.00 2251.95
746.50 9.74 7.51 5.88 331.69 316.77 13.33 -0.20
0.00 2658.10
706.50 6.54 3.58 0.92 327.12 316.89 12.51 0.10
0.00 3113.42
663.60 4.24 -2.51 -13.32 318.81 294.70 10.68 0.20
0.00 3625.40
617.90 3.24 -5.86 -34.62 318.40 267.88 10.49 0.10
0.00 4204.13
569.70 0.04 -8.24 -37.08 321.92 259.99 10.06 -0.10
0.00 4857.52
523.00 -5.56 -11.96 -35.15 323.45 267.61 9.32 -0.10
0.00 5534.58
481.00 -11.16 -15.92 -34.95 324.49 278.84 8.84 0.00
0.00 6183.59
443.30 -15.36 -19.33 -38.86 326.42 294.44 11.73 0.10
0.00 6804.64
409.50 -19.06 -22.56 -46.11 328.54 301.39 13.42 0.10
0.00 7398.88
378.80 -22.96 -25.70 -45.68 330.86 310.53 15.85 0.10
0.00 7974.09
351.20 -26.26 -28.28 -42.10 334.02 315.71 22.26 0.10
0.00 8524.55
326.30 -29.16 -30.68 -41.18 337.30 308.29 28.21 0.10
0.00 9052.97
303.90 -32.56 -33.80 -44.54 339.11 296.57 28.67 0.10
0.00 9557.44
283.80 -36.36 -37.19 -45.55 340.31 291.01 26.01 0.00
0.00 10035.61
265.60 -40.36 -40.84 -46.56 340.92 295.07 23.37 0.00
0.00 10491.17
248.80 -44.16 -44.46 -48.92 341.51 284.53 32.52 0.00
10.00 10932.84
233.60 -47.26 -47.58 -54.49 342.68 278.95 49.94 0.10
0.00 11352.56
219.60 -50.16 -50.45 -59.12 344.14 282.32 58.26 0.10
0.00 11758.60
205.70 -52.66 -52.96 -67.88 346.52 290.77 54.22 0.00
0.00 12183.03
191.70 -56.46 -56.68 -73.19 347.43 298.41 43.28 -0.10
0.00 12634.04
177.70 -59.26 -59.40 -68.92 350.50 298.88 43.05 0.00
0.00 13111.94
163.80 -60.16 -60.32 -74.24 357.19 305.40 48.62 0.00
0.00 13620.82
149.80 -61.26 -61.41 -74.84 364.54 316.40 45.07 0.00
0.00 14176.41
135.90 -62.16 -62.30 -75.48 373.23 319.66 32.11 0.00
0.00 14779.13
121.90 -62.16 -9999.00 -9999.00 -9999.00 306.43 20.28 0.00
0.00 15450.57
108.00 -62.76 -9999.00 -9999.00 -9999.00 285.87 19.19 0.00
0.00 16197.23
94.00 -62.46 -9999.00 -9999.00 -9999.00 290.77 18.07 0.00
0.00 17052.85
81.00 -61.36 -9999.00 -9999.00 -9999.00 312.06 10.72 0.00
0.00 17973.21
70.60 -60.36 -9999.00 -9999.00 -9999.00 337.89 6.70 0.00
0.00 18827.13
62.20 -58.56 -9999.00 -9999.00 -9999.00 41.82 4.95 0.00
0.00 19619.49
54.30 -57.46 -9999.00 -9999.00 -9999.00 62.10 7.48 0.00
0.00 20474.87
46.90 -55.76 -9999.00 -9999.00 -9999.00 58.57 12.30 0.00
0.00 21403.49
40.10 -54.66 -9999.00 -9999.00 -9999.00 62.30 17.56 0.00
0.00 22402.77
33.80 -53.26 -9999.00 -9999.00 -9999.00 62.68 19.89 0.00
0.00 23499.37
27.80 -51.26 -9999.00 -9999.00 -9999.00 66.09 22.53 0.00
0.00 24762.94
22.30 -48.46 -9999.00 -9999.00 -9999.00 74.12 24.84 0.00
0.00 26203.80
17.10 -44.76 -9999.00 -9999.00 -9999.00 76.84 24.73 0.00
0.00 27964.42
12.30 -41.06 -9999.00 -9999.00 -9999.00 78.85 27.12 0.00
0.00 30184.93

STID = KMDW STNM = 725340 TIME = 200808/0400 
SLAT = 41.78 SLON = -87.75 SELV = 183.0
STIM = 3

SHOW = 5.98 LIFT = 5.58 SWET = 92.06 KINX = 21.73
LCLP = 920.52 PWAT = 26.77 TOTL = 38.62 CAPE = 0.00
LCLT = 288.39 CINS = 0.00 EQLV = -9999.00 LFCT = -9999.00
BRCH = 0.00

PRES TMPC TMWC DWPC THTE DRCT SKNT OMEG
CFRL HGHT
997.60 21.94 18.38 16.50 329.89 169.38 3.17 0.00
0.00 191.72
994.60 22.64 17.74 15.04 328.01 178.88 9.91 0.00
0.00 217.94
989.10 23.64 17.10 13.29 326.45 180.00 11.65 0.00
0.00 266.33
979.60 23.34 16.35 12.09 325.15 181.91 11.65 0.00
0.00 350.61
965.70 22.14 15.81 11.94 325.27 183.07 10.90 0.10
0.00 475.07
947.80 20.74 14.99 11.39 325.00 176.63 9.93 0.10
0.00 637.29
926.40 19.14 13.91 10.52 324.45 159.72 9.52 0.10
0.00 834.26
903.10 17.54 12.30 8.64 322.62 145.67 9.63 0.10
0.00 1052.68
877.80 16.34 10.29 5.53 320.08 143.75 7.23 0.00
0.00 1295.00
849.60 15.44 10.26 6.42 323.99 180.00 2.72 -0.10
0.00 1572.41
818.40 14.94 10.47 7.37 329.25 282.88 6.97 -0.10
0.00 1889.63
784.20 13.14 9.83 7.59 332.65 308.05 11.34 0.00
0.00 2250.24
747.00 9.64 7.63 6.17 331.97 321.34 12.43 0.10
0.00 2657.02
706.90 6.54 3.11 -0.11 325.79 316.93 12.24 0.30
0.00 3113.08
664.00 4.34 -2.63 -14.17 318.42 303.15 11.36 0.20
0.00 3624.76
618.20 3.24 -5.97 -37.39 318.07 284.86 9.85 0.10
0.00 4204.51
570.00 0.14 -8.24 -38.59 321.84 268.78 9.13 0.00
0.00 4857.66
523.20 -5.46 -11.91 -35.42 323.50 265.24 9.36 0.10
0.00 5536.11
481.10 -10.86 -15.77 -35.72 324.74 273.37 9.93 0.30
0.00 6186.95
443.50 -14.86 -19.13 -42.27 326.68 284.42 14.04 0.30
0.00 6807.08
409.60 -18.96 -22.50 -46.73 328.61 288.21 15.54 0.20
0.00 7403.56
378.90 -23.16 -25.74 -42.89 330.80 299.74 15.66 0.10
0.00 7978.51
351.20 -26.36 -28.20 -39.62 334.19 312.91 18.82 0.00
0.00 8530.58
326.40 -29.36 -30.80 -40.60 337.07 302.57 24.90 -0.10
0.00 9056.49
303.90 -32.26 -33.70 -47.66 339.26 282.09 27.82 -0.10
0.00 9563.23
283.80 -36.36 -37.24 -46.38 340.23 276.71 26.59 -0.10
0.00 10041.69
265.70 -40.46 -40.93 -46.55 340.73 272.78 28.01 -0.10
0.00 10494.57
248.80 -43.96 -44.32 -49.96 341.73 270.00 37.88 -0.10
0.00 10938.88
233.60 -47.26 -47.58 -54.49 342.68 274.76 49.13 -0.10
0.00 11358.78
219.60 -50.86 -50.99 -54.21 343.27 276.17 57.83 -0.10
14.00 11764.19
205.70 -53.26 -53.49 -62.77 345.67 282.46 56.70 -0.10
0.00 12187.38
191.70 -56.16 -56.39 -73.19 347.91 294.16 45.55 0.00
0.00 12638.09
177.70 -59.16 -59.32 -73.70 350.62 298.10 42.06 0.00
0.00 13116.43
163.80 -60.16 -60.32 -74.24 357.19 305.59 48.74 0.00
0.00 13625.43
149.80 -61.36 -61.50 -74.84 364.36 318.52 46.93 0.00
0.00 14180.89
135.90 -62.46 -62.60 -75.48 372.70 323.50 29.72 0.00
0.00 14783.04
121.90 -62.46 -9999.00 -9999.00 -9999.00 306.11 20.44 0.00
0.00 15453.52
108.00 -62.56 -9999.00 -9999.00 -9999.00 284.30 20.45 0.00
0.00 16200.01
94.00 -62.66 -9999.00 -9999.00 -9999.00 290.75 19.74 0.00
0.00 17055.63
81.00 -61.56 -9999.00 -9999.00 -9999.00 316.30 12.08 0.00
0.00 17975.11
70.60 -59.96 -9999.00 -9999.00 -9999.00 339.78 7.87 0.00
0.00 18829.44
62.20 -58.16 -9999.00 -9999.00 -9999.00 41.42 4.41 0.00
0.00 19623.28
54.30 -57.36 -9999.00 -9999.00 -9999.00 63.43 6.95 0.00
0.00 20479.66
46.90 -56.06 -9999.00 -9999.00 -9999.00 68.20 12.55 0.00
0.00 21407.85
40.10 -55.36 -9999.00 -9999.00 -9999.00 70.35 17.33 0.00
0.00 22404.84
33.80 -54.26 -9999.00 -9999.00 -9999.00 70.46 19.17 0.00
0.00 23497.18
27.80 -52.16 -9999.00 -9999.00 -9999.00 68.75 22.51 0.00
0.00 24755.32
22.30 -49.06 -9999.00 -9999.00 -9999.00 71.97 26.36 0.00
0.00 26191.34
17.10 -44.46 -9999.00 -9999.00 -9999.00 75.49 28.69 0.00
0.00 27950.79
12.30 -41.16 -9999.00 -9999.00 -9999.00 77.29 32.65 0.00
0.00 30172.27

STID = KMDW STNM = 725340 TIME = 200808/0500 
SLAT = 41.78 SLON = -87.75 SELV = 183.0
STIM = 4

SHOW = 7.27 LIFT = 6.65 SWET = 79.09 KINX = 18.86
LCLP = 931.88 PWAT = 25.57 TOTL = 36.73 CAPE = 0.00
LCLT = 288.61 CINS = 0.00 EQLV = -9999.00 LFCT = -9999.00
BRCH = 0.00

PRES TMPC TMWC DWPC THTE DRCT SKNT OMEG
CFRL HGHT
997.70 21.14 18.13 16.53 329.02 160.56 3.50 0.00
0.00 190.82
994.60 22.04 17.46 14.91 327.06 173.54 10.35 0.00
0.00 217.86
989.10 23.44 16.76 12.78 325.30 175.46 12.28 0.00
0.00 266.18
979.70 23.04 16.11 11.84 324.37 176.42 12.45 0.10
0.00 349.48
965.70 21.94 15.60 11.66 324.56 176.31 12.06 0.10
0.00 474.71
947.80 20.64 14.58 10.67 323.67 173.35 11.73 0.20
0.00 636.82
926.50 19.14 13.13 8.98 321.97 164.58 11.69 0.10
0.00 832.75
903.10 17.74 11.47 6.74 320.08 154.75 11.38 0.10
0.00 1052.05
877.90 16.54 9.48 3.44 317.71 148.24 9.60 0.00
0.00 1293.44
849.70 15.44 9.57 4.93 321.91 164.74 4.43 0.00
0.00 1570.77
818.50 14.94 10.75 7.91 330.12 281.31 5.94 -0.10
0.00 1887.91
784.20 13.14 10.09 8.07 333.48 307.78 9.83 0.00
0.00 2249.62
747.00 9.74 7.24 5.37 330.79 313.49 10.45 0.10
0.00 2656.46
707.00 6.54 2.47 -1.61 324.08 304.99 11.85 0.20
0.00 3111.29
664.00 4.14 -2.65 -13.73 318.42 303.44 12.33 0.10
0.00 3623.87
618.20 2.94 -6.07 -35.58 317.90 294.62 10.26 0.00
0.00 4203.12
570.00 0.14 -8.30 -40.35 321.69 274.57 9.75 -0.10
0.00 4855.92
523.30 -5.36 -11.89 -36.29 323.49 262.48 10.39 -0.10
0.00 5532.96
481.20 -10.56 -15.66 -37.42 324.87 269.06 11.85 0.00
0.00 6184.14
443.50 -14.66 -19.13 -46.68 326.62 280.30 15.21 0.00
0.00 6806.43
409.60 -18.86 -22.35 -44.44 328.89 286.31 16.59 0.00
0.00 7403.25
378.90 -22.76 -25.15 -38.34 331.86 295.67 16.59 0.00
0.00 7978.80
351.20 -26.46 -27.93 -35.72 334.68 306.53 19.58 -0.10
0.00 8531.25
326.40 -30.06 -31.50 -42.44 335.87 297.72 25.89 -0.20
0.00 9056.33
303.90 -33.26 -34.53 -47.15 337.89 282.37 30.83 -0.20
0.00 9561.29
283.80 -36.26 -37.26 -48.80 340.17 268.16 36.34 -0.30
0.00 10038.83
265.70 -40.06 -40.73 -49.95 341.04 259.29 36.58 -0.30
0.00 10492.18
248.80 -43.96 -44.42 -52.43 341.57 267.71 43.75 -0.30
0.00 10936.86
233.60 -47.46 -47.64 -51.06 342.59 272.77 52.31 -0.30
1.00 11356.57
219.60 -50.86 -50.89 -51.59 343.44 274.37 56.10 -0.20
100.00 11761.82
205.70 -53.86 -54.02 -59.64 344.81 281.48 51.73 -0.10
0.00 12184.44
191.70 -56.26 -56.46 -68.39 347.80 291.38 44.23 0.00
0.00 12634.43
177.70 -58.96 -59.13 -73.70 350.94 296.07 40.23 0.00
0.00 13112.89
163.80 -60.16 -60.32 -74.24 357.19 305.68 46.64 0.10
0.00 13622.13
149.80 -61.26 -61.41 -74.84 364.54 319.09 46.27 0.00
0.00 14177.71
135.90 -62.16 -9999.00 -9999.00 -9999.00 323.13 26.22 0.00
0.00 14780.43
121.90 -62.56 -9999.00 -9999.00 -9999.00 295.54 19.37 0.00
0.00 15451.23
108.00 -62.76 -9999.00 -9999.00 -9999.00 276.88 22.69 0.00
0.00 16197.18
94.00 -62.96 -9999.00 -9999.00 -9999.00 291.70 19.44 0.00
0.00 17051.79
81.00 -61.36 -9999.00 -9999.00 -9999.00 319.18 11.29 0.00
0.00 17971.05
70.60 -59.56 -9999.00 -9999.00 -9999.00 344.05 7.07 0.00
0.00 18826.59
62.20 -58.46 -9999.00 -9999.00 -9999.00 53.62 4.58 0.00
0.00 19620.61
54.30 -58.16 -9999.00 -9999.00 -9999.00 65.32 7.91 0.00
0.00 20474.81
46.90 -57.16 -9999.00 -9999.00 -9999.00 69.15 13.09 0.00
0.00 21398.93
40.10 -56.16 -9999.00 -9999.00 -9999.00 65.18 17.11 0.00
0.00 22391.56
33.80 -54.36 -9999.00 -9999.00 -9999.00 64.49 18.94 0.00
0.00 23481.65
27.80 -51.66 -9999.00 -9999.00 -9999.00 68.65 22.94 0.00
0.00 24740.93
22.30 -48.46 -9999.00 -9999.00 -9999.00 77.43 27.66 0.00
0.00 26180.49
17.10 -44.46 -9999.00 -9999.00 -9999.00 84.21 28.90 0.00
0.00 27942.28
12.30 -41.46 -9999.00 -9999.00 -9999.00 78.32 29.76 0.00
0.00 30162.31

STID = KMDW STNM = 725340 TIME = 200808/0600 
SLAT = 41.78 SLON = -87.75 SELV = 183.0
STIM = 5

SHOW = 8.99 LIFT = 8.00 SWET = 53.56 KINX = 15.32
LCLP = 940.90 PWAT = 24.11 TOTL = 34.16 CAPE = 0.00
LCLT = 288.61 CINS = 0.00 EQLV = -9999.00 LFCT = -9999.00
BRCH = 0.00

PRES TMPC TMWC DWPC THTE DRCT SKNT OMEG
CFRL HGHT
997.80 20.34 17.77 16.38 327.76 161.57 3.69 0.00
0.00 191.67
994.80 21.44 17.14 14.71 325.95 170.87 11.01 0.00
0.00 217.76
989.30 23.04 16.48 12.51 324.35 172.35 13.13 0.10
0.00 265.98
979.90 22.84 15.81 11.38 323.34 173.39 13.50 0.10
0.00 349.18
965.90 21.84 14.97 10.49 322.48 172.57 13.52 0.20
0.00 474.28
948.00 20.74 13.51 8.38 320.22 171.07 13.77 0.20
0.00 636.26
926.70 19.44 12.04 6.35 318.57 168.07 14.10 0.10
0.00 832.13
903.40 17.94 10.73 4.86 317.83 165.76 13.42 0.10
0.00 1050.49
878.10 16.64 8.92 1.88 316.08 161.88 11.25 0.10
0.00 1292.78
849.90 15.44 8.48 2.34 318.73 167.66 6.37 0.00
0.00 1569.96
818.70 14.94 10.86 8.13 330.46 276.58 5.09 0.00
0.00 1886.94
784.40 13.04 10.13 8.21 333.58 301.61 8.90 0.10
0.00 2248.52
747.20 9.84 6.92 4.69 329.83 300.96 10.20 0.20
0.00 2655.21
707.20 6.64 2.09 -2.69 323.05 296.57 13.03 0.20
0.00 3109.99
664.20 3.94 -2.70 -13.49 318.28 301.76 14.39 0.10
0.00 3622.27
618.40 2.44 -6.13 -31.19 317.86 300.65 12.20 0.00
0.00 4200.64
570.20 -0.26 -8.58 -41.90 321.08 281.89 11.31 -0.10
0.00 4852.17
523.40 -5.46 -12.03 -37.91 323.17 260.38 11.62 -0.10
0.00 5529.84
481.30 -10.46 -15.71 -39.83 324.72 264.29 13.66 0.00
0.00 6180.87
443.60 -14.96 -19.38 -48.17 326.14 272.76 16.14 0.00
0.00 6802.76
409.70 -19.06 -22.41 -42.16 328.80 281.59 15.46 0.00
0.00 7398.86
378.90 -22.66 -24.61 -33.33 332.87 300.47 15.33 0.00
0.00 7976.16
351.30 -26.76 -27.87 -33.15 334.80 308.84 19.21 0.00
0.00 8526.38
326.40 -30.16 -31.59 -42.44 335.73 298.27 26.24 -0.10
0.00 9053.09
304.00 -33.76 -34.67 -42.15 337.66 285.58 33.28 -0.10
0.00 9555.12
283.80 -36.86 -37.79 -48.80 339.31 271.81 36.93 -0.10
0.00 10033.87
265.70 -40.66 -41.30 -50.54 340.12 270.80 41.57 -0.10
0.00 10486.06
248.80 -43.96 -44.20 -47.56 341.93 270.23 48.17 -0.10
5.00 10930.17
233.60 -47.26 -47.34 -48.55 343.09 267.62 51.52 -0.10
100.00 11350.09
219.60 -50.66 -50.75 -52.81 343.66 273.38 49.42 -0.10
100.00 11755.70
205.70 -53.36 -53.59 -62.77 345.51 282.67 43.40 -0.10
0.00 12178.99
191.70 -55.66 -55.88 -68.39 348.76 290.59 39.22 0.00
0.00 12630.11
177.70 -58.16 -58.35 -73.70 352.25 293.46 38.54 0.00
0.00 13110.12
163.80 -59.86 -60.02 -74.24 357.70 303.35 44.87 0.00
0.00 13620.67
149.80 -61.46 -61.60 -74.84 364.19 315.18 44.09 0.00
0.00 14176.39
135.90 -62.36 -9999.00 -9999.00 -9999.00 317.24 24.61 0.00
0.00 14778.53
121.90 -63.46 -9999.00 -9999.00 -9999.00 279.65 19.70 0.00
0.00 15447.59
108.00 -64.16 -9999.00 -9999.00 -9999.00 277.47 23.89 0.00
0.00 16189.46
94.00 -63.36 -9999.00 -9999.00 -9999.00 293.59 18.43 0.00
0.00 17040.41
81.00 -61.36 -9999.00 -9999.00 -9999.00 316.85 8.53 0.00
0.00 17958.81
70.60 -59.66 -9999.00 -9999.00 -9999.00 7.77 4.31 0.00
0.00 18814.14
62.20 -58.86 -9999.00 -9999.00 -9999.00 79.88 5.52 0.00
0.00 19607.24
54.30 -58.06 -9999.00 -9999.00 -9999.00 74.25 7.87 0.00
0.00 20460.83
46.90 -56.96 -9999.00 -9999.00 -9999.00 69.86 12.41 0.00
0.00 21385.60
40.10 -55.26 -9999.00 -9999.00 -9999.00 63.15 17.19 0.00
0.00 22380.75
33.80 -52.96 -9999.00 -9999.00 -9999.00 64.38 21.11 0.00
0.00 23476.59
27.80 -50.26 -9999.00 -9999.00 -9999.00 71.16 25.85 0.00
0.00 24743.88
22.30 -47.06 -9999.00 -9999.00 -9999.00 83.27 28.17 0.00
0.00 26192.48
17.10 -43.76 -9999.00 -9999.00 -9999.00 83.29 23.27 0.00
0.00 27962.43
12.30 -41.26 -9999.00 -9999.00 -9999.00 71.85 24.32 0.00
0.00 30186.79

STID = KMDW STNM = 725340 TIME = 200808/0700 
SLAT = 41.78 SLON = -87.75 SELV = 183.0
STIM = 6

SHOW = 9.02 LIFT = 9.09 SWET = 44.39 KINX = 13.71
LCLP = 946.80 PWAT = 23.10 TOTL = 34.14 CAPE = 0.00
LCLT = 288.40 CINS = 0.00 EQLV = -9999.00 LFCT = -9999.00
BRCH = 0.00

PRES TMPC TMWC DWPC THTE DRCT SKNT OMEG
CFRL HGHT
998.20 19.64 17.35 16.08 326.26 156.04 3.83 0.00
0.00 191.64
995.20 20.84 16.72 14.33 324.48 166.65 11.77 0.00
0.00 217.66
989.70 22.74 16.08 11.94 322.98 167.91 13.91 0.00
0.00 265.79
980.20 22.84 15.31 10.36 321.66 169.14 14.43 0.10
0.00 349.77
966.30 22.14 14.09 8.37 319.58 167.64 14.51 0.10
0.00 473.93
948.40 21.14 12.60 5.93 317.35 163.65 15.19 0.20
0.00 635.93
927.10 19.54 11.41 4.74 316.63 159.27 15.37 0.20
0.00 831.78
903.80 17.94 10.18 3.52 316.21 162.84 13.83 0.20
0.00 1050.00
878.50 16.84 8.47 0.39 314.75 170.36 10.45 0.20
0.00 1292.19
850.30 15.94 8.38 1.54 318.36 174.29 5.85 0.20
0.00 1569.50
819.10 15.44 11.45 8.88 332.28 280.89 5.15 0.30
0.00 1886.89
784.80 13.24 10.04 7.91 333.23 291.80 8.37 0.30
0.00 2248.76
747.60 10.04 6.53 3.75 328.63 291.25 11.25 0.30
0.00 2655.44
707.50 6.94 1.76 -3.94 322.14 292.73 15.58 0.30
0.00 3111.42
664.50 4.04 -2.80 -14.22 317.98 299.98 17.48 0.10
0.00 3623.77
618.60 1.84 -6.06 -25.94 318.14 306.72 15.27 -0.10
0.00 4202.68
570.30 -0.86 -8.88 -39.88 320.51 291.16 12.92 -0.10
0.00 4854.04
523.50 -5.56 -12.16 -39.41 322.89 264.64 12.49 -0.10
0.00 5530.70
481.40 -10.56 -15.85 -41.49 324.42 259.90 14.39 -0.10
0.00 6181.34
443.70 -15.06 -19.36 -44.79 326.19 267.27 16.34 0.00
0.00 6802.86
409.70 -18.86 -21.96 -37.06 329.66 276.75 14.86 0.00
0.00 7400.81
379.00 -22.76 -24.18 -29.62 333.65 302.78 13.64 0.10
0.00 7976.35
351.30 -26.86 -27.99 -33.46 334.59 304.57 17.46 0.10
0.00 8528.31
326.40 -30.46 -31.37 -36.84 336.15 293.73 24.61 0.00
0.00 9054.62
304.00 -33.86 -34.65 -40.73 337.71 280.05 31.18 0.00
0.00 9556.27
283.80 -37.26 -38.01 -45.96 338.98 270.00 37.10 0.00
0.00 10034.54
265.70 -40.76 -41.18 -46.15 340.33 266.56 42.04 0.00
0.00 10486.27
248.80 -44.06 -44.22 -46.36 341.90 263.11 46.95 -0.10
100.00 10930.20
233.60 -47.26 -47.34 -48.55 343.09 264.40 49.77 -0.10
100.00 11350.03
219.60 -50.26 -50.45 -55.00 344.16 271.74 44.70 -0.10
0.00 11756.00
205.70 -52.96 -53.23 -64.93 346.09 281.09 39.39 -0.10
0.00 12180.05
191.70 -55.26 -55.49 -68.39 349.40 288.05 36.99 -0.10
0.00 12631.99
177.70 -57.66 -57.86 -73.70 353.07 290.95 36.40 0.00
0.00 13113.00
163.80 -59.66 -59.83 -74.24 358.03 297.67 40.58 0.00
0.00 13624.39
149.80 -61.56 -61.70 -74.84 364.02 309.92 38.75 0.00
0.00 14180.24
135.90 -62.76 -62.89 -75.48 372.17 309.36 22.36 0.00
0.00 14781.67
121.90 -63.86 -9999.00 -9999.00 -9999.00 267.51 22.36 0.00
0.00 15449.45
108.00 -64.76 -9999.00 -9999.00 -9999.00 279.61 25.60 0.00
0.00 16189.56
94.00 -63.26 -9999.00 -9999.00 -9999.00 300.04 18.63 0.00
0.00 17039.49
81.00 -60.96 -9999.00 -9999.00 -9999.00 321.07 6.49 0.00
0.00 17958.97
70.60 -59.46 -9999.00 -9999.00 -9999.00 45.00 4.12 0.00
0.00 18815.51
62.20 -58.86 -9999.00 -9999.00 -9999.00 84.29 5.85 0.00
0.00 19608.98
54.30 -57.86 -9999.00 -9999.00 -9999.00 71.03 6.57 0.00
0.00 20462.97
46.90 -56.96 -9999.00 -9999.00 -9999.00 62.56 11.38 0.00
0.00 21388.17
40.10 -55.56 -9999.00 -9999.00 -9999.00 60.68 16.26 0.00
0.00 22382.63
33.80 -53.06 -9999.00 -9999.00 -9999.00 66.37 20.36 0.00
0.00 23477.47
27.80 -50.66 -9999.00 -9999.00 -9999.00 77.37 23.10 0.00
0.00 24743.33
22.30 -47.26 -9999.00 -9999.00 -9999.00 84.47 24.20 0.00
0.00 26190.00
17.10 -43.76 -9999.00 -9999.00 -9999.00 75.85 23.83 0.00
0.00 27959.17
12.30 -41.36 -9999.00 -9999.00 -9999.00 73.85 29.33 0.00
0.00 30183.05

STID = KMDW STNM = 725340 TIME = 200808/0800 
SLAT = 41.78 SLON = -87.75 SELV = 183.0
STIM = 7

SHOW = 8.66 LIFT = 9.20 SWET = 47.89 KINX = 16.01
LCLP = 946.54 PWAT = 24.14 TOTL = 34.76 CAPE = 0.00
LCLT = 287.83 CINS = 0.00 EQLV = -9999.00 LFCT = -9999.00
BRCH = 0.00

PRES TMPC TMWC DWPC THTE DRCT SKNT OMEG
CFRL HGHT
997.70 19.04 16.79 15.50 324.43 165.26 3.81 0.00
0.00 192.49
994.70 20.14 16.13 13.72 322.60 168.86 13.07 0.00
0.00 218.46
989.30 22.14 15.51 11.24 321.20 168.83 16.05 -0.10
0.00 265.61
979.80 22.54 14.90 9.73 320.41 170.86 17.11 -0.10
0.00 349.48
966.00 21.74 14.14 8.82 319.82 174.69 16.78 -0.10
0.00 472.65
948.10 20.64 13.11 7.57 318.97 177.90 15.95 -0.10
0.00 634.49
926.80 19.34 11.49 5.15 316.94 173.91 14.65 -0.10
0.00 830.23
903.40 17.94 9.48 1.64 314.27 166.94 13.75 -0.10
0.00 1049.35
878.20 16.84 8.11 -0.67 313.81 174.61 10.33 -0.10
0.00 1290.61
850.00 16.14 8.59 1.86 318.97 180.00 6.02 -0.20
0.00 1568.10
818.80 15.54 11.48 8.87 332.43 260.13 4.53 -0.20
0.00 1885.78
784.50 13.14 9.95 7.82 333.00 271.55 7.19 -0.20
0.00 2247.77
747.40 10.24 6.81 4.15 329.47 281.31 10.90 -0.10
0.00 2653.59
707.30 7.14 2.53 -2.15 324.17 288.66 15.79 0.00
0.00 3110.12
664.30 3.94 -2.32 -11.84 319.19 301.07 17.70 0.00
0.00 3622.86
618.50 1.14 -5.49 -18.53 319.63 309.97 17.23 -0.10
0.00 4200.00
570.20 -1.56 -8.97 -32.73 320.49 296.93 13.73 -0.10
0.00 4849.99
523.40 -5.76 -12.30 -39.83 322.62 270.88 12.63 -0.10
0.00 5525.69
481.30 -10.56 -15.83 -41.05 324.48 260.67 14.37 0.00
0.00 6176.21
443.60 -14.76 -18.94 -39.52 327.04 269.33 16.71 0.00
0.00 6798.25
409.70 -18.66 -21.26 -31.25 331.01 277.83 15.70 0.10
0.00 7395.17
378.90 -22.96 -24.11 -28.24 333.83 291.96 13.00 0.10
0.00 7972.73
351.30 -26.76 -27.91 -33.46 334.72 294.82 17.11 0.10
0.00 8522.68
326.40 -30.66 -31.28 -34.69 336.31 287.57 24.46 0.10
3.00 9048.90
304.00 -34.06 -34.75 -39.97 337.54 277.04 31.70 0.10
0.00 9550.16
283.80 -37.46 -38.07 -44.08 338.88 268.53 37.90 0.00
0.00 10028.04
265.70 -40.86 -41.11 -43.72 340.46 263.26 43.03 0.00
100.00 10479.49
248.80 -44.16 -44.32 -46.36 341.75 261.56 46.35 0.00
100.00 10923.24
233.60 -47.36 -47.50 -49.98 342.82 264.74 46.62 -0.10
100.00 11342.88
219.60 -50.06 -50.33 -57.90 344.34 271.67 40.03 0.00
0.00 11748.93
205.70 -52.76 -53.06 -67.88 346.36 281.25 36.83 0.00
0.00 12173.36
191.70 -55.06 -55.30 -68.39 349.72 288.43 36.25 0.00
0.00 12625.72
177.70 -57.36 -57.57 -73.70 353.56 289.65 34.65 0.00
0.00 13107.28
163.80 -59.56 -59.73 -74.24 358.20 292.53 37.00 0.00
0.00 13619.14
149.80 -61.46 -61.60 -74.84 364.19 303.69 35.72 0.00
0.00 14175.25
135.90 -63.26 -63.38 -75.48 371.28 301.57 21.89 0.00
0.00 14776.12
121.90 -64.36 -9999.00 -9999.00 -9999.00 269.56 25.45 0.00
0.00 15442.31
108.00 -64.76 -9999.00 -9999.00 -9999.00 285.78 27.86 0.00
0.00 16181.53
94.00 -62.86 -9999.00 -9999.00 -9999.00 308.03 19.23 0.00
0.00 17032.27
81.00 -60.66 -9999.00 -9999.00 -9999.00 319.57 6.90 0.00
0.00 17953.28
70.60 -59.46 -9999.00 -9999.00 -9999.00 24.23 4.25 0.00
0.00 18810.42
62.20 -59.16 -9999.00 -9999.00 -9999.00 65.22 5.56 0.00
0.00 19603.33
54.30 -58.36 -9999.00 -9999.00 -9999.00 50.19 7.60 0.00
0.00 20455.74
46.90 -57.36 -9999.00 -9999.00 -9999.00 56.75 14.16 0.00
0.00 21379.00
40.10 -56.16 -9999.00 -9999.00 -9999.00 68.08 17.17 0.00
0.00 22371.17
33.80 -53.36 -9999.00 -9999.00 -9999.00 76.66 19.37 0.00
0.00 23463.76
27.80 -51.06 -9999.00 -9999.00 -9999.00 90.53 20.98 0.00
0.00 24727.62
22.30 -48.06 -9999.00 -9999.00 -9999.00 87.80 20.22 0.00
0.00 26170.41
17.10 -44.36 -9999.00 -9999.00 -9999.00 73.48 23.91 0.00
0.00 27934.14
12.30 -41.76 -9999.00 -9999.00 -9999.00 64.36 32.32 0.00
0.00 30153.21

STID = KMDW STNM = 725340 TIME = 200808/0900 
SLAT = 41.78 SLON = -87.75 SELV = 183.0
STIM = 8

SHOW = 9.40 LIFT = 7.67 SWET = 36.35 KINX = 17.98
LCLP = 948.25 PWAT = 26.71 TOTL = 33.60 CAPE = 0.00
LCLT = 287.40 CINS = 0.00 EQLV = -9999.00 LFCT = -9999.00
BRCH = 0.00

PRES TMPC TMWC DWPC THTE DRCT SKNT OMEG
CFRL HGHT
997.50 18.44 16.30 15.04 322.85 160.56 3.50 0.00
0.00 192.47
994.60 19.44 15.80 13.59 321.58 171.38 12.98 0.00
0.00 217.52
989.10 20.94 15.74 12.52 322.03 172.17 15.70 0.00
0.00 265.41
979.70 22.04 15.65 11.63 322.89 174.92 17.56 0.00
0.00 348.21
965.70 21.34 15.10 11.11 322.95 181.97 16.92 0.00
0.00 473.09
947.90 20.04 14.32 10.58 322.83 188.70 16.71 0.00
0.00 633.93
926.50 18.74 12.69 8.38 320.62 192.20 14.70 -0.10
0.00 830.41
903.20 17.74 9.70 2.49 314.94 184.54 12.28 -0.10
0.00 1048.48
878.00 16.64 7.67 -1.80 312.64 181.06 10.49 -0.20
0.00 1289.62
849.80 15.74 8.01 0.77 317.40 181.64 6.80 -0.20
0.00 1566.83
818.60 14.94 10.65 7.73 329.80 236.31 4.20 -0.30
0.00 1883.93
784.40 12.84 9.94 8.01 332.99 256.43 5.79 -0.40
0.00 2244.32
747.30 10.14 7.32 5.22 330.99 270.00 9.32 -0.30
0.00 2649.98
707.20 6.94 3.75 0.91 327.47 285.26 13.29 -0.20
0.00 3106.57
664.20 3.84 -1.48 -8.57 321.24 301.93 15.79 -0.10
0.00 3619.40
618.40 0.84 -4.51 -13.05 321.96 311.37 17.35 -0.10
0.00 4196.48
570.10 -2.06 -8.89 -27.74 320.82 303.06 14.61 -0.10
0.00 4845.83
523.30 -6.16 -12.43 -36.91 322.45 276.15 12.70 0.00
0.00 5520.60
481.20 -10.56 -15.73 -38.73 324.72 263.91 14.65 0.00
0.00 6170.79
443.60 -14.36 -18.35 -34.83 328.18 271.91 17.48 0.10
0.00 6791.77
409.60 -18.46 -20.55 -27.29 332.39 272.69 16.53 0.10
0.00 7391.30
378.90 -22.86 -23.97 -27.92 334.07 275.06 15.40 0.10
0.00 7967.46
351.30 -26.96 -27.82 -31.71 334.88 282.53 17.91 0.10
0.00 8517.32
326.40 -30.96 -31.44 -34.05 336.04 282.26 22.86 0.00
0.00 9043.03
303.90 -34.56 -34.92 -37.35 337.32 276.03 31.45 0.00
0.00 9545.80
283.80 -37.86 -38.20 -41.13 338.69 267.63 37.53 0.00
1.00 10020.52
265.70 -41.26 -41.42 -43.12 339.95 264.34 41.38 0.00
100.00 10471.22
248.80 -44.36 -44.55 -47.14 341.37 262.27 43.32 -0.10
100.00 10914.39
233.60 -47.16 -47.46 -53.69 342.88 265.71 38.97 -0.10
0.00 11334.02
219.60 -49.66 -50.05 -64.44 344.78 273.03 33.06 -0.10
0.00 11740.61
205.70 -52.46 -52.77 -67.88 346.83 279.89 33.92 -0.10
0.00 12165.70
191.70 -54.76 -55.01 -68.39 350.20 285.99 34.56 0.00
0.00 12618.67
177.70 -56.76 -56.99 -73.70 354.55 285.63 33.90 0.00
0.00 13101.24
163.80 -59.06 -59.24 -74.24 359.04 286.30 34.62 0.00
0.00 13614.41
149.80 -61.36 -9999.00 -9999.00 -9999.00 295.39 33.97 0.00
0.00 14171.30
135.90 -63.56 -63.68 -75.48 370.75 294.21 23.21 0.00
0.00 14771.88
121.90 -64.76 -9999.00 -9999.00 -9999.00 278.02 27.86 0.00
0.00 15436.96
108.00 -64.46 -9999.00 -9999.00 -9999.00 293.39 29.84 0.00
0.00 16176.00
94.00 -62.56 -9999.00 -9999.00 -9999.00 312.88 18.55 0.00
0.00 17027.96
81.00 -60.46 -9999.00 -9999.00 -9999.00 308.37 5.94 0.00
0.00 17950.06
70.60 -59.76 -9999.00 -9999.00 -9999.00 26.57 3.05 0.00
0.00 18807.00
62.20 -59.46 -9999.00 -9999.00 -9999.00 76.87 5.98 0.00
0.00 19598.80
54.30 -58.56 -9999.00 -9999.00 -9999.00 55.01 9.48 0.00
0.00 20450.21
46.90 -57.16 -9999.00 -9999.00 -9999.00 64.62 16.76 0.00
0.00 21373.47
40.10 -55.46 -9999.00 -9999.00 -9999.00 79.75 18.55 0.00
0.00 22367.71
33.80 -52.96 -9999.00 -9999.00 -9999.00 92.25 19.83 0.00
0.00 23463.05
27.80 -51.16 -9999.00 -9999.00 -9999.00 97.26 19.97 0.00
0.00 24727.77
22.30 -48.06 -9999.00 -9999.00 -9999.00 82.41 20.57 0.00
0.00 26170.24
17.10 -44.96 -9999.00 -9999.00 -9999.00 66.47 26.26 0.00
0.00 27931.64
12.30 -42.26 -9999.00 -9999.00 -9999.00 58.93 35.37 0.00
0.00 30145.39

STID = KMDW STNM = 725340 TIME = 200808/1000 
SLAT = 41.78 SLON = -87.75 SELV = 183.0
STIM = 9

SHOW = 9.83 LIFT = 7.38 SWET = 35.48 KINX = 18.52
LCLP = 956.08 PWAT = 29.05 TOTL = 32.88 CAPE = 0.00
LCLT = 287.64 CINS = 0.00 EQLV = -9999.00 LFCT = -9999.00
BRCH = 0.00

PRES TMPC TMWC DWPC THTE DRCT SKNT OMEG
CFRL HGHT
998.00 18.04 16.24 15.16 322.56 156.04 3.83 0.00
0.00 192.45
995.00 19.04 16.01 14.20 322.21 174.73 12.68 0.00
0.00 218.32
989.60 21.04 16.41 13.67 324.16 176.33 15.19 0.10
0.00 265.31
980.10 21.94 16.13 12.61 324.42 183.33 16.72 0.10
0.00 348.99
966.10 21.34 15.16 11.22 323.09 186.04 16.61 0.10
0.00 473.82
948.20 20.14 13.94 9.75 321.58 189.14 17.11 0.10
0.00 635.51
926.90 18.74 12.51 8.01 320.03 196.31 16.59 0.00
0.00 831.00
903.60 17.44 10.74 5.37 317.89 198.71 12.72 0.00
0.00 1048.93
878.40 16.44 8.08 -0.24 313.74 196.39 10.33 0.00
0.00 1289.87
850.20 15.34 7.74 0.51 316.64 193.67 7.40 0.00
0.00 1566.69
819.00 14.34 9.88 6.68 327.37 228.18 4.95 0.00
0.00 1883.03
784.80 12.44 9.66 7.77 332.03 245.22 5.56 -0.10
0.00 2242.53
747.60 10.04 7.24 5.15 330.71 258.18 8.53 -0.10
0.00 2648.72
707.50 6.94 4.32 2.09 328.97 282.23 11.93 0.00
0.00 3105.10
664.50 3.94 -0.88 -6.84 322.65 300.31 14.63 0.10
0.00 3617.94
618.60 0.54 -2.23 -5.43 327.41 315.86 18.41 0.10
0.00 4196.25
570.20 -2.66 -6.91 -13.94 325.38 311.05 15.97 0.10
0.00 4846.39
523.40 -6.26 -12.45 -35.99 322.42 284.66 13.05 0.10
0.00 5520.50
481.30 -10.36 -15.56 -38.06 325.02 272.94 15.17 0.00
0.00 6170.69
443.60 -14.26 -18.01 -31.71 328.88 273.11 17.89 0.10
0.00 6793.64
409.70 -18.36 -20.44 -27.08 332.56 266.78 17.31 0.10
0.00 7391.61
378.90 -22.96 -24.13 -28.35 333.80 267.27 16.34 0.10
1.00 7969.57
351.30 -27.26 -27.84 -30.31 334.87 270.66 16.90 0.10
18.00 8519.00
326.40 -31.06 -31.55 -34.21 335.86 278.21 20.42 0.00
100.00 9044.30
304.00 -34.56 -34.94 -37.55 337.25 275.06 30.81 0.00
100.00 9544.64
283.80 -38.06 -38.33 -40.63 338.48 268.25 38.09 0.00
100.00 10021.44
265.70 -41.56 -41.74 -43.72 339.43 265.24 42.09 0.00
100.00 10471.66
248.80 -44.46 -44.81 -50.52 340.94 265.14 38.99 -0.10
53.00 10914.43
233.60 -46.86 -47.30 -58.63 343.12 270.00 32.05 -0.10
0.00 11334.23
219.60 -49.56 -49.98 -67.41 344.89 275.56 30.05 -0.10
0.00 11741.17
205.70 -52.26 -52.58 -67.88 347.15 278.67 32.23 -0.10
0.00 12166.55
191.70 -54.36 -54.65 -73.19 350.80 283.63 32.98 -0.10
0.00 12620.14
177.70 -56.26 -56.50 -73.70 355.37 285.04 32.19 0.00
0.00 13103.70
163.80 -58.66 -58.85 -74.24 359.71 285.00 33.78 0.00
0.00 13617.95
149.80 -61.46 -9999.00 -9999.00 -9999.00 291.25 33.76 0.00
0.00 14175.23
135.90 -63.66 -63.77 -75.48 370.58 290.91 25.58 0.00
0.00 14775.52
121.90 -64.86 -9999.00 -9999.00 -9999.00 281.31 28.73 0.00
0.00 15440.28
108.00 -63.76 -9999.00 -9999.00 -9999.00 299.40 28.09 0.00
0.00 16180.39
94.00 -62.06 -9999.00 -9999.00 -9999.00 316.55 15.25 0.00
0.00 17034.79
81.00 -60.36 -9999.00 -9999.00 -9999.00 289.18 4.74 0.00
0.00 17958.19
70.60 -59.86 -9999.00 -9999.00 -9999.00 33.69 1.40 0.00
0.00 18815.14
62.20 -58.86 -9999.00 -9999.00 -9999.00 83.16 4.90 0.00
0.00 19607.86
54.30 -57.46 -9999.00 -9999.00 -9999.00 58.67 10.47 0.00
0.00 20462.65
46.90 -56.06 -9999.00 -9999.00 -9999.00 70.30 16.71 0.00
0.00 21390.63
40.10 -53.86 -9999.00 -9999.00 -9999.00 84.86 17.37 0.00
0.00 22391.06
33.80 -52.36 -9999.00 -9999.00 -9999.00 95.77 17.39 0.00
0.00 23491.90
27.80 -50.86 -9999.00 -9999.00 -9999.00 89.28 15.54 0.00
0.00 24759.19
22.30 -47.86 -9999.00 -9999.00 -9999.00 78.11 18.86 0.00
0.00 26203.28
17.10 -45.36 -9999.00 -9999.00 -9999.00 74.96 26.96 0.00
0.00 27963.90
12.30 -42.46 -9999.00 -9999.00 -9999.00 77.44 38.40 0.00
0.00 30174.76

STID = KMDW STNM = 725340 TIME = 200808/1100 
SLAT = 41.78 SLON = -87.75 SELV = 183.0
STIM = 10

SHOW = 7.84 LIFT = 7.84 SWET = 75.04 KINX = 20.54
LCLP = 962.46 PWAT = 31.01 TOTL = 36.06 CAPE = 0.00
LCLT = 287.93 CINS = 0.00 EQLV = -9999.00 LFCT = -9999.00
BRCH = 0.00

PRES TMPC TMWC DWPC THTE DRCT SKNT OMEG
CFRL HGHT
998.70 17.84 16.29 15.36 322.65 161.57 4.29 0.00
0.00 192.44
995.80 18.74 16.17 14.64 322.62 172.20 14.32 0.00
0.00 217.41
990.20 20.34 16.32 13.94 323.79 174.23 17.39 0.00
0.00 266.03
980.80 21.74 15.81 12.14 323.29 179.43 19.62 0.00
0.00 348.64
966.80 21.44 14.59 9.99 321.14 181.77 18.84 0.00
0.00 473.32
949.00 20.34 13.43 8.53 319.88 187.35 18.22 -0.10
0.00 634.01
927.60 18.94 12.23 7.23 319.08 194.85 16.69 -0.10
0.00 830.33
904.30 17.84 11.19 6.02 319.08 201.04 13.52 0.00
0.00 1048.30
879.00 16.64 9.46 3.28 317.50 201.04 10.82 0.00
0.00 1290.39
850.80 15.54 9.03 3.57 320.16 198.43 8.61 0.10
0.00 1567.41
819.50 14.44 10.21 7.25 328.31 212.20 6.20 0.10
0.00 1884.85
785.30 12.54 9.39 7.20 331.10 225.00 6.88 0.10
0.00 2244.25
748.10 10.34 6.78 3.99 329.25 250.77 8.84 0.10
0.00 2650.35
708.00 7.44 4.13 1.23 328.34 284.26 11.83 0.20
0.00 3106.94
664.90 4.34 -0.61 -6.65 323.22 300.20 15.05 0.20
0.00 3621.41
618.90 0.44 -0.17 -0.76 332.56 320.19 18.20 0.20
0.00 4201.29
570.40 -3.06 -4.35 -5.87 331.34 316.94 16.22 0.20
2.00 4852.65
523.50 -6.36 -11.81 -27.33 323.84 293.43 12.70 0.10
0.00 5527.89
481.40 -10.16 -15.41 -37.73 325.29 275.06 15.40 0.10
0.00 6178.16
443.70 -13.96 -17.83 -32.05 329.17 269.42 19.23 0.10
0.00 6801.57
409.70 -18.56 -21.02 -29.96 331.46 260.63 19.09 0.10
0.00 7401.31
379.00 -23.36 -24.51 -28.80 333.09 251.57 17.19 0.10
2.00 7976.58
351.30 -27.16 -27.78 -30.43 334.97 256.61 16.76 0.10
34.00 8527.59
326.40 -31.06 -31.57 -34.37 335.83 274.28 20.84 0.00
100.00 9052.99
304.00 -34.76 -35.14 -37.75 336.93 272.88 30.92 -0.10
100.00 9553.12
283.80 -38.36 -38.64 -41.13 337.97 269.10 37.30 -0.10
100.00 10029.41
265.70 -42.06 -42.22 -44.03 338.66 265.37 40.93 0.00
100.00 10478.86
248.80 -44.46 -44.90 -53.16 340.78 269.02 34.19 0.00
0.00 10921.14
233.60 -46.86 -47.37 -63.98 342.99 274.70 30.79 0.00
0.00 11340.94
219.60 -49.66 -50.07 -67.41 344.73 273.28 30.56 -0.10
0.00 11747.78
205.70 -52.26 -52.58 -67.88 347.15 275.41 32.98 -0.10
0.00 12173.06
191.70 -54.26 -54.52 -68.39 351.00 280.64 32.61 -0.10
0.00 12626.76
177.70 -56.06 -56.31 -73.70 355.69 283.43 30.96 -0.10
0.00 13110.65
163.80 -58.76 -58.95 -74.24 359.54 282.91 31.29 -0.10
0.00 13625.02
149.80 -61.76 -9999.00 -9999.00 -9999.00 285.43 32.85 0.00
0.00 14181.78
135.90 -63.66 -9999.00 -9999.00 -9999.00 287.38 26.67 0.00
0.00 14781.64
121.90 -64.56 -9999.00 -9999.00 -9999.00 278.87 27.72 0.00
0.00 15446.88
108.00 -63.26 -9999.00 -9999.00 -9999.00 304.29 25.85 0.00
0.00 16188.40
94.00 -62.16 -9999.00 -9999.00 -9999.00 319.48 14.04 0.00
0.00 17043.61
81.00 -60.76 -9999.00 -9999.00 -9999.00 287.35 6.51 0.00
0.00 17965.93
70.60 -60.26 -9999.00 -9999.00 -9999.00 321.34 1.24 0.00
0.00 18821.26
62.20 -59.06 -9999.00 -9999.00 -9999.00 101.31 2.97 0.00
0.00 19612.87
54.30 -57.86 -9999.00 -9999.00 -9999.00 62.30 8.78 0.00
0.00 20466.47
46.90 -56.56 -9999.00 -9999.00 -9999.00 73.61 13.77 0.00
0.00 21392.52
40.10 -54.56 -9999.00 -9999.00 -9999.00 84.29 15.62 0.00
0.00 22390.20
33.80 -53.26 -9999.00 -9999.00 -9999.00 92.29 14.59 0.00
0.00 23487.04
27.80 -50.96 -9999.00 -9999.00 -9999.00 80.17 14.78 0.00
0.00 24751.47
22.30 -47.96 -9999.00 -9999.00 -9999.00 77.91 19.46 0.00
0.00 26194.91
17.10 -45.06 -9999.00 -9999.00 -9999.00 75.86 26.24 0.00
0.00 27956.31
12.30 -42.06 -9999.00 -9999.00 -9999.00 79.70 36.93 0.00
0.00 30170.54

STID = KMDW STNM = 725340 TIME = 200808/1200 
SLAT = 41.78 SLON = -87.75 SELV = 183.0
STIM = 11

SHOW = 5.67 LIFT = 7.45 SWET = 109.77 KINX = 22.84
LCLP = 954.50 PWAT = 32.62 TOTL = 39.27 CAPE = 0.00
LCLT = 287.72 CINS = 0.00 EQLV = -9999.00 LFCT = -9999.00
BRCH = 0.00

PRES TMPC TMWC DWPC THTE DRCT SKNT OMEG
CFRL HGHT
999.00 18.34 16.42 15.28 323.02 167.20 4.39 0.00
0.00 192.45
996.00 18.74 15.88 14.15 321.66 172.97 14.30 0.00
0.00 218.30
990.60 19.14 15.57 13.38 321.35 173.96 16.61 0.00
0.00 265.06
981.10 21.34 14.98 10.79 320.57 176.46 21.99 0.00
0.00 348.27
967.20 21.14 14.38 9.79 320.45 181.13 19.62 -0.10
0.00 471.83
949.30 20.24 13.71 9.20 320.72 191.69 17.25 -0.10
0.00 633.26
927.90 19.14 12.69 8.06 320.43 202.34 15.33 -0.10
0.00 829.60
904.60 18.14 11.56 6.59 320.14 209.74 14.10 -0.10
0.00 1047.73
879.30 16.64 10.93 6.67 321.77 211.29 11.60 0.00
0.00 1289.98
851.00 15.34 10.21 6.38 323.63 205.51 9.48 0.10
0.00 1568.04
819.70 14.34 10.33 7.54 328.63 207.82 7.91 0.10
0.00 1885.38
785.50 12.64 9.13 6.64 330.27 220.10 9.65 0.00
0.00 2244.67
748.30 10.54 6.55 3.34 328.53 244.49 9.48 0.00
0.00 2650.80
708.10 7.84 4.10 0.78 328.23 283.57 11.60 0.00
0.00 3108.85
665.10 4.74 -0.04 -5.57 324.59 304.35 14.12 0.10
0.00 3622.77
619.10 0.54 -0.01 -0.55 332.93 329.70 17.33 0.00
0.00 4203.06
570.60 -2.96 -4.44 -6.20 331.08 329.39 16.03 0.00
0.00 4854.44
523.60 -6.96 -9.66 -14.25 328.57 309.47 12.84 0.00
0.00 5530.62
481.40 -10.26 -15.08 -31.93 326.03 282.30 15.50 0.00
0.00 6181.89
443.70 -14.16 -18.09 -33.35 328.66 270.56 20.01 0.00
0.00 6804.97
409.70 -18.86 -21.14 -29.30 331.24 254.60 19.76 0.10
0.00 7404.12
379.00 -23.36 -24.29 -27.61 333.48 244.18 20.07 0.10
1.00 7979.08
351.30 -26.96 -27.58 -30.19 335.31 250.84 19.54 0.00
9.00 8530.33
326.40 -31.16 -31.61 -34.05 335.76 266.29 21.02 0.00
100.00 9055.85
304.00 -35.06 -35.42 -37.95 336.47 272.22 30.13 0.00
100.00 9555.56
283.80 -38.56 -38.77 -40.63 337.76 264.75 38.23 0.00
100.00 10031.35
265.70 -42.26 -42.45 -44.69 338.29 263.76 37.51 0.00
100.00 10480.41
248.80 -44.16 -44.77 -59.58 340.97 270.35 32.05 0.00
0.00 10922.78
233.60 -46.96 -47.49 -66.97 342.79 272.76 32.28 0.00
0.00 11342.75
219.60 -49.76 -50.17 -67.41 344.58 269.66 32.63 0.00
0.00 11749.41
205.70 -52.26 -52.58 -67.88 347.15 271.68 33.04 0.00
0.00 12174.60
191.70 -53.96 -54.24 -68.39 351.49 276.19 32.44 0.00
0.00 12628.60
177.70 -55.96 -56.21 -73.70 355.86 279.94 30.36 0.00
0.00 13112.94
163.80 -58.86 -59.05 -74.24 359.37 278.72 29.49 0.00
0.00 13627.31
149.80 -61.96 -9999.00 -9999.00 -9999.00 279.40 30.91 0.00
0.00 14183.68
135.90 -63.96 -9999.00 -9999.00 -9999.00 282.80 26.30 0.00
0.00 14782.83
121.90 -64.76 -9999.00 -9999.00 -9999.00 279.80 27.41 0.00
0.00 15447.27
108.00 -63.76 -9999.00 -9999.00 -9999.00 306.23 24.32 0.00
0.00 16187.55
94.00 -62.96 -9999.00 -9999.00 -9999.00 315.63 12.51 0.00
0.00 17040.12
81.00 -61.26 -9999.00 -9999.00 -9999.00 280.01 6.70 0.00
0.00 17959.61
70.60 -60.66 -9999.00 -9999.00 -9999.00 135.00 0.27 0.00
0.00 18813.13
62.20 -59.66 -9999.00 -9999.00 -9999.00 95.71 1.94 0.00
0.00 19602.89
54.30 -58.16 -9999.00 -9999.00 -9999.00 52.88 9.01 0.00
0.00 20454.70
46.90 -57.06 -9999.00 -9999.00 -9999.00 67.71 12.80 0.00
0.00 21379.03
40.10 -55.76 -9999.00 -9999.00 -9999.00 73.44 15.00 0.00
0.00 22372.81
33.80 -54.46 -9999.00 -9999.00 -9999.00 69.44 11.62 0.00
0.00 23463.65
27.80 -51.46 -9999.00 -9999.00 -9999.00 59.57 14.20 0.00
0.00 24723.21
22.30 -48.26 -9999.00 -9999.00 -9999.00 73.19 19.48 0.00
0.00 26164.07
17.10 -45.56 -9999.00 -9999.00 -9999.00 77.99 28.01 0.00
0.00 27922.36
12.30 -42.76 -9999.00 -9999.00 -9999.00 77.97 36.34 0.00
0.00 30130.81

STID = KMDW STNM = 725340 TIME = 200808/1300 
SLAT = 41.78 SLON = -87.75 SELV = 183.0
STIM = 12

SHOW = 3.65 LIFT = 6.54 SWET = 133.69 KINX = 25.78
LCLP = 921.13 PWAT = 34.43 TOTL = 42.17 CAPE = 0.00
LCLT = 286.70 CINS = 0.00 EQLV = -9999.00 LFCT = -9999.00
BRCH = 0.00

PRES TMPC TMWC DWPC THTE DRCT SKNT OMEG
CFRL HGHT
998.60 20.24 16.79 14.80 324.28 169.05 6.14 0.00
0.00 192.52
995.60 20.04 16.21 13.92 322.75 171.18 11.40 0.00
0.00 218.51
990.10 19.74 15.83 13.46 322.24 171.25 12.78 0.00
0.00 266.31
980.70 21.04 14.94 10.93 320.50 176.00 19.46 0.00
0.00 348.73
966.80 21.14 14.06 9.13 319.51 176.76 20.63 0.00
0.00 472.27
948.90 20.14 13.95 9.78 321.54 188.04 18.05 -0.10
0.00 633.74
927.60 19.24 13.25 9.15 322.20 201.40 15.44 -0.10
0.00 829.28
904.20 18.24 12.60 8.71 323.38 209.22 13.13 0.00
0.00 1048.62
878.90 16.94 12.05 8.72 325.25 208.30 11.48 0.10
0.00 1291.30
850.60 15.74 11.34 8.33 327.13 206.57 10.43 0.20
0.00 1570.00
819.30 14.64 10.61 7.87 329.58 214.82 10.88 0.10
0.00 1887.99
785.10 12.84 9.01 6.26 329.96 227.39 13.19 0.00
0.00 2247.78
748.00 10.64 6.54 3.23 328.54 242.53 10.96 0.00
0.00 2653.18
707.90 7.94 4.26 1.04 328.71 280.95 12.28 0.00
0.00 3110.42
664.90 4.74 0.35 -4.51 325.60 301.55 13.00 0.10
0.00 3624.65
618.90 0.74 -0.33 -1.38 332.13 337.69 16.38 0.10
0.00 4205.32
570.40 -3.26 -4.60 -6.21 330.74 336.28 14.01 0.00
0.00 4856.73
523.50 -7.26 -8.93 -11.45 330.22 317.07 11.40 0.00
0.00 5531.03
481.30 -10.56 -14.43 -24.89 327.46 291.52 14.82 0.00
0.00 6181.91
443.60 -14.26 -17.23 -25.79 330.46 274.57 19.48 0.10
0.00 6804.85
409.70 -18.96 -20.47 -24.93 332.54 259.74 22.90 0.10
0.00 7402.24
378.90 -23.36 -24.18 -27.01 333.71 253.61 24.09 0.00
6.00 7979.12
351.30 -27.36 -27.86 -29.95 334.84 253.98 20.42 0.00
100.00 8528.02
326.40 -31.26 -31.76 -34.53 335.51 262.61 21.15 0.00
100.00 9053.00
303.90 -34.96 -35.37 -38.37 336.57 268.24 31.68 0.00
100.00 9555.02
283.80 -38.76 -39.00 -41.13 337.40 258.29 38.29 -0.10
100.00 10028.43
265.70 -41.96 -42.39 -48.34 338.38 259.26 34.40 0.00
0.00 10477.57
248.80 -44.16 -44.82 -63.51 340.89 269.66 32.83 0.00
0.00 10920.22
233.60 -46.86 -47.37 -63.98 342.99 267.99 33.24 0.00
0.00 11340.28
219.60 -49.56 -49.95 -64.44 344.93 266.23 32.52 0.00
0.00 11747.21
205.70 -51.66 -52.01 -67.88 348.09 269.66 33.02 0.00
0.00 12173.16
191.70 -53.36 -53.66 -68.39 352.45 276.23 32.25 0.00
0.00 12628.41
177.70 -55.66 -55.92 -73.70 356.35 277.50 29.78 0.00
0.00 13113.75
163.80 -58.56 -58.75 -74.24 359.88 273.79 29.39 0.00
0.00 13628.83
149.80 -61.46 -61.60 -74.84 364.19 276.10 31.06 0.00
0.00 14186.24
135.90 -63.56 -9999.00 -9999.00 -9999.00 283.47 28.36 0.00
0.00 14786.68
121.90 -64.46 -9999.00 -9999.00 -9999.00 284.78 28.92 0.00
0.00 15452.23
108.00 -64.26 -9999.00 -9999.00 -9999.00 304.61 23.60 0.00
0.00 16192.16
94.00 -63.56 -9999.00 -9999.00 -9999.00 302.23 10.57 0.00
0.00 17042.50
81.00 -62.06 -9999.00 -9999.00 -9999.00 271.68 6.60 0.00
0.00 17958.93
70.60 -61.36 -9999.00 -9999.00 -9999.00 251.57 0.62 0.00
0.00 18809.44
62.20 -59.76 -9999.00 -9999.00 -9999.00 14.04 2.41 0.00
0.00 19597.71
54.30 -57.86 -9999.00 -9999.00 -9999.00 49.40 10.74 0.00
0.00 20449.92
46.90 -57.16 -9999.00 -9999.00 -9999.00 64.89 13.73 0.00
0.00 21374.68
40.10 -56.26 -9999.00 -9999.00 -9999.00 67.93 15.50 0.00
0.00 22367.08
33.80 -54.26 -9999.00 -9999.00 -9999.00 55.58 12.72 0.00
0.00 23457.17
27.80 -50.86 -9999.00 -9999.00 -9999.00 59.84 16.63 0.00
0.00 24719.03
22.30 -48.06 -9999.00 -9999.00 -9999.00 72.78 20.34 0.00
0.00 26162.47
17.10 -44.96 -9999.00 -9999.00 -9999.00 76.06 27.43 0.00
0.00 27923.87
12.30 -42.16 -9999.00 -9999.00 -9999.00 79.53 36.34 0.00
0.00 30138.10

STID = KMDW STNM = 725340 TIME = 200808/1400 
SLAT = 41.78 SLON = -87.75 SELV = 183.0
STIM = 13

SHOW = 2.60 LIFT = 5.16 SWET = 150.69 KINX = 27.17
LCLP = 884.46 PWAT = 35.45 TOTL = 43.54 CAPE = 0.00
LCLT = 285.71 CINS = 0.00 EQLV = -9999.00 LFCT = -9999.00
BRCH = 0.00

PRES TMPC TMWC DWPC THTE DRCT SKNT OMEG
CFRL HGHT
998.60 22.64 17.40 14.43 326.29 178.32 6.60 0.00
0.00 192.59
995.60 22.24 16.96 13.89 325.18 178.81 9.32 0.00
0.00 218.79
990.10 21.74 16.56 13.51 324.59 180.00 11.07 0.00
0.00 266.93
980.70 21.04 15.85 12.68 323.46 182.86 15.56 -0.10
0.00 349.66
966.80 21.04 14.71 10.54 321.56 185.71 17.56 -0.10
0.00 473.24
948.90 20.14 14.19 10.26 322.30 190.84 18.59 -0.10
0.00 634.73
927.50 19.14 14.24 11.15 325.38 206.26 16.24 -0.10
0.00 831.25
904.20 18.14 13.91 11.28 327.57 212.54 13.36 0.00
0.00 1049.76
878.80 17.24 12.87 10.07 327.86 213.69 12.61 0.10
0.00 1293.67
850.50 16.04 12.00 9.37 329.24 213.69 12.61 0.10
0.00 1572.80
819.20 14.64 10.94 8.49 330.64 220.43 13.77 0.00
0.00 1891.09
785.00 12.74 9.14 6.59 330.38 231.10 14.22 0.00
0.00 2250.91
747.90 10.74 6.54 3.16 328.58 242.10 11.21 -0.10
0.00 2656.39
707.80 8.14 4.43 1.23 329.21 281.89 11.31 0.00
0.00 3113.94
664.80 4.94 0.61 -4.07 326.29 299.25 11.13 0.00
0.00 3628.64
618.80 1.04 -0.38 -1.77 332.02 343.30 12.16 0.10
0.00 4209.93
570.40 -3.06 -5.00 -7.43 329.80 330.52 10.26 0.10
0.00 4860.54
523.50 -7.06 -9.35 -13.05 329.28 304.56 10.61 0.10
0.00 5535.19
481.30 -10.76 -13.94 -21.43 328.50 293.01 15.40 0.00
0.00 6186.08
443.60 -14.56 -17.06 -23.69 330.83 282.65 19.50 0.10
0.00 6808.53
409.60 -18.86 -21.20 -29.69 331.16 271.93 23.14 0.10
0.00 7407.49
378.90 -23.56 -25.60 -36.19 331.13 252.41 25.06 0.10
0.00 7982.26
351.30 -27.56 -28.20 -31.05 334.25 247.07 21.93 0.00
100.00 8530.60
326.40 -31.46 -31.88 -34.21 335.31 256.61 20.96 0.00
100.00 9055.13
303.90 -35.06 -35.53 -39.03 336.31 260.42 31.53 0.00
100.00 9556.83
283.80 -39.06 -39.33 -41.93 336.85 253.75 35.41 0.00
100.00 10029.84
265.70 -41.76 -42.44 -55.27 338.26 257.74 32.01 0.00
2.00 10478.86
248.80 -44.26 -44.91 -63.51 340.74 264.87 32.58 0.00
0.00 10921.59
233.60 -46.76 -47.28 -63.98 343.14 266.32 33.29 0.00
0.00 11341.65
219.60 -48.96 -49.38 -64.44 345.86 267.02 33.64 0.00
0.00 11749.21
205.70 -51.16 -51.53 -67.88 348.88 271.32 33.80 0.00
0.00 12176.22
191.70 -53.26 -53.56 -68.39 352.61 275.74 33.00 0.00
0.00 12632.08
177.80 -55.66 -55.92 -73.70 356.29 275.71 31.24 0.00
0.00 13113.93
163.80 -58.56 -58.75 -74.24 359.88 271.78 31.29 0.00
0.00 13632.57
149.80 -61.36 -61.50 -74.84 364.36 274.56 31.76 0.00
0.00 14190.12
135.90 -63.86 -9999.00 -9999.00 -9999.00 285.90 30.50 -0.10
0.00 14790.27
121.90 -65.16 -9999.00 -9999.00 -9999.00 288.18 28.01 -0.10
0.00 15454.23
108.00 -64.36 -9999.00 -9999.00 -9999.00 301.90 22.42 0.00
0.00 16192.74
94.00 -63.26 -9999.00 -9999.00 -9999.00 301.61 8.90 0.00
0.00 17043.48
81.00 -61.66 -9999.00 -9999.00 -9999.00 289.98 6.82 0.00
0.00 17961.44
70.60 -61.26 -9999.00 -9999.00 -9999.00 326.31 3.50 0.00
0.00 18812.95
62.20 -59.66 -9999.00 -9999.00 -9999.00 1.74 6.41 0.00
0.00 19601.60
54.30 -58.26 -9999.00 -9999.00 -9999.00 55.08 12.55 0.00
0.00 20453.21
46.90 -57.76 -9999.00 -9999.00 -9999.00 75.44 15.46 0.00
0.00 21375.83
40.10 -56.86 -9999.00 -9999.00 -9999.00 83.74 16.03 0.00
0.00 22365.48
33.80 -53.96 -9999.00 -9999.00 -9999.00 76.94 13.75 0.00
0.00 23454.82
27.80 -50.16 -9999.00 -9999.00 -9999.00 76.66 19.37 0.00
0.00 24719.53
22.30 -47.76 -9999.00 -9999.00 -9999.00 74.19 22.80 0.00
0.00 26166.20
17.10 -44.56 -9999.00 -9999.00 -9999.00 67.53 27.95 0.00
0.00 27930.31
12.30 -41.96 -9999.00 -9999.00 -9999.00 76.58 35.14 0.00
0.00 30147.45

STID = KMDW STNM = 725340 TIME = 200808/1500 
SLAT = 41.78 SLON = -87.75 SELV = 183.0
STIM = 14

SHOW = 1.27 LIFT = 3.33 SWET = 168.65 KINX = 29.51
LCLP = 843.88 PWAT = 37.15 TOTL = 45.22 CAPE = 0.00
LCLT = 284.27 CINS = 0.00 EQLV = -9999.00 LFCT = -9999.00
BRCH = 0.00

PRES TMPC TMWC DWPC THTE DRCT SKNT OMEG
CFRL HGHT
998.70 25.14 17.85 13.70 327.71 183.09 7.21 0.00
0.00 192.67
995.70 24.44 17.50 13.50 326.92 183.50 9.54 0.00
0.00 219.06
990.20 23.84 17.20 13.34 326.63 184.09 10.90 0.00
0.00 267.55
980.80 22.84 16.69 13.08 326.20 185.36 12.49 -0.10
0.00 350.82
966.90 21.64 16.06 12.74 325.98 187.22 13.91 -0.10
0.00 474.95
949.00 20.24 15.18 12.09 325.50 192.68 15.93 0.00
0.00 636.74
927.60 19.14 15.42 13.27 329.30 205.62 15.73 0.10
0.00 833.41
904.20 18.14 15.12 13.40 331.66 213.92 13.58 0.20
0.00 1053.03
878.80 17.44 13.88 11.76 331.20 217.73 13.01 0.20
0.00 1297.20
850.50 16.24 12.83 10.74 331.96 222.75 14.02 0.20
0.00 1576.69
819.20 14.74 11.45 9.35 332.28 231.34 14.92 0.20
0.00 1895.27
785.00 13.04 9.36 6.78 331.05 241.39 14.61 0.10
0.00 2255.41
747.80 10.84 6.65 3.29 328.89 247.38 12.63 0.10
0.00 2662.31
707.70 7.94 4.67 1.92 329.90 271.08 10.30 0.10
0.00 3119.89
664.70 5.04 0.65 -4.10 326.39 289.89 9.71 0.10
0.00 3634.63
618.80 1.14 -0.46 -2.05 331.80 344.25 7.87 0.10
0.00 4214.89
570.30 -2.96 -5.30 -8.34 329.11 316.01 7.83 0.10
0.00 4867.06
523.40 -6.96 -9.69 -14.36 328.54 300.26 10.80 0.00
0.00 5541.98
481.30 -10.96 -13.54 -19.04 329.35 295.80 12.94 0.00
0.00 6191.27
443.50 -14.46 -17.06 -24.05 330.85 284.04 18.41 0.10
0.00 6815.39
409.60 -18.66 -21.88 -38.12 329.79 270.95 23.50 0.10
0.00 7412.91
378.90 -23.56 -25.30 -33.33 331.68 255.64 25.06 0.00
0.00 7987.85
351.20 -27.56 -28.10 -30.43 334.45 244.85 24.67 -0.10
0.00 8538.29
326.40 -31.56 -32.01 -34.53 335.10 250.24 21.25 -0.10
100.00 9060.69
303.90 -35.46 -36.07 -41.28 335.41 254.22 27.86 -0.10
0.00 9561.85
283.80 -38.86 -39.43 -45.96 336.67 250.71 32.93 0.00
46.00 10034.62
265.70 -41.36 -42.19 -63.01 338.64 257.59 31.62 0.00
0.00 10484.20
248.80 -43.76 -44.45 -63.51 341.48 263.85 32.63 0.00
0.00 10927.79
233.60 -46.36 -46.91 -63.98 343.75 267.37 33.84 0.00
0.00 11348.68
219.60 -48.86 -49.31 -67.41 345.97 269.02 34.19 0.00
0.00 11756.70
205.70 -51.06 -51.43 -67.88 349.04 270.65 34.38 0.00
0.00 12183.89
191.70 -53.16 -53.49 -73.19 352.72 273.03 33.06 0.00
0.00 12639.96
177.80 -55.56 -55.83 -73.70 356.46 272.84 31.31 0.00
0.00 13122.03
163.80 -58.46 -58.66 -74.24 360.04 269.64 31.27 0.00
0.00 13640.90
149.80 -61.66 -61.80 -74.84 363.85 274.18 31.93 0.00
0.00 14198.19
135.90 -63.96 -9999.00 -9999.00 -9999.00 282.17 30.40 0.00
0.00 14797.77
121.90 -64.96 -9999.00 -9999.00 -9999.00 284.85 26.53 0.00
0.00 15461.89
108.00 -63.96 -9999.00 -9999.00 -9999.00 300.14 20.88 0.00
0.00 16201.46
94.00 -63.66 -9999.00 -9999.00 -9999.00 304.44 8.24 0.00
0.00 17052.21
81.00 -62.46 -9999.00 -9999.00 -9999.00 291.25 7.50 0.00
0.00 17967.55
70.60 -61.86 -9999.00 -9999.00 -9999.00 309.81 3.03 0.00
0.00 18816.25
62.20 -59.56 -9999.00 -9999.00 -9999.00 31.33 5.23 0.00
0.00 19603.97
54.30 -57.36 -9999.00 -9999.00 -9999.00 82.23 12.94 0.00
0.00 20457.57
46.90 -56.26 -9999.00 -9999.00 -9999.00 98.24 14.92 0.00
0.00 21385.33
40.10 -54.86 -9999.00 -9999.00 -9999.00 96.05 12.90 0.00
0.00 22383.00
33.80 -52.36 -9999.00 -9999.00 -9999.00 73.30 12.16 0.00
0.00 23481.35
27.80 -50.36 -9999.00 -9999.00 -9999.00 77.62 16.32 0.00
0.00 24750.07
22.30 -49.16 -9999.00 -9999.00 -9999.00 74.42 20.98 0.00
0.00 26191.57
17.10 -45.66 -9999.00 -9999.00 -9999.00 73.27 31.04 0.00
0.00 27945.97
12.30 -42.26 -9999.00 -9999.00 -9999.00 85.33 40.54 0.00
0.00 30156.36

STID = KMDW STNM = 725340 TIME = 200808/1600 
SLAT = 41.78 SLON = -87.75 SELV = 183.0
STIM = 15

SHOW = -0.06 LIFT = 1.59 SWET = 182.81 KINX = 30.30
LCLP = 835.03 PWAT = 38.94 TOTL = 46.83 CAPE = 0.00
LCLT = 284.97 CINS = 0.00 EQLV = -9999.00 LFCT = -9999.00
BRCH = 0.00

PRES TMPC TMWC DWPC THTE DRCT SKNT OMEG
CFRL HGHT
998.30 26.74 18.83 14.57 331.26 189.93 7.89 0.00
0.00 191.84
995.30 25.94 18.50 14.45 330.50 189.82 10.26 0.00
0.00 218.40
989.80 25.24 18.21 14.35 330.21 189.78 11.44 0.00
0.00 267.16
980.30 24.24 17.77 14.20 330.00 190.46 12.84 -0.10
0.00 351.78
966.40 22.84 17.17 14.00 329.81 191.47 13.68 -0.10
0.00 476.59
948.50 21.24 16.46 13.77 329.89 193.11 14.57 -0.10
0.00 639.16
927.10 19.54 16.00 14.03 331.38 200.73 15.37 -0.10
0.00 836.50
903.70 18.24 15.66 14.24 333.63 210.20 15.05 0.00
0.00 1056.51
878.40 17.04 14.84 13.60 334.55 216.25 14.45 0.10
5.00 1299.85
850.00 16.14 13.54 12.03 334.45 225.00 14.28 0.20
6.00 1580.41
818.70 15.24 11.65 9.37 332.99 239.62 13.05 0.20
3.00 1899.49
784.50 13.84 9.40 6.26 331.23 256.19 12.20 0.30
0.00 2260.65
747.40 11.44 7.19 3.90 330.53 260.69 12.00 0.30
0.00 2667.69
707.40 8.54 4.87 1.80 330.50 274.84 11.50 0.30
0.00 3125.35
664.40 5.44 0.86 -4.04 326.97 292.20 10.28 0.10
0.00 3641.23
618.50 1.34 -0.43 -2.18 331.94 334.89 6.86 0.00
0.00 4222.38
570.10 -3.06 -5.30 -8.20 329.15 309.29 8.28 0.00
0.00 4873.61
523.30 -7.16 -9.71 -14.01 328.54 310.73 9.23 0.00
0.00 5546.91
481.20 -11.16 -13.51 -18.40 329.45 287.78 10.82 0.00
0.00 6195.88
443.50 -14.66 -16.78 -22.05 331.41 285.14 17.11 0.00
0.00 6817.99
409.50 -18.86 -21.20 -29.69 331.18 276.46 20.73 0.00
0.00 7417.00
378.80 -23.56 -24.76 -29.39 332.70 263.83 21.68 0.00
0.00 7991.99
351.20 -27.86 -28.17 -29.50 334.33 253.20 21.50 -0.10
100.00 8540.24
326.30 -31.76 -32.26 -35.19 334.70 250.50 19.77 -0.10
100.00 9064.30
303.90 -35.36 -36.28 -45.76 335.05 250.45 28.44 -0.10
0.00 9563.18
283.80 -38.66 -39.55 -53.74 336.44 248.99 31.43 -0.10
0.00 10036.22
265.60 -41.26 -42.08 -60.81 338.86 256.23 30.21 0.00
0.00 10488.64
248.80 -43.76 -44.45 -63.51 341.48 264.32 31.43 0.00
0.00 10929.78
233.60 -46.36 -46.91 -63.98 343.75 266.40 34.05 0.00
0.00 11350.67
219.60 -48.66 -49.13 -67.41 346.28 269.06 35.35 0.00
0.00 11758.87
205.70 -50.96 -51.34 -67.88 349.19 271.92 34.79 0.00
0.00 12186.35
191.70 -53.16 -53.49 -73.19 352.72 273.75 32.71 0.00
0.00 12642.52
177.80 -55.56 -55.83 -73.70 356.46 272.95 30.15 0.00
0.00 13124.59
163.80 -58.46 -58.66 -74.24 360.04 268.10 29.35 0.00
0.00 13643.47
149.80 -61.66 -61.80 -74.84 363.85 271.42 31.27 0.00
0.00 14200.76
135.90 -63.96 -9999.00 -9999.00 -9999.00 278.75 30.65 0.00
0.00 14800.33
121.90 -64.36 -9999.00 -9999.00 -9999.00 285.95 25.45 0.00
0.00 15465.41
108.00 -63.26 -9999.00 -9999.00 -9999.00 307.13 17.06 0.00
0.00 16207.29
94.00 -63.66 -9999.00 -9999.00 -9999.00 301.18 8.62 0.00
0.00 17059.45
81.00 -62.66 -9999.00 -9999.00 -9999.00 293.20 8.88 0.00
0.00 17974.36
70.60 -61.86 -9999.00 -9999.00 -9999.00 316.97 3.98 0.00
0.00 18822.66
62.20 -59.46 -9999.00 -9999.00 -9999.00 41.35 6.47 0.00
0.00 19610.56
54.30 -57.46 -9999.00 -9999.00 -9999.00 90.00 13.79 0.00
0.00 20464.16
46.90 -56.36 -9999.00 -9999.00 -9999.00 102.26 13.71 0.00
0.00 21391.49
40.10 -54.46 -9999.00 -9999.00 -9999.00 97.13 10.96 0.00
0.00 22389.86
33.80 -52.26 -9999.00 -9999.00 -9999.00 72.10 13.27 0.00
0.00 23489.45
27.80 -50.86 -9999.00 -9999.00 -9999.00 73.57 15.79 0.00
0.00 24757.03
22.30 -49.26 -9999.00 -9999.00 -9999.00 69.44 21.58 0.00
0.00 26196.59
17.10 -45.56 -9999.00 -9999.00 -9999.00 78.90 31.27 0.00
0.00 27951.00
12.30 -41.56 -9999.00 -9999.00 -9999.00 91.09 40.99 0.00
0.00 30165.24

STID = KMDW STNM = 725340 TIME = 200808/1700 
SLAT = 41.78 SLON = -87.75 SELV = 183.0
STIM = 16

SHOW = -0.93 LIFT = 0.19 SWET = 200.98 KINX = 31.97
LCLP = 833.61 PWAT = 40.96 TOTL = 47.40 CAPE = 0.00
LCLT = 285.96 CINS = 0.00 EQLV = -9999.00 LFCT = -9999.00
BRCH = 0.00

PRES TMPC TMWC DWPC THTE DRCT SKNT OMEG
CFRL HGHT
997.30 27.84 19.73 15.59 334.75 196.70 8.12 0.00
0.00 191.89
994.30 26.94 19.39 15.49 333.90 195.07 10.47 0.00
0.00 218.57
988.80 26.24 19.10 15.40 333.63 194.50 11.64 0.00
0.00 267.57
979.40 25.24 18.68 15.25 333.42 194.88 12.86 -0.10
0.00 351.70
965.40 23.84 18.09 15.06 333.28 195.40 13.91 -0.10
0.00 478.01
947.60 22.24 17.39 14.81 333.32 196.99 14.63 -0.20
0.00 640.45
926.20 20.34 16.62 14.61 333.67 199.36 15.23 -0.20
0.00 838.66
902.80 18.64 16.22 14.93 335.77 208.72 16.16 -0.20
0.00 1059.40
877.50 16.64 15.37 14.67 336.60 216.87 16.51 -0.20
0.00 1303.09
849.20 15.24 14.06 13.37 336.36 223.99 15.66 -0.20
23.00 1582.46
817.90 14.94 11.82 9.87 333.68 241.46 12.61 -0.20
10.00 1901.31
783.80 13.84 9.66 6.77 332.16 260.22 11.44 -0.20
0.00 2261.62
746.70 11.54 8.08 5.61 333.37 270.00 11.85 -0.10
0.00 2669.25
706.70 8.54 5.45 3.00 332.30 278.00 12.55 0.00
0.00 3127.63
663.80 5.54 1.11 -3.51 327.73 287.70 9.58 0.10
0.00 3643.00
618.00 1.44 -0.42 -2.27 332.05 325.71 5.17 0.20
0.00 4223.62
569.70 -3.06 -5.29 -8.17 329.25 311.88 7.56 0.20
0.00 4874.11
523.00 -7.16 -9.90 -14.67 328.17 306.57 7.50 0.10
0.00 5546.38
480.90 -11.26 -13.67 -18.79 329.18 276.46 10.35 0.00
0.00 6195.57
443.30 -15.06 -16.92 -21.46 331.21 279.87 13.60 0.00
0.00 6815.78
409.40 -18.96 -20.62 -25.68 332.33 284.56 15.46 -0.10
0.00 7412.73
378.70 -23.56 -24.54 -28.14 333.11 275.71 17.56 -0.10
0.00 7987.84
351.10 -28.26 -28.72 -30.80 333.42 262.32 17.44 0.00
100.00 8535.80
326.30 -31.66 -32.71 -40.60 333.92 249.19 20.78 0.00
14.00 9057.44
303.90 -35.26 -36.46 -53.17 334.71 250.58 28.63 0.00
0.00 9556.48
283.80 -38.36 -39.37 -58.54 336.71 251.21 29.55 -0.10
0.00 10029.89
265.60 -41.06 -41.90 -60.81 339.15 259.00 28.50 -0.10
0.00 10482.79
248.80 -43.96 -44.63 -63.51 341.18 265.91 29.99 -0.10
0.00 10923.94
233.60 -46.66 -47.19 -63.98 343.29 269.33 33.02 0.00
0.00 11344.36
219.60 -48.76 -49.22 -67.41 346.12 273.23 34.44 0.00
0.00 11752.20
205.70 -50.86 -51.24 -67.88 349.35 276.63 33.64 0.00
0.00 12179.68
191.70 -53.06 -53.40 -73.19 352.88 275.39 31.02 0.00
0.00 12636.06
177.80 -55.66 -55.92 -73.70 356.29 269.62 29.53 0.00
0.00 13118.13
163.80 -58.46 -58.66 -74.24 360.04 265.89 29.80 0.00
0.00 13636.89
149.80 -61.56 -61.70 -74.84 364.02 268.55 30.71 0.00
0.00 14194.30
135.90 -64.16 -9999.00 -9999.00 -9999.00 278.57 28.67 0.00
0.00 14793.74
121.90 -64.36 -9999.00 -9999.00 -9999.00 288.89 23.41 0.00
0.00 15458.50
108.00 -63.06 -9999.00 -9999.00 -9999.00 306.50 12.08 0.00
0.00 16200.73
94.00 -63.56 -9999.00 -9999.00 -9999.00 271.27 8.74 0.00
0.00 17053.50
81.00 -61.96 -9999.00 -9999.00 -9999.00 276.98 9.60 0.00
0.00 17970.16
70.60 -60.66 -9999.00 -9999.00 -9999.00 323.13 4.86 0.00
0.00 18822.27
62.20 -58.66 -9999.00 -9999.00 -9999.00 43.92 7.28 0.00
0.00 19613.88
54.30 -57.86 -9999.00 -9999.00 -9999.00 101.48 12.68 0.00
0.00 20468.28
46.90 -57.26 -9999.00 -9999.00 -9999.00 102.09 11.13 0.00
0.00 21392.82
40.10 -55.16 -9999.00 -9999.00 -9999.00 75.96 9.62 0.00
0.00 22387.52
33.80 -52.86 -9999.00 -9999.00 -9999.00 67.07 16.45 0.00
0.00 23483.86
27.80 -51.46 -9999.00 -9999.00 -9999.00 67.03 19.41 0.00
0.00 24748.00
22.30 -49.16 -9999.00 -9999.00 -9999.00 68.90 23.74 0.00
0.00 26185.96
17.10 -45.46 -9999.00 -9999.00 -9999.00 82.68 28.98 0.00
0.00 27941.14
12.30 -41.16 -9999.00 -9999.00 -9999.00 91.71 39.06 0.00
0.00 30157.79

STID = KMDW STNM = 725340 TIME = 200808/1800 
SLAT = 41.78 SLON = -87.75 SELV = 183.0
STIM = 17

SHOW = -1.62 LIFT = -0.77 SWET = 213.97 KINX = 34.67
LCLP = 830.58 PWAT = 42.77 TOTL = 47.90 CAPE = 78.52
LCLT = 286.53 CINS = -188.11 EQLV = 325.00 LFCT = 581.95
BRCH = 6.04

PRES TMPC TMWC DWPC THTE DRCT SKNT OMEG
CFRL HGHT
997.10 28.74 20.36 16.23 337.21 199.29 8.24 0.00
0.00 192.81
994.10 27.84 20.02 16.12 336.33 198.10 10.63 0.00
0.00 219.59
988.70 27.14 19.74 16.04 336.07 197.24 11.79 0.00
0.00 267.86
979.20 26.14 19.32 15.89 335.87 197.61 12.84 -0.10
0.00 353.18
965.30 24.84 18.76 15.67 335.78 197.40 13.64 -0.10
0.00 479.04
947.40 23.14 18.02 15.39 335.67 198.43 14.12 -0.20
0.00 642.99
926.00 21.24 17.20 15.09 335.81 199.65 14.43 -0.20
0.00 841.90
902.60 19.14 16.58 15.24 337.10 210.00 15.93 -0.20
0.00 1063.25
877.30 17.14 15.71 14.93 337.84 218.97 17.00 -0.10
0.00 1307.44
849.00 14.74 14.51 14.34 338.00 223.63 17.17 -0.10
54.00 1586.96
817.80 14.84 12.06 10.36 334.51 239.35 12.20 -0.10
16.00 1904.62
783.60 14.14 10.29 7.75 334.21 264.90 10.92 0.00
0.00 2266.27
746.60 11.34 9.23 7.85 337.03 276.43 13.87 0.00
0.00 2673.18
706.60 8.14 6.36 5.04 335.01 277.77 12.94 0.00
6.00 3131.46
663.60 5.54 1.42 -2.72 328.60 272.73 8.16 0.10
0.00 3647.98
617.80 1.64 -0.38 -2.38 332.20 304.70 3.07 0.10
0.00 4229.04
569.60 -2.86 -5.39 -8.72 329.03 316.17 6.74 0.10
0.00 4878.78
522.90 -7.06 -10.09 -15.53 327.79 311.35 6.47 0.10
0.00 5551.49
480.80 -11.36 -13.82 -19.12 328.91 277.77 8.62 0.10
0.00 6200.77
443.20 -14.96 -16.96 -21.91 331.15 272.91 11.48 0.10
0.00 6821.09
409.30 -18.86 -20.58 -25.87 332.42 290.45 12.24 0.00
0.00 7418.40
378.70 -23.66 -24.56 -27.82 333.08 283.65 13.99 0.00
0.00 7991.71
351.10 -28.26 -28.97 -32.41 332.99 261.40 16.90 -0.10
42.00 8539.54
326.20 -31.66 -33.06 -46.51 333.33 251.41 22.55 -0.10
0.00 9063.32
303.90 -35.36 -36.66 -59.76 334.36 255.66 26.67 -0.10
0.00 9560.07
283.70 -38.46 -39.46 -58.54 336.60 257.60 28.05 -0.10
0.00 10035.72
265.60 -41.26 -42.08 -60.81 338.86 263.08 27.39 -0.10
0.00 10485.92
248.80 -44.16 -44.82 -63.51 340.89 266.47 28.42 0.00
0.00 10926.68
233.60 -46.76 -47.28 -63.98 343.14 269.63 30.30 0.00
0.00 11346.83
219.60 -48.76 -49.22 -67.41 346.12 271.41 31.66 0.00
0.00 11754.58
205.70 -50.66 -51.05 -67.88 349.66 273.86 31.74 0.00
0.00 12182.25
191.70 -52.96 -53.30 -73.19 353.04 273.28 30.56 0.00
0.00 12638.94
177.80 -55.76 -56.02 -73.70 356.13 268.09 29.16 0.00
0.00 13121.01
163.80 -58.66 -58.85 -74.24 359.71 268.15 30.13 0.00
0.00 13639.41
149.80 -61.06 -61.21 -74.84 364.88 271.14 29.33 0.00
0.00 14197.22
135.90 -62.96 -9999.00 -9999.00 -9999.00 280.15 26.44 0.00
0.00 14799.07
121.90 -63.66 -9999.00 -9999.00 -9999.00 289.65 23.10 0.00
0.00 15466.86
108.00 -62.96 -9999.00 -9999.00 -9999.00 294.36 11.31 0.00
0.00 16210.50
94.00 -63.56 -9999.00 -9999.00 -9999.00 251.24 10.88 0.00
0.00 17063.48
81.00 -61.96 -9999.00 -9999.00 -9999.00 267.61 9.32 0.00
0.00 17980.14
70.60 -60.66 -9999.00 -9999.00 -9999.00 336.37 3.40 0.00
0.00 18832.25
62.20 -58.36 -9999.00 -9999.00 -9999.00 66.57 6.35 0.00
0.00 19624.42
54.30 -57.56 -9999.00 -9999.00 -9999.00 126.66 10.41 0.00
0.00 20480.00
46.90 -56.66 -9999.00 -9999.00 -9999.00 108.92 7.19 0.00
0.00 21406.48
40.10 -55.36 -9999.00 -9999.00 -9999.00 57.53 10.14 0.00
0.00 22402.09
33.80 -53.86 -9999.00 -9999.00 -9999.00 63.71 18.41 0.00
0.00 23495.44
27.80 -52.06 -9999.00 -9999.00 -9999.00 66.87 21.76 0.00
0.00 24755.00
22.30 -47.96 -9999.00 -9999.00 -9999.00 77.81 24.84 0.00
0.00 26194.89
17.10 -44.06 -9999.00 -9999.00 -9999.00 90.00 28.17 0.00
0.00 27960.18
12.30 -40.86 -9999.00 -9999.00 -9999.00 87.89 31.68 0.00
0.00 30185.03

STID = KMDW STNM = 725340 TIME = 200808/1900 
SLAT = 41.78 SLON = -87.75 SELV = 183.0
STIM = 18

SHOW = -1.61 LIFT = -1.46 SWET = 209.96 KINX = 34.78
LCLP = 826.38 PWAT = 43.25 TOTL = 48.31 CAPE = 256.40
LCLT = 286.85 CINS = -153.10 EQLV = 291.35 LFCT = 605.01
BRCH = 18.06

PRES TMPC TMWC DWPC THTE DRCT SKNT OMEG
CFRL HGHT
997.40 29.54 20.83 16.64 339.02 194.68 8.43 0.00
0.00 191.94
994.40 28.64 20.50 16.54 338.16 193.54 10.78 0.00
0.00 218.79
988.90 27.94 20.21 16.44 337.87 192.93 12.16 0.00
0.00 268.08
979.50 27.04 19.83 16.29 337.77 192.99 12.96 0.00
0.00 352.74
965.50 25.64 19.24 16.07 337.58 193.84 13.81 0.00
0.00 479.85
947.60 24.04 18.54 15.79 337.60 194.98 14.28 -0.10
0.00 644.26
926.20 22.04 17.68 15.47 337.59 196.99 14.63 0.00
0.00 843.74
902.90 19.94 16.86 15.27 338.08 208.44 15.91 0.00
0.00 1064.70
877.50 18.04 15.98 14.89 338.79 217.65 17.17 0.00
0.00 1310.51
849.20 15.74 14.54 13.86 338.07 225.00 17.58 -0.10
40.00 1590.85
818.00 14.54 12.28 10.91 335.21 234.31 16.98 -0.20
17.00 1908.81
783.80 14.24 10.92 8.82 336.23 255.43 10.04 -0.20
0.00 2270.36
746.70 11.64 9.76 8.56 338.73 279.32 13.19 -0.10
0.00 2678.71
706.60 8.34 6.39 4.95 335.10 275.53 12.10 0.00
0.00 3138.56
663.70 6.04 1.58 -2.92 328.96 265.36 7.21 0.00
0.00 3654.47
617.90 1.94 -0.28 -2.48 332.43 295.35 4.08 0.00
0.00 4236.26
569.70 -2.76 -5.37 -8.83 329.04 324.16 8.62 0.10
0.00 4886.35
522.90 -7.06 -10.19 -15.92 327.56 308.16 6.92 0.10
0.00 5560.54
480.90 -11.26 -13.64 -18.66 329.25 276.84 9.79 0.20
0.00 6208.33
443.20 -15.06 -17.14 -22.45 330.79 271.97 11.27 0.20
0.00 6830.24
409.40 -18.96 -20.73 -26.26 332.13 286.70 10.14 0.20
0.00 7425.47
378.70 -23.66 -24.77 -29.04 332.70 284.74 11.44 0.20
0.00 8000.43
351.10 -28.26 -29.32 -35.16 332.38 264.74 14.82 0.10
5.00 8548.22
326.30 -31.76 -33.30 -50.85 332.89 255.55 19.46 0.00
0.00 9069.68
303.90 -35.36 -36.66 -59.76 334.36 259.15 23.74 -0.10
0.00 9568.46
283.70 -38.46 -39.46 -58.54 336.60 259.58 26.86 -0.10
0.00 10044.10
265.60 -41.16 -41.99 -60.81 339.01 263.17 27.78 -0.10
0.00 10494.40
248.80 -44.16 -44.82 -63.51 340.89 268.81 27.97 -0.20
0.00 10935.26
233.60 -46.76 -47.28 -63.98 343.14 271.12 29.72 -0.20
0.00 11355.41
219.60 -49.16 -49.60 -67.41 345.51 273.64 30.56 -0.10
0.00 11762.80
205.70 -51.16 -51.53 -67.88 348.88 275.71 29.27 0.00
0.00 12189.61
191.70 -53.06 -53.40 -73.19 352.88 272.45 27.21 0.00
0.00 12645.68
177.70 -55.46 -55.73 -73.70 356.68 264.81 27.89 0.00
0.00 13131.57
163.80 -58.36 -58.56 -74.24 360.21 265.35 31.18 0.00
0.00 13647.13
149.80 -60.86 -61.02 -74.84 365.22 273.18 31.51 -0.10
0.00 14205.59
135.90 -62.96 -9999.00 -9999.00 -9999.00 279.33 27.56 -0.10
0.00 14807.73
121.90 -64.16 -9999.00 -9999.00 -9999.00 282.58 22.30 0.00
0.00 15474.72
108.00 -63.36 -9999.00 -9999.00 -9999.00 275.81 11.52 0.00
0.00 16216.77
94.00 -63.66 -9999.00 -9999.00 -9999.00 245.77 12.78 0.00
0.00 17068.74
81.00 -61.76 -9999.00 -9999.00 -9999.00 277.28 9.21 0.00
0.00 17985.61
70.60 -59.96 -9999.00 -9999.00 -9999.00 337.62 3.57 0.00
0.00 18839.53
62.20 -57.56 -9999.00 -9999.00 -9999.00 100.95 6.14 0.00
0.00 19634.48
54.30 -57.66 -9999.00 -9999.00 -9999.00 145.49 7.54 0.00
0.00 20491.46
46.90 -56.86 -9999.00 -9999.00 -9999.00 90.00 2.72 0.00
0.00 21417.29
40.10 -55.96 -9999.00 -9999.00 -9999.00 50.86 10.76 0.00
0.00 22411.07
33.80 -54.26 -9999.00 -9999.00 -9999.00 71.38 18.86 0.00
0.00 23501.91
27.80 -51.16 -9999.00 -9999.00 -9999.00 77.42 22.30 0.00
0.00 24762.91
22.30 -46.76 -9999.00 -9999.00 -9999.00 85.95 24.73 0.00
0.00 26209.57
17.10 -43.76 -9999.00 -9999.00 -9999.00 91.75 25.47 0.00
0.00 27980.69
12.30 -40.96 -9999.00 -9999.00 -9999.00 85.52 29.82 0.00
0.00 30206.50

STID = KMDW STNM = 725340 TIME = 200808/2000 
SLAT = 41.78 SLON = -87.75 SELV = 183.0
STIM = 19

SHOW = -1.87 LIFT = -2.33 SWET = 210.49 KINX = 33.84
LCLP = 820.57 PWAT = 43.09 TOTL = 49.18 CAPE = 478.17
LCLT = 287.12 CINS = -130.22 EQLV = 266.91 LFCT = 623.42
BRCH = 35.23

PRES TMPC TMWC DWPC THTE DRCT SKNT OMEG
CFRL HGHT
996.30 30.34 21.27 17.01 340.96 195.95 8.49 0.00
0.00 192.88
993.30 29.44 20.94 16.91 340.09 194.53 10.84 0.00
0.00 219.83
987.80 28.74 20.67 16.83 339.85 194.04 12.00 0.00
0.00 269.31
978.40 27.74 20.25 16.66 339.60 194.88 12.86 0.00
0.00 354.29
964.50 26.34 19.67 16.44 339.40 196.39 13.77 0.00
0.00 480.95
946.60 24.74 18.96 16.13 339.35 198.19 14.32 0.00
0.00 645.95
925.20 22.74 18.09 15.78 339.29 200.82 14.76 0.00
0.00 846.14
901.90 20.54 17.11 15.37 339.18 204.62 15.38 0.00
0.00 1067.86
876.60 18.44 16.02 14.76 339.11 214.99 16.59 0.10
0.00 1313.38
848.30 16.64 14.54 13.39 338.23 230.67 18.08 0.10
0.00 1594.60
817.10 14.74 12.59 11.32 336.42 235.62 17.89 0.20
14.00 1913.52
783.00 14.24 10.95 8.89 336.49 242.53 10.96 0.20
0.00 2274.55
746.00 11.74 9.62 8.27 338.41 267.04 11.29 0.30
2.00 2682.25
706.00 8.94 5.98 3.72 333.98 273.88 11.48 0.30
7.00 3141.83
663.20 6.54 1.64 -3.34 329.19 267.51 8.94 0.20
0.00 3657.84
617.50 2.04 -0.13 -2.26 332.89 291.80 7.32 0.10
0.00 4239.38
569.30 -2.96 -5.08 -7.76 329.82 314.27 10.86 0.10
0.00 4889.87
522.60 -7.26 -10.21 -15.54 327.60 291.80 8.37 0.10
0.00 5562.63
480.60 -11.46 -13.63 -18.11 329.35 273.18 10.51 0.00
0.00 6210.35
443.00 -14.96 -17.38 -23.97 330.35 272.16 10.30 0.00
0.00 6830.80
409.20 -18.86 -20.78 -26.98 332.06 283.17 9.38 0.00
0.00 7426.50
378.60 -23.56 -25.09 -31.63 332.15 298.14 9.48 0.00
0.00 7999.99
351.00 -28.16 -29.61 -39.09 331.88 309.04 9.25 0.00
0.00 8548.08
326.20 -32.06 -33.55 -50.86 332.50 279.06 13.58 -0.10
0.00 9069.45
303.80 -35.66 -36.90 -58.00 334.01 272.31 19.25 -0.10
0.00 9567.77
283.70 -38.76 -39.73 -58.54 336.17 268.12 23.72 -0.10
0.00 10040.54
265.60 -41.66 -42.40 -57.61 338.36 266.94 25.49 0.00
0.00 10490.07
248.80 -44.46 -45.07 -61.32 340.48 267.88 26.24 0.00
0.00 10930.17
233.60 -47.06 -47.56 -63.98 342.69 268.82 28.36 0.00
0.00 11349.76
219.60 -49.16 -49.60 -67.41 345.51 272.67 29.18 -0.10
0.00 11756.88
205.70 -50.96 -51.34 -67.88 349.19 275.79 28.90 -0.10
0.00 12183.88
191.70 -53.06 -53.40 -73.19 352.88 271.99 27.99 -0.10
0.00 12640.16
177.70 -55.76 -56.02 -73.70 356.19 263.70 28.34 0.00
0.00 13125.72
163.80 -58.96 -59.14 -74.24 359.21 265.06 31.59 0.00
0.00 13640.20
149.80 -61.56 -61.70 -74.84 364.02 273.20 31.33 0.00
0.00 14196.97
135.90 -63.06 -9999.00 -9999.00 -9999.00 276.47 27.56 0.10
0.00 14797.97
121.90 -63.96 -9999.00 -9999.00 -9999.00 272.60 21.39 0.00
0.00 15465.11
108.00 -64.16 -9999.00 -9999.00 -9999.00 271.79 12.43 0.00
0.00 16206.10
94.00 -64.36 -9999.00 -9999.00 -9999.00 258.86 13.07 0.00
0.00 17055.02
81.00 -61.66 -9999.00 -9999.00 -9999.00 290.90 11.44 0.00
0.00 17970.58
70.60 -59.26 -9999.00 -9999.00 -9999.00 326.98 4.64 0.00
0.00 18826.12
62.20 -57.76 -9999.00 -9999.00 -9999.00 108.43 6.14 0.00
0.00 19622.00
54.30 -58.76 -9999.00 -9999.00 -9999.00 111.80 3.15 0.00
0.00 20476.39
46.90 -57.56 -9999.00 -9999.00 -9999.00 35.31 5.71 0.00
0.00 21398.36
40.10 -56.16 -9999.00 -9999.00 -9999.00 54.66 13.09 0.00
0.00 22390.08
33.80 -53.56 -9999.00 -9999.00 -9999.00 72.32 18.55 0.00
0.00 23482.17
27.80 -49.96 -9999.00 -9999.00 -9999.00 82.75 21.54 0.00
0.00 24748.60
22.30 -47.46 -9999.00 -9999.00 -9999.00 96.77 23.08 0.00
0.00 26196.88
17.10 -44.46 -9999.00 -9999.00 -9999.00 88.52 22.53 0.00
0.00 27962.55
12.30 -40.66 -9999.00 -9999.00 -9999.00 79.43 29.64 0.00
0.00 30186.43

STID = KMDW STNM = 725340 TIME = 200808/2100 
SLAT = 41.78 SLON = -87.75 SELV = 183.0
STIM = 20

SHOW = -1.61 LIFT = -2.70 SWET = 200.29 KINX = 32.87
LCLP = 818.05 PWAT = 42.49 TOTL = 49.12 CAPE = 646.04
LCLT = 287.35 CINS = -123.75 EQLV = 253.49 LFCT = 631.74
BRCH = 46.09

PRES TMPC TMWC DWPC THTE DRCT SKNT OMEG
CFRL HGHT
995.10 30.74 21.53 17.27 342.21 192.09 8.35 0.00
0.00 192.90
992.10 29.94 21.24 17.19 341.51 191.51 10.70 0.00
0.00 219.93
986.70 29.24 20.97 17.09 341.20 191.13 12.08 0.00
0.00 268.66
977.20 28.24 20.55 16.92 340.96 192.15 12.92 0.00
0.00 354.80
963.30 26.94 19.99 16.69 340.87 193.06 13.75 -0.10
0.00 481.86
945.50 25.24 19.26 16.38 340.69 194.98 14.28 -0.10
0.00 646.46
924.10 23.24 18.38 16.00 340.57 196.99 14.63 -0.10
0.00 847.25
900.80 21.14 17.42 15.56 340.52 199.86 14.88 -0.10
0.00 1069.68
875.50 19.04 16.18 14.70 339.86 204.57 14.96 0.00
0.00 1316.02
847.30 17.44 14.42 12.75 337.94 231.23 16.43 0.10
0.00 1597.22
816.20 14.74 12.72 11.53 337.00 234.46 16.71 0.20
13.00 1915.88
782.20 14.64 10.66 8.10 335.64 236.06 12.18 0.20
0.00 2276.46
745.20 11.94 9.44 7.82 337.94 253.50 10.94 0.10
0.00 2684.92
705.30 9.44 5.79 2.93 333.51 270.97 11.46 0.00
3.00 3144.30
662.60 6.74 1.66 -3.53 329.33 270.00 10.49 -0.10
0.00 3660.17
617.00 2.14 -0.45 -3.06 332.15 285.78 9.29 -0.10
0.00 4241.18
568.90 -2.96 -4.95 -7.43 330.20 303.98 10.78 0.00
0.00 4890.89
522.30 -7.26 -9.99 -14.74 328.14 284.04 9.62 0.10
0.00 5562.69
480.40 -11.16 -13.76 -19.40 329.11 278.28 10.80 0.20
0.00 6209.55
442.90 -14.76 -17.64 -26.23 329.83 279.46 10.63 0.00
0.00 6829.07
409.10 -19.06 -20.94 -27.09 331.79 286.09 10.51 -0.10
0.00 7424.86
378.50 -23.66 -25.30 -32.69 331.79 308.00 7.89 -0.10
0.00 7998.14
351.00 -28.16 -29.59 -38.83 331.91 357.61 9.32 0.00
0.00 8544.20
326.20 -32.36 -33.68 -47.03 332.32 312.58 9.75 0.10
0.00 9065.26
303.80 -35.76 -36.95 -55.27 333.96 288.90 15.00 0.10
0.00 9563.18
283.70 -38.76 -39.64 -53.75 336.33 275.49 20.30 0.00
0.00 10035.85
265.60 -41.66 -42.35 -55.27 338.45 269.56 25.25 0.00
0.00 10485.39
248.80 -44.56 -45.16 -61.32 340.33 271.99 27.99 -0.10
0.00 10925.39
233.60 -47.46 -47.96 -66.97 342.03 273.95 28.22 -0.10
0.00 11344.53
219.60 -49.66 -50.07 -67.41 344.73 273.12 28.59 0.00
0.00 11750.83
205.70 -51.16 -51.53 -67.88 348.88 272.73 28.59 0.00
0.00 12177.16
191.70 -52.96 -53.30 -73.19 353.04 267.56 27.41 0.00
0.00 12633.33
177.70 -55.86 -56.12 -73.70 356.02 259.59 29.04 0.00
0.00 13118.89
163.80 -59.16 -59.34 -74.24 358.87 264.22 32.81 0.00
0.00 13633.02
149.80 -61.66 -61.80 -74.84 363.85 271.73 32.26 0.00
0.00 14189.39
135.90 -62.66 -9999.00 -9999.00 -9999.00 274.21 26.50 0.00
0.00 14790.82
121.90 -63.36 -9999.00 -9999.00 -9999.00 271.17 19.04 0.00
0.00 15459.55
108.00 -64.46 -9999.00 -9999.00 -9999.00 276.34 12.32 0.00
0.00 16201.08
94.00 -64.66 -9999.00 -9999.00 -9999.00 265.97 13.83 0.00
0.00 17048.77
81.00 -62.56 -9999.00 -9999.00 -9999.00 292.48 12.20 0.00
0.00 17961.72
70.60 -60.36 -9999.00 -9999.00 -9999.00 329.42 4.97 0.00
0.00 18813.23
62.20 -58.76 -9999.00 -9999.00 -9999.00 112.11 6.70 0.00
0.00 19605.22
54.30 -58.76 -9999.00 -9999.00 -9999.00 76.61 4.20 0.00
0.00 20457.62
46.90 -56.56 -9999.00 -9999.00 -9999.00 55.67 9.63 0.00
0.00 21381.74
40.10 -54.96 -9999.00 -9999.00 -9999.00 67.23 17.06 0.00
0.00 22378.50
33.80 -52.76 -9999.00 -9999.00 -9999.00 74.05 19.79 0.00
0.00 23475.59
27.80 -49.16 -9999.00 -9999.00 -9999.00 85.96 19.27 0.00
0.00 24746.60
22.30 -47.46 -9999.00 -9999.00 -9999.00 93.04 18.28 0.00
0.00 26197.46
17.10 -44.36 -9999.00 -9999.00 -9999.00 76.70 21.95 0.00
0.00 27963.52
12.30 -40.86 -9999.00 -9999.00 -9999.00 82.68 28.98 0.00
0.00 30186.92

STID = KMDW STNM = 725340 TIME = 200808/2200 
SLAT = 41.78 SLON = -87.75 SELV = 183.0
STIM = 21

SHOW = -1.48 LIFT = -2.69 SWET = 197.29 KINX = 31.80
LCLP = 818.04 PWAT = 41.66 TOTL = 48.84 CAPE = 765.32
LCLT = 287.57 CINS = -127.57 EQLV = 241.54 LFCT = 646.20
BRCH = 43.45

PRES TMPC TMWC DWPC THTE DRCT SKNT OMEG
CFRL HGHT
994.70 30.94 21.71 17.49 343.04 187.77 8.62 0.00
0.00 192.01
991.70 30.14 21.41 17.39 342.28 186.77 11.54 0.00
0.00 219.07
986.20 29.44 21.14 17.29 341.99 185.96 13.09 0.00
0.00 268.76
976.80 28.54 20.76 17.14 341.90 187.13 14.10 0.00
0.00 354.11
962.90 27.24 20.20 16.89 341.76 187.50 14.90 -0.10
0.00 481.37
945.00 25.54 19.47 16.58 341.60 189.46 15.37 -0.10
0.00 647.16
923.70 23.54 18.58 16.19 341.44 191.45 15.66 -0.10
0.00 847.32
900.40 21.44 17.62 15.73 341.35 195.07 15.70 -0.10
0.00 1070.09
875.10 19.44 16.31 14.70 340.40 199.12 15.42 0.00
0.00 1316.85
846.90 17.84 14.54 12.73 338.44 230.19 15.17 0.10
0.00 1598.57
815.80 15.34 12.81 11.34 337.39 234.13 15.58 0.20
11.00 1917.92
781.80 15.34 10.56 7.42 335.34 235.58 12.72 0.20
0.00 2279.44
744.90 12.34 9.11 6.96 336.91 248.90 11.87 0.20
0.00 2687.66
705.10 9.74 5.36 1.77 332.27 266.53 12.84 0.00
0.00 3146.46
662.40 6.34 1.77 -2.77 329.70 274.69 11.89 -0.20
0.00 3662.34
616.80 2.14 -1.22 -4.90 330.19 283.17 9.38 -0.20
0.00 4243.06
568.70 -3.06 -4.97 -7.34 330.20 297.70 8.78 -0.10
0.00 4892.75
522.20 -6.96 -9.85 -14.90 328.43 281.31 10.90 0.10
0.00 5563.53
480.30 -10.76 -14.18 -22.62 328.22 289.25 12.96 0.00
0.00 6211.29
442.80 -14.96 -17.87 -26.78 329.42 291.97 11.95 0.00
0.00 6831.09
409.10 -19.46 -21.22 -26.99 331.30 289.44 10.51 0.00
0.00 7424.49
378.50 -23.56 -25.30 -33.34 331.78 303.02 4.64 0.10
0.00 7997.42
350.90 -27.86 -29.41 -39.63 332.23 4.64 7.21 0.20
0.00 8545.98
326.20 -32.06 -33.46 -48.14 332.66 327.05 12.51 0.20
0.00 9065.64
303.80 -35.86 -36.87 -49.38 334.10 317.05 15.38 0.10
0.00 9563.77
283.70 -39.06 -39.75 -48.81 336.18 294.82 17.11 0.10
0.00 10036.07
265.60 -42.06 -42.67 -53.42 337.94 276.60 23.66 0.00
0.00 10484.94
248.80 -44.96 -45.54 -61.32 339.74 274.73 25.93 0.10
0.00 10924.18
233.60 -47.46 -47.96 -66.97 342.03 274.14 26.88 0.10
0.00 11342.95
219.60 -49.26 -49.69 -67.41 345.35 272.82 27.62 0.10
0.00 11749.61
205.70 -50.76 -51.15 -67.88 349.51 270.00 27.58 0.10
0.00 12176.71
191.70 -52.86 -53.20 -73.19 353.20 262.78 27.80 0.10
0.00 12633.40
177.70 -56.06 -56.31 -73.70 355.69 258.47 30.13 0.10
0.00 13118.85
163.80 -59.16 -59.34 -74.24 358.87 265.04 33.72 0.10
0.00 13632.73
149.80 -61.36 -61.50 -74.84 364.36 272.65 33.64 0.10
0.00 14189.50
135.90 -62.26 -9999.00 -9999.00 -9999.00 274.21 26.50 0.00
0.00 14791.93
121.90 -63.06 -9999.00 -9999.00 -9999.00 268.81 18.65 0.00
0.00 15461.78
108.00 -64.66 -9999.00 -9999.00 -9999.00 273.27 13.62 0.00
0.00 16203.47
94.00 -64.56 -9999.00 -9999.00 -9999.00 268.41 13.99 0.00
0.00 17050.97
81.00 -62.66 -9999.00 -9999.00 -9999.00 303.41 10.94 0.00
0.00 17963.92
70.60 -60.36 -9999.00 -9999.00 -9999.00 11.31 2.97 0.00
0.00 18815.23
62.20 -58.96 -9999.00 -9999.00 -9999.00 132.61 6.60 0.00
0.00 19606.84
54.30 -58.36 -9999.00 -9999.00 -9999.00 45.00 3.03 0.00
0.00 20459.64
46.90 -56.46 -9999.00 -9999.00 -9999.00 55.98 9.38 0.00
0.00 21384.83
40.10 -54.66 -9999.00 -9999.00 -9999.00 73.24 16.84 0.00
0.00 22382.51
33.80 -52.66 -9999.00 -9999.00 -9999.00 82.18 20.01 0.00
0.00 23480.60
27.80 -49.16 -9999.00 -9999.00 -9999.00 86.86 17.70 0.00
0.00 24751.89
22.30 -47.16 -9999.00 -9999.00 -9999.00 78.21 18.07 0.00
0.00 26203.72
17.10 -43.86 -9999.00 -9999.00 -9999.00 71.27 23.58 0.00
0.00 27972.89
12.30 -40.76 -9999.00 -9999.00 -9999.00 83.31 28.36 0.00
0.00 30199.19
STN YYMMDD/HHMM PMSL PRES SKTC STC1 SNFL WTNS
P01M C01M STC2 LCLD MCLD HCLD
SNRA UWND VWND R01M BFGR T2MS
Q2MS WXTS WXTP WXTZ WXTR USTM
VSTM HLCY SLLH WSYM CDBP VSBK
TD2M
725340 200808/0100 1019.80 998.40 25.34 298.50 -9999.00 0.00
-9999.00 -9999.00 299.30 15.00 25.00 0.00
-9999.00 -1.30 2.10 -9999.00 -9999.00 25.04
10.77 0.00 0.00 0.00 0.00 -2.70
-4.70 0.20 -9999.00 999.00 -9999.00 20.00
14.89
725340 200808/0200 1019.60 998.20 23.44 296.60 0.00 100.00
0.00 0.00 297.30 0.00 11.00 0.00
-9999.00 -1.00 1.90 -9999.00 -9999.00 23.64
11.46 0.00 0.00 0.00 0.00 -3.00
-4.40 9.30 -9999.00 999.00 -9999.00 20.00
15.84
725340 200808/0300 1019.30 997.90 22.14 295.30 0.00 100.00
0.00 0.00 295.90 0.00 10.00 0.00
-9999.00 -0.60 1.80 -9999.00 -9999.00 22.44
11.85 0.00 0.00 0.00 0.00 -3.10
-4.20 14.10 -9999.00 999.00 -9999.00 20.00
16.35
725340 200808/0400 1020.10 998.60 21.04 294.20 0.00 100.00
0.00 0.00 294.80 0.00 14.00 0.00
-9999.00 -0.50 1.60 -9999.00 -9999.00 21.34
12.27 0.00 0.00 0.00 0.00 -2.70
-5.40 5.70 -9999.00 999.00 -9999.00 20.00
16.89
725340 200808/0500 1020.10 998.60 19.94 293.10 0.00 100.00
0.00 0.00 293.70 0.00 100.00 0.00
-9999.00 -0.60 1.80 -9999.00 -9999.00 20.44
12.36 0.00 0.00 0.00 0.00 -2.30
-5.30 0.00 -9999.00 999.00 -9999.00 20.00
17.01
725340 200808/0600 1020.40 998.80 19.04 292.20 0.00 100.00
0.00 0.00 292.80 0.00 100.00 0.00
-9999.00 -0.60 1.90 -9999.00 -9999.00 19.64
12.25 0.00 0.00 0.00 0.00 -1.50
-5.30 8.30 -9999.00 999.00 -9999.00 20.00
16.87
725340 200808/0700 1020.80 999.20 18.24 291.40 0.00 100.00
0.00 0.00 292.00 0.00 100.00 0.00
-9999.00 -0.80 2.00 -9999.00 -9999.00 18.94
11.98 0.00 0.00 0.00 0.00 -0.70
-5.90 18.90 -9999.00 999.00 -9999.00 20.00
16.53
725340 200808/0800 1020.40 998.80 17.64 290.80 0.00 100.00
0.00 0.00 291.30 0.00 100.00 0.00
-9999.00 -0.70 2.00 -9999.00 -9999.00 18.24
11.56 0.00 0.00 0.00 0.00 -1.00
-5.20 33.40 -9999.00 999.00 -9999.00 20.00
15.98
725340 200808/0900 1020.20 998.60 17.04 290.20 0.00 100.00
0.00 0.00 290.70 0.00 100.00 0.00
-9999.00 -0.70 1.90 -9999.00 -9999.00 17.64
11.25 0.00 0.00 0.00 0.00 -1.20
-4.60 47.90 -9999.00 999.00 -9999.00 20.00
15.56
725340 200808/1000 1020.70 999.10 16.84 290.00 0.00 100.00
0.00 0.00 290.40 0.00 100.00 0.00
-9999.00 -0.60 1.90 -9999.00 -9999.00 17.34
11.23 0.00 0.00 0.00 0.00 -1.50
-4.30 58.40 -9999.00 999.00 -9999.00 20.00
15.54
725340 200808/1100 1021.40 999.80 16.64 289.80 0.00 100.00
0.00 0.00 290.10 0.00 100.00 0.00
-9999.00 -0.70 2.20 -9999.00 -9999.00 17.14
11.24 0.00 0.00 0.00 0.00 -1.30
-4.70 76.30 -9999.00 999.00 -9999.00 20.00
15.56
725340 200808/1200 1021.70 1000.10 17.84 291.00 0.00 100.00
0.00 0.00 291.00 0.00 100.00 0.00
-9999.00 -0.50 2.30 -9999.00 -9999.00 17.94
11.30 0.00 0.00 0.00 0.00 -1.50
-4.80 91.70 -9999.00 999.00 -9999.00 20.00
15.65
725340 200808/1300 1021.30 999.70 20.24 293.40 0.00 100.00
0.00 0.00 293.00 0.00 100.00 0.00
-9999.00 -0.70 3.20 -9999.00 -9999.00 19.94
11.14 0.00 0.00 0.00 0.00 -1.70
-4.40 100.80 -9999.00 999.00 -9999.00 20.00
15.43
725340 200808/1400 1021.20 999.70 23.84 297.00 0.00 100.00
0.00 0.00 296.10 0.00 100.00 0.00
-9999.00 -0.30 3.60 -9999.00 -9999.00 22.54
10.90 0.00 0.00 0.00 0.00 -1.90
-3.50 91.50 -9999.00 999.00 -9999.00 20.00
15.09
725340 200808/1500 1021.20 999.80 30.44 303.60 0.00 100.00
0.00 0.00 301.70 0.00 100.00 0.00
-9999.00 -0.10 4.00 -9999.00 -9999.00 25.54
10.08 0.00 0.00 0.00 0.00 -1.60
-3.20 79.50 -9999.00 999.00 -9999.00 20.00
13.90
725340 200808/1600 1020.70 999.30 35.24 308.40 0.00 100.00
0.00 0.00 306.40 6.00 100.00 0.00
-9999.00 0.30 4.40 -9999.00 -9999.00 27.54
10.58 0.00 0.00 0.00 0.00 -1.80
-3.20 75.40 -9999.00 999.00 -9999.00 20.00
14.63
725340 200808/1700 1019.60 998.30 37.84 311.00 0.00 100.00
0.00 0.00 309.10 23.00 100.00 0.00
-9999.00 0.70 4.40 -9999.00 -9999.00 28.84
11.30 0.00 0.00 0.00 0.00 -2.20
-2.50 74.90 -9999.00 999.00 -9999.00 20.00
15.62
725340 200808/1800 1019.40 998.20 38.34 311.50 0.00 100.00
0.00 0.00 310.00 54.00 42.00 0.00
-9999.00 0.90 4.50 -9999.00 -9999.00 29.64
11.78 0.00 0.00 0.00 0.00 -2.50
-2.00 68.20 -9999.00 999.00 -9999.00 20.00
16.26
725340 200808/1900 1019.70 998.40 38.94 312.10 0.00 100.00
0.00 0.00 310.90 40.00 5.00 0.00
-9999.00 0.70 4.70 -9999.00 -9999.00 30.44
12.10 0.00 0.00 0.00 0.00 -2.40
-2.00 76.00 -9999.00 999.00 -9999.00 20.00
16.68
725340 200808/2000 1018.50 997.40 40.14 313.30 0.00 100.00
0.00 0.00 311.90 14.00 0.00 0.00
-9999.00 0.80 4.70 -9999.00 -9999.00 31.24
12.40 0.00 0.00 0.00 0.00 -2.20
-1.30 73.40 -9999.00 999.00 -9999.00 20.00
17.04
725340 200808/2100 1017.30 996.20 39.14 312.30 0.00 100.00
0.00 0.00 311.50 13.00 0.00 0.00
-9999.00 0.60 4.70 -9999.00 -9999.00 31.54
12.63 0.00 0.00 0.00 0.00 -2.10
-1.10 67.30 -9999.00 999.00 -9999.00 20.00
17.30
725340 200808/2200 1016.80 995.70 37.24 310.40 0.00 100.00
0.00 0.00 310.00 11.00 0.00 0.00
-9999.00 0.20 5.00 -9999.00 -9999.00 31.44
12.82 0.00 0.00 0.00 0.00 -2.30
-0.60 75.40 -9999.00 999.00 -9999.00 20.00
17.53


