
SNPARM = PRES;TMPC;TMWC;DWPC;THTE;DRCT;SKNT;OMEG;CFRL;HGHT 
STNPRM = SHOW;LIFT;SWET;KINX;LCLP;PWAT;TOTL;CAPE;LCLT;CINS;EQLV;LFCT;BRCH 

STID = KMDW STNM = 725340 TIME = 200808/1900 
SLAT = 41.78 SLON = -87.75 SELV = 183.0
STIM = 0

SHOW = -1.69 LIFT = -2.22 SWET = 220.36 KINX = 34.90
LCLP = 869.83 PWAT = 44.67 TOTL = 48.09 CAPE = 388.22
LCLT = 290.10 CINS = -69.30 EQLV = 294.62 LFCT = 647.89
BRCH = 58.59

PRES TMPC TMWC DWPC THTE DRCT SKNT OMEG
CFRL HGHT
996.50 28.44 21.96 19.12 343.99 191.00 7.13 0.00
0.00 192.82
993.60 27.64 21.63 18.97 343.06 187.59 8.82 0.00
0.00 218.73
988.10 27.04 21.33 18.78 342.65 186.98 9.60 -0.10
0.00 267.97
978.60 26.04 20.74 18.33 341.67 186.58 10.16 -0.10
0.00 353.42
964.70 24.54 19.80 17.56 339.96 186.46 10.35 -0.20
0.00 479.41
946.80 22.74 19.00 17.20 339.54 186.34 10.55 -0.30
0.00 643.41
925.40 20.64 18.21 17.02 339.77 186.34 10.55 -0.30
0.00 842.29
902.00 18.84 17.69 17.10 341.41 201.10 11.87 -0.10
0.00 1063.65
876.70 17.14 16.83 16.63 342.15 220.67 16.39 0.00
17.00 1308.10
848.40 16.04 14.81 14.12 339.16 231.09 20.73 0.10
29.00 1588.55
817.20 14.84 12.67 11.39 336.67 235.44 21.23 0.10
17.00 1907.20
783.10 13.94 10.62 8.50 335.39 235.53 15.79 0.00
2.00 2268.05
746.10 11.34 8.46 6.47 334.66 236.31 11.91 0.00
0.00 2675.04
706.10 8.34 6.26 4.71 334.79 232.31 10.80 0.00
4.00 3133.66
663.30 5.94 1.61 -2.73 329.11 231.12 7.73 0.00
0.00 3648.61
617.50 2.14 -0.23 -2.57 332.64 180.00 0.78 0.00
0.00 4230.87
569.30 -1.96 -5.47 -10.36 328.85 358.26 6.41 0.00
0.00 4882.51
522.70 -7.06 -10.42 -16.81 327.11 308.37 5.94 0.00
0.00 5555.07
480.70 -10.46 -13.45 -20.02 329.63 266.05 11.29 -0.10
0.00 6204.04
443.10 -14.56 -17.08 -23.79 330.91 260.66 15.56 -0.10
0.00 6825.98
409.30 -19.26 -20.42 -23.67 332.76 266.55 16.16 -0.10
0.00 7421.60
378.60 -22.96 -23.56 -25.45 334.92 260.54 21.27 0.00
80.00 7997.29
351.00 -26.16 -27.05 -30.80 336.31 247.96 26.40 0.10
43.00 8548.44
326.20 -29.66 -31.32 -45.11 336.21 243.25 26.75 0.10
0.00 9074.61
303.80 -33.06 -34.62 -56.53 337.71 253.07 28.01 0.20
0.00 9578.16
283.70 -36.66 -37.89 -60.30 339.13 266.02 30.77 0.20
0.00 10055.63
265.60 -39.86 -40.83 -63.02 340.86 269.07 35.74 0.10
0.00 10508.92
248.80 -42.96 -43.71 -63.51 342.67 268.30 39.26 0.10
0.00 10952.17
233.60 -45.86 -46.44 -63.98 344.50 269.73 40.79 0.00
0.00 11374.26
219.60 -48.86 -49.31 -67.41 345.97 273.13 39.10 0.00
0.00 11782.73
205.70 -52.06 -52.41 -72.71 347.42 276.42 31.27 0.00
0.00 12208.97
191.70 -54.36 -54.65 -73.19 350.80 272.64 25.27 0.10
0.00 12662.76
177.80 -56.16 -56.41 -73.70 355.47 273.79 26.48 0.10
0.00 13142.85
163.80 -58.56 -58.75 -74.24 359.88 282.09 27.82 0.00
0.00 13660.88
149.80 -61.36 -61.50 -74.84 364.36 287.63 26.30 0.00
0.00 14218.43
135.90 -63.46 -63.58 -75.48 370.93 290.27 22.98 0.00
0.00 14819.15
121.90 -64.46 -9999.00 -9999.00 -9999.00 280.84 18.59 0.00
0.00 15484.87
108.00 -64.36 -9999.00 -9999.00 -9999.00 261.97 15.31 0.00
0.00 16224.62
94.00 -63.46 -9999.00 -9999.00 -9999.00 270.00 10.49 0.00
0.00 17074.96
81.00 -62.26 -9999.00 -9999.00 -9999.00 255.96 0.80 0.00
0.00 17991.17
70.60 -61.96 -9999.00 -9999.00 -9999.00 236.31 3.50 0.00
0.00 18840.07
62.20 -58.66 -9999.00 -9999.00 -9999.00 53.75 3.61 0.00
0.00 19629.27
54.30 -58.16 -9999.00 -9999.00 -9999.00 105.95 7.07 0.00
0.00 20483.07
46.90 -56.76 -9999.00 -9999.00 -9999.00 105.02 8.24 0.00
0.00 21408.04
40.10 -56.36 -9999.00 -9999.00 -9999.00 81.42 10.41 0.00
0.00 22401.13
33.80 -53.56 -9999.00 -9999.00 -9999.00 70.20 15.48 0.00
0.00 23492.72
27.80 -50.26 -9999.00 -9999.00 -9999.00 76.76 20.36 0.00
0.00 24758.30
22.30 -47.36 -9999.00 -9999.00 -9999.00 86.39 21.60 0.00
0.00 26205.93
17.10 -44.56 -9999.00 -9999.00 -9999.00 90.46 24.09 0.00
0.00 27971.61
12.30 -42.06 -9999.00 -9999.00 -9999.00 87.78 30.13 0.00
0.00 30188.26

STID = KMDW STNM = 725340 TIME = 200808/2000 
SLAT = 41.78 SLON = -87.75 SELV = 183.0
STIM = 1

SHOW = -2.88 LIFT = -3.58 SWET = 238.98 KINX = 37.21
LCLP = 861.40 PWAT = 45.30 TOTL = 49.62 CAPE = 704.74
LCLT = 289.90 CINS = -4.50 EQLV = 259.11 LFCT = 837.67
BRCH = 67.11

PRES TMPC TMWC DWPC THTE DRCT SKNT OMEG
CFRL HGHT
996.10 29.04 22.10 19.07 344.63 184.51 7.40 0.00
0.00 191.95
993.00 28.14 21.77 18.97 343.74 183.50 9.54 0.00
0.00 219.71
987.50 27.44 21.51 18.88 343.47 182.12 10.49 -0.10
0.00 269.05
978.00 26.54 21.13 18.72 343.37 182.96 11.29 -0.10
0.00 354.70
964.10 25.24 20.58 18.48 343.24 184.76 11.69 -0.20
0.00 481.06
946.20 23.54 19.86 18.18 343.10 186.44 12.12 -0.30
0.00 645.66
924.80 21.54 19.01 17.82 343.01 189.90 12.43 -0.30
0.00 845.33
901.50 19.54 18.12 17.42 343.18 197.88 12.65 -0.20
0.00 1066.55
876.10 17.64 17.07 16.75 343.17 220.91 15.42 0.00
39.00 1312.66
847.80 15.94 15.35 15.01 341.27 237.44 19.13 0.20
53.00 1593.56
816.70 14.24 12.78 11.91 337.12 243.68 20.16 0.30
26.00 1911.13
782.60 13.94 10.19 7.70 334.04 243.73 16.69 0.30
2.00 2271.81
745.60 11.44 8.34 6.18 334.37 247.52 12.20 0.20
0.00 2679.06
705.70 8.14 6.60 5.49 335.92 242.15 11.64 0.00
7.00 3136.78
662.90 5.44 1.89 -1.51 329.96 243.43 9.98 -0.10
0.00 3651.51
617.20 1.74 -0.47 -2.68 332.07 231.84 3.46 -0.20
0.00 4231.95
569.10 -2.36 -5.37 -9.44 329.13 345.38 4.62 -0.10
0.00 4881.60
522.40 -7.26 -11.34 -20.41 325.20 319.18 5.65 -0.10
0.00 5555.11
480.50 -10.96 -14.34 -22.79 327.86 268.88 9.91 0.00
0.00 6201.82
443.00 -14.86 -17.33 -24.06 330.44 255.02 14.28 0.00
0.00 6821.28
409.20 -19.16 -20.13 -22.74 333.32 256.48 15.79 0.10
0.00 7416.83
378.50 -22.76 -23.83 -27.52 334.44 255.34 21.48 0.10
32.00 7992.98
351.00 -25.56 -27.66 -41.10 335.14 246.49 27.76 0.10
0.00 8542.97
326.20 -29.16 -31.22 -55.95 336.29 247.64 29.62 0.10
0.00 9070.21
303.80 -33.16 -34.75 -59.76 337.49 256.06 29.02 0.00
0.00 9574.15
283.70 -36.76 -37.98 -60.30 338.99 261.28 29.49 0.00
0.00 10051.42
265.60 -39.76 -40.72 -60.81 341.05 261.01 34.81 0.00
0.00 10504.71
248.80 -42.86 -43.62 -63.51 342.82 261.66 37.49 0.00
0.00 10948.15
233.60 -45.56 -46.18 -66.97 344.91 268.00 38.87 0.00
0.00 11370.61
219.60 -48.46 -48.94 -67.41 346.59 273.26 37.55 0.00
0.00 11779.71
205.70 -51.46 -51.84 -72.71 348.36 274.48 29.82 0.00
0.00 12206.90
191.70 -53.46 -53.78 -73.19 352.24 268.68 25.25 0.00
0.00 12662.25
177.70 -55.46 -55.73 -73.70 356.68 267.85 25.85 0.00
0.00 13147.70
163.80 -58.16 -58.37 -74.24 360.55 273.87 25.89 0.00
0.00 13663.49
149.80 -61.26 -61.41 -74.84 364.54 278.71 24.36 -0.10
0.00 14221.69
135.90 -63.56 -63.68 -75.48 370.75 280.04 22.30 -0.10
0.00 14822.41
121.90 -64.66 -9999.00 -9999.00 -9999.00 273.85 20.24 0.00
0.00 15487.65
108.00 -64.76 -9999.00 -9999.00 -9999.00 260.93 18.49 0.00
0.00 16226.34
94.00 -64.06 -9999.00 -9999.00 -9999.00 270.00 12.82 0.00
0.00 17074.64
81.00 -62.66 -9999.00 -9999.00 -9999.00 245.77 4.25 0.00
0.00 17988.68
70.60 -61.86 -9999.00 -9999.00 -9999.00 257.47 5.38 0.00
0.00 18836.98
62.20 -58.66 -9999.00 -9999.00 -9999.00 59.53 3.83 0.00
0.00 19626.36
54.30 -58.76 -9999.00 -9999.00 -9999.00 112.38 7.15 0.00
0.00 20478.97
46.90 -58.06 -9999.00 -9999.00 -9999.00 100.30 8.68 0.00
0.00 21399.87
40.10 -57.06 -9999.00 -9999.00 -9999.00 76.43 11.60 0.00
0.00 22388.37
33.80 -53.56 -9999.00 -9999.00 -9999.00 72.72 18.32 0.00
0.00 23478.21
27.80 -49.76 -9999.00 -9999.00 -9999.00 79.09 21.56 0.00
0.00 24745.22
22.30 -47.06 -9999.00 -9999.00 -9999.00 86.52 22.38 0.00
0.00 26195.43
17.10 -44.86 -9999.00 -9999.00 -9999.00 83.44 22.09 0.00
0.00 27961.11
12.30 -41.66 -9999.00 -9999.00 -9999.00 85.94 27.47 0.00
0.00 30178.24

STID = KMDW STNM = 725340 TIME = 200808/2100 
SLAT = 41.78 SLON = -87.75 SELV = 183.0
STIM = 2

SHOW = -2.21 LIFT = -3.99 SWET = 213.20 KINX = 36.12
LCLP = 860.33 PWAT = 44.07 TOTL = 49.19 CAPE = 886.03
LCLT = 290.25 CINS = -11.45 EQLV = 245.57 LFCT = 820.87
BRCH = 64.24

PRES TMPC TMWC DWPC THTE DRCT SKNT OMEG
CFRL HGHT
995.30 29.44 22.43 19.43 346.19 184.29 7.79 0.00
0.00 192.87
992.30 28.54 22.11 19.33 345.28 183.30 10.12 0.00
0.00 219.80
986.90 27.94 21.86 19.23 345.09 182.96 11.29 0.00
0.00 268.35
977.40 26.94 21.46 19.06 344.84 182.77 12.06 -0.10
0.00 354.20
963.50 25.64 20.90 18.81 344.69 184.47 12.47 -0.10
0.00 480.83
945.60 24.04 20.21 18.49 344.62 186.91 12.92 -0.10
0.00 645.81
924.20 22.04 19.33 18.08 344.41 190.30 13.03 0.00
0.00 845.98
900.80 20.14 18.27 17.37 343.89 203.88 12.96 0.10
0.00 1068.74
875.50 18.34 16.94 16.23 342.77 228.81 14.45 0.30
21.00 1314.57
847.30 16.64 14.92 13.99 339.76 242.47 15.56 0.50
20.00 1595.23
816.10 14.74 12.66 11.44 336.83 247.27 15.58 0.60
26.00 1914.58
782.10 14.64 9.80 6.45 332.84 250.82 14.20 0.60
0.00 2275.09
745.20 12.04 8.57 6.17 335.14 251.86 11.85 0.40
0.00 2682.32
705.30 8.54 6.51 5.03 335.70 250.67 11.73 0.30
0.00 3141.06
662.60 5.64 1.85 -1.80 329.91 255.43 10.04 0.10
0.00 3655.36
616.90 1.84 -0.50 -2.85 332.05 252.35 4.49 0.10
0.00 4236.35
568.80 -2.36 -5.54 -9.92 328.80 326.31 4.90 0.10
0.00 4886.41
522.30 -7.16 -11.90 -24.08 324.00 316.22 6.45 0.10
0.00 5557.30
480.40 -10.86 -14.67 -25.12 327.19 268.96 10.68 0.10
0.00 6204.26
442.90 -14.76 -17.04 -22.94 331.04 255.41 14.65 0.10
0.00 6824.07
409.10 -18.96 -19.92 -22.44 333.75 255.49 17.06 0.00
3.00 7420.14
378.50 -22.46 -24.48 -33.51 333.21 256.20 22.80 0.00
0.00 7994.98
351.00 -25.56 -28.15 -55.35 334.19 253.04 28.63 -0.10
0.00 8545.18
326.20 -29.46 -31.56 -64.52 335.71 255.51 29.49 -0.20
0.00 9072.06
303.80 -33.46 -34.99 -58.00 337.11 256.47 26.57 -0.10
0.00 9575.37
283.70 -36.76 -37.95 -58.54 339.03 258.47 29.14 -0.10
0.00 10052.34
265.60 -39.86 -40.83 -63.02 340.86 256.89 35.10 -0.10
0.00 10505.53
248.80 -42.76 -43.55 -66.51 342.92 258.51 37.06 -0.10
0.00 10948.97
233.60 -45.26 -45.90 -66.97 345.37 265.14 38.99 -0.10
0.00 11371.79
219.60 -48.16 -48.68 -72.27 347.00 268.80 37.10 0.00
0.00 11781.44
205.70 -50.86 -51.27 -72.71 349.30 268.03 28.19 0.00
0.00 12209.49
191.70 -52.86 -53.20 -73.19 353.20 260.61 25.00 0.00
0.00 12666.07
177.70 -55.16 -55.44 -73.70 357.17 258.69 26.75 0.00
0.00 13152.52
163.80 -58.16 -58.37 -74.24 360.55 264.12 26.55 -0.10
0.00 13668.67
149.80 -61.46 -61.60 -74.84 364.19 272.70 24.69 -0.10
0.00 14226.62
135.90 -64.16 -64.26 -75.48 369.69 275.42 22.63 -0.10
0.00 14826.19
121.90 -65.16 -9999.00 -9999.00 -9999.00 269.46 20.78 0.00
0.00 15489.68
108.00 -65.36 -9999.00 -9999.00 -9999.00 256.10 20.20 0.00
0.00 16226.42
94.00 -64.86 -9999.00 -9999.00 -9999.00 265.97 13.83 0.00
0.00 17071.88
81.00 -63.26 -9999.00 -9999.00 -9999.00 255.38 4.62 0.00
0.00 17982.87
70.60 -61.76 -9999.00 -9999.00 -9999.00 306.87 3.88 0.00
0.00 18830.16
62.20 -58.76 -9999.00 -9999.00 -9999.00 73.30 8.12 0.00
0.00 19619.54
54.30 -59.06 -9999.00 -9999.00 -9999.00 105.26 8.86 0.00
0.00 20471.35
46.90 -58.56 -9999.00 -9999.00 -9999.00 83.29 9.98 0.00
0.00 21390.54
40.10 -56.36 -9999.00 -9999.00 -9999.00 65.28 13.48 0.00
0.00 22379.50
33.80 -52.86 -9999.00 -9999.00 -9999.00 75.56 20.26 0.00
0.00 23472.85
27.80 -50.26 -9999.00 -9999.00 -9999.00 82.81 20.16 0.00
0.00 24740.42
22.30 -47.86 -9999.00 -9999.00 -9999.00 87.59 18.47 0.00
0.00 26186.44
17.10 -45.16 -9999.00 -9999.00 -9999.00 80.13 18.14 0.00
0.00 27947.84
12.30 -41.36 -9999.00 -9999.00 -9999.00 80.02 24.65 0.00
0.00 30164.97

STID = KMDW STNM = 725340 TIME = 200808/2200 
SLAT = 41.78 SLON = -87.75 SELV = 183.0
STIM = 3

SHOW = -1.95 LIFT = -4.02 SWET = 205.13 KINX = 35.34
LCLP = 859.00 PWAT = 42.73 TOTL = 48.98 CAPE = 958.23
LCLT = 290.28 CINS = -55.86 EQLV = 241.23 LFCT = 724.16
BRCH = 56.31

PRES TMPC TMWC DWPC THTE DRCT SKNT OMEG
CFRL HGHT
994.60 29.54 22.48 19.47 346.52 185.44 8.20 0.00
0.00 192.88
991.60 28.84 22.22 19.38 345.88 185.10 10.92 0.00
0.00 219.85
986.10 28.14 21.94 19.27 345.56 185.36 12.49 0.00
0.00 269.38
976.70 27.24 21.56 19.09 345.39 185.88 13.29 0.00
0.00 354.46
962.70 25.94 21.01 18.84 345.25 187.22 13.91 0.00
0.00 482.23
944.80 24.34 20.31 18.52 345.18 189.34 14.37 0.00
0.00 647.52
923.50 22.34 19.42 18.09 344.91 192.36 14.51 0.00
0.00 847.12
900.20 20.54 18.32 17.26 344.18 204.44 14.08 0.10
0.00 1069.34
874.90 18.74 16.89 15.96 342.67 225.00 14.28 0.30
8.00 1315.65
846.70 17.04 14.81 13.60 339.44 241.02 14.43 0.50
12.00 1596.85
815.60 15.24 12.47 10.82 336.24 246.19 14.43 0.50
19.00 1915.82
781.60 15.44 9.43 5.07 331.71 253.14 13.40 0.40
0.00 2277.25
744.70 12.24 8.48 5.85 334.93 254.58 11.69 0.20
0.00 2685.35
704.90 8.74 6.29 4.48 335.11 255.20 10.64 0.10
0.00 3143.48
662.20 6.04 1.85 -2.25 329.95 264.81 8.59 0.10
0.00 3658.56
616.60 2.14 -0.61 -3.42 331.81 277.77 4.31 0.10
0.00 4239.26
568.60 -2.16 -6.12 -12.08 327.47 322.82 7.07 0.20
0.00 4888.70
522.10 -6.86 -11.78 -24.52 324.27 315.00 9.34 0.20
0.00 5560.35
480.20 -10.86 -14.80 -26.01 326.95 277.85 11.36 0.10
0.00 6207.91
442.80 -14.86 -16.69 -21.04 331.77 262.67 13.71 0.10
0.00 6826.18
409.00 -19.06 -20.10 -22.89 333.43 258.04 16.88 0.00
9.00 7422.19
378.40 -22.36 -25.16 -43.75 331.91 259.82 23.10 -0.10
0.00 7997.11
350.90 -26.06 -9999.00 -9999.00 -9999.00 264.58 26.73 -0.10
0.00 8546.94
326.10 -29.86 -31.87 -61.45 335.23 260.06 27.02 -0.10
0.00 9073.00
303.80 -33.56 -35.07 -58.00 336.97 256.27 26.20 -0.10
0.00 9573.62
283.70 -36.96 -38.15 -60.30 338.70 258.48 31.12 -0.10
0.00 10050.29
265.60 -40.06 -41.04 -66.03 340.53 256.96 35.30 -0.10
0.00 10503.09
248.80 -42.76 -43.55 -66.51 342.92 259.75 37.10 -0.10
0.00 10946.34
233.60 -45.36 -46.00 -66.97 345.22 265.49 39.55 -0.10
0.00 11369.07
219.60 -48.26 -48.77 -72.27 346.85 267.34 37.72 -0.10
0.00 11778.53
205.70 -50.76 -51.17 -72.71 349.46 264.60 28.88 0.00
0.00 12206.59
191.70 -52.96 -53.30 -73.19 353.04 255.75 25.25 0.00
0.00 12663.17
177.70 -55.46 -55.73 -73.70 356.68 253.66 26.92 0.00
0.00 13149.17
163.80 -58.46 -58.66 -74.24 360.04 259.25 27.08 0.00
0.00 13664.61
149.80 -61.66 -61.80 -74.84 363.85 267.76 24.88 0.00
0.00 14221.90
135.90 -64.36 -64.46 -75.48 369.34 269.50 22.34 0.00
0.00 14820.91
121.90 -65.26 -9999.00 -9999.00 -9999.00 261.95 20.80 0.00
0.00 15483.92
108.00 -65.56 -9999.00 -9999.00 -9999.00 254.42 20.98 0.00
0.00 16220.12
94.00 -65.06 -9999.00 -9999.00 -9999.00 274.33 12.86 0.00
0.00 17064.77
81.00 -63.16 -9999.00 -9999.00 -9999.00 278.97 3.73 0.00
0.00 17975.54
70.60 -60.86 -9999.00 -9999.00 -9999.00 353.99 3.71 0.00
0.00 18824.84
62.20 -58.56 -9999.00 -9999.00 -9999.00 102.01 9.34 0.00
0.00 19616.27
54.30 -58.76 -9999.00 -9999.00 -9999.00 117.30 6.78 0.00
0.00 20469.07
46.90 -57.56 -9999.00 -9999.00 -9999.00 66.45 8.26 0.00
0.00 21391.05
40.10 -54.26 -9999.00 -9999.00 -9999.00 54.87 12.82 0.00
0.00 22387.12
33.80 -51.56 -9999.00 -9999.00 -9999.00 80.43 17.54 0.00
0.00 23488.96
27.80 -49.86 -9999.00 -9999.00 -9999.00 93.53 15.77 0.00
0.00 24761.40
22.30 -48.36 -9999.00 -9999.00 -9999.00 88.49 14.76 0.00
0.00 26207.10
17.10 -45.36 -9999.00 -9999.00 -9999.00 77.35 19.50 0.00
0.00 27965.78
12.30 -41.56 -9999.00 -9999.00 -9999.00 75.12 28.75 0.00
0.00 30180.98

STID = KMDW STNM = 725340 TIME = 200808/2300 
SLAT = 41.78 SLON = -87.75 SELV = 183.0
STIM = 4

SHOW = -1.64 LIFT = -4.27 SWET = 198.53 KINX = 33.70
LCLP = 859.96 PWAT = 41.76 TOTL = 48.91 CAPE = 1052.19
LCLT = 290.38 CINS = -71.86 EQLV = 233.36 LFCT = 719.73
BRCH = 50.68

PRES TMPC TMWC DWPC THTE DRCT SKNT OMEG
CFRL HGHT
994.40 29.54 22.53 19.56 346.79 185.31 8.39 0.00
0.00 192.88
991.40 28.94 22.30 19.46 346.25 184.84 11.50 0.00
0.00 219.86
986.00 28.34 22.05 19.35 346.03 185.04 13.27 0.00
0.00 268.53
976.50 27.34 21.64 19.17 345.75 186.25 14.26 0.00
0.00 354.57
962.60 26.14 21.12 18.92 345.72 187.40 15.07 0.10
0.00 481.52
944.70 24.44 20.39 18.60 345.54 190.05 15.58 0.10
0.00 646.92
923.30 22.54 19.53 18.17 345.40 193.36 15.97 0.20
0.00 847.60
900.00 20.54 18.39 17.37 344.50 199.80 15.48 0.30
0.00 1069.95
874.70 18.84 16.87 15.88 342.62 218.54 14.65 0.50
12.00 1316.36
846.50 17.44 14.49 12.86 338.30 238.08 13.97 0.50
11.00 1597.82
815.40 15.84 12.18 9.94 335.27 242.32 13.38 0.50
15.00 1917.30
781.50 16.04 9.16 3.95 330.81 253.93 11.93 0.40
0.00 2278.37
744.60 12.44 8.22 5.19 334.11 254.93 10.47 0.30
0.00 2686.98
704.80 9.04 5.79 3.27 333.62 256.29 8.20 0.30
0.00 3145.45
662.10 6.54 1.76 -3.04 329.69 276.71 6.64 0.20
0.00 3661.20
616.60 2.44 -0.82 -4.28 331.24 303.18 6.04 0.20
0.00 4241.41
568.60 -2.16 -6.38 -12.99 326.86 321.34 9.95 0.20
0.00 4891.10
522.10 -6.96 -10.73 -18.36 326.55 316.25 12.65 0.10
0.00 5562.73
480.20 -10.96 -14.62 -24.40 327.34 290.90 11.44 0.00
0.00 6210.23
442.70 -15.16 -16.58 -19.82 332.02 274.47 12.47 -0.10
0.00 6829.80
409.00 -19.16 -21.09 -27.53 331.54 266.05 16.94 -0.20
1.00 7423.60
378.40 -22.46 -25.51 -53.44 331.22 270.51 21.76 -0.20
0.00 7998.17
350.90 -26.46 -28.98 -69.02 332.78 269.55 24.48 -0.20
0.00 8547.42
326.10 -30.06 -31.95 -54.68 335.13 260.61 26.18 -0.20
0.00 9072.85
303.80 -33.66 -35.16 -58.00 336.83 260.15 28.40 -0.10
0.00 9573.16
283.70 -37.26 -38.42 -60.30 338.27 261.20 33.02 -0.10
0.00 10049.44
265.60 -40.46 -41.38 -63.02 339.99 259.90 34.32 -0.10
0.00 10501.57
248.80 -43.36 -44.08 -63.51 342.08 261.78 35.33 -0.10
0.00 10943.86
233.60 -45.76 -46.37 -66.97 344.61 264.43 38.05 -0.10
0.00 11365.67
219.60 -48.46 -48.96 -72.27 346.54 264.64 37.45 0.00
0.00 11774.59
205.70 -50.86 -51.27 -72.71 349.30 261.31 30.85 0.00
0.00 12202.35
191.70 -52.86 -53.20 -73.19 353.20 250.09 26.24 0.00
0.00 12658.94
177.70 -55.36 -55.63 -73.70 356.84 249.63 27.35 0.00
0.00 13145.16
163.80 -58.26 -58.46 -74.24 360.38 256.64 27.76 0.00
0.00 13660.96
149.80 -61.36 -61.50 -74.84 364.36 262.67 27.43 0.00
0.00 14218.90
135.90 -64.16 -9999.00 -9999.00 -9999.00 265.13 25.16 0.00
0.00 14818.62
121.90 -65.56 -9999.00 -9999.00 -9999.00 264.09 22.65 0.00
0.00 15481.47
108.00 -65.86 -9999.00 -9999.00 -9999.00 266.19 20.44 0.00
0.00 16216.61
94.00 -65.06 -9999.00 -9999.00 -9999.00 289.25 12.96 0.00
0.00 17060.65
81.00 -62.76 -9999.00 -9999.00 -9999.00 282.53 5.38 0.00
0.00 17972.29
70.60 -59.96 -9999.00 -9999.00 -9999.00 325.01 2.37 0.00
0.00 18824.20
62.20 -58.26 -9999.00 -9999.00 -9999.00 131.63 7.01 0.00
0.00 19617.86
54.30 -57.86 -9999.00 -9999.00 -9999.00 78.69 1.98 0.00
0.00 20473.04
46.90 -56.46 -9999.00 -9999.00 -9999.00 42.51 9.48 0.00
0.00 21399.31
40.10 -53.96 -9999.00 -9999.00 -9999.00 51.46 14.65 0.00
0.00 22398.59
33.80 -52.76 -9999.00 -9999.00 -9999.00 83.88 16.41 0.00
0.00 23498.18
27.80 -50.96 -9999.00 -9999.00 -9999.00 102.70 14.14 0.00
0.00 24764.04
22.30 -48.66 -9999.00 -9999.00 -9999.00 78.42 16.45 0.00
0.00 26205.22
17.10 -43.96 -9999.00 -9999.00 -9999.00 72.45 27.70 0.00
0.00 27968.18
12.30 -41.26 -9999.00 -9999.00 -9999.00 77.51 31.43 0.00
0.00 30191.58

STID = KMDW STNM = 725340 TIME = 200809/0000 
SLAT = 41.78 SLON = -87.75 SELV = 183.0
STIM = 5

SHOW = -1.12 LIFT = -4.49 SWET = 189.39 KINX = 31.06
LCLP = 868.13 PWAT = 40.50 TOTL = 48.70 CAPE = 1081.63
LCLT = 290.72 CINS = -104.95 EQLV = 233.31 LFCT = 672.24
BRCH = 44.45

PRES TMPC TMWC DWPC THTE DRCT SKNT OMEG
CFRL HGHT
995.20 29.14 22.55 19.76 346.75 182.73 8.16 0.00
0.00 191.97
992.10 28.74 22.36 19.64 346.40 182.82 11.87 0.00
0.00 219.80
986.70 28.14 22.10 19.51 346.12 184.03 13.83 0.00
0.00 268.40
977.20 27.24 21.71 19.32 345.94 185.06 15.40 0.00
0.00 354.35
963.30 26.04 21.18 19.06 345.88 186.87 16.24 0.10
0.00 481.17
945.30 24.44 20.47 18.72 345.78 189.89 16.96 0.10
0.00 647.36
924.00 22.44 19.57 18.27 345.44 193.72 17.19 0.10
0.00 846.94
900.60 20.64 18.43 17.38 344.56 200.56 16.59 0.20
0.00 1070.10
875.30 19.14 16.56 15.25 341.33 220.45 15.58 0.30
7.00 1316.47
847.10 17.94 14.08 11.89 336.75 229.24 14.88 0.30
0.00 1598.02
816.00 16.84 11.75 8.48 333.69 237.72 13.09 0.30
0.00 1917.94
782.00 16.54 8.90 2.88 329.87 250.20 10.31 0.10
0.00 2280.62
745.10 12.74 7.88 4.27 332.97 249.59 8.92 0.00
0.00 2689.41
705.30 9.74 5.34 1.71 332.15 253.30 6.08 0.00
0.00 3148.20
662.60 7.14 1.55 -4.33 329.00 295.71 5.83 0.00
0.00 3664.58
617.00 2.84 -1.11 -5.49 330.41 316.97 7.96 0.10
0.00 4246.56
568.90 -2.16 -6.03 -11.80 327.61 323.50 12.08 0.10
0.00 4897.67
522.30 -7.06 -9.84 -14.64 328.45 313.92 14.57 0.10
0.00 5570.49
480.40 -11.16 -14.02 -20.53 328.57 297.01 11.11 0.00
0.00 6217.57
442.80 -15.56 -17.13 -20.90 330.94 280.30 10.86 -0.10
0.00 6837.94
409.10 -19.06 -22.41 -42.17 328.94 273.37 16.53 -0.10
0.00 7431.08
378.50 -22.56 -25.67 -60.30 330.90 278.29 20.22 -0.10
0.00 8005.37
351.00 -26.46 -28.77 -50.22 333.18 270.96 23.12 0.00
0.00 8554.37
326.20 -30.16 -31.93 -50.10 335.16 262.16 27.06 0.00
0.00 9079.56
303.80 -33.76 -35.20 -55.27 336.77 265.46 29.43 0.00
0.00 9581.85
283.70 -37.46 -38.57 -58.54 338.03 264.94 30.81 0.00
0.00 10057.82
265.60 -40.76 -41.62 -60.81 339.59 260.13 31.74 0.10
0.00 10509.47
248.80 -43.26 -43.99 -63.51 342.23 258.81 35.04 0.10
0.00 10951.57
233.60 -45.66 -46.28 -66.97 344.76 259.88 38.68 0.10
0.00 11373.57
219.60 -48.36 -48.84 -67.41 346.74 260.73 38.58 0.10
0.00 11782.67
205.70 -50.66 -51.08 -72.71 349.62 260.16 34.11 0.00
0.00 12210.73
191.70 -52.66 -53.01 -73.19 353.52 253.48 29.37 0.00
0.00 12667.72
177.70 -55.36 -55.63 -73.70 356.84 251.32 28.50 -0.10
0.00 13154.17
163.80 -58.16 -58.37 -74.24 360.55 258.77 28.92 -0.10
0.00 13670.08
149.80 -61.26 -61.41 -74.84 364.54 264.97 31.00 -0.10
0.00 14228.28
135.90 -64.26 -64.36 -75.48 369.52 271.48 30.13 0.00
0.00 14828.00
121.90 -66.06 -9999.00 -9999.00 -9999.00 276.29 24.83 0.00
0.00 15489.90
108.00 -66.16 -9999.00 -9999.00 -9999.00 279.55 19.89 0.00
0.00 16223.63
94.00 -64.96 -9999.00 -9999.00 -9999.00 292.54 11.15 0.00
0.00 17067.26
81.00 -61.86 -9999.00 -9999.00 -9999.00 260.13 4.53 0.00
0.00 17981.08
70.60 -59.26 -9999.00 -9999.00 -9999.00 194.04 0.80 0.00
0.00 18836.21
62.20 -58.56 -9999.00 -9999.00 -9999.00 147.80 6.20 0.00
0.00 19630.60
54.30 -57.76 -9999.00 -9999.00 -9999.00 12.80 4.39 0.00
0.00 20485.40
46.90 -56.56 -9999.00 -9999.00 -9999.00 43.57 10.99 0.00
0.00 21411.66
40.10 -54.86 -9999.00 -9999.00 -9999.00 72.78 14.43 0.00
0.00 22408.65
33.80 -53.96 -9999.00 -9999.00 -9999.00 90.68 16.32 0.00
0.00 23502.99
27.80 -51.76 -9999.00 -9999.00 -9999.00 85.36 14.41 0.00
0.00 24763.12
22.30 -47.86 -9999.00 -9999.00 -9999.00 62.93 19.64 0.00
0.00 26204.31
17.10 -42.16 -9999.00 -9999.00 -9999.00 71.69 27.21 0.00
0.00 27977.36
12.30 -40.36 -9999.00 -9999.00 -9999.00 80.85 29.31 0.00
0.00 30213.78

STID = KMDW STNM = 725340 TIME = 200809/0100 
SLAT = 41.78 SLON = -87.75 SELV = 183.0
STIM = 6

SHOW = -1.10 LIFT = -4.53 SWET = 190.38 KINX = 30.53
LCLP = 886.14 PWAT = 39.58 TOTL = 48.78 CAPE = 1066.57
LCLT = 291.32 CINS = -121.56 EQLV = 233.01 LFCT = 661.94
BRCH = 38.33

PRES TMPC TMWC DWPC THTE DRCT SKNT OMEG
CFRL HGHT
995.70 28.04 22.42 20.05 346.17 180.00 6.99 0.00
0.00 192.82
992.70 27.84 22.29 19.93 346.04 180.00 11.27 0.00
0.00 219.66
987.20 27.44 22.06 19.77 345.93 181.59 13.99 0.00
0.00 269.01
977.70 26.74 21.69 19.52 345.82 183.33 16.72 0.10
0.00 354.75
963.80 25.64 21.13 19.16 345.60 186.07 18.36 0.10
0.00 481.33
945.80 24.14 20.39 18.73 345.36 189.94 19.13 0.00
0.00 647.24
924.50 22.34 19.50 18.20 345.05 196.42 19.23 0.00
0.00 846.58
901.10 20.54 18.39 17.37 344.33 204.15 18.51 0.00
0.00 1069.53
875.80 19.14 16.42 15.03 340.72 222.32 17.60 0.10
0.00 1315.71
847.50 17.84 14.00 11.80 336.38 230.37 16.14 0.10
0.00 1598.03
816.40 17.04 11.41 7.68 332.50 241.93 13.21 0.10
0.00 1917.81
782.40 16.64 8.56 1.95 328.75 254.85 9.65 0.00
0.00 2280.39
745.50 12.84 7.39 3.13 331.38 255.32 8.43 -0.10
0.00 2689.00
705.60 9.74 5.14 1.28 331.53 248.96 5.42 -0.20
0.00 3148.71
662.90 7.14 1.45 -4.61 328.67 302.47 5.07 -0.10
0.00 3664.81
617.20 2.74 -1.51 -6.44 329.35 319.09 7.71 -0.10
0.00 4247.67
569.10 -2.46 -5.73 -10.32 328.30 319.51 10.47 0.00
0.00 4898.09
522.50 -7.16 -10.28 -16.04 327.45 308.07 14.80 0.00
0.00 5570.18
480.50 -11.36 -14.05 -20.09 328.50 289.06 11.31 0.00
0.00 6218.21
442.90 -15.66 -18.25 -26.12 328.72 275.01 11.11 0.10
0.00 6837.98
409.20 -18.76 -22.47 -51.65 328.72 281.56 17.44 0.10
0.00 7431.08
378.50 -22.46 -25.41 -48.80 331.40 283.24 20.36 0.10
0.00 8007.61
351.00 -26.46 -28.69 -47.49 333.34 276.13 23.64 0.20
0.00 8556.75
326.20 -30.26 -31.97 -48.75 335.11 273.68 27.25 0.20
0.00 9081.84
303.80 -33.96 -35.33 -53.17 336.57 272.88 27.04 0.30
0.00 9583.82
283.70 -37.56 -38.64 -57.08 337.93 268.04 28.38 0.30
0.00 10059.50
265.60 -40.76 -41.62 -60.81 339.59 259.44 31.82 0.20
0.00 10511.05
248.80 -43.36 -44.08 -63.51 342.08 257.44 36.62 0.20
0.00 10953.06
233.60 -45.86 -46.46 -66.97 344.46 258.80 40.00 0.10
0.00 11374.77
219.60 -48.36 -48.84 -67.41 346.74 261.03 41.10 0.10
0.00 11783.70
205.70 -50.86 -51.24 -67.88 349.35 263.56 38.11 0.10
0.00 12211.56
191.70 -52.86 -53.20 -73.19 353.20 262.02 32.17 0.00
0.00 12668.15
177.70 -55.26 -55.54 -73.70 357.01 256.24 29.39 0.00
0.00 13154.48
163.80 -58.06 -58.27 -74.24 360.72 259.49 29.84 0.00
0.00 13670.64
149.80 -61.06 -61.21 -74.84 364.88 265.96 33.10 0.00
0.00 14229.23
135.90 -64.26 -64.36 -75.48 369.52 274.76 35.08 0.00
0.00 14829.24
121.90 -65.76 -9999.00 -9999.00 -9999.00 280.89 25.72 0.00
0.00 15491.61
108.00 -65.46 -9999.00 -9999.00 -9999.00 281.44 16.65 0.00
0.00 16227.11
94.00 -64.36 -9999.00 -9999.00 -9999.00 279.04 8.66 0.00
0.00 17073.38
81.00 -61.16 -9999.00 -9999.00 -9999.00 240.26 6.25 0.00
0.00 17990.03
70.60 -58.86 -9999.00 -9999.00 -9999.00 213.69 1.40 0.00
0.00 18847.38
62.20 -58.96 -9999.00 -9999.00 -9999.00 161.57 3.07 0.00
0.00 19641.77
54.30 -57.96 -9999.00 -9999.00 -9999.00 360.00 8.55 0.00
0.00 20495.37
46.90 -56.86 -9999.00 -9999.00 -9999.00 37.57 12.74 0.00
0.00 21420.56
40.10 -55.86 -9999.00 -9999.00 -9999.00 79.85 13.23 0.00
0.00 22414.57
33.80 -54.76 -9999.00 -9999.00 -9999.00 88.21 12.43 0.00
0.00 23504.41
27.80 -51.76 -9999.00 -9999.00 -9999.00 68.63 14.39 0.00
0.00 24762.26
22.30 -47.56 -9999.00 -9999.00 -9999.00 62.35 23.02 0.00
0.00 26204.41
17.10 -43.66 -9999.00 -9999.00 -9999.00 79.38 28.46 0.00
0.00 27972.80
12.30 -41.26 -9999.00 -9999.00 -9999.00 82.38 27.84 0.00
0.00 30197.65

STID = KMDW STNM = 725340 TIME = 200809/0200 
SLAT = 41.78 SLON = -87.75 SELV = 183.0
STIM = 7

SHOW = -1.93 LIFT = -4.46 SWET = 214.74 KINX = 31.72
LCLP = 906.22 PWAT = 39.82 TOTL = 49.37 CAPE = 931.50
LCLT = 291.95 CINS = -109.05 EQLV = 239.92 LFCT = 705.91
BRCH = 26.26

PRES TMPC TMWC DWPC THTE DRCT SKNT OMEG
CFRL HGHT
995.40 26.74 22.23 20.32 345.42 174.47 6.04 0.00
0.00 191.89
992.40 26.74 22.09 20.11 345.27 176.42 12.45 0.00
0.00 218.63
986.90 26.44 21.86 19.90 345.14 177.83 15.37 0.00
0.00 267.84
977.40 26.14 21.44 19.40 344.81 180.55 20.40 0.00
0.00 353.37
963.40 25.24 20.83 18.88 344.41 183.04 21.99 0.00
0.00 480.68
945.50 23.94 20.19 18.51 344.57 189.13 22.03 -0.10
0.00 645.54
924.20 22.24 19.45 18.17 344.89 199.62 20.82 -0.10
0.00 844.83
900.80 20.34 18.63 17.82 345.35 210.77 20.12 -0.10
0.00 1067.77
875.50 18.44 17.02 16.30 343.07 220.66 19.97 -0.10
2.00 1313.76
847.20 16.94 14.44 13.06 338.03 232.35 17.17 -0.10
0.00 1595.57
816.10 16.24 11.58 8.57 333.13 247.71 12.80 -0.20
0.00 1914.67
782.10 16.14 8.50 2.31 328.67 262.23 8.62 -0.30
0.00 2276.65
745.20 12.84 6.82 1.85 329.71 265.24 7.01 -0.30
0.00 2685.01
705.40 9.24 4.94 1.30 330.99 244.44 4.95 -0.30
0.00 3143.24
662.70 6.44 1.47 -3.65 328.83 284.93 3.01 -0.20
0.00 3658.45
617.00 2.54 -1.79 -6.93 328.69 321.95 5.67 0.00
0.00 4240.57
568.90 -2.76 -5.79 -10.00 328.23 310.31 8.41 0.10
0.00 4890.61
522.30 -7.36 -11.03 -18.63 325.89 303.69 14.01 0.20
0.00 5562.26
480.40 -11.36 -14.54 -22.44 327.52 281.94 10.33 0.20
0.00 6208.54
442.90 -15.26 -19.03 -35.30 327.11 279.95 11.25 0.20
0.00 6827.04
409.10 -18.56 -22.02 -41.77 329.63 295.96 16.41 0.20
0.00 7422.58
378.50 -22.46 -25.28 -44.67 331.67 284.74 19.08 0.30
0.00 7997.58
351.00 -26.06 -28.41 -48.76 333.80 282.16 23.06 0.30
0.00 8547.17
326.20 -30.06 -31.91 -52.57 335.18 283.92 23.41 0.30
0.00 9072.89
303.80 -34.06 -35.42 -53.17 336.43 277.85 22.75 0.30
0.00 9574.97
283.70 -37.56 -38.64 -57.08 337.93 267.03 26.26 0.20
0.00 10050.55
265.60 -40.56 -41.44 -60.81 339.88 257.51 33.22 0.10
0.00 10502.29
248.80 -43.26 -43.99 -63.51 342.23 259.38 37.94 0.00
0.00 10944.58
233.60 -45.86 -46.44 -63.98 344.50 260.13 40.81 0.00
0.00 11366.40
219.60 -48.46 -48.94 -67.41 346.59 262.21 41.57 0.00
0.00 11775.23
205.70 -50.86 -51.24 -67.88 349.35 264.29 39.04 -0.10
0.00 12203.00
191.70 -52.76 -53.11 -73.19 353.36 262.38 33.70 -0.10
0.00 12659.69
177.70 -54.96 -55.25 -73.70 357.50 257.47 30.44 -0.10
0.00 13146.47
163.80 -57.86 -58.07 -74.24 361.05 258.27 31.55 -0.10
0.00 13663.21
149.80 -61.16 -61.31 -74.84 364.71 264.92 35.10 0.00
0.00 14221.94
135.90 -64.26 -64.36 -75.48 369.52 276.37 36.75 0.00
0.00 14821.80
121.90 -65.16 -9999.00 -9999.00 -9999.00 286.53 25.93 0.00
0.00 15485.13
108.00 -64.76 -9999.00 -9999.00 -9999.00 281.31 13.87 0.00
0.00 16222.93
94.00 -64.26 -9999.00 -9999.00 -9999.00 271.10 10.10 0.00
0.00 17070.83
81.00 -61.76 -9999.00 -9999.00 -9999.00 247.75 9.23 0.00
0.00 17986.40
70.60 -60.16 -9999.00 -9999.00 -9999.00 270.00 1.55 0.00
0.00 18839.92
62.20 -60.16 -9999.00 -9999.00 -9999.00 108.43 1.22 0.00
0.00 19629.68
54.30 -58.76 -9999.00 -9999.00 -9999.00 17.59 8.35 0.00
0.00 20479.30
46.90 -56.86 -9999.00 -9999.00 -9999.00 53.62 13.75 0.00
0.00 21402.78
40.10 -55.76 -9999.00 -9999.00 -9999.00 86.78 13.81 0.00
0.00 22397.01
33.80 -54.56 -9999.00 -9999.00 -9999.00 75.53 12.43 0.00
0.00 23487.60
27.80 -51.46 -9999.00 -9999.00 -9999.00 59.35 18.30 0.00
0.00 24746.88
22.30 -46.86 -9999.00 -9999.00 -9999.00 70.26 27.04 0.00
0.00 26192.26
17.10 -43.16 -9999.00 -9999.00 -9999.00 78.77 27.93 0.00
0.00 27965.31
12.30 -40.76 -9999.00 -9999.00 -9999.00 72.29 24.26 0.00
0.00 30194.98

STID = KMDW STNM = 725340 TIME = 200809/0300 
SLAT = 41.78 SLON = -87.75 SELV = 183.0
STIM = 8

SHOW = -1.96 LIFT = -3.93 SWET = 219.59 KINX = 31.07
LCLP = 919.85 PWAT = 39.65 TOTL = 48.77 CAPE = 749.48
LCLT = 292.20 CINS = -112.27 EQLV = 244.72 LFCT = 680.12
BRCH = 18.05

PRES TMPC TMWC DWPC THTE DRCT SKNT OMEG
CFRL HGHT
995.70 25.74 21.96 20.33 344.20 174.64 6.24 0.00
0.00 192.75
992.80 25.94 21.80 20.01 343.97 176.24 14.80 0.00
0.00 218.51
987.30 25.74 21.57 19.75 343.83 176.78 17.31 0.00
0.00 267.56
977.80 25.64 21.10 19.08 343.28 179.51 22.92 0.00
0.00 352.88
963.80 25.04 20.55 18.53 343.18 181.82 24.49 0.00
0.00 479.97
945.90 23.84 20.08 18.38 344.04 190.09 23.29 0.00
0.00 644.66
924.50 22.24 19.52 18.28 345.15 202.29 21.00 0.00
0.00 844.77
901.20 20.44 18.84 18.09 346.15 215.27 19.50 0.10
0.00 1066.73
875.80 18.34 17.31 16.78 344.16 225.00 19.77 0.10
0.00 1313.64
847.50 16.24 14.71 13.87 338.96 230.99 19.76 0.10
4.00 1595.06
816.40 15.84 11.54 8.78 332.98 249.34 12.67 0.00
0.00 1913.50
782.40 15.44 8.68 3.39 329.22 268.45 7.19 -0.20
0.00 2274.72
745.40 12.74 6.60 1.42 329.02 274.97 4.49 -0.20
0.00 2683.52
705.60 9.14 4.65 0.76 330.15 234.46 3.34 -0.10
0.00 3141.41
662.80 6.34 1.41 -3.71 328.64 255.96 1.59 0.10
0.00 3657.49
617.10 2.64 -1.87 -7.32 328.45 315.00 3.85 0.20
0.00 4239.50
569.00 -2.56 -6.14 -11.43 327.37 300.96 9.05 0.20
0.00 4889.69
522.40 -7.06 -11.48 -21.84 324.88 303.18 12.06 0.20
0.00 5561.69
480.50 -10.96 -14.88 -26.11 326.74 278.13 9.62 0.20
0.00 6208.55
443.00 -14.86 -18.67 -34.40 327.74 294.78 11.13 0.20
0.00 6827.81
409.20 -18.46 -21.57 -35.87 330.48 299.65 14.53 0.20
0.00 7423.83
378.60 -22.06 -24.95 -44.20 332.22 289.61 17.95 0.30
0.00 7999.29
351.00 -25.96 -28.33 -48.76 333.93 295.05 19.74 0.30
0.00 8551.36
326.20 -30.06 -31.86 -50.86 335.26 285.21 20.73 0.20
0.00 9077.19
303.80 -34.26 -35.59 -53.17 336.15 273.12 21.41 0.10
0.00 9579.06
283.70 -37.76 -38.84 -58.54 337.60 262.46 26.65 0.10
0.00 10054.24
265.60 -40.76 -41.62 -60.81 339.59 260.37 33.68 0.00
0.00 10505.60
248.80 -43.56 -44.26 -63.51 341.78 263.82 37.90 0.00
0.00 10947.41
233.60 -46.16 -46.72 -63.98 344.05 264.08 41.39 0.00
0.00 11368.67
219.60 -48.66 -49.10 -64.44 346.32 266.52 41.65 0.00
0.00 11777.05
205.70 -50.86 -51.24 -67.88 349.35 267.38 38.31 0.00
0.00 12204.63
191.70 -52.46 -52.82 -73.19 353.84 263.20 34.42 0.00
0.00 12661.63
177.70 -54.46 -54.77 -73.70 358.32 258.82 33.06 0.00
0.00 13149.30
163.80 -57.56 -57.78 -74.24 361.55 258.24 34.32 -0.10
0.00 13667.00
149.80 -61.36 -61.50 -74.84 364.36 261.37 34.97 -0.10
0.00 14225.85
135.90 -64.76 -64.85 -75.48 368.63 275.31 33.55 0.00
0.00 14824.72
121.90 -65.26 -9999.00 -9999.00 -9999.00 288.72 24.83 0.00
0.00 15487.09
108.00 -64.46 -9999.00 -9999.00 -9999.00 273.58 12.45 0.00
0.00 16225.25
94.00 -63.86 -9999.00 -9999.00 -9999.00 266.19 11.67 0.00
0.00 17074.57
81.00 -61.46 -9999.00 -9999.00 -9999.00 248.40 10.02 0.00
0.00 17991.66
70.60 -60.46 -9999.00 -9999.00 -9999.00 246.80 1.48 0.00
0.00 18845.18
62.20 -60.36 -9999.00 -9999.00 -9999.00 153.43 0.87 0.00
0.00 19634.01
54.30 -58.86 -9999.00 -9999.00 -9999.00 26.57 8.26 0.00
0.00 20483.04
46.90 -57.16 -9999.00 -9999.00 -9999.00 53.45 14.02 0.00
0.00 21405.66
40.10 -56.06 -9999.00 -9999.00 -9999.00 67.62 14.28 0.00
0.00 22398.52
33.80 -54.66 -9999.00 -9999.00 -9999.00 61.75 14.78 0.00
0.00 23488.11
27.80 -50.56 -9999.00 -9999.00 -9999.00 61.93 19.81 0.00
0.00 24749.68
22.30 -46.46 -9999.00 -9999.00 -9999.00 74.28 27.23 0.00
0.00 26199.25
17.10 -43.86 -9999.00 -9999.00 -9999.00 74.17 25.64 0.00
0.00 27971.14
12.30 -41.36 -9999.00 -9999.00 -9999.00 73.44 29.99 0.00
0.00 30194.54

STID = KMDW STNM = 725340 TIME = 200809/0400 
SLAT = 41.78 SLON = -87.75 SELV = 183.0
STIM = 9

SHOW = -1.94 LIFT = -3.62 SWET = 224.23 KINX = 29.78
LCLP = 928.43 PWAT = 39.46 TOTL = 48.36 CAPE = 698.41
LCLT = 292.26 CINS = -136.58 EQLV = 249.49 LFCT = 643.99
BRCH = 15.95

PRES TMPC TMWC DWPC THTE DRCT SKNT OMEG
CFRL HGHT
996.00 25.04 21.71 20.25 343.09 176.42 6.24 0.00
0.00 192.72
993.00 25.24 21.54 19.91 342.83 177.77 14.98 0.00
0.00 219.30
987.50 25.14 21.32 19.63 342.75 178.73 17.48 0.00
0.00 268.23
978.10 25.24 20.95 19.04 342.65 182.79 23.91 0.00
0.00 352.49
964.10 24.84 20.56 18.63 343.16 186.48 25.80 0.00
0.00 479.41
946.20 23.74 20.17 18.57 344.38 194.68 25.29 0.00
0.00 643.98
924.80 22.24 19.62 18.43 345.51 204.32 22.16 0.00
0.00 844.01
901.40 20.44 18.88 18.15 346.29 215.27 19.50 0.10
0.00 1066.87
876.00 18.34 17.71 17.37 345.72 223.73 18.55 0.10
6.00 1313.77
847.70 16.04 14.90 14.26 339.60 232.13 19.93 0.20
11.00 1595.10
816.50 16.24 11.30 8.04 332.16 250.97 11.93 0.10
0.00 1914.60
782.50 15.24 8.74 3.71 329.40 293.96 3.83 0.00
0.00 2275.87
745.60 12.74 6.63 1.50 329.09 303.69 1.40 0.10
0.00 2683.36
705.70 9.54 4.49 -0.01 329.65 208.61 2.43 0.20
0.00 3142.59
662.90 6.84 1.36 -4.45 328.47 230.19 1.52 0.20
0.00 3659.33
617.30 2.84 -2.06 -8.17 327.94 297.65 4.60 0.20
0.00 4240.58
569.10 -2.36 -6.63 -13.49 326.21 302.86 11.09 0.20
0.00 4892.31
522.50 -6.86 -11.65 -23.66 324.47 303.98 10.78 0.10
0.00 5564.56
480.60 -10.56 -14.95 -28.68 326.52 284.04 10.41 0.10
0.00 6211.95
443.00 -14.56 -17.85 -28.59 329.37 306.35 12.78 0.10
0.00 6833.65
409.20 -18.36 -21.08 -31.57 331.44 311.69 16.65 0.20
0.00 7430.25
378.60 -22.26 -24.85 -39.46 332.45 309.06 17.27 0.20
0.00 8005.66
351.00 -26.36 -28.42 -43.21 333.82 302.77 16.86 0.20
0.00 8557.10
326.20 -30.46 -32.09 -47.57 334.91 283.31 18.57 0.30
0.00 9082.10
303.80 -34.36 -35.70 -54.16 335.97 267.82 20.42 0.20
0.00 9583.46
283.70 -37.86 -38.93 -58.54 337.46 258.31 28.77 0.20
0.00 10058.43
265.60 -40.86 -41.72 -60.81 339.45 263.55 32.85 0.10
0.00 10509.60
248.80 -43.36 -44.08 -63.51 342.08 266.42 37.37 0.00
0.00 10951.51
233.60 -45.96 -46.53 -63.98 344.35 268.88 39.82 0.00
0.00 11373.13
219.60 -48.56 -49.01 -64.44 346.48 268.83 38.07 0.00
0.00 11781.79
205.70 -50.36 -50.77 -67.88 350.14 267.50 35.59 -0.10
0.00 12209.94
191.70 -51.96 -52.34 -73.19 354.64 262.64 34.87 -0.10
0.00 12667.97
177.70 -54.26 -54.57 -73.70 358.64 257.50 36.81 -0.20
0.00 13156.42
163.80 -57.66 -57.88 -74.24 361.39 257.60 38.00 -0.20
0.00 13674.24
149.80 -61.76 -61.90 -74.84 363.68 263.52 34.40 -0.20
0.00 14232.44
135.90 -65.06 -65.15 -75.48 368.10 278.55 30.05 -0.10
0.00 14830.31
121.90 -65.26 -9999.00 -9999.00 -9999.00 288.43 23.95 0.00
0.00 15492.21
108.00 -63.86 -9999.00 -9999.00 -9999.00 258.53 13.68 0.00
0.00 16231.42
94.00 -63.86 -9999.00 -9999.00 -9999.00 262.88 12.53 0.00
0.00 17081.96
81.00 -62.06 -9999.00 -9999.00 -9999.00 260.31 8.08 0.00
0.00 17997.75
70.60 -61.26 -9999.00 -9999.00 -9999.00 331.39 2.43 0.00
0.00 18848.45
62.20 -60.46 -9999.00 -9999.00 -9999.00 360.00 1.17 0.00
0.00 19635.61
54.30 -58.66 -9999.00 -9999.00 -9999.00 43.21 8.80 0.00
0.00 20484.84
46.90 -57.06 -9999.00 -9999.00 -9999.00 67.66 15.33 0.00
0.00 21408.10
40.10 -55.86 -9999.00 -9999.00 -9999.00 70.85 14.80 0.00
0.00 22401.65
33.80 -52.86 -9999.00 -9999.00 -9999.00 63.74 16.24 0.00
0.00 23496.24
27.80 -50.16 -9999.00 -9999.00 -9999.00 65.60 23.04 0.00
0.00 24764.10
22.30 -47.96 -9999.00 -9999.00 -9999.00 78.69 25.76 0.00
0.00 26210.12
17.10 -44.36 -9999.00 -9999.00 -9999.00 82.35 29.20 0.00
0.00 27974.24
12.30 -42.16 -9999.00 -9999.00 -9999.00 75.72 33.08 0.00
0.00 30191.37

STID = KMDW STNM = 725340 TIME = 200809/0500 
SLAT = 41.78 SLON = -87.75 SELV = 183.0
STIM = 10

SHOW = -2.24 LIFT = -4.09 SWET = 217.32 KINX = 28.60
LCLP = 939.41 PWAT = 39.14 TOTL = 48.91 CAPE = 823.42
LCLT = 292.58 CINS = -150.73 EQLV = 243.12 LFCT = 642.72
BRCH = 18.36

PRES TMPC TMWC DWPC THTE DRCT SKNT OMEG
CFRL HGHT
995.80 24.34 21.58 20.37 342.62 180.00 6.60 0.00
0.00 192.70
992.80 24.64 21.45 20.05 342.53 182.23 14.98 0.00
0.00 219.23
987.30 24.54 21.27 19.82 342.58 183.14 17.70 0.00
0.00 268.08
977.90 24.74 21.03 19.39 343.03 188.44 25.14 0.00
0.00 352.21
963.90 24.54 20.81 19.16 344.26 192.57 27.66 0.10
0.00 479.01
946.00 23.54 20.57 19.26 346.08 201.21 27.91 0.10
0.00 643.53
924.60 22.04 19.91 18.95 346.76 206.37 25.37 0.20
0.00 843.54
901.20 20.34 18.91 18.24 346.45 211.50 21.19 0.20
0.00 1066.38
875.80 18.14 17.80 17.59 346.12 217.12 18.03 0.30
7.00 1313.23
847.50 16.24 14.97 14.28 339.92 223.48 15.52 0.40
17.00 1594.64
816.30 16.94 10.91 6.74 330.88 250.82 4.74 0.50
0.00 1914.65
782.40 15.54 8.66 3.26 329.16 75.96 1.59 0.60
0.00 2275.45
745.40 13.04 6.59 1.10 328.97 174.81 2.14 0.70
0.00 2684.51
705.60 10.04 4.24 -1.14 328.93 203.50 4.88 0.60
0.00 3143.25
662.80 7.24 1.27 -5.24 328.21 240.64 3.57 0.50
0.00 3660.79
617.20 2.94 -2.26 -8.96 327.44 286.56 7.50 0.30
0.00 4242.57
569.10 -2.36 -6.82 -14.23 325.76 304.99 14.22 0.00
0.00 4893.06
522.50 -6.96 -11.57 -22.76 324.65 303.15 11.36 -0.20
0.00 5565.17
480.60 -10.76 -15.28 -30.53 325.85 293.75 10.61 -0.20
0.00 6212.18
443.00 -14.76 -17.92 -28.08 329.25 313.67 11.81 -0.10
0.00 6833.39
409.20 -18.66 -21.09 -29.97 331.44 319.81 14.74 0.00
0.00 7429.44
378.60 -22.26 -24.79 -38.62 332.56 308.78 13.95 0.10
0.00 8004.53
351.00 -26.46 -28.46 -42.46 333.76 292.22 14.90 0.10
0.00 8555.87
326.20 -30.56 -32.24 -49.41 334.65 273.69 18.10 0.10
0.00 9080.65
303.80 -34.36 -35.72 -55.27 335.93 263.26 21.52 0.10
0.00 9581.90
283.70 -37.96 -38.99 -57.08 337.36 261.11 28.90 0.00
0.00 10056.77
265.60 -40.96 -41.81 -60.81 339.30 266.40 30.94 0.00
0.00 10507.75
248.80 -43.36 -44.08 -63.51 342.08 270.32 35.16 0.00
0.00 10949.56
233.60 -46.06 -46.63 -63.98 344.20 269.08 36.32 0.00
0.00 11371.10
219.60 -48.46 -48.94 -67.41 346.59 267.27 36.75 0.00
0.00 11779.75
205.70 -50.66 -51.05 -67.88 349.66 266.91 35.99 0.00
0.00 12207.71
191.70 -52.66 -53.01 -73.19 353.52 264.01 35.35 0.00
0.00 12664.71
177.70 -55.16 -55.44 -73.70 357.17 259.04 37.80 -0.10
0.00 13151.38
163.80 -58.46 -58.66 -74.24 360.04 260.15 37.45 -0.10
0.00 13667.17
149.80 -62.06 -62.19 -74.84 363.16 262.92 31.51 0.00
0.00 14223.94
135.90 -64.76 -64.85 -75.48 368.63 272.20 25.27 0.00
0.00 14821.80
121.90 -64.76 -9999.00 -9999.00 -9999.00 278.21 20.42 0.00
0.00 15484.97
108.00 -63.96 -9999.00 -9999.00 -9999.00 256.89 14.57 0.00
0.00 16224.90
94.00 -64.66 -9999.00 -9999.00 -9999.00 279.02 12.39 -0.10
0.00 17073.61
81.00 -63.26 -9999.00 -9999.00 -9999.00 281.31 7.93 0.00
0.00 17985.04
70.60 -61.86 -9999.00 -9999.00 -9999.00 270.00 0.97 0.00
0.00 18832.12
62.20 -59.96 -9999.00 -9999.00 -9999.00 119.05 2.00 0.00
0.00 19619.10
54.30 -57.96 -9999.00 -9999.00 -9999.00 70.91 10.68 0.00
0.00 20470.71
46.90 -56.96 -9999.00 -9999.00 -9999.00 79.70 15.21 0.00
0.00 21395.69
40.10 -55.66 -9999.00 -9999.00 -9999.00 63.81 13.21 0.00
0.00 22389.92
33.80 -52.96 -9999.00 -9999.00 -9999.00 54.69 17.13 0.00
0.00 23484.77
27.80 -51.06 -9999.00 -9999.00 -9999.00 72.24 21.02 0.00
0.00 24749.77
22.30 -48.16 -9999.00 -9999.00 -9999.00 87.55 22.75 0.00
0.00 26192.24
17.10 -44.06 -9999.00 -9999.00 -9999.00 90.78 28.55 0.00
0.00 27956.75
12.30 -42.36 -9999.00 -9999.00 -9999.00 77.37 34.63 0.00
0.00 30174.36

STID = KMDW STNM = 725340 TIME = 200809/0600 
SLAT = 41.78 SLON = -87.75 SELV = 183.0
STIM = 11

SHOW = -0.35 LIFT = -4.90 SWET = 164.51 KINX = 26.33
LCLP = 950.44 PWAT = 37.66 TOTL = 48.08 CAPE = 1097.64
LCLT = 293.18 CINS = -156.10 EQLV = 226.61 LFCT = 659.99
BRCH = 35.73

PRES TMPC TMWC DWPC THTE DRCT SKNT OMEG
CFRL HGHT
995.60 23.94 21.75 20.78 343.34 192.53 5.38 0.00
0.00 192.69
992.70 24.24 21.67 20.55 343.47 192.99 12.96 0.00
0.00 218.31
987.20 24.14 21.53 20.39 343.71 194.38 15.64 0.00
0.00 267.12
977.70 24.04 21.46 20.33 344.86 200.03 22.13 0.00
0.00 352.04
963.80 23.64 21.38 20.40 346.72 204.52 24.34 0.10
0.00 477.69
945.80 23.04 20.88 19.94 347.47 208.75 25.04 0.20
0.00 642.86
924.30 22.04 19.93 18.99 346.92 210.54 22.55 0.20
0.00 843.72
900.90 20.14 18.62 17.89 345.28 214.18 19.02 0.20
0.00 1066.54
875.60 18.34 16.59 15.69 341.39 214.70 15.37 0.20
27.00 1312.34
847.40 18.14 13.39 10.54 334.27 211.16 9.75 0.00
3.00 1593.45
816.30 18.24 10.23 4.15 328.61 168.69 4.95 0.00
0.00 1913.85
782.30 16.04 8.38 2.10 328.26 161.57 7.98 -0.10
0.00 2276.66
745.40 13.24 6.11 -0.31 327.55 190.41 9.67 -0.10
0.00 2685.02
705.60 10.14 3.91 -2.12 327.97 207.15 8.51 -0.10
0.00 3143.87
662.90 7.24 1.25 -5.31 328.13 249.15 4.37 0.00
0.00 3660.20
617.20 2.84 -2.22 -8.68 327.54 299.29 9.13 0.00
0.00 4243.12
569.10 -2.76 -6.58 -12.54 326.34 317.41 16.36 -0.10
0.00 4893.08
522.50 -7.56 -11.37 -19.63 325.15 322.13 13.29 0.00
0.00 5564.08
480.50 -11.16 -15.28 -28.12 325.93 322.70 10.26 0.00
0.00 6211.59
443.00 -14.86 -18.01 -28.21 329.09 335.22 11.13 0.10
0.00 6830.65
409.20 -18.36 -21.01 -30.96 331.58 323.70 11.81 0.20
0.00 7426.91
378.60 -21.96 -24.70 -40.71 332.69 300.96 12.45 0.20
0.00 8002.66
351.00 -26.36 -28.51 -44.89 333.67 282.20 14.70 0.10
0.00 8554.42
326.20 -30.46 -32.22 -51.68 334.67 261.62 18.65 0.10
0.00 9079.40
303.80 -34.56 -35.92 -56.53 335.60 255.96 26.44 0.00
0.00 9580.54
283.70 -38.36 -39.35 -57.08 336.78 260.47 26.98 -0.10
0.00 10054.81
265.60 -40.96 -41.81 -60.81 339.30 267.03 29.95 0.00
0.00 10505.40
248.80 -43.56 -44.22 -59.58 341.87 272.91 34.42 0.00
0.00 10947.02
233.60 -46.36 -46.91 -63.98 343.75 270.94 35.35 0.00
0.00 11368.10
219.60 -48.86 -49.31 -67.41 345.97 268.41 34.98 0.00
0.00 11776.12
205.70 -50.96 -51.34 -67.88 349.19 265.37 33.72 0.00
0.00 12203.41
191.70 -52.86 -53.20 -73.19 353.20 260.81 34.05 0.00
0.00 12659.89
177.70 -55.46 -55.73 -73.70 356.68 259.45 37.14 0.00
0.00 13146.00
163.80 -58.46 -58.66 -74.24 360.04 260.12 35.10 0.00
0.00 13661.44
149.80 -61.66 -61.80 -74.84 363.85 259.43 29.64 0.00
0.00 14218.73
135.90 -64.36 -64.46 -75.48 369.34 264.52 24.40 0.00
0.00 14817.74
121.90 -65.06 -9999.00 -9999.00 -9999.00 272.81 19.83 0.00
0.00 15481.07
108.00 -64.96 -9999.00 -9999.00 -9999.00 258.11 15.09 0.00
0.00 16218.69
94.00 -65.46 -9999.00 -9999.00 -9999.00 270.00 11.46 0.00
0.00 17063.75
81.00 -63.46 -9999.00 -9999.00 -9999.00 264.29 7.81 0.00
0.00 17972.99
70.60 -61.56 -9999.00 -9999.00 -9999.00 250.02 2.27 0.00
0.00 18820.28
62.20 -59.56 -9999.00 -9999.00 -9999.00 26.57 2.60 0.00
0.00 19608.56
54.30 -58.06 -9999.00 -9999.00 -9999.00 65.48 12.16 0.00
0.00 20460.76
46.90 -57.16 -9999.00 -9999.00 -9999.00 82.60 15.07 0.00
0.00 21385.10
40.10 -55.46 -9999.00 -9999.00 -9999.00 71.03 13.15 0.00
0.00 22379.33
33.80 -52.96 -9999.00 -9999.00 -9999.00 63.43 15.64 0.00
0.00 23474.67
27.80 -50.56 -9999.00 -9999.00 -9999.00 82.36 16.06 0.00
0.00 24741.10
22.30 -48.36 -9999.00 -9999.00 -9999.00 93.04 18.28 0.00
0.00 26184.54
17.10 -44.66 -9999.00 -9999.00 -9999.00 88.67 25.06 0.00
0.00 27945.94
12.30 -42.46 -9999.00 -9999.00 -9999.00 80.25 32.13 0.00
0.00 30160.18

STID = KMDW STNM = 725340 TIME = 200809/0700 
SLAT = 41.78 SLON = -87.75 SELV = 183.0
STIM = 12

SHOW = -0.60 LIFT = -4.46 SWET = 179.71 KINX = 25.16
LCLP = 968.21 PWAT = 37.44 TOTL = 48.09 CAPE = 1125.81
LCLT = 293.82 CINS = -131.78 EQLV = 226.53 LFCT = 651.22
BRCH = 42.90

PRES TMPC TMWC DWPC THTE DRCT SKNT OMEG
CFRL HGHT
995.80 23.04 21.73 21.13 343.24 194.04 3.21 0.00
0.00 191.79
992.80 23.54 21.73 20.92 343.68 197.82 11.42 0.00
0.00 218.22
987.30 23.44 21.63 20.82 344.09 199.18 14.20 0.00
0.00 266.92
977.80 23.54 21.75 20.97 346.11 204.13 20.44 0.00
0.00 351.68
963.80 23.54 21.42 20.50 346.89 206.57 23.89 0.00
0.00 478.13
945.90 22.94 20.64 19.62 346.40 206.95 25.72 -0.10
0.00 642.31
924.50 21.84 19.51 18.45 345.13 209.01 22.44 -0.10
0.00 842.06
901.10 20.34 17.95 16.79 342.56 212.85 18.26 -0.20
0.00 1064.73
875.80 18.84 16.10 14.68 339.53 216.36 17.37 -0.20
0.00 1310.64
847.50 17.54 13.67 11.42 335.26 210.58 14.90 -0.30
0.00 1592.62
816.40 16.84 10.76 6.50 330.38 184.16 10.70 -0.40
0.00 1912.04
782.40 15.34 8.16 2.27 327.65 164.36 10.08 -0.30
0.00 2273.64
745.50 12.84 5.67 -1.03 326.28 183.81 8.76 0.00
0.00 2681.13
705.70 10.44 3.68 -3.11 327.29 206.57 6.08 0.20
0.00 3139.76
662.90 7.64 1.17 -6.10 327.89 270.00 3.69 0.30
0.00 3657.81
617.30 2.94 -2.31 -9.13 327.29 314.24 10.30 0.30
0.00 4239.87
569.20 -2.76 -6.53 -12.35 326.45 321.71 14.10 0.20
0.00 4889.83
522.50 -7.36 -11.36 -20.17 325.16 328.67 10.47 0.10
0.00 5562.46
480.60 -11.16 -14.97 -25.77 326.57 320.19 7.60 0.10
0.00 6208.63
443.00 -14.86 -17.82 -26.89 329.47 324.29 7.65 0.10
0.00 6829.32
409.20 -18.36 -21.04 -31.26 331.51 304.33 9.63 0.10
0.00 7425.60
378.60 -22.16 -24.85 -40.71 332.43 289.59 12.16 0.10
0.00 8001.12
351.00 -26.46 -28.65 -46.37 333.41 274.34 15.38 0.00
0.00 8552.55
326.20 -30.66 -32.41 -52.57 334.35 261.50 21.02 0.00
0.00 9077.20
303.80 -34.96 -36.22 -54.16 335.12 261.35 27.12 0.00
0.00 9577.71
283.70 -38.46 -39.42 -55.83 336.68 265.97 27.66 0.00
0.00 10051.49
265.60 -40.96 -41.78 -59.06 339.34 275.16 30.23 0.00
0.00 10501.98
248.80 -43.76 -44.45 -63.51 341.48 278.58 31.24 0.10
0.00 10943.42
233.60 -46.36 -46.91 -63.98 343.75 271.03 32.44 0.10
0.00 11364.30
219.60 -48.76 -49.22 -67.41 346.12 266.40 34.05 0.00
0.00 11772.41
205.70 -50.76 -51.15 -67.88 349.51 262.23 34.50 0.00
0.00 12199.99
191.70 -53.06 -53.40 -73.19 352.88 260.23 35.47 0.00
0.00 12656.47
177.70 -55.76 -56.02 -73.70 356.19 261.78 36.69 0.00
0.00 13142.03
163.80 -58.56 -58.75 -74.24 359.88 260.59 33.28 0.00
0.00 13656.99
149.80 -61.66 -61.80 -74.84 363.85 255.87 29.45 0.00
0.00 14214.15
135.90 -64.06 -64.17 -75.48 369.87 259.73 25.08 0.00
0.00 14813.59
121.90 -64.76 -9999.00 -9999.00 -9999.00 264.81 19.31 0.00
0.00 15477.87
108.00 -64.96 -9999.00 -9999.00 -9999.00 250.88 15.42 0.00
0.00 16216.02
94.00 -65.56 -9999.00 -9999.00 -9999.00 259.44 11.65 0.00
0.00 17060.88
81.00 -63.36 -9999.00 -9999.00 -9999.00 260.79 7.28 0.00
0.00 17970.12
70.60 -61.26 -9999.00 -9999.00 -9999.00 230.19 1.52 0.00
0.00 18818.22
62.20 -59.16 -9999.00 -9999.00 -9999.00 83.29 3.32 0.00
0.00 19607.79
54.30 -57.66 -9999.00 -9999.00 -9999.00 87.23 12.06 0.00
0.00 20461.59
46.90 -56.16 -9999.00 -9999.00 -9999.00 91.61 13.79 0.00
0.00 21388.92
40.10 -54.46 -9999.00 -9999.00 -9999.00 79.18 13.44 0.00
0.00 22387.74
33.80 -52.96 -9999.00 -9999.00 -9999.00 75.78 15.03 0.00
0.00 23485.58
27.80 -50.26 -9999.00 -9999.00 -9999.00 81.47 15.71 0.00
0.00 24752.87
22.30 -48.26 -9999.00 -9999.00 -9999.00 86.14 17.33 0.00
0.00 26197.60
17.10 -44.96 -9999.00 -9999.00 -9999.00 82.01 22.36 0.00
0.00 27958.22
12.30 -42.56 -9999.00 -9999.00 -9999.00 77.98 30.79 0.00
0.00 30170.53

STID = KMDW STNM = 725340 TIME = 200809/0800 
SLAT = 41.78 SLON = -87.75 SELV = 183.0
STIM = 13

SHOW = -2.69 LIFT = -4.99 SWET = 231.96 KINX = 27.16
LCLP = 977.09 PWAT = 39.26 TOTL = 50.35 CAPE = 1176.23
LCLT = 294.05 CINS = -94.72 EQLV = 221.65 LFCT = 661.29
BRCH = 63.23

PRES TMPC TMWC DWPC THTE DRCT SKNT OMEG
CFRL HGHT
995.10 22.44 21.61 21.20 342.82 197.10 2.64 0.00
0.00 192.65
992.10 22.94 21.69 21.11 343.61 207.01 11.11 0.00
0.00 219.05
986.60 22.84 21.61 21.05 344.15 206.93 13.73 0.00
0.00 267.69
977.20 23.14 21.80 21.20 346.41 212.13 19.72 0.00
0.00 351.49
963.20 23.14 21.36 20.58 346.74 213.16 23.45 0.00
0.00 477.86
945.20 22.54 20.73 19.92 346.89 212.05 24.51 0.00
0.00 642.86
923.80 21.34 19.77 19.05 346.32 211.86 23.56 0.00
0.00 842.51
900.50 19.94 18.50 17.80 344.85 211.25 20.22 0.00
0.00 1064.14
875.20 18.24 17.18 16.63 343.74 214.61 16.76 0.00
2.00 1309.99
846.90 17.04 14.85 13.67 339.57 217.48 14.69 0.10
3.00 1591.91
815.80 16.54 11.29 7.81 332.22 199.59 12.16 0.10
0.00 1911.35
781.80 15.14 8.20 2.57 327.88 188.26 12.16 0.10
0.00 2272.99
745.00 12.64 5.46 -1.36 325.78 197.30 12.41 0.00
0.00 2679.39
705.20 10.14 3.39 -3.53 326.60 201.80 9.42 -0.20
0.00 3137.90
662.50 7.24 1.05 -5.90 327.66 230.91 4.00 -0.30
0.00 3654.43
616.90 2.64 -2.32 -8.65 327.37 325.89 7.26 -0.30
0.00 4236.15
568.90 -3.06 -6.46 -11.57 326.68 325.24 11.58 -0.20
0.00 4884.49
522.30 -7.66 -11.40 -19.49 325.12 336.97 8.45 -0.10
0.00 5555.28
480.40 -11.36 -14.82 -24.00 326.94 330.02 5.83 0.00
0.00 6201.15
442.90 -14.76 -17.70 -26.55 329.73 320.44 5.79 0.10
0.00 6820.31
409.10 -18.16 -21.12 -33.24 331.37 297.65 9.21 0.20
0.00 7417.06
378.50 -22.06 -24.89 -42.90 332.36 283.63 13.19 0.10
0.00 7993.04
351.00 -26.36 -28.61 -47.49 333.47 268.09 17.48 0.00
0.00 8542.74
326.20 -30.96 -32.71 -54.68 333.85 262.47 23.72 -0.10
0.00 9067.18
303.80 -35.46 -36.64 -53.17 334.46 262.55 25.47 -0.10
0.00 9566.86
283.70 -38.36 -39.35 -57.08 336.78 267.01 26.07 -0.10
0.00 10040.23
265.60 -40.86 -41.72 -60.81 339.45 275.51 28.30 0.00
0.00 10490.92
248.80 -43.46 -44.15 -61.32 341.97 275.00 31.20 0.00
0.00 10932.73
233.60 -46.66 -47.21 -66.97 343.25 269.66 32.83 0.00
0.00 11353.62
219.60 -49.16 -49.60 -67.41 345.51 266.40 34.05 0.00
0.00 11761.09
205.70 -51.26 -51.62 -67.88 348.72 262.79 34.07 0.00
0.00 12187.81
191.70 -53.46 -53.78 -73.19 352.24 261.60 34.56 0.00
0.00 12643.36
177.70 -55.86 -56.12 -73.70 356.02 262.99 35.02 0.00
0.00 13128.37
163.80 -58.36 -58.56 -74.24 360.21 260.65 32.28 0.10
0.00 13643.45
149.80 -61.26 -61.41 -74.84 364.54 255.07 30.15 0.00
0.00 14201.39
135.90 -63.76 -63.87 -75.48 370.40 260.33 26.59 0.00
0.00 14801.82
121.90 -64.86 -9999.00 -9999.00 -9999.00 263.78 19.74 0.00
0.00 15466.43
108.00 -65.56 -9999.00 -9999.00 -9999.00 249.84 16.36 0.00
0.00 16203.34
94.00 -65.76 -9999.00 -9999.00 -9999.00 259.70 13.03 0.00
0.00 17046.57
81.00 -63.06 -9999.00 -9999.00 -9999.00 271.36 8.16 0.00
0.00 17956.03
70.60 -60.56 -9999.00 -9999.00 -9999.00 260.54 1.18 0.00
0.00 18806.13
62.20 -59.06 -9999.00 -9999.00 -9999.00 74.48 3.63 0.00
0.00 19597.19
54.30 -57.56 -9999.00 -9999.00 -9999.00 79.11 10.30 0.00
0.00 20451.38
46.90 -55.76 -9999.00 -9999.00 -9999.00 90.00 11.27 0.00
0.00 21379.79
40.10 -54.06 -9999.00 -9999.00 -9999.00 78.31 11.50 0.00
0.00 22380.45
33.80 -51.96 -9999.00 -9999.00 -9999.00 70.29 13.83 0.00
0.00 23481.79
27.80 -49.56 -9999.00 -9999.00 -9999.00 70.25 16.10 0.00
0.00 24753.94
22.30 -48.36 -9999.00 -9999.00 -9999.00 82.54 16.45 0.00
0.00 26200.61
17.10 -45.36 -9999.00 -9999.00 -9999.00 81.65 21.41 0.00
0.00 27959.29
12.30 -42.36 -9999.00 -9999.00 -9999.00 79.32 31.43 0.00
0.00 30170.63

STID = KMDW STNM = 725340 TIME = 200809/0900 
SLAT = 41.78 SLON = -87.75 SELV = 183.0
STIM = 14

SHOW = -3.31 LIFT = -4.33 SWET = 250.85 KINX = 27.01
LCLP = 981.23 PWAT = 39.71 TOTL = 50.77 CAPE = 1059.24
LCLT = 294.17 CINS = -108.45 EQLV = 224.41 LFCT = 654.19
BRCH = 68.31

PRES TMPC TMWC DWPC THTE DRCT SKNT OMEG
CFRL HGHT
995.50 22.24 21.59 21.26 342.69 203.20 2.95 0.00
0.00 192.64
992.50 22.54 21.72 21.32 343.69 213.96 11.48 0.00
0.00 219.01
987.00 22.54 21.72 21.33 344.56 215.45 14.06 0.10
0.00 267.57
977.60 22.64 21.74 21.31 346.07 220.78 20.51 0.10
2.00 351.24
963.60 22.34 21.09 20.52 345.52 223.65 23.35 0.10
4.00 477.28
945.60 21.84 20.16 19.39 344.45 224.31 22.80 0.10
0.00 641.77
924.20 20.84 19.23 18.47 344.01 222.35 20.77 0.00
0.00 840.86
900.80 19.64 18.28 17.61 343.92 217.82 18.69 0.00
0.00 1063.01
875.50 18.34 17.25 16.70 344.00 212.22 16.76 0.00
0.00 1308.67
847.20 16.84 15.42 14.67 341.63 211.33 15.70 0.00
7.00 1590.52
816.10 16.24 12.16 9.65 335.09 204.04 13.83 0.00
0.00 1909.74
782.10 15.04 8.71 3.83 329.39 198.70 13.33 0.10
0.00 2271.18
745.20 12.74 5.40 -1.65 325.56 200.14 12.41 0.20
0.00 2678.61
705.40 10.04 3.04 -4.42 325.62 199.13 10.08 0.20
0.00 3136.94
662.70 7.24 1.02 -5.97 327.56 226.97 3.98 0.20
0.00 3653.18
617.10 2.54 -2.30 -8.45 327.38 330.95 6.00 0.20
0.00 4234.62
569.00 -2.96 -6.49 -11.84 326.59 325.71 10.35 0.20
0.00 4884.15
522.40 -7.46 -11.37 -19.94 325.15 326.31 6.29 0.20
0.00 5555.17
480.50 -11.26 -14.57 -22.97 327.42 298.61 4.88 0.10
0.00 6201.28
442.90 -14.76 -17.71 -26.66 329.70 283.57 5.79 0.00
0.00 6822.17
409.10 -18.36 -21.34 -33.99 330.96 280.01 10.06 -0.10
0.00 7418.68
378.50 -22.46 -25.14 -41.75 331.94 277.03 14.30 -0.10
0.00 7993.97
351.00 -26.86 -29.05 -48.76 332.72 268.70 17.09 -0.20
0.00 8542.68
326.20 -31.56 -33.17 -52.57 333.11 261.29 21.81 -0.10
0.00 9065.94
303.80 -35.46 -36.61 -52.28 334.50 257.28 24.69 -0.10
0.00 9565.00
283.70 -37.96 -38.99 -57.08 337.36 268.65 24.67 0.00
0.00 10038.77
265.60 -40.46 -41.31 -57.61 340.12 276.60 28.75 0.10
0.00 10490.23
248.80 -43.96 -44.58 -59.58 341.27 272.10 31.88 0.10
0.00 10931.96
233.60 -46.96 -47.47 -63.98 342.84 268.41 34.98 0.00
0.00 11352.11
219.60 -49.56 -49.98 -67.41 344.89 263.73 33.80 0.00
0.00 11758.95
205.70 -51.76 -52.10 -67.88 347.93 261.15 32.83 0.00
0.00 12184.81
191.70 -53.76 -54.07 -73.19 351.76 262.70 32.11 0.00
0.00 12639.53
177.70 -55.96 -56.21 -73.70 355.86 264.46 32.21 0.00
0.00 13124.10
163.80 -58.46 -58.66 -74.24 360.04 261.61 30.63 0.00
0.00 13638.94
149.80 -61.36 -61.50 -74.84 364.36 254.95 29.18 0.00
0.00 14196.62
135.90 -63.86 -63.97 -75.48 370.22 259.11 25.72 0.00
0.00 14796.77
121.90 -64.86 -9999.00 -9999.00 -9999.00 252.47 19.35 0.00
0.00 15461.21
108.00 -65.86 -9999.00 -9999.00 -9999.00 239.53 19.15 0.00
0.00 16197.59
94.00 -65.36 -9999.00 -9999.00 -9999.00 255.11 15.87 0.00
0.00 17041.02
81.00 -62.36 -9999.00 -9999.00 -9999.00 274.76 9.36 0.00
0.00 17952.88
70.60 -60.96 -9999.00 -9999.00 -9999.00 319.40 1.79 0.00
0.00 18803.59
62.20 -60.26 -9999.00 -9999.00 -9999.00 41.01 5.92 -0.10
0.00 19591.68
54.30 -59.06 -9999.00 -9999.00 -9999.00 64.75 11.38 0.00
0.00 20440.50
46.90 -57.26 -9999.00 -9999.00 -9999.00 88.29 13.01 0.00
0.00 21362.48
40.10 -54.66 -9999.00 -9999.00 -9999.00 73.84 13.95 0.00
0.00 22358.32
33.80 -51.36 -9999.00 -9999.00 -9999.00 73.36 17.64 0.00
0.00 23459.66
27.80 -49.56 -9999.00 -9999.00 -9999.00 80.13 18.14 0.00
0.00 24733.53
22.30 -48.06 -9999.00 -9999.00 -9999.00 84.92 17.56 0.00
0.00 26181.17
17.10 -45.36 -9999.00 -9999.00 -9999.00 78.89 22.16 0.00
0.00 27941.01
12.30 -42.66 -9999.00 -9999.00 -9999.00 79.51 32.01 0.00
0.00 30150.91

STID = KMDW STNM = 725340 TIME = 200809/1000 
SLAT = 41.78 SLON = -87.75 SELV = 183.0
STIM = 15

SHOW = -2.85 LIFT = -3.00 SWET = 233.75 KINX = 25.25
LCLP = 984.57 PWAT = 37.90 TOTL = 50.47 CAPE = 630.58
LCLT = 294.21 CINS = -225.93 EQLV = 253.78 LFCT = 626.89
BRCH = 54.04

PRES TMPC TMWC DWPC THTE DRCT SKNT OMEG
CFRL HGHT
996.10 22.04 21.53 21.25 342.33 191.31 2.97 0.00
0.00 192.63
993.10 22.34 21.69 21.36 343.47 212.23 10.57 0.10
0.00 218.96
987.60 22.24 21.66 21.36 344.19 215.34 13.09 0.10
0.00 267.46
978.10 22.24 21.34 20.91 344.30 225.42 18.82 0.10
13.00 351.85
964.10 22.44 20.02 18.90 341.00 232.72 21.48 0.20
9.00 477.69
946.20 22.14 18.98 17.47 339.59 237.41 22.36 0.20
0.00 641.12
924.80 20.94 18.18 16.83 339.74 235.30 18.43 0.20
0.00 840.03
901.50 19.64 17.46 16.38 340.62 229.69 16.82 0.20
0.00 1060.95
876.10 18.34 16.56 15.65 341.21 225.00 15.93 0.20
0.00 1307.25
847.80 17.14 15.15 14.09 340.52 211.50 14.12 0.20
0.00 1588.94
816.60 16.14 12.77 10.79 337.10 200.75 13.71 0.30
0.00 1909.11
782.60 15.34 8.84 3.86 329.71 201.04 13.52 0.30
0.00 2270.52
745.60 13.24 4.96 -3.58 324.21 197.57 12.22 0.30
0.00 2679.31
705.80 10.44 2.85 -5.61 324.97 199.09 10.68 0.20
0.00 3137.98
663.10 7.44 1.09 -6.07 327.65 226.64 4.82 0.10
0.00 3654.41
617.40 2.64 -2.21 -8.33 327.55 319.64 5.09 0.00
0.00 4237.13
569.30 -3.06 -6.49 -11.65 326.55 323.57 10.14 0.00
0.00 4886.33
522.60 -7.56 -11.45 -20.01 324.96 309.56 5.79 0.00
0.00 5558.25
480.60 -11.26 -14.49 -22.53 327.57 280.89 5.15 0.00
0.00 6205.59
443.10 -14.76 -17.76 -27.00 329.55 266.53 6.43 0.10
0.00 6824.63
409.20 -18.46 -21.52 -35.20 330.59 271.08 10.30 0.00
0.00 7422.56
378.60 -22.56 -25.37 -45.16 331.48 273.18 14.01 0.00
0.00 7997.45
351.10 -27.06 -29.34 -54.07 332.18 268.67 16.71 0.00
0.00 8545.67
326.20 -31.86 -33.38 -50.86 332.78 255.47 21.68 -0.10
0.00 9070.41
303.90 -34.86 -36.11 -53.17 335.28 256.68 22.77 -0.10
0.00 9567.47
283.70 -37.16 -38.26 -55.83 338.55 272.73 24.49 -0.10
0.00 10044.93
265.60 -40.56 -41.33 -54.30 340.10 276.60 28.75 0.00
0.00 10497.08
248.80 -44.16 -44.82 -63.51 340.89 272.32 33.62 0.00
0.00 10938.51
233.60 -47.16 -47.68 -66.97 342.49 267.70 33.82 0.00
0.00 11358.29
219.60 -49.66 -50.07 -67.41 344.73 262.58 33.10 0.00
0.00 11764.86
205.70 -51.76 -52.10 -67.88 347.93 261.57 31.82 0.00
0.00 12190.62
191.70 -53.76 -54.07 -73.19 351.76 262.92 29.95 0.00
0.00 12645.35
177.70 -55.96 -56.21 -73.70 355.86 263.16 29.35 0.00
0.00 13129.91
163.80 -58.46 -58.66 -74.24 360.04 259.14 28.88 0.10
0.00 13644.75
149.80 -61.16 -61.31 -74.84 364.71 251.44 29.29 0.10
0.00 14202.70
135.90 -63.46 -63.58 -75.48 370.93 254.52 26.20 0.00
0.00 14803.70
121.90 -64.56 -9999.00 -9999.00 -9999.00 243.21 21.97 0.00
0.00 15469.25
108.00 -65.86 -9999.00 -9999.00 -9999.00 241.35 21.46 0.00
0.00 16206.17
94.00 -64.86 -9999.00 -9999.00 -9999.00 261.77 16.30 0.00
0.00 17050.61
81.00 -62.46 -9999.00 -9999.00 -9999.00 276.52 6.84 0.00
0.00 17963.34
70.60 -61.96 -9999.00 -9999.00 -9999.00 146.31 1.40 0.00
0.00 18811.84
62.20 -60.86 -9999.00 -9999.00 -9999.00 71.57 4.91 0.00
0.00 19596.96
54.30 -58.76 -9999.00 -9999.00 -9999.00 86.76 10.31 0.00
0.00 20445.19
46.90 -57.46 -9999.00 -9999.00 -9999.00 101.89 11.31 0.00
0.00 21367.38
40.10 -54.46 -9999.00 -9999.00 -9999.00 58.89 13.15 0.00
0.00 22363.22
33.80 -51.06 -9999.00 -9999.00 -9999.00 70.77 17.70 0.00
0.00 23465.82
27.80 -49.26 -9999.00 -9999.00 -9999.00 82.45 16.26 0.00
0.00 24741.40
22.30 -48.16 -9999.00 -9999.00 -9999.00 75.47 16.26 0.00
0.00 26189.68
17.10 -45.96 -9999.00 -9999.00 -9999.00 74.70 21.35 0.00
0.00 27946.81
12.30 -43.16 -9999.00 -9999.00 -9999.00 80.95 30.89 0.00
0.00 30151.40

STID = KMDW STNM = 725340 TIME = 200809/1100 
SLAT = 41.78 SLON = -87.75 SELV = 183.0
STIM = 16

SHOW = -2.60 LIFT = -3.07 SWET = 226.35 KINX = 23.66
LCLP = 985.62 PWAT = 36.94 TOTL = 50.39 CAPE = 633.99
LCLT = 294.03 CINS = -269.24 EQLV = 255.19 LFCT = 626.15
BRCH = 62.55

PRES TMPC TMWC DWPC THTE DRCT SKNT OMEG
CFRL HGHT
995.70 21.74 21.30 21.05 341.44 180.00 3.50 0.00
0.00 193.50
992.90 22.04 21.46 21.16 342.55 202.20 10.28 0.00
0.00 218.05
987.30 22.04 21.41 21.09 343.19 207.76 12.51 0.10
2.00 267.40
977.80 22.04 20.87 20.31 342.36 223.21 17.60 0.10
16.00 351.74
963.90 22.64 19.94 18.69 340.71 228.01 20.90 0.10
5.00 476.68
946.00 22.64 19.42 17.91 341.34 226.95 20.20 0.20
0.00 640.35
924.60 21.54 18.20 16.56 339.82 226.76 17.87 0.20
0.00 839.68
901.20 19.84 17.35 16.11 340.23 226.82 17.31 0.30
0.00 1061.88
875.90 18.24 16.37 15.40 340.51 224.52 16.34 0.30
0.00 1307.30
847.60 17.34 14.90 13.59 339.63 211.39 13.42 0.30
0.00 1589.05
816.40 16.64 12.67 10.30 336.76 202.09 14.47 0.30
0.00 1909.61
782.40 15.84 8.58 2.79 328.89 203.63 13.58 0.30
0.00 2271.66
745.50 13.74 4.31 -6.53 322.34 199.03 11.93 0.30
0.00 2679.97
705.70 10.84 2.68 -6.80 324.48 202.20 10.28 0.20
0.00 3139.27
663.00 7.54 1.12 -6.10 327.75 241.19 4.43 0.10
0.00 3656.19
617.30 2.54 -2.17 -8.06 327.67 322.13 6.64 0.00
0.00 4239.01
569.20 -3.16 -6.35 -11.03 326.89 325.24 11.58 -0.10
0.00 4888.13
522.60 -7.66 -11.45 -19.71 324.97 311.76 7.28 -0.10
0.00 5558.45
480.60 -11.36 -14.47 -22.10 327.61 285.42 5.85 -0.10
0.00 6205.56
443.00 -15.06 -17.90 -26.55 329.32 266.73 6.82 -0.10
0.00 6825.86
409.20 -18.76 -21.74 -35.20 330.20 268.81 9.32 -0.10
0.00 7421.41
378.60 -22.76 -25.71 -51.30 330.86 274.61 12.08 -0.10
0.00 7995.72
351.00 -27.46 -29.62 -51.95 331.74 257.11 16.53 -0.10
0.00 8545.32
326.20 -31.86 -33.36 -50.10 332.82 245.26 21.81 0.00
0.00 9067.61
303.90 -34.56 -35.87 -54.16 335.66 253.05 21.33 0.10
0.00 9564.98
283.70 -37.16 -38.17 -52.05 338.71 271.40 23.89 0.20
0.00 10042.75
265.60 -40.86 -41.60 -54.30 339.66 270.00 30.11 0.20
0.00 10494.61
248.80 -44.16 -44.82 -63.51 340.89 267.21 31.90 0.20
0.00 10935.76
233.60 -47.16 -47.66 -63.98 342.53 262.11 32.56 0.10
0.00 11355.54
219.60 -49.66 -50.07 -67.41 344.73 259.76 32.77 0.10
0.00 11762.12
205.70 -51.76 -52.10 -67.88 347.93 260.54 30.73 0.10
0.00 12187.88
191.70 -53.56 -53.88 -73.19 352.08 262.25 28.83 0.00
0.00 12642.81
177.70 -55.86 -56.12 -73.70 356.02 262.43 28.03 0.00
0.00 13127.70
163.80 -58.46 -58.66 -74.24 360.04 259.55 27.86 0.00
0.00 13642.66
149.80 -61.16 -61.31 -74.84 364.71 252.65 29.31 0.00
0.00 14200.60
135.90 -63.46 -63.58 -75.48 370.93 257.29 26.48 0.00
0.00 14801.61
121.90 -64.56 -9999.00 -9999.00 -9999.00 243.43 21.72 0.00
0.00 15467.16
108.00 -65.56 -9999.00 -9999.00 -9999.00 242.49 21.02 0.00
0.00 16204.61
94.00 -64.16 -9999.00 -9999.00 -9999.00 259.56 15.02 0.00
0.00 17051.09
81.00 -62.06 -9999.00 -9999.00 -9999.00 255.96 6.41 0.00
0.00 17966.21
70.60 -61.96 -9999.00 -9999.00 -9999.00 225.00 2.47 0.00
0.00 18815.51
62.20 -60.46 -9999.00 -9999.00 -9999.00 25.20 3.65 0.00
0.00 19601.38
54.30 -58.36 -9999.00 -9999.00 -9999.00 77.01 7.77 0.00
0.00 20451.20
46.90 -57.76 -9999.00 -9999.00 -9999.00 84.69 8.39 0.00
0.00 21373.60
40.10 -55.06 -9999.00 -9999.00 -9999.00 51.80 15.07 0.00
0.00 22367.38
33.80 -52.46 -9999.00 -9999.00 -9999.00 68.96 18.94 0.00
0.00 23464.97
27.80 -50.46 -9999.00 -9999.00 -9999.00 78.69 16.84 0.00
0.00 24733.12
22.30 -48.16 -9999.00 -9999.00 -9999.00 72.18 17.13 0.00
0.00 26177.53
17.10 -45.06 -9999.00 -9999.00 -9999.00 73.01 21.93 0.00
0.00 27938.15
12.30 -43.46 -9999.00 -9999.00 -9999.00 79.80 29.60 0.00
0.00 30145.64

STID = KMDW STNM = 725340 TIME = 200809/1200 
SLAT = 41.78 SLON = -87.75 SELV = 183.0
STIM = 17

SHOW = -2.80 LIFT = -3.94 SWET = 233.09 KINX = 22.41
LCLP = 980.08 PWAT = 38.55 TOTL = 50.70 CAPE = 717.81
LCLT = 294.05 CINS = -222.76 EQLV = 241.97 LFCT = 632.79
BRCH = 69.86

PRES TMPC TMWC DWPC THTE DRCT SKNT OMEG
CFRL HGHT
995.80 22.24 21.52 21.16 342.35 202.83 4.00 0.00
0.00 193.51
992.90 22.14 21.33 20.93 342.00 210.96 10.20 0.00
0.00 218.97
987.40 21.84 21.12 20.75 341.94 212.11 11.69 0.00
2.00 267.41
977.90 21.84 20.76 20.24 341.91 223.24 17.87 0.00
0.00 351.68
964.00 22.24 20.32 19.43 342.22 225.39 20.18 0.00
3.00 476.51
946.00 22.04 19.78 18.74 342.82 223.43 20.07 0.00
0.00 640.87
924.60 21.04 18.96 17.98 342.86 220.27 18.34 -0.10
0.00 839.95
901.30 19.54 18.03 17.29 342.87 218.97 17.00 -0.10
0.00 1061.03
875.90 18.04 16.70 16.01 341.78 216.72 15.27 -0.10
0.00 1307.31
847.60 17.04 14.85 13.66 339.43 212.09 13.52 -0.10
1.00 1588.86
816.40 16.44 12.79 10.64 337.19 207.94 14.51 -0.10
0.00 1909.18
782.40 15.24 9.44 5.25 331.63 208.41 13.48 -0.10
0.00 2270.87
745.50 13.64 4.60 -5.34 323.16 206.10 10.61 -0.10
0.00 2678.86
705.70 10.74 2.19 -8.40 323.17 202.89 9.48 -0.10
0.00 3137.99
663.00 7.44 1.03 -6.25 327.50 237.72 4.37 0.00
0.00 3654.66
617.30 2.44 -2.06 -7.57 327.96 326.82 6.04 0.00
0.00 4237.28
569.20 -3.36 -6.11 -9.99 327.44 329.98 10.10 0.10
0.00 4886.12
522.50 -7.96 -11.31 -18.21 325.31 316.12 7.01 0.20
0.00 5557.41
480.60 -11.56 -14.57 -21.93 327.43 270.00 4.86 0.20
0.00 6202.48
443.00 -15.16 -18.00 -26.77 329.13 246.37 6.78 0.20
0.00 6822.42
409.20 -18.76 -21.92 -37.59 329.83 249.15 8.72 0.10
0.00 7417.83
378.60 -22.86 -25.88 -58.02 330.52 253.81 12.55 0.10
0.00 7992.00
351.00 -27.86 -29.85 -48.11 331.40 243.97 18.59 0.00
0.00 8541.05
326.20 -31.16 -32.79 -50.86 333.74 243.21 21.97 -0.10
0.00 9063.67
303.80 -33.56 -34.99 -53.17 337.14 258.69 21.79 -0.10
0.00 9565.12
283.70 -37.26 -38.19 -49.98 338.69 270.87 25.45 -0.10
0.00 10041.51
265.60 -40.96 -41.74 -56.36 339.43 267.75 29.74 0.00
0.00 10493.18
248.80 -44.46 -45.10 -63.51 340.44 265.30 30.79 0.00
0.00 10933.94
233.60 -47.36 -47.84 -63.98 342.23 262.79 30.94 0.00
0.00 11353.26
219.60 -49.86 -50.26 -67.41 344.43 259.99 30.19 0.00
0.00 11759.47
205.70 -51.96 -52.29 -67.88 347.62 257.93 28.81 0.00
0.00 12184.85
191.70 -53.76 -54.07 -73.19 351.76 257.77 28.42 0.00
0.00 12639.37
177.70 -55.96 -56.21 -73.70 355.86 260.08 28.21 0.00
0.00 13123.93
163.80 -58.56 -58.75 -74.24 359.88 260.54 27.18 0.00
0.00 13638.65
149.80 -61.26 -61.41 -74.84 364.54 254.22 27.86 0.00
0.00 14196.33
135.90 -63.36 -63.48 -75.48 371.11 257.16 27.10 0.00
0.00 14797.34
121.90 -64.66 -9999.00 -9999.00 -9999.00 247.19 22.55 -0.10
0.00 15462.89
108.00 -65.96 -9999.00 -9999.00 -9999.00 248.96 21.64 -0.10
0.00 16199.45
94.00 -65.16 -9999.00 -9999.00 -9999.00 260.91 14.76 0.00
0.00 17043.08
81.00 -62.86 -9999.00 -9999.00 -9999.00 258.69 5.94 0.00
0.00 17954.29
70.60 -61.96 -9999.00 -9999.00 -9999.00 239.04 1.13 0.00
0.00 18801.98
62.20 -59.56 -9999.00 -9999.00 -9999.00 54.46 5.01 0.00
0.00 19589.52
54.30 -57.86 -9999.00 -9999.00 -9999.00 91.17 9.52 0.00
0.00 20442.12
46.90 -57.86 -9999.00 -9999.00 -9999.00 79.38 9.48 0.00
0.00 21365.38
40.10 -56.56 -9999.00 -9999.00 -9999.00 57.93 17.19 0.00
0.00 22355.49
33.80 -54.26 -9999.00 -9999.00 -9999.00 76.10 19.41 0.00
0.00 23444.83
27.80 -51.26 -9999.00 -9999.00 -9999.00 86.10 17.13 0.00
0.00 24705.54
22.30 -47.76 -9999.00 -9999.00 -9999.00 79.59 19.35 0.00
0.00 26148.66
17.10 -44.46 -9999.00 -9999.00 -9999.00 77.18 24.49 0.00
0.00 27913.17
12.30 -42.96 -9999.00 -9999.00 -9999.00 78.25 29.56 0.00
0.00 30125.96

STID = KMDW STNM = 725340 TIME = 200809/1300 
SLAT = 41.78 SLON = -87.75 SELV = 183.0
STIM = 18

SHOW = -2.66 LIFT = -3.94 SWET = 226.14 KINX = 21.52
LCLP = 963.56 PWAT = 39.83 TOTL = 50.01 CAPE = 890.29
LCLT = 294.01 CINS = -177.22 EQLV = 230.65 LFCT = 639.57
BRCH = 204.23

PRES TMPC TMWC DWPC THTE DRCT SKNT OMEG
CFRL HGHT
995.80 23.64 22.09 21.40 344.76 217.69 5.40 0.00
0.00 192.68
992.80 23.34 21.82 21.14 344.08 216.87 7.77 0.00
0.00 219.14
987.30 22.84 21.53 20.93 343.69 219.04 9.25 0.00
0.00 267.78
977.80 22.04 21.02 20.53 342.99 221.04 13.91 0.10
0.00 352.23
963.90 21.84 20.55 19.94 343.18 222.04 15.95 0.10
9.00 477.06
945.90 21.04 19.93 19.40 343.45 221.69 16.65 0.10
4.00 641.10
924.50 20.64 19.20 18.52 343.86 218.35 16.59 0.10
0.00 839.80
901.10 19.24 18.60 18.26 345.17 216.71 14.30 0.00
4.00 1061.69
875.80 17.74 17.18 16.87 343.66 209.54 13.40 0.00
16.00 1306.91
847.50 16.94 15.05 14.04 340.21 202.25 13.85 0.00
4.00 1588.38
816.30 16.24 12.90 10.95 337.59 201.37 14.39 0.10
0.00 1908.62
782.20 15.04 10.00 6.54 333.45 202.99 13.93 0.10
0.00 2271.29
745.30 13.54 5.13 -3.45 324.71 199.50 9.89 0.20
0.00 2679.33
705.60 11.04 2.20 -8.90 323.18 195.78 9.29 0.30
0.00 3137.62
662.90 7.54 1.13 -6.07 327.80 225.00 3.85 0.30
0.00 3654.72
617.20 2.44 -2.05 -7.54 328.00 326.31 4.20 0.30
0.00 4237.55
569.10 -3.16 -6.17 -10.49 327.32 320.01 7.87 0.20
0.00 4886.71
522.50 -7.46 -11.00 -18.21 325.93 294.30 6.60 0.20
0.00 5557.47
480.50 -11.06 -14.36 -22.53 327.84 259.82 7.69 0.10
0.00 6205.36
443.00 -15.06 -18.15 -28.21 328.83 255.14 9.85 -0.10
0.00 6824.40
409.20 -18.76 -22.11 -40.65 329.46 256.76 10.18 -0.10
0.00 7419.89
378.60 -23.36 -26.19 -52.31 330.02 255.96 13.62 -0.10
0.00 7993.47
351.00 -28.16 -30.07 -47.49 331.04 246.41 18.43 -0.20
0.00 8541.65
326.20 -31.36 -32.96 -50.86 333.47 247.07 21.93 -0.20
0.00 9063.73
303.80 -33.86 -35.27 -54.16 336.67 257.08 21.72 -0.10
0.00 9564.66
283.70 -37.56 -38.50 -51.31 338.18 263.49 22.28 -0.10
0.00 10040.44
265.60 -41.36 -42.08 -55.27 338.89 262.32 24.69 0.00
0.00 10491.43
248.80 -44.66 -45.26 -61.32 340.18 258.52 26.36 0.00
0.00 10931.63
233.60 -47.46 -47.96 -66.97 342.03 253.89 28.71 0.00
0.00 11350.67
219.60 -49.86 -50.26 -67.41 344.43 253.95 29.51 0.00
0.00 11756.79
205.70 -51.66 -52.01 -67.88 348.09 256.15 29.22 0.00
0.00 12182.46
191.70 -53.66 -53.97 -73.19 351.92 259.93 29.99 0.00
0.00 12637.39
177.70 -56.26 -56.50 -73.70 355.37 263.99 29.68 -0.10
0.00 13121.73
163.80 -58.96 -59.14 -74.24 359.21 264.69 27.31 -0.10
0.00 13635.61
149.80 -61.66 -9999.00 -9999.00 -9999.00 256.59 25.95 -0.10
0.00 14192.25
135.90 -64.26 -64.36 -75.48 369.52 256.85 27.33 0.00
0.00 14791.40
121.90 -65.66 -9999.00 -9999.00 -9999.00 247.46 22.30 0.00
0.00 15453.93
108.00 -66.26 -9999.00 -9999.00 -9999.00 247.30 20.63 0.00
0.00 16188.19
94.00 -64.66 -9999.00 -9999.00 -9999.00 262.53 11.95 0.00
0.00 17032.22
81.00 -62.26 -9999.00 -9999.00 -9999.00 292.17 5.67 0.00
0.00 17945.83
70.60 -61.26 -9999.00 -9999.00 -9999.00 330.95 2.00 0.00
0.00 18796.13
62.20 -58.86 -9999.00 -9999.00 -9999.00 87.95 5.44 0.00
0.00 19586.26
54.30 -58.26 -9999.00 -9999.00 -9999.00 117.03 10.68 0.00
0.00 20439.46
46.90 -58.36 -9999.00 -9999.00 -9999.00 88.92 10.30 0.00
0.00 21360.79
40.10 -56.36 -9999.00 -9999.00 -9999.00 78.57 17.64 0.00
0.00 22350.21
33.80 -53.56 -9999.00 -9999.00 -9999.00 98.37 20.03 0.00
0.00 23441.80
27.80 -50.76 -9999.00 -9999.00 -9999.00 79.82 15.38 0.00
0.00 24705.94
22.30 -47.26 -9999.00 -9999.00 -9999.00 67.68 19.95 0.00
0.00 26152.29
17.10 -44.26 -9999.00 -9999.00 -9999.00 73.56 24.71 0.00
0.00 27919.52
12.30 -42.36 -9999.00 -9999.00 -9999.00 74.65 30.83 0.00
0.00 30136.17

STID = KMDW STNM = 725340 TIME = 200809/1400 
SLAT = 41.78 SLON = -87.75 SELV = 183.0
STIM = 19

SHOW = -3.33 LIFT = -4.16 SWET = 250.95 KINX = 21.44
LCLP = 952.27 PWAT = 39.96 TOTL = 50.56 CAPE = 1060.52
LCLT = 294.18 CINS = -17.34 EQLV = 223.37 LFCT = 876.93
BRCH = 458.27

PRES TMPC TMWC DWPC THTE DRCT SKNT OMEG
CFRL HGHT
996.10 24.84 22.68 21.77 347.30 207.47 5.48 0.00
0.00 191.84
993.10 24.44 22.34 21.45 346.30 205.91 7.56 0.00
0.00 218.39
987.60 23.84 22.01 21.22 345.72 206.00 8.86 0.00
0.00 267.20
978.10 23.04 21.57 20.91 345.28 205.08 10.08 0.00
0.00 351.93
964.10 22.04 20.71 20.09 343.82 208.07 13.21 0.10
0.00 477.90
946.20 21.04 19.98 19.47 343.60 208.91 14.86 0.10
10.00 641.05
924.70 20.64 19.05 18.29 343.20 205.94 15.99 0.10
2.00 840.61
901.30 19.34 18.25 17.71 343.75 199.93 16.53 0.10
0.00 1062.45
876.00 17.34 17.25 17.15 343.89 196.48 14.37 0.00
100.00 1307.46
847.70 16.44 15.47 14.94 341.72 194.59 14.65 0.00
10.00 1588.52
816.50 16.44 13.04 11.07 338.05 195.83 13.52 0.20
2.00 1908.59
782.40 15.74 9.80 5.59 332.73 198.70 13.33 0.30
0.00 2271.69
745.50 14.14 5.14 -4.27 324.64 195.07 10.47 0.40
0.00 2680.45
705.70 11.64 2.48 -8.94 323.83 199.65 8.66 0.40
0.00 3140.74
663.00 7.84 1.42 -5.65 328.51 253.61 3.44 0.40
0.00 3658.60
617.30 2.64 -2.01 -7.72 328.07 315.00 5.77 0.30
0.00 4241.87
569.20 -2.96 -5.95 -10.15 327.81 306.66 10.41 0.10
0.00 4891.41
522.50 -7.46 -10.60 -16.57 326.78 286.46 8.92 0.00
0.00 5563.87
480.60 -11.26 -14.52 -22.70 327.50 257.35 9.75 0.00
0.00 6209.96
443.00 -15.36 -18.55 -29.69 328.07 249.93 10.76 0.00
0.00 6829.96
409.20 -19.06 -22.45 -43.02 328.84 239.98 10.10 0.00
0.00 7424.71
378.60 -23.76 -26.41 -48.09 329.69 238.57 12.30 0.00
0.00 7997.50
351.00 -28.16 -30.03 -46.37 331.12 239.15 17.42 0.00
0.00 8545.24
326.20 -30.96 -32.66 -52.57 333.94 246.73 21.15 0.00
0.00 9067.76
303.90 -33.86 -35.27 -54.16 336.64 258.06 20.65 0.00
0.00 9566.78
283.70 -37.56 -38.57 -53.75 338.05 258.58 20.61 0.00
0.00 10044.85
265.60 -41.06 -41.87 -59.06 339.20 253.48 23.91 0.00
0.00 10496.12
248.80 -44.36 -45.03 -66.51 340.54 250.29 27.64 0.00
0.00 10936.88
233.60 -47.36 -47.87 -66.97 342.19 252.27 29.97 0.00
0.00 11356.29
219.60 -49.86 -50.24 -64.44 344.47 256.32 30.38 0.00
0.00 11762.50
205.70 -52.06 -52.39 -67.88 347.46 257.88 29.60 0.00
0.00 12187.79
191.70 -54.26 -54.52 -68.39 351.00 257.51 29.64 0.00
0.00 12641.69
177.80 -56.66 -56.89 -73.70 354.65 259.86 29.80 0.00
0.00 13121.33
163.80 -59.16 -59.34 -74.24 358.87 264.37 27.72 0.00
0.00 13638.05
149.80 -62.06 -9999.00 -9999.00 -9999.00 258.78 24.96 0.00
0.00 14193.90
135.90 -64.46 -64.56 -75.48 369.16 254.05 25.45 0.00
0.00 14792.19
121.90 -65.46 -9999.00 -9999.00 -9999.00 239.74 21.58 0.00
0.00 15454.73
108.00 -65.56 -9999.00 -9999.00 -9999.00 243.68 20.16 0.00
0.00 16190.58
94.00 -63.86 -9999.00 -9999.00 -9999.00 262.18 10.00 0.00
0.00 17037.67
81.00 -62.06 -9999.00 -9999.00 -9999.00 296.57 3.90 0.00
0.00 17953.45
70.60 -60.76 -9999.00 -9999.00 -9999.00 90.00 0.78 0.00
0.00 18805.16
62.20 -57.96 -9999.00 -9999.00 -9999.00 106.56 7.50 0.00
0.00 19597.88
54.30 -57.76 -9999.00 -9999.00 -9999.00 115.41 8.61 0.00
0.00 20453.87
46.90 -56.96 -9999.00 -9999.00 -9999.00 71.57 9.83 0.00
0.00 21379.27
40.10 -54.76 -9999.00 -9999.00 -9999.00 87.93 16.14 0.00
0.00 22375.57
33.80 -53.36 -9999.00 -9999.00 -9999.00 103.32 15.17 0.00
0.00 23471.67
27.80 -50.26 -9999.00 -9999.00 -9999.00 68.36 13.17 0.00
0.00 24737.81
22.30 -46.86 -9999.00 -9999.00 -9999.00 69.83 20.28 0.00
0.00 26187.06
17.10 -45.06 -9999.00 -9999.00 -9999.00 66.63 24.96 0.00
0.00 27952.73
12.30 -42.66 -9999.00 -9999.00 -9999.00 72.18 34.29 0.00
0.00 30164.08

STID = KMDW STNM = 725340 TIME = 200809/1500 
SLAT = 41.78 SLON = -87.75 SELV = 183.0
STIM = 20

SHOW = -3.88 LIFT = -4.55 SWET = 273.85 KINX = 21.96
LCLP = 932.68 PWAT = 39.57 TOTL = 51.18 CAPE = 1252.70
LCLT = 293.65 CINS = -9.53 EQLV = 214.35 LFCT = 876.17
BRCH = 329.88

PRES TMPC TMWC DWPC THTE DRCT SKNT OMEG
CFRL HGHT
995.70 26.04 22.87 21.57 348.21 196.19 6.27 0.00
0.00 192.77
992.70 25.54 22.53 21.28 347.18 195.95 8.49 0.00
0.00 219.43
987.20 24.94 22.22 21.07 346.67 194.86 9.85 0.00
0.00 268.43
977.70 24.04 21.78 20.80 346.23 195.26 11.07 -0.10
0.00 353.49
963.80 22.74 21.15 20.44 345.74 194.70 12.26 -0.10
0.00 478.97
945.80 21.34 20.15 19.59 344.37 195.12 14.90 0.00
0.00 643.40
924.40 19.94 19.08 18.65 343.38 194.53 16.26 0.10
14.00 842.00
901.10 19.54 17.56 16.57 341.04 188.79 19.08 0.20
0.00 1062.71
875.70 17.64 16.87 16.46 342.48 184.13 18.90 0.20
58.00 1308.86
847.40 15.94 15.67 15.48 342.51 186.26 16.03 0.10
57.00 1589.91
816.20 16.54 13.42 11.66 339.45 192.62 13.34 0.20
6.00 1909.96
782.10 16.54 9.51 4.29 331.79 192.23 11.93 0.30
0.00 2273.73
745.30 15.04 4.77 -7.04 323.46 196.39 10.33 0.40
0.00 2682.56
705.60 12.34 3.04 -8.00 325.31 214.11 7.26 0.30
0.00 3142.99
662.90 8.04 1.58 -5.44 328.95 270.00 5.05 0.20
0.00 3661.79
617.20 2.74 -2.01 -7.87 328.08 303.69 7.71 0.10
0.00 4245.48
569.10 -2.96 -5.84 -9.84 328.07 303.21 12.76 0.00
0.00 4895.25
522.50 -7.76 -10.30 -14.79 327.45 282.85 11.36 0.00
0.00 5566.03
480.50 -11.56 -14.77 -22.97 327.04 256.46 10.78 0.00
0.00 6213.05
442.90 -15.36 -18.92 -33.18 327.34 245.22 11.13 0.00
0.00 6832.78
409.20 -19.06 -22.60 -47.40 328.53 234.04 12.24 0.00
0.00 7425.80
378.60 -23.96 -26.49 -45.68 329.59 232.67 14.41 0.00
0.00 7998.35
351.00 -27.76 -29.74 -47.49 331.58 243.43 18.24 0.00
0.00 8546.31
326.20 -30.86 -32.60 -53.57 334.03 249.80 21.93 -0.10
0.00 9069.36
303.80 -34.16 -35.53 -54.16 336.25 255.69 19.64 0.00
0.00 9570.49
283.70 -37.46 -38.50 -54.73 338.16 251.90 21.25 0.00
0.00 10046.07
265.60 -40.86 -41.74 -63.02 339.40 247.96 26.40 0.00
0.00 10497.63
248.80 -44.36 -45.03 -66.51 340.54 247.26 28.65 -0.10
0.00 10938.58
233.60 -47.66 -48.15 -66.97 341.73 249.66 29.62 -0.10
0.00 11357.71
219.60 -50.26 -50.62 -64.44 343.85 251.81 28.63 -0.10
0.00 11763.29
205.70 -52.16 -52.48 -67.88 347.31 251.44 28.69 0.00
0.00 12188.09
191.70 -54.36 -54.62 -68.39 350.84 252.84 30.28 0.00
0.00 12641.79
177.70 -56.96 -57.18 -73.70 354.22 259.13 29.88 0.00
0.00 13124.58
163.80 -59.56 -59.73 -74.24 358.20 262.23 25.87 0.00
0.00 13636.91
149.80 -62.06 -9999.00 -9999.00 -9999.00 253.25 22.92 0.00
0.00 14192.24
135.90 -63.96 -9999.00 -9999.00 -9999.00 246.80 25.16 0.00
0.00 14791.24
121.90 -64.96 -65.06 -76.19 379.90 237.68 22.53 0.00
0.00 15455.37
108.00 -64.56 -9999.00 -9999.00 -9999.00 241.89 19.39 0.00
0.00 16193.88
94.00 -63.46 -9999.00 -9999.00 -9999.00 251.57 9.21 0.00
0.00 17043.81
81.00 -62.36 -9999.00 -9999.00 -9999.00 266.82 3.50 0.00
0.00 17959.81
70.60 -60.76 -9999.00 -9999.00 -9999.00 195.95 1.42 0.00
0.00 18810.92
62.20 -58.06 -9999.00 -9999.00 -9999.00 119.54 6.70 0.00
0.00 19603.46
54.30 -58.06 -9999.00 -9999.00 -9999.00 136.47 5.36 0.00
0.00 20458.64
46.90 -56.76 -9999.00 -9999.00 -9999.00 69.27 7.69 0.00
0.00 21383.84
40.10 -55.16 -9999.00 -9999.00 -9999.00 94.76 14.02 0.00
0.00 22379.68
33.80 -53.76 -9999.00 -9999.00 -9999.00 91.82 12.24 0.00
0.00 23473.77
27.80 -50.06 -9999.00 -9999.00 -9999.00 73.04 16.65 0.00
0.00 24739.34
22.30 -46.56 -9999.00 -9999.00 -9999.00 77.26 22.90 0.00
0.00 26190.20
17.10 -44.06 -9999.00 -9999.00 -9999.00 68.87 24.79 0.00
0.00 27960.93
12.30 -41.86 -9999.00 -9999.00 -9999.00 66.85 32.11 0.00
0.00 30180.95

STID = KMDW STNM = 725340 TIME = 200809/1600 
SLAT = 41.78 SLON = -87.75 SELV = 183.0
STIM = 21

SHOW = -4.58 LIFT = -5.39 SWET = 308.28 KINX = 22.59
LCLP = 907.05 PWAT = 39.90 TOTL = 52.75 CAPE = 1387.47
LCLT = 292.62 CINS = -175.58 EQLV = 210.28 LFCT = 648.73
BRCH = 231.34

PRES TMPC TMWC DWPC THTE DRCT SKNT OMEG
CFRL HGHT
995.30 27.34 22.83 20.98 348.07 187.50 7.44 0.00
0.00 191.92
992.20 26.64 22.54 20.84 347.28 186.84 9.79 0.00
0.00 219.58
986.70 25.94 22.25 20.70 346.86 186.12 10.94 -0.10
0.00 268.77
977.30 25.04 21.85 20.50 346.62 185.44 12.30 -0.10
0.00 353.24
963.30 23.64 21.24 20.20 346.21 184.90 13.66 -0.10
0.00 480.07
945.40 22.04 20.52 19.83 345.98 184.57 14.61 -0.20
0.00 644.10
924.00 20.34 19.46 19.03 345.00 184.13 16.16 -0.20
38.00 843.19
900.60 19.14 18.21 17.73 343.67 182.31 19.25 -0.10
23.00 1065.06
875.30 17.84 16.92 16.43 342.71 180.55 20.40 0.10
14.00 1310.35
847.00 17.04 15.92 15.33 343.55 180.00 18.26 0.20
41.00 1592.15
815.80 16.74 13.84 12.24 341.01 194.59 14.65 0.20
14.00 1913.10
781.80 16.94 9.71 4.41 332.47 206.20 13.64 0.10
3.00 2276.39
745.00 15.44 4.89 -7.26 323.80 210.32 11.93 0.00
0.00 2685.95
705.30 12.44 2.96 -8.49 325.12 216.38 9.17 -0.10
0.00 3146.95
662.60 8.04 1.47 -5.76 328.71 249.23 6.02 -0.20
0.00 3666.04
617.00 2.84 -1.88 -7.65 328.42 292.99 6.95 -0.20
0.00 4248.77
568.90 -3.06 -5.84 -9.68 328.11 311.01 11.85 -0.10
0.00 4898.79
522.30 -8.26 -10.32 -13.84 327.48 292.83 12.00 0.00
0.00 5569.11
480.40 -11.76 -14.97 -23.34 326.67 263.77 10.74 0.00
0.00 6213.95
442.90 -15.26 -19.12 -36.54 326.93 249.78 11.79 0.00
0.00 6831.94
409.10 -19.16 -22.67 -47.41 328.42 236.10 14.98 0.00
0.00 7426.76
378.50 -24.06 -26.51 -44.20 329.59 235.53 15.79 0.00
0.00 7999.24
351.00 -27.76 -29.79 -48.76 331.50 244.59 17.21 0.00
0.00 8545.19
326.20 -30.96 -32.68 -53.57 333.90 251.03 19.72 0.00
0.00 9068.12
303.80 -34.16 -35.50 -53.17 336.29 247.20 18.55 0.00
0.00 9569.15
283.70 -37.46 -38.53 -55.83 338.12 246.09 22.53 -0.10
0.00 10044.73
265.60 -40.96 -41.83 -63.02 339.26 243.82 25.97 -0.10
0.00 10496.19
248.80 -44.66 -45.31 -66.51 340.10 242.19 27.89 -0.10
0.00 10936.75
233.60 -47.96 -48.43 -66.97 341.28 244.47 28.85 -0.10
0.00 11355.33
219.60 -50.46 -50.81 -64.44 343.55 246.90 28.73 0.00
0.00 11760.46
205.70 -52.36 -52.65 -64.93 347.04 249.49 28.83 0.00
0.00 12184.88
191.70 -54.76 -55.01 -68.39 350.20 254.37 28.85 0.00
0.00 12637.96
177.70 -57.36 -57.57 -73.70 353.56 260.20 27.41 0.00
0.00 13119.86
163.80 -59.46 -59.63 -74.24 358.37 259.05 24.53 0.00
0.00 13631.84
149.80 -61.76 -61.90 -74.84 363.68 249.85 22.55 0.00
0.00 14187.69
135.90 -63.76 -9999.00 -9999.00 -9999.00 247.38 25.25 0.00
0.00 14787.41
121.90 -64.46 -9999.00 -9999.00 -9999.00 241.43 22.34 0.00
0.00 15452.64
108.00 -64.06 -9999.00 -9999.00 -9999.00 246.64 18.63 0.00
0.00 16192.92
94.00 -63.56 -9999.00 -9999.00 -9999.00 256.24 9.79 0.00
0.00 17043.67
81.00 -62.76 -9999.00 -9999.00 -9999.00 257.74 4.56 0.00
0.00 17958.58
70.60 -60.66 -9999.00 -9999.00 -9999.00 209.74 3.13 0.00
0.00 18809.09
62.20 -58.16 -9999.00 -9999.00 -9999.00 135.94 8.37 0.00
0.00 19601.62
54.30 -58.66 -9999.00 -9999.00 -9999.00 141.95 5.67 0.00
0.00 20455.42
46.90 -56.86 -9999.00 -9999.00 -9999.00 84.05 9.38 0.00
0.00 21379.11
40.10 -55.16 -9999.00 -9999.00 -9999.00 102.62 13.34 0.00
0.00 22374.72
33.80 -52.56 -9999.00 -9999.00 -9999.00 76.65 11.77 0.00
0.00 23471.82
27.80 -49.36 -9999.00 -9999.00 -9999.00 62.00 17.39 0.00
0.00 24742.82
22.30 -47.16 -9999.00 -9999.00 -9999.00 69.32 20.36 0.00
0.00 26194.01
17.10 -44.46 -9999.00 -9999.00 -9999.00 66.50 24.36 0.00
0.00 27960.85
12.30 -41.76 -9999.00 -9999.00 -9999.00 74.94 34.40 0.00
0.00 30179.42
STN YYMMDD/HHMM PMSL PRES SKTC STC1 SNFL WTNS
P01M C01M STC2 LCLD MCLD HCLD
SNRA UWND VWND R01M BFGR T2MS
Q2MS WXTS WXTP WXTZ WXTR USTM
VSTM HLCY SLLH WSYM CDBP VSBK
TD2M
725340 200808/1900 1018.90 997.60 38.64 311.80 -9999.00 0.00
-9999.00 -9999.00 310.60 29.00 80.00 0.00
-9999.00 -0.70 4.10 -9999.00 -9999.00 29.44
14.23 0.00 0.00 0.00 0.00 -0.20
-3.70 48.20 -9999.00 999.00 -9999.00 20.00
19.19
725340 200808/2000 1018.30 997.10 37.94 311.10 0.00 100.00
0.00 0.00 310.20 53.00 32.00 0.00
-9999.00 -0.60 4.30 -9999.00 -9999.00 29.84
14.20 0.00 0.00 0.00 0.00 0.00
-3.60 64.00 -9999.00 999.00 -9999.00 20.00
19.14
725340 200808/2100 1017.60 996.40 37.24 310.40 0.00 100.00
0.00 0.00 309.70 26.00 3.00 0.00
-9999.00 -0.30 4.60 -9999.00 -9999.00 30.04
14.53 0.00 0.00 0.00 0.00 -0.10
-4.00 61.20 -9999.00 999.00 -9999.00 20.00
19.49
725340 200808/2200 1016.80 995.70 34.84 308.00 0.00 100.00
0.00 0.00 307.90 19.00 9.00 0.00
-9999.00 0.10 4.80 -9999.00 -9999.00 29.94
14.59 0.00 0.00 0.00 0.00 -1.30
-3.40 66.20 -9999.00 999.00 -9999.00 20.00
19.55
725340 200808/2300 1016.60 995.50 33.44 306.60 0.00 100.00
0.00 0.00 306.60 15.00 1.00 0.00
-9999.00 0.20 4.90 -9999.00 -9999.00 29.74
14.68 0.00 0.00 0.00 0.00 -2.40
-2.60 69.80 -9999.00 999.00 -9999.00 20.00
19.64
725340 200809/0000 1017.40 996.20 30.54 303.70 0.00 100.00
0.00 0.00 304.10 7.00 0.00 0.00
-9999.00 0.10 4.70 -9999.00 -9999.00 29.04
14.85 0.00 0.00 0.00 0.00 -3.00
-1.80 73.20 -9999.00 999.00 -9999.00 20.00
19.83
725340 200809/0100 1018.00 996.80 27.54 300.70 0.00 100.00
0.00 0.00 301.30 0.00 0.00 0.00
-9999.00 0.00 4.10 -9999.00 -9999.00 27.64
15.13 0.00 0.00 0.00 0.00 -2.90
-1.70 95.10 -9999.00 999.00 -9999.00 20.00
20.14
725340 200809/0200 1017.70 996.40 25.94 299.10 0.00 100.00
0.00 0.00 299.60 2.00 0.00 0.00
-9999.00 -0.20 3.60 -9999.00 -9999.00 26.24
15.43 0.00 0.00 0.00 0.00 -3.20
-0.80 127.00 -9999.00 999.00 -9999.00 20.00
20.44
725340 200809/0300 1018.10 996.80 24.64 297.80 0.00 100.00
0.00 0.00 298.40 4.00 0.00 0.00
-9999.00 -0.30 3.60 -9999.00 -9999.00 25.24
15.46 0.00 0.00 0.00 0.00 -3.70
0.20 140.90 -9999.00 999.00 -9999.00 20.00
20.48
725340 200809/0400 1018.40 997.10 23.74 296.90 0.00 100.00
0.00 0.00 297.40 11.00 0.00 0.00
-9999.00 -0.30 3.60 -9999.00 -9999.00 24.44
15.39 0.00 0.00 0.00 0.00 -4.00
0.80 147.90 -9999.00 999.00 -9999.00 20.00
20.41
725340 200809/0500 1018.20 996.90 23.04 296.20 0.00 100.00
0.00 0.00 296.60 17.00 0.00 0.00
-9999.00 -0.10 3.60 -9999.00 -9999.00 23.74
15.52 0.00 0.00 0.00 0.00 -4.20
2.20 116.80 -9999.00 999.00 -9999.00 20.00
20.54
725340 200809/0600 1018.00 996.70 22.64 295.80 0.00 100.00
0.00 0.00 296.10 27.00 0.00 0.00
-9999.00 0.40 3.00 -9999.00 -9999.00 23.34
15.91 0.00 0.00 0.00 0.00 -4.30
3.60 53.10 -9999.00 999.00 -9999.00 20.00
20.93
725340 200809/0700 1018.20 996.80 22.14 295.30 0.00 100.00
0.00 0.00 295.60 0.00 0.00 0.00
-9999.00 0.40 1.90 -9999.00 -9999.00 22.44
16.24 0.00 0.00 0.00 0.00 -4.50
4.20 13.10 -9999.00 999.00 -9999.00 20.00
21.26
725340 200809/0800 1017.50 996.20 21.84 295.00 0.00 100.00
0.00 0.00 295.20 3.00 0.00 0.00
-9999.00 0.70 1.50 -9999.00 -9999.00 21.84
16.24 0.00 0.00 0.00 0.00 -4.00
5.70 2.20 -9999.00 999.00 -9999.00 20.00
21.25
725340 200809/0900 1017.90 996.60 21.64 294.80 0.00 100.00
0.00 0.00 295.10 7.00 0.00 0.00
-9999.00 1.10 1.60 -9999.00 -9999.00 21.74
16.25 0.00 0.00 0.00 0.00 -3.40
6.70 -12.80 -9999.00 999.00 -9999.00 20.00
21.26
725340 200809/1000 1018.60 997.20 21.54 294.70 0.00 100.00
0.00 0.00 294.90 13.00 0.00 0.00
-9999.00 1.00 1.60 -9999.00 -9999.00 21.54
16.11 0.00 0.00 0.00 0.00 -2.50
7.50 0.70 -9999.00 999.00 -9999.00 20.00
21.14
725340 200809/1100 1018.30 996.90 21.34 294.50 0.00 100.00
0.00 0.00 294.70 16.00 0.00 0.00
-9999.00 0.60 1.90 -9999.00 -9999.00 21.34
15.90 0.00 0.00 0.00 0.00 -3.30
6.00 7.10 -9999.00 999.00 -9999.00 20.00
20.92
725340 200809/1200 1018.40 997.00 22.44 295.60 0.00 100.00
0.00 0.00 295.50 3.00 0.00 0.00
-9999.00 1.20 2.00 -9999.00 -9999.00 21.94
16.28 0.00 0.00 0.00 0.00 -3.10
6.70 -5.10 -9999.00 999.00 -9999.00 20.00
21.30
725340 200809/1300 1018.20 996.90 24.54 297.70 0.00 100.00
0.00 0.00 297.30 16.00 0.00 0.00
-9999.00 1.80 2.30 -9999.00 -9999.00 23.44
16.75 0.00 0.00 0.00 0.00 -4.70
2.90 -17.30 -9999.00 999.00 -9999.00 20.00
21.75
725340 200809/1400 1018.40 997.10 26.74 299.90 0.00 100.00
0.00 0.00 299.30 100.00 0.00 0.00
-9999.00 1.10 2.70 -9999.00 -9999.00 24.84
17.25 0.00 0.00 0.00 0.00 -3.70
-0.80 -8.40 -9999.00 999.00 876.00 20.00
22.22
725340 200809/1500 1018.10 996.80 28.84 302.00 0.00 100.00
0.00 0.00 301.20 58.00 0.00 0.00
-9999.00 0.50 3.40 -9999.00 -9999.00 26.14
16.98 0.00 0.00 0.00 0.00 -2.80
-1.80 4.20 -9999.00 999.00 -9999.00 20.00
21.97
725340 200809/1600 1017.50 996.30 33.94 307.10 0.00 100.00
0.00 0.00 305.40 41.00 0.00 0.00
-9999.00 0.00 4.10 -9999.00 -9999.00 27.94
16.10 0.00 0.00 0.00 0.00 -2.50
-1.80 29.10 -9999.00 999.00 -9999.00 20.00
21.11


