
SNPARM = PRES;TMPC;TMWC;DWPC;THTE;DRCT;SKNT;OMEG;CFRL;HGHT 
STNPRM = SHOW;LIFT;SWET;KINX;LCLP;PWAT;TOTL;CAPE;LCLT;CINS;EQLV;LFCT;BRCH 

STID = KMDW STNM = 725340 TIME = 200809/1100 
SLAT = 41.78 SLON = -87.75 SELV = 183.0
STIM = 0

SHOW = -1.19 LIFT = -2.48 SWET = 195.14 KINX = 25.08
LCLP = 969.34 PWAT = 35.42 TOTL = 49.64 CAPE = 179.93
LCLT = 292.25 CINS = -367.01 EQLV = 345.28 LFCT = 595.76
BRCH = 38.97

PRES TMPC TMWC DWPC THTE DRCT SKNT OMEG
CFRL HGHT
995.60 21.34 20.13 19.53 336.77 180.00 1.75 0.00
0.00 191.73
992.60 21.94 20.07 19.16 336.94 201.80 10.47 0.00
0.00 217.99
987.10 22.14 19.94 18.89 337.26 202.43 13.25 0.00
0.00 266.41
977.60 22.74 19.66 18.18 337.52 216.99 18.73 0.00
0.00 350.78
963.70 23.34 19.48 17.64 338.88 220.91 19.27 0.00
0.00 475.95
945.80 23.24 19.09 17.10 340.03 223.60 16.90 0.00
0.00 639.93
924.50 22.24 17.88 15.70 338.61 225.00 16.49 0.00
0.00 838.72
901.10 20.84 16.57 14.32 337.26 222.18 16.78 0.00
0.00 1061.44
875.90 19.34 15.39 13.24 336.88 213.86 17.77 0.10
0.00 1306.55
847.60 18.14 13.65 11.00 335.13 207.39 18.16 0.10
0.00 1588.93
816.50 16.94 11.50 7.93 332.79 202.42 16.80 0.10
0.00 1908.74
782.50 15.04 8.87 4.19 329.84 198.43 13.52 0.00
0.00 2270.34
745.60 12.64 5.71 -0.69 326.41 190.12 11.05 0.00
0.00 2677.54
705.80 9.94 2.89 -4.75 325.14 187.39 10.59 0.00
0.00 3135.49
663.00 7.14 1.03 -5.82 327.53 206.57 7.81 0.10
0.00 3652.48
617.30 2.94 -1.52 -6.75 329.28 276.34 7.03 0.10
0.00 4235.38
569.10 -3.06 -5.76 -9.44 328.27 299.05 10.00 0.10
0.00 4886.65
522.50 -8.16 -11.31 -17.69 325.33 284.24 13.42 0.10
0.00 5556.73
480.50 -11.86 -15.43 -25.77 325.72 262.61 10.59 0.10
0.00 6202.73
443.00 -14.36 -18.25 -33.57 328.52 252.90 7.93 0.10
0.00 6821.52
409.20 -17.76 -21.25 -38.42 331.02 268.81 9.32 0.00
0.00 7418.93
378.60 -21.86 -24.68 -41.74 332.71 263.23 11.54 0.00
0.00 7995.41
351.00 -26.06 -28.47 -51.05 333.68 256.43 17.39 0.00
0.00 8547.59
326.20 -29.56 -31.53 -54.68 335.79 257.42 22.30 0.00
0.00 9073.84
303.80 -32.06 -33.79 -58.00 339.08 263.66 24.63 0.10
0.00 9578.51
283.70 -35.16 -36.60 -62.52 341.24 266.72 30.56 0.10
0.00 10058.49
265.60 -38.66 -39.76 -63.02 342.62 263.25 33.06 0.10
0.00 10514.38
248.80 -42.06 -42.86 -61.32 344.06 259.28 33.41 0.10
0.00 10959.63
233.60 -45.46 -46.04 -61.80 345.16 257.01 33.68 0.10
0.00 11382.92
219.60 -48.66 -49.10 -64.44 346.32 257.30 34.44 0.00
0.00 11791.94
205.70 -51.46 -51.81 -67.88 348.41 261.82 34.15 0.00
0.00 12218.95
191.70 -53.86 -54.14 -68.39 351.65 267.54 31.70 0.00
0.00 12673.88
177.80 -56.06 -56.31 -73.70 355.64 268.86 29.33 0.00
0.00 13154.63
163.80 -58.66 -58.85 -74.24 359.71 267.58 27.60 0.00
0.00 13672.66
149.80 -61.46 -61.60 -74.84 364.19 265.50 24.75 0.00
0.00 14229.95
135.90 -63.46 -9999.00 -9999.00 -9999.00 250.02 22.73 0.00
0.00 14830.53
121.90 -64.96 -9999.00 -9999.00 -9999.00 235.28 23.87 0.00
0.00 15495.44
108.00 -65.76 -9999.00 -9999.00 -9999.00 242.73 21.19 0.00
0.00 16231.83
94.00 -65.16 -9999.00 -9999.00 -9999.00 250.79 13.58 0.00
0.00 17075.87
81.00 -63.46 -9999.00 -9999.00 -9999.00 253.01 7.30 0.00
0.00 17985.76
70.60 -60.86 -9999.00 -9999.00 -9999.00 317.49 3.17 0.00
0.00 18834.46
62.20 -59.36 -9999.00 -9999.00 -9999.00 63.43 5.21 0.00
0.00 19624.40
54.30 -58.26 -9999.00 -9999.00 -9999.00 103.63 6.60 0.00
0.00 20476.61
46.90 -57.26 -9999.00 -9999.00 -9999.00 79.82 7.69 0.00
0.00 21400.30
40.10 -55.16 -9999.00 -9999.00 -9999.00 68.50 13.77 0.00
0.00 22394.99
33.80 -52.86 -9999.00 -9999.00 -9999.00 72.32 18.55 0.00
0.00 23491.34
27.80 -50.16 -9999.00 -9999.00 -9999.00 82.87 20.36 0.00
0.00 24759.20
22.30 -46.86 -9999.00 -9999.00 -9999.00 83.35 20.14 0.00
0.00 26208.77
17.10 -44.06 -9999.00 -9999.00 -9999.00 72.33 23.04 0.00
0.00 27978.33
12.30 -42.36 -9999.00 -9999.00 -9999.00 70.26 27.04 0.00
0.00 30195.94

STID = KMDW STNM = 725340 TIME = 200809/1200 
SLAT = 41.78 SLON = -87.75 SELV = 183.0
STIM = 1

SHOW = -1.28 LIFT = -1.99 SWET = 196.35 KINX = 23.73
LCLP = 965.12 PWAT = 34.87 TOTL = 49.77 CAPE = 110.97
LCLT = 292.17 CINS = -428.87 EQLV = 424.92 LFCT = 583.13
BRCH = 19.81

PRES TMPC TMWC DWPC THTE DRCT SKNT OMEG
CFRL HGHT
995.80 21.64 20.22 19.52 337.07 198.43 4.29 0.00
0.00 192.61
992.90 21.64 19.84 18.96 336.03 205.30 11.81 0.00
0.00 217.99
987.40 21.44 19.56 18.63 335.73 206.57 13.46 0.10
0.00 266.31
977.90 22.04 19.27 17.91 335.98 219.12 18.78 0.10
0.00 350.44
964.00 22.74 18.75 16.77 336.02 225.00 19.23 0.10
0.00 475.25
946.10 22.84 18.46 16.28 337.53 223.06 16.22 0.00
0.00 638.84
924.70 22.14 17.52 15.15 337.20 223.39 14.70 0.00
0.00 838.27
901.40 20.74 16.18 13.71 335.77 225.52 15.25 0.00
0.00 1059.85
876.10 19.04 15.01 12.76 335.48 221.58 16.10 0.00
0.00 1305.64
847.90 17.54 13.53 11.17 334.71 213.69 16.80 0.00
0.00 1586.48
816.70 16.34 11.59 8.53 333.09 205.06 16.51 -0.10
0.00 1906.61
782.70 14.94 8.99 4.53 330.17 194.42 14.04 -0.10
0.00 2267.73
745.70 12.54 5.62 -0.80 326.16 187.25 10.76 -0.20
0.00 2675.83
705.90 9.94 2.49 -6.02 324.04 183.37 9.93 -0.10
0.00 3133.58
663.20 7.14 0.87 -6.31 327.07 205.20 7.30 0.00
0.00 3649.18
617.50 2.84 -1.68 -7.06 328.85 280.01 6.70 -0.10
0.00 4231.74
569.30 -3.16 -5.59 -8.83 328.62 300.76 9.50 -0.10
0.00 4882.57
522.60 -8.46 -11.22 -16.57 325.53 288.97 13.15 -0.10
0.00 5553.47
480.60 -12.16 -15.70 -26.23 325.18 266.12 11.48 0.00
0.00 6198.64
443.00 -14.76 -18.57 -33.98 327.94 251.20 9.63 -0.10
0.00 6818.17
409.20 -18.26 -21.59 -38.13 330.41 259.16 9.30 -0.10
0.00 7414.53
378.60 -22.16 -24.99 -43.31 332.16 252.47 11.62 -0.10
0.00 7990.09
351.10 -26.46 -28.81 -51.95 333.07 249.74 17.39 -0.10
0.00 8539.41
326.20 -29.56 -31.51 -53.57 335.83 252.82 22.36 -0.10
0.00 9067.28
303.90 -32.06 -33.79 -57.99 339.05 261.56 25.14 -0.10
0.00 9569.61
283.70 -35.26 -36.68 -62.52 341.10 263.99 29.68 0.00
0.00 10051.80
265.60 -38.76 -39.82 -60.81 342.51 260.24 30.94 0.00
0.00 10507.50
248.80 -42.06 -42.86 -61.32 344.06 255.71 31.47 0.00
0.00 10952.66
233.60 -45.26 -45.88 -63.98 345.41 253.77 31.97 0.00
0.00 11376.13
219.60 -48.46 -48.91 -64.44 346.63 256.38 32.19 0.00
0.00 11785.51
205.70 -51.56 -51.88 -64.93 348.29 263.50 30.89 -0.10
0.00 12212.61
191.70 -54.06 -54.33 -68.39 351.32 269.22 28.55 -0.10
0.00 12667.24
177.70 -56.46 -56.70 -73.70 355.04 270.00 27.00 -0.10
0.00 13150.91
163.80 -58.96 -59.14 -74.24 359.21 267.51 26.83 -0.10
0.00 13664.56
149.80 -61.66 -9999.00 -9999.00 -9999.00 265.27 25.93 0.00
0.00 14221.20
135.90 -63.46 -63.58 -75.48 370.93 251.15 25.25 0.00
0.00 14821.49
121.90 -65.26 -9999.00 -9999.00 -9999.00 234.94 27.06 0.00
0.00 15485.93
108.00 -65.56 -9999.00 -9999.00 -9999.00 244.68 24.07 0.00
0.00 16222.13
94.00 -64.66 -9999.00 -9999.00 -9999.00 254.27 14.34 0.00
0.00 17067.59
81.00 -62.86 -9999.00 -9999.00 -9999.00 265.71 7.79 0.00
0.00 17979.89
70.60 -60.46 -9999.00 -9999.00 -9999.00 346.61 4.20 0.00
0.00 18830.60
62.20 -59.36 -9999.00 -9999.00 -9999.00 67.83 5.67 0.00
0.00 19621.28
54.30 -58.46 -9999.00 -9999.00 -9999.00 83.16 4.90 0.00
0.00 20473.09
46.90 -57.26 -9999.00 -9999.00 -9999.00 56.66 8.84 0.00
0.00 21396.35
40.10 -55.66 -9999.00 -9999.00 -9999.00 66.41 15.05 0.00
0.00 22389.90
33.80 -53.06 -9999.00 -9999.00 -9999.00 77.05 17.35 0.00
0.00 23484.49
27.80 -50.06 -9999.00 -9999.00 -9999.00 83.11 17.81 0.00
0.00 24752.07
22.30 -47.56 -9999.00 -9999.00 -9999.00 77.78 19.27 0.00
0.00 26199.70
17.10 -45.26 -9999.00 -9999.00 -9999.00 68.20 26.15 0.00
0.00 27961.88
12.30 -42.96 -50.67 -89.89 808.90 75.07 33.18 0.00
0.00 30170.82

STID = KMDW STNM = 725340 TIME = 200809/1300 
SLAT = 41.78 SLON = -87.75 SELV = 183.0
STIM = 2

SHOW = -0.86 LIFT = -1.37 SWET = 180.35 KINX = 22.54
LCLP = 946.99 PWAT = 34.53 TOTL = 49.12 CAPE = 71.53
LCLT = 291.81 CINS = -453.62 EQLV = 447.74 LFCT = 577.61
BRCH = 37.13

PRES TMPC TMWC DWPC THTE DRCT SKNT OMEG
CFRL HGHT
996.50 22.94 20.58 19.48 338.41 209.48 5.13 0.00
0.00 192.65
993.50 22.64 20.19 19.03 337.31 210.74 8.35 0.00
0.00 218.99
988.00 22.14 19.83 18.71 336.67 212.13 9.87 0.00
0.00 267.42
978.60 21.64 19.18 17.96 335.53 217.33 14.41 0.10
2.00 350.65
964.60 22.64 18.25 15.99 334.03 219.44 15.60 0.10
0.00 476.15
946.70 22.94 17.93 15.35 335.44 220.76 14.88 0.10
0.00 639.57
925.30 22.24 17.21 14.57 335.94 216.70 13.33 0.10
0.00 838.87
902.00 21.04 15.98 13.19 334.94 220.01 14.20 0.00
0.00 1060.40
876.70 19.24 14.77 12.22 334.52 219.34 15.33 0.00
0.00 1306.18
848.40 17.44 13.39 10.98 334.14 216.22 17.09 0.00
0.00 1587.84
817.30 15.84 11.69 9.05 333.33 212.66 17.99 -0.10
0.00 1906.41
783.10 14.44 9.30 5.60 331.12 199.32 15.85 -0.10
0.00 2268.90
746.10 12.44 5.83 -0.16 326.69 187.47 11.95 -0.10
0.00 2676.45
706.30 9.84 2.19 -6.87 323.18 181.02 10.88 0.00
0.00 3133.79
663.50 7.14 0.70 -6.83 326.58 198.89 7.81 0.00
0.00 3650.18
617.70 2.84 -1.79 -7.38 328.54 277.59 5.89 0.00
0.00 4233.75
569.50 -3.26 -5.37 -8.11 329.09 302.15 8.02 -0.10
0.00 4884.26
522.80 -8.56 -11.21 -16.33 325.50 292.17 11.32 0.00
0.00 5554.72
480.80 -11.76 -15.63 -27.71 325.23 270.95 11.65 0.10
0.00 6199.98
443.20 -14.76 -18.62 -34.62 327.79 256.43 11.60 0.10
0.00 6819.68
409.30 -18.46 -21.78 -38.71 330.05 250.94 11.31 0.10
0.00 7417.36
378.70 -22.36 -25.28 -46.81 331.60 244.13 14.24 0.00
0.00 7992.31
351.10 -26.66 -28.99 -52.95 332.76 245.75 19.39 0.00
0.00 8543.10
326.30 -29.66 -31.59 -53.56 335.66 252.47 23.21 0.00
0.00 9068.44
303.90 -32.26 -33.98 -59.76 338.72 262.00 25.12 0.00
0.00 9572.64
283.80 -35.36 -36.77 -62.51 340.92 263.07 28.96 0.00
0.00 10052.05
265.60 -38.66 -39.73 -60.81 342.66 259.43 29.64 0.00
0.00 10510.18
248.80 -41.86 -42.68 -61.32 344.35 254.36 30.26 0.00
0.00 10955.63
233.60 -45.16 -45.79 -63.98 345.57 253.19 30.23 0.00
0.00 11379.38
219.60 -48.36 -48.82 -64.44 346.78 257.55 28.85 -0.10
0.00 11788.94
205.70 -51.56 -51.88 -64.93 348.29 265.41 26.69 -0.10
0.00 12216.14
191.70 -54.16 -54.43 -68.39 351.16 271.33 25.06 -0.10
0.00 12670.66
177.70 -56.66 -56.89 -73.70 354.71 271.75 25.47 -0.10
0.00 13154.00
163.80 -59.26 -59.44 -74.24 358.70 270.41 27.19 -0.10
0.00 13667.06
149.80 -61.96 -9999.00 -9999.00 -9999.00 268.40 27.80 0.00
0.00 14222.91
135.90 -63.76 -9999.00 -9999.00 -9999.00 256.47 26.57 0.00
0.00 14822.34
121.90 -65.46 -9999.00 -9999.00 -9999.00 236.20 27.58 0.00
0.00 15485.98
108.00 -65.76 -9999.00 -9999.00 -9999.00 244.90 23.82 0.00
0.00 16221.48
94.00 -64.16 -9999.00 -9999.00 -9999.00 259.54 12.84 0.00
0.00 17067.55
81.00 -62.66 -9999.00 -9999.00 -9999.00 273.47 6.43 0.00
0.00 17981.37
70.60 -60.16 -9999.00 -9999.00 -9999.00 10.30 2.18 0.00
0.00 18833.09
62.20 -59.16 -9999.00 -9999.00 -9999.00 84.81 4.29 0.00
0.00 19624.70
54.30 -58.06 -9999.00 -9999.00 -9999.00 46.74 4.53 0.00
0.00 20477.70
46.90 -56.76 -9999.00 -9999.00 -9999.00 46.33 11.81 0.00
0.00 21402.89
40.10 -55.56 -9999.00 -9999.00 -9999.00 64.06 15.99 0.00
0.00 22397.81
33.80 -52.96 -9999.00 -9999.00 -9999.00 78.56 16.65 0.00
0.00 23492.91
27.80 -49.86 -9999.00 -9999.00 -9999.00 80.43 17.54 0.00
0.00 24761.34
22.30 -47.66 -9999.00 -9999.00 -9999.00 74.13 20.59 0.00
0.00 26209.29
17.10 -45.86 -9999.00 -9999.00 -9999.00 72.84 27.64 0.00
0.00 27968.75
12.30 -43.26 -50.83 -89.89 807.85 83.37 33.64 0.00
0.00 30173.35

STID = KMDW STNM = 725340 TIME = 200809/1400 
SLAT = 41.78 SLON = -87.75 SELV = 183.0
STIM = 3

SHOW = -0.65 LIFT = -1.24 SWET = 174.62 KINX = 21.38
LCLP = 923.11 PWAT = 34.46 TOTL = 48.84 CAPE = 80.52
LCLT = 291.19 CINS = -437.76 EQLV = 441.28 LFCT = 581.18
BRCH = 68.14

PRES TMPC TMWC DWPC THTE DRCT SKNT OMEG
CFRL HGHT
996.10 24.44 20.88 19.26 339.67 202.93 5.48 0.00
0.00 191.82
993.10 24.04 20.50 18.85 338.56 202.62 7.58 0.00
0.00 218.30
987.60 23.44 20.13 18.57 337.91 203.20 8.88 0.00
0.00 266.96
978.10 22.64 19.60 18.14 337.23 203.75 10.61 0.00
0.00 351.45
964.20 21.94 18.33 16.50 334.42 206.57 13.03 0.00
0.00 476.19
946.30 22.54 17.53 14.88 334.00 206.93 13.73 0.00
0.00 639.38
924.90 22.04 17.01 14.34 335.26 204.30 13.21 0.00
0.00 838.53
901.60 21.04 15.93 13.10 334.82 202.75 13.05 -0.10
0.00 1060.07
876.30 19.44 14.63 11.85 334.08 207.90 14.94 -0.10
0.00 1306.02
848.10 17.54 13.31 10.78 333.92 212.07 17.19 -0.10
0.00 1586.91
816.90 15.54 11.76 9.39 333.65 213.86 18.47 -0.10
0.00 1906.55
782.80 14.14 9.56 6.35 331.99 204.39 15.99 -0.10
0.00 2267.82
745.90 12.44 5.91 0.05 326.96 189.87 13.60 0.00
0.00 2674.25
706.00 10.04 2.05 -7.70 322.83 185.91 11.32 0.00
0.00 3133.04
663.30 7.34 0.68 -7.21 326.53 201.54 7.94 0.10
0.00 3648.73
617.60 2.94 -1.82 -7.60 328.48 277.35 6.08 0.00
0.00 4231.45
569.40 -3.36 -5.28 -7.73 329.33 297.90 7.48 0.00
0.00 4882.08
522.70 -8.46 -11.18 -16.45 325.57 291.60 10.02 0.00
0.00 5552.67
480.70 -11.66 -15.51 -27.32 325.48 280.49 10.66 0.00
0.00 6198.31
443.10 -14.76 -18.57 -33.98 327.92 258.50 11.69 0.10
0.00 6818.28
409.30 -18.26 -21.82 -42.17 329.93 245.88 14.26 0.10
0.00 7414.49
378.60 -22.56 -25.57 -52.31 331.08 246.72 18.18 0.10
0.00 7991.35
351.10 -26.66 -28.97 -51.95 332.80 252.07 20.82 0.00
0.00 8539.99
326.20 -29.86 -31.78 -54.68 335.37 254.05 22.63 0.00
0.00 9067.32
303.90 -32.56 -34.24 -59.76 338.30 260.91 24.59 0.00
0.00 9568.82
283.70 -35.56 -36.92 -60.30 340.71 264.09 28.32 -0.10
0.00 10050.20
265.60 -38.66 -39.73 -60.81 342.66 262.35 29.20 -0.10
0.00 10505.71
248.80 -41.86 -42.68 -61.32 344.35 258.91 29.29 -0.10
0.00 10951.16
233.60 -45.26 -45.86 -61.80 345.46 258.23 28.57 -0.10
0.00 11374.81
219.60 -48.56 -48.98 -62.27 346.52 260.40 26.79 -0.10
0.00 11784.10
205.70 -51.76 -52.08 -64.93 347.98 265.50 24.75 -0.10
0.00 12210.92
191.70 -54.56 -54.81 -68.39 350.52 271.86 23.91 -0.10
0.00 12664.82
177.70 -57.16 -57.38 -73.70 353.89 274.76 25.74 0.00
0.00 13147.17
163.80 -59.66 -59.83 -74.24 358.03 276.34 28.15 0.00
0.00 13659.15
149.80 -62.26 -9999.00 -9999.00 -9999.00 275.55 28.11 0.10
0.00 14214.08
135.90 -63.86 -9999.00 -9999.00 -9999.00 260.25 25.23 0.10
0.00 14812.94
121.90 -64.86 -9999.00 -9999.00 -9999.00 235.62 26.83 0.10
0.00 15477.38
108.00 -64.66 -9999.00 -9999.00 -9999.00 251.10 22.79 0.00
0.00 16215.89
94.00 -63.06 -9999.00 -9999.00 -9999.00 269.13 12.82 0.00
0.00 17066.43
81.00 -62.56 -9999.00 -9999.00 -9999.00 266.53 6.43 0.00
0.00 17982.87
70.60 -60.76 -9999.00 -9999.00 -9999.00 194.04 0.80 0.00
0.00 18833.58
62.20 -59.86 -9999.00 -9999.00 -9999.00 104.93 3.01 0.00
0.00 19622.78
54.30 -58.26 -9999.00 -9999.00 -9999.00 40.82 5.65 0.00
0.00 20473.99
46.90 -56.66 -9999.00 -9999.00 -9999.00 56.31 12.61 0.00
0.00 21398.97
40.10 -54.76 -9999.00 -9999.00 -9999.00 69.44 16.59 0.00
0.00 22395.95
33.80 -52.16 -9999.00 -9999.00 -9999.00 78.56 16.65 0.00
0.00 23495.05
27.80 -49.46 -9999.00 -9999.00 -9999.00 75.81 17.42 0.00
0.00 24766.91
22.30 -47.26 -9999.00 -9999.00 -9999.00 71.25 22.36 0.00
0.00 26217.45
17.10 -45.56 -9999.00 -9999.00 -9999.00 81.81 28.65 0.00
0.00 27979.63
12.30 -43.26 -50.83 -89.89 807.85 88.58 31.27 0.00
0.00 30185.67

STID = KMDW STNM = 725340 TIME = 200809/1500 
SLAT = 41.78 SLON = -87.75 SELV = 183.0
STIM = 4

SHOW = -0.53 LIFT = -1.87 SWET = 165.84 KINX = 20.33
LCLP = 888.83 PWAT = 34.67 TOTL = 48.91 CAPE = 167.42
LCLT = 289.83 CINS = -370.91 EQLV = 350.83 LFCT = 591.08
BRCH = 72.23

PRES TMPC TMWC DWPC THTE DRCT SKNT OMEG
CFRL HGHT
995.70 26.24 20.93 18.49 339.87 184.24 5.26 0.00
0.00 193.64
992.80 25.54 20.57 18.26 338.87 183.27 6.82 0.00
0.00 219.38
987.30 24.94 20.27 18.07 338.47 182.79 7.96 0.00
0.00 268.29
977.80 23.94 19.76 17.77 337.89 184.76 9.36 0.00
0.00 353.19
963.90 22.74 19.12 17.36 337.45 186.23 10.74 -0.10
0.00 478.43
946.00 21.74 17.90 15.94 335.46 189.75 12.61 0.00
0.00 641.74
924.70 21.54 16.98 14.57 335.20 190.15 13.23 0.00
0.00 839.64
901.30 20.84 16.02 13.38 335.21 186.05 12.90 0.00
0.00 1061.95
876.00 19.44 14.60 11.80 334.03 188.93 13.77 0.00
0.00 1307.91
847.80 17.64 13.08 10.30 333.18 198.21 15.54 0.00
0.00 1588.92
816.70 15.64 11.77 9.34 333.71 206.57 16.51 0.00
0.00 1907.70
782.60 13.94 9.73 6.84 332.58 203.67 15.48 0.00
0.00 2269.03
745.60 12.44 5.98 0.23 327.21 192.45 15.33 0.00
0.00 2676.59
705.80 10.34 2.01 -8.35 322.73 194.04 12.00 0.00
0.00 3134.62
663.10 7.54 0.65 -7.60 326.48 206.05 9.73 0.00
0.00 3650.88
617.40 2.94 -1.84 -7.68 328.45 265.36 7.21 -0.10
0.00 4233.97
569.30 -3.36 -5.29 -7.76 329.33 279.46 7.09 -0.20
0.00 4883.41
522.60 -8.56 -11.17 -16.16 325.63 282.91 9.56 -0.20
0.00 5554.01
480.60 -11.96 -15.43 -25.33 325.71 285.07 10.47 -0.10
0.00 6199.32
443.00 -14.76 -18.55 -33.77 327.98 255.34 13.05 0.10
0.00 6819.11
409.20 -18.26 -22.08 -50.64 329.41 248.20 17.77 0.10
0.00 7415.43
378.60 -22.86 -25.74 -49.57 330.81 253.24 18.86 0.10
0.00 7990.13
351.00 -26.56 -28.85 -50.22 333.04 256.63 20.16 0.10
0.00 8540.62
326.20 -29.56 -31.55 -55.95 335.74 253.35 21.70 0.10
0.00 9066.34
303.90 -32.36 -34.03 -56.52 338.67 262.08 22.55 0.10
0.00 9568.36
283.70 -35.16 -36.55 -58.54 341.33 268.00 27.80 0.00
0.00 10050.35
265.60 -38.56 -39.64 -60.81 342.81 270.39 28.55 0.00
0.00 10506.34
248.80 -41.96 -42.75 -59.58 344.25 269.60 27.78 0.00
0.00 10951.79
233.60 -45.36 -45.92 -60.07 345.35 267.86 26.05 0.00
0.00 11375.27
219.60 -48.66 -49.05 -60.55 346.41 266.01 25.12 0.00
0.00 11784.38
205.70 -51.66 -51.98 -64.93 348.14 268.66 24.86 0.00
0.00 12211.20
191.70 -54.56 -54.81 -68.39 350.52 275.44 24.59 0.00
0.00 12665.20
177.70 -57.26 -57.47 -73.70 353.73 279.81 26.22 0.00
0.00 13147.43
163.80 -59.76 -59.92 -74.24 357.86 280.92 27.70 0.10
0.00 13659.18
149.80 -61.96 -9999.00 -9999.00 -9999.00 278.00 25.12 0.10
0.00 14214.37
135.90 -63.16 -9999.00 -9999.00 -9999.00 254.58 23.37 0.10
0.00 14814.66
121.90 -64.46 -9999.00 -9999.00 -9999.00 237.31 27.70 0.00
0.00 15480.85
108.00 -64.46 -9999.00 -9999.00 -9999.00 257.47 23.29 0.00
0.00 16220.42
94.00 -63.26 -9999.00 -9999.00 -9999.00 268.12 11.85 0.00
0.00 17070.96
81.00 -63.16 -9999.00 -9999.00 -9999.00 237.26 6.47 0.00
0.00 17985.65
70.60 -61.46 -9999.00 -9999.00 -9999.00 186.34 3.52 0.00
0.00 18833.75
62.20 -60.36 -9999.00 -9999.00 -9999.00 105.95 2.84 0.00
0.00 19620.72
54.30 -58.46 -9999.00 -9999.00 -9999.00 51.58 7.19 0.00
0.00 20470.54
46.90 -56.66 -9999.00 -9999.00 -9999.00 73.94 13.34 0.00
0.00 21395.09
40.10 -54.56 -9999.00 -9999.00 -9999.00 85.55 17.54 0.00
0.00 22392.54
33.80 -52.06 -9999.00 -9999.00 -9999.00 88.74 17.68 0.00
0.00 23492.38
27.80 -49.76 -9999.00 -9999.00 -9999.00 78.58 19.62 0.00
0.00 24763.68
22.30 -47.46 -9999.00 -9999.00 -9999.00 74.55 24.79 0.00
0.00 26212.60
17.10 -44.66 -9999.00 -9999.00 -9999.00 80.68 26.38 0.00
0.00 27977.50
12.30 -42.46 -50.41 -89.89 810.66 83.31 28.36 0.00
0.00 30191.74

STID = KMDW STNM = 725340 TIME = 200809/1600 
SLAT = 41.78 SLON = -87.75 SELV = 183.0
STIM = 5

SHOW = 0.26 LIFT = -2.52 SWET = 153.31 KINX = 18.78
LCLP = 859.11 PWAT = 34.55 TOTL = 48.04 CAPE = 283.12
LCLT = 288.82 CINS = -294.06 EQLV = 338.70 LFCT = 603.24
BRCH = 67.22

PRES TMPC TMWC DWPC THTE DRCT SKNT OMEG
CFRL HGHT
996.10 28.14 21.20 18.01 340.84 172.87 6.25 0.00
0.00 192.81
993.20 27.34 20.90 17.92 340.09 173.05 8.02 0.00
0.00 218.69
987.70 26.64 20.61 17.80 339.74 172.57 9.01 -0.10
0.00 267.87
978.20 25.64 20.17 17.59 339.39 172.33 10.20 -0.10
0.00 353.20
964.30 24.24 19.53 17.28 338.97 174.19 11.52 -0.10
0.00 479.06
946.40 22.64 18.74 16.84 338.59 176.58 13.03 -0.10
0.00 642.99
925.00 21.34 17.57 15.65 337.35 179.25 14.76 -0.10
1.00 842.07
901.70 20.34 16.26 14.07 336.03 180.00 15.15 -0.10
2.00 1063.17
876.30 19.54 14.52 11.59 333.69 177.71 14.59 0.00
0.00 1309.87
848.10 18.24 12.67 9.12 331.71 183.53 15.77 0.00
0.00 1591.05
817.00 16.24 11.49 8.41 332.71 192.38 16.32 0.00
0.00 1910.25
782.90 13.94 9.82 7.01 332.81 198.00 16.34 -0.10
0.00 2271.76
745.90 12.34 6.20 0.88 327.82 196.04 16.16 0.00
0.00 2679.14
706.00 10.64 2.02 -8.89 322.67 199.59 12.16 0.00
0.00 3138.34
663.30 7.74 0.56 -8.25 326.18 210.96 10.20 -0.10
0.00 3654.86
617.60 2.94 -1.79 -7.53 328.54 268.64 8.16 -0.10
0.00 4237.96
569.40 -3.36 -5.40 -8.04 329.05 271.51 7.38 -0.10
0.00 4888.58
522.70 -8.46 -11.21 -16.57 325.51 282.91 9.56 0.00
0.00 5559.15
480.70 -11.76 -15.35 -25.66 325.83 280.92 11.29 0.10
0.00 6204.68
443.10 -14.46 -18.55 -36.54 327.90 257.47 16.12 0.10
0.00 6824.90
409.30 -18.36 -22.13 -49.72 329.29 262.67 19.77 0.10
0.00 7421.29
378.60 -22.76 -25.63 -48.09 331.02 261.87 17.85 0.10
0.00 7997.81
351.10 -26.06 -28.51 -52.95 333.57 258.58 19.62 0.10
0.00 8546.89
326.30 -29.06 -31.14 -55.94 336.40 255.17 20.49 0.00
0.00 9073.52
303.90 -32.16 -33.81 -54.16 339.03 260.87 22.03 -0.10
0.00 9578.45
283.70 -34.96 -36.40 -60.30 341.57 275.19 25.74 -0.20
0.00 10060.84
265.60 -38.46 -39.51 -57.61 343.04 275.16 25.93 -0.30
0.00 10517.12
248.80 -41.96 -42.70 -56.89 344.34 272.56 26.05 -0.20
0.00 10962.67
233.60 -45.36 -45.88 -57.40 345.44 270.89 25.06 -0.20
0.00 11386.15
219.60 -48.56 -48.96 -60.55 346.57 271.37 24.28 -0.20
0.00 11795.36
205.70 -51.76 -52.05 -62.77 348.03 274.18 23.95 -0.10
0.00 12222.18
191.70 -54.96 -55.20 -68.39 349.88 276.60 23.66 -0.10
0.00 12675.67
177.70 -57.46 -57.67 -73.70 353.40 278.44 25.14 0.00
0.00 13157.24
163.80 -59.36 -59.53 -74.24 358.54 280.27 27.23 0.10
0.00 13669.21
149.80 -61.46 -9999.00 -9999.00 -9999.00 275.57 24.01 0.10
0.00 14225.59
135.90 -63.36 -9999.00 -9999.00 -9999.00 255.26 22.90 0.00
0.00 14826.30
121.90 -65.26 -9999.00 -9999.00 -9999.00 243.82 25.97 0.00
0.00 15490.90
108.00 -65.36 -9999.00 -9999.00 -9999.00 258.58 20.61 0.00
0.00 16227.46
94.00 -63.66 -9999.00 -9999.00 -9999.00 246.19 7.23 0.00
0.00 17075.36
81.00 -63.56 -9999.00 -9999.00 -9999.00 194.68 8.43 0.00
0.00 17988.31
70.60 -61.36 -9999.00 -9999.00 -9999.00 178.26 6.41 0.00
0.00 18835.80
62.20 -59.76 -9999.00 -9999.00 -9999.00 94.09 2.72 0.00
0.00 19624.08
54.30 -57.46 -9999.00 -9999.00 -9999.00 55.22 8.51 0.00
0.00 20477.08
46.90 -55.96 -9999.00 -9999.00 -9999.00 70.23 13.21 0.00
0.00 21405.27
40.10 -54.36 -9999.00 -9999.00 -9999.00 79.90 14.39 0.00
0.00 22404.78
33.80 -52.06 -9999.00 -9999.00 -9999.00 75.56 13.25 0.00
0.00 23505.12
27.80 -49.96 -9999.00 -9999.00 -9999.00 71.57 17.81 0.00
0.00 24775.85
22.30 -48.76 -9999.00 -9999.00 -9999.00 79.70 23.89 0.00
0.00 26219.93
17.10 -45.86 -9999.00 -9999.00 -9999.00 84.37 27.72 0.00
0.00 27975.11
12.30 -42.56 -50.46 -89.89 810.31 82.27 31.76 0.00
0.00 30183.09

STID = KMDW STNM = 725340 TIME = 200809/1700 
SLAT = 41.78 SLON = -87.75 SELV = 183.0
STIM = 6

SHOW = 0.53 LIFT = -3.09 SWET = 156.60 KINX = 19.02
LCLP = 841.31 PWAT = 34.79 TOTL = 47.50 CAPE = 400.10
LCLT = 288.53 CINS = -197.72 EQLV = 319.44 LFCT = 614.94
BRCH = 77.65

PRES TMPC TMWC DWPC THTE DRCT SKNT OMEG
CFRL HGHT
994.90 29.54 21.62 18.03 342.70 177.14 7.77 0.00
0.00 192.87
992.00 28.64 21.30 17.95 341.86 175.60 10.14 0.00
0.00 218.90
986.40 27.94 21.02 17.84 341.55 175.07 11.31 -0.10
0.00 269.25
977.00 26.94 20.59 17.65 341.24 175.53 12.47 -0.10
0.00 354.16
963.10 25.54 19.97 17.35 340.85 175.91 13.64 -0.10
0.00 480.73
945.20 23.94 19.21 16.96 340.60 176.91 14.39 -0.20
0.00 645.60
923.90 22.04 18.12 16.19 339.62 180.00 16.32 -0.10
0.00 844.70
900.50 20.44 16.57 14.55 337.39 182.57 17.31 -0.10
0.00 1067.38
875.30 18.34 15.30 13.64 336.65 183.81 17.52 0.00
8.00 1312.11
847.10 18.24 12.50 8.79 331.29 185.14 17.37 0.10
0.00 1593.14
816.00 16.64 10.96 7.08 331.11 190.93 17.40 0.10
0.00 1912.86
782.00 14.04 9.61 6.54 332.30 197.82 17.13 0.10
0.00 2273.95
745.10 11.94 6.60 2.20 329.13 202.57 16.20 0.10
1.00 2680.50
705.30 10.34 2.01 -8.36 322.80 206.57 12.16 0.10
0.00 3138.56
662.60 7.64 0.18 -9.43 325.30 215.79 10.30 0.00
0.00 3655.22
617.00 2.84 -1.80 -7.40 328.64 270.00 7.58 0.00
0.00 4237.38
568.90 -3.36 -5.55 -8.44 328.79 265.10 6.82 0.00
0.00 4887.11
522.30 -8.36 -11.25 -16.94 325.51 277.94 8.43 0.10
0.00 5556.89
480.40 -11.46 -15.40 -27.46 325.75 269.08 12.04 0.10
0.00 6201.79
442.90 -14.46 -18.75 -39.89 327.53 257.60 18.10 0.10
0.00 6821.00
409.10 -18.56 -22.17 -45.53 329.32 267.56 18.28 0.10
0.00 7417.43
378.50 -22.16 -25.18 -48.80 331.80 261.60 17.29 0.10
0.00 7992.74
351.00 -25.56 -28.13 -54.07 334.23 258.11 18.86 0.10
0.00 8543.19
326.20 -28.86 -30.91 -52.57 336.83 255.55 19.46 0.00
0.00 9070.73
303.80 -32.16 -33.73 -50.72 339.23 262.76 23.10 -0.10
0.00 9576.03
283.70 -35.16 -36.46 -53.75 341.50 277.35 24.28 -0.20
0.00 10055.93
265.60 -38.66 -39.60 -53.42 342.92 277.02 25.45 -0.20
0.00 10511.84
248.80 -42.16 -42.81 -53.96 344.16 275.40 24.79 -0.20
0.00 10957.02
233.60 -45.56 -46.04 -56.32 345.18 279.21 21.83 -0.20
0.00 11380.14
219.60 -48.86 -49.22 -59.12 346.15 287.10 18.49 -0.20
0.00 11788.89
205.70 -52.36 -52.63 -62.77 347.08 285.42 17.52 -0.10
0.00 12214.85
191.70 -55.46 -55.66 -65.45 349.13 273.24 20.63 0.00
0.00 12667.21
177.70 -57.46 -57.64 -68.92 353.45 275.80 25.00 0.10
0.00 13148.22
163.80 -59.56 -59.70 -69.50 358.25 279.54 24.63 0.10
0.00 13659.97
149.80 -61.56 -61.70 -74.84 364.02 268.28 19.42 0.10
0.00 14215.95
135.90 -63.76 -9999.00 -9999.00 -9999.00 249.04 19.56 0.00
0.00 14815.95
121.90 -65.66 -9999.00 -9999.00 -9999.00 241.50 23.21 0.00
0.00 15479.28
108.00 -65.16 -9999.00 -9999.00 -9999.00 253.52 19.85 0.00
0.00 16215.49
94.00 -63.56 -9999.00 -9999.00 -9999.00 228.92 10.04 0.00
0.00 17064.00
81.00 -63.36 -9999.00 -9999.00 -9999.00 214.22 11.75 0.00
0.00 17977.60
70.60 -60.66 -9999.00 -9999.00 -9999.00 218.93 6.49 0.00
0.00 18826.90
62.20 -59.56 -9999.00 -9999.00 -9999.00 28.61 2.43 0.00
0.00 19616.84
54.30 -57.96 -9999.00 -9999.00 -9999.00 52.13 8.86 0.00
0.00 20469.25
46.90 -56.76 -9999.00 -9999.00 -9999.00 63.43 12.59 0.00
0.00 21394.65
40.10 -55.26 -9999.00 -9999.00 -9999.00 68.63 14.39 0.00
0.00 22390.26
33.80 -53.06 -9999.00 -9999.00 -9999.00 68.20 16.74 0.00
0.00 23485.86
27.80 -50.76 -9999.00 -9999.00 -9999.00 79.51 21.33 0.00
0.00 24751.43
22.30 -48.46 -9999.00 -9999.00 -9999.00 89.55 24.67 0.00
0.00 26193.90
17.10 -44.16 -9999.00 -9999.00 -9999.00 87.01 26.07 0.00
0.00 27956.85
12.30 -41.46 -49.89 -89.89 814.18 75.04 26.34 0.00
0.00 30178.33

STID = KMDW STNM = 725340 TIME = 200809/1800 
SLAT = 41.78 SLON = -87.75 SELV = 183.0
STIM = 7

SHOW = -0.89 LIFT = -3.22 SWET = 199.07 KINX = 19.73
LCLP = 830.41 PWAT = 35.36 TOTL = 48.18 CAPE = 518.71
LCLT = 288.50 CINS = -153.57 EQLV = 285.22 LFCT = 627.35
BRCH = 89.87

PRES TMPC TMWC DWPC THTE DRCT SKNT OMEG
CFRL HGHT
994.90 30.64 22.04 18.21 344.45 181.22 9.13 0.00
0.00 192.01
991.90 29.64 21.70 18.14 343.52 180.00 12.04 0.00
0.00 219.03
986.50 28.84 21.40 18.04 343.10 179.17 13.40 0.00
0.00 267.74
977.00 27.84 20.98 17.86 342.83 179.25 14.76 -0.10
0.00 353.82
963.10 26.54 20.42 17.60 342.66 180.00 16.12 -0.10
0.00 480.80
945.20 24.84 19.66 17.25 342.40 180.66 16.90 -0.10
0.00 646.22
923.80 22.84 18.75 16.81 342.12 181.25 17.87 -0.20
0.00 846.89
900.50 20.94 17.24 15.38 339.90 183.54 18.88 -0.30
0.00 1069.19
875.20 19.24 15.67 13.76 338.00 185.77 19.33 -0.30
3.00 1315.55
847.10 17.04 13.95 12.19 336.30 187.56 19.21 -0.30
6.00 1595.65
815.90 16.74 11.19 7.47 331.88 192.05 17.68 -0.20
0.00 1916.04
781.90 14.54 9.53 5.99 332.02 199.29 16.47 -0.10
0.00 2277.54
745.00 12.34 6.69 2.04 329.40 205.56 14.86 0.00
0.00 2684.74
705.20 10.64 2.06 -8.72 322.91 209.98 11.65 0.00
0.00 3143.40
662.60 7.74 0.06 -10.07 324.98 219.21 9.52 0.00
0.00 3659.22
617.00 2.84 -1.74 -7.22 328.80 266.19 5.85 0.10
0.00 4241.47
568.90 -3.16 -5.79 -9.37 328.24 249.23 6.02 0.20
0.00 4891.40
522.30 -7.66 -11.33 -19.12 325.29 264.56 8.20 0.30
0.00 5562.19
480.40 -10.76 -15.47 -32.54 325.50 258.96 16.22 0.30
0.00 6208.67
442.90 -14.46 -18.93 -44.25 327.15 259.89 19.93 0.20
0.00 6828.64
409.10 -18.26 -21.97 -46.12 329.67 265.87 18.90 0.10
0.00 7425.40
378.50 -21.76 -24.93 -51.31 332.20 265.80 21.23 0.00
0.00 8001.50
351.00 -25.66 -28.19 -52.95 334.13 260.20 21.68 -0.20
0.00 8552.27
326.20 -29.16 -31.14 -51.68 336.46 251.89 21.87 -0.20
0.00 9079.39
303.80 -32.36 -33.94 -52.28 338.87 263.12 22.69 -0.30
0.00 9584.17
283.70 -35.76 -36.81 -48.27 340.97 279.05 22.22 -0.30
0.00 10063.27
265.60 -39.06 -39.70 -46.97 342.78 285.88 22.01 -0.20
0.00 10518.24
248.80 -42.36 -42.88 -50.52 344.07 282.06 20.45 -0.20
0.00 10962.87
233.60 -45.66 -46.08 -54.49 345.11 293.10 14.36 -0.10
0.00 11385.72
219.60 -49.16 -49.48 -57.90 345.73 312.83 10.86 0.00
0.00 11794.12
205.70 -52.36 -52.60 -61.06 347.13 281.69 11.50 0.10
0.00 12219.79
191.70 -54.56 -54.79 -65.45 350.57 269.50 22.34 0.20
0.00 12673.08
177.80 -56.56 -56.74 -66.00 354.91 277.38 27.23 0.10
0.00 13152.51
163.80 -59.16 -59.31 -69.50 358.92 270.47 23.50 0.00
0.00 13669.35
149.80 -61.76 -61.90 -74.84 363.68 262.49 17.83 0.00
0.00 14225.60
135.90 -63.96 -9999.00 -9999.00 -9999.00 241.24 18.16 0.00
0.00 14825.03
121.90 -65.76 -9999.00 -9999.00 -9999.00 239.04 23.78 0.00
0.00 15487.88
108.00 -64.56 -9999.00 -9999.00 -9999.00 250.28 21.87 0.00
0.00 16224.97
94.00 -62.96 -9999.00 -9999.00 -9999.00 240.35 14.53 0.00
0.00 17075.92
81.00 -62.96 -9999.00 -9999.00 -9999.00 241.89 16.08 0.00
0.00 17991.70
70.60 -60.96 -9999.00 -9999.00 -9999.00 258.44 8.72 0.00
0.00 18841.20
62.20 -60.36 -9999.00 -9999.00 -9999.00 45.00 3.30 0.00
0.00 19629.10
54.30 -58.46 -9999.00 -9999.00 -9999.00 82.98 12.72 0.00
0.00 20478.92
46.90 -57.06 -9999.00 -9999.00 -9999.00 84.29 17.56 0.00
0.00 21402.62
40.10 -54.96 -9999.00 -9999.00 -9999.00 79.49 19.17 0.10
0.00 22398.23
33.80 -52.06 -9999.00 -9999.00 -9999.00 81.95 19.42 0.00
0.00 23497.07
27.80 -49.36 -9999.00 -9999.00 -9999.00 88.83 19.04 0.00
0.00 24769.51
22.30 -47.26 -9999.00 -9999.00 -9999.00 91.21 18.45 0.00
0.00 26220.37
17.10 -44.36 -9999.00 -9999.00 -9999.00 82.23 21.56 0.00
0.00 27987.21
12.30 -42.26 -50.30 -89.89 811.36 77.88 32.38 0.00
0.00 30203.87

STID = KMDW STNM = 725340 TIME = 200809/1900 
SLAT = 41.78 SLON = -87.75 SELV = 183.0
STIM = 8

SHOW = -1.79 LIFT = -3.65 SWET = 366.45 KINX = 18.99
LCLP = 827.86 PWAT = 36.18 TOTL = 48.90 CAPE = 731.35
LCLT = 288.88 CINS = -129.11 EQLV = 259.55 LFCT = 637.47
BRCH = 85.54

PRES TMPC TMWC DWPC THTE DRCT SKNT OMEG
CFRL HGHT
994.20 31.24 22.45 18.63 346.34 181.08 10.30 0.00
0.00 192.93
991.20 30.24 22.11 18.55 345.39 180.81 13.79 0.00
0.00 220.04
985.70 29.44 21.81 18.44 344.95 180.72 15.54 0.00
0.00 269.79
976.30 28.44 21.41 18.28 344.72 180.66 16.90 0.10
0.00 355.22
962.40 27.04 20.82 18.02 344.43 181.22 18.26 0.10
0.00 482.56
944.50 25.44 20.09 17.66 344.27 182.34 19.06 0.10
0.00 648.44
923.10 23.44 19.19 17.22 343.99 183.96 19.66 0.20
0.00 849.70
899.80 21.24 18.11 16.62 343.42 185.49 20.30 0.20
0.00 1072.61
874.60 19.54 16.28 14.61 340.39 187.67 20.38 0.20
0.00 1318.55
846.30 17.24 14.79 13.46 339.43 190.01 20.12 0.20
0.00 1601.25
815.30 15.64 12.36 10.39 335.92 192.01 18.67 0.20
7.00 1919.62
781.20 15.04 9.54 5.62 332.14 194.74 15.27 0.40
0.00 2282.27
744.40 13.14 6.29 0.26 328.24 202.75 13.05 0.40
0.00 2689.53
704.70 11.34 2.05 -10.12 322.85 212.55 10.84 0.40
0.00 3148.45
662.10 7.94 0.29 -9.57 325.63 227.73 8.66 0.40
0.00 3665.44
616.60 2.84 -1.70 -7.12 328.95 253.30 6.08 0.40
0.00 4247.05
568.60 -2.86 -6.21 -11.13 327.30 242.82 8.08 0.30
0.00 4896.29
522.10 -6.96 -11.52 -22.40 324.85 263.09 12.92 0.20
0.00 5567.03
480.20 -10.66 -15.64 -35.74 325.16 264.81 21.46 0.00
0.00 6214.65
442.80 -14.66 -18.98 -41.84 327.11 270.00 20.78 0.00
0.00 6833.02
409.00 -18.16 -21.89 -46.12 329.82 270.00 20.59 -0.10
0.00 7429.81
378.50 -22.16 -25.20 -49.57 331.76 271.06 20.98 -0.10
0.00 8003.77
351.00 -25.96 -28.33 -48.76 333.93 262.75 21.54 -0.10
0.00 8553.78
326.20 -29.66 -31.45 -48.14 335.97 255.04 23.33 0.00
0.00 9080.05
303.80 -32.66 -34.15 -50.72 338.53 261.79 20.42 0.00
0.00 9584.01
283.70 -35.86 -36.74 -45.17 341.10 283.47 14.18 0.10
0.00 10062.73
265.60 -38.96 -39.56 -46.15 343.01 287.68 14.06 0.10
0.00 10517.71
248.80 -42.06 -42.63 -51.11 344.48 278.34 14.72 0.10
0.00 10962.72
233.60 -45.56 -46.01 -55.36 345.22 293.96 7.65 0.10
0.00 11385.94
219.60 -48.86 -49.19 -57.90 346.19 277.50 7.44 0.10
0.00 11794.69
205.70 -51.16 -51.48 -62.77 348.97 264.75 19.11 0.10
0.00 12221.80
191.70 -53.76 -54.02 -65.45 351.85 272.86 31.12 0.00
0.00 12677.15
177.70 -57.26 -57.45 -68.92 353.78 267.08 30.54 -0.10
0.00 13160.28
163.80 -59.96 -60.09 -69.50 357.58 262.94 22.13 -0.10
0.00 13671.78
149.80 -62.16 -62.29 -74.84 362.99 246.71 15.23 0.00
0.00 14226.46
135.90 -64.06 -9999.00 -9999.00 -9999.00 233.13 22.34 0.00
0.00 14825.18
121.90 -66.16 -9999.00 -9999.00 -9999.00 240.64 28.54 0.00
0.00 15487.23
108.00 -65.46 -9999.00 -9999.00 -9999.00 257.10 26.11 0.00
0.00 16222.02
94.00 -63.86 -9999.00 -9999.00 -9999.00 244.89 13.73 0.00
0.00 17069.31
81.00 -62.96 -9999.00 -9999.00 -9999.00 228.14 12.51 0.00
0.00 17983.13
70.60 -60.16 -9999.00 -9999.00 -9999.00 215.54 5.01 0.00
0.00 18834.24
62.20 -58.96 -9999.00 -9999.00 -9999.00 115.56 4.95 0.00
0.00 19626.22
54.30 -57.26 -9999.00 -9999.00 -9999.00 106.26 9.71 0.00
0.00 20481.21
46.90 -56.46 -9999.00 -9999.00 -9999.00 87.18 11.87 0.00
0.00 21408.76
40.10 -55.16 -9999.00 -9999.00 -9999.00 80.54 14.18 0.00
0.00 22405.29
33.80 -52.56 -9999.00 -9999.00 -9999.00 85.45 17.15 0.00
0.00 23502.38
27.80 -50.46 -9999.00 -9999.00 -9999.00 89.45 20.20 0.00
0.00 24770.24
22.30 -48.76 -9999.00 -9999.00 -9999.00 92.47 22.55 0.00
0.00 26212.71
17.10 -45.06 -9999.00 -9999.00 -9999.00 80.68 25.19 0.00
0.00 27971.01
12.30 -41.86 -50.09 -89.89 812.77 83.31 31.68 0.00
0.00 30186.22

STID = KMDW STNM = 725340 TIME = 200809/2000 
SLAT = 41.78 SLON = -87.75 SELV = 183.0
STIM = 9

SHOW = -2.77 LIFT = -4.61 SWET = 404.47 KINX = 18.68
LCLP = 829.82 PWAT = 36.45 TOTL = 50.23 CAPE = 953.56
LCLT = 289.39 CINS = -131.59 EQLV = 230.34 LFCT = 644.01
BRCH = 85.39

PRES TMPC TMWC DWPC THTE DRCT SKNT OMEG
CFRL HGHT
993.80 31.54 22.81 19.11 348.03 182.16 10.30 0.00
0.00 192.95
990.80 30.64 22.51 19.03 347.19 181.61 13.79 0.00
0.00 220.10
985.40 29.84 22.21 18.93 346.77 181.41 15.73 0.10
0.00 269.05
975.90 28.84 21.81 18.76 346.53 181.95 17.11 0.10
0.00 355.55
962.00 27.54 21.25 18.49 346.33 183.01 18.47 0.20
0.00 483.16
944.10 25.84 20.51 18.15 346.10 183.47 19.27 0.30
0.00 649.41
922.80 23.84 19.63 17.73 345.86 184.53 19.68 0.40
0.00 850.13
899.50 21.64 18.60 17.18 345.42 186.10 20.12 0.40
0.00 1073.48
874.20 19.74 16.66 15.11 341.88 187.74 20.18 0.50
0.00 1320.81
846.00 17.34 15.26 14.17 341.24 189.00 19.87 0.50
0.00 1602.85
814.90 15.44 12.94 11.49 337.97 190.81 17.60 0.60
22.00 1922.45
780.90 16.24 9.18 3.83 330.97 192.88 13.95 0.60
4.00 2284.81
744.10 14.14 5.70 -2.50 326.48 205.30 11.81 0.60
0.00 2693.56
704.50 12.04 2.17 -11.05 323.11 225.00 10.16 0.50
0.00 3152.69
661.90 8.24 0.75 -8.40 326.87 243.43 9.56 0.40
0.00 3670.76
616.40 2.94 -1.77 -7.45 328.82 253.89 9.09 0.30
0.00 4253.01
568.40 -2.56 -6.51 -12.65 326.64 251.27 12.10 0.00
0.00 4902.86
522.00 -7.06 -11.41 -21.41 325.12 266.47 15.77 -0.10
0.00 5572.54
480.10 -11.06 -15.94 -36.28 324.61 275.37 22.82 -0.10
0.00 6219.69
442.70 -14.86 -19.26 -46.03 326.58 282.17 20.26 0.00
0.00 6837.47
409.00 -18.36 -21.98 -44.46 329.68 282.01 18.67 0.00
0.00 7432.09
378.40 -22.26 -25.07 -43.32 332.08 271.05 21.17 0.00
0.00 8007.68
350.90 -26.36 -28.55 -45.85 333.62 263.00 22.32 0.00
0.00 8557.32
326.20 -29.66 -31.45 -48.14 335.97 263.20 21.33 0.00
0.00 9081.13
303.80 -32.16 -33.47 -44.54 339.71 270.71 15.73 0.00
0.00 9585.63
283.70 -35.46 -36.30 -43.75 341.83 281.31 9.91 0.10
0.00 10065.27
265.60 -38.46 -39.17 -46.97 343.66 270.00 14.76 0.10
0.00 10521.12
248.80 -41.86 -42.45 -51.11 344.78 267.90 15.95 0.10
0.00 10966.80
233.60 -45.46 -45.95 -56.32 345.33 263.52 8.61 0.10
0.00 11390.29
219.60 -48.66 -49.03 -59.12 346.45 253.78 11.13 0.10
0.00 11799.32
205.70 -51.46 -51.74 -61.06 348.54 265.10 20.47 0.10
0.00 12226.33
191.70 -55.06 -55.25 -63.30 349.81 269.23 28.94 0.10
0.00 12680.03
177.70 -57.46 -57.64 -68.92 353.45 260.79 29.12 0.00
0.00 13161.49
163.80 -59.76 -59.90 -69.50 357.91 261.18 22.80 -0.10
0.00 13673.00
149.80 -62.26 -62.39 -74.84 362.82 247.68 19.95 -0.10
0.00 14227.80
135.90 -64.76 -64.85 -75.48 368.63 234.25 23.93 0.00
0.00 14825.39
121.90 -66.96 -9999.00 -9999.00 -9999.00 244.98 28.94 0.00
0.00 15485.05
108.00 -65.66 -9999.00 -9999.00 -9999.00 258.52 25.37 0.00
0.00 16218.07
94.00 -63.26 -9999.00 -9999.00 -9999.00 234.46 13.36 0.00
0.00 17066.17
81.00 -62.86 -9999.00 -9999.00 -9999.00 234.87 12.82 0.00
0.00 17981.52
70.60 -60.66 -9999.00 -9999.00 -9999.00 258.23 4.76 0.00
0.00 18831.83
62.20 -59.86 -9999.00 -9999.00 -9999.00 96.71 3.32 0.00
0.00 19621.21
54.30 -58.56 -9999.00 -9999.00 -9999.00 105.95 8.49 0.00
0.00 20471.83
46.90 -57.46 -9999.00 -9999.00 -9999.00 89.08 12.04 0.00
0.00 21394.45
40.10 -55.26 -9999.00 -9999.00 -9999.00 84.12 13.29 0.00
0.00 22388.45
33.80 -52.06 -9999.00 -9999.00 -9999.00 78.84 15.05 0.00
0.00 23486.54
27.80 -50.06 -9999.00 -9999.00 -9999.00 77.76 16.49 0.00
0.00 24756.98
22.30 -48.66 -9999.00 -9999.00 -9999.00 74.54 18.94 0.00
0.00 26201.06
17.10 -46.06 -9999.00 -9999.00 -9999.00 70.84 24.26 0.00
0.00 27955.86
12.30 -42.26 -50.30 -89.89 811.36 79.23 28.07 0.00
0.00 30164.32

STID = KMDW STNM = 725340 TIME = 200809/2100 
SLAT = 41.78 SLON = -87.75 SELV = 183.0
STIM = 10

SHOW = -3.47 LIFT = -5.61 SWET = 435.10 KINX = 19.47
LCLP = 828.55 PWAT = 35.20 TOTL = 52.04 CAPE = 1077.78
LCLT = 289.52 CINS = -200.53 EQLV = 217.35 LFCT = 644.39
BRCH = 57.36

PRES TMPC TMWC DWPC THTE DRCT SKNT OMEG
CFRL HGHT
991.80 31.64 22.91 19.24 348.80 178.96 10.68 0.00
0.00 192.97
988.90 30.74 22.60 19.15 347.91 179.24 14.57 0.00
0.00 219.29
983.40 29.94 22.30 19.04 347.48 179.33 16.71 0.00
0.00 269.26
974.00 29.04 21.92 18.86 347.32 179.38 18.07 0.10
0.00 355.07
960.10 27.64 21.33 18.59 347.01 180.00 19.23 0.10
0.00 483.00
942.20 26.04 20.62 18.23 346.85 180.56 20.01 0.20
0.00 649.67
920.90 24.04 19.71 17.77 346.51 181.08 20.59 0.20
0.00 850.95
897.70 21.94 18.58 17.02 345.65 182.16 20.61 0.30
0.00 1073.98
872.50 20.24 16.65 14.84 342.11 183.81 20.44 0.30
0.00 1321.13
844.40 17.94 15.12 13.63 340.96 186.91 19.37 0.30
7.00 1603.19
813.40 16.84 12.34 9.60 336.12 190.19 17.56 0.30
17.00 1923.30
779.50 17.84 8.18 -0.34 327.90 196.29 13.15 0.30
0.00 2286.82
742.90 15.34 5.21 -5.81 325.08 220.60 10.74 0.30
0.00 2695.70
703.40 12.94 2.74 -10.34 324.73 250.35 11.56 0.20
0.00 3155.96
661.00 8.34 1.09 -7.37 327.94 257.85 12.92 0.10
0.00 3673.33
615.60 3.04 -2.06 -8.48 328.21 259.77 14.22 0.00
0.00 4255.28
567.80 -2.66 -6.88 -13.78 325.90 262.45 16.26 -0.10
0.00 4903.09
521.50 -7.76 -11.33 -18.86 325.44 268.05 17.11 -0.10
0.00 5571.03
479.80 -11.96 -16.11 -30.71 324.48 284.30 20.45 0.00
0.00 6213.76
442.40 -15.06 -19.27 -41.85 326.69 290.39 16.16 0.10
0.00 6830.70
408.80 -18.26 -21.52 -37.08 330.65 280.66 16.80 0.10
0.00 7423.84
378.30 -22.46 -24.83 -37.11 332.59 271.99 22.36 0.10
0.00 7997.73
350.80 -26.36 -28.55 -45.86 333.64 270.00 24.48 0.00
0.00 8547.33
326.10 -29.46 -31.28 -48.15 336.28 267.61 23.33 0.00
0.00 9071.50
303.80 -32.16 -33.40 -43.45 339.83 261.57 15.91 -0.10
0.00 9574.04
283.70 -35.36 -36.17 -43.11 342.06 258.69 9.91 -0.10
0.00 10053.79
265.60 -38.36 -39.01 -45.77 343.93 258.69 15.85 0.00
0.00 10509.84
248.80 -41.66 -42.29 -51.75 345.04 260.44 18.71 0.00
0.00 10955.81
233.60 -45.26 -45.76 -56.32 345.63 256.13 16.20 0.00
0.00 11379.67
219.60 -48.76 -49.10 -57.90 346.34 251.13 16.22 0.00
0.00 11788.79
205.70 -52.06 -52.29 -59.64 347.64 262.02 20.98 0.00
0.00 12215.13
191.70 -55.26 -55.44 -63.30 349.49 252.28 29.37 0.10
0.00 12668.01
177.70 -57.56 -57.74 -68.92 353.28 258.91 29.29 0.10
0.00 13149.14
163.80 -59.46 -59.63 -74.24 358.37 253.61 24.09 0.00
0.00 13660.88
149.80 -61.96 -62.09 -74.84 363.33 240.13 22.63 0.00
0.00 14216.47
135.90 -64.86 -9999.00 -9999.00 -9999.00 236.31 27.31 0.00
0.00 14814.34
121.90 -67.26 -9999.00 -9999.00 -9999.00 250.48 29.06 0.00
0.00 15473.37
108.00 -64.86 -9999.00 -9999.00 -9999.00 256.73 21.15 0.10
0.00 16207.27
94.00 -62.06 -9999.00 -9999.00 -9999.00 220.03 12.68 0.10
0.00 17059.44
81.00 -62.16 -9999.00 -9999.00 -9999.00 240.95 14.01 0.00
0.00 17978.92
70.60 -59.86 -9999.00 -9999.00 -9999.00 258.02 6.55 0.00
0.00 18832.24
62.20 -59.36 -9999.00 -9999.00 -9999.00 151.39 2.43 0.00
0.00 19624.04
54.30 -58.46 -9999.00 -9999.00 -9999.00 113.96 5.73 0.00
0.00 20475.85
46.90 -57.46 -9999.00 -9999.00 -9999.00 83.02 9.60 0.00
0.00 21398.68
40.10 -55.26 -9999.00 -9999.00 -9999.00 81.38 12.98 0.00
0.00 22392.69
33.80 -52.76 -9999.00 -9999.00 -9999.00 86.75 17.11 0.00
0.00 23489.03
27.80 -49.96 -9999.00 -9999.00 -9999.00 90.00 18.84 0.00
0.00 24757.75
22.30 -47.26 -9999.00 -9999.00 -9999.00 84.44 22.05 0.00
0.00 26206.68
17.10 -44.36 -9999.00 -9999.00 -9999.00 79.66 24.88 0.00
0.00 27973.52
12.30 -41.86 -50.09 -89.89 812.77 73.02 26.61 0.00
0.00 30192.10

STID = KMDW STNM = 725340 TIME = 200809/2200 
SLAT = 41.78 SLON = -87.75 SELV = 183.0
STIM = 11

SHOW = -3.38 LIFT = -5.92 SWET = 430.72 KINX = 21.05
LCLP = 832.34 PWAT = 35.12 TOTL = 52.44 CAPE = 1215.63
LCLT = 289.85 CINS = -214.10 EQLV = 205.47 LFCT = 648.98
BRCH = 52.03

PRES TMPC TMWC DWPC THTE DRCT SKNT OMEG
CFRL HGHT
991.30 31.54 23.03 19.49 349.45 178.94 10.49 0.00
0.00 192.07
988.30 30.74 22.76 19.41 348.72 179.24 14.57 0.00
0.00 219.30
982.80 29.94 22.45 19.29 348.25 178.67 16.71 0.00
0.00 269.31
973.40 29.04 22.07 19.11 348.09 179.40 18.45 0.10
0.00 355.19
959.50 27.74 21.51 18.84 347.90 180.00 19.62 0.10
0.00 483.24
941.70 26.04 20.78 18.49 347.64 180.55 20.40 0.20
0.00 649.13
920.40 24.04 19.87 18.01 347.24 182.14 20.80 0.20
0.00 850.54
897.10 22.34 18.12 16.10 343.86 184.24 21.04 0.20
0.00 1074.78
872.00 20.44 16.93 15.20 343.30 186.52 20.53 0.10
0.00 1321.32
843.90 18.74 14.78 12.62 339.75 195.20 18.51 0.00
6.00 1603.99
813.00 17.74 11.96 8.26 334.82 201.32 17.09 -0.10
11.00 1924.03
779.20 18.34 8.02 -1.41 327.39 211.66 13.69 -0.20
0.00 2287.38
742.60 15.64 5.38 -5.66 325.58 235.78 11.75 -0.20
0.00 2696.94
703.20 12.74 2.97 -8.94 325.45 260.81 13.38 -0.10
0.00 3156.32
660.80 8.34 0.79 -8.42 327.14 262.78 13.91 -0.10
0.00 3673.67
615.50 2.94 -2.37 -9.29 327.47 261.66 14.72 -0.10
0.00 4254.28
567.70 -2.76 -6.88 -13.57 325.93 268.47 14.57 -0.10
0.00 4901.94
521.40 -8.06 -11.38 -18.24 325.39 272.12 15.75 0.00
0.00 5569.52
479.70 -12.06 -16.00 -28.99 324.76 291.67 16.30 0.10
0.00 6211.94
442.40 -14.76 -18.71 -35.79 327.78 285.71 12.92 0.20
0.00 6827.58
408.70 -18.36 -21.06 -31.43 331.59 273.04 18.28 0.20
0.00 7422.88
378.20 -22.26 -24.76 -38.10 332.74 273.28 23.74 0.10
0.00 7997.07
350.80 -25.96 -27.36 -34.12 335.80 277.13 26.63 0.00
0.00 8545.48
326.10 -29.16 -29.93 -33.76 338.70 274.57 29.23 -0.10
0.00 9070.55
303.70 -32.26 -33.14 -39.03 340.34 263.71 24.83 -0.10
0.00 9575.74
283.70 -35.76 -36.54 -43.42 341.44 246.60 14.18 -0.10
0.00 10052.70
265.60 -38.96 -39.43 -44.03 343.25 244.47 14.41 0.00
2.00 10507.79
248.80 -42.06 -42.53 -48.92 344.64 252.85 19.11 0.00
0.00 10952.82
233.60 -45.36 -45.78 -53.69 345.61 254.80 18.51 0.00
0.00 11376.23
219.60 -48.56 -48.88 -56.82 346.70 251.79 15.54 0.00
0.00 11785.44
205.70 -52.16 -52.38 -59.64 347.48 242.46 25.62 0.00
0.00 12211.88
191.70 -54.86 -55.05 -63.30 350.13 247.91 28.92 0.00
0.00 12665.07
177.70 -57.16 -57.38 -73.70 353.89 256.76 30.54 0.00
0.00 13147.08
163.80 -59.66 -59.83 -74.24 358.03 251.93 28.81 0.00
0.00 13659.06
149.80 -62.06 -62.19 -74.84 363.16 241.45 27.64 0.00
0.00 14214.26
135.90 -64.96 -65.05 -75.48 368.28 235.95 26.03 0.00
0.00 14811.84
121.90 -66.66 -9999.00 -9999.00 -9999.00 251.29 26.05 0.00
0.00 15471.67
108.00 -63.56 -9999.00 -9999.00 -9999.00 259.47 22.32 0.00
0.00 16208.94
94.00 -61.86 -9999.00 -9999.00 -9999.00 231.22 13.95 0.00
0.00 17064.15
81.00 -62.76 -9999.00 -9999.00 -9999.00 248.50 13.77 0.00
0.00 17982.77
70.60 -60.26 -9999.00 -9999.00 -9999.00 264.96 6.62 0.00
0.00 18834.08
62.20 -59.76 -9999.00 -9999.00 -9999.00 150.26 1.57 0.00
0.00 19624.39
54.30 -58.56 -9999.00 -9999.00 -9999.00 95.44 4.10 0.00
0.00 20475.21
46.90 -57.26 -9999.00 -9999.00 -9999.00 76.91 8.57 0.00
0.00 21398.25
40.10 -54.36 -9999.00 -9999.00 -9999.00 91.79 12.43 0.00
0.00 22394.78
33.80 -51.96 -9999.00 -9999.00 -9999.00 99.46 16.55 0.00
0.00 23495.38
27.80 -49.36 -9999.00 -9999.00 -9999.00 89.33 16.51 0.00
0.00 24768.10
22.30 -46.76 -9999.00 -9999.00 -9999.00 74.60 19.76 0.00
0.00 26220.57
17.10 -44.36 -9999.00 -9999.00 -9999.00 76.32 23.00 0.00
0.00 27989.36
12.30 -42.26 -50.30 -89.89 811.36 72.47 27.10 0.00
0.00 30206.01

STID = KMDW STNM = 725340 TIME = 200809/2300 
SLAT = 41.78 SLON = -87.75 SELV = 183.0
STIM = 12

SHOW = -3.33 LIFT = -5.97 SWET = 275.85 KINX = 22.02
LCLP = 840.87 PWAT = 36.49 TOTL = 52.23 CAPE = 1292.22
LCLT = 290.25 CINS = -183.63 EQLV = 205.44 LFCT = 651.77
BRCH = 61.69

PRES TMPC TMWC DWPC THTE DRCT SKNT OMEG
CFRL HGHT
992.00 31.14 23.08 19.75 349.59 183.37 9.93 0.00
0.00 192.96
989.00 30.44 22.84 19.67 348.98 183.18 14.01 0.00
0.00 220.14
983.50 29.84 22.59 19.56 348.78 183.41 16.34 0.10
0.00 270.09
974.10 28.94 22.21 19.38 348.62 184.30 18.12 0.10
0.00 355.89
960.20 27.64 21.66 19.11 348.42 185.25 19.11 0.20
0.00 483.83
942.40 25.94 20.92 18.76 348.15 186.71 19.95 0.20
0.00 649.56
921.00 24.04 20.03 18.27 347.86 188.21 20.42 0.30
0.00 851.77
897.80 22.14 18.40 16.65 344.90 190.89 20.57 0.30
0.00 1074.86
872.60 20.24 17.17 15.67 344.13 198.43 19.66 0.30
0.00 1322.09
844.50 18.84 14.90 12.77 340.10 212.20 18.59 0.10
6.00 1604.56
813.50 17.44 12.24 9.00 335.71 218.37 17.83 -0.10
9.00 1925.36
779.70 17.44 8.64 1.37 329.35 221.99 15.68 -0.20
0.00 2287.89
743.00 15.44 5.61 -4.57 326.21 233.33 11.38 -0.20
0.00 2697.71
703.50 12.64 3.18 -7.96 325.99 258.31 11.50 -0.10
0.00 3157.87
661.10 8.34 0.68 -8.80 326.81 261.75 13.54 0.00
0.00 3674.91
615.70 3.04 -2.67 -10.49 326.67 261.98 13.93 0.00
0.00 4256.62
567.90 -2.76 -6.95 -13.83 325.73 267.36 12.65 -0.10
0.00 4904.11
521.60 -7.96 -11.43 -18.71 325.25 274.64 14.41 0.00
0.00 5571.55
479.80 -11.76 -15.69 -28.14 325.32 288.97 13.15 0.10
0.00 6215.80
442.50 -14.46 -18.13 -31.56 328.90 267.27 12.26 0.10
0.00 6832.07
408.80 -18.36 -21.04 -31.27 331.61 272.10 21.19 0.20
0.00 7427.62
378.30 -22.26 -23.57 -28.15 334.95 276.84 24.46 0.20
0.00 8001.77
350.80 -25.86 -26.60 -29.51 337.17 275.68 31.43 0.10
0.00 8552.38
326.10 -29.66 -30.29 -33.46 338.08 275.95 31.84 0.00
5.00 9077.08
303.80 -32.76 -33.32 -36.79 340.01 268.26 25.66 -0.10
32.00 9578.91
283.70 -35.86 -36.45 -41.13 341.61 250.80 18.30 0.00
2.00 10057.61
265.60 -39.26 -39.81 -45.77 342.61 234.62 16.43 0.00
4.00 10512.32
248.80 -42.06 -42.63 -51.11 344.48 236.66 17.68 0.10
0.00 10957.05
233.60 -45.06 -45.55 -55.36 345.98 234.78 20.20 0.10
0.00 11380.72
219.60 -48.46 -48.74 -55.00 346.94 235.71 25.85 0.00
0.00 11790.30
205.70 -51.86 -52.10 -59.64 347.96 241.21 29.04 0.00
0.00 12217.13
191.70 -54.76 -54.98 -65.45 350.25 251.22 30.77 -0.10
0.00 12670.73
177.70 -57.26 -57.40 -63.87 353.87 261.82 31.39 -0.10
0.00 13152.74
163.80 -59.96 -60.07 -66.60 357.62 257.47 26.86 0.00
0.00 13664.25
149.80 -62.46 -62.58 -74.84 362.47 239.80 27.43 0.00
0.00 14218.54
135.90 -64.66 -9999.00 -9999.00 -9999.00 243.78 28.57 0.00
0.00 14815.98
121.90 -65.66 -9999.00 -9999.00 -9999.00 256.71 25.35 0.00
0.00 15477.87
108.00 -63.56 -9999.00 -9999.00 -9999.00 264.85 21.64 0.00
0.00 16216.91
94.00 -61.86 -9999.00 -9999.00 -9999.00 231.71 14.10 0.00
0.00 17072.13
81.00 -62.66 -9999.00 -9999.00 -9999.00 252.60 13.64 0.00
0.00 17990.96
70.60 -60.26 -9999.00 -9999.00 -9999.00 276.71 6.64 0.00
0.00 18842.47
62.20 -59.86 -9999.00 -9999.00 -9999.00 90.00 0.39 0.00
0.00 19632.60
54.30 -58.06 -9999.00 -9999.00 -9999.00 78.69 2.97 0.00
0.00 20484.21
46.90 -56.36 -9999.00 -9999.00 -9999.00 80.54 7.09 0.00
0.00 21410.26
40.10 -53.76 -9999.00 -9999.00 -9999.00 101.51 10.70 0.00
0.00 22410.22
33.80 -52.16 -9999.00 -9999.00 -9999.00 102.09 13.91 0.00
0.00 23511.82
27.80 -49.86 -9999.00 -9999.00 -9999.00 81.30 16.71 0.00
0.00 24782.54
22.30 -47.36 -9999.00 -9999.00 -9999.00 66.40 21.83 0.00
0.00 26231.47
17.10 -44.36 -9999.00 -9999.00 -9999.00 72.15 24.09 0.00
0.00 27997.92
12.30 -42.16 -50.25 -89.89 811.72 72.65 26.05 0.00
0.00 30215.06

STID = KMDW STNM = 725340 TIME = 200810/0000 
SLAT = 41.78 SLON = -87.75 SELV = 183.0
STIM = 13

SHOW = -3.18 LIFT = -5.93 SWET = 266.27 KINX = 22.34
LCLP = 855.24 PWAT = 36.78 TOTL = 52.11 CAPE = 1387.95
LCLT = 290.90 CINS = -196.15 EQLV = 203.50 LFCT = 657.59
BRCH = 51.26

PRES TMPC TMWC DWPC THTE DRCT SKNT OMEG
CFRL HGHT
992.00 30.34 23.10 20.13 349.71 177.56 9.13 0.00
0.00 192.93
989.00 29.94 22.93 20.04 349.43 178.32 13.21 0.00
0.00 220.07
983.60 29.34 22.69 19.93 349.21 178.59 15.73 0.10
0.00 269.03
974.10 28.44 22.30 19.74 349.03 180.00 17.68 0.10
0.00 355.62
960.20 27.14 21.75 19.48 348.86 181.18 18.84 0.10
0.00 483.37
942.40 25.54 21.04 19.11 348.65 183.43 19.46 0.20
0.00 648.88
921.00 23.64 20.14 18.61 348.33 186.22 19.74 0.20
0.00 850.86
897.80 21.94 18.52 16.92 345.37 190.41 19.35 0.30
0.00 1073.76
872.60 20.64 17.14 15.43 344.01 211.73 17.37 0.30
0.00 1321.08
844.50 19.34 14.95 12.57 340.26 224.54 17.17 0.20
3.00 1603.95
813.50 18.64 12.10 7.89 335.17 240.26 17.23 0.20
0.00 1925.61
779.70 17.74 8.52 0.72 328.94 246.89 17.33 0.00
0.00 2288.98
743.10 15.24 5.50 -4.64 325.91 246.80 14.80 -0.10
0.00 2697.69
703.50 12.24 2.96 -8.09 325.44 253.94 13.34 -0.20
0.00 3158.50
661.10 8.14 0.52 -9.06 326.38 258.20 13.29 -0.10
0.00 3674.98
615.80 3.04 -2.76 -10.81 326.43 262.88 12.53 -0.10
0.00 4255.13
568.00 -2.76 -6.96 -13.88 325.69 264.81 10.72 0.00
0.00 4902.50
521.60 -7.96 -11.52 -19.14 325.05 274.54 12.28 0.00
0.00 5571.30
479.90 -11.36 -15.29 -27.09 326.08 278.26 12.16 0.00
0.00 6214.44
442.50 -14.36 -17.34 -26.02 330.50 263.96 16.61 0.00
0.00 6832.99
408.80 -18.56 -19.83 -23.28 333.97 273.04 21.99 0.10
0.00 7428.63
378.30 -22.36 -23.25 -26.08 335.56 272.45 27.21 0.10
10.00 8002.61
350.80 -26.46 -26.97 -28.96 336.53 269.31 32.05 0.10
100.00 8552.48
326.10 -30.06 -30.68 -33.91 337.42 265.66 30.79 0.10
100.00 9076.12
303.80 -32.96 -33.64 -38.16 339.46 260.89 25.78 0.10
0.00 9577.31
283.70 -35.76 -36.40 -41.66 341.68 244.89 20.59 0.00
0.00 10055.90
265.60 -38.96 -39.70 -48.85 342.77 231.15 17.97 0.00
0.00 10510.98
248.80 -42.16 -42.77 -52.43 344.25 237.45 21.66 0.00
0.00 10955.89
233.60 -45.36 -45.76 -52.96 345.65 239.66 27.68 0.00
0.00 11379.20
219.60 -48.76 -49.07 -56.82 346.39 238.97 30.15 -0.10
0.00 11788.23
205.70 -51.76 -52.03 -61.06 348.07 244.38 31.45 -0.10
0.00 12214.86
191.70 -54.76 -54.96 -63.30 350.29 260.83 31.68 -0.10
0.00 12668.57
177.70 -57.76 -57.93 -68.92 352.96 266.82 28.01 0.00
0.00 13150.03
163.80 -59.96 -60.09 -69.50 357.58 256.65 23.56 0.00
0.00 13660.94
149.80 -62.26 -62.39 -74.84 362.82 236.87 27.37 0.10
0.00 14215.48
135.90 -64.66 -64.76 -75.48 368.81 240.78 31.84 0.10
0.00 14813.21
121.90 -65.16 -9999.00 -9999.00 -9999.00 259.22 29.06 0.00
0.00 15475.90
108.00 -63.76 -9999.00 -9999.00 -9999.00 267.61 18.67 0.00
0.00 16215.47
94.00 -62.46 -9999.00 -9999.00 -9999.00 229.24 14.88 0.00
0.00 17069.06
81.00 -62.86 -9999.00 -9999.00 -9999.00 253.14 13.40 0.00
0.00 17986.15
70.60 -60.46 -9999.00 -9999.00 -9999.00 298.30 5.73 0.00
0.00 18836.85
62.20 -59.76 -9999.00 -9999.00 -9999.00 22.62 2.53 0.00
0.00 19626.80
54.30 -57.66 -9999.00 -9999.00 -9999.00 53.75 3.61 0.00
0.00 20479.40
46.90 -56.26 -9999.00 -9999.00 -9999.00 83.52 8.61 0.00
0.00 21406.52
40.10 -53.96 -9999.00 -9999.00 -9999.00 97.47 11.95 0.00
0.00 22406.26
33.80 -52.16 -9999.00 -9999.00 -9999.00 95.19 12.88 0.00
0.00 23507.36
27.80 -49.96 -9999.00 -9999.00 -9999.00 73.10 16.05 0.00
0.00 24777.79
22.30 -47.66 -9999.00 -9999.00 -9999.00 62.58 23.19 0.00
0.00 26225.42
17.10 -44.96 -9999.00 -9999.00 -9999.00 73.22 27.58 0.00
0.00 27988.38
12.30 -42.06 -9999.00 -9999.00 -9999.00 80.71 32.48 0.00
0.00 30203.10

STID = KMDW STNM = 725340 TIME = 200810/0100 
SLAT = 41.78 SLON = -87.75 SELV = 183.0
STIM = 14

SHOW = -4.90 LIFT = -6.26 SWET = 321.63 KINX = 22.36
LCLP = 877.58 PWAT = 39.57 TOTL = 53.84 CAPE = 1549.89
LCLT = 291.91 CINS = -172.62 EQLV = 199.12 LFCT = 664.75
BRCH = 50.08

PRES TMPC TMWC DWPC THTE DRCT SKNT OMEG
CFRL HGHT
991.70 29.14 23.16 20.74 350.09 177.14 7.77 0.00
0.00 192.90
988.80 28.84 23.03 20.67 349.96 177.32 12.45 0.00
0.00 219.05
983.30 28.44 22.85 20.57 350.03 178.51 14.96 0.10
0.00 268.79
973.90 27.64 22.50 20.39 349.98 180.62 17.87 0.10
0.00 354.27
960.00 26.34 21.94 20.12 349.78 182.81 19.83 0.10
0.00 481.75
942.10 24.84 21.25 19.73 349.64 185.87 20.90 0.10
0.00 647.88
920.80 23.04 20.27 19.06 348.92 189.98 21.31 0.10
0.00 848.60
897.50 21.54 18.85 17.62 346.81 196.54 20.47 0.10
0.00 1072.21
872.30 20.24 17.74 16.56 346.48 215.84 17.25 0.10
0.00 1319.40
844.20 19.14 16.20 14.73 345.08 237.26 16.16 0.10
0.00 1602.30
813.20 18.24 13.99 11.65 341.96 255.96 16.03 0.00
0.00 1924.14
779.40 17.34 10.46 5.73 335.29 267.24 16.14 -0.10
0.00 2287.65
742.70 15.34 5.79 -3.80 326.82 260.66 15.56 -0.20
0.00 2697.76
703.20 12.14 2.46 -9.94 324.10 254.81 14.08 -0.30
0.00 3157.60
660.80 8.04 0.18 -10.15 325.55 255.12 12.86 -0.30
0.00 3674.03
615.50 2.94 -2.85 -10.95 326.26 265.16 11.50 -0.20
0.00 4254.19
567.80 -2.86 -7.04 -13.94 325.56 265.60 10.14 -0.10
0.00 4900.23
521.50 -8.06 -11.63 -19.36 324.84 272.96 11.29 0.00
0.00 5567.52
479.80 -11.26 -14.96 -25.24 326.77 272.01 11.07 0.10
0.00 6210.81
442.40 -14.86 -16.89 -21.93 331.45 273.18 17.50 0.10
0.00 6829.13
408.70 -18.66 -19.57 -21.88 334.51 268.95 21.17 0.10
4.00 7424.33
378.20 -22.76 -23.43 -25.55 335.25 270.00 28.36 0.10
7.00 7997.94
350.80 -26.46 -28.10 -37.40 334.50 265.54 30.01 0.10
38.00 8545.36
326.00 -29.26 -31.33 -57.43 336.17 262.78 29.37 0.10
22.00 9071.87
303.70 -32.56 -33.87 -45.76 339.06 254.78 27.37 0.10
0.00 9574.33
283.70 -35.86 -36.53 -42.21 341.45 244.04 24.84 0.10
0.00 10050.87
265.60 -39.16 -39.65 -44.69 342.87 237.43 24.90 0.10
0.00 10505.68
248.80 -42.56 -42.89 -47.14 344.06 236.07 25.76 0.10
0.00 10950.04
233.50 -45.96 -46.24 -51.06 344.91 237.41 28.13 0.10
19.00 11375.31
219.60 -48.66 -48.98 -56.82 346.54 243.43 29.55 0.10
1.00 11781.07
205.70 -51.66 -51.93 -61.06 348.23 254.88 29.78 0.10
0.00 12207.89
191.70 -54.56 -54.79 -65.45 350.57 258.92 28.30 0.10
0.00 12661.90
177.70 -56.86 -57.08 -73.70 354.38 257.29 26.48 0.00
0.00 13144.58
163.80 -59.26 -59.44 -74.24 358.70 250.29 27.64 0.00
0.00 13657.39
149.80 -61.96 -62.09 -74.84 363.33 245.65 29.22 0.00
0.00 14213.24
135.90 -64.56 -64.66 -75.48 368.98 247.52 30.48 0.00
0.00 14811.54
121.90 -65.36 -9999.00 -9999.00 -9999.00 261.45 30.05 0.00
0.00 15474.07
108.00 -63.76 -9999.00 -9999.00 -9999.00 268.82 18.84 0.00
0.00 16213.29
94.00 -63.36 -9999.00 -9999.00 -9999.00 222.80 14.30 0.00
0.00 17065.05
81.00 -62.76 -9999.00 -9999.00 -9999.00 252.32 14.06 0.00
0.00 17980.40
70.60 -60.46 -9999.00 -9999.00 -9999.00 315.00 4.66 0.00
0.00 18831.30
62.20 -59.56 -9999.00 -9999.00 -9999.00 47.73 2.89 0.00
0.00 19621.62
54.30 -57.16 -9999.00 -9999.00 -9999.00 71.57 4.29 0.00
0.00 20475.61
46.90 -55.86 -9999.00 -9999.00 -9999.00 94.76 9.36 0.00
0.00 21404.67
40.10 -54.06 -9999.00 -9999.00 -9999.00 94.48 9.95 0.00
0.00 22405.09
33.80 -52.36 -9999.00 -9999.00 -9999.00 68.63 9.60 0.00
0.00 23505.44
27.80 -50.46 -9999.00 -9999.00 -9999.00 61.84 15.64 0.00
0.00 24773.87
22.30 -47.56 -9999.00 -9999.00 -9999.00 73.30 24.34 0.00
0.00 26220.21
17.10 -43.96 -9999.00 -9999.00 -9999.00 79.70 28.22 0.00
0.00 27987.44
12.30 -41.46 -9999.00 -9999.00 -9999.00 76.87 29.91 0.00
0.00 30209.88

STID = KMDW STNM = 725340 TIME = 200810/0200 
SLAT = 41.78 SLON = -87.75 SELV = 183.0
STIM = 15

SHOW = -6.15 LIFT = -6.39 SWET = 363.16 KINX = 26.76
LCLP = 899.62 PWAT = 44.43 TOTL = 54.87 CAPE = 1613.64
LCLT = 292.85 CINS = -135.89 EQLV = 199.33 LFCT = 671.07
BRCH = 44.98

PRES TMPC TMWC DWPC THTE DRCT SKNT OMEG
CFRL HGHT
992.50 28.04 23.23 21.30 350.32 175.49 7.40 0.00
0.00 191.97
989.50 27.84 23.11 21.21 350.26 176.37 12.26 0.00
0.00 218.91
984.00 27.44 22.92 21.10 350.30 177.71 14.59 0.10
0.00 268.46
974.60 26.74 22.59 20.90 350.31 180.58 19.04 0.10
0.00 353.64
960.60 25.74 22.09 20.59 350.36 184.16 21.43 0.10
0.00 481.67
942.80 24.34 21.38 20.14 350.14 188.90 22.61 0.10
0.00 646.50
921.40 22.74 20.53 19.58 349.98 196.70 22.30 0.20
0.00 847.79
898.20 21.34 19.62 18.85 349.94 210.87 20.82 0.20
0.00 1070.21
872.90 20.34 18.67 17.90 350.22 226.66 18.96 0.20
0.00 1318.33
844.70 19.14 17.25 16.35 349.22 241.93 16.51 0.20
0.00 1602.32
813.70 17.94 15.57 14.40 347.96 261.77 16.30 0.10
0.00 1924.13
779.70 16.24 13.39 11.86 345.65 275.19 17.17 0.10
0.00 2289.38
742.90 14.44 8.70 4.59 335.83 278.64 15.52 0.00
0.00 2699.93
703.30 11.94 3.21 -6.68 326.20 264.37 13.85 0.00
0.00 3160.52
660.90 7.94 -0.19 -11.43 324.59 251.27 12.10 0.00
0.00 3676.67
615.60 2.84 -2.97 -11.18 325.97 260.18 10.26 0.10
0.00 4256.49
567.80 -2.86 -7.13 -14.31 325.34 261.87 9.62 0.10
0.00 4903.68
521.50 -7.76 -11.82 -21.25 324.42 263.35 11.73 0.10
0.00 5571.29
479.80 -11.06 -14.69 -24.41 327.30 258.69 12.88 0.00
0.00 6215.15
442.40 -15.16 -16.55 -19.70 332.15 267.71 19.44 0.00
0.00 6833.43
408.70 -19.26 -19.92 -21.61 333.85 275.81 23.04 0.00
3.00 7427.66
378.20 -23.16 -23.84 -26.08 334.51 257.04 25.12 0.10
100.00 8000.12
350.80 -26.06 -28.47 -51.05 333.73 260.06 27.02 0.10
0.00 8547.48
326.00 -29.36 -31.37 -54.68 336.12 259.45 28.65 0.20
0.00 9074.25
303.70 -32.56 -34.22 -58.00 338.41 248.99 28.71 0.20
0.00 9576.60
283.60 -35.86 -37.16 -58.54 340.36 243.60 29.27 0.20
0.00 10055.53
265.60 -39.16 -40.07 -54.30 342.14 240.83 28.69 0.10
0.00 10507.85
248.80 -42.46 -43.11 -54.84 343.68 238.64 29.12 0.00
0.00 10952.26
233.50 -45.36 -45.88 -57.41 345.48 242.78 30.57 0.00
0.00 11378.16
219.60 -48.36 -48.72 -57.90 346.96 249.11 31.60 0.00
0.00 11784.71
205.70 -51.46 -51.71 -59.64 348.59 254.05 31.12 -0.10
0.00 12212.01
191.70 -54.16 -54.40 -65.45 351.21 257.51 29.64 -0.10
0.00 12666.64
177.70 -56.96 -57.18 -73.70 354.22 259.16 27.89 -0.10
0.00 13149.65
163.80 -59.76 -9999.00 -9999.00 -9999.00 251.04 26.90 -0.10
0.00 13661.75
149.80 -62.16 -62.29 -74.84 362.99 245.77 29.82 -0.10
0.00 14216.68
135.90 -64.26 -64.36 -75.48 369.52 248.07 31.20 0.00
0.00 14815.12
121.90 -65.26 -65.36 -76.19 379.35 258.54 29.33 0.00
0.00 15478.29
108.00 -63.86 -9999.00 -9999.00 -9999.00 260.54 18.90 0.00
0.00 16217.51
94.00 -63.66 -9999.00 -9999.00 -9999.00 219.54 15.87 0.00
0.00 17068.46
81.00 -63.66 -9999.00 -9999.00 -9999.00 251.31 13.95 0.00
0.00 17981.19
70.60 -60.86 -9999.00 -9999.00 -9999.00 347.01 2.58 0.00
0.00 18829.49
62.20 -59.46 -9999.00 -9999.00 -9999.00 81.03 3.73 0.00
0.00 19619.24
54.30 -56.76 -9999.00 -9999.00 -9999.00 68.55 5.85 0.00
0.00 20474.23
46.90 -55.96 -9999.00 -9999.00 -9999.00 74.85 9.65 0.00
0.00 21403.93
40.10 -55.16 -9999.00 -9999.00 -9999.00 68.81 10.22 0.00
0.00 22401.60
33.80 -53.46 -9999.00 -9999.00 -9999.00 51.89 12.59 0.00
0.00 23496.44
27.80 -50.56 -9999.00 -9999.00 -9999.00 69.86 18.63 0.00
0.00 24761.44
22.30 -47.36 -9999.00 -9999.00 -9999.00 90.00 24.86 0.00
0.00 26208.11
17.10 -44.16 -9999.00 -9999.00 -9999.00 82.48 28.21 0.00
0.00 27975.34
12.30 -41.76 -9999.00 -9999.00 -9999.00 72.95 30.48 0.00
0.00 30195.36

STID = KMDW STNM = 725340 TIME = 200810/0300 
SLAT = 41.78 SLON = -87.75 SELV = 183.0
STIM = 16

SHOW = -6.41 LIFT = -7.00 SWET = 377.54 KINX = 32.68
LCLP = 916.41 PWAT = 46.79 TOTL = 55.41 CAPE = 1720.95
LCLT = 293.54 CINS = -126.26 EQLV = 197.35 LFCT = 681.03
BRCH = 41.43

PRES TMPC TMWC DWPC THTE DRCT SKNT OMEG
CFRL HGHT
992.30 27.14 23.25 21.69 350.45 174.14 7.61 0.00
0.00 192.84
989.40 27.04 23.14 21.58 350.44 175.91 13.64 0.00
0.00 218.82
983.90 26.64 22.95 21.47 350.47 176.51 15.97 0.00
0.00 268.25
974.50 26.04 22.64 21.26 350.57 180.52 21.56 0.00
0.00 353.25
960.50 25.24 22.18 20.92 350.77 183.72 23.95 0.10
0.00 481.06
942.70 24.24 21.66 20.59 351.41 192.19 24.84 0.10
0.00 645.78
921.40 22.84 21.13 20.40 352.62 205.54 24.32 0.20
0.00 846.22
898.00 21.74 20.30 19.67 352.96 217.63 23.54 0.30
0.00 1070.88
872.80 20.74 18.81 17.94 350.85 227.73 20.22 0.30
0.00 1318.46
844.60 19.44 17.35 16.37 349.66 239.04 18.12 0.20
0.00 1602.83
813.60 18.34 15.76 14.49 348.70 256.26 17.99 0.10
0.00 1925.08
779.60 16.14 14.02 12.92 348.06 271.33 16.71 -0.10
0.00 2290.66
742.80 13.74 10.57 8.65 342.14 285.19 14.08 -0.20
0.00 2701.08
703.20 11.44 4.77 -1.32 330.75 273.47 12.84 -0.20
0.00 3161.32
660.70 7.94 -0.06 -10.88 324.97 253.93 11.93 -0.10
0.00 3678.63
615.50 2.74 -3.15 -11.67 325.54 257.24 10.55 -0.10
0.00 4257.20
567.70 -3.06 -7.29 -14.48 325.02 260.73 9.63 0.00
0.00 4904.12
521.40 -7.66 -12.02 -22.79 323.99 259.88 11.05 0.10
0.00 5571.68
479.70 -11.36 -14.94 -24.72 326.84 251.82 13.69 0.10
0.00 6215.39
442.40 -15.36 -16.49 -18.96 332.29 257.11 16.53 0.20
0.00 6831.51
408.70 -19.16 -19.94 -21.95 333.82 253.72 22.86 0.20
36.00 7425.63
378.20 -22.86 -24.40 -30.53 333.47 247.62 28.57 0.10
0.00 7998.47
350.70 -25.66 -28.25 -56.84 334.09 258.37 26.98 0.10
0.00 8548.59
326.00 -29.46 -31.35 -50.11 336.19 254.00 27.49 0.10
0.00 9073.64
303.70 -32.76 -34.32 -54.16 338.25 248.20 30.34 0.10
0.00 9575.69
283.60 -36.16 -37.42 -58.54 339.93 243.43 33.00 0.10
0.00 10054.13
265.60 -39.26 -40.25 -59.06 341.83 243.15 34.40 0.10
0.00 10506.05
248.80 -42.26 -43.00 -58.13 343.85 242.84 33.62 0.10
0.00 10950.55
233.50 -45.46 -45.99 -58.64 345.29 242.98 32.93 0.10
0.00 11376.53
219.60 -48.76 -49.15 -60.55 346.26 247.90 34.60 0.00
0.00 11782.63
205.70 -51.46 -51.81 -67.88 348.41 254.63 34.44 -0.10
0.00 12209.54
191.70 -53.96 -9999.00 -9999.00 -9999.00 258.03 29.99 -0.10
0.00 12664.37
177.70 -56.86 -57.08 -73.70 354.38 254.74 26.57 -0.10
0.00 13147.71
163.80 -59.76 -59.92 -74.24 357.86 245.22 27.82 0.00
0.00 13659.93
149.80 -62.36 -62.48 -74.84 362.64 245.56 32.87 0.00
0.00 14214.60
135.90 -64.36 -64.46 -75.48 369.34 250.73 33.55 0.00
0.00 14812.61
121.90 -65.36 -65.46 -76.19 379.17 255.33 29.91 0.00
0.00 15475.46
108.00 -64.76 -9999.00 -9999.00 -9999.00 258.14 19.85 0.00
0.00 16212.91
94.00 -64.16 -9999.00 -9999.00 -9999.00 221.07 18.03 0.00
0.00 17061.01
81.00 -63.46 -9999.00 -9999.00 -9999.00 249.62 14.51 0.00
0.00 17973.09
70.60 -60.06 -9999.00 -9999.00 -9999.00 293.20 2.95 0.00
0.00 18823.40
62.20 -59.36 -9999.00 -9999.00 -9999.00 59.04 1.13 0.00
0.00 19614.83
54.30 -57.46 -9999.00 -9999.00 -9999.00 55.71 5.17 0.00
0.00 20468.62
46.90 -56.46 -9999.00 -9999.00 -9999.00 65.14 8.78 0.00
0.00 21395.74
40.10 -55.16 -9999.00 -9999.00 -9999.00 61.56 10.61 0.00
0.00 22392.27
33.80 -52.26 -9999.00 -9999.00 -9999.00 51.56 15.62 0.00
0.00 23490.12
27.80 -48.76 -9999.00 -9999.00 -9999.00 71.73 21.08 0.00
0.00 24763.70
22.30 -47.26 -9999.00 -9999.00 -9999.00 91.49 22.34 0.00
0.00 26216.49
17.10 -44.86 -9999.00 -9999.00 -9999.00 81.51 26.32 0.00
0.00 27981.39
12.30 -42.26 -9999.00 -9999.00 -9999.00 77.24 31.66 0.00
0.00 30195.63

STID = KMDW STNM = 725340 TIME = 200810/0400 
SLAT = 41.78 SLON = -87.75 SELV = 183.0
STIM = 17

SHOW = -5.75 LIFT = -7.44 SWET = 419.51 KINX = 35.21
LCLP = 929.84 PWAT = 47.27 TOTL = 55.16 CAPE = 1949.55
LCLT = 294.17 CINS = -118.85 EQLV = 194.81 LFCT = 715.09
BRCH = 48.90

PRES TMPC TMWC DWPC THTE DRCT SKNT OMEG
CFRL HGHT
992.30 26.54 23.36 22.09 350.97 178.64 8.16 0.00
0.00 192.82
989.20 26.44 23.26 21.99 351.02 179.23 14.37 0.00
0.00 220.54
983.80 26.04 23.06 21.87 351.01 180.00 17.09 0.00
0.00 269.01
974.40 25.54 22.80 21.70 351.35 183.37 23.15 0.00
0.00 353.87
960.40 25.04 22.48 21.44 352.17 186.39 26.18 0.00
0.00 481.59
942.60 24.14 22.12 21.29 353.52 196.28 27.72 0.10
0.00 646.30
921.20 23.04 21.62 21.02 354.90 208.97 26.86 0.20
0.00 847.84
897.90 21.64 20.31 19.73 353.04 216.60 24.44 0.20
5.00 1071.66
872.70 21.04 18.46 17.28 349.36 226.15 20.47 0.30
1.00 1319.31
844.50 20.34 16.89 15.23 347.76 238.47 20.05 0.20
0.00 1604.16
813.50 18.84 15.39 13.66 347.26 249.25 19.74 0.00
0.00 1927.06
779.60 16.34 14.02 12.81 348.03 263.66 14.06 -0.10
0.00 2291.94
742.70 13.54 11.11 9.70 344.07 295.02 9.65 -0.10
0.00 2703.58
703.10 11.04 5.63 1.16 333.33 273.50 9.54 -0.10
0.00 3163.63
660.70 7.94 0.26 -9.64 325.80 251.86 11.85 0.00
0.00 3679.59
615.40 2.74 -3.26 -12.06 325.30 251.57 11.67 0.10
0.00 4259.52
567.70 -2.96 -7.58 -15.88 324.36 254.29 12.92 0.20
0.00 4905.20
521.40 -7.46 -12.16 -24.53 323.66 249.35 14.32 0.10
0.00 5573.05
479.70 -11.56 -14.58 -21.96 327.60 249.11 15.79 0.00
0.00 6216.79
442.30 -15.36 -16.22 -18.03 332.84 241.65 16.78 0.00
0.00 6834.47
408.70 -19.26 -19.97 -21.81 333.75 247.34 24.20 0.00
15.00 7426.81
378.20 -22.96 -25.23 -37.35 331.92 251.43 26.85 0.00
0.00 7999.36
350.70 -25.46 -28.01 -51.96 334.53 253.77 27.12 0.00
0.00 8549.54
326.00 -29.16 -31.10 -50.11 336.60 251.06 28.13 0.00
0.00 9075.13
303.70 -32.76 -34.41 -59.77 338.08 248.88 30.19 -0.10
0.00 9577.48
283.60 -36.26 -37.44 -54.73 339.91 247.62 32.15 0.00
0.00 10055.82
265.60 -39.76 -40.51 -51.19 341.43 244.64 33.10 0.00
0.00 10507.18
248.70 -43.16 -43.73 -53.97 342.71 240.82 34.27 0.00
0.00 10953.08
233.50 -46.26 -46.72 -57.41 344.11 244.21 38.40 0.00
0.00 11374.81
219.60 -48.76 -49.20 -64.44 346.17 250.56 38.52 0.00
0.00 11780.18
205.70 -50.96 -51.36 -72.71 349.15 256.20 35.00 0.00
0.00 12207.57
191.70 -53.56 -53.88 -73.19 352.08 254.40 31.06 -0.10
0.00 12663.33
177.70 -56.56 -56.79 -73.70 354.88 245.99 25.31 -0.10
0.00 13147.45
163.80 -59.96 -60.12 -74.24 357.53 236.66 26.52 -0.10
0.00 13659.78
149.80 -62.66 -62.78 -74.84 362.13 240.81 32.26 0.00
0.00 14213.80
135.90 -64.16 -64.26 -75.48 369.69 250.85 34.34 0.00
0.00 14811.67
121.90 -64.86 -9999.00 -9999.00 -9999.00 253.79 28.52 0.00
0.00 15475.63
108.00 -64.76 -9999.00 -9999.00 -9999.00 250.11 19.42 0.00
0.00 16213.97
94.00 -63.76 -9999.00 -9999.00 -9999.00 220.60 17.91 0.00
0.00 17062.88
81.00 -62.46 -9999.00 -9999.00 -9999.00 260.68 13.19 0.00
0.00 17978.01
70.60 -59.96 -9999.00 -9999.00 -9999.00 318.81 2.06 0.00
0.00 18830.53
62.20 -59.76 -9999.00 -9999.00 -9999.00 72.90 2.64 0.00
0.00 19621.40
54.30 -57.76 -9999.00 -9999.00 -9999.00 68.20 6.27 0.00
0.00 20473.80
46.90 -56.36 -9999.00 -9999.00 -9999.00 64.49 9.48 0.00
0.00 21400.49
40.10 -54.66 -9999.00 -9999.00 -9999.00 59.45 13.75 0.00
0.00 22398.40
33.80 -51.96 -9999.00 -9999.00 -9999.00 56.15 19.17 0.00
0.00 23498.24
27.80 -49.36 -9999.00 -9999.00 -9999.00 72.68 22.18 0.00
0.00 24770.97
22.30 -48.16 -9999.00 -9999.00 -9999.00 84.86 19.50 0.00
0.00 26218.92
17.10 -45.26 -9999.00 -9999.00 -9999.00 78.60 24.57 0.00
0.00 27978.77
12.30 -42.36 -50.35 -89.89 811.01 70.84 29.00 0.00
0.00 30190.60

STID = KMDW STNM = 725340 TIME = 200810/0500 
SLAT = 41.78 SLON = -87.75 SELV = 183.0
STIM = 18

SHOW = -5.76 LIFT = -7.76 SWET = 405.88 KINX = 36.83
LCLP = 942.05 PWAT = 47.71 TOTL = 55.66 CAPE = 2245.58
LCLT = 294.82 CINS = -120.20 EQLV = 186.92 LFCT = 743.45
BRCH = 63.00

PRES TMPC TMWC DWPC THTE DRCT SKNT OMEG
CFRL HGHT
991.80 26.04 23.52 22.52 351.82 183.99 8.37 0.00
0.00 192.81
988.80 25.94 23.42 22.41 351.82 184.46 15.00 0.00
0.00 219.62
983.40 25.64 23.26 22.30 351.96 185.08 17.56 0.00
0.00 268.04
973.90 25.04 22.97 22.13 352.20 187.53 23.72 0.00
0.00 353.74
960.00 24.64 22.71 21.93 353.33 190.99 27.51 0.00
0.00 480.45
942.10 24.14 22.40 21.69 354.91 200.38 29.00 0.00
0.00 646.10
920.70 22.94 21.38 20.72 353.89 208.22 27.12 0.10
1.00 847.72
897.50 22.04 19.82 18.85 350.93 219.19 23.06 0.10
5.00 1070.72
872.30 21.54 18.41 16.98 349.21 234.58 21.45 0.10
0.00 1318.78
844.20 20.74 16.64 14.64 346.81 245.64 22.61 0.00
0.00 1603.11
813.20 19.14 14.90 12.70 345.40 250.68 19.97 0.00
0.00 1926.39
779.30 16.54 13.92 12.55 347.71 255.12 12.86 -0.10
0.00 2291.63
742.50 13.44 11.24 9.97 344.56 282.99 5.19 0.00
0.00 2702.36
702.90 10.84 6.03 2.22 334.57 254.98 8.24 0.00
0.00 3162.38
660.50 7.64 0.89 -6.96 327.53 246.70 13.75 0.00
0.00 3678.21
615.20 2.74 -3.26 -12.07 325.33 246.19 14.43 0.00
0.00 4258.12
567.50 -3.06 -7.54 -15.46 324.50 251.08 14.37 0.00
0.00 4903.91
521.30 -7.76 -12.10 -22.89 323.85 246.71 15.23 0.10
0.00 5570.05
479.60 -11.86 -13.86 -18.01 329.11 245.61 15.99 0.10
0.00 6213.33
442.30 -15.36 -15.90 -17.00 333.48 243.43 19.11 0.00
15.00 6829.21
408.60 -19.66 -20.04 -21.01 333.65 237.07 24.30 0.00
100.00 7422.98
378.10 -22.76 -25.37 -41.76 331.65 246.22 25.04 0.00
0.00 7995.44
350.70 -25.76 -28.11 -46.92 334.40 253.79 28.52 0.00
0.00 8543.57
326.00 -29.36 -31.28 -50.86 336.28 254.58 29.22 -0.10
0.00 9068.63
303.70 -32.96 -34.43 -51.47 338.09 251.79 31.70 -0.20
0.00 9570.58
283.60 -36.66 -37.55 -47.28 339.79 247.56 32.58 -0.20
0.00 10048.34
265.60 -40.26 -40.89 -49.39 340.82 240.85 32.69 -0.20
0.00 10498.86
248.70 -43.76 -44.26 -53.17 341.86 239.15 34.85 -0.20
0.00 10943.71
233.50 -46.86 -47.28 -57.41 343.20 242.02 35.20 -0.10
0.00 11364.32
219.60 -49.26 -49.67 -64.44 345.40 247.58 33.62 0.00
0.00 11768.71
205.70 -51.76 -52.13 -72.71 347.89 250.76 34.77 0.00
0.00 12194.86
191.70 -54.16 -54.45 -73.19 351.12 251.87 34.95 0.00
0.00 12649.17
177.70 -56.16 -56.41 -73.70 355.53 245.28 29.72 0.00
0.00 13133.06
163.80 -59.56 -59.73 -74.24 358.20 226.81 26.11 0.00
0.00 13646.36
149.80 -62.76 -62.88 -74.84 361.96 233.82 32.25 0.00
0.00 14200.77
135.90 -64.46 -64.56 -75.48 369.16 247.74 35.90 0.10
0.00 14798.06
121.90 -64.56 -9999.00 -9999.00 -9999.00 253.04 28.63 0.10
0.00 15462.03
108.00 -64.76 -9999.00 -9999.00 -9999.00 242.16 19.54 0.10
0.00 16200.89
94.00 -63.46 -9999.00 -9999.00 -9999.00 228.58 17.62 0.00
0.00 17050.42
81.00 -62.96 -9999.00 -9999.00 -9999.00 270.00 11.46 0.00
0.00 17965.11
70.60 -60.16 -9999.00 -9999.00 -9999.00 56.31 0.70 0.00
0.00 18816.22
62.20 -59.56 -9999.00 -9999.00 -9999.00 90.00 3.11 0.00
0.00 19607.09
54.30 -57.96 -9999.00 -9999.00 -9999.00 80.79 7.28 0.00
0.00 20459.49
46.90 -56.76 -9999.00 -9999.00 -9999.00 65.38 10.26 0.00
0.00 21384.90
40.10 -54.56 -9999.00 -9999.00 -9999.00 60.72 14.70 0.00
0.00 22382.11
33.80 -51.56 -9999.00 -9999.00 -9999.00 63.43 19.11 0.00
0.00 23483.21
27.80 -49.46 -9999.00 -9999.00 -9999.00 79.55 20.34 0.00
0.00 24756.79
22.30 -47.96 -9999.00 -9999.00 -9999.00 79.96 18.94 0.00
0.00 26205.07
17.10 -44.96 -9999.00 -9999.00 -9999.00 78.18 25.60 0.00
0.00 27966.86
12.30 -42.46 -50.41 -89.89 810.66 78.76 29.91 0.00
0.00 30179.66

STID = KMDW STNM = 725340 TIME = 200810/0600 
SLAT = 41.78 SLON = -87.75 SELV = 183.0
STIM = 19

SHOW = -6.91 LIFT = -7.48 SWET = 410.35 KINX = 40.70
LCLP = 951.43 PWAT = 48.81 TOTL = 56.65 CAPE = 2350.89
LCLT = 295.29 CINS = -123.23 EQLV = 186.23 LFCT = 747.96
BRCH = 83.08

PRES TMPC TMWC DWPC THTE DRCT SKNT OMEG
CFRL HGHT
991.50 25.64 23.63 22.82 352.36 188.97 7.48 0.00
0.00 192.80
988.50 25.54 23.52 22.71 352.36 190.57 14.82 0.00
0.00 219.58
983.10 25.24 23.37 22.61 352.53 190.81 17.60 0.00
0.00 267.97
973.60 24.64 23.07 22.43 352.74 193.13 23.93 0.00
0.00 353.60
959.70 24.24 22.80 22.20 353.77 196.70 28.40 0.00
0.00 480.20
941.80 23.74 22.26 21.64 354.30 201.67 30.52 0.00
0.00 645.70
920.50 22.84 20.91 20.08 351.78 208.83 28.59 0.00
4.00 846.21
897.30 22.24 19.53 18.33 349.69 220.85 24.65 -0.10
0.00 1069.23
872.10 21.34 19.12 18.14 352.30 235.90 22.51 -0.10
0.00 1317.38
844.00 20.44 17.46 16.08 350.22 247.91 21.17 -0.20
0.00 1601.73
813.00 19.74 14.78 12.16 344.93 250.16 20.03 -0.20
0.00 1925.34
779.10 16.84 13.57 11.82 346.40 247.91 14.47 -0.20
0.00 2291.12
742.40 13.24 11.46 10.44 345.36 231.34 6.22 -0.20
0.00 2700.86
702.70 10.34 6.87 4.36 337.24 234.06 9.60 -0.20
0.00 3161.77
660.30 7.04 2.13 -2.67 330.99 238.64 14.55 -0.10
0.00 3677.11
615.00 2.54 -3.02 -10.78 325.98 241.16 15.31 0.10
0.00 4256.66
567.30 -3.06 -7.47 -15.17 324.70 244.89 13.73 0.10
0.00 4902.49
521.10 -7.76 -11.66 -20.44 324.82 243.78 14.51 0.10
0.00 5568.94
479.50 -11.76 -13.52 -17.01 329.82 242.88 17.89 0.00
0.00 6211.08
442.10 -15.56 -16.94 -20.16 331.46 243.70 18.84 -0.10
0.00 6828.63
408.50 -19.56 -21.68 -29.46 330.57 237.56 24.63 -0.20
44.00 7420.46
378.10 -22.46 -25.36 -46.83 331.62 248.12 25.54 -0.10
0.00 7991.38
350.70 -26.26 -28.53 -47.50 333.69 251.57 26.42 -0.10
0.00 8539.27
326.00 -29.66 -31.58 -52.58 335.79 253.34 29.80 0.00
0.00 9063.48
303.70 -33.66 -34.98 -50.03 337.19 250.79 31.88 0.00
0.00 9564.38
283.60 -37.26 -38.28 -52.86 338.56 247.33 33.26 0.00
0.00 10040.83
265.60 -40.46 -41.28 -56.36 340.16 242.99 33.35 0.00
0.00 10490.56
248.70 -43.76 -44.42 -61.32 341.56 242.38 33.10 0.00
0.00 10935.19
233.50 -46.76 -47.28 -63.98 343.18 243.74 32.93 0.00
0.00 11355.89
219.60 -49.36 -49.79 -67.41 345.20 244.62 33.55 0.10
0.00 11760.27
205.70 -52.06 -52.39 -67.88 347.46 246.59 34.71 0.10
0.00 12186.03
191.70 -54.16 -54.45 -73.19 351.12 248.26 35.14 0.10
0.00 12640.04
177.70 -56.16 -56.41 -73.70 355.53 245.67 33.47 0.00
0.00 13123.93
163.80 -58.86 -59.05 -74.24 359.37 229.68 30.32 0.00
0.00 13638.06
149.80 -62.56 -62.68 -74.84 362.30 228.53 33.45 0.00
0.00 14193.64
135.90 -64.36 -64.46 -75.48 369.34 243.43 37.35 0.10
0.00 14791.37
121.90 -64.06 -9999.00 -9999.00 -9999.00 252.02 30.85 0.00
0.00 15456.29
108.00 -64.06 -9999.00 -9999.00 -9999.00 238.06 19.46 0.00
0.00 16197.28
94.00 -63.56 -9999.00 -9999.00 -9999.00 240.09 16.36 0.00
0.00 17048.02
81.00 -62.66 -9999.00 -9999.00 -9999.00 263.52 8.61 0.00
0.00 17963.15
70.60 -59.76 -9999.00 -9999.00 -9999.00 173.29 3.32 0.00
0.00 18815.67
62.20 -59.86 -9999.00 -9999.00 -9999.00 114.78 2.78 0.00
0.00 19606.73
54.30 -58.46 -9999.00 -9999.00 -9999.00 101.04 8.12 0.00
0.00 20457.54
46.90 -57.36 -9999.00 -9999.00 -9999.00 88.92 10.30 0.00
0.00 21380.59
40.10 -54.76 -9999.00 -9999.00 -9999.00 72.55 14.26 0.00
0.00 22375.97
33.80 -51.26 -9999.00 -9999.00 -9999.00 70.63 18.75 0.00
0.00 23477.31
27.80 -49.16 -9999.00 -9999.00 -9999.00 76.96 18.94 0.00
0.00 24752.61
22.30 -48.06 -9999.00 -9999.00 -9999.00 63.91 20.77 0.00
0.00 26201.54
17.10 -45.76 -9999.00 -9999.00 -9999.00 71.84 25.56 0.00
0.00 27959.83
12.30 -42.96 -9999.00 -9999.00 -9999.00 79.25 31.24 0.00
0.00 30166.35

STID = KMDW STNM = 725340 TIME = 200810/0700 
SLAT = 41.78 SLON = -87.75 SELV = 183.0
STIM = 20

SHOW = -7.46 LIFT = -7.48 SWET = 429.44 KINX = 43.78
LCLP = 959.91 PWAT = 50.27 TOTL = 56.95 CAPE = 2248.19
LCLT = 295.61 CINS = -137.34 EQLV = 188.71 LFCT = 744.05
BRCH = 94.68

PRES TMPC TMWC DWPC THTE DRCT SKNT OMEG
CFRL HGHT
991.90 25.24 23.65 23.00 352.40 189.46 7.09 0.00
0.00 192.79
988.90 25.24 23.57 22.89 352.52 190.86 14.43 0.00
0.00 219.53
983.40 24.94 23.39 22.76 352.61 191.18 17.04 0.00
0.00 268.74
974.00 24.44 23.11 22.55 352.82 193.92 23.41 0.00
0.00 353.38
960.00 23.94 22.68 22.15 353.18 197.16 27.64 0.00
5.00 480.74
942.10 23.94 21.69 20.76 351.67 203.78 30.36 0.00
0.00 646.11
920.90 23.44 20.93 19.87 351.81 218.29 28.21 0.00
0.00 845.81
897.60 22.74 20.44 19.47 353.66 231.67 25.99 0.00
0.00 1070.18
872.40 21.44 19.58 18.77 354.27 237.32 24.46 0.00
0.00 1318.63
844.20 19.94 17.87 16.92 351.90 242.31 22.16 -0.10
2.00 1603.83
813.30 19.04 15.09 13.07 346.12 245.51 19.21 -0.20
0.00 1925.77
779.40 17.34 12.59 9.85 342.69 243.11 15.46 -0.10
0.00 2291.22
742.60 13.24 11.48 10.47 345.39 219.21 9.52 -0.10
0.00 2702.12
702.90 9.94 7.95 6.62 340.63 225.00 12.08 0.10
0.00 3162.76
660.40 6.44 3.39 0.80 334.54 235.26 14.67 0.20
0.00 3678.70
615.10 2.34 -1.90 -6.94 328.77 240.88 15.56 0.30
0.00 4257.73
567.40 -2.86 -7.15 -14.38 325.37 242.74 14.41 0.30
0.00 4903.68
521.10 -7.66 -11.09 -18.04 326.03 240.00 15.93 0.30
0.00 5571.98
479.50 -11.76 -13.27 -16.14 330.34 240.04 19.06 0.30
0.00 6214.33
442.10 -15.76 -18.93 -30.45 327.57 243.21 22.42 0.10
0.00 6831.47
408.50 -18.76 -22.38 -47.42 329.08 246.30 26.09 0.00
0.00 7423.68
378.10 -22.46 -25.48 -51.31 331.38 251.29 25.43 -0.10
0.00 7995.38
350.70 -26.16 -28.59 -52.96 333.54 253.18 26.18 0.00
0.00 8543.36
326.00 -30.26 -32.08 -52.58 334.96 253.30 28.40 0.00
0.00 9067.02
303.70 -34.36 -35.63 -51.47 336.12 252.28 29.37 0.10
0.00 9566.57
283.60 -37.56 -38.66 -58.54 337.92 252.79 31.53 0.10
0.00 10042.01
265.60 -40.56 -41.47 -63.02 339.84 251.67 33.97 0.10
0.00 10491.34
248.70 -43.76 -44.45 -63.51 341.52 246.67 33.84 0.10
0.00 10935.87
233.50 -46.76 -47.28 -63.98 343.18 244.89 34.32 0.10
0.00 11356.57
219.60 -49.46 -49.88 -67.41 345.04 246.26 35.22 0.10
0.00 11760.86
205.70 -51.96 -52.29 -67.88 347.62 246.88 36.11 0.00
0.00 12186.62
191.70 -54.16 -54.45 -73.19 351.12 248.26 36.19 0.00
0.00 12640.73
177.70 -56.26 -56.50 -73.70 355.37 246.59 34.71 -0.10
0.00 13124.51
163.80 -58.76 -58.95 -74.24 359.54 236.70 31.84 -0.10
0.00 13638.64
149.80 -62.16 -62.29 -74.84 362.99 227.59 33.41 -0.10
0.00 14194.88
135.90 -64.66 -64.76 -75.48 368.81 239.61 36.48 0.00
0.00 14792.75
121.90 -64.66 -9999.00 -9999.00 -9999.00 252.77 32.13 0.00
0.00 15456.24
108.00 -63.66 -9999.00 -9999.00 -9999.00 241.06 18.86 0.00
0.00 16196.87
94.00 -63.96 -9999.00 -9999.00 -9999.00 236.71 15.58 0.00
0.00 17047.62
81.00 -61.86 -9999.00 -9999.00 -9999.00 244.03 8.43 0.00
0.00 17963.61
70.60 -59.96 -9999.00 -9999.00 -9999.00 184.51 7.40 0.00
0.00 18817.34
62.20 -59.96 -9999.00 -9999.00 -9999.00 131.19 2.06 0.00
0.00 19607.84
54.30 -58.16 -9999.00 -9999.00 -9999.00 115.02 6.43 0.00
0.00 20459.05
46.90 -57.26 -9999.00 -9999.00 -9999.00 99.46 8.28 0.00
0.00 21382.96
40.10 -55.26 -9999.00 -9999.00 -9999.00 76.35 13.99 0.00
0.00 22377.42
33.80 -51.86 -9999.00 -9999.00 -9999.00 75.40 19.27 0.00
0.00 23476.02
27.80 -49.46 -9999.00 -9999.00 -9999.00 82.37 19.02 0.00
0.00 24748.74
22.30 -47.56 -9999.00 -9999.00 -9999.00 72.20 22.24 0.00
0.00 26198.31
17.10 -45.56 -9999.00 -9999.00 -9999.00 72.80 25.62 0.00
0.00 27959.32
12.30 -43.16 -9999.00 -9999.00 -9999.00 75.24 29.74 0.00
0.00 30165.85

STID = KMDW STNM = 725340 TIME = 200810/0800 
SLAT = 41.78 SLON = -87.75 SELV = 183.0
STIM = 21

SHOW = -5.87 LIFT = -7.82 SWET = 411.79 KINX = 43.02
LCLP = 961.88 PWAT = 50.43 TOTL = 55.54 CAPE = 2201.49
LCLT = 295.57 CINS = -143.30 EQLV = 186.14 LFCT = 735.00
BRCH = 101.27

PRES TMPC TMWC DWPC THTE DRCT SKNT OMEG
CFRL HGHT
990.90 24.94 23.50 22.91 351.89 190.71 7.32 0.00
0.00 193.67
987.90 24.94 23.43 22.80 352.01 190.71 14.63 0.00
0.00 220.42
982.50 24.64 23.25 22.67 352.08 191.56 17.44 0.00
0.00 268.73
973.10 24.04 22.91 22.43 352.07 193.57 23.17 -0.10
0.00 353.35
959.10 23.34 22.41 21.99 352.05 196.78 27.58 -0.10
11.00 480.60
941.30 23.64 21.87 21.13 352.60 206.24 30.32 -0.10
3.00 644.95
920.00 23.64 21.75 20.98 355.73 224.18 28.71 -0.10
0.00 845.84
896.80 22.84 20.88 20.06 355.78 233.70 27.23 -0.10
0.00 1069.68
871.60 21.64 19.13 18.03 352.44 235.70 25.16 -0.10
0.00 1318.48
843.50 20.44 16.59 14.71 346.74 241.43 24.77 -0.30
0.00 1603.03
812.60 18.44 14.73 12.80 344.87 244.08 23.12 -0.40
0.00 1924.99
778.80 16.94 12.28 9.55 341.70 241.39 17.04 -0.40
0.00 2288.98
742.10 13.54 10.90 9.34 343.42 220.50 12.26 -0.30
0.00 2698.88
702.50 9.74 8.08 6.99 341.15 221.82 14.86 -0.10
0.00 3158.65
660.00 6.34 3.85 1.83 335.96 228.81 16.51 0.10
0.00 3674.73
614.70 1.94 -0.57 -3.11 332.27 240.57 17.40 0.20
0.00 4253.90
567.10 -2.86 -6.17 -10.99 327.67 240.88 15.56 0.30
0.00 4898.78
520.80 -7.56 -10.27 -15.09 327.85 237.00 17.83 0.40
0.00 5567.82
479.20 -11.86 -14.22 -19.43 328.46 243.91 20.77 0.40
0.00 6210.55
442.00 -15.16 -19.48 -46.04 326.34 249.75 25.25 0.30
0.00 6825.04
408.40 -18.26 -22.06 -49.74 329.63 261.80 23.15 0.20
0.00 7418.56
378.00 -21.96 -25.19 -58.03 331.86 258.98 22.36 0.20
0.00 7991.52
350.60 -26.26 -28.69 -54.08 333.39 258.06 24.42 0.10
0.00 8540.08
325.90 -30.56 -32.35 -53.57 334.54 257.75 25.64 0.10
0.00 9063.47
303.70 -34.46 -35.81 -55.27 335.82 258.53 27.35 0.00
0.00 9560.44
283.60 -37.76 -38.84 -58.54 337.63 258.19 30.36 0.00
0.00 10035.57
265.50 -40.96 -41.81 -60.81 339.34 256.70 32.93 0.00
0.00 10486.90
248.70 -43.86 -44.52 -61.32 341.42 253.63 32.40 0.00
0.00 10928.41
233.50 -46.76 -47.28 -63.98 343.18 250.14 32.01 -0.10
0.00 11349.02
219.60 -49.46 -49.88 -67.41 345.04 247.51 33.00 -0.10
0.00 11753.31
205.70 -52.26 -52.58 -67.88 347.15 247.01 34.81 -0.10
0.00 12178.78
191.70 -54.76 -55.01 -68.39 350.20 248.88 36.65 -0.10
0.00 12631.96
177.70 -56.96 -57.18 -73.70 354.22 249.62 36.27 -0.20
0.00 13114.31
163.80 -59.16 -59.34 -74.24 358.87 242.53 32.85 -0.20
0.00 13627.12
149.80 -62.16 -62.29 -74.84 362.99 231.86 33.33 -0.20
0.00 14182.84
135.90 -64.86 -64.95 -75.48 368.45 237.67 36.32 -0.10
0.00 14780.42
121.90 -65.26 -9999.00 -9999.00 -9999.00 250.93 33.29 0.00
0.00 15442.64
108.00 -63.66 -9999.00 -9999.00 -9999.00 243.65 22.77 0.00
0.00 16182.21
94.00 -63.56 -9999.00 -9999.00 -9999.00 236.31 18.90 0.00
0.00 17033.77
81.00 -61.96 -9999.00 -9999.00 -9999.00 251.88 11.25 0.00
0.00 17950.42
70.60 -61.06 -9999.00 -9999.00 -9999.00 196.56 7.50 0.00
0.00 18801.73
62.20 -60.16 -9999.00 -9999.00 -9999.00 137.12 3.71 0.00
0.00 19589.82
54.30 -58.06 -9999.00 -9999.00 -9999.00 128.66 7.46 0.00
0.00 20440.83
46.90 -56.66 -9999.00 -9999.00 -9999.00 88.70 8.55 0.00
0.00 21366.24
40.10 -54.06 -9999.00 -9999.00 -9999.00 71.36 17.02 0.00
0.00 22364.83
33.80 -51.66 -9999.00 -9999.00 -9999.00 75.45 20.86 0.00
0.00 23466.93
27.80 -49.96 -9999.00 -9999.00 -9999.00 81.12 18.88 0.00
0.00 24738.79
22.30 -48.36 -9999.00 -9999.00 -9999.00 84.99 22.22 0.00
0.00 26184.17
17.10 -44.86 -9999.00 -9999.00 -9999.00 80.98 24.79 0.00
0.00 27944.79
12.30 -42.06 -9999.00 -9999.00 -9999.00 66.12 27.84 0.00
0.00 30159.99
STN YYMMDD/HHMM PMSL PRES SKTC STC1 SNFL WTNS
P01M C01M STC2 LCLD MCLD HCLD
SNRA UWND VWND R01M BFGR T2MS
Q2MS WXTS WXTP WXTZ WXTR USTM
VSTM HLCY SLLH WSYM CDBP VSBK
TD2M
725340 200809/1100 1018.10 996.60 20.34 293.50 -9999.00 0.00
-9999.00 -9999.00 293.80 0.00 0.00 0.00
-9999.00 0.70 2.10 -9999.00 -9999.00 20.74
14.68 0.00 0.00 0.00 0.00 -3.50
5.90 -8.90 -9999.00 999.00 -9999.00 20.00
19.66
725340 200809/1200 1018.30 996.90 21.44 294.60 0.00 100.00
0.00 0.00 294.50 0.00 0.00 0.00
-9999.00 0.90 2.20 -9999.00 -9999.00 21.24
14.77 0.00 0.00 0.00 0.00 -3.80
4.80 -13.50 -9999.00 999.00 -9999.00 20.00
19.76
725340 200809/1300 1019.00 997.60 23.54 296.70 0.00 100.00
0.00 0.00 296.40 2.00 0.00 0.00
-9999.00 1.50 2.40 -9999.00 -9999.00 22.74
14.95 0.00 0.00 0.00 0.00 -3.70
1.30 -31.70 -9999.00 999.00 -9999.00 20.00
19.96
725340 200809/1400 1018.50 997.10 26.14 299.30 0.00 100.00
0.00 0.00 298.70 0.00 0.00 0.00
-9999.00 1.00 2.70 -9999.00 -9999.00 24.44
14.84 0.00 0.00 0.00 0.00 -2.90
-0.50 -15.50 -9999.00 999.00 -9999.00 20.00
19.84
725340 200809/1500 1018.10 996.90 31.34 304.50 0.00 100.00
0.00 0.00 303.00 0.00 0.00 0.00
-9999.00 0.00 2.90 -9999.00 -9999.00 26.64
13.86 0.00 0.00 0.00 0.00 -1.40
-1.90 10.20 -9999.00 999.00 -9999.00 20.00
18.76
725340 200809/1600 1018.40 997.20 36.84 310.00 0.00 100.00
0.00 0.00 308.10 2.00 0.00 0.00
-9999.00 -0.90 3.40 -9999.00 -9999.00 28.94
13.29 0.00 0.00 0.00 0.00 -1.00
-2.00 31.00 -9999.00 999.00 -9999.00 20.00
18.11
725340 200809/1700 1017.20 996.00 39.84 313.00 0.00 100.00
0.00 0.00 311.20 8.00 0.00 0.00
-9999.00 -0.70 4.30 -9999.00 -9999.00 30.54
13.29 0.00 0.00 0.00 0.00 -1.10
-1.50 40.70 -9999.00 999.00 -9999.00 20.00
18.09
725340 200809/1800 1017.10 995.90 41.24 314.40 0.00 100.00
0.00 0.00 312.80 6.00 0.00 0.00
-9999.00 -0.40 5.20 -9999.00 -9999.00 31.64
13.43 0.00 0.00 0.00 0.00 -1.60
-0.80 41.40 -9999.00 999.00 -9999.00 20.00
18.25
725340 200809/1900 1016.30 995.30 41.64 314.80 0.00 100.00
0.00 0.00 313.40 7.00 0.00 0.00
-9999.00 0.00 6.00 -9999.00 -9999.00 32.24
13.79 0.00 0.00 0.00 0.00 -2.40
0.20 40.20 -9999.00 999.00 -9999.00 20.00
18.66
725340 200809/2000 1016.00 994.90 41.04 314.20 0.00 100.00
0.00 0.00 313.20 22.00 0.00 0.00
-9999.00 0.20 6.00 -9999.00 -9999.00 32.54
14.23 0.00 0.00 0.00 0.00 -2.50
0.70 41.70 -9999.00 999.00 -9999.00 20.00
19.14
725340 200809/2100 1013.90 992.90 39.54 312.70 0.00 100.00
0.00 0.00 312.10 17.00 0.00 0.00
-9999.00 -0.20 6.10 -9999.00 -9999.00 32.34
14.38 0.00 0.00 0.00 0.00 -2.40
1.20 60.10 -9999.00 999.00 -9999.00 20.00
19.27
725340 200809/2200 1013.30 992.30 37.84 311.00 0.00 100.00
0.00 0.00 310.70 11.00 2.00 0.00
-9999.00 -0.10 5.90 -9999.00 -9999.00 32.04
14.62 0.00 0.00 0.00 0.00 -2.00
1.10 85.50 -9999.00 999.00 -9999.00 20.00
19.52
725340 200809/2300 1014.10 993.10 35.04 308.20 0.00 100.00
0.00 0.00 308.40 9.00 32.00 0.00
-9999.00 0.40 5.60 -9999.00 -9999.00 31.44
14.86 0.00 0.00 0.00 0.00 -1.50
0.70 90.80 -9999.00 999.00 -9999.00 20.00
19.79
725340 200810/0000 1014.10 993.10 31.94 305.10 0.00 100.00
0.00 0.00 305.70 3.00 100.00 0.00
-9999.00 -0.20 5.20 -9999.00 -9999.00 30.34
15.22 0.00 0.00 0.00 0.00 0.00
-1.30 109.40 -9999.00 999.00 -9999.00 20.00
20.17
725340 200810/0100 1013.90 992.80 29.04 302.20 0.00 100.00
0.00 0.00 302.90 0.00 38.00 0.00
-9999.00 -0.10 4.50 -9999.00 -9999.00 28.74
15.83 0.00 0.00 0.00 0.00 -0.20
-1.40 114.40 -9999.00 999.00 -9999.00 20.00
20.79
725340 200810/0200 1014.70 993.50 27.74 300.90 0.00 100.00
0.00 0.00 301.40 0.00 100.00 0.00
-9999.00 -0.20 4.20 -9999.00 -9999.00 27.64
16.40 0.00 0.00 0.00 0.00 0.40
-2.10 148.70 -9999.00 999.00 -9999.00 20.00
21.36
725340 200810/0300 1014.60 993.40 26.74 299.90 0.00 100.00
0.00 0.00 300.40 0.00 36.00 0.00
-9999.00 -0.40 4.30 -9999.00 -9999.00 26.74
16.81 0.00 0.00 0.00 0.00 0.10
-1.30 194.20 -9999.00 999.00 -9999.00 20.00
21.75
725340 200810/0400 1014.50 993.40 25.94 299.10 0.00 100.00
0.00 0.00 299.60 5.00 15.00 0.00
-9999.00 -0.20 4.50 -9999.00 -9999.00 26.04
17.25 0.00 0.00 0.00 0.00 -0.10
-0.30 203.20 -9999.00 999.00 -9999.00 20.00
22.16
725340 200810/0500 1014.10 992.90 25.34 298.50 0.00 100.00
0.00 0.00 298.90 5.00 100.00 0.00
-9999.00 0.10 4.60 -9999.00 -9999.00 25.54
17.72 0.00 0.00 0.00 0.00 0.30
0.10 187.90 -9999.00 999.00 -9999.00 20.00
22.58
725340 200810/0600 1013.80 992.60 24.84 298.00 0.00 100.00
0.00 0.00 298.40 4.00 44.00 0.00
-9999.00 0.60 4.10 -9999.00 -9999.00 25.04
18.07 0.00 0.00 0.00 0.00 0.00
1.40 164.60 -9999.00 999.00 -9999.00 20.00
22.89
725340 200810/0700 1014.20 993.00 24.44 297.60 0.00 100.00
0.00 0.00 297.90 5.00 0.00 0.00
-9999.00 0.50 3.90 -9999.00 -9999.00 24.74
18.27 0.00 0.00 0.00 0.00 1.30
0.70 165.90 -9999.00 999.00 -9999.00 20.00
23.07
725340 200810/0800 1013.30 992.10 24.14 297.30 0.00 100.00
0.00 0.00 297.60 11.00 0.00 0.00
-9999.00 0.50 3.90 -9999.00 -9999.00 24.44
18.19 0.00 0.00 0.00 0.00 2.30
0.90 165.60 -9999.00 999.00 -9999.00 20.00
22.99


