
SNPARM = PRES;TMPC;TMWC;DWPC;THTE;DRCT;SKNT;OMEG;CFRL;HGHT 
STNPRM = SHOW;LIFT;SWET;KINX;LCLP;PWAT;TOTL;CAPE;LCLT;CINS;EQLV;LFCT;BRCH 

STID = KMKE STNM = 726400 TIME = 200807/1800 
SLAT = 42.95 SLON = -87.90 SELV = 212.0
STIM = 0

SHOW = 7.79 LIFT = 5.97 SWET = 84.64 KINX = 9.75
LCLP = 843.62 PWAT = 20.05 TOTL = 36.30 CAPE = 0.00
LCLT = 283.59 CINS = 0.00 EQLV = -9999.00 LFCT = -9999.00
BRCH = 0.00

PRES TMPC TMWC DWPC THTE DRCT SKNT OMEG
CFRL HGHT
995.10 24.14 17.11 12.95 325.65 104.42 7.01 -0.10
0.00 220.79
992.10 23.34 16.67 12.66 324.61 105.59 8.66 -0.20
0.00 247.18
986.70 22.64 16.24 12.33 323.90 105.46 9.48 -0.20
0.00 294.75
977.20 21.64 15.59 11.80 323.03 107.02 9.95 -0.30
0.00 378.84
963.30 20.34 14.68 11.00 321.95 108.78 10.26 -0.30
0.00 502.84
945.40 18.94 13.76 10.31 321.47 111.60 10.02 -0.30
0.00 664.41
924.10 17.34 12.69 9.48 321.01 119.43 8.70 -0.20
0.00 859.68
900.80 15.54 12.05 9.66 322.26 132.71 6.88 0.10
0.00 1077.23
875.60 13.74 10.86 8.81 322.17 170.54 4.72 0.30
0.00 1317.45
847.40 12.14 8.18 4.91 318.44 204.62 5.13 0.40
14.00 1592.80
816.40 11.64 3.00 -9.41 309.15 216.03 5.28 0.30
0.00 1904.58
782.50 9.74 2.88 -5.57 313.65 241.56 5.30 0.20
0.00 2257.53
745.60 8.04 2.40 -4.03 317.87 268.36 6.80 0.10
0.00 2657.17
705.80 6.54 -0.24 -9.80 317.41 277.50 7.44 0.10
0.00 3108.37
663.10 4.94 -2.98 -17.79 317.63 276.63 8.41 0.10
0.00 3618.44
617.40 1.34 -6.24 -24.71 318.04 267.95 10.88 0.10
0.00 4196.35
569.40 -1.76 -8.97 -30.77 320.70 266.93 10.90 0.00
0.00 4843.23
522.70 -6.56 -12.36 -31.66 322.83 276.12 10.94 0.00
0.00 5517.24
480.70 -11.86 -16.40 -34.96 323.68 290.22 11.79 0.00
0.00 6164.57
443.20 -16.66 -20.34 -40.24 324.65 291.63 12.12 0.00
0.00 6780.21
409.30 -20.66 -23.71 -44.45 326.63 283.78 10.61 0.00
0.00 7373.05
378.70 -24.66 -27.06 -46.23 328.60 276.58 10.16 0.00
0.00 7942.85
351.10 -28.96 -30.71 -46.91 329.97 278.26 12.16 0.00
0.00 8488.56
326.30 -33.26 -34.54 -49.40 330.90 284.04 14.41 0.00
0.00 9007.60
303.90 -37.36 -38.34 -54.16 331.72 296.89 15.46 0.00
0.00 9502.75
283.80 -40.96 -41.73 -58.54 332.98 310.13 17.77 0.00
0.00 9971.45
265.60 -43.86 -44.47 -60.81 335.06 314.64 21.83 0.10
0.00 10419.11
248.80 -46.56 -47.06 -63.51 337.31 314.73 28.71 0.10
0.00 10855.09
233.60 -48.86 -49.26 -63.98 339.96 322.00 39.43 0.10
0.00 11271.09
219.60 -51.16 -51.45 -62.27 342.51 331.22 58.51 0.10
0.00 11674.77
205.70 -54.56 -54.72 -61.06 343.67 333.87 68.80 0.10
0.00 12096.42
191.70 -57.96 -58.06 -63.30 345.16 337.21 68.69 0.10
31.00 12543.94
177.80 -59.16 -59.30 -68.92 350.61 329.85 54.14 0.10
0.00 13016.76
163.80 -58.56 -58.75 -74.24 359.88 318.41 41.55 0.10
0.00 13531.19
149.80 -59.06 -59.26 -74.84 368.32 308.49 39.96 0.00
0.00 14091.75
135.90 -60.26 -9999.00 -9999.00 -9999.00 308.61 37.04 0.00
0.00 14700.31
121.90 -60.66 -9999.00 -9999.00 -9999.00 313.83 26.92 0.00
0.00 15377.16
108.00 -60.36 -9999.00 -9999.00 -9999.00 308.23 16.32 0.00
0.00 16130.73
94.00 -59.66 -9999.00 -9999.00 -9999.00 286.29 13.15 0.00
0.00 16996.92
81.00 -58.36 -9999.00 -9999.00 -9999.00 301.16 9.75 0.00
0.00 17929.91
70.60 -56.96 -9999.00 -9999.00 -9999.00 9.46 2.37 0.00
0.00 18796.70
62.20 -56.66 -9999.00 -9999.00 -9999.00 81.03 7.48 0.00
0.00 19598.88
54.30 -56.36 -9999.00 -9999.00 -9999.00 77.83 10.14 0.00
0.00 20460.24
46.90 -54.96 -9999.00 -9999.00 -9999.00 85.17 13.85 0.00
0.00 21392.93
40.10 -54.56 -9999.00 -9999.00 -9999.00 99.04 17.31 0.00
0.00 22394.27
33.80 -53.56 -9999.00 -9999.00 -9999.00 102.18 17.48 0.00
0.00 23490.37
27.80 -51.96 -9999.00 -9999.00 -9999.00 98.94 17.50 0.00
0.00 24751.08
22.30 -49.96 -9999.00 -9999.00 -9999.00 98.62 19.44 0.00
0.00 26184.84
17.10 -46.36 -9999.00 -9999.00 -9999.00 87.78 25.08 0.00
0.00 27933.41
12.30 -41.46 -9999.00 -9999.00 -9999.00 83.59 34.79 0.00
0.00 30144.28

STID = KMKE STNM = 726400 TIME = 200807/1900 
SLAT = 42.95 SLON = -87.90 SELV = 212.0
STIM = 1

SHOW = 7.70 LIFT = 6.14 SWET = 87.35 KINX = 10.59
LCLP = 833.18 PWAT = 20.70 TOTL = 36.44 CAPE = 0.00
LCLT = 282.59 CINS = 0.00 EQLV = -9999.00 LFCT = -9999.00
BRCH = 0.00

PRES TMPC TMWC DWPC THTE DRCT SKNT OMEG
CFRL HGHT
995.00 24.14 16.68 12.12 324.21 113.70 8.70 -0.10
0.00 220.79
992.00 23.34 16.20 11.74 323.04 113.86 11.05 -0.20
0.00 247.17
986.50 22.64 15.81 11.48 322.49 114.90 11.99 -0.20
0.00 295.62
977.10 21.74 15.30 11.16 322.09 116.57 12.59 -0.20
0.00 378.82
963.20 20.54 14.61 10.72 321.73 118.89 12.86 -0.20
0.00 502.88
945.40 19.04 13.74 10.19 321.39 122.95 12.51 -0.10
0.00 663.64
924.10 17.54 12.90 9.74 321.65 130.71 11.01 0.10
0.00 859.01
900.80 15.94 12.20 9.66 322.71 150.26 7.83 0.40
0.00 1076.79
875.60 14.24 10.91 8.54 322.31 197.35 6.51 0.60
0.00 1317.37
847.40 12.74 8.32 4.66 318.80 225.94 8.37 0.50
12.00 1593.24
816.40 11.74 4.28 -4.61 312.35 230.91 8.00 0.30
0.00 1905.48
782.40 10.04 3.76 -3.24 315.86 246.80 7.40 0.10
0.00 2259.93
745.50 8.24 3.00 -2.60 319.40 270.00 8.16 0.00
0.00 2660.10
705.70 6.74 0.05 -9.08 318.12 271.40 7.96 0.00
0.00 3111.76
663.00 4.94 -2.81 -16.76 318.07 265.14 9.17 0.00
0.00 3622.13
617.40 1.44 -6.15 -24.45 318.22 264.99 11.11 0.00
0.00 4198.95
569.30 -1.56 -8.82 -30.37 321.03 268.94 10.49 0.00
0.00 4847.59
522.70 -6.46 -12.30 -31.66 322.95 278.58 10.41 0.10
0.00 5520.60
480.70 -11.76 -16.38 -35.72 323.70 292.17 11.32 0.10
0.00 6168.18
443.10 -16.46 -20.21 -40.62 324.88 289.33 11.73 0.10
0.00 6785.87
409.30 -20.36 -23.48 -44.45 327.02 276.01 11.13 0.10
0.00 7377.61
378.70 -24.46 -26.92 -46.81 328.82 265.31 11.89 0.10
0.00 7947.98
351.10 -28.76 -30.61 -48.76 330.12 268.39 13.79 0.10
0.00 8494.12
326.30 -33.06 -34.41 -50.85 331.09 275.86 15.23 0.10
0.00 9013.58
303.90 -36.96 -38.01 -55.26 332.24 287.31 15.68 0.10
0.00 9509.36
283.80 -40.36 -41.18 -58.54 333.84 299.23 18.71 0.10
0.00 9979.06
265.60 -43.06 -43.75 -63.02 336.19 305.96 24.48 0.10
0.00 10428.08
248.80 -45.16 -45.75 -63.51 339.40 320.71 35.90 0.20
0.00 10866.16
233.60 -47.06 -47.51 -60.07 342.77 333.35 59.77 0.20
0.00 11285.11
219.60 -50.76 -51.02 -59.12 343.21 331.94 69.77 0.20
0.00 11690.79
205.70 -54.46 -54.65 -62.77 343.78 330.95 68.01 0.20
0.00 12112.92
191.70 -57.56 -57.70 -65.45 345.76 332.10 63.52 0.10
6.00 12560.95
177.80 -59.06 -59.20 -68.92 350.77 324.75 53.52 0.10
0.00 13034.32
163.80 -58.96 -59.14 -74.24 359.21 314.65 45.05 0.00
0.00 13548.39
149.80 -59.76 -59.94 -74.84 367.12 309.56 40.56 0.00
0.00 14107.51
135.90 -60.46 -9999.00 -9999.00 -9999.00 310.26 34.87 0.00
0.00 14714.79
121.90 -60.26 -9999.00 -9999.00 -9999.00 311.23 25.06 0.00
0.00 15391.95
108.00 -60.06 -9999.00 -9999.00 -9999.00 296.85 17.19 0.00
0.00 16146.76
94.00 -59.46 -9999.00 -9999.00 -9999.00 283.71 16.39 0.00
0.00 17013.97
81.00 -58.46 -9999.00 -9999.00 -9999.00 310.24 9.93 0.00
0.00 17947.18
70.60 -57.56 -9999.00 -9999.00 -9999.00 47.29 3.44 0.00
0.00 18812.57
62.20 -57.26 -9999.00 -9999.00 -9999.00 88.53 7.58 0.00
0.00 19612.52
54.30 -56.26 -9999.00 -9999.00 -9999.00 90.00 9.32 0.00
0.00 20472.88
46.90 -55.16 -9999.00 -9999.00 -9999.00 109.00 12.53 0.00
0.00 21405.36
40.10 -55.36 -9999.00 -9999.00 -9999.00 114.51 14.51 0.00
0.00 22404.41
33.80 -54.16 -9999.00 -9999.00 -9999.00 104.22 15.03 0.00
0.00 23497.00
27.80 -51.76 -9999.00 -9999.00 -9999.00 97.21 17.04 0.00
0.00 24756.56
22.30 -49.06 -9999.00 -9999.00 -9999.00 91.15 19.42 0.00
0.00 26193.87
17.10 -44.76 -9999.00 -9999.00 -9999.00 87.67 23.91 0.00
0.00 27952.17
12.30 -40.66 -9999.00 -9999.00 -9999.00 89.65 31.86 0.00
0.00 30174.60

STID = KMKE STNM = 726400 TIME = 200807/2000 
SLAT = 42.95 SLON = -87.90 SELV = 212.0
STIM = 2

SHOW = 6.41 LIFT = 5.89 SWET = 110.71 KINX = 13.94
LCLP = 829.00 PWAT = 22.38 TOTL = 38.17 CAPE = 0.00
LCLT = 282.44 CINS = 0.00 EQLV = -9999.00 LFCT = -9999.00
BRCH = 0.00

PRES TMPC TMWC DWPC THTE DRCT SKNT OMEG
CFRL HGHT
994.20 24.34 16.70 12.03 324.38 121.18 8.62 -0.10
0.00 221.68
991.30 23.54 16.24 11.67 323.23 121.48 11.17 -0.20
0.00 247.22
985.80 22.84 15.85 11.43 322.71 121.43 12.30 -0.20
0.00 295.74
976.40 21.94 15.34 11.11 322.32 123.45 13.03 -0.20
0.00 379.05
962.50 20.74 14.67 10.70 322.00 126.03 13.21 -0.20
0.00 503.28
944.70 19.24 13.84 10.25 321.79 129.59 13.11 -0.10
0.00 664.27
923.40 17.94 13.27 10.17 322.89 139.94 11.17 0.20
0.00 860.00
900.20 16.34 12.46 9.85 323.56 170.54 8.28 0.50
0.00 1077.33
875.00 14.84 11.20 8.64 323.24 210.53 8.80 0.70
0.00 1318.50
846.80 13.04 9.21 6.27 321.40 231.34 11.19 0.70
0.00 1595.06
815.80 11.24 6.66 2.58 318.71 237.77 10.57 0.40
0.00 1907.71
781.80 10.24 4.76 -0.73 318.51 256.91 8.57 0.10
0.00 2262.57
745.00 8.44 3.32 -1.99 320.29 279.04 8.66 -0.10
0.00 2662.35
705.20 6.64 0.35 -7.80 318.97 275.08 8.78 -0.10
0.00 3114.47
662.50 4.64 -2.63 -14.91 318.63 263.42 10.16 0.00
0.00 3624.93
617.00 1.44 -6.11 -24.07 318.38 266.99 11.09 0.10
0.00 4200.63
569.00 -1.36 -8.69 -30.18 321.35 273.24 10.31 0.10
0.00 4848.55
522.40 -6.36 -12.24 -31.67 323.12 283.24 10.18 0.10
0.00 5522.31
480.50 -11.76 -16.42 -36.27 323.66 294.27 10.86 0.20
0.00 6168.78
443.00 -16.26 -20.09 -41.01 325.12 288.43 11.67 0.20
0.00 6785.26
409.20 -20.26 -23.41 -44.45 327.17 272.73 12.26 0.10
0.00 7377.48
378.60 -24.26 -26.80 -48.09 329.03 263.57 13.87 0.10
0.00 7948.33
351.00 -28.56 -30.49 -50.22 330.34 265.76 15.77 0.10
0.00 8495.07
326.20 -32.76 -34.20 -52.57 331.45 273.86 17.33 0.10
0.00 9015.21
303.80 -36.56 -37.67 -56.53 332.79 281.31 18.82 0.10
0.00 9511.87
283.70 -39.66 -40.57 -60.30 334.83 291.00 23.31 0.10
0.00 9982.83
265.60 -42.16 -42.93 -63.02 337.50 304.96 29.16 0.10
0.00 10431.00
248.80 -44.16 -44.77 -59.58 340.97 328.38 43.34 0.10
0.00 10870.90
233.60 -46.86 -47.25 -56.32 343.21 332.10 63.52 0.20
0.00 11290.97
219.60 -50.56 -50.81 -57.90 343.57 327.79 62.68 0.20
0.00 11697.01
205.70 -54.06 -54.26 -62.77 344.41 328.33 62.53 0.10
0.00 12119.72
191.70 -57.26 -57.40 -65.45 346.24 326.52 57.75 0.10
0.00 12568.47
177.70 -59.26 -59.40 -68.92 350.50 319.56 53.59 0.00
0.00 13045.49
163.80 -59.46 -59.63 -74.24 358.37 310.58 48.08 0.00
0.00 13555.20
149.80 -60.36 -60.53 -74.84 366.09 307.35 41.30 0.00
0.00 14112.88
135.90 -60.46 -9999.00 -9999.00 -9999.00 306.10 34.62 0.00
0.00 14719.30
121.90 -60.46 -9999.00 -9999.00 -9999.00 305.63 27.00 0.00
0.00 15396.15
108.00 -60.56 -9999.00 -9999.00 -9999.00 294.02 19.56 0.00
0.00 16149.72
94.00 -59.76 -9999.00 -9999.00 -9999.00 287.86 18.38 0.00
0.00 17015.30
81.00 -58.46 -9999.00 -9999.00 -9999.00 317.42 9.75 0.00
0.00 17947.85
70.60 -58.16 -9999.00 -9999.00 -9999.00 48.81 2.06 0.00
0.00 18812.04
62.20 -57.96 -9999.00 -9999.00 -9999.00 95.71 3.90 0.00
0.00 19609.58
54.30 -56.86 -9999.00 -9999.00 -9999.00 93.18 7.01 0.00
0.00 20467.35
46.90 -56.36 -9999.00 -9999.00 -9999.00 110.43 10.57 0.00
0.00 21395.98
40.10 -56.36 -9999.00 -9999.00 -9999.00 104.47 12.43 0.00
0.00 22389.98
33.80 -54.26 -9999.00 -9999.00 -9999.00 94.64 14.41 0.00
0.00 23479.82
27.80 -51.16 -9999.00 -9999.00 -9999.00 95.51 16.20 0.00
0.00 24740.82
22.30 -48.16 -9999.00 -9999.00 -9999.00 91.77 18.84 0.00
0.00 26182.97
17.10 -44.16 -9999.00 -9999.00 -9999.00 86.99 22.18 0.00
0.00 27947.09
12.30 -40.16 -9999.00 -9999.00 -9999.00 85.91 29.99 0.00
0.00 30174.83

STID = KMKE STNM = 726400 TIME = 200807/2100 
SLAT = 42.95 SLON = -87.90 SELV = 212.0
STIM = 3

SHOW = 4.52 LIFT = 5.36 SWET = 139.61 KINX = 18.18
LCLP = 830.06 PWAT = 24.54 TOTL = 40.50 CAPE = 0.00
LCLT = 282.73 CINS = 0.00 EQLV = -9999.00 LFCT = -9999.00
BRCH = 0.00

PRES TMPC TMWC DWPC THTE DRCT SKNT OMEG
CFRL HGHT
994.20 24.54 16.91 12.31 325.08 125.10 8.78 -0.10
0.00 220.81
991.20 23.74 16.45 11.96 323.95 124.76 11.58 -0.20
0.00 247.25
985.70 23.14 16.11 11.73 323.56 125.13 12.82 -0.20
0.00 295.82
976.30 22.24 15.59 11.39 323.13 126.38 13.75 -0.20
0.00 379.23
962.50 21.04 14.92 10.99 322.81 128.78 13.95 -0.20
0.00 502.72
944.60 19.74 14.25 10.69 323.09 132.17 13.89 0.00
0.00 664.85
923.40 18.44 13.74 10.71 324.36 151.05 10.43 0.30
0.00 860.05
900.10 16.94 13.04 10.52 325.40 186.20 8.99 0.70
0.00 1078.78
874.90 15.34 12.08 9.92 325.95 216.03 10.57 0.80
0.00 1320.53
846.70 13.34 10.55 8.61 325.35 231.89 12.59 0.80
0.00 1597.67
815.70 11.34 8.46 6.27 323.74 240.49 11.83 0.50
4.00 1910.85
781.70 10.24 5.82 1.86 321.37 259.70 8.68 0.10
0.00 2266.10
744.80 8.84 3.70 -1.48 321.30 281.59 7.73 -0.10
0.00 2667.46
705.00 6.54 0.81 -6.15 320.14 274.97 8.97 0.00
0.00 3120.02
662.40 4.44 -2.36 -13.10 319.33 261.57 10.61 0.10
0.00 3629.24
616.80 1.54 -6.03 -23.83 318.59 263.88 10.94 0.20
0.00 4206.29
568.90 -1.16 -8.58 -30.38 321.56 273.37 9.93 0.10
0.00 4853.38
522.30 -6.26 -12.19 -31.87 323.23 285.46 9.48 0.10
0.00 5527.63
480.40 -11.66 -16.38 -36.84 323.73 293.63 10.18 0.10
0.00 6174.47
442.90 -16.16 -20.02 -41.02 325.27 285.42 11.69 0.10
0.00 6791.32
409.10 -20.16 -23.35 -44.98 327.29 274.09 13.64 0.00
0.00 7383.92
378.50 -24.16 -26.75 -48.80 329.15 267.14 15.56 0.00
0.00 7955.13
351.00 -28.36 -30.36 -51.95 330.53 269.35 17.09 0.00
0.00 8500.29
326.20 -32.36 -33.90 -54.68 331.92 279.55 19.89 0.00
0.00 9021.07
303.80 -35.86 -37.06 -56.53 333.78 288.43 23.95 0.00
0.00 9518.86
283.70 -38.56 -39.58 -60.30 336.41 299.51 28.79 0.10
0.00 9991.63
265.60 -40.46 -41.31 -57.61 340.12 317.11 41.10 0.20
0.00 10442.51
248.80 -43.36 -43.91 -53.96 342.38 324.77 54.22 0.20
0.00 10884.81
233.60 -47.26 -47.60 -55.36 342.64 326.19 52.37 0.30
0.00 11305.26
219.60 -50.76 -51.00 -57.90 343.26 321.53 55.57 0.20
0.00 11710.76
205.70 -53.96 -54.14 -61.06 344.61 315.71 55.09 0.20
0.00 12133.37
191.70 -57.16 -57.28 -63.30 346.44 313.69 54.27 0.10
0.00 12582.33
177.70 -59.46 -59.57 -66.00 350.22 306.04 53.81 0.00
0.00 13059.24
163.80 -60.26 -60.41 -74.24 357.03 303.86 54.04 0.00
0.00 13567.76
149.80 -60.86 -61.02 -74.84 365.22 306.40 42.23 0.00
0.00 14123.74
135.90 -61.16 -9999.00 -9999.00 -9999.00 304.91 35.30 0.00
0.00 14728.45
121.90 -60.56 -9999.00 -9999.00 -9999.00 304.96 26.79 0.00
0.00 15404.03
108.00 -60.46 -9999.00 -9999.00 -9999.00 291.90 20.30 0.00
0.00 16157.60
94.00 -59.66 -9999.00 -9999.00 -9999.00 288.25 18.61 0.00
0.00 17023.58
81.00 -58.46 -9999.00 -9999.00 -9999.00 323.13 6.80 0.00
0.00 17956.36
70.60 -58.76 -9999.00 -9999.00 -9999.00 129.29 2.76 0.00
0.00 18819.34
62.20 -58.76 -9999.00 -9999.00 -9999.00 120.96 4.53 0.00
0.00 19614.28
54.30 -57.66 -9999.00 -9999.00 -9999.00 102.09 8.35 0.00
0.00 20468.88
46.90 -57.46 -9999.00 -9999.00 -9999.00 103.57 11.60 0.00
0.00 21393.42
40.10 -57.06 -9999.00 -9999.00 -9999.00 90.81 13.79 0.00
0.00 22383.30
33.80 -54.36 -9999.00 -9999.00 -9999.00 85.71 15.58 0.00
0.00 23471.14
27.80 -51.26 -9999.00 -9999.00 -9999.00 86.33 15.19 0.00
0.00 24731.56
22.30 -48.06 -9999.00 -9999.00 -9999.00 83.42 15.25 0.00
0.00 26173.71
17.10 -43.46 -9999.00 -9999.00 -9999.00 77.28 18.51 0.00
0.00 27940.94
12.30 -39.56 -9999.00 -9999.00 -9999.00 83.36 28.55 0.00
0.00 30174.95

STID = KMKE STNM = 726400 TIME = 200807/2200 
SLAT = 42.95 SLON = -87.90 SELV = 212.0
STIM = 4

SHOW = 3.95 LIFT = 4.93 SWET = 145.89 KINX = 20.03
LCLP = 835.51 PWAT = 25.51 TOTL = 41.20 CAPE = 0.00
LCLT = 283.17 CINS = 0.00 EQLV = -9999.00 LFCT = -9999.00
BRCH = 0.00

PRES TMPC TMWC DWPC THTE DRCT SKNT OMEG
CFRL HGHT
994.10 24.44 17.06 12.66 325.60 124.78 8.51 -0.10
0.00 220.81
991.10 23.84 16.67 12.33 324.71 125.07 11.15 -0.20
0.00 247.25
985.60 23.24 16.32 12.07 324.26 126.16 12.51 -0.20
0.00 295.85
976.20 22.34 15.79 11.70 323.77 127.37 13.44 -0.20
0.00 379.31
962.30 21.24 15.08 11.16 323.35 129.91 13.93 -0.10
0.00 503.78
944.50 20.14 14.60 11.07 324.19 135.00 13.19 0.10
0.00 665.22
923.30 18.94 14.24 11.30 325.97 164.54 9.48 0.40
0.00 860.77
900.00 17.54 13.60 11.13 327.18 195.15 9.65 0.60
0.00 1079.99
874.80 15.84 12.51 10.37 327.33 214.51 11.31 0.60
0.00 1322.27
846.60 13.84 11.02 9.11 326.78 226.27 12.37 0.50
0.00 1599.97
815.60 11.84 9.10 7.09 325.59 237.77 10.57 0.30
0.00 1913.80
781.60 10.64 6.51 3.01 323.27 260.07 7.89 0.00
3.00 2269.76
744.70 9.24 4.10 -0.93 322.35 272.86 7.77 -0.20
0.00 2671.83
704.90 6.64 1.23 -5.01 321.22 270.00 9.91 -0.20
0.00 3124.92
662.30 4.34 -2.29 -12.59 319.52 259.08 11.29 0.00
0.00 3634.28
616.80 1.84 -5.91 -24.33 318.81 261.33 11.60 0.10
0.00 4210.32
568.80 -0.86 -8.46 -31.19 321.79 276.46 10.35 0.10
0.00 4859.51
522.30 -6.16 -12.14 -32.08 323.31 288.80 9.63 0.20
0.00 5532.86
480.40 -11.46 -16.28 -37.44 323.91 291.99 10.90 0.20
0.00 6180.07
442.90 -15.96 -19.89 -41.42 325.48 285.95 14.14 0.20
0.00 6797.39
409.10 -20.06 -23.27 -44.98 327.42 281.06 17.21 0.20
0.00 7390.33
378.50 -24.26 -26.81 -48.10 329.06 278.70 19.25 0.10
0.00 7961.55
351.00 -28.46 -30.45 -51.95 330.39 279.20 20.67 0.10
0.00 8506.48
326.20 -32.36 -33.87 -53.57 331.97 284.90 21.91 0.00
0.00 9027.16
303.80 -35.66 -36.88 -56.53 334.06 293.73 24.61 0.00
0.00 9525.16
283.70 -37.56 -38.64 -57.08 337.93 317.29 30.92 0.00
0.00 9999.13
265.60 -39.46 -40.36 -55.27 341.66 329.12 48.45 0.10
0.00 10451.95
248.80 -43.56 -44.19 -58.13 341.91 316.82 43.14 0.10
0.00 10895.01
233.60 -46.66 -47.11 -58.63 343.42 313.05 48.37 0.00
0.00 11315.82
219.60 -49.96 -50.28 -60.55 344.40 309.89 49.38 0.00
0.00 11722.58
205.70 -53.76 -53.95 -61.06 344.93 310.26 49.90 0.00
0.00 12146.15
191.70 -57.26 -57.35 -61.60 346.33 303.45 50.76 0.00
13.00 12595.21
177.70 -60.26 -60.32 -63.87 348.95 293.87 49.92 0.10
44.00 13071.12
163.80 -60.66 -60.75 -66.60 356.45 295.37 53.96 0.10
0.00 13578.22
149.80 -60.06 -60.23 -74.84 366.60 307.47 48.21 0.00
0.00 14134.73
135.90 -61.46 -61.62 -75.48 374.47 304.62 36.58 0.00
0.00 14740.15
121.90 -60.96 -9999.00 -9999.00 -9999.00 302.38 28.28 0.00
0.00 15414.62
108.00 -60.76 -9999.00 -9999.00 -9999.00 294.08 20.01 0.00
0.00 16166.95
94.00 -59.86 -9999.00 -9999.00 -9999.00 289.93 16.53 0.00
0.00 17031.92
81.00 -58.46 -9999.00 -9999.00 -9999.00 340.35 2.89 0.00
0.00 17964.25
70.60 -58.86 -9999.00 -9999.00 -9999.00 153.43 3.90 0.00
0.00 18827.03
62.20 -58.06 -9999.00 -9999.00 -9999.00 128.16 3.46 0.00
0.00 19623.09
54.30 -57.06 -9999.00 -9999.00 -9999.00 109.98 6.82 0.00
0.00 20480.27
46.90 -57.36 -9999.00 -9999.00 -9999.00 97.94 8.43 0.00
0.00 21406.32
40.10 -56.76 -9999.00 -9999.00 -9999.00 74.74 11.07 0.00
0.00 22397.12
33.80 -53.76 -9999.00 -9999.00 -9999.00 69.65 12.84 0.00
0.00 23487.20
27.80 -50.86 -9999.00 -9999.00 -9999.00 71.57 14.12 0.00
0.00 24750.49
22.30 -47.86 -9999.00 -9999.00 -9999.00 69.53 15.56 0.00
0.00 26194.57
17.10 -43.36 -9999.00 -9999.00 -9999.00 73.78 22.26 0.00
0.00 27962.97
12.30 -39.76 -9999.00 -9999.00 -9999.00 88.08 28.96 0.00
0.00 30196.50

STID = KMKE STNM = 726400 TIME = 200807/2300 
SLAT = 42.95 SLON = -87.90 SELV = 212.0
STIM = 5

SHOW = 3.64 LIFT = 4.76 SWET = 146.40 KINX = 21.54
LCLP = 840.63 PWAT = 26.03 TOTL = 41.64 CAPE = 0.00
LCLT = 283.52 CINS = 0.00 EQLV = -9999.00 LFCT = -9999.00
BRCH = 0.00

PRES TMPC TMWC DWPC THTE DRCT SKNT OMEG
CFRL HGHT
993.60 24.24 17.12 12.91 325.88 127.48 7.34 -0.10
0.00 219.93
990.50 23.74 16.74 12.54 325.04 127.78 9.83 -0.10
0.00 247.26
985.10 23.14 16.39 12.28 324.57 128.66 11.19 -0.10
0.00 294.98
975.60 22.34 15.87 11.86 324.12 130.40 11.99 -0.10
0.00 379.37
961.80 21.34 15.00 10.92 323.12 133.07 12.24 0.00
0.00 503.04
944.00 20.44 14.65 10.96 324.41 139.82 11.44 0.10
0.00 664.66
922.70 19.44 14.54 11.53 327.03 174.92 8.78 0.30
0.00 861.52
899.50 18.04 13.82 11.21 327.97 197.70 9.58 0.40
0.00 1080.32
874.30 16.24 12.69 10.43 327.97 214.25 11.05 0.40
0.00 1323.12
846.20 14.24 11.24 9.24 327.53 223.67 11.81 0.30
0.00 1600.38
815.10 12.24 9.42 7.40 326.62 238.47 10.02 0.10
0.00 1915.86
781.20 10.94 7.05 3.88 324.83 270.00 8.74 -0.10
1.00 2271.46
744.30 9.34 4.59 0.16 323.72 279.64 10.45 -0.20
0.00 2674.13
704.60 6.34 1.35 -4.26 321.58 280.95 12.28 -0.20
0.00 3126.22
662.00 3.94 -2.54 -12.71 319.03 266.05 11.29 0.00
0.00 3635.19
616.50 2.04 -5.83 -24.59 319.02 261.18 11.40 0.20
0.00 4211.29
568.60 -0.56 -8.36 -32.29 322.00 278.13 9.62 0.10
0.00 4859.98
522.10 -6.06 -12.08 -32.08 323.47 288.82 9.03 0.10
0.00 5534.07
480.30 -11.46 -16.30 -37.76 323.89 288.12 11.25 0.00
0.00 6180.04
442.80 -15.96 -19.89 -41.42 325.51 285.26 15.50 0.00
0.00 6797.49
409.10 -20.26 -23.41 -44.45 327.20 284.62 18.47 0.00
0.00 7388.52
378.50 -24.36 -26.86 -47.44 328.97 287.35 19.54 0.00
0.00 7959.40
351.00 -28.06 -30.05 -49.47 331.05 293.27 21.15 0.00
0.00 8504.67
326.20 -31.46 -33.04 -50.86 333.33 293.30 27.49 0.10
0.00 9026.75
303.80 -34.96 -36.24 -55.27 335.08 292.22 29.80 0.10
0.00 9526.43
283.70 -37.16 -38.26 -55.83 338.55 319.09 30.85 0.10
0.00 10001.50
265.60 -40.16 -40.94 -53.42 340.72 320.93 38.52 0.10
0.00 10454.03
248.80 -44.16 -44.60 -52.43 341.27 307.37 44.48 0.10
0.00 10895.87
233.60 -47.06 -47.44 -56.32 342.90 297.39 54.47 0.00
0.00 11315.76
219.60 -49.96 -50.28 -60.55 344.40 301.42 58.51 -0.10
0.00 11722.16
205.70 -53.06 -53.27 -61.06 346.03 308.34 48.54 -0.10
0.00 12146.40
191.70 -57.46 -57.55 -61.60 346.01 309.70 41.67 -0.10
6.00 12595.97
177.70 -59.36 -59.44 -63.87 350.43 289.17 43.18 0.00
86.00 13072.66
163.80 -60.96 -61.05 -66.60 355.95 288.30 51.96 0.10
0.00 13580.48
149.80 -60.36 -60.50 -70.13 366.13 305.79 51.48 0.00
0.00 14136.20
135.90 -61.66 -61.81 -75.48 374.11 308.06 37.49 0.00
0.00 14740.92
121.90 -61.26 -9999.00 -9999.00 -9999.00 303.92 27.16 0.00
0.00 15414.59
108.00 -60.56 -9999.00 -9999.00 -9999.00 296.04 19.02 0.00
0.00 16166.74
94.00 -59.96 -9999.00 -9999.00 -9999.00 291.29 16.05 0.00
0.00 17031.91
81.00 -58.66 -9999.00 -9999.00 -9999.00 285.95 1.42 0.00
0.00 17963.59
70.60 -59.16 -9999.00 -9999.00 -9999.00 206.57 3.90 0.00
0.00 18825.36
62.20 -57.96 -9999.00 -9999.00 -9999.00 146.31 1.40 0.00
0.00 19621.06
54.30 -57.26 -9999.00 -9999.00 -9999.00 104.62 4.62 0.00
0.00 20478.03
46.90 -57.26 -9999.00 -9999.00 -9999.00 76.37 6.60 0.00
0.00 21403.87
40.10 -55.66 -9999.00 -9999.00 -9999.00 61.39 9.73 0.00
0.00 22397.42
33.80 -52.36 -9999.00 -9999.00 -9999.00 64.80 10.96 0.00
0.00 23493.76
27.80 -50.26 -9999.00 -9999.00 -9999.00 72.07 13.89 0.00
0.00 24762.76
22.30 -48.26 -9999.00 -9999.00 -9999.00 66.88 18.80 0.00
0.00 26207.49
17.10 -45.06 -9999.00 -9999.00 -9999.00 74.81 28.19 0.00
0.00 27967.73
12.30 -41.06 -9999.00 -9999.00 -9999.00 87.60 27.80 0.00
0.00 30186.79

STID = KMKE STNM = 726400 TIME = 200808/0000 
SLAT = 42.95 SLON = -87.90 SELV = 212.0
STIM = 6

SHOW = 3.40 LIFT = 4.84 SWET = 144.54 KINX = 23.66
LCLP = 853.79 PWAT = 26.55 TOTL = 41.97 CAPE = 0.00
LCLT = 284.12 CINS = 0.00 EQLV = -9999.00 LFCT = -9999.00
BRCH = 0.00

PRES TMPC TMWC DWPC THTE DRCT SKNT OMEG
CFRL HGHT
993.50 23.54 17.07 13.28 325.77 127.23 6.10 -0.10
0.00 220.79
990.50 23.24 16.76 12.90 325.12 128.66 8.70 -0.10
0.00 247.19
985.10 22.74 16.38 12.54 324.58 130.36 10.20 -0.10
0.00 294.85
975.60 22.04 15.73 11.81 323.70 132.88 11.13 0.00
0.00 379.14
961.70 21.64 14.52 9.74 321.59 135.67 11.67 0.00
0.00 503.68
944.00 21.04 14.75 10.73 324.70 140.57 11.32 0.10
0.00 664.61
922.70 19.94 14.75 11.58 327.69 171.35 9.03 0.20
0.00 861.84
899.50 18.34 13.94 11.23 328.35 190.84 9.30 0.30
0.00 1080.94
874.30 16.54 12.93 10.66 328.73 208.44 10.61 0.30
0.00 1324.00
846.20 14.54 11.43 9.38 328.12 219.14 10.76 0.30
0.00 1601.56
815.10 12.74 9.62 7.40 327.20 240.42 8.26 0.20
0.00 1917.49
781.20 11.64 7.61 4.44 326.42 284.04 8.82 0.10
0.00 2273.88
744.30 9.54 5.45 1.93 326.09 286.44 12.35 0.10
0.00 2677.30
704.50 6.24 2.00 -2.41 323.27 285.64 15.13 0.10
0.00 3130.83
661.90 3.74 -2.78 -13.29 318.50 270.00 13.21 0.20
0.00 3639.67
616.50 1.84 -5.97 -24.86 318.72 256.61 12.59 0.10
0.00 4214.11
568.60 -0.56 -8.40 -33.00 321.90 271.33 8.35 -0.20
0.00 4862.56
522.10 -6.06 -12.09 -32.29 323.44 284.42 7.01 -0.40
0.00 5536.63
480.20 -11.36 -16.23 -37.76 324.03 287.35 9.77 -0.30
0.00 6184.34
442.80 -15.86 -19.84 -41.84 325.59 289.60 15.05 -0.10
0.00 6800.44
409.00 -20.06 -23.31 -46.12 327.36 288.43 19.66 0.00
0.00 7393.63
378.50 -24.26 -26.83 -48.80 329.02 285.03 21.72 0.20
0.00 7963.05
351.00 -28.16 -30.16 -50.22 330.88 285.62 23.80 0.10
0.00 8508.32
326.20 -31.46 -32.87 -46.03 333.65 292.25 27.70 0.10
0.00 9030.30
303.80 -33.86 -35.16 -50.03 336.88 299.93 29.58 0.00
0.00 9531.15
283.70 -36.96 -38.06 -54.73 338.87 316.45 27.06 0.00
0.00 10007.53
265.60 -40.36 -41.10 -52.61 340.47 317.84 33.28 0.00
0.00 10460.06
248.80 -43.66 -44.16 -53.16 341.97 293.13 44.99 0.10
0.00 10902.19
233.60 -47.46 -47.79 -55.36 342.34 291.26 57.32 0.10
0.00 11322.17
219.60 -50.56 -50.81 -57.90 343.57 299.13 56.25 0.00
0.00 11727.67
205.70 -53.36 -53.54 -59.64 345.60 303.10 47.30 -0.10
0.00 12151.05
191.70 -56.96 -57.09 -63.30 346.76 302.26 36.75 -0.10
10.00 12600.83
177.70 -59.36 -59.47 -66.00 350.38 287.83 40.60 0.00
36.00 13078.08
163.80 -60.76 -60.85 -66.60 356.28 286.65 47.44 0.00
0.00 13586.13
149.80 -60.76 -60.89 -70.13 365.45 303.02 50.97 0.00
0.00 14141.59
135.90 -62.26 -62.40 -75.48 373.05 311.92 38.38 0.00
0.00 14744.88
121.90 -61.56 -9999.00 -9999.00 -9999.00 304.67 25.27 0.00
0.00 15417.12
108.00 -60.96 -9999.00 -9999.00 -9999.00 294.94 18.41 0.00
0.00 16168.03
94.00 -60.36 -9999.00 -9999.00 -9999.00 290.56 14.94 0.00
0.00 17031.58
81.00 -58.96 -9999.00 -9999.00 -9999.00 237.72 4.37 0.00
0.00 17961.74
70.60 -59.86 -9999.00 -9999.00 -9999.00 234.87 6.41 0.00
0.00 18821.49
62.20 -58.46 -9999.00 -9999.00 -9999.00 270.00 0.19 0.00
0.00 19614.96
54.30 -57.56 -9999.00 -9999.00 -9999.00 75.96 4.80 0.00
0.00 20470.35
46.90 -56.26 -9999.00 -9999.00 -9999.00 59.24 9.50 0.00
0.00 21397.68
40.10 -53.66 -9999.00 -9999.00 -9999.00 61.03 12.43 0.00
0.00 22398.11
33.80 -51.26 -9999.00 -9999.00 -9999.00 69.15 13.09 0.00
0.00 23502.20
27.80 -50.36 -9999.00 -9999.00 -9999.00 66.89 15.83 0.00
0.00 24774.07
22.30 -48.36 -9999.00 -9999.00 -9999.00 60.95 22.01 0.00
0.00 26218.15
17.10 -45.06 -9999.00 -9999.00 -9999.00 79.73 29.41 0.00
0.00 27978.00
12.30 -41.26 -9999.00 -9999.00 -9999.00 91.70 26.24 0.00
0.00 30196.10

STID = KMKE STNM = 726400 TIME = 200808/0100 
SLAT = 42.95 SLON = -87.90 SELV = 212.0
STIM = 7

SHOW = 2.77 LIFT = 4.77 SWET = 154.45 KINX = 25.53
LCLP = 885.23 PWAT = 27.78 TOTL = 42.80 CAPE = 0.00
LCLT = 285.74 CINS = 0.00 EQLV = -9999.00 LFCT = -9999.00
BRCH = 0.00

PRES TMPC TMWC DWPC THTE DRCT SKNT OMEG
CFRL HGHT
994.40 22.24 17.23 14.38 326.27 135.00 3.30 0.00
0.00 219.87
991.30 22.34 16.93 13.79 325.64 138.50 6.74 0.00
0.00 247.04
985.80 22.14 16.42 13.00 324.64 140.36 8.84 0.00
0.00 295.43
976.40 22.14 14.86 9.97 320.74 142.93 10.96 0.00
0.00 378.69
962.60 22.24 14.30 8.78 320.72 142.94 11.93 0.00
0.00 502.31
944.80 21.34 15.03 11.06 325.49 152.97 10.68 0.10
0.00 664.24
923.50 20.14 14.85 11.64 327.92 180.00 10.10 0.10
0.00 861.47
900.20 18.54 14.15 11.47 328.92 197.42 10.39 0.10
0.00 1081.50
875.00 16.54 13.25 11.23 329.68 214.22 11.75 0.10
0.00 1324.49
846.80 14.44 11.76 10.02 329.05 221.19 12.39 0.00
0.00 1602.84
815.70 12.44 9.96 8.25 328.17 230.19 9.11 -0.10
0.00 1918.41
781.70 11.24 8.09 5.73 327.77 278.88 6.29 -0.20
0.00 2275.27
744.80 9.24 6.20 3.76 328.13 295.51 9.48 -0.20
0.00 2678.11
705.00 6.24 2.68 -0.77 324.97 293.20 13.31 -0.10
0.00 3131.27
662.30 4.14 -2.73 -14.07 318.49 279.59 13.99 0.10
0.00 3641.42
616.80 2.14 -6.05 -27.53 318.41 259.48 13.83 0.10
0.00 4217.48
568.80 -0.66 -8.51 -33.76 321.64 262.03 9.81 -0.10
0.00 4867.20
522.30 -6.16 -12.17 -32.50 323.24 268.41 6.99 -0.20
0.00 5540.78
480.40 -11.56 -16.30 -36.55 323.90 277.59 8.82 -0.10
0.00 6187.86
442.90 -16.16 -20.05 -41.84 325.19 287.35 13.03 0.00
0.00 6804.83
409.10 -20.06 -23.35 -47.41 327.26 289.82 17.75 0.10
0.00 7397.52
378.50 -23.86 -26.47 -47.44 329.63 290.27 22.98 0.20
0.00 7969.19
351.00 -27.56 -28.96 -37.17 332.99 294.04 27.66 0.20
0.00 8515.62
326.20 -30.36 -31.12 -35.37 336.64 294.53 31.82 0.20
0.00 9039.55
303.80 -33.26 -34.44 -45.34 338.08 302.13 27.76 0.10
0.00 9542.23
283.70 -36.66 -37.77 -53.75 339.35 305.78 26.57 0.10
0.00 10019.54
265.60 -40.46 -41.12 -50.55 340.45 299.05 33.99 -0.10
0.00 10472.27
248.80 -44.06 -44.44 -50.52 341.54 291.28 43.36 -0.10
0.00 10913.92
233.60 -48.06 -48.19 -50.50 341.71 279.35 50.19 -0.10
17.00 11333.00
219.60 -50.86 -51.04 -55.86 343.19 286.83 54.99 -0.10
3.00 11737.69
205.70 -53.86 -54.02 -59.64 344.81 298.90 49.03 -0.10
4.00 12160.31
191.70 -56.96 -57.09 -63.30 346.76 301.36 38.44 -0.10
0.00 12609.58
177.70 -59.26 -59.40 -68.92 350.50 291.95 43.14 0.00
0.00 13086.93
163.80 -59.76 -59.92 -74.24 357.86 292.25 50.80 0.00
0.00 13596.29
149.80 -60.86 -60.99 -70.13 365.27 304.94 49.51 0.00
0.00 14152.93
135.90 -62.76 -62.89 -75.48 372.17 310.11 37.08 -0.10
0.00 14755.36
121.90 -62.16 -9999.00 -9999.00 -9999.00 301.11 26.32 0.00
0.00 15425.84
108.00 -61.16 -9999.00 -9999.00 -9999.00 289.73 18.98 0.00
0.00 16175.34
94.00 -60.46 -9999.00 -9999.00 -9999.00 285.20 16.30 0.00
0.00 17038.28
81.00 -59.76 -9999.00 -9999.00 -9999.00 251.57 6.76 0.00
0.00 17966.47
70.60 -60.66 -9999.00 -9999.00 -9999.00 263.09 6.45 0.00
0.00 18823.01
62.20 -58.56 -9999.00 -9999.00 -9999.00 344.74 2.21 0.00
0.00 19614.81
54.30 -57.66 -9999.00 -9999.00 -9999.00 59.35 6.10 0.00
0.00 20469.80
46.90 -56.16 -9999.00 -9999.00 -9999.00 56.04 11.48 0.00
0.00 21397.13
40.10 -53.46 -9999.00 -9999.00 -9999.00 60.26 14.10 0.00
0.00 22398.25
33.80 -51.76 -9999.00 -9999.00 -9999.00 66.28 14.01 0.00
0.00 23501.60
27.80 -50.56 -9999.00 -9999.00 -9999.00 59.47 17.60 0.00
0.00 24771.46
22.30 -47.56 -9999.00 -9999.00 -9999.00 63.03 24.84 0.00
0.00 26217.48
17.10 -43.16 -9999.00 -9999.00 -9999.00 87.65 28.38 0.00
0.00 27987.82
12.30 -40.36 -9999.00 -9999.00 -9999.00 91.53 21.76 0.00
0.00 30219.41

STID = KMKE STNM = 726400 TIME = 200808/0200 
SLAT = 42.95 SLON = -87.90 SELV = 212.0
STIM = 8

SHOW = 2.40 LIFT = 4.68 SWET = 162.44 KINX = 28.39
LCLP = 912.54 PWAT = 29.27 TOTL = 43.10 CAPE = 0.00
LCLT = 287.09 CINS = 0.00 EQLV = -9999.00 LFCT = -9999.00
BRCH = 0.00

PRES TMPC TMWC DWPC THTE DRCT SKNT OMEG
CFRL HGHT
994.00 21.04 17.33 15.27 326.72 141.84 3.46 0.00
0.00 220.72
991.00 21.64 16.99 14.33 325.92 143.43 7.50 0.00
0.00 246.94
985.50 21.94 15.99 12.33 323.26 146.31 10.51 0.00
0.00 295.27
976.10 22.94 14.16 7.76 318.49 146.55 13.03 0.00
0.00 378.60
962.30 22.54 14.70 9.41 322.02 148.17 13.27 0.10
0.00 502.46
944.50 21.54 15.35 11.56 326.62 161.57 12.28 0.10
0.00 664.61
923.20 20.34 14.98 11.74 328.37 182.82 11.87 0.10
0.00 862.07
900.00 18.64 14.44 11.93 329.93 202.17 11.32 0.10
0.00 1081.35
874.70 16.44 13.62 11.93 330.95 216.87 12.63 0.10
0.00 1325.42
846.60 14.24 12.01 10.59 329.89 221.35 12.94 0.10
0.00 1602.79
815.50 12.14 10.16 8.81 328.80 225.00 10.43 0.00
0.00 1918.22
781.50 10.74 8.33 6.57 328.52 256.87 5.98 0.00
0.00 2274.76
744.60 8.74 6.45 4.66 328.89 286.39 6.88 0.00
0.00 2677.10
704.70 5.74 3.24 0.98 326.53 289.80 10.31 0.10
0.00 3130.91
662.10 3.74 -2.13 -10.65 320.01 283.13 11.97 0.20
0.00 3639.42
616.60 2.24 -6.11 -28.95 318.28 261.74 12.16 0.20
0.00 4215.45
568.70 -0.66 -8.55 -34.58 321.55 251.18 9.03 0.00
0.00 4864.08
522.20 -6.06 -12.14 -32.94 323.31 248.50 6.90 -0.10
0.00 5537.89
480.30 -11.56 -16.33 -37.14 323.84 264.69 8.39 -0.10
0.00 6185.22
442.90 -16.06 -20.04 -43.22 325.21 279.90 12.43 0.00
0.00 6800.71
409.10 -20.06 -23.35 -47.41 327.26 288.24 18.01 0.00
0.00 7393.52
378.50 -24.06 -25.91 -35.37 330.71 297.46 22.32 0.00
0.00 7965.03
351.00 -27.26 -28.02 -31.45 334.63 303.23 26.94 0.00
0.00 8511.68
326.20 -29.06 -30.18 -36.46 338.22 291.80 27.19 0.10
0.00 9037.37
303.80 -32.86 -33.84 -41.28 339.11 287.76 26.11 0.10
0.00 9541.83
283.70 -36.96 -37.72 -45.56 339.48 287.01 27.21 0.10
0.00 10019.28
265.60 -40.56 -41.00 -46.15 340.66 286.53 31.41 0.00
1.00 10471.65
248.80 -44.36 -44.55 -47.14 341.37 277.02 38.17 -0.10
100.00 10912.95
233.60 -48.26 -48.32 -49.48 341.49 270.52 42.54 -0.20
100.00 11331.57
219.60 -51.16 -51.28 -54.21 342.81 276.89 46.95 -0.20
100.00 11735.82
205.70 -53.96 -54.16 -62.77 344.57 293.99 42.52 -0.10
1.00 12158.05
191.70 -56.66 -56.85 -68.39 347.16 296.93 40.73 -0.10
0.00 12607.52
177.70 -58.96 -59.13 -73.70 350.94 289.24 43.61 0.00
0.00 13085.54
163.80 -60.16 -60.32 -74.24 357.19 290.68 51.71 0.00
0.00 13594.78
149.80 -61.06 -61.21 -74.84 364.88 305.93 49.65 0.00
0.00 14150.62
135.90 -63.16 -63.28 -75.48 371.46 310.71 34.85 0.00
0.00 14752.20
121.90 -62.36 -9999.00 -9999.00 -9999.00 298.30 25.82 0.00
0.00 15421.73
108.00 -61.06 -9999.00 -9999.00 -9999.00 285.20 18.51 0.00
0.00 16171.05
94.00 -60.46 -9999.00 -9999.00 -9999.00 286.70 16.22 0.00
0.00 17034.19
81.00 -59.66 -9999.00 -9999.00 -9999.00 265.82 7.98 0.00
0.00 17962.61
70.60 -59.86 -9999.00 -9999.00 -9999.00 281.31 8.92 0.00
0.00 18820.96
62.20 -57.96 -9999.00 -9999.00 -9999.00 342.35 4.49 0.00
0.00 19615.35
54.30 -57.66 -9999.00 -9999.00 -9999.00 50.60 7.03 0.00
0.00 20471.53
46.90 -56.56 -9999.00 -9999.00 -9999.00 58.71 11.60 0.00
0.00 21398.01
40.10 -54.76 -9999.00 -9999.00 -9999.00 61.39 14.61 0.00
0.00 22395.22
33.80 -53.86 -9999.00 -9999.00 -9999.00 62.21 16.24 0.00
0.00 23490.06
27.80 -52.06 -9999.00 -9999.00 -9999.00 58.22 21.02 0.00
0.00 24749.63
22.30 -47.56 -9999.00 -9999.00 -9999.00 72.87 29.68 0.00
0.00 26190.81
17.10 -42.76 -9999.00 -9999.00 -9999.00 88.36 27.21 0.00
0.00 27962.70
12.30 -39.56 -9999.00 -9999.00 -9999.00 71.72 22.30 0.00
0.00 30200.09

STID = KMKE STNM = 726400 TIME = 200808/0300 
SLAT = 42.95 SLON = -87.90 SELV = 212.0
STIM = 9

SHOW = 2.53 LIFT = 4.59 SWET = 164.63 KINX = 28.83
LCLP = 926.52 PWAT = 29.93 TOTL = 42.73 CAPE = 0.00
LCLT = 287.75 CINS = 0.00 EQLV = -9999.00 LFCT = -9999.00
BRCH = 0.00

PRES TMPC TMWC DWPC THTE DRCT SKNT OMEG
CFRL HGHT
994.00 20.44 17.39 15.70 326.92 149.53 3.83 0.00
0.00 220.70
991.00 21.34 17.04 14.59 326.08 148.82 8.62 0.00
0.00 246.89
985.50 22.44 15.58 11.18 321.89 149.49 12.63 0.00
0.00 295.23
976.20 23.54 14.35 7.68 319.02 149.30 14.45 0.00
0.00 377.80
962.30 22.84 15.21 10.25 323.66 155.67 15.56 0.10
0.00 502.76
944.50 21.74 15.52 11.74 327.17 169.70 15.21 0.10
0.00 665.07
923.20 20.54 15.24 12.09 329.25 189.32 13.19 0.10
0.00 862.68
900.00 18.64 14.72 12.42 330.87 205.77 12.51 0.20
0.00 1082.07
874.80 16.34 13.82 12.33 331.61 214.42 12.72 0.20
0.00 1325.17
846.60 14.24 12.07 10.70 330.10 218.52 12.16 0.20
0.00 1603.49
815.50 12.44 10.15 8.58 328.76 228.72 10.61 0.20
0.00 1919.08
781.50 11.04 8.45 6.58 328.89 253.86 7.69 0.20
0.00 2275.98
744.60 8.64 6.49 4.82 329.01 270.00 6.99 0.10
0.00 2678.48
704.80 5.64 3.32 1.24 326.73 278.91 10.02 0.10
0.00 3130.98
662.10 3.34 -1.78 -8.69 320.89 277.35 12.14 0.10
0.00 3640.27
616.60 2.34 -5.87 -26.73 318.84 265.24 11.69 0.10
0.00 4216.09
568.70 -0.46 -8.45 -34.86 321.75 248.20 9.42 0.00
0.00 4865.09
522.20 -5.86 -12.09 -34.12 323.37 245.77 8.53 0.00
0.00 5539.39
480.30 -11.26 -16.21 -38.75 324.03 259.11 10.30 0.10
0.00 6187.31
442.90 -15.86 -19.96 -45.40 325.31 273.14 14.20 0.30
0.00 6803.38
409.10 -19.96 -23.10 -42.59 327.74 287.10 18.49 0.30
0.00 7396.55
378.50 -24.06 -25.49 -31.78 331.47 296.15 23.80 0.20
0.00 7968.22
351.00 -27.36 -27.88 -30.08 334.89 303.58 28.44 0.00
9.00 8514.82
326.20 -29.86 -30.66 -35.03 337.41 297.34 25.80 -0.10
2.00 9039.57
303.80 -32.86 -33.71 -39.73 339.34 288.13 23.10 -0.10
0.00 9543.22
283.70 -36.96 -37.56 -43.11 339.75 285.30 21.35 -0.20
0.00 10020.69
265.60 -40.76 -41.04 -44.03 340.61 275.04 26.52 -0.20
0.00 10472.89
248.80 -44.56 -44.73 -47.14 341.07 262.00 36.29 -0.30
100.00 10913.80
233.60 -48.06 -48.21 -51.06 341.67 261.25 40.87 -0.30
100.00 11332.42
219.60 -50.36 -50.59 -56.82 343.92 272.57 43.36 -0.20
39.00 11737.57
205.70 -53.36 -53.61 -64.93 345.47 283.43 40.15 -0.20
0.00 12161.14
191.70 -56.26 -9999.00 -9999.00 -9999.00 287.12 37.61 -0.20
0.00 12611.64
177.70 -58.86 -9999.00 -9999.00 -9999.00 287.93 41.65 -0.10
0.00 13090.20
163.80 -60.16 -60.32 -74.24 357.19 292.57 51.13 0.00
0.00 13599.56
149.80 -60.96 -9999.00 -9999.00 -9999.00 308.73 49.05 0.00
0.00 14155.54
135.90 -62.66 -62.79 -75.48 372.35 307.88 33.22 0.00
0.00 14757.96
121.90 -61.96 -62.13 -76.19 385.37 292.36 26.05 0.00
0.00 15428.93
108.00 -61.16 -9999.00 -9999.00 -9999.00 278.30 18.84 0.00
0.00 16178.78
94.00 -60.96 -9999.00 -9999.00 -9999.00 288.65 16.39 0.00
0.00 17040.70
81.00 -60.06 -9999.00 -9999.00 -9999.00 282.01 9.34 0.00
0.00 17967.16
70.60 -59.46 -9999.00 -9999.00 -9999.00 308.16 10.37 0.00
0.00 18825.51
62.20 -57.06 -9999.00 -9999.00 -9999.00 11.04 8.12 0.00
0.00 19622.31
54.30 -56.36 -9999.00 -9999.00 -9999.00 43.09 8.24 0.00
0.00 20482.87
46.90 -55.16 -9999.00 -9999.00 -9999.00 49.27 9.23 0.00
0.00 21415.13
40.10 -54.46 -9999.00 -9999.00 -9999.00 54.36 12.67 0.00
0.00 22416.25
33.80 -54.76 -9999.00 -9999.00 -9999.00 54.38 16.01 0.00
0.00 23509.59
27.80 -52.86 -9999.00 -9999.00 -9999.00 54.71 21.17 0.00
0.00 24764.29
22.30 -49.06 -9999.00 -9999.00 -9999.00 79.48 27.66 0.00
0.00 26198.05
17.10 -44.96 -9999.00 -9999.00 -9999.00 84.58 26.73 0.00
0.00 27955.57
12.30 -40.46 -9999.00 -9999.00 -9999.00 73.00 31.90 0.00
0.00 30178.00

STID = KMKE STNM = 726400 TIME = 200808/0400 
SLAT = 42.95 SLON = -87.90 SELV = 212.0
STIM = 10

SHOW = 3.04 LIFT = 4.04 SWET = 152.69 KINX = 27.63
LCLP = 936.49 PWAT = 29.71 TOTL = 42.27 CAPE = 0.00
LCLT = 288.25 CINS = 0.00 EQLV = -9999.00 LFCT = -9999.00
BRCH = 0.00

PRES TMPC TMWC DWPC THTE DRCT SKNT OMEG
CFRL HGHT
993.90 20.04 17.46 16.03 327.17 148.57 4.10 0.00
0.00 220.69
990.90 21.04 17.15 14.97 326.51 149.04 10.20 0.00
0.00 246.85
985.50 22.54 15.69 11.32 322.23 150.44 14.96 0.00
0.00 294.31
976.10 23.54 14.78 8.67 320.40 152.57 17.29 0.00
0.00 377.80
962.20 23.04 15.66 11.02 325.15 163.36 17.64 0.00
0.00 502.85
944.40 22.04 16.02 12.49 328.89 180.74 14.96 0.10
0.00 665.36
923.10 20.54 15.65 12.84 330.69 195.48 13.09 0.10
0.00 863.15
899.90 18.54 14.85 12.72 331.36 201.63 12.12 0.10
0.00 1082.57
874.60 16.34 13.64 12.03 331.04 202.93 10.98 0.10
0.00 1326.64
846.50 14.74 11.75 9.82 329.09 214.29 10.35 0.10
0.00 1604.20
815.40 13.44 9.88 7.37 327.93 237.77 10.57 0.00
0.00 1920.53
781.40 11.74 8.15 5.45 327.98 260.13 9.07 -0.10
0.00 2278.41
744.50 8.74 6.27 4.32 328.39 265.36 7.21 -0.10
0.00 2681.42
704.70 5.84 3.06 0.50 326.05 275.19 10.72 0.00
0.00 3134.15
662.10 3.44 -1.59 -8.23 321.34 276.17 14.45 0.10
0.00 3642.53
616.60 2.04 -5.71 -23.58 319.27 270.78 14.18 0.00
0.00 4218.19
568.70 -0.76 -8.64 -35.16 321.36 255.74 11.83 -0.10
0.00 4866.53
522.20 -5.86 -12.19 -35.72 323.16 247.38 10.10 -0.10
0.00 5540.44
480.30 -11.16 -16.18 -39.47 324.08 258.11 11.31 0.00
0.00 6188.47
442.90 -15.66 -19.96 -52.11 325.25 267.74 14.78 0.10
0.00 6804.88
409.10 -19.66 -22.80 -41.01 328.28 280.81 17.60 0.10
0.00 7398.62
378.50 -23.56 -24.10 -25.89 333.97 300.49 24.13 0.10
0.00 7971.30
351.00 -26.96 -27.62 -30.44 335.32 300.12 29.41 0.00
100.00 8518.97
326.20 -30.16 -30.97 -35.54 336.88 292.68 28.21 -0.10
0.00 9043.82
303.80 -33.66 -34.26 -38.37 338.44 285.02 24.73 -0.20
0.00 9546.33
283.70 -37.46 -37.84 -41.13 339.30 278.56 22.20 -0.20
3.00 10022.51
265.60 -41.46 -41.56 -42.55 339.77 268.77 27.19 -0.30
100.00 10473.57
248.80 -44.96 -45.15 -47.99 340.40 263.33 33.45 -0.30
100.00 10913.44
233.60 -47.86 -48.14 -54.49 341.77 263.22 39.51 -0.30
57.00 11331.87
219.60 -50.26 -50.49 -56.82 344.07 272.74 40.64 -0.20
0.00 11737.28
205.70 -53.06 -53.32 -64.93 345.94 280.67 37.76 -0.20
0.00 12161.23
191.70 -55.76 -56.00 -73.19 348.55 283.81 35.80 -0.10
0.00 12612.55
177.70 -58.06 -58.25 -73.70 352.42 285.80 41.38 0.00
0.00 13092.56
163.80 -60.06 -60.22 -74.24 357.36 292.01 50.29 0.00
0.00 13602.99
149.80 -61.56 -61.70 -74.84 364.02 307.69 48.60 0.00
0.00 14158.32
135.90 -62.46 -62.60 -75.48 372.70 306.80 31.78 0.00
0.00 14760.18
121.90 -62.26 -62.42 -76.19 384.82 290.10 25.45 0.00
0.00 15430.99
108.00 -61.26 -9999.00 -9999.00 -9999.00 282.83 20.12 0.00
0.00 16180.13
94.00 -61.26 -9999.00 -9999.00 -9999.00 297.14 17.46 0.00
0.00 17041.24
81.00 -60.26 -9999.00 -9999.00 -9999.00 296.11 11.03 0.00
0.00 17966.60
70.60 -58.96 -9999.00 -9999.00 -9999.00 320.48 10.08 0.00
0.00 18825.56
62.20 -56.56 -9999.00 -9999.00 -9999.00 32.91 7.87 0.00
0.00 19624.21
54.30 -56.36 -9999.00 -9999.00 -9999.00 58.50 7.07 0.00
0.00 20485.76
46.90 -55.56 -9999.00 -9999.00 -9999.00 59.04 9.05 0.00
0.00 21417.17
40.10 -55.36 -9999.00 -9999.00 -9999.00 61.16 15.31 0.00
0.00 22415.31
33.80 -55.06 -9999.00 -9999.00 -9999.00 60.46 20.09 0.00
0.00 23505.65
27.80 -51.86 -9999.00 -9999.00 -9999.00 60.20 24.63 0.00
0.00 24762.35
22.30 -47.96 -9999.00 -9999.00 -9999.00 84.66 27.12 0.00
0.00 26202.89
17.10 -44.86 -9999.00 -9999.00 -9999.00 87.18 27.62 0.00
0.00 27965.06
12.30 -40.96 -9999.00 -9999.00 -9999.00 84.61 31.02 0.00
0.00 30185.57

STID = KMKE STNM = 726400 TIME = 200808/0500 
SLAT = 42.95 SLON = -87.90 SELV = 212.0
STIM = 11

SHOW = 3.46 LIFT = 3.34 SWET = 146.95 KINX = 26.34
LCLP = 942.73 PWAT = 29.05 TOTL = 41.83 CAPE = 0.00
LCLT = 288.53 CINS = 0.00 EQLV = -9999.00 LFCT = -9999.00
BRCH = 0.00

PRES TMPC TMWC DWPC THTE DRCT SKNT OMEG
CFRL HGHT
993.60 19.74 17.46 16.20 327.23 158.20 4.18 0.00
0.00 221.55
990.70 20.74 17.32 15.42 327.11 155.10 11.99 -0.10
0.00 246.83
985.20 22.04 16.54 13.29 325.13 156.97 16.88 -0.10
0.00 295.13
975.90 23.44 15.78 10.91 323.73 163.58 19.23 0.00
0.00 377.73
962.00 23.14 16.65 12.88 328.57 181.97 16.92 0.00
0.00 502.89
944.10 22.04 16.46 13.29 330.46 193.69 15.60 0.00
0.00 666.47
922.80 20.34 15.66 12.98 330.78 196.48 14.37 0.00
0.00 864.29
899.60 18.34 14.70 12.58 330.90 193.39 12.59 0.00
0.00 1083.64
874.40 16.34 13.39 11.59 330.22 191.11 11.09 0.00
0.00 1326.69
846.30 15.04 11.52 9.19 328.36 206.08 10.16 0.00
0.00 1604.41
815.20 13.84 9.40 6.12 326.49 237.45 10.84 -0.10
0.00 1921.11
781.30 12.04 7.58 4.04 326.31 261.67 8.04 -0.10
0.00 2278.29
744.40 8.84 5.92 3.55 327.42 261.12 6.29 -0.10
0.00 2681.51
704.60 6.14 2.89 -0.18 325.60 274.01 11.09 0.10
0.00 3134.54
662.00 3.54 -1.68 -8.69 321.14 279.57 16.36 0.10
0.00 3643.30
616.50 1.54 -5.83 -22.21 319.11 277.68 17.44 0.00
0.00 4218.64
568.60 -1.16 -8.88 -35.16 320.90 267.74 14.78 -0.10
0.00 4866.05
522.10 -5.86 -12.28 -37.59 322.96 245.16 11.56 -0.20
0.00 5539.57
480.30 -11.06 -16.23 -42.46 323.94 249.15 13.09 -0.20
0.00 6186.21
442.80 -15.56 -19.95 -56.76 325.27 258.31 17.25 -0.10
0.00 6804.55
409.10 -19.56 -22.09 -32.72 329.65 272.95 18.86 -0.10
0.00 7396.89
378.50 -23.56 -24.39 -27.32 333.44 296.15 23.80 -0.10
93.00 7969.71
351.00 -26.96 -28.31 -35.54 334.10 300.37 28.83 -0.10
0.00 8517.31
326.20 -30.56 -31.90 -42.12 335.28 292.11 26.85 -0.10
0.00 9041.63
303.80 -34.46 -35.39 -43.80 336.54 282.39 26.24 -0.10
0.00 9542.82
283.70 -38.36 -38.91 -44.79 337.55 273.63 27.64 -0.10
100.00 10017.25
265.60 -41.76 -42.21 -48.35 338.71 270.37 29.91 -0.10
0.00 10467.11
248.80 -45.06 -45.36 -50.52 340.05 264.09 33.97 -0.20
0.00 10906.57
233.60 -47.96 -48.16 -52.28 341.74 267.93 37.70 -0.10
11.00 11324.81
219.60 -49.96 -50.26 -59.12 344.45 275.01 37.82 -0.10
4.00 11730.40
205.70 -52.16 -52.51 -72.71 347.26 278.38 37.32 -0.10
0.00 12155.50
191.70 -54.86 -55.13 -73.19 349.99 281.03 38.60 -0.10
0.00 12608.67
177.70 -57.46 -57.67 -73.70 353.40 283.84 42.21 -0.10
0.00 13090.35
163.80 -59.86 -60.02 -74.24 357.70 290.67 47.34 -0.10
0.00 13601.73
149.80 -62.16 -62.29 -74.84 362.99 304.22 46.99 0.00
0.00 14156.54
135.90 -63.06 -9999.00 -9999.00 -9999.00 305.50 32.44 0.00
0.00 14756.68
121.90 -62.56 -62.71 -76.19 384.28 289.54 25.56 0.00
0.00 15426.06
108.00 -61.76 -9999.00 -9999.00 -9999.00 290.50 22.18 0.00
0.00 16173.78
94.00 -61.46 -9999.00 -9999.00 -9999.00 301.08 16.55 0.00
0.00 17033.47
81.00 -60.06 -9999.00 -9999.00 -9999.00 292.54 11.15 0.00
0.00 17958.83
70.60 -58.86 -9999.00 -9999.00 -9999.00 317.82 8.39 0.00
0.00 18818.39
62.20 -57.46 -9999.00 -9999.00 -9999.00 61.82 6.18 0.00
0.00 19615.56
54.30 -57.56 -9999.00 -9999.00 -9999.00 75.62 7.83 0.00
0.00 20472.94
46.90 -56.86 -9999.00 -9999.00 -9999.00 69.78 11.79 0.00
0.00 21398.99
40.10 -55.96 -9999.00 -9999.00 -9999.00 69.30 18.69 0.00
0.00 22392.77
33.80 -53.96 -9999.00 -9999.00 -9999.00 66.18 23.56 0.00
0.00 23484.36
27.80 -49.56 -9999.00 -9999.00 -9999.00 70.08 28.52 0.00
0.00 24750.79
22.30 -46.76 -9999.00 -9999.00 -9999.00 90.00 24.28 0.00
0.00 26202.61
17.10 -43.36 -9999.00 -9999.00 -9999.00 94.29 23.37 0.00
0.00 27975.28
12.30 -40.56 -9999.00 -9999.00 -9999.00 87.31 28.98 0.00
0.00 30204.95

STID = KMKE STNM = 726400 TIME = 200808/0600 
SLAT = 42.95 SLON = -87.90 SELV = 212.0
STIM = 12

SHOW = 3.75 LIFT = 3.11 SWET = 149.92 KINX = 26.49
LCLP = 946.75 PWAT = 28.60 TOTL = 41.51 CAPE = 0.00
LCLT = 288.65 CINS = 0.00 EQLV = -9999.00 LFCT = -9999.00
BRCH = 0.00

PRES TMPC TMWC DWPC THTE DRCT SKNT OMEG
CFRL HGHT
994.00 19.54 17.43 16.26 327.07 168.23 4.76 0.00
0.00 221.54
991.00 20.54 17.43 15.72 327.47 166.94 13.75 0.00
0.00 247.66
985.60 21.94 17.25 14.62 327.52 168.44 17.44 0.00
0.00 295.06
976.20 23.44 17.17 13.60 328.45 183.50 19.08 0.10
0.00 378.57
962.30 23.04 16.95 13.50 329.60 192.65 19.50 0.10
0.00 503.75
944.40 21.84 16.26 13.06 329.74 192.99 18.14 0.10
0.00 667.20
923.20 20.14 15.36 12.57 329.70 190.75 15.62 0.10
0.00 863.86
899.90 18.24 14.36 12.04 329.69 188.25 13.54 0.20
0.00 1083.92
874.70 16.44 13.10 11.02 329.22 189.75 12.61 0.10
0.00 1326.84
846.50 14.94 11.31 8.88 327.69 206.16 12.33 0.00
0.00 1605.41
815.50 13.94 9.09 5.41 325.52 233.97 10.57 -0.10
0.00 1920.95
781.50 12.14 7.25 3.24 325.32 258.69 6.93 -0.20
0.00 2279.12
744.70 9.04 5.71 2.94 326.77 254.29 6.45 -0.10
0.00 2681.25
704.90 6.04 3.08 0.33 326.04 272.08 10.68 0.00
0.00 3134.16
662.20 3.54 -1.57 -8.35 321.36 280.89 15.42 0.00
0.00 3643.88
616.60 1.44 -5.96 -22.77 318.81 280.70 17.79 0.00
0.00 4220.25
568.70 -1.46 -9.06 -35.16 320.53 271.32 16.90 0.00
0.00 4867.07
522.20 -5.96 -12.43 -39.44 322.63 250.35 14.43 -0.10
0.00 5539.95
480.40 -11.06 -16.28 -44.06 323.81 244.94 16.51 -0.10
0.00 6186.33
442.90 -15.46 -19.87 -56.76 325.38 256.10 19.41 -0.10
0.00 6804.65
409.10 -19.96 -21.75 -27.98 330.33 276.16 19.93 0.00
0.00 7398.39
378.50 -23.56 -25.19 -32.38 331.99 295.46 22.59 0.00
43.00 7970.75
351.00 -27.16 -29.23 -46.92 332.43 299.85 25.76 0.10
0.00 8517.99
326.20 -30.96 -32.55 -48.75 334.14 292.93 27.43 0.10
0.00 9041.58
303.80 -34.86 -35.84 -45.76 335.79 283.22 26.34 0.00
0.00 9541.91
283.70 -38.46 -39.07 -45.96 337.28 272.78 28.01 0.00
36.00 10015.83
265.60 -41.86 -42.30 -48.35 338.56 266.78 31.14 -0.10
30.00 10465.49
248.80 -45.16 -45.48 -51.11 339.86 268.40 34.79 -0.10
8.00 10904.76
233.60 -47.96 -48.24 -54.49 341.62 270.30 36.71 0.00
36.00 11322.90
219.60 -49.76 -50.14 -64.44 344.63 274.00 38.95 0.00
0.00 11728.67
205.70 -52.26 -52.60 -72.71 347.10 277.47 40.37 -0.10
0.00 12153.86
191.70 -54.96 -55.22 -73.19 349.83 280.28 40.27 0.00
0.00 12606.83
177.70 -57.36 -57.57 -73.70 353.56 284.37 40.71 0.00
0.00 13088.50
163.80 -59.86 -60.02 -74.24 357.70 291.55 41.76 0.00
0.00 13600.01
149.80 -62.16 -62.29 -74.84 362.99 304.97 41.01 0.00
0.00 14154.81
135.90 -63.06 -63.18 -75.48 371.64 303.90 29.95 0.10
0.00 14754.96
121.90 -62.26 -62.42 -76.19 384.82 288.57 26.22 0.00
0.00 15424.81
108.00 -61.96 -9999.00 -9999.00 -9999.00 287.50 22.61 0.00
0.00 16172.72
94.00 -61.76 -9999.00 -9999.00 -9999.00 295.67 16.59 0.00
0.00 17031.39
81.00 -60.36 -9999.00 -9999.00 -9999.00 289.44 10.51 0.00
0.00 17955.44
70.60 -58.86 -9999.00 -9999.00 -9999.00 327.99 5.50 0.00
0.00 18814.40
62.20 -57.96 -9999.00 -9999.00 -9999.00 90.00 5.63 0.00
0.00 19610.65
54.30 -57.46 -9999.00 -9999.00 -9999.00 75.96 7.21 0.00
0.00 20467.23
46.90 -56.26 -9999.00 -9999.00 -9999.00 71.57 12.28 0.00
0.00 21394.78
40.10 -55.46 -9999.00 -9999.00 -9999.00 77.05 17.35 0.00
0.00 22391.07
33.80 -53.06 -9999.00 -9999.00 -9999.00 70.02 20.45 0.00
0.00 23486.17
27.80 -49.46 -9999.00 -9999.00 -9999.00 84.54 26.53 0.00
0.00 24755.45
22.30 -48.46 -9999.00 -9999.00 -9999.00 90.57 19.42 0.00
0.00 26202.12
17.10 -44.36 -9999.00 -9999.00 -9999.00 88.83 19.04 0.00
0.00 27964.30
12.30 -41.16 -9999.00 -9999.00 -9999.00 84.81 25.74 0.00
0.00 30186.25

STID = KMKE STNM = 726400 TIME = 200808/0700 
SLAT = 42.95 SLON = -87.90 SELV = 212.0
STIM = 13

SHOW = 4.33 LIFT = 3.75 SWET = 148.84 KINX = 26.22
LCLP = 951.66 PWAT = 28.26 TOTL = 40.72 CAPE = 0.00
LCLT = 288.78 CINS = 0.00 EQLV = -9999.00 LFCT = -9999.00
BRCH = 0.00

PRES TMPC TMWC DWPC THTE DRCT SKNT OMEG
CFRL HGHT
994.00 19.24 17.36 16.31 326.84 177.71 4.86 0.00
0.00 220.67
991.00 20.34 17.40 15.78 327.37 176.78 13.81 0.00
0.00 246.77
985.50 22.04 17.37 14.77 327.95 178.70 17.09 0.10
0.00 295.04
976.10 23.54 17.22 13.64 328.65 189.64 20.88 0.10
0.00 378.59
962.20 23.04 16.58 12.82 328.32 190.35 20.53 0.20
0.00 503.79
944.40 21.74 15.86 12.38 328.34 189.26 18.10 0.20
0.00 666.26
923.10 20.14 14.96 11.83 328.32 188.90 16.32 0.20
0.00 863.77
899.90 18.44 13.93 11.14 328.25 187.31 15.27 0.10
0.00 1082.90
874.70 16.64 12.70 10.17 327.91 189.96 14.59 0.10
0.00 1325.91
846.50 15.04 11.05 8.32 326.88 207.30 13.56 0.00
0.00 1604.56
815.50 14.04 8.90 4.91 324.94 233.34 10.41 0.00
0.00 1920.15
781.60 12.24 7.15 2.92 325.01 249.44 6.64 0.00
0.00 2277.33
744.70 9.24 5.62 2.56 326.49 248.50 6.90 0.10
0.00 2680.70
704.90 6.04 3.22 0.65 326.44 268.99 11.07 0.20
0.00 3133.77
662.20 3.54 -1.36 -7.66 321.88 279.23 15.73 0.30
0.00 3643.53
616.60 1.24 -5.90 -21.48 318.97 276.75 18.18 0.20
0.00 4219.75
568.70 -1.66 -8.96 -31.40 320.83 266.27 17.91 0.10
0.00 4866.14
522.20 -5.86 -12.28 -37.59 322.94 255.07 18.08 -0.10
0.00 5538.94
480.40 -10.86 -15.96 -39.10 324.47 256.37 19.79 -0.20
0.00 6185.71
442.90 -15.56 -18.46 -27.96 328.29 266.15 20.24 -0.20
0.00 6804.33
409.10 -20.06 -22.04 -29.44 329.78 274.04 19.27 0.00
0.00 7397.97
378.50 -23.16 -25.70 -42.12 330.98 288.08 20.03 0.10
0.00 7970.58
351.00 -26.76 -28.75 -43.21 333.28 291.80 27.19 0.20
0.00 8518.65
326.20 -31.26 -32.40 -40.89 334.46 287.02 29.86 0.10
0.00 9042.39
303.80 -35.46 -36.25 -43.80 335.13 281.53 29.14 0.00
0.00 9541.82
283.70 -39.26 -39.90 -48.27 335.94 274.60 29.04 -0.10
0.00 10014.33
265.60 -42.46 -43.01 -52.61 337.40 269.27 30.30 -0.10
0.00 10462.63
248.80 -45.06 -45.61 -59.58 339.63 268.35 33.82 -0.10
0.00 10901.39
233.60 -47.36 -47.87 -66.97 342.19 270.86 38.66 -0.10
0.00 11320.16
219.60 -49.86 -50.26 -67.41 344.43 273.58 40.48 -0.10
0.00 11726.37
205.70 -52.46 -52.77 -67.88 346.83 276.13 40.05 -0.10
0.00 12151.27
191.70 -54.76 -55.03 -73.19 350.16 280.65 39.92 -0.10
0.00 12604.24
177.70 -56.66 -56.89 -73.70 354.71 283.21 39.10 -0.10
0.00 13086.91
163.80 -59.06 -59.24 -74.24 359.04 289.62 38.77 -0.10
0.00 13600.21
149.80 -61.26 -61.41 -74.84 364.54 302.52 36.85 0.00
0.00 14157.23
135.90 -62.96 -63.09 -75.48 371.81 296.91 29.20 0.00
0.00 14758.81
121.90 -62.76 -62.91 -76.19 383.91 283.65 27.99 0.00
0.00 15428.02
108.00 -62.56 -62.73 -76.97 397.80 286.89 22.73 0.00
0.00 16173.98
94.00 -62.16 -9999.00 -9999.00 -9999.00 295.87 14.24 0.00
0.00 17030.62
81.00 -60.06 -9999.00 -9999.00 -9999.00 292.75 6.53 0.00
0.00 17954.46
70.60 -58.26 -9999.00 -9999.00 -9999.00 37.87 2.21 0.00
0.00 18815.23
62.20 -58.16 -9999.00 -9999.00 -9999.00 120.38 6.53 0.00
0.00 19612.21
54.30 -57.16 -9999.00 -9999.00 -9999.00 79.38 6.33 0.00
0.00 20468.99
46.90 -55.96 -9999.00 -9999.00 -9999.00 71.24 10.88 0.00
0.00 21397.83
40.10 -55.26 -9999.00 -9999.00 -9999.00 82.30 14.51 0.00
0.00 22395.28
33.80 -53.06 -9999.00 -9999.00 -9999.00 77.41 18.71 0.00
0.00 23490.87
27.80 -50.86 -9999.00 -9999.00 -9999.00 94.89 22.80 0.00
0.00 24756.15
22.30 -48.96 -9999.00 -9999.00 -9999.00 81.50 17.09 0.00
0.00 26196.69
17.10 -45.66 -9999.00 -9999.00 -9999.00 79.22 20.77 0.00
0.00 27951.87
12.30 -42.56 -9999.00 -9999.00 -9999.00 67.17 24.03 0.00
0.00 30160.81

STID = KMKE STNM = 726400 TIME = 200808/0800 
SLAT = 42.95 SLON = -87.90 SELV = 212.0
STIM = 14

SHOW = 4.39 LIFT = 4.10 SWET = 147.09 KINX = 26.22
LCLP = 952.95 PWAT = 29.75 TOTL = 40.77 CAPE = 0.00
LCLT = 288.62 CINS = 0.00 EQLV = -9999.00 LFCT = -9999.00
BRCH = 0.00

PRES TMPC TMWC DWPC THTE DRCT SKNT OMEG
CFRL HGHT
993.60 18.94 17.14 16.13 326.16 191.77 4.76 0.00
0.00 221.53
990.60 20.14 17.19 15.55 326.71 188.49 13.15 0.10
0.00 247.61
985.20 21.64 17.18 14.68 327.35 190.19 17.56 0.10
0.00 294.97
975.80 23.14 16.74 12.99 327.01 193.55 22.38 0.10
0.00 378.42
961.90 22.74 16.28 12.45 327.34 193.91 21.81 0.10
0.00 503.49
944.10 21.64 15.58 11.93 327.45 194.74 19.08 0.10
0.00 665.88
922.80 20.04 14.61 11.26 327.22 194.85 16.69 0.00
0.00 863.35
899.60 18.34 13.53 10.46 326.97 190.75 15.62 0.00
0.00 1082.42
874.40 16.54 12.34 9.57 326.80 188.13 15.11 -0.10
0.00 1325.37
846.30 14.94 10.92 8.13 326.48 204.30 13.21 -0.10
0.00 1602.98
815.30 13.94 8.91 5.03 325.02 231.71 9.40 -0.10
0.00 1918.53
781.40 12.14 7.14 2.99 325.01 241.26 6.88 -0.10
0.00 2275.69
744.60 9.34 5.61 2.45 326.48 242.82 8.08 0.00
0.00 2678.04
704.80 6.24 3.44 0.93 327.04 263.45 11.93 0.10
0.00 3131.42
662.10 3.74 -1.05 -7.04 322.63 275.44 16.39 0.20
0.00 3641.68
616.60 1.34 -4.98 -16.32 321.12 276.65 20.14 0.10
0.00 4217.12
568.70 -2.16 -7.71 -18.72 323.79 272.20 20.22 0.00
0.00 4863.36
522.20 -6.26 -10.80 -20.82 326.30 271.64 20.40 -0.20
0.00 5535.49
480.30 -10.86 -14.08 -21.78 328.43 274.90 20.47 -0.20
0.00 6183.82
442.80 -15.66 -17.92 -24.25 329.39 267.80 20.22 -0.20
0.00 6802.73
409.00 -19.66 -22.31 -34.19 329.25 267.84 20.61 -0.10
0.00 7396.87
378.50 -22.96 -25.61 -43.31 331.13 280.21 21.91 0.00
0.00 7968.30
351.00 -26.96 -28.87 -42.46 333.09 289.44 28.01 0.10
0.00 8516.37
326.20 -31.86 -32.47 -36.27 334.37 288.43 31.93 0.10
0.00 9039.28
303.80 -36.16 -36.57 -39.97 334.64 280.34 29.22 0.10
2.00 9537.41
283.70 -39.86 -40.35 -46.38 335.23 271.87 29.74 0.00
0.00 10008.64
265.60 -42.76 -43.41 -57.61 336.75 268.33 33.24 0.00
0.00 10456.07
248.80 -45.16 -45.80 -71.42 339.31 268.51 37.32 0.00
0.00 10894.44
233.60 -47.46 -47.94 -63.98 342.08 268.59 39.45 0.00
0.00 11313.02
219.60 -49.56 -49.98 -67.41 344.89 268.70 42.75 0.00
0.00 11719.41
205.70 -52.16 -52.48 -67.88 347.31 271.27 43.73 0.00
0.00 12144.89
191.70 -54.36 -54.65 -73.19 350.80 278.56 40.46 -0.10
0.00 12598.58
177.70 -56.26 -56.50 -73.70 355.37 282.46 37.80 -0.10
0.00 13082.14
163.80 -58.56 -58.75 -74.24 359.88 289.54 38.34 0.00
0.00 13596.51
149.80 -61.26 -61.41 -74.84 364.54 303.69 34.32 0.00
0.00 14154.19
135.90 -62.86 -62.99 -75.48 371.99 296.03 27.89 0.10
0.00 14755.91
121.90 -62.86 -63.01 -76.19 383.73 282.94 29.51 0.00
0.00 15425.12
108.00 -62.66 -9999.00 -9999.00 -9999.00 288.43 23.95 0.00
0.00 16170.72
94.00 -62.16 -9999.00 -9999.00 -9999.00 294.78 13.91 -0.10
0.00 17027.16
81.00 -60.46 -9999.00 -9999.00 -9999.00 285.12 7.44 -0.10
0.00 17950.13
70.60 -59.16 -9999.00 -9999.00 -9999.00 336.80 1.48 0.00
0.00 18808.28
62.20 -58.96 -9999.00 -9999.00 -9999.00 93.81 2.91 0.00
0.00 19602.11
54.30 -56.96 -9999.00 -9999.00 -9999.00 50.53 8.55 0.00
0.00 20457.70
46.90 -55.96 -9999.00 -9999.00 -9999.00 64.20 12.94 0.00
0.00 21386.97
40.10 -55.16 -9999.00 -9999.00 -9999.00 74.29 12.92 0.00
0.00 22384.64
33.80 -52.46 -9999.00 -9999.00 -9999.00 77.40 16.92 0.00
0.00 23481.98
27.80 -50.16 -9999.00 -9999.00 -9999.00 93.99 16.74 0.00
0.00 24750.99
22.30 -47.36 -9999.00 -9999.00 -9999.00 74.86 17.11 0.00
0.00 26198.95
17.10 -45.36 -9999.00 -9999.00 -9999.00 77.24 21.11 0.00
0.00 27961.51
12.30 -42.66 -9999.00 -9999.00 -9999.00 61.25 25.04 0.00
0.00 30171.41

STID = KMKE STNM = 726400 TIME = 200808/0900 
SLAT = 42.95 SLON = -87.90 SELV = 212.0
STIM = 15

SHOW = 4.09 LIFT = 4.04 SWET = 139.22 KINX = 26.72
LCLP = 949.56 PWAT = 31.72 TOTL = 41.62 CAPE = 0.00
LCLT = 288.04 CINS = 0.00 EQLV = -9999.00 LFCT = -9999.00
BRCH = 0.00

PRES TMPC TMWC DWPC THTE DRCT SKNT OMEG
CFRL HGHT
993.50 18.64 16.71 15.60 324.71 198.43 4.91 0.10
0.00 220.65
990.50 19.84 16.72 14.93 325.11 197.22 14.43 0.10
0.00 246.71
985.00 21.24 16.68 14.04 325.66 197.68 18.55 0.20
0.00 294.88
975.60 22.94 16.27 12.24 325.46 201.20 24.16 0.20
0.00 378.24
961.80 22.54 15.89 11.83 326.02 200.67 23.66 0.20
0.00 502.31
944.00 21.34 15.36 11.70 326.71 197.55 19.97 0.20
0.00 664.55
922.70 19.94 14.49 11.09 326.82 196.76 16.84 0.10
0.00 861.90
899.50 18.34 13.34 10.10 326.36 191.74 15.27 0.10
0.00 1080.93
874.40 16.64 12.08 9.01 325.99 191.16 15.05 0.10
0.00 1322.94
846.30 15.24 10.79 7.65 326.06 210.51 12.63 0.00
0.00 1600.69
815.30 14.24 9.04 5.03 325.36 231.71 9.40 0.00
0.00 1916.55
781.40 12.44 7.28 3.03 325.41 235.62 8.94 0.00
0.00 2274.08
744.60 9.64 5.69 2.35 326.70 241.76 11.91 0.10
0.00 2676.85
704.80 6.54 3.74 1.26 327.82 258.26 15.27 0.10
0.00 3130.73
662.20 3.84 -0.43 -5.39 324.15 267.69 19.25 0.20
0.00 3640.21
616.60 0.74 -2.58 -6.59 326.90 277.77 21.56 0.20
0.00 4216.79
568.60 -2.66 -4.69 -7.18 330.87 286.24 20.84 0.10
0.00 4864.01
522.00 -6.96 -9.44 -13.51 329.38 288.77 21.13 0.00
0.00 5536.99
480.20 -11.26 -15.02 -25.67 326.56 279.87 18.14 0.00
0.00 6182.78
442.70 -15.26 -18.96 -34.41 327.30 267.37 21.19 0.00
0.00 6801.61
409.00 -19.16 -22.48 -42.17 328.83 270.47 23.50 -0.10
0.00 7394.91
378.40 -22.96 -25.65 -44.20 331.08 276.23 23.25 0.00
0.00 7968.80
350.90 -27.06 -28.84 -40.79 333.17 286.34 26.92 0.10
0.00 8516.92
326.10 -32.16 -32.68 -35.90 334.06 285.00 30.77 0.10
0.00 9039.57
303.80 -36.76 -37.06 -39.49 333.87 280.18 30.79 0.10
100.00 9534.62
283.70 -40.46 -40.90 -46.38 334.37 273.18 31.51 0.10
6.00 10004.66
265.60 -43.26 -43.87 -57.61 336.02 269.36 34.77 0.10
0.00 10451.02
248.80 -45.36 -45.96 -66.51 339.05 266.28 38.93 0.10
0.00 10888.73
233.50 -47.56 -48.03 -63.98 341.97 265.58 42.87 0.10
0.00 11309.87
219.60 -49.86 -50.24 -64.44 344.47 265.28 44.83 0.10
0.00 11713.09
205.70 -52.26 -52.58 -67.88 347.15 266.78 44.95 0.10
0.00 12138.18
191.70 -53.96 -54.26 -73.19 351.44 274.70 42.68 0.00
0.00 12592.19
177.70 -55.36 -55.63 -73.70 356.84 281.71 38.29 0.00
0.00 13077.19
163.80 -58.06 -58.27 -74.24 360.72 287.56 36.05 -0.10
0.00 13593.22
149.80 -61.36 -61.50 -74.84 364.36 298.89 32.17 0.00
0.00 14151.43
135.90 -62.56 -62.69 -75.48 372.52 290.82 25.14 0.00
0.00 14753.43
121.90 -63.46 -63.59 -76.19 382.63 280.48 28.85 0.00
0.00 15422.17
108.00 -63.06 -9999.00 -9999.00 -9999.00 294.52 24.34 0.00
0.00 16166.00
94.00 -62.16 -9999.00 -9999.00 -9999.00 301.24 13.85 0.00
0.00 17021.62
81.00 -60.96 -9999.00 -9999.00 -9999.00 291.80 8.37 0.00
0.00 17943.50
70.60 -59.86 -9999.00 -9999.00 -9999.00 304.99 2.37 0.00
0.00 18799.24
62.20 -60.16 -9999.00 -9999.00 -9999.00 94.76 2.33 0.00
0.00 19589.55
54.30 -58.36 -9999.00 -9999.00 -9999.00 58.11 10.30 0.00
0.00 20439.97
46.90 -57.26 -9999.00 -9999.00 -9999.00 67.43 16.20 0.00
0.00 21363.45
40.10 -55.86 -9999.00 -9999.00 -9999.00 65.22 16.69 0.00
0.00 22356.53
33.80 -52.66 -9999.00 -9999.00 -9999.00 76.37 19.79 0.00
0.00 23451.63
27.80 -50.06 -9999.00 -9999.00 -9999.00 90.00 17.29 0.00
0.00 24720.35
22.30 -47.76 -9999.00 -9999.00 -9999.00 78.27 21.04 0.00
0.00 26167.34
17.10 -45.36 -9999.00 -9999.00 -9999.00 74.50 23.99 0.00
0.00 27928.35
12.30 -42.06 -9999.00 -9999.00 -9999.00 69.83 30.42 0.00
0.00 30141.14

STID = KMKE STNM = 726400 TIME = 200808/1000 
SLAT = 42.95 SLON = -87.90 SELV = 212.0
STIM = 16

SHOW = 3.77 LIFT = 3.92 SWET = 134.99 KINX = 26.47
LCLP = 941.89 PWAT = 31.97 TOTL = 42.36 CAPE = 0.00
LCLT = 287.24 CINS = 0.00 EQLV = -9999.00 LFCT = -9999.00
BRCH = 0.00

PRES TMPC TMWC DWPC THTE DRCT SKNT OMEG
CFRL HGHT
993.90 18.54 16.27 14.93 323.20 204.78 5.56 0.10
0.00 221.51
991.00 19.74 16.34 14.34 323.78 202.46 15.77 0.20
0.00 246.67
985.50 21.04 16.37 13.62 324.58 203.50 19.48 0.20
0.00 294.78
976.10 22.84 16.26 12.27 325.33 205.97 25.27 0.30
0.00 378.05
962.30 22.34 15.81 11.82 325.71 203.50 24.36 0.20
0.00 501.99
944.40 21.34 15.25 11.49 326.29 197.10 21.13 0.20
0.00 665.01
923.20 19.94 14.42 10.95 326.51 192.40 18.10 0.00
0.00 861.32
900.00 18.34 13.19 9.81 325.81 188.60 16.90 -0.10
0.00 1080.22
874.80 16.84 11.97 8.64 325.56 193.20 16.16 -0.10
0.00 1323.12
846.70 15.54 10.80 7.45 326.04 211.83 13.27 -0.20
0.00 1600.95
815.70 14.24 9.28 5.54 326.03 222.71 10.31 -0.20
0.00 1916.83
781.80 12.54 7.40 3.20 325.69 225.76 10.30 -0.20
0.00 2274.28
744.90 10.04 5.70 1.99 326.66 240.36 12.96 -0.20
0.00 2678.31
705.10 7.14 3.92 1.08 328.26 258.44 17.44 -0.10
0.00 3132.78
662.40 4.14 0.08 -4.43 325.37 270.54 20.78 -0.10
0.00 3644.12
616.80 0.64 -1.10 -2.90 330.54 285.72 20.78 0.00
0.00 4220.99
568.70 -2.66 -5.01 -7.99 330.09 302.06 20.86 0.00
0.00 4869.47
522.20 -7.46 -10.20 -15.06 327.72 298.76 18.16 0.10
0.00 5540.09
480.30 -11.46 -15.05 -25.01 326.49 286.43 15.79 0.10
0.00 6186.32
442.80 -14.96 -18.83 -35.54 327.48 278.37 20.03 0.00
0.00 6805.14
409.10 -18.76 -22.15 -41.38 329.40 274.25 23.56 -0.10
0.00 7399.11
378.50 -22.96 -25.55 -42.12 331.24 274.99 24.57 -0.20
0.00 7973.32
351.00 -27.26 -29.01 -40.79 332.87 281.58 24.18 -0.10
0.00 8521.07
326.20 -32.26 -32.92 -37.25 333.64 288.43 26.42 0.00
0.00 9043.24
303.80 -37.06 -37.43 -40.74 333.25 287.40 27.27 0.10
100.00 9540.00
283.70 -40.76 -41.24 -47.76 333.82 276.12 27.35 0.10
6.00 10009.42
265.60 -43.26 -43.89 -59.06 335.98 266.55 32.30 0.10
0.00 10455.49
248.80 -45.46 -46.03 -63.51 338.95 264.26 38.85 0.10
0.00 10893.10
233.60 -47.56 -48.03 -63.98 341.93 263.44 44.19 0.20
0.00 11311.31
219.60 -49.76 -50.17 -67.41 344.58 263.45 45.94 0.20
0.00 11717.43
205.70 -51.86 -52.20 -67.88 347.78 268.26 44.89 0.10
0.00 12143.00
191.70 -53.16 -53.49 -73.19 352.72 277.02 41.30 0.10
0.00 12598.24
177.80 -54.56 -54.86 -73.70 358.09 285.01 35.99 0.00
0.00 13081.41
163.80 -57.46 -57.69 -74.24 361.72 290.31 31.90 0.00
0.00 13602.69
149.80 -60.76 -60.92 -74.84 365.40 293.81 28.87 0.00
0.00 14162.46
135.90 -61.86 -62.01 -75.48 373.76 279.54 23.45 0.00
0.00 14766.32
121.90 -63.46 -63.59 -76.19 382.63 267.68 28.77 0.00
0.00 15436.17
108.00 -63.16 -63.32 -76.97 396.67 298.50 23.21 0.00
0.00 16179.83
94.00 -62.36 -9999.00 -9999.00 -9999.00 303.91 14.28 0.00
0.00 17034.84
81.00 -61.46 -9999.00 -9999.00 -9999.00 285.95 8.49 0.00
0.00 17955.19
70.60 -60.06 -9999.00 -9999.00 -9999.00 285.95 2.84 0.00
0.00 18809.52
62.20 -59.76 -9999.00 -9999.00 -9999.00 93.01 3.69 0.00
0.00 19600.21
54.30 -57.66 -9999.00 -9999.00 -9999.00 71.85 12.47 0.00
0.00 20452.81
46.90 -56.96 -9999.00 -9999.00 -9999.00 77.25 16.72 0.00
0.00 21378.43
40.10 -55.56 -9999.00 -9999.00 -9999.00 68.08 17.17 0.00
0.00 22372.90
33.80 -52.86 -9999.00 -9999.00 -9999.00 84.23 19.33 0.00
0.00 23468.24
27.80 -50.86 -9999.00 -9999.00 -9999.00 89.35 17.09 0.00
0.00 24734.10
22.30 -48.16 -9999.00 -9999.00 -9999.00 79.93 21.11 0.00
0.00 26177.21
17.10 -44.86 -9999.00 -9999.00 -9999.00 73.16 22.13 0.00
0.00 27938.62
12.30 -41.76 -9999.00 -9999.00 -9999.00 74.71 27.99 0.00
0.00 30155.27

STID = KMKE STNM = 726400 TIME = 200808/1100 
SLAT = 42.95 SLON = -87.90 SELV = 212.0
STIM = 17

SHOW = 3.84 LIFT = 4.43 SWET = 290.27 KINX = 26.84
LCLP = 939.49 PWAT = 32.55 TOTL = 42.05 CAPE = 0.00
LCLT = 286.91 CINS = 0.00 EQLV = -9999.00 LFCT = -9999.00
BRCH = 0.00

PRES TMPC TMWC DWPC THTE DRCT SKNT OMEG
CFRL HGHT
994.20 18.44 16.06 14.64 322.48 205.64 5.38 0.10
0.00 221.50
991.20 19.54 16.17 14.18 323.22 206.24 15.38 0.20
0.00 247.51
985.80 20.84 16.28 13.58 324.24 206.82 19.37 0.30
0.00 294.70
976.30 22.74 16.20 12.22 325.11 206.96 25.27 0.30
0.00 378.78
962.50 22.34 15.74 11.67 325.43 203.50 24.36 0.30
0.00 502.68
944.70 21.34 15.14 11.29 325.90 196.84 22.13 0.30
0.00 664.73
923.40 19.94 14.24 10.61 325.90 194.04 20.03 0.20
0.00 861.89
900.20 18.44 13.05 9.48 325.35 195.15 19.33 0.10
0.00 1080.76
875.00 16.94 11.96 8.55 325.51 201.35 18.14 0.00
0.00 1323.67
846.90 15.54 10.97 7.79 326.55 212.87 15.03 -0.10
0.00 1601.50
815.90 13.84 9.74 6.79 327.41 221.10 12.12 -0.20
0.00 1917.16
781.90 12.04 7.75 4.39 326.71 222.98 11.67 -0.20
0.00 2275.16
745.00 9.94 5.66 2.01 326.55 235.84 13.15 -0.20
0.00 2678.78
705.30 7.34 4.21 1.51 329.02 253.02 19.29 -0.20
0.00 3132.12
662.50 4.24 0.77 -2.80 327.14 266.11 20.05 -0.10
0.00 3644.94
616.90 0.74 -0.58 -1.89 331.85 296.57 17.81 0.00
0.00 4222.09
568.80 -2.96 -5.53 -8.96 328.85 303.52 18.65 0.20
0.00 4870.24
522.20 -7.06 -10.55 -17.31 326.94 301.85 15.09 0.20
0.00 5542.23
480.30 -11.26 -14.62 -23.25 327.35 289.93 16.53 0.20
0.00 6189.16
442.80 -14.76 -18.71 -35.78 327.69 286.91 20.71 0.00
0.00 6808.49
409.10 -18.96 -22.32 -41.77 329.11 278.33 24.15 -0.10
0.00 7402.45
378.50 -23.26 -25.68 -40.38 331.04 272.79 23.91 -0.30
0.00 7976.10
351.00 -27.56 -29.19 -39.90 332.58 277.52 20.77 -0.30
0.00 8523.20
326.20 -32.46 -33.22 -38.57 333.13 289.27 21.19 -0.10
0.00 9044.83
303.80 -37.16 -37.64 -42.16 332.92 294.13 20.44 0.00
12.00 9541.26
283.70 -40.76 -41.33 -49.98 333.66 276.17 21.68 0.00
0.00 10010.56
265.60 -43.36 -44.03 -63.02 335.75 265.21 30.21 0.00
0.00 10456.53
248.80 -45.76 -46.31 -63.51 338.50 264.67 37.65 0.00
0.00 10893.75
233.60 -47.96 -48.41 -63.98 341.32 263.29 43.22 0.00
0.00 11311.32
219.60 -49.86 -50.24 -64.44 344.47 265.49 44.42 0.00
0.00 11716.99
205.70 -51.46 -51.81 -67.88 348.41 272.11 42.17 0.00
0.00 12142.85
191.70 -52.56 -52.92 -73.19 353.68 279.18 38.97 0.00
0.00 12599.12
177.70 -54.26 -54.57 -73.70 358.64 285.86 34.13 0.00
0.00 13086.90
163.80 -57.16 -57.40 -74.24 362.22 290.47 29.45 -0.10
0.00 13605.32
149.80 -60.26 -9999.00 -9999.00 -9999.00 289.09 26.73 -0.10
0.00 14166.14
135.90 -62.56 -62.69 -75.48 372.52 273.72 23.95 -0.10
0.00 14769.70
121.90 -63.36 -63.50 -76.19 382.82 277.57 28.03 -0.10
0.00 15438.60
108.00 -63.36 -63.52 -76.97 396.29 298.13 22.24 0.00
0.00 16182.08
94.00 -62.26 -9999.00 -9999.00 -9999.00 306.72 15.27 0.00
0.00 17036.89
81.00 -60.86 -9999.00 -9999.00 -9999.00 282.26 9.15 0.00
0.00 17958.77
70.60 -59.36 -9999.00 -9999.00 -9999.00 302.28 4.37 0.00
0.00 18815.71
62.20 -58.86 -9999.00 -9999.00 -9999.00 60.95 4.00 0.00
0.00 19609.36
54.30 -57.66 -9999.00 -9999.00 -9999.00 68.81 10.22 0.00
0.00 20463.76
46.90 -57.06 -9999.00 -9999.00 -9999.00 70.51 13.38 0.00
0.00 21389.16
40.10 -55.36 -9999.00 -9999.00 -9999.00 70.77 17.70 0.00
0.00 22383.86
33.80 -53.06 -9999.00 -9999.00 -9999.00 87.25 20.22 0.00
0.00 23479.20
27.80 -51.26 -9999.00 -9999.00 -9999.00 81.60 17.29 0.00
0.00 24743.34
22.30 -48.16 -9999.00 -9999.00 -9999.00 70.68 19.97 0.00
0.00 26185.17
17.10 -44.56 -9999.00 -9999.00 -9999.00 67.93 23.27 0.00
0.00 27947.73
12.30 -41.76 -9999.00 -9999.00 -9999.00 73.66 26.92 0.00
0.00 30165.83

STID = KMKE STNM = 726400 TIME = 200808/1200 
SLAT = 42.95 SLON = -87.90 SELV = 212.0
STIM = 18

SHOW = 3.11 LIFT = 4.99 SWET = 155.96 KINX = 27.64
LCLP = 929.40 PWAT = 33.37 TOTL = 42.81 CAPE = 0.00
LCLT = 286.88 CINS = 0.00 EQLV = -9999.00 LFCT = -9999.00
BRCH = 0.00

PRES TMPC TMWC DWPC THTE DRCT SKNT OMEG
CFRL HGHT
994.60 19.34 16.46 14.78 323.72 200.77 6.02 0.10
0.00 221.52
991.70 19.74 16.24 14.17 323.36 203.67 15.48 0.20
0.00 246.70
986.20 20.34 16.12 13.60 323.66 204.44 18.78 0.30
0.00 294.72
976.80 22.44 15.98 12.01 324.34 205.41 25.80 0.40
0.00 377.77
962.90 22.24 15.41 11.10 324.29 202.92 25.93 0.40
0.00 502.40
945.10 21.34 14.81 10.63 324.73 197.14 24.40 0.30
0.00 664.32
923.80 19.94 13.97 10.09 324.98 196.28 22.86 0.20
0.00 861.36
900.60 18.44 13.01 9.39 325.15 200.67 22.01 0.10
0.00 1080.10
875.40 16.94 12.34 9.29 326.66 207.11 18.34 0.00
0.00 1322.93
847.30 15.54 11.59 8.97 328.43 214.11 14.55 0.10
0.00 1600.72
816.20 13.74 10.44 8.21 329.55 217.57 12.74 0.10
0.00 1917.35
782.20 11.84 8.37 5.80 328.50 219.35 12.57 0.10
0.00 2275.19
745.30 9.94 5.98 2.69 327.40 229.48 14.04 0.10
0.00 2678.62
705.50 7.84 4.60 1.87 330.07 248.67 21.89 0.00
0.00 3133.41
662.70 4.74 1.21 -2.32 328.23 264.75 19.11 0.00
0.00 3647.05
617.00 0.94 -0.32 -1.54 332.52 294.17 16.61 0.00
0.00 4226.12
568.90 -2.96 -5.64 -9.26 328.58 303.87 17.07 -0.10
0.00 4874.42
522.30 -6.56 -10.71 -19.42 326.51 307.65 17.17 -0.10
0.00 5546.83
480.40 -11.36 -14.60 -22.79 327.38 295.79 19.19 0.00
0.00 6194.07
442.90 -15.36 -18.85 -32.43 327.49 294.13 20.44 0.10
0.00 6812.47
409.10 -19.26 -22.56 -42.17 328.68 287.10 21.13 0.20
0.00 7407.10
378.50 -23.26 -25.68 -40.38 331.04 272.63 21.19 0.10
0.00 7980.41
351.00 -27.66 -29.18 -38.83 332.59 270.60 18.45 0.00
0.00 8527.41
326.20 -32.66 -33.45 -39.29 332.75 282.18 17.48 0.00
0.00 9048.72
303.80 -37.26 -37.82 -43.45 332.63 288.43 15.97 0.00
4.00 9544.82
283.70 -40.66 -41.36 -53.75 333.61 273.71 21.02 0.00
0.00 10014.12
265.60 -43.66 -44.31 -63.02 335.31 269.18 27.19 0.00
0.00 10459.89
248.80 -46.26 -46.78 -63.51 337.76 266.40 34.05 0.00
0.00 10896.34
233.60 -48.46 -48.88 -63.98 340.56 267.74 39.47 0.00
0.00 11312.99
219.60 -49.96 -50.33 -64.44 344.32 271.98 39.26 0.00
0.00 11718.11
205.70 -51.36 -51.72 -67.88 348.56 275.09 37.26 0.00
0.00 12143.97
191.70 -52.36 -52.73 -73.19 354.00 277.64 35.08 0.00
0.00 12600.55
177.70 -54.16 -54.48 -73.70 358.81 283.61 31.37 0.00
0.00 13088.67
163.80 -57.36 -57.59 -74.24 361.89 285.89 27.66 0.00
0.00 13606.97
149.80 -60.76 -9999.00 -9999.00 -9999.00 281.91 25.41 0.00
0.00 14166.87
135.90 -63.16 -9999.00 -9999.00 -9999.00 271.86 23.91 0.00
0.00 14768.87
121.90 -64.06 -64.18 -76.19 381.54 282.84 27.10 -0.10
0.00 15435.70
108.00 -63.86 -64.00 -76.97 395.35 299.67 19.23 0.00
0.00 16177.04
94.00 -62.26 -9999.00 -9999.00 -9999.00 303.45 13.03 0.00
0.00 17030.84
81.00 -60.16 -9999.00 -9999.00 -9999.00 268.88 9.91 0.00
0.00 17954.25
70.60 -58.76 -9999.00 -9999.00 -9999.00 308.99 5.24 0.00
0.00 18813.80
62.20 -58.26 -9999.00 -9999.00 -9999.00 58.24 4.80 0.00
0.00 19609.68
54.30 -57.76 -9999.00 -9999.00 -9999.00 67.48 8.62 0.00
0.00 20465.07
46.90 -57.56 -9999.00 -9999.00 -9999.00 63.43 11.29 0.00
0.00 21389.19
40.10 -55.96 -9999.00 -9999.00 -9999.00 74.41 17.35 0.00
0.00 22381.36
33.80 -53.76 -9999.00 -9999.00 -9999.00 87.05 18.86 0.00
0.00 23473.45
27.80 -51.06 -9999.00 -9999.00 -9999.00 86.27 17.91 0.00
0.00 24736.16
22.30 -47.76 -9999.00 -9999.00 -9999.00 74.42 20.98 0.00
0.00 26179.92
17.10 -43.06 -9999.00 -9999.00 -9999.00 69.44 24.90 0.00
0.00 27949.87
12.30 -41.26 -9999.00 -9999.00 -9999.00 75.52 30.30 0.00
0.00 30177.61

STID = KMKE STNM = 726400 TIME = 200808/1300 
SLAT = 42.95 SLON = -87.90 SELV = 212.0
STIM = 19

SHOW = 1.18 LIFT = 4.96 SWET = 326.36 KINX = 28.61
LCLP = 901.87 PWAT = 35.43 TOTL = 45.34 CAPE = 0.00
LCLT = 286.52 CINS = 0.00 EQLV = -9999.00 LFCT = -9999.00
BRCH = 0.00

PRES TMPC TMWC DWPC THTE DRCT SKNT OMEG
CFRL HGHT
993.90 21.44 17.24 14.88 326.41 189.46 8.28 0.10
0.00 221.60
991.00 21.24 16.84 14.31 325.42 191.02 15.23 0.10
0.00 246.95
985.50 20.84 16.47 13.91 324.90 191.69 17.25 0.20
0.00 295.17
976.10 21.94 15.79 11.99 323.83 194.88 25.72 0.30
0.00 378.28
962.20 22.34 14.91 10.01 322.73 194.93 27.14 0.30
0.00 502.90
944.40 21.44 14.12 9.15 322.58 194.43 27.27 0.30
0.00 664.93
923.30 20.14 13.62 9.23 323.89 197.76 26.11 0.20
0.00 860.26
900.10 18.74 13.72 10.55 327.52 205.71 23.29 0.10
0.00 1079.33
874.90 17.24 13.53 11.27 330.59 210.56 18.73 0.10
0.00 1322.68
846.80 15.74 12.67 10.78 331.99 211.46 15.25 0.00
0.00 1601.07
815.70 13.94 11.14 9.33 331.83 211.36 14.55 0.00
0.00 1918.28
781.70 12.14 8.89 6.57 330.15 214.70 15.37 0.00
0.00 2276.77
744.90 10.34 6.81 4.06 329.85 230.19 18.20 0.00
0.00 2679.97
705.10 8.74 4.78 1.43 330.62 255.20 21.29 -0.10
0.00 3136.12
662.40 5.64 1.45 -2.77 328.86 278.65 18.08 -0.10
0.00 3650.42
616.80 1.24 -0.47 -2.17 332.14 302.38 18.86 0.00
0.00 4229.63
568.70 -3.66 -5.26 -7.27 329.53 297.37 18.59 0.00
0.00 4877.73
522.20 -7.06 -10.18 -15.88 327.72 293.63 16.96 0.00
0.00 5547.61
480.30 -11.36 -13.33 -17.22 330.04 287.06 17.87 0.00
0.00 6194.63
442.80 -15.56 -17.55 -22.78 330.10 286.48 19.85 0.10
0.00 6813.22
409.00 -19.16 -22.11 -36.10 329.58 276.91 19.37 0.10
0.00 7408.07
378.50 -23.16 -25.33 -36.64 331.69 266.55 22.57 0.00
0.00 7979.86
350.90 -27.86 -29.22 -37.39 332.57 270.62 17.87 0.00
0.00 8528.85
326.20 -32.86 -33.69 -40.06 332.36 281.16 15.05 0.00
0.00 9047.70
303.80 -37.16 -37.93 -47.15 332.43 286.70 14.20 0.10
0.00 9543.69
283.70 -40.66 -41.31 -52.05 333.69 288.03 17.56 0.10
0.00 10013.07
265.60 -44.06 -44.54 -54.30 334.98 279.55 21.08 0.10
0.00 10458.47
248.80 -46.76 -47.22 -61.32 337.06 270.76 29.14 0.10
0.00 10894.07
233.60 -48.26 -48.72 -66.97 340.82 271.62 34.40 0.10
0.00 11310.44
219.60 -49.66 -50.07 -67.41 344.73 274.50 34.67 0.10
0.00 11716.02
205.70 -50.66 -51.05 -67.88 349.66 274.55 34.30 0.00
0.00 12142.83
191.70 -51.86 -52.25 -73.19 354.80 278.40 34.56 0.00
0.00 12600.65
177.80 -54.46 -54.77 -73.70 358.26 283.08 30.91 -0.10
0.00 13085.36
163.80 -57.56 -57.78 -74.24 361.55 278.71 26.92 -0.10
0.00 13606.64
149.80 -60.76 -9999.00 -9999.00 -9999.00 271.76 25.27 -0.10
0.00 14166.28
135.90 -63.56 -9999.00 -9999.00 -9999.00 269.08 24.28 -0.10
0.00 14767.71
121.90 -64.66 -9999.00 -9999.00 -9999.00 280.82 26.90 0.00
0.00 15432.94
108.00 -64.16 -64.30 -76.97 394.78 300.65 18.30 0.00
0.00 16172.70
94.00 -62.26 -9999.00 -9999.00 -9999.00 296.57 12.59 0.00
0.00 17025.88
81.00 -60.06 -9999.00 -9999.00 -9999.00 274.48 9.95 0.00
0.00 17949.50
70.60 -59.06 -9999.00 -9999.00 -9999.00 338.96 5.42 0.00
0.00 18808.66
62.20 -58.56 -9999.00 -9999.00 -9999.00 62.59 5.91 0.00
0.00 19603.42
54.30 -57.76 -9999.00 -9999.00 -9999.00 75.26 7.63 0.00
0.00 20458.21
46.90 -57.36 -9999.00 -9999.00 -9999.00 73.11 11.36 0.00
0.00 21382.76
40.10 -56.26 -9999.00 -9999.00 -9999.00 84.03 16.80 0.00
0.00 22374.70
33.80 -53.56 -9999.00 -9999.00 -9999.00 83.99 14.84 0.00
0.00 23466.54
27.80 -50.56 -9999.00 -9999.00 -9999.00 76.14 15.40 0.00
0.00 24731.26
22.30 -47.46 -9999.00 -9999.00 -9999.00 74.61 21.97 0.00
0.00 26177.60
17.10 -44.16 -9999.00 -9999.00 -9999.00 70.75 25.93 0.00
0.00 27944.44
12.30 -41.36 -9999.00 -9999.00 -9999.00 76.54 32.56 0.00
0.00 30166.39

STID = KMKE STNM = 726400 TIME = 200808/1400 
SLAT = 42.95 SLON = -87.90 SELV = 212.0
STIM = 20

SHOW = -0.41 LIFT = 4.49 SWET = 333.55 KINX = 29.47
LCLP = 876.92 PWAT = 39.28 TOTL = 46.65 CAPE = 0.00
LCLT = 286.09 CINS = 0.00 EQLV = -9999.00 LFCT = -9999.00
BRCH = 0.00

PRES TMPC TMWC DWPC THTE DRCT SKNT OMEG
CFRL HGHT
993.70 23.34 17.87 14.87 328.58 201.12 9.17 0.10
0.00 221.66
990.80 22.94 17.48 14.41 327.58 201.64 13.17 0.10
0.00 247.17
985.30 22.44 17.11 14.07 327.05 202.07 15.50 0.10
0.00 295.68
975.90 21.54 16.46 13.49 326.11 201.80 19.87 0.10
0.00 379.00
962.10 21.24 15.20 11.38 323.74 202.41 23.95 0.10
0.00 502.49
944.30 21.14 14.12 9.39 322.62 203.31 26.01 0.00
0.00 664.20
923.10 20.04 13.93 9.94 324.93 204.48 26.24 -0.10
0.00 860.39
899.90 18.74 14.68 12.30 330.77 211.31 22.05 -0.30
0.00 1079.56
874.70 17.24 14.91 13.61 335.37 219.88 18.47 -0.30
0.00 1323.17
846.60 15.34 13.87 13.02 336.11 220.16 16.26 -0.30
0.00 1601.69
815.50 13.34 12.11 11.35 335.06 213.90 14.98 -0.30
0.00 1918.70
781.50 11.44 9.65 8.44 332.54 213.31 16.28 -0.20
0.00 2276.72
744.60 9.74 8.23 7.18 334.21 229.47 17.64 -0.10
0.00 2680.57
704.80 9.24 4.88 1.17 330.92 251.75 19.23 0.00
0.00 3137.04
662.20 6.14 1.58 -3.01 329.23 272.54 17.50 0.00
0.00 3651.21
616.60 1.24 -0.99 -3.31 330.84 288.02 16.96 0.00
0.00 4231.03
568.60 -3.46 -5.29 -7.61 329.47 287.74 15.29 0.00
0.00 4878.08
522.10 -6.56 -9.54 -14.64 329.11 275.44 16.39 0.10
0.00 5548.98
480.20 -11.26 -11.74 -12.52 333.39 271.05 21.17 0.00
0.00 6197.10
442.70 -15.56 -16.20 -17.52 332.80 272.39 23.33 0.00
8.00 6816.29
409.00 -19.66 -21.03 -25.22 331.68 268.38 20.59 0.00
0.00 7409.15
378.40 -23.76 -25.24 -31.63 331.93 262.26 20.18 0.10
0.00 7981.82
350.90 -28.06 -29.47 -38.33 332.15 270.00 16.90 0.30
0.00 8528.05
326.10 -32.76 -33.74 -41.80 332.30 282.80 13.15 0.30
0.00 9048.96
303.80 -36.86 -37.62 -46.20 332.93 299.41 12.26 0.30
0.00 9543.21
283.70 -40.66 -41.19 -48.81 333.89 298.54 12.61 0.20
0.00 10012.91
265.60 -43.96 -44.40 -52.61 335.21 280.35 20.53 0.20
0.00 10458.41
248.80 -46.36 -46.85 -61.32 337.65 274.11 29.80 0.10
0.00 10894.50
233.60 -48.06 -48.55 -71.85 341.08 276.04 33.22 0.00
0.00 11311.42
219.60 -49.26 -49.69 -67.41 345.35 273.33 33.47 0.00
0.00 11717.53
205.70 -50.46 -50.86 -67.88 349.98 275.49 34.54 -0.10
0.00 12144.92
191.70 -52.56 -52.92 -73.19 353.68 281.18 33.06 -0.10
0.00 12602.22
177.80 -55.06 -55.34 -73.70 357.28 279.16 30.50 0.00
0.00 13085.50
163.80 -57.76 -57.98 -74.24 361.22 272.37 28.19 0.00
0.00 13605.82
149.80 -60.56 -60.72 -74.84 365.74 267.49 26.63 0.00
0.00 14165.46
135.90 -63.36 -9999.00 -9999.00 -9999.00 273.04 25.68 0.00
0.00 14767.46
121.90 -64.56 -64.67 -76.19 380.63 282.75 27.29 0.00
0.00 15433.18
108.00 -63.66 -63.81 -76.97 395.72 301.49 18.22 0.00
0.00 16174.00
94.00 -62.46 -9999.00 -9999.00 -9999.00 290.19 14.06 0.00
0.00 17027.79
81.00 -60.56 -9999.00 -9999.00 -9999.00 284.30 10.22 0.00
0.00 17949.89
70.60 -59.76 -9999.00 -9999.00 -9999.00 7.43 4.51 0.00
0.00 18806.63
62.20 -59.06 -9999.00 -9999.00 -9999.00 83.83 7.23 0.00
0.00 19599.17
54.30 -57.86 -9999.00 -9999.00 -9999.00 91.51 7.38 0.00
0.00 20452.77
46.90 -56.46 -9999.00 -9999.00 -9999.00 78.11 11.31 0.00
0.00 21379.03
40.10 -54.96 -9999.00 -9999.00 -9999.00 96.01 14.84 0.00
0.00 22376.02
33.80 -53.06 -9999.00 -9999.00 -9999.00 84.47 12.10 0.00
0.00 23472.36
27.80 -50.86 -9999.00 -9999.00 -9999.00 66.99 15.40 0.00
0.00 24737.65
22.30 -47.86 -9999.00 -9999.00 -9999.00 76.73 21.15 0.00
0.00 26181.73
17.10 -45.86 -9999.00 -9999.00 -9999.00 74.21 29.27 0.00
0.00 27940.41
12.30 -42.36 -9999.00 -9999.00 -9999.00 77.11 33.08 0.00
0.00 30149.35

STID = KMKE STNM = 726400 TIME = 200808/1500 
SLAT = 42.95 SLON = -87.90 SELV = 212.0
STIM = 21

SHOW = -1.77 LIFT = 2.45 SWET = 358.36 KINX = 30.71
LCLP = 859.97 PWAT = 41.44 TOTL = 48.42 CAPE = 0.00
LCLT = 285.91 CINS = 0.00 EQLV = -9999.00 LFCT = -9999.00
BRCH = 0.00

PRES TMPC TMWC DWPC THTE DRCT SKNT OMEG
CFRL HGHT
994.00 24.84 18.44 15.00 330.52 201.80 9.42 0.10
0.00 221.71
991.10 24.24 18.01 14.59 329.38 201.96 13.00 0.10
0.00 247.34
985.60 23.64 17.64 14.30 328.83 202.62 15.15 0.20
0.00 296.04
976.20 22.74 17.15 13.99 328.40 203.37 17.13 0.20
0.00 379.69
962.30 21.54 16.45 13.53 327.94 205.08 20.16 0.20
0.00 504.41
944.50 20.24 15.42 12.54 326.91 208.57 24.77 0.20
0.00 666.08
923.30 19.44 15.18 12.67 329.07 209.59 26.36 0.30
0.00 861.93
900.10 18.24 15.14 13.39 332.35 211.11 26.32 0.30
0.00 1080.80
874.80 16.94 15.22 14.28 336.48 211.78 21.02 0.30
0.00 1325.09
846.60 15.34 14.54 14.08 338.50 213.00 17.83 0.20
9.00 1604.55
815.50 13.44 12.55 12.00 336.54 212.14 17.89 0.10
14.00 1921.74
781.60 11.54 10.51 9.84 335.29 218.57 19.62 -0.10
7.00 2278.95
744.60 9.84 8.98 8.39 336.56 232.59 20.78 -0.30
12.00 2684.21
704.80 9.34 4.95 1.24 331.13 248.30 20.49 -0.50
0.00 3140.95
662.20 6.64 1.63 -3.48 329.33 270.00 17.09 -0.50
0.00 3655.64
616.60 1.34 -1.30 -4.13 330.06 288.00 16.34 -0.30
0.00 4236.02
568.60 -3.26 -5.22 -7.71 329.63 282.09 16.69 -0.10
0.00 4883.36
522.10 -6.96 -9.49 -13.65 329.26 275.41 18.53 0.00
0.00 5554.05
480.20 -11.66 -12.29 -13.36 332.23 271.13 19.62 0.00
100.00 6201.19
442.70 -15.56 -16.31 -17.90 332.57 261.42 20.82 0.00
15.00 6819.84
409.00 -19.36 -20.76 -24.95 332.18 250.89 20.77 0.10
0.00 7413.04
378.40 -23.46 -25.09 -32.23 332.19 256.61 16.76 0.20
0.00 7986.40
350.90 -27.66 -29.35 -41.11 332.32 276.26 16.03 0.20
0.00 8533.37
326.10 -32.16 -33.20 -41.49 333.17 291.94 15.07 0.20
0.00 9055.35
303.80 -36.46 -37.27 -46.20 333.49 295.84 13.81 0.10
0.00 9550.64
283.70 -40.66 -41.15 -47.76 333.97 291.95 14.02 0.00
0.00 10020.74
265.60 -44.46 -44.79 -50.55 334.59 286.81 19.48 0.00
0.00 10465.76
248.80 -47.06 -47.43 -56.89 336.74 279.61 25.60 0.00
0.00 10900.71
233.60 -47.96 -48.46 -71.85 341.23 272.17 30.71 0.00
0.00 11317.08
219.60 -49.06 -49.50 -67.41 345.66 274.65 33.53 0.00
0.00 11723.47
205.70 -50.56 -50.96 -67.88 349.82 279.35 32.28 0.00
0.00 12150.95
191.70 -52.66 -53.01 -73.19 353.52 276.94 30.54 0.00
0.00 12608.05
177.80 -55.16 -55.44 -73.70 357.11 272.22 30.13 0.10
0.00 13091.11
163.80 -57.76 -57.98 -74.24 361.22 269.62 29.33 0.10
0.00 13611.31
149.80 -60.36 -60.53 -74.84 366.09 269.60 28.17 0.00
0.00 14171.21
135.90 -62.86 -9999.00 -9999.00 -9999.00 275.55 28.11 -0.10
0.00 14774.21
121.90 -64.26 -64.38 -76.19 381.17 285.04 26.96 -0.10
0.00 15441.20
108.00 -63.86 -64.00 -76.97 395.35 298.00 17.39 -0.10
0.00 16182.19
94.00 -62.76 -9999.00 -9999.00 -9999.00 283.43 13.38 0.00
0.00 17034.97
81.00 -60.76 -9999.00 -9999.00 -9999.00 290.10 8.49 0.00
0.00 17955.98
70.60 -60.26 -9999.00 -9999.00 -9999.00 47.29 3.44 0.00
0.00 18811.31
62.20 -59.06 -9999.00 -9999.00 -9999.00 106.39 6.88 0.00
0.00 19602.92
54.30 -57.46 -9999.00 -9999.00 -9999.00 109.44 7.01 0.00
0.00 20457.32
46.90 -56.06 -9999.00 -9999.00 -9999.00 86.57 9.73 0.00
0.00 21385.30
40.10 -54.06 -9999.00 -9999.00 -9999.00 100.82 13.44 0.00
0.00 22385.26
33.80 -53.16 -9999.00 -9999.00 -9999.00 76.50 9.98 0.00
0.00 23483.61
27.80 -50.26 -9999.00 -9999.00 -9999.00 51.84 17.29 0.00
0.00 24750.32
22.30 -48.16 -9999.00 -9999.00 -9999.00 73.05 21.33 0.00
0.00 26195.37
17.10 -45.76 -9999.00 -9999.00 -9999.00 73.71 31.16 0.00
0.00 27953.28
12.30 -42.66 -9999.00 -9999.00 -9999.00 77.67 36.38 0.00
0.00 30161.25
STN YYMMDD/HHMM PMSL PRES SKTC STC1 SNFL WTNS
P01M C01M STC2 LCLD MCLD HCLD
SNRA UWND VWND R01M BFGR T2MS
Q2MS WXTS WXTP WXTZ WXTR USTM
VSTM HLCY SLLH WSYM CDBP VSBK
TD2M
726400 200807/1800 1020.80 996.10 31.54 304.70 -9999.00 0.00
-9999.00 -9999.00 303.40 14.00 31.00 0.00
-9999.00 -4.30 1.10 -9999.00 -9999.00 24.84
9.89 0.00 0.00 0.00 0.00 -0.30
-6.40 30.00 -9999.00 999.00 -9999.00 20.00
13.56
726400 200807/1900 1020.70 996.00 31.64 304.80 0.00 100.00
0.00 0.00 303.80 12.00 6.00 0.00
-9999.00 -4.60 2.00 -9999.00 -9999.00 25.04
9.31 0.00 0.00 0.00 0.00 -0.60
-5.70 47.60 -9999.00 999.00 -9999.00 20.00
12.65
726400 200807/2000 1020.00 995.30 31.44 304.60 0.00 100.00
0.00 0.00 303.80 0.00 0.00 0.00
-9999.00 -4.50 2.60 -9999.00 -9999.00 25.14
9.23 0.00 0.00 0.00 0.00 -0.80
-5.30 62.80 -9999.00 999.00 -9999.00 20.00
12.51
726400 200807/2100 1019.90 995.20 30.44 303.60 0.00 100.00
0.00 0.00 303.10 4.00 0.00 0.00
-9999.00 -4.50 2.90 -9999.00 -9999.00 25.14
9.37 0.00 0.00 0.00 0.00 -0.90
-5.00 71.60 -9999.00 999.00 -9999.00 20.00
12.73
726400 200807/2200 1019.80 995.10 28.84 302.00 0.00 100.00
0.00 0.00 301.80 3.00 44.00 0.00
-9999.00 -4.10 2.80 -9999.00 -9999.00 24.94
9.56 0.00 0.00 0.00 0.00 -0.60
-4.90 69.30 -9999.00 999.00 -9999.00 20.00
13.03
726400 200807/2300 1019.20 994.50 26.74 299.90 0.00 100.00
0.00 0.00 300.00 1.00 86.00 0.00
-9999.00 -3.40 2.60 -9999.00 -9999.00 24.44
9.68 0.00 0.00 0.00 0.00 -0.30
-5.30 66.50 -9999.00 999.00 -9999.00 20.00
13.21
726400 200808/0000 1019.20 994.50 24.04 297.20 0.00 100.00
0.00 0.00 297.70 0.00 36.00 0.00
-9999.00 -2.70 2.20 -9999.00 -9999.00 23.44
9.90 0.00 0.00 0.00 0.00 -0.40
-5.30 57.80 -9999.00 999.00 -9999.00 20.00
13.55
726400 200808/0100 1020.10 995.30 21.14 294.30 0.00 100.00
0.00 0.00 295.10 0.00 17.00 0.00
-9999.00 -1.30 1.40 -9999.00 -9999.00 21.64
10.61 0.00 0.00 0.00 0.00 -0.50
-4.90 58.00 -9999.00 999.00 -9999.00 20.00
14.61
726400 200808/0200 1019.80 995.00 19.64 292.80 0.00 100.00
0.00 0.00 293.50 0.00 100.00 0.00
-9999.00 -1.10 1.50 -9999.00 -9999.00 20.14
11.27 0.00 0.00 0.00 0.00 -0.90
-4.20 67.40 -9999.00 999.00 -9999.00 20.00
15.53
726400 200808/0300 1019.90 995.00 18.84 292.00 0.00 100.00
0.00 0.00 292.60 0.00 100.00 0.00
-9999.00 -1.00 1.80 -9999.00 -9999.00 19.44
11.58 0.00 0.00 0.00 0.00 -0.80
-3.70 82.60 -9999.00 999.00 -9999.00 20.00
15.95
726400 200808/0400 1019.80 994.90 18.34 291.50 0.00 100.00
0.00 0.00 292.00 0.00 100.00 0.00
-9999.00 -1.30 1.90 -9999.00 -9999.00 19.04
11.79 0.00 0.00 0.00 0.00 -0.60
-3.40 90.40 -9999.00 999.00 -9999.00 20.00
16.22
726400 200808/0500 1019.60 994.70 18.04 291.20 0.00 100.00
0.00 0.00 291.70 0.00 100.00 0.00
-9999.00 -1.20 2.10 -9999.00 -9999.00 18.84
11.89 0.00 0.00 0.00 0.00 -0.30
-3.30 89.90 -9999.00 999.00 -9999.00 20.00
16.35
726400 200808/0600 1020.00 995.10 17.84 291.00 0.00 100.00
0.00 0.00 291.40 0.00 43.00 0.00
-9999.00 -0.80 2.40 -9999.00 -9999.00 18.64
11.91 0.00 0.00 0.00 0.00 0.20
-3.00 80.40 -9999.00 999.00 -9999.00 20.00
16.38
726400 200808/0700 1019.90 995.00 17.44 290.60 0.00 100.00
0.00 0.00 291.00 0.00 0.00 0.00
-9999.00 -0.30 2.50 -9999.00 -9999.00 18.34
11.93 0.00 0.00 0.00 0.00 0.70
-2.70 67.90 -9999.00 999.00 -9999.00 20.00
16.40
726400 200808/0800 1019.60 994.70 17.04 290.20 0.00 100.00
0.00 0.00 290.60 0.00 2.00 0.00
-9999.00 0.40 2.50 -9999.00 -9999.00 17.94
11.79 0.00 0.00 0.00 0.00 0.10
-1.90 48.20 -9999.00 999.00 -9999.00 20.00
16.22
726400 200808/0900 1019.40 994.50 16.84 290.00 0.00 100.00
0.00 0.00 290.30 0.00 100.00 0.00
-9999.00 1.00 2.50 -9999.00 -9999.00 17.74
11.40 0.00 0.00 0.00 0.00 -0.20
-0.90 44.10 -9999.00 999.00 -9999.00 20.00
15.70
726400 200808/1000 1019.90 995.00 16.64 289.80 0.00 100.00
0.00 0.00 290.20 0.00 100.00 0.00
-9999.00 1.30 2.60 -9999.00 -9999.00 17.74
10.93 0.00 0.00 0.00 0.00 -0.80
0.10 39.70 -9999.00 999.00 -9999.00 20.00
15.06
726400 200808/1100 1020.20 995.30 16.54 289.70 0.00 100.00
0.00 0.00 290.00 0.00 12.00 0.00
-9999.00 1.60 2.60 -9999.00 -9999.00 17.54
10.73 0.00 0.00 0.00 0.00 -1.00
0.60 43.80 -9999.00 999.00 -9999.00 20.00
14.78
726400 200808/1200 1020.60 995.70 18.34 291.50 0.00 100.00
0.00 0.00 291.20 0.00 4.00 0.00
-9999.00 1.50 3.00 -9999.00 -9999.00 18.84
10.88 0.00 0.00 0.00 0.00 -0.80
0.70 60.80 -9999.00 999.00 -9999.00 20.00
15.00
726400 200808/1300 1019.80 995.00 21.64 294.80 0.00 100.00
0.00 0.00 294.00 0.00 0.00 0.00
-9999.00 0.90 4.30 -9999.00 -9999.00 21.14
11.09 0.00 0.00 0.00 0.00 -0.30
0.50 135.30 -9999.00 999.00 -9999.00 20.00
15.28
726400 200808/1400 1019.50 994.80 24.84 298.00 0.00 100.00
0.00 0.00 296.90 0.00 8.00 0.00
-9999.00 1.40 4.60 -9999.00 -9999.00 23.24
11.16 0.00 0.00 0.00 0.00 0.70
-0.20 104.90 -9999.00 999.00 -9999.00 20.00
15.38
726400 200808/1500 1019.70 995.10 27.64 300.80 0.00 100.00
0.00 0.00 299.60 14.00 100.00 0.00
-9999.00 1.70 4.80 -9999.00 -9999.00 24.84
11.26 0.00 0.00 0.00 0.00 1.10
0.30 105.80 -9999.00 999.00 -9999.00 20.00
15.52


