
SNPARM = PRES;TMPC;TMWC;DWPC;THTE;DRCT;SKNT;OMEG;CFRL;HGHT 
STNPRM = SHOW;LIFT;SWET;KINX;LCLP;PWAT;TOTL;CAPE;LCLT;CINS;EQLV;LFCT;BRCH 

STID = KMKE STNM = 726400 TIME = 200807/2200 
SLAT = 42.95 SLON = -87.90 SELV = 212.0
STIM = 0

SHOW = 6.13 LIFT = 4.80 SWET = 121.29 KINX = 18.53
LCLP = 862.74 PWAT = 24.15 TOTL = 38.35 CAPE = 0.00
LCLT = 285.80 CINS = 0.00 EQLV = -9999.00 LFCT = -9999.00
BRCH = 0.00

PRES TMPC TMWC DWPC THTE DRCT SKNT OMEG
CFRL HGHT
993.80 24.44 18.22 14.84 329.76 121.70 7.77 -0.10
0.00 220.82
990.80 23.84 17.84 14.53 328.84 122.12 9.87 -0.20
0.00 247.30
985.40 23.24 17.42 14.15 328.10 123.11 10.66 -0.20
0.00 295.06
975.90 22.34 16.65 13.33 326.72 125.07 11.15 -0.30
0.00 379.49
962.10 20.94 15.50 12.16 324.75 128.66 11.19 -0.30
0.00 503.09
944.20 19.74 14.48 11.13 323.88 133.53 10.72 -0.10
0.00 665.32
923.00 18.44 13.90 11.01 324.93 152.78 7.65 0.30
0.00 860.62
899.70 17.14 13.04 10.37 325.42 202.11 6.70 0.70
0.00 1079.54
874.60 15.34 11.67 9.17 324.73 226.55 10.16 0.90
0.00 1320.46
846.40 13.44 9.59 6.70 322.54 231.60 13.13 0.90
0.00 1597.62
815.40 11.94 6.98 2.60 319.58 233.97 10.57 0.50
0.00 1911.05
781.50 11.44 5.00 -1.55 319.11 267.71 4.86 0.20
0.00 2266.18
744.60 8.84 4.87 1.31 324.45 289.18 9.46 0.00
0.00 2668.48
704.90 6.74 1.78 -3.60 322.62 284.47 12.43 0.00
0.00 3120.40
662.20 4.34 -2.13 -11.88 319.94 270.00 12.24 0.00
0.00 3631.16
616.70 1.84 -6.48 -30.99 317.45 266.88 10.70 0.00
0.00 4207.25
568.80 -0.76 -8.79 -38.61 320.98 280.44 7.50 0.00
0.00 4855.13
522.30 -6.16 -12.19 -32.72 323.21 285.35 10.28 0.00
0.00 5528.55
480.40 -11.26 -16.06 -36.00 324.34 292.29 12.80 0.10
0.00 6176.00
442.90 -15.86 -19.71 -39.20 325.83 290.05 15.31 0.10
0.00 6793.70
409.10 -19.86 -23.07 -43.48 327.79 280.54 17.00 0.10
0.00 7387.00
378.50 -23.96 -26.61 -49.57 329.38 273.58 18.69 0.10
0.00 7958.79
351.00 -28.06 -30.14 -52.95 330.89 278.37 20.03 0.10
0.00 8504.50
326.20 -31.96 -33.58 -55.95 332.43 286.93 23.35 0.10
0.00 9026.02
303.80 -35.16 -36.46 -58.00 334.72 292.10 27.87 0.10
0.00 9524.96
283.70 -37.76 -38.79 -55.83 337.68 306.16 31.27 0.10
0.00 9999.23
265.60 -40.06 -40.80 -51.87 340.95 326.46 42.19 0.10
0.00 10451.28
248.80 -43.26 -43.72 -51.11 342.69 323.59 53.34 0.10
0.00 10894.08
233.60 -46.86 -47.16 -52.96 343.37 306.64 57.61 0.10
0.00 11314.99
219.60 -50.06 -50.28 -55.86 344.42 301.66 60.70 0.10
3.00 11721.50
205.70 -53.16 -53.32 -58.42 345.96 302.90 58.29 0.00
4.00 12145.55
191.70 -56.36 -56.48 -61.60 347.77 306.87 49.53 0.00
4.00 12596.16
177.70 -59.86 -59.96 -66.00 349.56 305.34 45.01 0.00
7.00 13073.52
163.80 -61.56 -61.66 -69.50 354.89 299.77 46.54 0.00
0.00 13580.02
149.80 -60.56 -60.72 -74.84 365.74 300.96 45.30 0.00
0.00 14134.69
135.90 -60.16 -9999.00 -9999.00 -9999.00 303.14 39.43 0.00
0.00 14741.25
121.90 -60.96 -9999.00 -9999.00 -9999.00 306.29 30.85 -0.10
0.00 15417.79
108.00 -61.26 -9999.00 -9999.00 -9999.00 301.64 22.59 0.00
0.00 16169.23
94.00 -60.46 -9999.00 -9999.00 -9999.00 290.98 15.19 0.00
0.00 17031.96
81.00 -59.56 -9999.00 -9999.00 -9999.00 277.50 7.44 0.00
0.00 17960.60
70.60 -59.66 -9999.00 -9999.00 -9999.00 255.26 3.81 0.00
0.00 18819.55
62.20 -58.16 -9999.00 -9999.00 -9999.00 201.80 1.05 0.00
0.00 19613.94
54.30 -57.56 -9999.00 -9999.00 -9999.00 102.26 4.56 0.00
0.00 20469.93
46.90 -56.76 -9999.00 -9999.00 -9999.00 74.41 8.66 0.00
0.00 21396.19
40.10 -55.46 -9999.00 -9999.00 -9999.00 71.03 13.15 0.00
0.00 22391.35
33.80 -53.36 -9999.00 -9999.00 -9999.00 72.90 15.85 0.00
0.00 23485.69
27.80 -50.26 -9999.00 -9999.00 -9999.00 74.80 16.30 0.00
0.00 24751.83
22.30 -47.06 -9999.00 -9999.00 -9999.00 71.57 17.19 0.00
0.00 26200.43
17.10 -44.26 -9999.00 -9999.00 -9999.00 82.94 22.13 0.00
0.00 27968.44
12.30 -41.36 -9999.00 -9999.00 -9999.00 88.53 30.32 0.00
0.00 30189.91

STID = KMKE STNM = 726400 TIME = 200807/2300 
SLAT = 42.95 SLON = -87.90 SELV = 212.0
STIM = 1

SHOW = 4.31 LIFT = 4.37 SWET = 143.78 KINX = 22.81
LCLP = 856.32 PWAT = 26.04 TOTL = 40.71 CAPE = 0.00
LCLT = 284.83 CINS = 0.00 EQLV = -9999.00 LFCT = -9999.00
BRCH = 0.00

PRES TMPC TMWC DWPC THTE DRCT SKNT OMEG
CFRL HGHT
993.60 24.04 17.60 13.96 327.60 125.71 7.65 -0.10
0.00 220.80
990.60 23.54 17.27 13.67 326.86 125.79 10.30 -0.20
0.00 247.25
985.10 22.94 16.91 13.40 326.37 126.10 11.54 -0.20
0.00 295.84
975.70 22.14 16.40 13.00 325.91 127.95 12.32 -0.20
0.00 379.32
961.80 20.94 15.62 12.39 325.20 129.47 12.84 -0.20
0.00 503.80
944.00 19.84 14.81 11.68 324.97 133.07 12.24 0.00
0.00 665.22
922.80 18.84 14.44 11.73 326.69 154.65 8.16 0.30
0.00 860.77
899.50 17.44 13.74 11.46 327.73 200.38 7.25 0.50
0.00 1080.07
874.30 15.54 12.55 10.63 327.51 225.00 10.43 0.60
0.00 1322.35
846.20 13.84 10.77 8.65 326.07 228.50 13.48 0.50
0.00 1599.05
815.20 12.64 8.29 4.84 323.27 227.23 10.59 0.30
2.00 1913.35
781.20 11.84 5.60 -0.42 320.73 261.87 4.12 0.00
0.00 2270.47
744.40 9.14 5.38 2.14 325.87 285.95 9.91 0.00
0.00 2672.40
704.60 6.64 2.42 -1.83 324.33 286.48 14.37 0.10
0.00 3125.90
662.00 3.94 -1.83 -9.94 320.73 275.63 13.85 0.10
0.00 3635.35
616.50 1.64 -6.51 -29.73 317.46 268.92 10.30 0.10
0.00 4211.07
568.60 -0.86 -8.94 -41.38 320.67 271.74 6.41 0.00
0.00 4858.82
522.10 -6.16 -12.21 -32.94 323.21 278.47 9.23 0.00
0.00 5532.34
480.30 -11.36 -16.13 -36.00 324.23 289.90 11.99 0.00
0.00 6178.31
442.80 -15.86 -19.71 -39.20 325.86 291.09 14.57 0.00
0.00 6796.03
409.10 -19.96 -23.10 -42.59 327.74 283.09 17.15 0.00
0.00 7387.53
378.50 -24.06 -26.63 -47.44 329.36 280.86 19.58 0.00
0.00 7959.10
351.00 -27.96 -30.03 -51.95 331.07 285.03 21.72 0.00
0.00 8504.81
326.20 -31.26 -32.98 -55.95 333.40 287.90 26.53 0.00
0.00 9027.20
303.80 -33.96 -35.38 -55.27 336.49 290.84 32.21 -0.10
0.00 9528.12
283.70 -37.06 -38.10 -52.86 338.81 300.40 33.78 -0.10
0.00 10004.30
265.60 -39.96 -40.67 -50.55 341.18 318.56 37.57 0.00
0.00 10457.13
248.80 -43.46 -43.86 -49.96 342.47 316.59 44.66 0.00
0.00 10899.83
233.60 -47.16 -47.39 -51.65 343.00 299.74 51.69 0.00
3.00 11320.29
219.60 -50.16 -50.33 -54.21 344.35 295.47 59.17 0.00
15.00 11726.44
205.70 -53.46 -53.58 -57.35 345.53 299.30 58.35 0.00
22.00 12150.11
191.70 -56.36 -56.48 -61.60 347.77 302.20 47.75 0.00
5.00 12600.41
177.70 -59.26 -59.37 -66.00 350.55 296.22 42.66 0.00
9.00 13078.44
163.80 -60.86 -60.97 -69.50 356.07 293.20 45.86 0.00
0.00 13586.49
149.80 -61.16 -61.31 -74.84 364.71 298.87 47.47 0.00
0.00 14141.29
135.90 -60.96 -61.13 -75.48 375.35 305.81 42.15 0.00
0.00 14745.86
121.90 -61.26 -9999.00 -9999.00 -9999.00 311.96 31.08 0.00
0.00 15420.65
108.00 -61.46 -9999.00 -9999.00 -9999.00 304.86 21.08 0.00
0.00 16171.20
94.00 -60.56 -9999.00 -9999.00 -9999.00 288.43 15.37 0.00
0.00 17033.33
81.00 -59.96 -9999.00 -9999.00 -9999.00 280.78 8.31 0.00
0.00 17960.87
70.60 -59.66 -9999.00 -9999.00 -9999.00 270.00 4.86 0.00
0.00 18819.02
62.20 -57.96 -9999.00 -9999.00 -9999.00 270.00 0.97 0.00
0.00 19613.78
54.30 -57.56 -9999.00 -9999.00 -9999.00 84.81 4.29 0.00
0.00 20470.17
46.90 -56.56 -9999.00 -9999.00 -9999.00 67.29 9.05 0.00
0.00 21396.86
40.10 -55.16 -9999.00 -9999.00 -9999.00 71.03 13.15 0.00
0.00 22393.16
33.80 -52.86 -9999.00 -9999.00 -9999.00 71.11 15.60 0.00
0.00 23489.50
27.80 -49.86 -9999.00 -9999.00 -9999.00 69.21 16.41 0.00
0.00 24758.22
22.30 -47.06 -9999.00 -9999.00 -9999.00 65.75 19.39 0.00
0.00 26208.11
17.10 -44.66 -9999.00 -9999.00 -9999.00 75.61 22.67 0.00
0.00 27974.56
12.30 -41.26 -9999.00 -9999.00 -9999.00 87.91 26.63 0.00
0.00 30194.59

STID = KMKE STNM = 726400 TIME = 200808/0000 
SLAT = 42.95 SLON = -87.90 SELV = 212.0
STIM = 2

SHOW = 3.28 LIFT = 4.16 SWET = 157.07 KINX = 25.08
LCLP = 866.55 PWAT = 27.08 TOTL = 41.95 CAPE = 0.00
LCLT = 285.18 CINS = 0.00 EQLV = -9999.00 LFCT = -9999.00
BRCH = 0.00

PRES TMPC TMWC DWPC THTE DRCT SKNT OMEG
CFRL HGHT
994.10 23.44 17.50 14.14 327.20 133.78 6.45 -0.10
0.00 220.78
991.20 23.14 17.23 13.85 326.67 135.00 9.07 -0.10
0.00 246.29
985.70 22.64 16.89 13.55 326.23 135.74 10.59 -0.10
0.00 294.80
976.30 21.84 16.35 13.11 325.69 136.40 11.27 0.00
0.00 378.14
962.30 20.94 15.30 11.79 324.08 139.71 11.71 0.00
0.00 503.38
944.50 20.24 14.95 11.67 325.34 145.75 11.05 0.20
0.00 664.80
923.30 19.24 14.90 12.31 328.15 177.40 8.55 0.30
0.00 860.54
900.00 17.64 14.15 12.04 328.98 206.57 9.13 0.40
0.00 1079.99
874.80 15.74 13.06 11.40 329.09 222.21 11.29 0.30
0.00 1322.36
846.60 13.94 11.47 9.85 328.19 227.39 13.19 0.20
0.00 1600.15
815.50 13.04 9.19 6.34 325.85 228.92 10.04 0.10
0.00 1915.73
781.60 12.24 6.33 0.99 322.67 267.40 4.27 0.00
0.00 2272.28
744.70 9.44 5.85 2.88 327.16 291.25 11.25 0.20
0.00 2675.71
704.90 6.64 3.02 -0.41 325.87 293.75 15.91 0.30
0.00 3129.39
662.20 4.24 -2.03 -11.30 320.17 284.78 14.47 0.40
0.00 3640.16
616.70 2.24 -6.51 -35.94 317.28 270.00 10.88 0.30
0.00 4216.55
568.80 -0.56 -8.83 -44.42 320.80 258.41 7.73 0.10
0.00 4865.09
522.30 -6.16 -12.27 -33.87 323.03 267.75 9.91 0.00
0.00 5538.72
480.40 -11.36 -16.13 -36.00 324.22 283.57 11.60 -0.10
0.00 6186.04
442.90 -15.96 -19.78 -39.20 325.71 288.43 13.52 -0.10
0.00 6803.50
409.10 -20.06 -23.18 -42.59 327.61 282.89 16.53 -0.10
0.00 7396.46
378.50 -24.16 -26.75 -48.80 329.15 284.83 20.49 -0.10
0.00 7967.80
351.00 -28.06 -30.12 -51.95 330.93 286.97 23.97 -0.10
0.00 8513.28
326.20 -31.06 -32.75 -52.57 333.80 294.67 28.87 -0.10
0.00 9035.78
303.80 -33.56 -34.81 -47.66 337.46 295.65 32.75 -0.10
0.00 9537.35
283.70 -36.76 -37.64 -47.28 339.61 297.33 32.58 -0.10
0.00 10014.26
265.60 -39.86 -40.53 -49.39 341.41 311.47 33.45 -0.10
0.00 10467.49
248.80 -43.56 -43.91 -48.92 342.41 307.95 39.16 -0.10
0.00 10910.20
233.60 -47.16 -47.34 -50.50 343.08 294.95 49.28 -0.10
75.00 11330.57
219.60 -50.36 -50.54 -55.00 344.00 291.99 54.47 -0.10
37.00 11736.53
205.70 -53.56 -53.73 -59.64 345.28 298.41 53.88 0.00
17.00 12159.92
191.70 -56.76 -56.87 -61.60 347.13 302.01 47.65 0.00
25.00 12609.70
177.70 -58.76 -58.91 -68.92 351.32 294.06 45.75 0.00
0.00 13087.83
163.80 -60.06 -60.22 -74.24 357.36 292.57 48.60 0.00
0.00 13597.43
149.80 -61.36 -61.50 -74.84 364.36 301.61 47.44 0.00
0.00 14153.02
135.90 -61.76 -61.91 -75.48 373.94 310.49 41.88 0.00
0.00 14756.16
121.90 -61.36 -9999.00 -9999.00 -9999.00 316.36 28.98 0.00
0.00 15429.51
108.00 -61.36 -9999.00 -9999.00 -9999.00 305.54 18.38 0.00
0.00 16180.07
94.00 -60.66 -9999.00 -9999.00 -9999.00 287.74 15.29 0.00
0.00 17042.19
81.00 -60.16 -9999.00 -9999.00 -9999.00 282.65 9.75 0.00
0.00 17969.09
70.60 -60.06 -9999.00 -9999.00 -9999.00 284.47 6.22 0.00
0.00 18826.03
62.20 -58.16 -9999.00 -9999.00 -9999.00 8.75 2.56 0.00
0.00 19619.68
54.30 -57.46 -9999.00 -9999.00 -9999.00 66.37 6.78 0.00
0.00 20475.86
46.90 -55.66 -9999.00 -9999.00 -9999.00 70.28 10.94 0.00
0.00 21404.70
40.10 -54.06 -9999.00 -9999.00 -9999.00 79.85 13.23 0.00
0.00 22405.58
33.80 -52.06 -9999.00 -9999.00 -9999.00 76.72 14.37 0.00
0.00 23506.68
27.80 -49.76 -9999.00 -9999.00 -9999.00 70.44 15.68 0.00
0.00 24777.97
22.30 -47.36 -9999.00 -9999.00 -9999.00 64.89 20.59 0.00
0.00 26227.22
17.10 -44.26 -9999.00 -9999.00 -9999.00 68.82 23.12 0.00
0.00 27994.06
12.30 -40.46 -9999.00 -9999.00 -9999.00 85.60 25.33 0.00
0.00 30219.87

STID = KMKE STNM = 726400 TIME = 200808/0100 
SLAT = 42.95 SLON = -87.90 SELV = 212.0
STIM = 3

SHOW = 2.70 LIFT = 3.86 SWET = 162.15 KINX = 25.65
LCLP = 895.70 PWAT = 27.64 TOTL = 42.69 CAPE = 0.00
LCLT = 286.63 CINS = 0.00 EQLV = -9999.00 LFCT = -9999.00
BRCH = 0.00

PRES TMPC TMWC DWPC THTE DRCT SKNT OMEG
CFRL HGHT
994.00 22.14 17.61 15.10 327.64 133.03 3.98 0.00
0.00 220.75
991.00 22.24 17.39 14.67 327.27 136.08 7.28 0.00
0.00 247.05
985.50 22.04 16.96 14.06 326.55 138.37 9.36 0.00
0.00 295.46
976.00 21.64 15.81 12.23 323.92 141.34 11.19 0.00
0.00 379.59
962.20 21.44 14.93 10.72 322.86 145.01 11.85 0.00
0.00 503.08
944.40 20.84 15.52 12.33 327.22 156.67 10.78 0.10
0.00 664.81
923.10 19.54 15.26 12.76 329.38 183.50 9.54 0.20
0.00 861.85
899.90 17.84 14.43 12.41 329.94 204.08 10.00 0.20
0.00 1080.62
874.60 15.84 13.39 11.90 330.20 218.21 11.62 0.20
0.00 1324.16
846.50 13.94 11.78 10.39 329.18 224.37 12.51 0.10
0.00 1601.11
815.40 13.34 9.56 6.84 326.98 238.82 8.62 0.10
0.00 1916.96
781.40 12.74 7.06 2.23 324.74 284.93 6.02 0.10
0.00 2275.21
744.60 9.64 6.26 3.55 328.33 295.80 12.94 0.20
0.00 2678.22
704.70 6.64 3.08 -0.28 326.05 295.64 16.16 0.30
0.00 3133.34
662.10 4.54 -2.31 -13.11 319.49 290.65 14.32 0.20
0.00 3643.26
616.60 2.74 -6.36 -40.09 317.51 271.01 11.07 0.10
0.00 4220.50
568.70 -0.56 -8.97 -54.72 320.46 246.16 9.13 -0.20
0.00 4869.70
522.20 -6.16 -12.40 -36.01 322.76 253.30 10.14 -0.30
0.00 5543.42
480.30 -11.56 -16.26 -36.00 323.99 271.02 10.88 -0.20
0.00 6190.61
442.90 -16.26 -19.98 -38.87 325.36 278.39 11.99 -0.10
0.00 6805.89
409.10 -20.36 -23.44 -43.48 327.14 278.24 14.92 -0.10
0.00 7398.15
378.50 -24.36 -26.86 -47.44 328.97 286.65 19.66 0.00
0.00 7968.93
351.00 -27.86 -29.85 -48.11 331.40 293.44 23.93 0.00
0.00 8514.42
326.20 -30.66 -32.00 -42.45 335.10 300.90 28.75 0.00
0.00 9037.60
303.80 -33.16 -34.18 -42.47 338.53 301.02 32.42 0.00
0.00 9540.05
283.70 -36.46 -37.06 -42.21 340.59 296.72 32.40 0.00
0.00 10017.70
265.60 -39.86 -40.42 -46.97 341.61 303.59 31.25 0.10
0.00 10471.25
248.80 -43.76 -44.02 -47.56 342.23 296.04 38.05 0.00
13.00 10913.78
233.60 -47.26 -47.46 -51.06 342.89 286.38 46.15 0.00
100.00 11333.87
219.60 -50.36 -50.61 -57.90 343.87 287.54 50.93 0.00
0.00 11739.74
205.70 -53.36 -53.64 -67.88 345.42 293.56 52.97 0.00
0.00 12163.31
191.70 -56.46 -56.58 -61.60 347.61 297.89 49.01 0.00
0.00 12613.60
177.70 -58.96 -59.08 -66.00 351.04 293.87 48.00 0.00
2.00 13091.85
163.80 -60.26 -60.41 -74.24 357.03 294.96 49.71 0.00
0.00 13600.97
149.80 -61.36 -61.50 -74.84 364.36 306.67 45.53 0.00
0.00 14156.30
135.90 -62.36 -62.50 -75.48 372.88 315.60 39.43 0.00
0.00 14758.58
121.90 -61.56 -9999.00 -9999.00 -9999.00 315.29 27.06 0.00
0.00 15430.66
108.00 -61.26 -9999.00 -9999.00 -9999.00 300.16 16.63 0.00
0.00 16181.04
94.00 -60.76 -9999.00 -9999.00 -9999.00 288.43 15.97 0.00
0.00 17043.17
81.00 -60.16 -9999.00 -9999.00 -9999.00 289.65 11.56 0.00
0.00 17969.84
70.60 -59.86 -9999.00 -9999.00 -9999.00 297.30 6.78 0.00
0.00 18827.19
62.20 -57.96 -9999.00 -9999.00 -9999.00 42.88 3.71 0.00
0.00 19621.58
54.30 -57.16 -9999.00 -9999.00 -9999.00 72.47 7.73 0.00
0.00 20478.75
46.90 -55.46 -9999.00 -9999.00 -9999.00 83.00 11.15 0.00
0.00 21408.66
40.10 -54.56 -9999.00 -9999.00 -9999.00 80.54 11.81 0.00
0.00 22408.86
33.80 -52.96 -9999.00 -9999.00 -9999.00 67.01 13.93 0.00
0.00 23506.45
27.80 -50.76 -9999.00 -9999.00 -9999.00 58.60 17.52 0.00
0.00 24772.31
22.30 -47.66 -9999.00 -9999.00 -9999.00 61.08 23.31 0.00
0.00 26217.36
17.10 -43.06 -9999.00 -9999.00 -9999.00 71.42 25.00 0.00
0.00 27987.70
12.30 -39.76 -9999.00 -9999.00 -9999.00 90.82 27.19 0.00
0.00 30222.68

STID = KMKE STNM = 726400 TIME = 200808/0200 
SLAT = 42.95 SLON = -87.90 SELV = 212.0
STIM = 4

SHOW = 2.44 LIFT = 3.76 SWET = 162.85 KINX = 26.19
LCLP = 925.73 PWAT = 28.12 TOTL = 43.01 CAPE = 0.00
LCLT = 288.19 CINS = 0.00 EQLV = -9999.00 LFCT = -9999.00
BRCH = 0.00

PRES TMPC TMWC DWPC THTE DRCT SKNT OMEG
CFRL HGHT
993.80 20.94 17.83 16.15 328.48 135.00 3.30 0.00
0.00 220.72
990.80 21.44 17.54 15.39 327.84 137.91 8.12 -0.10
0.00 246.95
985.30 21.74 16.78 13.91 325.94 140.86 10.76 -0.10
0.00 295.28
975.90 22.24 14.98 10.15 321.18 143.47 13.05 0.00
0.00 378.55
962.10 21.84 15.23 11.02 323.81 147.72 13.09 0.00
0.00 502.23
944.20 20.94 15.84 12.86 328.35 161.27 12.10 0.10
0.00 665.05
922.90 19.74 15.40 12.89 329.89 183.24 10.31 0.10
0.00 862.26
899.70 17.84 14.59 12.69 330.52 207.07 9.81 0.10
0.00 1081.17
874.50 15.74 13.64 12.39 331.07 218.66 11.19 0.10
0.00 1323.78
846.30 14.04 11.92 10.57 329.66 222.93 11.40 0.10
0.00 1601.81
815.20 13.74 9.73 6.86 327.50 255.62 7.83 0.00
0.00 1918.02
781.30 12.84 7.60 3.35 326.31 295.28 7.73 0.00
0.00 2275.65
744.40 9.54 6.49 4.09 329.02 295.43 13.11 0.10
0.00 2679.93
704.60 6.34 2.87 -0.44 325.53 292.62 15.15 0.10
0.00 3133.71
662.00 4.34 -2.31 -12.65 319.53 291.21 13.97 0.10
0.00 3643.24
616.50 2.34 -6.31 -32.94 317.78 280.56 11.65 0.00
0.00 4219.99
568.60 -0.76 -9999.00 -9999.00 -9999.00 254.85 9.65 -0.10
0.00 4868.63
522.20 -6.16 -12.56 -39.44 322.39 244.92 10.08 -0.20
0.00 5540.68
480.30 -11.56 -16.30 -36.55 323.91 257.47 10.74 0.00
0.00 6187.85
442.80 -16.26 -20.02 -39.54 325.31 267.32 12.45 0.10
0.00 6804.84
409.10 -20.36 -23.52 -45.53 326.99 276.04 16.61 0.10
0.00 7395.40
378.50 -24.36 -26.70 -43.31 329.27 288.26 20.45 0.10
0.00 7966.18
351.00 -27.56 -29.25 -40.79 332.46 300.03 24.46 0.10
0.00 8512.05
326.20 -30.56 -31.24 -35.03 336.43 305.67 29.64 0.10
0.00 9035.74
303.80 -33.36 -34.03 -38.59 338.82 300.72 31.18 0.10
0.00 9538.15
283.70 -36.36 -37.01 -42.80 340.66 294.80 31.02 0.00
0.00 10015.72
265.60 -40.06 -40.53 -45.77 341.44 291.21 31.66 0.00
0.00 10469.17
248.80 -43.46 -43.79 -48.45 342.60 279.85 37.45 -0.10
41.00 10911.80
233.60 -47.26 -47.51 -52.28 342.81 271.64 47.61 -0.10
37.00 11332.17
219.60 -50.16 -50.45 -59.12 344.14 280.93 51.24 -0.10
0.00 11738.21
205.70 -53.36 -53.64 -67.88 345.42 291.04 48.70 -0.10
0.00 12161.97
191.70 -56.56 -56.75 -68.39 347.32 294.21 46.43 0.00
0.00 12612.16
177.70 -58.76 -58.91 -68.92 351.32 293.14 47.96 0.00
0.00 13090.51
163.80 -59.96 -60.12 -74.24 357.53 298.32 51.18 0.00
0.00 13600.22
149.80 -61.06 -9999.00 -9999.00 -9999.00 309.62 46.91 0.00
0.00 14156.33
135.90 -62.56 -9999.00 -9999.00 -9999.00 318.29 35.92 0.00
0.00 14758.76
121.90 -61.76 -9999.00 -9999.00 -9999.00 311.89 25.31 0.00
0.00 15430.20
108.00 -61.16 -9999.00 -9999.00 -9999.00 295.59 15.29 0.00
0.00 16180.40
94.00 -61.16 -9999.00 -9999.00 -9999.00 289.12 15.42 0.00
0.00 17041.92
81.00 -60.16 -9999.00 -9999.00 -9999.00 296.57 10.43 0.00
0.00 17967.72
70.60 -59.36 -9999.00 -9999.00 -9999.00 308.29 4.70 0.00
0.00 18826.07
62.20 -57.66 -9999.00 -9999.00 -9999.00 61.93 3.30 0.00
0.00 19621.95
54.30 -57.06 -9999.00 -9999.00 -9999.00 71.57 5.54 0.00
0.00 20479.92
46.90 -55.66 -9999.00 -9999.00 -9999.00 80.75 8.47 0.00
0.00 21409.61
40.10 -54.96 -9999.00 -9999.00 -9999.00 56.89 10.66 0.00
0.00 22408.43
33.80 -53.36 -9999.00 -9999.00 -9999.00 52.72 16.36 0.00
0.00 23504.03
27.80 -50.96 -9999.00 -9999.00 -9999.00 56.31 21.72 0.00
0.00 24768.17
22.30 -47.36 -9999.00 -9999.00 -9999.00 67.64 26.05 0.00
0.00 26213.54
17.10 -43.06 -9999.00 -9999.00 -9999.00 84.66 27.12 0.00
0.00 27985.04
12.30 -40.36 -9999.00 -9999.00 -9999.00 87.81 25.47 0.00
0.00 30217.12

STID = KMKE STNM = 726400 TIME = 200808/0300 
SLAT = 42.95 SLON = -87.90 SELV = 212.0
STIM = 5

SHOW = 2.55 LIFT = 3.82 SWET = 161.66 KINX = 25.50
LCLP = 937.98 PWAT = 28.78 TOTL = 42.81 CAPE = 0.00
LCLT = 288.78 CINS = 0.00 EQLV = -9999.00 LFCT = -9999.00
BRCH = 0.00

PRES TMPC TMWC DWPC THTE DRCT SKNT OMEG
CFRL HGHT
993.80 20.44 17.90 16.54 328.75 141.84 3.46 0.00
0.00 220.71
990.70 21.04 17.57 15.68 328.00 140.19 9.11 -0.10
0.00 247.77
985.30 21.84 16.45 13.25 324.82 142.05 12.32 -0.10
0.00 295.20
975.90 22.54 14.85 9.65 320.75 145.26 14.67 0.00
0.00 378.51
962.00 21.94 15.52 11.53 324.80 152.78 15.29 0.00
0.00 503.18
944.20 21.04 15.89 12.89 328.52 166.57 13.38 0.00
0.00 665.17
922.90 19.74 15.47 13.01 330.13 189.82 10.26 0.00
0.00 862.42
899.70 17.94 14.76 12.92 331.09 211.16 9.75 0.00
0.00 1081.38
874.50 15.64 13.78 12.68 331.54 217.30 10.26 0.00
0.00 1324.02
846.30 14.24 11.94 10.48 329.73 221.08 10.04 0.00
1.00 1602.11
815.20 14.24 9.92 6.84 328.05 262.06 8.43 -0.10
0.00 1918.70
781.30 12.64 8.09 4.59 327.78 292.31 8.20 -0.10
0.00 2276.57
744.40 9.34 6.58 4.44 329.30 293.86 11.05 0.00
0.00 2680.66
704.60 6.34 2.56 -1.16 324.71 292.87 13.50 0.10
0.00 3134.26
662.00 4.24 -2.42 -12.88 319.28 290.75 13.71 0.20
0.00 3643.66
616.50 2.24 -5.95 -27.05 318.67 286.19 12.55 0.00
0.00 4220.25
568.60 -0.86 -9.03 -45.16 320.44 262.33 10.20 -0.10
0.00 4868.72
522.10 -6.06 -12.52 -40.28 322.45 239.89 11.23 -0.10
0.00 5542.31
480.30 -11.36 -16.28 -38.75 323.91 249.44 13.29 0.00
0.00 6188.34
442.80 -16.06 -19.98 -41.84 325.34 261.36 15.52 0.10
0.00 6805.78
409.10 -20.46 -23.58 -44.98 326.90 272.39 18.67 0.20
0.00 7396.46
378.50 -24.16 -26.40 -40.71 329.80 285.55 19.56 0.20
0.00 7967.36
351.00 -27.06 -28.13 -33.31 334.43 304.61 23.60 0.20
0.00 8514.07
326.20 -30.36 -30.84 -33.31 337.12 301.88 27.21 0.10
100.00 9038.59
303.80 -33.36 -34.14 -39.73 338.63 285.89 29.08 0.10
0.00 9541.22
283.70 -36.76 -37.41 -43.42 340.00 276.69 31.68 0.00
0.00 10018.38
265.60 -40.16 -40.69 -46.97 341.17 269.67 33.80 -0.10
0.00 10471.34
248.80 -43.76 -44.04 -47.99 342.19 260.01 41.41 -0.20
25.00 10913.58
233.60 -47.26 -47.46 -51.06 342.89 263.05 46.58 -0.20
31.00 11333.68
219.60 -50.16 -50.40 -56.82 344.23 274.84 48.35 -0.20
4.00 11739.73
205.70 -52.96 -53.23 -64.93 346.09 286.53 44.37 -0.10
0.00 12163.87
191.70 -56.26 -56.46 -68.39 347.80 290.65 41.32 -0.10
0.00 12614.78
177.70 -58.46 -58.64 -73.70 351.76 291.33 43.78 -0.10
0.00 13093.79
163.80 -59.76 -59.92 -74.24 357.86 298.50 48.85 0.00
0.00 13604.10
149.80 -61.26 -61.41 -74.84 364.54 310.32 47.13 0.00
0.00 14160.22
135.90 -62.36 -9999.00 -9999.00 -9999.00 316.48 31.88 0.00
0.00 14762.64
121.90 -61.76 -9999.00 -9999.00 -9999.00 306.38 22.92 0.00
0.00 15434.40
108.00 -61.06 -9999.00 -9999.00 -9999.00 284.93 15.07 0.00
0.00 16184.78
94.00 -61.66 -9999.00 -9999.00 -9999.00 284.38 15.64 0.00
0.00 17045.48
81.00 -60.36 -9999.00 -9999.00 -9999.00 299.74 10.96 0.00
0.00 17969.76
70.60 -59.56 -9999.00 -9999.00 -9999.00 318.01 5.23 0.00
0.00 18827.31
62.20 -57.96 -9999.00 -9999.00 -9999.00 22.62 2.53 0.00
0.00 19622.25
54.30 -57.36 -9999.00 -9999.00 -9999.00 46.74 4.53 0.00
0.00 20479.03
46.90 -56.06 -9999.00 -9999.00 -9999.00 65.22 8.35 0.00
0.00 21407.23
40.10 -54.96 -9999.00 -9999.00 -9999.00 50.49 14.36 0.00
0.00 22405.13
33.80 -53.16 -9999.00 -9999.00 -9999.00 60.61 19.39 0.00
0.00 23501.23
27.80 -50.76 -9999.00 -9999.00 -9999.00 71.87 23.10 0.00
0.00 24766.51
22.30 -47.56 -9999.00 -9999.00 -9999.00 82.29 26.07 0.00
0.00 26211.89
17.10 -43.96 -9999.00 -9999.00 -9999.00 90.47 23.50 0.00
0.00 27979.12
12.30 -40.76 -9999.00 -9999.00 -9999.00 75.00 22.51 0.00
0.00 30204.93

STID = KMKE STNM = 726400 TIME = 200808/0400 
SLAT = 42.95 SLON = -87.90 SELV = 212.0
STIM = 6

SHOW = 2.85 LIFT = 3.38 SWET = 155.86 KINX = 24.36
LCLP = 947.09 PWAT = 29.38 TOTL = 42.55 CAPE = 0.00
LCLT = 289.14 CINS = 0.00 EQLV = -9999.00 LFCT = -9999.00
BRCH = 0.00

PRES TMPC TMWC DWPC THTE DRCT SKNT OMEG
CFRL HGHT
994.30 20.04 17.91 16.76 328.71 139.09 3.85 0.00
0.00 221.56
991.40 20.94 17.72 15.97 328.41 140.48 10.08 -0.10
0.00 246.84
985.90 21.74 16.73 13.83 325.72 141.98 13.56 -0.10
0.00 295.11
976.50 22.44 15.63 11.31 323.19 149.84 16.63 0.00
0.00 378.38
962.60 22.24 16.03 12.30 326.41 162.03 15.11 0.00
0.00 503.06
944.80 21.34 16.19 13.24 329.46 182.01 11.07 0.10
0.00 665.15
923.40 19.74 15.69 13.39 330.82 204.44 9.38 0.10
0.00 863.33
900.20 17.84 14.83 13.09 331.25 211.61 8.90 0.10
0.00 1082.16
874.90 15.64 13.74 12.60 331.31 208.22 9.03 0.20
0.00 1325.61
846.70 14.74 11.82 9.94 329.27 222.51 9.48 0.10
0.00 1603.77
815.70 14.74 10.12 6.85 328.58 263.66 8.80 0.10
0.00 1919.69
781.70 12.54 8.56 5.63 329.14 288.00 8.18 0.00
0.00 2278.72
744.70 9.34 6.56 4.40 329.19 293.50 9.75 0.10
0.00 2683.70
704.90 6.64 2.41 -1.85 324.26 295.84 13.81 0.10
0.00 3137.33
662.30 4.34 -2.37 -12.93 319.33 294.93 15.21 0.10
0.00 3646.82
616.70 1.94 -5.70 -22.99 319.31 290.19 14.06 0.00
0.00 4224.29
568.80 -1.16 -9.01 -38.21 320.54 265.07 11.31 -0.10
0.00 4871.93
522.30 -5.96 -12.51 -41.67 322.43 236.07 12.88 -0.10
0.00 5545.04
480.40 -11.26 -16.37 -42.46 323.67 247.38 15.15 -0.10
0.00 6192.64
442.90 -15.86 -20.02 -47.41 325.19 259.07 17.40 0.10
0.00 6810.28
409.20 -19.76 -22.89 -41.38 328.09 270.57 19.62 0.10
0.00 7401.85
378.60 -23.26 -24.88 -31.77 332.51 288.43 21.50 0.10
0.00 7974.52
351.00 -26.96 -27.58 -30.20 335.40 300.03 24.46 0.10
0.00 8524.36
326.20 -30.66 -31.15 -33.75 336.59 294.13 26.61 0.00
100.00 9048.69
303.80 -33.86 -34.67 -41.01 337.74 282.85 29.68 0.00
3.00 9550.47
283.70 -36.96 -37.81 -47.28 339.32 268.59 31.66 -0.10
0.00 10026.91
265.60 -40.56 -41.09 -47.87 340.50 263.31 35.00 -0.20
0.00 10479.27
248.80 -43.96 -44.27 -48.92 341.81 259.94 40.05 -0.20
8.00 10920.94
233.60 -47.26 -47.53 -52.96 342.77 262.09 42.37 -0.20
51.00 11340.84
219.60 -49.96 -50.21 -56.82 344.53 273.40 42.62 -0.20
0.00 11747.07
205.70 -52.66 -52.94 -64.93 346.57 282.06 40.91 -0.20
0.00 12171.69
191.70 -55.56 -55.78 -68.39 348.92 285.55 39.12 -0.20
0.00 12623.64
177.70 -57.96 -58.15 -73.70 352.58 288.43 41.76 -0.10
0.00 13103.98
163.80 -59.56 -59.73 -74.24 358.20 296.46 46.66 -0.10
0.00 13615.13
149.80 -61.66 -61.80 -74.84 363.85 310.47 46.99 0.00
0.00 14170.98
135.90 -62.56 -9999.00 -9999.00 -9999.00 312.77 31.76 0.00
0.00 14772.55
121.90 -62.06 -9999.00 -9999.00 -9999.00 300.71 22.82 0.00
0.00 15443.51
108.00 -61.36 -9999.00 -9999.00 -9999.00 281.31 17.83 0.00
0.00 16192.83
94.00 -62.06 -9999.00 -9999.00 -9999.00 286.76 16.84 0.00
0.00 17052.11
81.00 -60.26 -9999.00 -9999.00 -9999.00 306.87 12.63 0.00
0.00 17975.73
70.60 -59.06 -9999.00 -9999.00 -9999.00 327.99 7.32 0.00
0.00 18834.49
62.20 -57.46 -9999.00 -9999.00 -9999.00 353.42 5.09 0.00
0.00 19631.29
54.30 -56.86 -9999.00 -9999.00 -9999.00 28.18 6.18 0.00
0.00 20490.06
46.90 -55.86 -9999.00 -9999.00 -9999.00 54.73 9.75 0.00
0.00 21419.75
40.10 -54.96 -9999.00 -9999.00 -9999.00 53.41 15.97 0.00
0.00 22418.11
33.80 -53.56 -9999.00 -9999.00 -9999.00 67.43 18.73 0.00
0.00 23513.20
27.80 -51.56 -9999.00 -9999.00 -9999.00 78.38 21.21 0.00
0.00 24775.06
22.30 -48.66 -9999.00 -9999.00 -9999.00 86.37 24.53 0.00
0.00 26214.30
17.10 -45.06 -9999.00 -9999.00 -9999.00 83.92 23.83 0.00
0.00 27972.98
12.30 -41.06 -9999.00 -9999.00 -9999.00 73.99 24.65 0.00
0.00 30192.04

STID = KMKE STNM = 726400 TIME = 200808/0500 
SLAT = 42.95 SLON = -87.90 SELV = 212.0
STIM = 7

SHOW = 3.19 LIFT = 2.67 SWET = 146.38 KINX = 24.96
LCLP = 954.31 PWAT = 30.52 TOTL = 42.44 CAPE = 0.00
LCLT = 289.48 CINS = 0.00 EQLV = -9999.00 LFCT = -9999.00
BRCH = 0.00

PRES TMPC TMWC DWPC THTE DRCT SKNT OMEG
CFRL HGHT
994.20 19.74 17.95 16.98 328.86 146.31 4.20 0.00
0.00 221.55
991.30 20.54 17.95 16.57 329.26 146.58 11.64 -0.10
0.00 246.81
985.80 21.24 17.65 15.70 328.91 148.54 15.25 -0.10
0.00 295.04
976.40 22.34 16.87 13.73 327.42 161.36 17.02 0.00
0.00 378.30
962.50 22.44 16.82 13.64 329.16 180.00 12.82 0.10
0.00 503.10
944.70 21.34 16.48 13.75 330.48 193.30 10.98 0.10
0.00 665.32
923.40 19.64 15.71 13.49 330.90 195.35 10.28 0.10
0.00 862.58
900.10 17.64 14.66 12.93 330.70 189.66 9.27 0.10
0.00 1082.25
874.90 15.84 13.49 12.08 330.51 189.66 9.27 0.00
0.00 1324.71
846.70 15.54 11.58 8.96 328.49 220.10 9.65 0.00
0.00 1603.28
815.60 14.94 10.23 6.92 328.94 256.68 7.60 -0.10
0.00 1920.74
781.60 12.44 8.80 6.17 329.88 280.30 6.51 0.00
0.00 2279.91
744.70 9.54 6.48 4.08 328.96 288.85 8.41 0.10
0.00 2683.91
704.90 6.74 2.69 -1.29 324.99 296.22 14.51 0.10
0.00 3137.78
662.20 4.04 -1.83 -10.12 320.69 299.18 17.13 0.10
0.00 3648.45
616.70 1.34 -5.38 -18.48 320.16 292.46 15.77 0.00
0.00 4223.93
568.80 -1.66 -9.00 -32.06 320.71 266.48 12.65 -0.20
0.00 4870.40
522.30 -6.16 -12.68 -43.29 322.07 241.70 14.34 -0.20
0.00 5542.67
480.40 -11.16 -16.40 -45.96 323.57 246.45 16.53 -0.10
0.00 6190.14
442.90 -15.66 -19.84 -46.02 325.52 260.35 19.70 -0.10
0.00 6808.12
409.20 -19.46 -21.45 -28.44 330.82 277.13 20.36 0.00
0.00 7400.39
378.50 -23.26 -24.05 -26.73 334.05 293.63 20.36 0.10
0.00 7975.53
351.00 -27.06 -27.86 -31.45 334.90 297.01 22.24 0.10
11.00 8523.40
326.20 -30.86 -31.79 -37.67 335.50 289.68 25.37 0.10
25.00 9047.36
303.80 -34.16 -35.19 -44.93 336.85 275.93 30.07 0.00
0.00 9548.57
283.70 -37.76 -38.31 -43.75 338.52 268.71 34.58 0.00
0.00 10023.90
265.60 -41.16 -41.54 -46.15 339.78 262.21 37.26 -0.10
0.00 10474.94
248.80 -44.26 -44.67 -51.75 341.16 260.82 38.97 -0.10
7.00 10915.74
233.60 -47.06 -47.42 -55.36 342.94 264.57 39.02 -0.10
0.00 11335.54
219.60 -49.56 -49.88 -59.12 345.07 271.63 41.01 -0.10
0.00 11742.30
205.70 -52.36 -52.65 -64.93 347.04 278.66 41.26 -0.10
0.00 12167.59
191.70 -55.16 -55.39 -68.39 349.56 282.95 39.86 -0.10
0.00 12620.26
177.70 -57.66 -57.86 -73.70 353.07 287.40 40.91 -0.10
0.00 13101.38
163.80 -59.56 -59.73 -74.24 358.20 295.89 44.06 -0.10
0.00 13612.88
149.80 -61.86 -61.99 -74.84 363.50 311.23 43.92 0.00
0.00 14168.47
135.90 -62.96 -9999.00 -9999.00 -9999.00 312.47 31.08 0.00
0.00 14769.19
121.90 -62.06 -9999.00 -9999.00 -9999.00 297.47 21.89 0.00
0.00 15439.51
108.00 -61.56 -9999.00 -9999.00 -9999.00 282.41 19.89 0.00
0.00 16188.48
94.00 -61.96 -9999.00 -9999.00 -9999.00 289.44 17.50 0.00
0.00 17047.55
81.00 -60.16 -9999.00 -9999.00 -9999.00 305.64 12.67 0.00
0.00 17971.61
70.60 -58.86 -9999.00 -9999.00 -9999.00 325.41 6.84 0.00
0.00 18830.97
62.20 -57.46 -9999.00 -9999.00 -9999.00 357.80 5.05 0.00
0.00 19628.14
54.30 -56.76 -9999.00 -9999.00 -9999.00 42.71 6.88 0.00
0.00 20487.11
46.90 -55.86 -9999.00 -9999.00 -9999.00 66.14 11.05 0.00
0.00 21417.02
40.10 -54.96 -9999.00 -9999.00 -9999.00 67.81 15.95 0.00
0.00 22415.38
33.80 -53.86 -9999.00 -9999.00 -9999.00 74.95 18.71 0.00
0.00 23509.72
27.80 -52.06 -9999.00 -9999.00 -9999.00 76.46 21.58 0.00
0.00 24769.28
22.30 -48.86 -9999.00 -9999.00 -9999.00 80.46 23.45 0.00
0.00 26206.27
17.10 -44.66 -9999.00 -9999.00 -9999.00 80.78 23.02 0.00
0.00 27965.73
12.30 -40.96 -9999.00 -9999.00 -9999.00 76.94 24.92 0.00
0.00 30187.20

STID = KMKE STNM = 726400 TIME = 200808/0600 
SLAT = 42.95 SLON = -87.90 SELV = 212.0
STIM = 8

SHOW = 3.35 LIFT = 2.54 SWET = 143.69 KINX = 25.43
LCLP = 960.69 PWAT = 32.52 TOTL = 42.39 CAPE = 0.00
LCLT = 289.86 CINS = 0.00 EQLV = -9999.00 LFCT = -9999.00
BRCH = 0.00

PRES TMPC TMWC DWPC THTE DRCT SKNT OMEG
CFRL HGHT
993.90 19.54 18.06 17.25 329.28 162.35 4.49 0.00
0.00 221.55
991.00 20.24 18.07 16.91 329.71 161.57 12.90 0.00
0.00 246.80
985.50 21.24 17.95 16.20 330.03 163.96 16.16 0.00
0.00 295.03
976.10 22.74 17.44 14.52 329.47 180.00 16.32 0.00
0.00 378.39
962.20 22.44 17.02 13.99 329.89 188.53 15.71 0.00
0.00 503.35
944.30 21.04 16.29 13.60 329.89 188.97 14.94 0.00
0.00 666.46
923.10 19.34 15.41 13.14 329.89 184.27 13.05 0.00
0.00 862.65
899.80 17.54 14.42 12.58 329.93 175.16 11.50 0.00
0.00 1082.21
874.60 15.84 13.31 11.76 329.93 177.95 10.88 0.00
0.00 1324.68
846.50 15.64 11.38 8.50 327.87 212.47 10.14 0.00
0.00 1602.35
815.40 14.84 10.22 6.98 328.94 237.17 7.17 0.00
0.00 1919.86
781.50 12.44 8.91 6.38 330.23 255.96 5.61 0.00
0.00 2278.00
744.60 9.64 6.50 4.03 329.02 270.00 7.58 0.00
0.00 2682.14
704.80 7.04 3.07 -0.72 326.00 289.98 13.64 0.10
0.00 3136.42
662.20 4.04 -0.70 -6.44 323.46 297.41 17.72 0.10
0.00 3646.36
616.60 0.84 -3.81 -10.43 323.94 289.84 20.03 0.00
0.00 4223.03
568.70 -2.46 -8.10 -19.92 322.93 276.63 16.82 -0.10
0.00 4868.51
522.20 -6.46 -12.78 -40.28 321.95 258.98 15.23 -0.20
0.00 5539.74
480.40 -11.16 -16.45 -48.31 323.45 255.07 18.08 -0.20
0.00 6185.36
442.90 -15.76 -18.62 -28.08 328.00 269.43 19.42 -0.10
0.00 6803.35
409.10 -19.86 -20.52 -22.30 332.63 280.04 18.94 0.00
0.00 7397.12
378.50 -23.46 -24.16 -26.54 333.85 288.63 17.64 0.00
18.00 7969.91
351.00 -27.16 -28.02 -31.99 334.62 292.71 18.10 0.00
6.00 8517.44
326.20 -30.96 -31.95 -38.57 335.21 280.47 23.50 0.00
0.00 9041.17
303.80 -34.76 -35.20 -38.37 336.88 271.73 32.26 0.00
2.00 9541.68
283.70 -38.16 -38.71 -44.43 337.87 265.89 37.98 0.00
0.00 10016.04
265.60 -41.46 -42.03 -50.55 338.99 263.63 40.27 -0.10
0.00 10466.38
248.80 -44.26 -44.74 -53.96 341.04 264.26 38.85 -0.10
0.00 10906.88
233.60 -46.86 -47.25 -56.32 343.21 266.53 38.54 -0.10
0.00 11326.86
219.60 -49.16 -49.55 -62.27 345.60 272.16 41.22 -0.10
0.00 11734.16
205.70 -52.06 -52.39 -67.88 347.46 278.95 42.48 -0.10
0.00 12160.12
191.70 -54.96 -55.22 -73.19 349.83 283.26 41.51 -0.10
0.00 12613.30
177.70 -57.16 -57.38 -73.70 353.89 287.85 41.84 -0.10
0.00 13095.20
163.80 -59.26 -59.44 -74.24 358.70 295.27 42.31 0.00
0.00 13607.65
149.80 -61.56 -61.70 -74.84 364.02 309.27 39.90 0.00
0.00 14164.03
135.90 -63.26 -63.38 -75.48 371.28 309.02 29.00 0.00
0.00 14764.75
121.90 -62.16 -9999.00 -9999.00 -9999.00 290.67 22.01 0.00
0.00 15434.44
108.00 -62.06 -9999.00 -9999.00 -9999.00 281.81 21.83 0.00
0.00 16182.34
94.00 -62.46 -9999.00 -9999.00 -9999.00 289.98 18.18 0.00
0.00 17039.38
81.00 -60.76 -9999.00 -9999.00 -9999.00 304.82 10.88 0.00
0.00 17961.04
70.60 -59.16 -9999.00 -9999.00 -9999.00 339.15 4.37 0.00
0.00 18818.59
62.20 -57.96 -9999.00 -9999.00 -9999.00 39.81 4.55 0.00
0.00 19614.28
54.30 -57.06 -9999.00 -9999.00 -9999.00 65.22 8.35 0.00
0.00 20471.66
46.90 -56.06 -9999.00 -9999.00 -9999.00 74.32 11.50 0.00
0.00 21400.49
40.10 -54.86 -9999.00 -9999.00 -9999.00 72.03 15.11 0.00
0.00 22398.62
33.80 -53.26 -9999.00 -9999.00 -9999.00 74.48 18.14 0.00
0.00 23494.72
27.80 -50.96 -9999.00 -9999.00 -9999.00 75.28 19.89 0.00
0.00 24759.15
22.30 -47.46 -9999.00 -9999.00 -9999.00 81.63 20.03 0.00
0.00 26204.20
17.10 -43.96 -9999.00 -9999.00 -9999.00 80.20 21.68 0.00
0.00 27971.82
12.30 -41.16 -9999.00 -9999.00 -9999.00 71.85 24.32 0.00
0.00 30195.70

STID = KMKE STNM = 726400 TIME = 200808/0700 
SLAT = 42.95 SLON = -87.90 SELV = 212.0
STIM = 9

SHOW = 3.31 LIFT = 2.89 SWET = 144.39 KINX = 26.59
LCLP = 960.63 PWAT = 37.24 TOTL = 42.60 CAPE = 0.00
LCLT = 289.65 CINS = 0.00 EQLV = -9999.00 LFCT = -9999.00
BRCH = 0.00

PRES TMPC TMWC DWPC THTE DRCT SKNT OMEG
CFRL HGHT
994.00 19.34 17.86 17.04 328.56 182.49 4.47 0.00
0.00 221.54
991.00 20.24 17.80 16.49 328.78 179.14 13.01 0.10
0.00 247.65
985.60 21.64 17.60 15.39 328.75 182.05 16.34 0.10
0.00 295.01
976.20 22.74 17.22 14.13 328.68 189.18 19.48 0.10
0.00 378.40
962.30 22.04 16.64 13.55 328.55 190.20 19.74 0.10
0.00 503.24
944.50 20.74 15.89 13.08 328.50 186.82 18.01 0.00
0.00 665.19
923.20 19.24 14.99 12.47 328.47 181.40 15.93 0.00
0.00 862.10
900.00 17.44 14.07 12.04 328.74 176.13 14.41 0.00
0.00 1080.55
874.80 15.74 13.03 11.35 329.00 180.00 13.21 -0.10
0.00 1322.83
846.70 15.54 11.27 8.37 327.51 209.74 10.96 -0.20
0.00 1600.32
815.70 14.74 10.15 6.92 328.69 229.84 8.14 -0.30
0.00 1916.59
781.70 12.44 8.92 6.40 330.23 239.62 6.53 -0.30
0.00 2275.61
744.90 9.64 6.70 4.43 329.56 255.32 8.43 -0.20
0.00 2678.54
705.10 6.94 3.41 0.16 326.87 280.67 13.64 -0.10
0.00 3132.62
662.40 3.94 0.34 -3.50 326.06 289.87 17.15 0.00
0.00 3643.59
616.80 0.34 -0.56 -1.45 331.93 291.11 21.04 0.10
0.00 4220.09
568.80 -3.56 -4.74 -6.15 330.73 284.86 19.70 0.10
0.00 4865.95
522.20 -6.76 -10.35 -17.25 327.34 270.62 17.87 -0.10
0.00 5537.74
480.40 -11.36 -13.79 -19.00 329.06 275.77 17.39 0.00
0.00 6183.41
442.80 -15.96 -16.66 -18.18 331.86 278.75 17.89 0.10
0.00 6803.19
409.10 -19.76 -20.38 -22.01 332.90 274.81 18.51 0.10
100.00 7395.38
378.50 -23.36 -24.26 -27.42 333.67 276.48 17.21 0.10
12.00 7968.38
350.90 -27.36 -28.22 -32.27 334.31 279.04 17.31 0.10
2.00 8517.85
326.20 -31.36 -31.80 -34.21 335.51 273.31 23.54 0.10
8.00 9038.93
303.80 -35.26 -35.66 -38.59 336.14 269.67 33.41 0.10
41.00 9538.54
283.70 -38.46 -39.03 -45.17 337.36 265.73 39.16 0.10
3.00 10012.10
265.60 -41.26 -41.87 -51.19 339.24 263.29 39.90 0.00
0.00 10462.34
248.80 -43.76 -44.35 -56.89 341.65 264.63 39.41 -0.10
0.00 10903.50
233.60 -46.26 -46.79 -61.80 343.94 268.63 40.62 -0.10
0.00 11324.49
219.60 -48.96 -49.38 -64.44 345.86 274.44 42.68 -0.10
0.00 11732.51
205.70 -52.16 -52.46 -64.93 347.35 278.24 43.38 -0.10
0.00 12158.56
191.70 -54.86 -55.10 -68.39 350.04 282.33 42.75 0.00
0.00 12611.74
177.70 -56.86 -57.08 -73.70 354.38 288.61 40.17 0.00
0.00 13094.08
163.80 -58.86 -59.05 -74.24 359.37 294.63 38.68 0.00
0.00 13607.37
149.80 -61.06 -61.21 -74.84 364.88 305.98 35.04 0.00
0.00 14164.92
135.90 -62.76 -62.89 -75.48 372.17 302.60 25.60 0.00
0.00 14767.07
121.90 -62.06 -9999.00 -9999.00 -9999.00 284.84 23.50 0.00
0.00 15437.72
108.00 -62.66 -9999.00 -9999.00 -9999.00 280.94 23.54 0.00
0.00 16184.73
94.00 -62.86 -9999.00 -9999.00 -9999.00 293.96 19.13 0.00
0.00 17039.74
81.00 -60.96 -9999.00 -9999.00 -9999.00 318.09 10.18 0.00
0.00 17960.10
70.60 -58.76 -9999.00 -9999.00 -9999.00 14.04 4.00 0.00
0.00 18818.04
62.20 -57.66 -9999.00 -9999.00 -9999.00 75.38 4.62 0.00
0.00 19615.03
54.30 -57.06 -9999.00 -9999.00 -9999.00 81.25 7.67 0.00
0.00 20473.00
46.90 -56.56 -9999.00 -9999.00 -9999.00 76.76 10.18 0.00
0.00 21400.77
40.10 -55.66 -9999.00 -9999.00 -9999.00 71.10 15.00 0.00
0.00 22395.92
33.80 -53.66 -9999.00 -9999.00 -9999.00 70.02 18.18 0.00
0.00 23489.01
27.80 -49.76 -9999.00 -9999.00 -9999.00 78.90 21.17 0.00
0.00 24755.73
22.30 -46.66 -9999.00 -9999.00 -9999.00 85.20 23.19 0.00
0.00 26207.23
17.10 -43.06 -9999.00 -9999.00 -9999.00 78.06 24.42 0.00
0.00 27981.46
12.30 -41.16 -9999.00 -9999.00 -9999.00 66.92 24.28 0.00
0.00 30209.68

STID = KMKE STNM = 726400 TIME = 200808/0800 
SLAT = 42.95 SLON = -87.90 SELV = 212.0
STIM = 10

SHOW = 3.44 LIFT = 3.51 SWET = 146.87 KINX = 27.25
LCLP = 955.71 PWAT = 37.95 TOTL = 42.42 CAPE = 0.00
LCLT = 289.04 CINS = 0.00 EQLV = -9999.00 LFCT = -9999.00
BRCH = 0.00

PRES TMPC TMWC DWPC THTE DRCT SKNT OMEG
CFRL HGHT
993.80 19.14 17.45 16.51 327.18 194.62 4.62 0.00
0.00 220.67
990.80 20.14 17.41 15.90 327.41 190.46 12.84 0.10
0.00 246.76
985.30 21.44 17.22 14.86 327.47 190.91 16.41 0.10
0.00 294.98
975.90 22.64 16.82 13.46 327.31 191.63 20.22 0.20
0.00 378.33
962.10 22.04 16.32 12.98 327.49 191.98 19.66 0.20
0.00 502.25
944.30 20.84 15.47 12.24 327.07 190.84 18.59 0.20
0.00 664.22
923.00 19.24 14.43 11.46 326.63 189.36 17.91 0.20
0.00 861.13
899.80 17.54 13.48 10.91 326.81 187.13 17.23 0.00
0.00 1079.58
874.60 15.74 12.50 10.42 327.33 190.37 16.20 -0.10
0.00 1321.87
846.60 15.04 11.13 8.46 327.09 211.26 12.72 -0.20
0.00 1598.12
815.60 14.34 10.03 6.98 328.33 229.03 9.77 -0.30
0.00 1913.95
781.60 12.44 8.84 6.25 330.00 232.85 8.04 -0.30
0.00 2272.76
744.80 9.64 6.94 4.90 330.29 244.44 9.91 -0.20
0.00 2675.76
705.00 6.94 3.71 0.82 327.70 271.64 13.60 -0.10
0.00 3129.98
662.40 3.74 1.69 -0.21 329.59 287.01 17.27 0.00
0.00 3639.83
616.80 -0.06 -0.30 -0.55 332.61 292.41 20.38 0.10
9.00 4215.98
568.70 -3.56 -4.82 -6.34 330.56 294.13 20.44 0.10
0.00 4862.84
522.20 -6.96 -8.64 -11.12 331.11 296.85 17.19 0.00
0.00 5533.23
480.30 -11.46 -12.62 -14.67 331.52 282.00 15.89 0.00
0.00 6180.54
442.80 -15.46 -16.90 -20.28 331.37 273.40 19.66 0.10
3.00 6799.30
409.00 -19.56 -21.12 -26.07 331.50 267.30 20.61 0.10
30.00 7393.98
378.40 -23.56 -24.62 -28.59 333.05 265.43 19.48 0.00
3.00 7967.02
350.90 -27.76 -28.46 -31.72 333.90 266.50 19.08 0.00
1.00 8513.90
326.10 -31.76 -32.05 -33.61 335.12 266.72 23.74 0.00
100.00 9036.33
303.80 -35.86 -36.15 -38.37 335.32 271.45 30.71 0.00
100.00 9532.76
283.70 -38.56 -39.23 -47.28 337.02 265.58 37.80 0.00
0.00 10005.60
265.60 -41.26 -41.98 -55.27 339.03 263.66 40.46 -0.10
0.00 10455.73
248.80 -43.76 -44.40 -59.58 341.57 265.44 41.51 -0.20
0.00 10896.88
233.60 -46.26 -46.79 -61.80 343.94 268.96 42.74 -0.20
0.00 11317.87
219.60 -48.86 -49.29 -64.44 346.01 272.86 42.79 -0.20
0.00 11725.98
205.70 -52.06 -52.36 -64.93 347.51 275.53 42.35 -0.20
0.00 12152.22
191.70 -54.76 -55.01 -68.39 350.20 280.33 42.25 -0.10
0.00 12605.61
177.70 -56.46 -56.70 -73.70 355.04 287.00 39.20 -0.10
0.00 13088.51
163.80 -58.56 -58.75 -74.24 359.88 291.06 36.23 0.00
0.00 13602.63
149.80 -60.96 -61.11 -74.84 365.05 301.08 31.97 0.00
0.00 14160.71
135.90 -62.96 -63.09 -75.48 371.81 296.77 24.59 0.00
0.00 14762.71
121.90 -62.76 -62.91 -76.19 383.91 282.96 25.12 0.00
0.00 15431.93
108.00 -63.26 -9999.00 -9999.00 -9999.00 282.48 24.28 0.00
0.00 16176.64
94.00 -62.96 -9999.00 -9999.00 -9999.00 293.59 18.43 0.00
0.00 17030.23
81.00 -60.66 -9999.00 -9999.00 -9999.00 316.97 7.96 0.00
0.00 17951.02
70.60 -58.96 -9999.00 -9999.00 -9999.00 71.57 0.62 0.00
0.00 18809.17
62.20 -58.56 -9999.00 -9999.00 -9999.00 108.43 3.07 0.00
0.00 19604.12
54.30 -58.06 -9999.00 -9999.00 -9999.00 73.81 6.27 0.00
0.00 20458.31
46.90 -57.46 -9999.00 -9999.00 -9999.00 53.81 9.87 0.00
0.00 21382.00
40.10 -55.56 -9999.00 -9999.00 -9999.00 65.43 14.96 0.00
0.00 22375.32
33.80 -52.76 -9999.00 -9999.00 -9999.00 72.94 17.87 0.00
0.00 23470.91
27.80 -48.66 -9999.00 -9999.00 -9999.00 85.84 21.43 0.00
0.00 24743.35
22.30 -46.76 -9999.00 -9999.00 -9999.00 91.01 22.14 0.00
0.00 26198.08
17.10 -43.46 -9999.00 -9999.00 -9999.00 76.46 21.58 0.00
0.00 27970.36
12.30 -41.56 -9999.00 -9999.00 -9999.00 61.32 25.91 0.00
0.00 30194.73

STID = KMKE STNM = 726400 TIME = 200808/0900 
SLAT = 42.95 SLON = -87.90 SELV = 212.0
STIM = 11

SHOW = 3.80 LIFT = 3.94 SWET = 149.13 KINX = 26.77
LCLP = 950.11 PWAT = 37.43 TOTL = 41.85 CAPE = 0.00
LCLT = 288.38 CINS = 0.00 EQLV = -9999.00 LFCT = -9999.00
BRCH = 0.00

PRES TMPC TMWC DWPC THTE DRCT SKNT OMEG
CFRL HGHT
993.60 18.94 17.02 15.93 325.73 196.93 4.66 0.10
0.00 221.53
990.60 19.94 16.90 15.18 325.72 194.62 13.85 0.10
0.00 247.60
985.20 21.14 16.64 14.04 325.52 194.65 17.68 0.20
0.00 294.89
975.80 22.54 16.29 12.53 325.49 193.66 21.39 0.20
0.00 378.17
961.90 21.94 16.08 12.60 326.70 194.72 19.89 0.20
0.00 502.93
944.10 20.84 15.34 12.01 326.68 198.43 19.04 0.10
0.00 664.89
922.90 19.24 14.37 11.34 326.43 200.14 18.63 0.10
0.00 860.89
899.70 17.54 13.22 10.44 326.00 200.19 18.01 0.00
0.00 1079.34
874.60 15.54 11.94 9.54 325.57 200.48 17.21 -0.10
0.00 1320.54
846.50 14.54 10.95 8.48 326.56 211.66 13.69 -0.10
0.00 1597.42
815.50 13.74 9.94 7.26 328.09 225.76 10.30 -0.10
0.00 1912.70
781.60 12.24 8.64 6.02 329.41 225.00 8.80 -0.20
0.00 2269.97
744.70 9.54 7.01 5.11 330.51 235.71 10.35 -0.10
0.00 2673.89
705.00 7.04 3.74 0.79 327.78 262.88 12.53 0.00
0.00 3127.01
662.30 3.74 2.54 1.50 331.90 291.52 14.82 0.10
0.00 3638.30
616.70 0.04 -0.51 -1.07 332.07 298.57 19.91 0.20
11.00 4214.74
568.60 -3.66 -4.74 -6.03 330.77 303.84 20.57 0.20
2.00 4861.68
522.10 -7.06 -8.81 -11.44 330.75 294.69 18.61 0.10
0.00 5531.95
480.20 -11.36 -12.98 -16.02 330.78 278.60 16.90 0.00
0.00 6179.32
442.70 -15.66 -17.83 -23.80 329.58 269.42 19.23 0.00
0.00 6797.96
409.00 -19.66 -21.75 -29.44 330.33 262.48 20.77 0.00
0.00 7390.46
378.40 -24.06 -24.87 -27.83 332.62 259.74 20.73 0.10
4.00 7962.78
350.90 -27.96 -28.36 -30.08 334.09 259.96 22.30 0.00
100.00 8508.92
326.10 -32.16 -32.40 -33.76 334.53 263.99 22.26 0.00
100.00 9030.72
303.80 -36.36 -36.70 -39.49 334.43 268.75 26.81 0.00
100.00 9526.21
283.70 -38.96 -39.68 -49.37 336.29 265.63 35.64 0.00
0.00 9998.14
265.60 -41.56 -42.31 -57.61 338.51 262.46 39.98 0.00
0.00 10447.58
248.80 -44.06 -44.70 -61.32 341.08 262.71 41.32 0.00
0.00 10888.16
233.60 -46.26 -46.81 -63.98 343.90 265.86 43.05 0.00
0.00 11308.87
219.60 -48.76 -49.20 -64.44 346.17 268.45 43.14 -0.10
0.00 11717.07
205.70 -51.86 -52.20 -67.88 347.78 272.15 41.41 -0.10
0.00 12143.59
191.70 -54.26 -54.52 -68.39 351.00 278.96 39.92 0.00
0.00 12597.70
177.70 -55.66 -55.92 -73.70 356.35 286.64 37.30 0.00
0.00 13082.04
163.80 -58.16 -58.37 -74.24 360.55 290.78 34.50 0.00
0.00 13597.60
149.80 -60.96 -9999.00 -9999.00 -9999.00 294.90 29.99 0.00
0.00 14156.19
135.90 -63.06 -63.18 -75.48 371.64 288.29 23.52 0.00
0.00 14758.05
121.90 -62.96 -9999.00 -9999.00 -9999.00 277.18 26.44 0.00
0.00 15426.79
108.00 -63.36 -9999.00 -9999.00 -9999.00 287.89 25.93 0.00
0.00 16170.97
94.00 -63.16 -9999.00 -9999.00 -9999.00 299.27 20.26 0.00
0.00 17023.95
81.00 -60.86 -9999.00 -9999.00 -9999.00 309.64 8.84 0.00
0.00 17943.87
70.60 -59.86 -9999.00 -9999.00 -9999.00 216.03 2.64 0.00
0.00 18799.81
62.20 -59.46 -9999.00 -9999.00 -9999.00 122.74 3.22 0.00
0.00 19591.42
54.30 -58.06 -9999.00 -9999.00 -9999.00 68.46 7.94 0.00
0.00 20443.82
46.90 -56.66 -9999.00 -9999.00 -9999.00 53.84 12.51 0.00
0.00 21369.23
40.10 -54.06 -9999.00 -9999.00 -9999.00 69.78 15.73 0.00
0.00 22367.82
33.80 -51.76 -9999.00 -9999.00 -9999.00 79.19 17.60 0.00
0.00 23469.66
27.80 -49.76 -9999.00 -9999.00 -9999.00 88.75 17.87 0.00
0.00 24741.81
22.30 -48.56 -9999.00 -9999.00 -9999.00 79.51 16.01 0.00
0.00 26187.19
17.10 -45.66 -9999.00 -9999.00 -9999.00 65.11 20.77 0.00
0.00 27943.93
12.30 -42.16 -9999.00 -9999.00 -9999.00 62.98 32.50 0.00
0.00 30154.79

STID = KMKE STNM = 726400 TIME = 200808/1000 
SLAT = 42.95 SLON = -87.90 SELV = 212.0
STIM = 12

SHOW = 3.51 LIFT = 4.06 SWET = 153.42 KINX = 25.96
LCLP = 938.98 PWAT = 36.80 TOTL = 42.21 CAPE = 0.00
LCLT = 287.31 CINS = 0.00 EQLV = -9999.00 LFCT = -9999.00
BRCH = 0.00

PRES TMPC TMWC DWPC THTE DRCT SKNT OMEG
CFRL HGHT
993.60 18.84 16.44 15.04 323.79 197.74 5.09 0.10
0.00 220.65
990.60 19.94 16.32 14.19 323.77 195.45 15.31 0.20
0.00 246.71
985.10 21.14 16.08 13.02 323.64 196.19 18.80 0.20
0.00 294.87
975.70 22.54 15.69 11.38 323.52 196.79 23.54 0.20
0.00 378.11
961.90 21.74 15.63 11.88 325.19 197.67 23.04 0.20
0.00 501.90
944.10 20.54 15.34 12.20 326.68 200.43 21.13 0.20
0.00 663.71
922.90 19.04 14.79 12.24 327.84 202.89 18.98 0.20
0.00 859.59
899.70 17.34 13.70 11.44 327.55 204.50 16.86 0.10
0.00 1077.96
874.50 15.64 12.22 9.98 326.45 203.39 15.66 0.20
0.00 1320.16
846.40 14.74 11.15 8.71 327.18 212.28 13.09 0.20
0.00 1597.25
815.40 13.94 10.11 7.44 328.63 219.67 10.35 0.10
0.00 1912.80
781.50 12.44 8.61 5.81 329.33 220.49 10.47 0.10
0.00 2270.37
744.60 9.84 6.89 4.64 330.16 236.58 11.64 0.10
0.00 2674.65
704.90 7.44 3.50 -0.15 327.12 262.12 12.74 0.10
0.00 3128.31
662.20 4.04 2.73 1.60 332.42 287.45 14.26 0.10
0.00 3640.27
616.60 0.34 -0.54 -1.40 332.03 301.61 17.79 0.20
0.00 4217.42
568.60 -3.46 -5.02 -6.95 330.10 301.15 20.65 0.20
0.00 4863.58
522.10 -6.86 -9.19 -12.91 329.90 287.60 21.19 0.00
0.00 5534.22
480.20 -11.46 -13.97 -19.47 328.74 278.13 19.23 -0.20
0.00 6181.53
442.70 -15.66 -18.27 -26.23 328.72 265.79 18.51 -0.20
0.00 6799.89
409.00 -20.26 -21.54 -25.59 330.76 258.69 19.81 -0.10
4.00 7391.72
378.40 -24.26 -24.75 -26.45 332.84 260.97 21.04 0.00
100.00 7963.21
350.90 -28.06 -28.44 -30.08 333.96 266.36 21.41 0.00
100.00 8509.04
326.10 -32.66 -32.97 -34.86 333.58 268.30 19.62 0.00
100.00 9030.19
303.80 -36.66 -37.15 -41.57 333.71 270.95 23.50 0.00
0.00 9524.82
283.70 -39.26 -39.97 -49.98 335.82 266.16 31.93 0.00
0.00 9996.14
265.60 -41.86 -42.56 -56.36 338.11 262.91 34.65 0.00
0.00 10445.01
248.80 -43.86 -44.52 -61.32 341.38 263.50 37.72 0.00
0.00 10885.49
233.60 -45.86 -46.44 -63.98 344.50 264.47 42.35 0.00
0.00 11306.75
219.60 -48.56 -49.01 -64.44 346.48 265.32 42.87 -0.10
0.00 11715.49
205.70 -51.36 -51.72 -67.88 348.56 270.27 41.38 -0.10
0.00 12142.69
191.70 -53.36 -53.66 -68.39 352.45 280.48 39.51 -0.10
0.00 12598.24
177.70 -55.36 -55.63 -73.70 356.84 288.53 36.67 -0.10
0.00 13083.91
163.80 -58.06 -58.27 -74.24 360.72 288.87 32.44 -0.10
0.00 13599.95
149.80 -61.06 -9999.00 -9999.00 -9999.00 286.55 27.97 0.00
0.00 14158.54
135.90 -62.86 -62.99 -75.48 371.99 278.71 24.36 0.00
0.00 14760.54
121.90 -63.36 -9999.00 -9999.00 -9999.00 272.82 27.62 0.00
0.00 15428.96
108.00 -63.46 -9999.00 -9999.00 -9999.00 292.20 26.22 0.00
0.00 16172.25
94.00 -62.96 -9999.00 -9999.00 -9999.00 305.81 18.92 0.00
0.00 17025.44
81.00 -60.56 -9999.00 -9999.00 -9999.00 308.23 8.16 0.00
0.00 17946.45
70.60 -60.16 -9999.00 -9999.00 -9999.00 235.49 3.77 0.00
0.00 18802.38
62.20 -59.26 -9999.00 -9999.00 -9999.00 105.95 1.42 0.00
0.00 19593.81
54.30 -57.16 -9999.00 -9999.00 -9999.00 59.26 8.35 0.00
0.00 20448.40
46.90 -56.06 -9999.00 -9999.00 -9999.00 60.55 13.83 0.00
0.00 21377.03
40.10 -54.16 -9999.00 -9999.00 -9999.00 73.30 16.22 0.00
0.00 22376.76
33.80 -52.16 -9999.00 -9999.00 -9999.00 76.55 18.38 0.00
0.00 23477.36
27.80 -51.16 -9999.00 -9999.00 -9999.00 84.29 15.62 0.00
0.00 24744.36
22.30 -48.86 -9999.00 -9999.00 -9999.00 65.81 14.69 0.00
0.00 26184.25
17.10 -45.36 -9999.00 -9999.00 -9999.00 67.19 22.55 0.00
0.00 27940.99
12.30 -42.06 -9999.00 -9999.00 -9999.00 70.14 32.01 0.00
0.00 30153.78

STID = KMKE STNM = 726400 TIME = 200808/1100 
SLAT = 42.95 SLON = -87.90 SELV = 212.0
STIM = 13

SHOW = 2.55 LIFT = 3.58 SWET = 159.62 KINX = 26.27
LCLP = 929.72 PWAT = 36.59 TOTL = 43.80 CAPE = 0.00
LCLT = 286.34 CINS = 0.00 EQLV = -9999.00 LFCT = -9999.00
BRCH = 0.00

PRES TMPC TMWC DWPC THTE DRCT SKNT OMEG
CFRL HGHT
994.30 18.74 15.92 14.23 322.02 194.04 5.61 0.10
0.00 221.51
991.40 19.84 15.86 13.45 322.17 193.52 15.79 0.10
0.00 246.66
985.90 21.04 15.74 12.45 322.41 194.31 19.64 0.20
0.00 294.74
976.50 22.44 15.81 11.67 323.80 198.01 25.12 0.30
0.00 377.89
962.70 21.74 15.77 12.14 325.55 199.56 24.94 0.40
0.00 501.57
944.90 20.54 15.50 12.50 327.13 200.61 22.63 0.40
0.00 663.26
923.60 19.04 15.03 12.66 328.54 200.96 19.56 0.30
0.00 859.92
900.30 17.54 14.02 11.89 328.54 202.17 17.00 0.20
0.00 1079.20
875.20 16.24 12.68 10.41 327.81 204.26 15.13 0.10
0.00 1320.62
847.00 15.34 11.60 9.12 328.49 212.78 13.64 0.10
0.00 1599.11
816.00 14.24 10.40 7.76 329.42 215.96 12.24 0.00
0.00 1914.97
782.00 12.54 8.69 5.89 329.50 219.92 12.41 -0.10
0.00 2273.62
745.10 10.34 6.74 3.92 329.61 236.82 12.06 -0.10
0.00 2678.02
705.30 8.04 3.58 -0.58 327.26 263.85 12.70 0.00
0.00 3133.36
662.60 4.44 2.66 1.11 332.15 279.96 14.59 0.10
0.00 3645.88
616.90 0.44 -0.62 -1.67 331.76 297.79 16.24 0.20
0.00 4224.43
568.90 -3.36 -5.14 -7.37 329.76 296.79 21.97 0.10
0.00 4870.46
522.30 -7.36 -9.91 -14.28 328.31 287.97 22.67 0.00
0.00 5541.65
480.40 -11.56 -14.57 -21.94 327.47 279.18 19.48 -0.10
0.00 6187.85
442.90 -15.86 -18.11 -24.52 329.01 266.05 16.94 -0.10
0.00 6805.55
409.10 -20.36 -21.21 -23.67 331.36 258.93 18.20 0.00
2.00 7398.65
378.50 -24.16 -24.55 -25.89 333.16 263.22 19.76 0.10
100.00 7970.04
351.00 -28.26 -28.78 -31.19 333.34 269.40 18.65 0.10
100.00 8515.61
326.20 -33.16 -33.68 -37.25 332.39 274.85 20.67 0.10
57.00 9035.82
303.80 -36.76 -37.31 -42.47 333.45 268.70 25.64 0.10
4.00 9531.94
283.70 -39.76 -40.40 -49.37 335.14 264.03 29.88 0.10
0.00 10002.65
265.60 -41.86 -42.58 -57.61 338.07 262.17 31.37 0.10
0.00 10451.04
248.80 -43.36 -44.05 -61.32 342.12 264.67 37.65 0.00
0.00 10892.00
233.60 -45.66 -46.25 -63.98 344.81 264.88 41.34 0.00
0.00 11313.90
219.60 -48.36 -48.82 -64.44 346.78 264.90 41.53 -0.10
0.00 11723.01
205.70 -51.06 -51.43 -67.88 349.04 270.57 39.24 -0.10
0.00 12150.68
191.70 -53.16 -53.47 -68.39 352.77 281.37 36.46 -0.10
0.00 12606.75
177.70 -55.36 -55.63 -73.70 356.84 288.00 32.67 -0.10
0.00 13092.65
163.80 -57.96 -58.17 -74.24 360.88 285.05 29.18 -0.10
0.00 13608.80
149.80 -60.96 -9999.00 -9999.00 -9999.00 279.26 27.76 0.00
0.00 14167.66
135.90 -62.66 -62.79 -75.48 372.35 273.44 25.87 0.00
0.00 14770.08
121.90 -63.76 -9999.00 -9999.00 -9999.00 271.21 27.58 0.00
0.00 15438.18
108.00 -63.76 -9999.00 -9999.00 -9999.00 296.37 25.80 0.00
0.00 16180.24
94.00 -62.56 -9999.00 -9999.00 -9999.00 310.36 15.29 0.00
0.00 17033.62
81.00 -60.36 -9999.00 -9999.00 -9999.00 303.18 6.04 0.00
0.00 17955.94
70.60 -59.86 -9999.00 -9999.00 -9999.00 243.43 4.78 0.00
0.00 18812.88
62.20 -58.36 -9999.00 -9999.00 -9999.00 45.00 0.27 0.00
0.00 19606.53
54.30 -56.86 -9999.00 -9999.00 -9999.00 48.95 7.98 0.00
0.00 20463.51
46.90 -55.96 -9999.00 -9999.00 -9999.00 60.26 14.10 0.00
0.00 21392.99
40.10 -55.06 -9999.00 -9999.00 -9999.00 71.57 15.37 0.00
0.00 22390.89
33.80 -53.46 -9999.00 -9999.00 -9999.00 77.68 17.31 0.00
0.00 23485.99
27.80 -52.26 -9999.00 -9999.00 -9999.00 76.89 14.57 0.00
0.00 24746.12
22.30 -48.46 -9999.00 -9999.00 -9999.00 65.10 17.99 0.00
0.00 26183.76
17.10 -45.06 -9999.00 -9999.00 -9999.00 78.15 28.38 0.00
0.00 27943.21
12.30 -42.36 -9999.00 -9999.00 -9999.00 77.81 32.19 0.00
0.00 30156.01

STID = KMKE STNM = 726400 TIME = 200808/1200 
SLAT = 42.95 SLON = -87.90 SELV = 212.0
STIM = 14

SHOW = 1.63 LIFT = 3.02 SWET = 169.17 KINX = 26.68
LCLP = 920.86 PWAT = 37.21 TOTL = 45.00 CAPE = 0.00
LCLT = 286.22 CINS = 0.00 EQLV = -9999.00 LFCT = -9999.00
BRCH = 0.00

PRES TMPC TMWC DWPC THTE DRCT SKNT OMEG
CFRL HGHT
994.60 19.44 16.19 14.26 322.83 191.31 5.94 0.10
0.00 220.66
991.60 19.94 15.96 13.55 322.44 192.30 15.50 0.20
0.00 246.71
986.10 20.44 15.77 12.91 322.52 192.59 18.71 0.20
0.00 294.75
976.70 22.34 16.24 12.57 325.23 196.26 24.28 0.30
0.00 377.80
962.80 21.84 16.02 12.55 326.38 196.83 24.15 0.40
0.00 502.39
945.00 20.74 15.70 12.72 327.75 198.75 22.36 0.40
0.00 664.16
923.70 19.44 15.26 12.82 329.30 203.63 20.36 0.30
0.00 861.02
900.50 18.04 14.55 12.49 330.24 209.05 18.01 0.20
0.00 1079.69
875.30 16.64 13.44 11.50 330.27 210.72 15.60 0.10
0.00 1322.49
847.10 15.44 12.11 9.98 330.11 214.32 14.82 0.00
0.00 1601.29
816.10 14.14 10.74 8.48 330.50 216.71 14.30 0.00
0.00 1917.19
782.10 12.54 8.88 6.26 330.06 220.43 13.77 -0.10
0.00 2275.80
745.20 10.84 6.59 3.19 329.15 237.72 13.09 -0.10
0.00 2680.49
705.40 8.44 3.73 -0.66 327.63 260.27 13.79 -0.10
0.00 3136.44
662.70 4.84 1.93 -0.79 330.14 270.00 14.96 0.00
0.00 3649.48
617.00 0.24 -0.71 -1.66 331.51 290.56 14.94 0.00
0.00 4228.02
568.90 -3.76 -5.19 -6.97 329.65 296.32 20.16 0.00
0.00 4874.64
522.30 -7.56 -10.02 -14.23 328.09 293.63 20.36 0.00
0.00 5545.11
480.40 -11.56 -14.24 -20.39 328.13 281.59 15.46 0.00
0.00 6191.10
442.90 -15.76 -17.40 -21.47 330.39 262.07 15.50 0.00
0.00 6809.03
409.10 -20.06 -20.90 -23.28 331.92 260.45 19.89 0.10
12.00 7402.67
378.50 -24.16 -24.79 -27.02 332.74 263.32 21.72 0.10
100.00 7974.39
351.00 -28.46 -29.03 -31.72 332.92 264.17 19.13 0.20
2.00 8519.71
326.20 -33.46 -33.72 -35.37 332.33 277.51 25.27 0.20
100.00 9039.40
303.80 -37.36 -37.70 -40.74 332.83 271.33 25.06 0.10
100.00 9534.61
283.70 -40.06 -40.72 -50.62 334.63 261.81 25.91 0.10
1.00 10004.42
265.60 -41.56 -42.35 -60.81 338.42 261.76 29.84 0.10
0.00 10452.80
248.80 -43.56 -44.24 -61.32 341.82 267.15 35.20 0.10
0.00 10893.85
233.60 -45.86 -46.44 -63.98 344.50 268.53 37.90 0.00
0.00 11315.39
219.60 -48.46 -48.94 -67.41 346.59 268.53 37.90 0.00
0.00 11724.22
205.70 -51.06 -51.43 -67.88 349.04 272.83 35.39 -0.10
0.00 12151.80
191.70 -53.16 -53.47 -68.39 352.77 279.69 32.32 -0.10
0.00 12607.87
177.80 -55.26 -55.54 -73.70 356.95 282.41 29.84 -0.20
0.00 13090.27
163.80 -57.96 -58.17 -74.24 360.88 279.33 27.56 -0.10
0.00 13610.11
149.80 -61.26 -9999.00 -9999.00 -9999.00 274.37 28.05 -0.10
0.00 14168.57
135.90 -63.56 -9999.00 -9999.00 -9999.00 270.40 27.58 -0.10
0.00 14769.29
121.90 -64.36 -9999.00 -9999.00 -9999.00 271.65 27.02 0.00
0.00 15435.00
108.00 -64.06 -9999.00 -9999.00 -9999.00 298.43 24.07 0.00
0.00 16175.46
94.00 -62.06 -9999.00 -9999.00 -9999.00 308.80 12.70 0.00
0.00 17029.25
81.00 -59.96 -9999.00 -9999.00 -9999.00 285.07 5.23 0.00
0.00 17953.53
70.60 -59.46 -9999.00 -9999.00 -9999.00 256.50 4.99 0.00
0.00 18812.08
62.20 -58.36 -9999.00 -9999.00 -9999.00 11.31 1.98 0.00
0.00 19606.47
54.30 -57.86 -9999.00 -9999.00 -9999.00 39.99 7.87 0.00
0.00 20461.46
46.90 -56.96 -9999.00 -9999.00 -9999.00 63.43 12.59 0.00
0.00 21386.65
40.10 -56.26 -9999.00 -9999.00 -9999.00 77.96 14.90 0.00
0.00 22379.51
33.80 -54.36 -9999.00 -9999.00 -9999.00 85.29 16.57 0.00
0.00 23469.35
27.80 -52.06 -9999.00 -9999.00 -9999.00 79.22 16.61 0.00
0.00 24727.49
22.30 -47.76 -9999.00 -9999.00 -9999.00 70.42 21.45 0.00
0.00 26168.03
17.10 -44.26 -9999.00 -9999.00 -9999.00 80.66 29.91 0.00
0.00 27933.31
12.30 -42.46 -9999.00 -9999.00 -9999.00 80.21 33.12 0.00
0.00 30149.48

STID = KMKE STNM = 726400 TIME = 200808/1300 
SLAT = 42.95 SLON = -87.90 SELV = 212.0
STIM = 15

SHOW = 0.21 LIFT = 2.32 SWET = 188.33 KINX = 28.91
LCLP = 905.42 PWAT = 38.58 TOTL = 46.39 CAPE = 0.00
LCLT = 286.62 CINS = 0.00 EQLV = -9999.00 LFCT = -9999.00
BRCH = 0.00

PRES TMPC TMWC DWPC THTE DRCT SKNT OMEG
CFRL HGHT
994.30 21.24 17.20 14.92 326.21 191.00 7.13 0.10
0.00 221.59
991.40 20.94 16.75 14.33 325.07 191.98 13.11 0.10
0.00 246.91
985.90 20.54 16.42 14.01 324.70 192.77 14.94 0.20
0.00 295.06
976.40 21.64 16.12 12.81 324.91 195.00 22.51 0.20
0.00 378.96
962.60 21.84 16.00 12.50 326.32 195.88 23.43 0.20
0.00 502.53
944.80 20.94 15.83 12.84 328.23 199.38 22.24 0.20
0.00 664.40
923.50 19.74 16.06 14.02 332.09 209.67 19.23 0.10
0.00 861.52
900.20 18.44 15.89 14.51 334.97 220.60 16.12 0.10
0.00 1081.61
875.00 16.84 14.77 13.61 334.84 222.84 14.57 0.10
0.00 1324.95
846.80 15.24 13.07 11.77 333.34 220.68 14.61 0.10
0.00 1604.07
815.70 13.74 11.39 9.90 332.65 220.91 15.42 0.10
0.00 1920.99
781.80 12.24 9.23 7.14 331.19 223.98 15.38 0.00
0.00 2278.41
744.90 10.64 6.76 3.72 329.71 237.53 15.19 0.00
0.00 2682.99
705.10 8.34 4.13 0.38 328.80 253.07 14.01 0.00
0.00 3138.97
662.40 4.84 0.84 -3.35 327.29 261.51 13.15 0.10
0.00 3652.07
616.80 0.24 -0.97 -2.20 330.88 283.60 12.39 0.20
0.00 4229.36
568.80 -3.76 -5.14 -6.84 329.80 296.27 16.69 0.20
1.00 4874.77
522.20 -7.36 -9.82 -13.99 328.52 293.45 17.58 0.10
0.00 5545.63
480.30 -11.46 -14.02 -19.68 328.61 278.25 13.54 0.00
0.00 6192.15
442.80 -15.66 -17.59 -22.62 330.04 259.56 15.02 0.00
0.00 6810.44
409.00 -19.56 -21.46 -27.98 330.88 268.87 19.62 0.10
0.00 7404.80
378.50 -23.96 -25.08 -29.52 332.20 271.53 21.76 0.20
25.00 7975.39
350.90 -28.96 -29.60 -32.86 331.98 266.49 22.18 0.20
8.00 8522.39
326.10 -33.76 -34.13 -36.66 331.69 270.00 25.45 0.20
100.00 9041.34
303.80 -37.36 -37.84 -42.47 332.60 268.03 22.55 0.20
39.00 9534.09
283.70 -39.46 -40.32 -55.83 335.25 261.15 23.99 0.20
0.00 10004.49
265.60 -41.36 -42.17 -60.81 338.72 267.55 27.21 0.10
0.00 10453.63
248.80 -43.36 -44.05 -61.32 342.12 271.06 31.47 0.10
0.00 10895.07
233.60 -45.76 -46.35 -63.98 344.66 272.88 34.81 0.00
0.00 11316.88
219.60 -48.36 -48.84 -67.41 346.74 272.89 34.62 0.00
0.00 11725.89
205.70 -50.76 -51.15 -67.88 349.51 272.98 33.64 -0.10
0.00 12153.86
191.70 -52.96 -53.28 -68.39 353.09 275.41 32.98 -0.10
0.00 12610.44
177.70 -55.56 -55.83 -73.70 356.51 276.94 30.54 -0.10
0.00 13096.33
163.80 -58.16 -58.37 -74.24 360.55 271.64 27.21 -0.10
0.00 13612.01
149.80 -61.36 -61.50 -74.84 364.36 265.91 27.27 0.00
0.00 14170.08
135.90 -63.56 -9999.00 -9999.00 -9999.00 269.22 28.36 0.00
0.00 14770.66
121.90 -63.66 -9999.00 -9999.00 -9999.00 279.26 27.76 0.00
0.00 15437.48
108.00 -63.36 -9999.00 -9999.00 -9999.00 301.95 23.12 0.00
0.00 16180.42
94.00 -61.76 -9999.00 -9999.00 -9999.00 307.73 13.01 0.00
0.00 17036.25
81.00 -60.56 -9999.00 -9999.00 -9999.00 289.80 5.17 0.00
0.00 17959.87
70.60 -60.06 -9999.00 -9999.00 -9999.00 287.65 4.49 0.00
0.00 18816.01
62.20 -58.56 -9999.00 -9999.00 -9999.00 29.05 4.00 0.00
0.00 19608.92
54.30 -57.76 -9999.00 -9999.00 -9999.00 45.97 8.10 0.00
0.00 20463.71
46.90 -56.46 -9999.00 -9999.00 -9999.00 75.00 11.27 0.00
0.00 21390.19
40.10 -55.96 -9999.00 -9999.00 -9999.00 81.87 12.35 0.00
0.00 22384.88
33.80 -53.76 -9999.00 -9999.00 -9999.00 82.75 10.76 0.00
0.00 23476.97
27.80 -50.66 -9999.00 -9999.00 -9999.00 74.27 14.34 0.00
0.00 24740.83
22.30 -47.86 -9999.00 -9999.00 -9999.00 77.52 22.47 0.00
0.00 26185.56
17.10 -45.16 -9999.00 -9999.00 -9999.00 80.93 28.32 0.00
0.00 27946.96
12.30 -42.06 -9999.00 -9999.00 -9999.00 83.08 33.86 0.00
0.00 30160.71

STID = KMKE STNM = 726400 TIME = 200808/1400 
SLAT = 42.95 SLON = -87.90 SELV = 212.0
STIM = 16

SHOW = -1.34 LIFT = 1.33 SWET = 202.96 KINX = 29.82
LCLP = 888.76 PWAT = 39.18 TOTL = 48.40 CAPE = 0.00
LCLT = 286.89 CINS = 0.00 EQLV = -9999.00 LFCT = -9999.00
BRCH = 0.00

PRES TMPC TMWC DWPC THTE DRCT SKNT OMEG
CFRL HGHT
993.70 23.04 18.12 15.48 329.49 194.62 9.23 0.10
0.00 221.66
990.70 22.64 17.76 15.08 328.59 194.66 13.05 0.10
0.00 248.03
985.30 22.04 17.37 14.78 327.99 195.45 15.31 0.20
0.00 295.61
975.90 21.24 16.82 14.31 327.36 195.95 19.79 0.20
0.00 378.86
962.00 21.04 16.03 13.08 326.55 197.67 23.04 0.20
0.00 503.20
944.20 20.64 15.69 12.78 327.86 199.16 24.26 0.20
0.00 664.88
922.90 19.54 16.24 14.43 332.81 205.42 21.72 0.20
0.00 861.99
899.70 18.44 16.75 15.87 338.20 211.93 15.79 0.10
0.00 1081.27
874.40 16.94 15.75 15.10 338.45 216.87 13.60 0.10
3.00 1325.94
846.30 15.34 13.81 12.92 335.94 215.63 14.34 0.20
3.00 1604.51
815.20 14.04 11.82 10.45 334.14 220.16 16.26 0.30
2.00 1921.95
781.20 12.64 9.40 7.16 331.79 229.61 17.09 0.30
0.00 2281.15
744.40 11.04 7.20 4.27 331.07 240.26 15.66 0.30
0.00 2685.53
704.70 8.74 4.23 0.20 329.12 249.25 13.71 0.30
0.00 3141.32
662.10 5.44 0.43 -5.19 326.24 259.85 13.23 0.20
0.00 3654.30
616.50 0.74 -1.22 -3.26 330.30 280.10 14.39 0.10
0.00 4232.84
568.50 -3.66 -4.97 -6.56 330.25 294.90 17.99 0.00
0.00 4879.23
522.00 -7.86 -9.74 -12.77 328.77 291.91 18.22 -0.10
0.00 5548.52
480.10 -11.66 -14.23 -20.03 328.24 287.16 13.83 -0.20
0.00 6194.49
442.70 -15.96 -18.51 -26.45 328.27 276.75 14.86 -0.20
0.00 6810.64
409.00 -19.76 -22.25 -32.89 329.38 271.29 17.29 0.00
0.00 7402.60
378.40 -24.16 -25.63 -32.23 331.25 271.25 17.87 0.10
0.00 7974.59
350.90 -29.36 -30.07 -33.95 331.19 272.99 22.38 0.20
0.00 8518.97
326.10 -33.46 -34.23 -40.33 331.52 265.28 21.25 0.20
44.00 9037.77
303.80 -36.76 -37.62 -48.20 332.91 265.87 18.90 0.10
0.00 9531.41
283.70 -38.96 -39.91 -58.54 335.88 266.93 21.79 0.10
0.00 10002.89
265.60 -41.26 -42.06 -59.06 338.90 270.00 24.67 0.00
0.00 10452.61
248.80 -43.36 -44.08 -63.51 342.08 274.14 29.60 -0.10
0.00 10894.14
233.60 -45.96 -46.56 -66.97 344.31 275.85 32.42 -0.10
0.00 11315.76
219.60 -48.66 -49.13 -67.41 346.28 275.16 32.38 -0.10
0.00 11724.32
205.70 -50.96 -51.34 -67.88 349.19 273.18 31.51 -0.10
0.00 12151.81
191.70 -53.16 -53.49 -73.19 352.72 272.88 30.92 -0.10
0.00 12607.98
177.70 -55.46 -55.73 -73.70 356.68 272.23 29.93 -0.10
0.00 13093.76
163.80 -58.06 -58.27 -74.24 360.72 265.66 28.24 0.00
0.00 13609.67
149.80 -61.06 -61.21 -74.84 364.88 262.92 29.95 0.00
0.00 14168.27
135.90 -63.26 -9999.00 -9999.00 -9999.00 269.63 29.91 0.00
0.00 14769.70
121.90 -63.76 -9999.00 -9999.00 -9999.00 281.23 28.92 0.00
0.00 15436.84
108.00 -63.36 -9999.00 -9999.00 -9999.00 300.67 19.42 0.00
0.00 16179.61
94.00 -62.26 -9999.00 -9999.00 -9999.00 307.07 10.96 0.00
0.00 17034.41
81.00 -61.56 -9999.00 -9999.00 -9999.00 293.20 4.43 0.00
0.00 17954.77
70.60 -60.46 -9999.00 -9999.00 -9999.00 302.47 5.07 0.00
0.00 18808.09
62.20 -58.56 -9999.00 -9999.00 -9999.00 49.90 4.82 0.00
0.00 19600.26
54.30 -57.66 -9999.00 -9999.00 -9999.00 69.59 8.92 0.00
0.00 20455.25
46.90 -56.56 -9999.00 -9999.00 -9999.00 84.64 12.49 0.00
0.00 21381.73
40.10 -55.56 -9999.00 -9999.00 -9999.00 80.54 13.00 0.00
0.00 22377.11
33.80 -53.46 -9999.00 -9999.00 -9999.00 71.88 11.25 0.00
0.00 23470.95
27.80 -50.46 -9999.00 -9999.00 -9999.00 63.13 16.34 0.00
0.00 24736.23
22.30 -47.66 -9999.00 -9999.00 -9999.00 78.14 23.62 0.00
0.00 26182.26
17.10 -45.66 -9999.00 -9999.00 -9999.00 80.06 27.02 0.00
0.00 27942.49
12.30 -41.26 -9999.00 -9999.00 -9999.00 83.55 34.60 0.00
0.00 30157.69

STID = KMKE STNM = 726400 TIME = 200808/1500 
SLAT = 42.95 SLON = -87.90 SELV = 212.0
STIM = 17

SHOW = -2.28 LIFT = -0.03 SWET = 368.50 KINX = 29.92
LCLP = 874.32 PWAT = 40.42 TOTL = 49.71 CAPE = 0.00
LCLT = 287.17 CINS = 0.00 EQLV = -9999.00 LFCT = -9999.00
BRCH = 0.00

PRES TMPC TMWC DWPC THTE DRCT SKNT OMEG
CFRL HGHT
994.00 24.74 18.99 16.02 332.55 196.11 9.09 0.10
0.00 220.83
991.00 24.14 18.57 15.64 331.44 196.19 12.55 0.10
0.00 247.34
985.50 23.54 18.22 15.38 330.92 196.99 14.63 0.10
0.00 296.05
976.10 22.54 17.70 15.09 330.41 197.59 16.71 0.10
0.00 379.71
962.20 21.34 17.04 14.67 330.00 199.98 20.45 0.20
0.00 504.42
944.40 20.34 16.35 14.11 330.09 203.07 22.80 0.20
0.00 666.16
923.10 19.64 16.75 15.22 334.64 207.41 23.64 0.10
0.00 863.24
899.90 18.64 17.07 16.26 339.36 211.69 18.49 0.10
0.00 1082.65
874.60 17.14 16.12 15.57 339.80 215.46 15.73 -0.10
14.00 1327.49
846.40 15.54 14.28 13.57 337.61 218.12 16.05 -0.10
9.00 1607.26
815.30 14.14 12.27 11.14 335.62 223.60 16.90 -0.10
6.00 1924.92
781.40 12.84 10.00 8.12 333.66 232.87 17.06 -0.10
2.00 2283.30
744.50 11.14 7.75 5.28 332.72 238.67 15.70 -0.20
0.00 2689.04
704.70 9.24 4.28 -0.20 329.22 245.88 14.26 -0.20
0.00 3146.48
662.10 5.94 0.33 -6.16 325.96 259.18 13.44 -0.20
0.00 3660.30
616.60 1.14 -1.57 -4.55 329.37 279.83 14.78 -0.10
0.00 4238.34
568.60 -3.96 -4.75 -5.70 330.74 296.57 15.64 0.00
0.00 4884.70
522.00 -8.26 -9.59 -11.65 329.11 290.39 16.16 0.10
2.00 5554.61
480.20 -11.76 -14.47 -20.84 327.72 281.77 14.28 0.00
0.00 6198.38
442.70 -15.76 -18.41 -26.67 328.46 282.88 13.95 0.00
0.00 6816.22
409.00 -19.66 -22.27 -33.80 329.33 274.82 16.18 0.10
0.00 7408.51
378.40 -24.26 -25.63 -31.63 331.26 263.93 18.36 0.20
0.00 7980.49
350.90 -29.36 -30.26 -35.54 330.86 269.49 21.95 0.20
2.00 8524.75
326.10 -32.96 -34.17 -46.52 331.56 277.13 17.23 0.20
0.00 9044.06
303.80 -36.06 -37.21 -55.27 333.54 286.26 14.57 0.10
0.00 9538.90
283.70 -39.26 -40.18 -58.54 335.45 280.19 17.56 0.00
0.00 10010.77
265.60 -41.56 -42.33 -59.06 338.47 273.01 22.18 0.00
0.00 10459.91
248.80 -43.66 -44.36 -63.51 341.63 276.57 27.18 0.00
0.00 10900.86
233.60 -46.16 -46.74 -66.97 344.00 279.07 28.32 0.00
0.00 11322.03
219.60 -48.76 -49.22 -67.41 346.12 275.44 28.69 0.00
0.00 11730.32
205.70 -50.76 -51.17 -72.71 349.46 269.25 29.72 0.00
0.00 12157.89
191.70 -52.76 -53.11 -73.19 353.36 268.59 31.47 0.00
0.00 12614.68
177.70 -55.06 -55.34 -73.70 357.33 269.27 30.69 -0.10
0.00 13101.35
163.80 -57.96 -58.17 -74.24 360.88 264.67 29.27 -0.10
0.00 13617.86
149.80 -60.86 -61.02 -74.84 365.22 266.07 31.16 0.00
0.00 14176.85
135.90 -63.06 -9999.00 -9999.00 -9999.00 274.24 31.55 0.00
0.00 14778.85
121.90 -63.66 -9999.00 -9999.00 -9999.00 284.04 29.64 0.00
0.00 15446.47
108.00 -63.26 -9999.00 -9999.00 -9999.00 294.29 17.48 0.00
0.00 16189.59
94.00 -62.46 -9999.00 -9999.00 -9999.00 291.57 8.97 0.00
0.00 17044.19
81.00 -62.06 -9999.00 -9999.00 -9999.00 263.42 5.09 0.00
0.00 17963.02
70.60 -60.96 -9999.00 -9999.00 -9999.00 289.80 5.17 0.00
0.00 18814.34
62.20 -58.96 -9999.00 -9999.00 -9999.00 83.66 5.28 0.00
0.00 19604.84
54.30 -57.76 -9999.00 -9999.00 -9999.00 94.76 9.36 0.00
0.00 20458.83
46.90 -55.76 -9999.00 -9999.00 -9999.00 95.53 12.10 0.00
0.00 21386.81
40.10 -53.96 -9999.00 -9999.00 -9999.00 93.37 13.23 0.00
0.00 22387.70
33.80 -52.26 -9999.00 -9999.00 -9999.00 74.05 11.31 0.00
0.00 23488.54
27.80 -50.46 -9999.00 -9999.00 -9999.00 64.29 17.46 0.00
0.00 24757.26
22.30 -48.86 -9999.00 -9999.00 -9999.00 81.87 21.97 0.00
0.00 26199.41
17.10 -45.96 -9999.00 -9999.00 -9999.00 81.76 28.46 0.00
0.00 27953.81
12.30 -41.56 -9999.00 -9999.00 -9999.00 85.06 36.07 0.00
0.00 30166.12

STID = KMKE STNM = 726400 TIME = 200808/1600 
SLAT = 42.95 SLON = -87.90 SELV = 212.0
STIM = 18

SHOW = -2.52 LIFT = -0.95 SWET = 375.76 KINX = 31.55
LCLP = 865.75 PWAT = 41.92 TOTL = 49.72 CAPE = 33.60
LCLT = 287.72 CINS = -309.27 EQLV = 338.28 LFCT = 581.03
BRCH = 2.24

PRES TMPC TMWC DWPC THTE DRCT SKNT OMEG
CFRL HGHT
993.90 26.14 19.84 16.73 335.76 195.78 9.29 0.10
0.00 221.76
990.90 25.44 19.43 16.41 334.64 195.82 12.12 0.10
0.00 248.41
985.50 24.84 19.11 16.20 334.20 196.39 13.77 0.10
0.00 296.46
976.10 23.84 18.65 15.99 333.85 196.35 15.19 0.10
0.00 380.51
962.20 22.54 18.05 15.72 333.64 197.59 16.71 0.10
0.00 505.81
944.40 20.94 17.33 15.43 333.60 202.01 19.70 0.10
0.00 668.13
923.10 19.74 17.10 15.73 335.92 206.10 21.19 0.10
0.00 865.53
899.80 18.84 17.18 16.33 339.79 211.05 21.10 0.00
0.00 1086.04
874.50 17.24 16.24 15.70 340.25 214.85 18.71 -0.10
16.00 1331.04
846.40 15.44 14.60 14.11 338.73 219.06 17.27 -0.10
27.00 1609.88
815.30 14.14 12.56 11.62 336.61 224.54 17.17 -0.10
11.00 1927.56
781.30 12.84 10.47 8.96 335.21 231.55 16.86 -0.20
5.00 2287.11
744.40 10.94 8.44 6.72 334.89 235.78 17.62 -0.20
4.00 2692.92
704.60 9.04 4.80 1.19 330.74 239.04 15.85 -0.30
0.00 3150.29
662.00 6.24 0.56 -5.91 326.55 254.67 12.49 -0.30
0.00 3664.37
616.50 1.44 -1.56 -4.88 329.41 279.32 13.19 -0.20
0.00 4243.12
568.50 -3.96 -4.77 -5.74 330.72 293.53 13.13 0.00
0.00 4889.93
522.00 -7.96 -9.85 -12.95 328.52 287.22 14.43 0.10
0.00 5558.77
480.10 -11.66 -14.26 -20.18 328.17 282.24 16.49 0.10
0.00 6204.60
442.70 -15.66 -18.11 -25.30 329.03 281.04 16.22 0.00
0.00 6821.13
408.90 -19.56 -21.92 -31.27 330.02 272.54 17.50 0.00
0.00 7415.53
378.40 -24.46 -25.84 -32.08 330.89 261.30 19.25 0.10
0.00 7985.63
350.90 -28.96 -30.35 -40.19 330.67 270.00 17.68 0.10
0.00 8530.07
326.10 -32.36 -33.81 -50.86 332.12 317.66 11.83 0.10
0.00 9050.41
303.80 -36.26 -37.30 -51.47 333.42 352.87 10.96 0.00
0.00 9545.66
283.70 -39.56 -40.45 -58.54 335.02 287.22 14.43 0.00
0.00 10017.03
265.60 -41.66 -42.42 -59.06 338.32 275.51 22.24 0.00
0.00 10465.78
248.80 -43.86 -44.54 -63.51 341.33 279.18 25.58 0.00
0.00 10906.45
233.60 -46.36 -46.93 -66.97 343.70 279.32 25.19 0.00
0.00 11327.25
219.60 -48.66 -49.13 -67.41 346.28 270.00 26.81 0.00
0.00 11735.45
205.70 -50.66 -51.08 -72.71 349.62 266.47 31.53 0.00
0.00 12163.22
191.70 -52.66 -53.01 -73.19 353.52 268.63 32.44 0.00
0.00 12620.21
177.70 -54.96 -55.25 -73.70 357.50 268.90 30.30 0.00
0.00 13107.10
163.80 -57.76 -57.98 -74.24 361.22 264.09 28.32 0.00
0.00 13623.97
149.80 -60.56 -60.72 -74.84 365.74 266.68 30.17 0.00
0.00 14183.61
135.90 -62.66 -9999.00 -9999.00 -9999.00 275.29 31.60 0.00
0.00 14786.61
121.90 -63.36 -9999.00 -9999.00 -9999.00 285.67 28.05 0.00
0.00 15455.34
108.00 -62.86 -9999.00 -9999.00 -9999.00 296.57 16.51 0.00
0.00 16199.70
94.00 -62.66 -9999.00 -9999.00 -9999.00 287.70 9.58 0.00
0.00 17054.71
81.00 -61.86 -9999.00 -9999.00 -9999.00 267.27 8.16 0.00
0.00 17973.54
70.60 -60.26 -9999.00 -9999.00 -9999.00 278.13 6.88 0.00
0.00 18826.66
62.20 -58.46 -9999.00 -9999.00 -9999.00 119.05 4.00 0.00
0.00 19619.39
54.30 -56.86 -9999.00 -9999.00 -9999.00 110.14 6.22 0.00
0.00 20476.17
46.90 -55.46 -9999.00 -9999.00 -9999.00 103.74 8.99 0.00
0.00 21406.72
40.10 -53.96 -9999.00 -9999.00 -9999.00 88.83 9.52 0.00
0.00 22408.29
33.80 -52.06 -9999.00 -9999.00 -9999.00 58.32 10.72 0.00
0.00 23509.64
27.80 -50.06 -9999.00 -9999.00 -9999.00 65.22 19.46 0.00
0.00 24780.07
22.30 -48.76 -9999.00 -9999.00 -9999.00 78.48 20.42 0.00
0.00 26223.83
17.10 -44.46 -9999.00 -9999.00 -9999.00 79.58 26.86 0.00
0.00 27984.46
12.30 -41.06 -9999.00 -9999.00 -9999.00 90.94 35.55 0.00
0.00 30206.41

STID = KMKE STNM = 726400 TIME = 200808/1700 
SLAT = 42.95 SLON = -87.90 SELV = 212.0
STIM = 19

SHOW = -2.70 LIFT = -1.82 SWET = 371.60 KINX = 35.38
LCLP = 860.08 PWAT = 43.91 TOTL = 49.44 CAPE = 318.63
LCLT = 288.37 CINS = -125.85 EQLV = 273.53 LFCT = 613.95
BRCH = 34.72

PRES TMPC TMWC DWPC THTE DRCT SKNT OMEG
CFRL HGHT
993.40 27.34 20.65 17.49 339.01 201.37 9.60 0.10
0.00 220.92
990.40 26.64 20.28 17.23 337.99 200.45 12.24 0.10
0.00 247.69
985.00 25.94 19.95 17.06 337.52 199.98 13.64 0.00
0.00 295.98
975.50 25.04 19.54 16.86 337.32 200.56 14.94 0.00
0.00 381.33
961.70 23.74 18.96 16.61 337.14 201.67 16.30 -0.10
0.00 506.36
943.80 22.04 18.22 16.31 336.99 202.86 17.50 -0.20
0.00 670.39
922.50 20.24 17.56 16.20 337.71 208.04 20.24 -0.20
0.00 868.51
899.30 18.94 17.31 16.49 340.39 212.98 21.78 -0.30
0.00 1088.47
874.00 17.04 16.50 16.18 341.30 218.19 21.99 -0.30
12.00 1333.61
845.90 14.94 14.86 14.76 339.75 223.89 21.29 -0.30
54.00 1612.35
814.80 13.74 12.81 12.25 337.56 228.05 20.63 -0.30
16.00 1929.82
780.80 12.74 10.72 9.44 336.09 231.25 20.18 -0.40
4.00 2289.36
744.00 10.24 9.20 8.50 337.37 232.92 20.94 -0.40
9.00 2693.91
704.20 8.04 5.86 4.20 333.94 231.78 19.77 -0.30
3.00 3150.51
661.60 5.84 0.90 -4.41 327.54 237.41 14.06 -0.20
0.00 3663.90
616.20 1.44 -1.90 -5.74 328.61 261.53 9.23 0.00
0.00 4241.31
568.20 -3.86 -4.86 -6.07 330.56 277.94 8.43 0.10
0.00 4888.49
521.80 -7.36 -9.95 -14.40 328.33 277.77 12.94 0.10
0.00 5556.99
480.00 -11.76 -13.07 -15.51 330.64 274.97 17.93 0.00
0.00 6202.17
442.50 -14.96 -18.45 -31.23 328.33 277.05 18.98 0.00
0.00 6821.33
408.80 -19.56 -22.33 -35.21 329.25 271.85 18.07 0.00
0.00 7414.87
378.30 -24.26 -26.42 -39.77 329.83 274.29 15.58 0.00
0.00 7985.24
350.80 -28.26 -30.09 -45.86 331.07 303.93 12.88 0.10
0.00 8530.74
326.10 -32.06 -33.29 -44.28 333.00 6.17 14.45 0.00
0.00 9050.11
303.80 -36.76 -37.46 -44.93 333.18 14.24 13.42 -0.10
0.00 9545.19
283.70 -39.96 -40.77 -55.83 334.53 293.32 12.28 -0.10
0.00 10015.68
265.60 -42.46 -43.18 -60.81 337.11 285.34 22.77 0.00
0.00 10463.28
248.80 -44.56 -45.19 -63.51 340.29 283.55 22.38 0.10
0.00 10902.51
233.60 -46.66 -47.19 -63.98 343.29 272.63 21.19 0.10
0.00 11322.39
219.60 -48.56 -49.03 -67.41 346.43 266.24 26.67 0.10
0.00 11730.40
205.70 -50.56 -50.98 -72.71 349.77 266.72 30.56 0.00
0.00 12158.37
191.70 -52.56 -52.92 -73.19 353.68 268.93 31.27 0.00
0.00 12615.57
177.70 -54.86 -55.15 -73.70 357.66 267.40 29.95 0.00
0.00 13102.68
163.80 -57.56 -57.78 -74.24 361.55 263.87 29.12 0.00
0.00 13619.90
149.80 -60.46 -60.62 -74.84 365.91 267.45 30.54 -0.10
0.00 14179.94
135.90 -62.56 -9999.00 -9999.00 -9999.00 277.62 30.77 -0.10
0.00 14783.22
121.90 -63.56 -9999.00 -9999.00 -9999.00 288.03 26.36 0.00
0.00 15451.80
108.00 -63.06 -9999.00 -9999.00 -9999.00 295.24 15.03 0.00
0.00 16195.45
94.00 -62.66 -9999.00 -9999.00 -9999.00 267.71 9.71 0.00
0.00 17050.05
81.00 -61.56 -9999.00 -9999.00 -9999.00 267.95 10.88 0.00
0.00 17969.53
70.60 -59.96 -9999.00 -9999.00 -9999.00 291.54 7.94 0.00
0.00 18823.86
62.20 -58.26 -9999.00 -9999.00 -9999.00 78.69 1.98 0.00
0.00 19617.51
54.30 -56.46 -9999.00 -9999.00 -9999.00 81.87 4.12 0.00
0.00 20475.49
46.90 -56.06 -9999.00 -9999.00 -9999.00 92.73 8.16 0.00
0.00 21405.61
40.10 -54.76 -9999.00 -9999.00 -9999.00 61.61 8.18 0.00
0.00 22403.97
33.80 -52.76 -9999.00 -9999.00 -9999.00 48.81 12.39 0.00
0.00 23501.56
27.80 -50.76 -9999.00 -9999.00 -9999.00 69.38 20.96 0.00
0.00 24767.99
22.30 -48.36 -9999.00 -9999.00 -9999.00 76.97 21.54 0.00
0.00 26210.79
17.10 -43.46 -9999.00 -9999.00 -9999.00 90.38 28.94 0.00
0.00 27976.85
12.30 -41.36 -9999.00 -9999.00 -9999.00 94.82 34.69 0.00
0.00 30202.18

STID = KMKE STNM = 726400 TIME = 200808/1800 
SLAT = 42.95 SLON = -87.90 SELV = 212.0
STIM = 20

SHOW = -3.27 LIFT = -3.10 SWET = 269.93 KINX = 32.46
LCLP = 857.98 PWAT = 44.35 TOTL = 50.37 CAPE = 678.24
LCLT = 289.00 CINS = -110.40 EQLV = 253.24 LFCT = 631.46
BRCH = 39.35

PRES TMPC TMWC DWPC THTE DRCT SKNT OMEG
CFRL HGHT
992.60 28.14 21.28 18.16 341.71 192.65 9.75 0.00
0.00 221.85
989.60 27.54 20.95 17.91 340.80 191.66 12.49 0.00
0.00 248.73
984.10 26.84 20.64 17.75 340.36 190.52 13.83 -0.10
0.00 298.11
974.70 25.94 20.23 17.56 340.17 190.44 15.02 -0.20
0.00 382.93
960.80 24.64 19.67 17.31 340.02 190.62 15.81 -0.30
0.00 509.39
943.00 23.04 18.97 17.02 340.01 192.09 16.69 -0.40
0.00 673.24
921.70 21.04 18.13 16.71 340.03 197.70 19.17 -0.40
0.00 872.20
898.50 19.54 17.66 16.73 341.85 205.17 21.46 -0.40
0.00 1092.92
873.30 17.34 16.62 16.23 341.91 211.64 22.59 -0.30
8.00 1337.69
845.20 15.14 15.06 14.96 340.59 218.81 22.94 -0.10
78.00 1616.92
814.20 14.44 12.76 11.77 337.47 227.37 23.23 0.10
25.00 1934.10
780.30 13.44 11.17 9.78 337.68 232.13 24.36 0.20
3.00 2293.70
743.40 11.24 9.33 8.09 337.90 232.40 24.51 0.20
0.00 2700.85
703.70 9.34 5.15 1.68 331.90 236.74 21.60 0.30
4.00 3158.30
661.30 6.64 0.76 -5.89 327.15 253.24 16.84 0.30
0.00 3671.24
615.90 1.64 -1.57 -5.14 329.50 269.18 13.60 0.30
0.00 4249.92
568.00 -4.06 -4.79 -5.66 330.77 264.73 12.68 0.30
0.00 4896.09
521.60 -7.96 -9.68 -12.43 328.98 268.24 12.63 0.30
0.00 5563.95
479.80 -11.66 -12.86 -15.02 331.13 266.01 16.74 0.20
0.00 6208.88
442.40 -15.46 -17.66 -23.63 329.97 268.07 17.31 0.20
0.00 6826.25
408.80 -19.26 -22.24 -36.83 329.38 296.94 13.29 0.10
0.00 7417.97
378.30 -23.36 -25.66 -38.90 331.14 319.32 14.61 0.10
0.00 7989.69
350.80 -27.66 -29.10 -37.85 332.79 329.64 15.75 0.10
0.00 8536.89
326.10 -32.36 -33.13 -38.57 333.30 357.68 14.39 0.10
0.00 9056.65
303.70 -36.76 -37.31 -42.47 333.48 2.91 11.48 0.10
3.00 9553.76
283.70 -40.16 -40.95 -55.83 334.24 289.98 15.91 0.00
0.00 10021.80
265.60 -43.16 -43.78 -57.61 336.17 292.95 23.41 0.00
0.00 10468.53
248.80 -44.66 -45.19 -56.89 340.31 281.21 21.00 0.00
0.00 10907.01
233.60 -46.46 -46.97 -61.80 343.64 264.97 24.38 0.00
0.00 11326.98
219.60 -48.76 -49.22 -67.41 346.12 264.33 27.53 0.00
0.00 11735.00
205.70 -50.86 -51.27 -72.71 349.30 266.68 30.17 0.00
0.00 12162.48
191.70 -52.76 -53.11 -73.19 353.36 268.94 31.47 0.00
0.00 12619.17
177.70 -55.26 -55.54 -73.70 357.01 268.58 31.27 0.00
0.00 13105.61
163.80 -58.06 -58.27 -74.24 360.72 266.59 29.39 -0.10
0.00 13621.77
149.80 -60.86 -61.02 -74.84 365.22 267.29 28.79 -0.10
0.00 14180.62
135.90 -62.86 -9999.00 -9999.00 -9999.00 275.34 27.12 0.00
0.00 14782.91
121.90 -63.66 -9999.00 -9999.00 -9999.00 285.03 21.72 0.00
0.00 15450.85
108.00 -62.86 -9999.00 -9999.00 -9999.00 276.15 12.70 0.10
0.00 16194.67
94.00 -62.06 -9999.00 -9999.00 -9999.00 245.34 13.03 0.00
0.00 17050.91
81.00 -60.86 -9999.00 -9999.00 -9999.00 269.09 12.24 0.00
0.00 17973.22
70.60 -59.46 -9999.00 -9999.00 -9999.00 304.51 7.54 0.00
0.00 18829.96
62.20 -57.86 -9999.00 -9999.00 -9999.00 45.00 0.82 0.00
0.00 19625.28
54.30 -56.26 -9999.00 -9999.00 -9999.00 100.01 3.36 0.00
0.00 20484.45
46.90 -56.86 -9999.00 -9999.00 -9999.00 110.85 8.72 0.00
0.00 21413.28
40.10 -55.56 -9999.00 -9999.00 -9999.00 71.57 7.98 0.00
0.00 22407.98
33.80 -53.26 -9999.00 -9999.00 -9999.00 62.39 14.26 0.00
0.00 23502.32
27.80 -51.16 -9999.00 -9999.00 -9999.00 82.16 21.37 0.00
0.00 24766.17
22.30 -47.56 -9999.00 -9999.00 -9999.00 76.79 22.94 0.00
0.00 26210.26
17.10 -43.06 -9999.00 -9999.00 -9999.00 93.47 25.68 0.00
0.00 27980.99
12.30 -41.26 -9999.00 -9999.00 -9999.00 98.80 30.46 0.00
0.00 30208.73

STID = KMKE STNM = 726400 TIME = 200808/1900 
SLAT = 42.95 SLON = -87.90 SELV = 212.0
STIM = 21

SHOW = -3.22 LIFT = -3.40 SWET = 390.45 KINX = 32.12
LCLP = 849.55 PWAT = 44.52 TOTL = 50.21 CAPE = 947.03
LCLT = 289.18 CINS = -81.97 EQLV = 238.87 LFCT = 646.61
BRCH = 51.40

PRES TMPC TMWC DWPC THTE DRCT SKNT OMEG
CFRL HGHT
992.20 29.14 21.77 18.49 343.79 193.76 9.79 0.00
0.00 220.99
989.20 28.44 21.42 18.26 342.80 193.39 12.59 0.00
0.00 247.97
983.70 27.74 21.11 18.10 342.36 193.65 13.99 -0.20
0.00 297.53
974.30 26.84 20.71 17.90 342.14 192.61 15.13 -0.40
0.00 382.65
960.50 25.64 20.19 17.67 342.15 192.53 16.12 -0.60
0.00 508.67
942.60 24.04 19.49 17.36 342.11 192.60 16.92 -0.80
0.00 674.08
921.40 22.04 18.63 17.00 342.01 193.28 17.75 -0.90
0.00 872.89
898.10 20.04 17.74 16.62 342.24 204.18 20.86 -0.80
0.00 1095.23
872.90 17.84 16.72 16.13 342.32 208.57 22.34 -0.60
0.00 1340.51
844.80 15.74 15.29 15.02 341.54 218.44 24.05 -0.40
51.00 1620.40
813.80 14.54 13.25 12.50 339.24 229.69 25.21 -0.10
22.00 1938.18
779.90 13.54 11.16 9.70 337.71 237.03 25.70 0.20
10.00 2298.13
743.20 12.24 8.66 6.20 335.76 238.96 25.62 0.30
0.00 2703.87
703.50 9.74 5.11 1.22 331.79 243.22 23.29 0.40
0.00 3162.40
661.10 6.54 1.45 -3.83 329.03 255.96 18.41 0.40
0.00 3675.84
615.70 1.74 -1.32 -4.66 330.15 266.53 12.84 0.30
0.00 4254.84
567.90 -3.66 -4.88 -6.36 330.57 255.12 12.86 0.30
0.00 4900.40
521.50 -7.66 -9.64 -12.83 329.08 258.98 15.23 0.20
0.00 5569.19
479.70 -11.16 -13.32 -17.65 330.17 272.60 17.11 0.00
0.00 6215.11
442.40 -15.56 -17.16 -21.05 330.96 275.71 15.62 -0.10
0.00 6831.34
408.70 -19.46 -21.61 -29.45 330.66 306.53 13.05 -0.20
0.00 7424.68
378.20 -23.16 -25.13 -34.60 332.13 316.70 13.87 -0.10
0.00 7996.65
350.80 -27.66 -29.00 -36.74 332.98 310.91 15.42 0.00
0.00 8542.20
326.00 -32.36 -33.22 -39.54 333.18 336.30 8.70 0.00
0.00 9064.15
303.70 -36.56 -37.24 -44.17 333.57 318.69 8.53 0.00
0.00 9559.30
283.70 -40.46 -41.11 -51.31 334.01 301.26 25.45 0.00
0.00 10027.24
265.60 -43.86 -44.23 -50.55 335.47 297.94 25.29 0.10
0.00 10473.03
248.80 -45.46 -45.88 -54.84 339.21 281.40 24.57 0.00
0.00 10910.08
233.50 -47.16 -47.66 -63.98 342.58 267.30 24.69 0.00
0.00 11331.51
219.60 -49.16 -49.62 -72.27 345.46 261.63 26.71 0.00
0.00 11735.72
205.70 -51.16 -51.53 -67.88 348.88 262.03 29.43 0.10
0.00 12162.53
191.70 -52.96 -53.30 -73.19 353.04 266.14 31.74 0.10
0.00 12618.70
177.70 -55.46 -55.73 -73.70 356.68 267.84 30.91 0.10
0.00 13104.70
163.80 -58.06 -58.27 -74.24 360.72 264.09 28.32 0.10
0.00 13620.62
149.80 -60.46 -60.62 -74.84 365.91 261.87 26.11 0.10
0.00 14180.00
135.90 -61.96 -9999.00 -9999.00 -9999.00 267.18 23.72 0.00
0.00 14784.13
121.90 -62.66 -9999.00 -9999.00 -9999.00 274.36 20.45 0.00
0.00 15455.10
108.00 -62.56 -9999.00 -9999.00 -9999.00 262.79 15.46 0.00
0.00 16201.23
94.00 -62.56 -9999.00 -9999.00 -9999.00 247.48 17.25 0.00
0.00 17057.05
81.00 -61.36 -9999.00 -9999.00 -9999.00 274.84 11.50 0.00
0.00 17977.19
70.60 -59.76 -9999.00 -9999.00 -9999.00 321.71 4.70 0.00
0.00 18832.32
62.20 -58.46 -9999.00 -9999.00 -9999.00 99.46 2.37 0.00
0.00 19625.98
54.30 -56.86 -9999.00 -9999.00 -9999.00 106.93 4.66 0.00
0.00 20482.75
46.90 -56.96 -9999.00 -9999.00 -9999.00 99.46 5.91 0.00
0.00 21410.09
40.10 -54.46 -9999.00 -9999.00 -9999.00 50.96 9.25 0.00
0.00 22407.08
33.80 -52.86 -9999.00 -9999.00 -9999.00 66.30 17.40 0.00
0.00 23505.17
27.80 -51.56 -9999.00 -9999.00 -9999.00 87.78 20.03 0.00
0.00 24769.03
22.30 -47.56 -9999.00 -9999.00 -9999.00 82.69 22.92 0.00
0.00 26211.82
17.10 -43.56 -9999.00 -9999.00 -9999.00 90.46 24.09 0.00
0.00 27980.60
12.30 -40.96 -9999.00 -9999.00 -9999.00 98.19 25.91 0.00
0.00 30207.38
STN YYMMDD/HHMM PMSL PRES SKTC STC1 SNFL WTNS
P01M C01M STC2 LCLD MCLD HCLD
SNRA UWND VWND R01M BFGR T2MS
Q2MS WXTS WXTP WXTZ WXTR USTM
VSTM HLCY SLLH WSYM CDBP VSBK
TD2M
726400 200807/2200 1019.50 994.80 29.14 302.30 -9999.00 0.00
-9999.00 -9999.00 302.10 0.00 7.00 0.00
-9999.00 -4.10 2.10 -9999.00 -9999.00 25.24
11.01 0.00 0.00 0.00 0.00 -0.20
-5.80 41.80 -9999.00 999.00 -9999.00 20.00
15.17
726400 200807/2300 1019.30 994.60 26.74 299.90 0.00 100.00
0.00 0.00 300.20 2.00 22.00 0.00
-9999.00 -3.80 2.50 -9999.00 -9999.00 24.34
10.37 0.00 0.00 0.00 0.00 -0.40
-5.60 43.30 -9999.00 999.00 -9999.00 20.00
14.25
726400 200808/0000 1019.90 995.10 24.04 297.20 0.00 100.00
0.00 0.00 297.70 0.00 75.00 0.00
-9999.00 -2.70 2.60 -9999.00 -9999.00 23.34
10.46 0.00 0.00 0.00 0.00 -0.10
-5.40 52.20 -9999.00 999.00 -9999.00 20.00
14.39
726400 200808/0100 1019.70 995.00 21.24 294.40 0.00 100.00
0.00 0.00 295.20 0.00 100.00 0.00
-9999.00 -1.70 1.60 -9999.00 -9999.00 21.74
11.07 0.00 0.00 0.00 0.00 0.40
-5.50 63.00 -9999.00 999.00 -9999.00 20.00
15.26
726400 200808/0200 1019.60 994.80 19.74 292.90 0.00 100.00
0.00 0.00 293.60 0.00 41.00 0.00
-9999.00 -1.50 1.30 -9999.00 -9999.00 20.24
11.87 0.00 0.00 0.00 0.00 0.70
-5.70 68.00 -9999.00 999.00 -9999.00 20.00
16.32
726400 200808/0300 1019.60 994.80 18.94 292.10 0.00 100.00
0.00 0.00 292.70 1.00 100.00 0.00
-9999.00 -1.40 1.50 -9999.00 -9999.00 19.54
12.17 0.00 0.00 0.00 0.00 1.20
-5.80 76.00 -9999.00 999.00 -9999.00 20.00
16.71
726400 200808/0400 1020.20 995.40 18.54 291.70 0.00 100.00
0.00 0.00 292.20 0.00 100.00 0.00
-9999.00 -1.60 1.60 -9999.00 -9999.00 19.14
12.31 0.00 0.00 0.00 0.00 1.90
-6.00 81.60 -9999.00 999.00 -9999.00 20.00
16.89
726400 200808/0500 1020.20 995.30 18.34 291.50 0.00 100.00
0.00 0.00 291.90 0.00 25.00 0.00
-9999.00 -1.70 1.90 -9999.00 -9999.00 19.04
12.44 0.00 0.00 0.00 0.00 2.10
-5.90 79.90 -9999.00 999.00 -9999.00 20.00
17.06
726400 200808/0600 1019.90 995.00 18.04 291.20 0.00 100.00
0.00 0.00 291.60 0.00 18.00 0.00
-9999.00 -1.10 2.30 -9999.00 -9999.00 18.74
12.65 0.00 0.00 0.00 0.00 1.10
-5.00 68.20 -9999.00 999.00 -9999.00 20.00
17.31
726400 200808/0700 1020.00 995.10 17.84 291.00 0.00 100.00
0.00 0.00 291.40 0.00 100.00 0.00
-9999.00 -0.10 2.30 -9999.00 -9999.00 18.44
12.48 0.00 0.00 0.00 0.00 -0.60
-2.90 51.30 -9999.00 999.00 -9999.00 20.00
17.10
726400 200808/0800 1019.70 994.80 17.54 290.70 0.00 100.00
0.00 0.00 291.10 0.00 100.00 0.00
-9999.00 0.50 2.30 -9999.00 -9999.00 18.24
12.09 0.00 0.00 0.00 0.00 -0.90
-2.10 57.50 -9999.00 999.00 -9999.00 20.00
16.61
726400 200808/0900 1019.60 994.70 17.34 290.50 0.00 100.00
0.00 0.00 290.90 0.00 100.00 0.00
-9999.00 0.80 2.30 -9999.00 -9999.00 18.04
11.67 0.00 0.00 0.00 0.00 -0.80
-2.10 60.60 -9999.00 999.00 -9999.00 20.00
16.06
726400 200808/1000 1019.50 994.60 17.14 290.30 0.00 100.00
0.00 0.00 290.60 0.00 100.00 0.00
-9999.00 0.90 2.60 -9999.00 -9999.00 17.94
11.05 0.00 0.00 0.00 0.00 -0.50
-1.70 64.50 -9999.00 999.00 -9999.00 20.00
15.22
726400 200808/1100 1020.30 995.40 16.84 290.00 0.00 100.00
0.00 0.00 290.30 0.00 100.00 0.00
-9999.00 0.80 2.80 -9999.00 -9999.00 17.84
10.49 0.00 0.00 0.00 0.00 -0.40
-1.10 71.90 -9999.00 999.00 -9999.00 20.00
14.44
726400 200808/1200 1020.50 995.60 18.44 291.60 0.00 100.00
0.00 0.00 291.40 0.00 100.00 0.00
-9999.00 0.80 3.10 -9999.00 -9999.00 18.94
10.55 0.00 0.00 0.00 0.00 -0.80
0.00 83.30 -9999.00 999.00 -9999.00 20.00
14.53
726400 200808/1300 1020.20 995.40 21.74 294.90 0.00 100.00
0.00 0.00 294.10 0.00 100.00 0.00
-9999.00 0.80 3.70 -9999.00 -9999.00 21.04
11.11 0.00 0.00 0.00 0.00 -1.10
0.40 87.60 -9999.00 999.00 -9999.00 20.00
15.32
726400 200808/1400 1019.50 994.80 24.84 298.00 0.00 100.00
0.00 0.00 296.90 3.00 44.00 0.00
-9999.00 1.10 4.80 -9999.00 -9999.00 23.04
11.57 0.00 0.00 0.00 0.00 -1.00
0.90 80.40 -9999.00 999.00 -9999.00 20.00
15.93
726400 200808/1500 1019.70 995.00 27.94 301.10 0.00 100.00
0.00 0.00 299.80 14.00 2.00 0.00
-9999.00 1.10 4.80 -9999.00 -9999.00 24.84
12.01 0.00 0.00 0.00 0.00 -0.80
0.60 77.80 -9999.00 999.00 -9999.00 20.00
16.51
726400 200808/1600 1019.60 995.00 30.84 304.00 0.00 100.00
0.00 0.00 302.40 27.00 0.00 0.00
-9999.00 0.90 4.80 -9999.00 -9999.00 26.44
12.53 0.00 0.00 0.00 0.00 -0.60
0.20 72.70 -9999.00 999.00 -9999.00 20.00
17.16
726400 200808/1700 1019.00 994.40 32.94 306.10 0.00 100.00
0.00 0.00 304.60 54.00 0.00 0.00
-9999.00 1.00 4.70 -9999.00 -9999.00 27.74
13.13 0.00 0.00 0.00 0.00 0.20
0.40 63.70 -9999.00 999.00 845.90 20.00
17.88
726400 200808/1800 1018.10 993.70 33.34 306.50 0.00 100.00
0.00 0.00 305.40 78.00 3.00 0.00
-9999.00 0.00 5.00 -9999.00 -9999.00 28.54
13.67 0.00 0.00 0.00 0.00 1.40
0.20 112.00 -9999.00 999.00 -9999.00 20.00
18.50
726400 200808/1900 1017.70 993.20 34.54 307.70 0.00 100.00
0.00 0.00 306.50 51.00 0.00 0.00
-9999.00 -0.40 5.10 -9999.00 -9999.00 29.54
13.97 0.00 0.00 0.00 0.00 1.20
1.10 134.60 -9999.00 999.00 -9999.00 20.00
18.83


