
SNPARM = PRES;TMPC;TMWC;DWPC;THTE;DRCT;SKNT;OMEG;CFRL;HGHT 
STNPRM = SHOW;LIFT;SWET;KINX;LCLP;PWAT;TOTL;CAPE;LCLT;CINS;EQLV;LFCT;BRCH 

STID = KMKE STNM = 726400 TIME = 200809/0100 
SLAT = 42.95 SLON = -87.90 SELV = 212.0
STIM = 0

SHOW = -3.37 LIFT = -6.88 SWET = 275.64 KINX = 35.57
LCLP = 900.68 PWAT = 44.55 TOTL = 52.46 CAPE = 1583.27
LCLT = 292.69 CINS = -35.70 EQLV = 226.15 LFCT = 740.83
BRCH = 86.29

PRES TMPC TMWC DWPC THTE DRCT SKNT OMEG
CFRL HGHT
991.00 27.64 22.98 21.09 349.43 221.35 6.47 0.00
0.00 222.76
988.10 28.44 22.78 20.46 348.97 215.42 10.72 0.00
0.00 248.84
982.60 28.54 22.44 19.89 348.28 215.26 13.79 -0.10
0.00 298.58
973.20 28.04 22.00 19.44 347.84 214.26 16.22 -0.10
0.00 384.15
959.30 26.64 21.52 19.34 348.00 213.16 17.40 -0.20
0.00 511.82
941.50 24.94 21.01 19.33 348.70 213.18 18.10 -0.10
0.00 677.19
920.20 22.84 20.21 19.06 348.77 213.18 18.10 0.00
0.00 877.97
897.00 20.74 19.20 18.49 348.35 215.19 18.53 0.10
0.00 1100.44
871.80 18.94 16.96 15.97 343.43 225.42 18.82 0.10
4.00 1346.91
843.70 18.04 14.35 12.30 338.25 255.03 17.29 0.10
0.00 1628.62
812.90 16.34 12.21 9.69 335.78 270.00 19.04 0.20
0.00 1946.59
779.10 14.74 9.24 5.25 331.54 260.34 18.53 0.20
0.00 2307.25
742.50 12.24 7.62 4.16 332.63 253.24 18.86 0.20
0.00 2712.70
703.00 9.34 5.72 2.87 333.69 265.54 15.00 0.10
0.00 3168.92
660.50 6.44 3.87 1.78 335.92 270.00 9.91 0.00
0.00 3683.99
615.20 2.14 0.24 -1.56 334.30 288.43 13.52 -0.20
0.00 4263.12
567.40 -3.36 -4.95 -6.91 330.49 300.50 16.45 -0.30
0.00 4910.26
521.10 -8.66 -10.64 -14.11 327.04 306.71 14.30 -0.30
0.00 5577.19
479.40 -12.46 -14.56 -19.22 327.76 296.22 14.51 -0.10
0.00 6219.11
442.10 -15.26 -18.45 -29.43 328.46 285.00 19.50 0.10
0.00 6834.35
408.50 -19.06 -22.09 -36.83 329.71 276.04 20.32 0.20
0.00 7426.85
378.10 -22.96 -25.59 -42.91 331.27 275.71 21.46 0.30
0.00 7997.72
350.70 -26.66 -28.79 -45.86 333.26 276.17 21.68 0.40
0.00 8544.63
326.00 -30.46 -32.16 -49.41 334.85 275.96 22.46 0.40
0.00 9067.57
303.70 -34.46 -35.70 -50.72 336.02 273.60 24.73 0.30
0.00 9566.82
283.60 -38.36 -39.19 -50.62 337.10 269.60 27.78 0.20
0.00 10041.37
265.60 -41.46 -42.10 -52.61 338.86 267.81 30.52 0.20
0.00 10489.09
248.70 -43.46 -44.10 -58.14 342.10 266.71 33.86 0.10
0.00 10933.05
233.50 -45.16 -45.81 -66.97 345.56 266.15 37.57 0.00
0.00 11355.50
219.60 -47.16 -47.71 -67.41 348.59 265.16 36.85 -0.10
0.00 11763.30
205.70 -49.56 -50.01 -67.88 351.39 265.68 33.51 -0.10
0.00 12193.56
191.70 -52.06 -52.44 -73.19 354.48 266.26 29.78 -0.10
0.00 12652.31
177.70 -54.26 -54.57 -73.70 358.64 266.21 26.48 -0.10
0.00 13140.64
163.80 -56.86 -57.10 -74.24 362.73 265.85 24.15 -0.10
0.00 13659.42
149.80 -60.06 -60.23 -74.84 366.60 263.51 24.05 -0.10
0.00 14220.89
135.90 -62.86 -9999.00 -9999.00 -9999.00 257.34 27.47 -0.10
0.00 14824.32
121.90 -65.66 -9999.00 -9999.00 -9999.00 259.14 28.88 0.00
0.00 15489.07
108.00 -65.46 -9999.00 -9999.00 -9999.00 270.50 22.34 0.00
0.00 16224.75
94.00 -62.56 -9999.00 -9999.00 -9999.00 271.64 13.60 0.00
0.00 17074.68
81.00 -61.26 -9999.00 -9999.00 -9999.00 260.79 7.28 0.00
0.00 17995.03
70.60 -59.76 -9999.00 -9999.00 -9999.00 291.45 5.85 0.00
0.00 18850.37
62.20 -58.06 -9999.00 -9999.00 -9999.00 57.53 2.53 0.00
0.00 19644.76
54.30 -57.86 -9999.00 -9999.00 -9999.00 46.17 6.74 0.00
0.00 20500.35
46.90 -57.26 -9999.00 -9999.00 -9999.00 52.94 11.93 0.00
0.00 21424.89
40.10 -55.66 -9999.00 -9999.00 -9999.00 66.04 13.38 0.00
0.00 22418.44
33.80 -53.36 -9999.00 -9999.00 -9999.00 78.69 13.87 0.00
0.00 23512.28
27.80 -50.36 -9999.00 -9999.00 -9999.00 74.55 15.31 0.00
0.00 24778.14
22.30 -46.86 -9999.00 -9999.00 -9999.00 68.78 21.46 0.00
0.00 26227.07
17.10 -43.06 -9999.00 -9999.00 -9999.00 71.69 27.21 0.00
0.00 28000.51
12.30 -41.26 -9999.00 -9999.00 -9999.00 73.77 27.12 0.00
0.00 30228.25

STID = KMKE STNM = 726400 TIME = 200809/0200 
SLAT = 42.95 SLON = -87.90 SELV = 212.0
STIM = 1

SHOW = -2.80 LIFT = -6.92 SWET = 254.73 KINX = 33.78
LCLP = 922.05 PWAT = 43.29 TOTL = 51.84 CAPE = 1806.97
LCLT = 293.35 CINS = -51.13 EQLV = 215.46 LFCT = 748.20
BRCH = 79.13

PRES TMPC TMWC DWPC THTE DRCT SKNT OMEG
CFRL HGHT
991.40 26.34 22.82 21.38 348.66 210.96 5.67 0.10
0.00 221.82
988.40 27.54 22.84 20.93 349.22 208.97 12.43 0.10
0.00 248.70
983.00 27.84 22.73 20.64 349.56 209.40 15.83 0.20
0.00 297.40
973.50 27.24 22.49 20.55 350.04 210.67 19.42 0.20
0.00 383.69
959.60 26.04 22.04 20.40 350.31 210.87 20.82 0.30
0.00 511.09
941.80 24.44 21.39 20.12 350.36 210.96 21.52 0.40
0.00 676.19
920.40 22.44 20.52 19.68 350.08 210.70 21.68 0.40
0.00 877.64
897.20 20.64 18.88 18.06 346.97 214.99 21.35 0.40
7.00 1099.89
872.00 19.94 16.09 14.09 340.07 238.93 17.70 0.30
0.00 1346.54
844.00 18.64 14.42 12.07 338.44 268.05 17.11 0.30
0.00 1627.79
813.10 16.84 12.20 9.33 335.67 273.18 17.50 0.30
0.00 1947.26
779.30 15.24 8.78 3.83 330.04 257.82 17.48 0.20
0.00 2308.36
742.70 12.54 7.15 2.88 331.12 253.18 17.44 0.10
0.00 2714.11
703.10 9.74 5.32 1.69 332.49 263.19 13.11 0.00
0.00 3171.80
660.70 6.54 3.66 1.27 335.27 262.48 10.39 -0.10
0.00 3685.88
615.30 1.84 0.22 -1.31 334.24 281.31 11.89 -0.20
0.00 4265.92
567.50 -3.46 -5.29 -7.60 329.69 287.68 14.06 -0.20
0.00 4912.45
521.20 -8.46 -10.95 -15.57 326.36 289.83 12.59 -0.10
0.00 5579.29
479.50 -11.96 -14.99 -22.73 326.84 288.66 15.79 0.10
0.00 6221.79
442.20 -15.06 -18.57 -31.74 328.16 288.43 20.28 0.20
0.00 6837.60
408.60 -18.96 -22.06 -37.34 329.75 284.72 19.89 0.30
0.00 7430.28
378.10 -22.56 -25.46 -47.45 331.45 284.31 19.64 0.40
0.00 8003.51
350.70 -26.46 -28.79 -51.06 333.22 284.64 22.28 0.50
0.00 8551.06
326.00 -30.56 -32.28 -50.86 334.63 279.88 26.03 0.50
0.00 9074.08
303.70 -34.66 -35.89 -51.47 335.70 272.71 28.79 0.50
0.00 9573.01
283.60 -38.26 -39.19 -53.75 337.08 270.37 30.11 0.40
0.00 10047.46
265.60 -40.96 -41.76 -57.61 339.39 272.84 31.31 0.20
0.00 10495.74
248.70 -43.26 -43.94 -59.58 342.35 274.40 32.93 0.10
0.00 10940.37
233.50 -45.26 -45.88 -63.98 345.46 272.71 32.87 -0.10
0.00 11362.92
219.60 -47.36 -47.90 -67.41 348.28 269.65 31.47 -0.20
0.00 11770.44
205.70 -49.86 -50.29 -67.88 350.92 267.71 29.16 -0.20
0.00 12200.22
191.70 -52.46 -52.82 -73.19 353.84 267.05 26.46 -0.20
0.00 12658.25
177.70 -54.76 -55.05 -73.70 357.82 266.87 24.90 -0.20
0.00 13145.59
163.80 -57.26 -57.49 -74.24 362.06 265.85 24.15 -0.10
0.00 13663.29
149.80 -60.26 -60.43 -74.84 366.26 264.60 24.79 -0.10
0.00 14223.98
135.90 -63.26 -9999.00 -9999.00 -9999.00 259.00 28.50 0.00
0.00 14826.55
121.90 -65.86 -9999.00 -9999.00 -9999.00 264.67 29.27 0.00
0.00 15490.35
108.00 -64.66 -9999.00 -9999.00 -9999.00 276.65 20.14 0.00
0.00 16227.09
94.00 -62.16 -9999.00 -9999.00 -9999.00 265.24 11.69 0.00
0.00 17079.46
81.00 -61.26 -9999.00 -9999.00 -9999.00 261.67 8.04 0.00
0.00 18000.69
70.60 -59.76 -9999.00 -9999.00 -9999.00 287.35 6.51 0.00
0.00 18856.02
62.20 -58.16 -9999.00 -9999.00 -9999.00 95.71 1.94 0.00
0.00 19650.23
54.30 -58.16 -9999.00 -9999.00 -9999.00 46.40 5.63 0.00
0.00 20505.02
46.90 -56.86 -9999.00 -9999.00 -9999.00 55.01 11.85 0.00
0.00 21429.78
40.10 -54.96 -9999.00 -9999.00 -9999.00 64.20 12.94 0.00
0.00 22425.85
33.80 -52.86 -9999.00 -9999.00 -9999.00 65.62 13.66 0.00
0.00 23522.70
27.80 -50.36 -9999.00 -9999.00 -9999.00 62.85 17.04 0.00
0.00 24789.98
22.30 -46.86 -9999.00 -9999.00 -9999.00 71.10 22.79 0.00
0.00 26238.91
17.10 -43.66 -9999.00 -9999.00 -9999.00 79.80 27.43 0.00
0.00 28010.02
12.30 -41.46 -9999.00 -9999.00 -9999.00 73.89 27.29 0.00
0.00 30233.90

STID = KMKE STNM = 726400 TIME = 200809/0300 
SLAT = 42.95 SLON = -87.90 SELV = 212.0
STIM = 2

SHOW = -3.14 LIFT = -6.28 SWET = 263.31 KINX = 33.38
LCLP = 932.15 PWAT = 42.12 TOTL = 52.21 CAPE = 1709.11
LCLT = 293.82 CINS = -76.91 EQLV = 213.83 LFCT = 736.94
BRCH = 55.00

PRES TMPC TMWC DWPC THTE DRCT SKNT OMEG
CFRL HGHT
990.80 25.84 22.88 21.67 349.03 209.54 6.70 0.10
0.00 221.81
987.80 26.54 22.86 21.37 349.43 207.94 14.51 0.20
0.00 248.64
982.40 26.64 22.71 21.11 349.60 207.41 17.72 0.20
0.00 297.21
973.00 26.54 22.41 20.72 349.77 209.33 23.39 0.30
0.00 382.38
959.10 25.54 21.89 20.38 349.72 209.74 25.06 0.40
0.00 509.61
941.20 23.94 21.19 20.02 349.55 210.13 25.16 0.40
0.00 675.45
919.90 22.14 20.04 19.11 348.10 211.52 24.15 0.50
0.00 875.77
896.70 21.24 17.87 16.25 342.97 224.19 19.50 0.40
1.00 1098.10
871.60 20.44 16.07 13.78 340.03 253.57 15.79 0.30
0.00 1344.23
843.60 18.74 14.78 12.63 339.81 270.76 14.57 0.30
0.00 1625.91
812.70 17.04 12.27 9.33 335.97 272.45 13.62 0.30
0.00 1945.74
779.00 15.24 8.89 4.08 330.43 255.60 14.84 0.10
0.00 2306.07
742.30 12.64 6.89 2.22 330.41 252.95 15.23 0.00
0.00 2713.16
702.80 9.94 5.10 1.01 331.87 262.28 11.56 -0.10
0.00 3170.08
660.40 6.54 3.29 0.50 334.25 261.09 10.02 -0.10
0.00 3684.47
615.10 1.74 -0.02 -1.71 333.64 269.03 11.46 -0.10
0.00 4263.27
567.30 -3.56 -5.56 -8.16 329.09 275.71 13.66 -0.10
0.00 4909.71
521.00 -8.46 -11.34 -17.03 325.58 281.63 13.48 0.00
0.00 5576.59
479.40 -11.76 -15.31 -25.36 326.19 292.31 16.38 0.20
0.00 6217.88
442.10 -15.16 -18.45 -30.00 328.44 296.57 18.24 0.40
0.00 6833.92
408.50 -18.96 -22.02 -36.83 329.84 291.68 17.35 0.40
0.00 7426.65
378.10 -22.16 -25.40 -68.49 331.44 286.46 17.83 0.40
0.00 7998.50
350.70 -26.36 -28.86 -60.89 333.06 282.85 22.71 0.40
0.00 8546.56
326.00 -30.56 -32.37 -54.68 334.47 276.71 26.59 0.40
0.00 9069.68
303.70 -34.36 -35.74 -56.53 335.92 278.81 27.91 0.40
0.00 9568.91
283.60 -37.56 -38.50 -51.31 338.21 286.59 28.57 0.40
0.00 10044.35
265.60 -40.36 -41.05 -51.19 340.55 294.16 28.96 0.30
0.00 10493.90
248.80 -43.26 -43.82 -53.96 342.53 294.41 27.74 0.10
0.00 10936.40
233.50 -45.56 -46.06 -57.41 345.18 286.66 25.76 0.00
0.00 11361.37
219.60 -47.86 -48.35 -64.44 347.56 275.67 25.56 -0.10
0.00 11768.19
205.70 -50.16 -50.58 -67.88 350.45 266.96 25.68 -0.10
0.00 12197.20
191.70 -52.76 -53.11 -73.19 353.36 262.88 25.06 -0.10
0.00 12654.61
177.70 -54.96 -55.25 -73.70 357.50 261.19 25.35 0.00
0.00 13141.39
163.80 -57.26 -57.49 -74.24 362.06 260.19 26.22 0.00
0.00 13658.86
149.80 -60.16 -60.33 -74.84 366.43 258.22 27.58 0.10
0.00 14219.67
135.90 -63.16 -63.28 -75.48 371.46 255.87 30.24 0.10
0.00 14822.53
121.90 -65.06 -9999.00 -9999.00 -9999.00 264.41 27.91 0.00
0.00 15487.77
108.00 -63.26 -9999.00 -9999.00 -9999.00 273.81 17.52 0.00
0.00 16228.40
94.00 -62.06 -9999.00 -9999.00 -9999.00 253.66 11.73 -0.10
0.00 17083.82
81.00 -61.86 -9999.00 -9999.00 -9999.00 271.94 11.46 -0.10
0.00 18003.96
70.60 -60.66 -9999.00 -9999.00 -9999.00 293.96 9.56 0.00
0.00 18856.28
62.20 -59.16 -9999.00 -9999.00 -9999.00 33.69 0.70 0.00
0.00 19646.96
54.30 -59.16 -9999.00 -9999.00 -9999.00 37.69 5.40 0.00
0.00 20497.78
46.90 -57.16 -9999.00 -9999.00 -9999.00 53.50 12.08 0.00
0.00 21419.75
40.10 -54.96 -9999.00 -9999.00 -9999.00 60.26 14.10 0.00
0.00 22415.13
33.80 -52.96 -9999.00 -9999.00 -9999.00 59.93 17.06 0.00
0.00 23511.73
27.80 -50.56 -9999.00 -9999.00 -9999.00 61.26 20.61 0.00
0.00 24778.16
22.30 -47.16 -9999.00 -9999.00 -9999.00 76.43 23.17 0.00
0.00 26225.47
17.10 -43.56 -9999.00 -9999.00 -9999.00 83.52 25.80 0.00
0.00 27995.81
12.30 -40.96 -9999.00 -9999.00 -9999.00 74.53 32.05 0.00
0.00 30222.58

STID = KMKE STNM = 726400 TIME = 200809/0400 
SLAT = 42.95 SLON = -87.90 SELV = 212.0
STIM = 3

SHOW = -2.99 LIFT = -5.80 SWET = 250.89 KINX = 32.94
LCLP = 945.73 PWAT = 41.89 TOTL = 51.77 CAPE = 1890.03
LCLT = 294.40 CINS = -77.74 EQLV = 206.10 LFCT = 749.40
BRCH = 56.69

PRES TMPC TMWC DWPC THTE DRCT SKNT OMEG
CFRL HGHT
991.40 25.24 22.96 22.02 349.30 210.14 6.95 0.10
0.00 221.79
988.50 25.64 22.97 21.88 349.80 208.30 14.34 0.20
0.00 247.65
983.00 25.64 22.87 21.75 350.26 208.30 17.21 0.20
0.00 296.94
973.60 25.44 22.73 21.63 351.14 210.09 24.03 0.30
0.00 381.81
959.60 24.74 22.33 21.35 351.65 210.89 26.48 0.40
0.00 509.54
941.80 23.24 21.45 20.68 350.60 211.39 26.85 0.40
0.00 674.02
920.40 22.14 19.52 18.33 345.81 216.68 23.74 0.40
4.00 874.92
897.30 21.94 17.39 15.12 340.97 237.23 16.86 0.30
0.00 1096.31
872.10 20.54 16.45 14.36 341.40 257.56 13.52 0.30
0.00 1343.56
844.10 18.94 14.91 12.73 340.19 268.98 10.88 0.30
0.00 1625.27
813.10 17.24 12.24 9.14 335.79 266.70 10.12 0.20
0.00 1946.18
779.40 15.34 9.05 4.33 330.85 251.57 12.90 0.10
0.00 2306.51
742.70 12.74 6.86 2.06 330.25 251.82 13.69 0.00
0.00 2713.53
703.20 10.04 5.01 0.71 331.54 260.91 9.83 -0.10
0.00 3170.34
660.70 6.54 3.02 -0.08 333.43 260.34 9.27 -0.20
0.00 3685.71
615.30 1.84 -0.34 -2.49 332.76 262.65 12.14 -0.20
0.00 4265.56
567.50 -3.56 -5.83 -8.87 328.43 271.61 13.79 -0.10
0.00 4911.80
521.20 -8.06 -11.51 -18.79 325.16 283.50 14.98 -0.10
0.00 5578.84
479.60 -11.36 -15.01 -25.14 326.72 297.16 16.59 0.00
0.00 6220.80
442.20 -14.96 -17.89 -26.91 329.52 299.74 17.23 0.20
0.00 6839.06
408.60 -18.86 -22.08 -38.72 329.69 294.82 17.11 0.20
0.00 7432.02
378.20 -22.26 -9999.00 -9999.00 -9999.00 286.03 19.00 0.20
0.00 8003.71
350.70 -26.46 -28.83 -52.96 333.14 276.34 22.86 0.20
0.00 8553.49
326.00 -30.46 -32.20 -50.86 334.77 274.54 24.55 0.10
0.00 9076.62
303.70 -34.16 -35.33 -47.67 336.65 278.20 23.15 0.10
0.00 9576.18
283.60 -37.26 -38.10 -47.77 338.88 292.58 23.78 0.00
0.00 10052.15
265.60 -40.36 -41.03 -50.55 340.59 301.74 26.96 -0.10
0.00 10501.99
248.80 -43.46 -43.96 -52.43 342.31 304.88 23.45 -0.10
0.00 10944.31
233.50 -46.06 -46.48 -55.36 344.50 290.85 17.46 -0.10
0.00 11368.64
219.60 -48.26 -48.67 -60.55 347.03 266.42 21.79 -0.10
0.00 11774.65
205.70 -50.36 -50.77 -67.88 350.14 258.77 26.94 0.00
0.00 12203.09
191.70 -52.56 -52.92 -73.19 353.68 258.77 26.94 0.00
0.00 12660.50
177.70 -54.36 -54.67 -73.70 358.48 259.55 27.86 0.10
0.00 13148.17
163.80 -56.76 -57.01 -74.24 362.90 259.66 29.22 0.10
0.00 13666.94
149.80 -59.86 -60.04 -74.84 366.95 258.69 30.71 0.00
0.00 14228.81
135.90 -63.06 -63.18 -75.48 371.64 258.20 31.35 0.00
0.00 14832.24
121.90 -64.86 -9999.00 -9999.00 -9999.00 267.27 28.59 0.00
0.00 15497.95
108.00 -63.56 -9999.00 -9999.00 -9999.00 271.15 19.42 0.00
0.00 16238.41
94.00 -63.06 -9999.00 -9999.00 -9999.00 253.30 14.20 -0.10
0.00 17091.18
81.00 -62.76 -9999.00 -9999.00 -9999.00 276.05 12.90 0.00
0.00 18007.18
70.60 -61.26 -9999.00 -9999.00 -9999.00 299.36 7.13 0.00
0.00 18856.48
62.20 -59.46 -9999.00 -9999.00 -9999.00 107.65 4.49 0.00
0.00 19645.50
54.30 -58.96 -9999.00 -9999.00 -9999.00 68.46 7.94 0.00
0.00 20496.11
46.90 -56.66 -9999.00 -9999.00 -9999.00 71.34 15.79 0.00
0.00 21419.59
40.10 -54.76 -9999.00 -9999.00 -9999.00 74.51 16.72 0.00
0.00 22416.58
33.80 -53.06 -9999.00 -9999.00 -9999.00 69.44 18.26 0.00
0.00 23513.42
27.80 -50.66 -9999.00 -9999.00 -9999.00 69.21 22.44 0.00
0.00 24779.28
22.30 -48.26 -9999.00 -9999.00 -9999.00 81.54 23.76 0.00
0.00 26222.72
17.10 -44.46 -9999.00 -9999.00 -9999.00 76.39 25.58 0.00
0.00 27985.28
12.30 -41.36 -9999.00 -9999.00 -9999.00 69.96 32.87 0.00
0.00 30205.79

STID = KMKE STNM = 726400 TIME = 200809/0500 
SLAT = 42.95 SLON = -87.90 SELV = 212.0
STIM = 4

SHOW = -2.92 LIFT = -4.96 SWET = 241.19 KINX = 32.61
LCLP = 955.99 PWAT = 40.77 TOTL = 51.90 CAPE = 1497.26
LCLT = 294.76 CINS = -143.75 EQLV = 215.53 LFCT = 702.77
BRCH = 43.63

PRES TMPC TMWC DWPC THTE DRCT SKNT OMEG
CFRL HGHT
990.80 24.64 22.92 22.20 349.23 204.44 7.03 0.10
0.00 220.88
987.80 24.94 22.91 22.07 349.66 203.40 14.18 0.20
0.00 247.60
982.30 24.84 22.76 21.90 349.86 203.63 16.96 0.20
0.00 296.82
972.90 24.74 22.39 21.41 349.70 206.36 24.49 0.30
0.00 381.53
959.00 24.14 21.59 20.51 348.41 207.11 27.27 0.30
0.00 508.11
941.10 23.04 20.37 19.19 346.04 208.74 27.47 0.30
2.00 673.30
919.80 22.64 18.48 16.48 341.66 217.92 21.17 0.20
0.00 873.31
896.70 22.24 17.46 15.07 341.30 239.62 13.05 0.10
0.00 1095.05
871.60 20.64 16.66 14.66 342.30 252.72 9.15 0.10
0.00 1341.65
843.60 19.24 14.67 12.16 339.40 260.27 6.90 0.10
0.00 1623.70
812.70 17.54 11.98 8.44 334.95 254.25 7.87 0.20
0.00 1944.00
778.90 15.54 8.98 4.02 330.72 249.23 12.04 0.20
0.00 2305.86
742.30 13.04 6.87 1.80 330.33 253.22 12.78 0.30
0.00 2712.34
702.80 10.14 4.95 0.48 331.43 253.74 9.71 0.30
0.00 3169.68
660.40 6.54 2.82 -0.52 332.92 252.53 10.99 0.30
0.00 3684.15
615.10 1.94 -0.68 -3.37 331.90 256.48 15.79 0.30
0.00 4262.97
567.30 -3.56 -6.05 -9.48 327.96 264.03 16.80 0.20
0.00 4909.46
521.10 -8.16 -11.68 -19.30 324.82 277.29 16.84 0.10
0.00 5575.06
479.50 -11.46 -14.81 -23.54 327.16 293.81 14.43 0.10
0.00 6216.93
442.20 -15.06 -17.48 -24.08 330.36 301.24 13.85 0.10
0.00 6833.44
408.60 -18.66 -21.93 -38.72 329.95 300.10 15.50 0.10
0.00 7426.57
378.10 -22.16 -25.13 -46.83 332.01 285.31 19.13 0.10
0.00 8000.58
350.70 -26.46 -28.38 -41.11 334.00 275.37 22.82 0.10
0.00 8548.61
326.00 -30.36 -31.75 -42.45 335.57 272.82 23.72 0.10
0.00 9071.90
303.70 -34.06 -35.04 -43.81 337.14 274.05 22.01 0.10
0.00 9571.72
283.60 -37.56 -38.23 -45.17 338.69 285.52 21.78 0.10
0.00 10047.51
265.60 -40.66 -41.21 -48.35 340.32 297.51 21.02 0.00
0.00 10496.79
248.80 -43.46 -43.96 -52.43 342.31 299.67 17.66 0.00
0.00 10938.82
233.50 -46.06 -46.48 -55.36 344.50 273.92 14.22 -0.10
0.00 11363.15
219.60 -48.56 -48.93 -59.12 346.61 265.20 23.19 -0.10
0.00 11768.89
205.70 -50.46 -50.86 -67.88 349.98 259.83 28.61 -0.10
0.00 12196.95
191.70 -52.36 -52.73 -73.19 354.00 258.84 29.10 -0.10
0.00 12654.46
177.70 -54.26 -54.57 -73.70 358.64 259.40 30.63 -0.10
0.00 13142.47
163.80 -56.96 -57.20 -74.24 362.56 260.71 32.48 -0.10
0.00 13661.12
149.80 -60.36 -9999.00 -9999.00 -9999.00 261.82 32.77 -0.10
0.00 14222.07
135.90 -63.86 -63.97 -75.48 370.22 261.42 31.24 -0.10
0.00 14823.64
121.90 -66.06 -66.15 -76.19 377.89 268.41 27.99 0.00
0.00 15486.18
108.00 -65.16 -9999.00 -9999.00 -9999.00 270.58 19.23 0.00
0.00 16221.68
94.00 -64.16 -9999.00 -9999.00 -9999.00 245.94 11.91 0.00
0.00 17068.97
81.00 -63.26 -9999.00 -9999.00 -9999.00 270.00 8.16 0.00
0.00 17981.48
70.60 -60.76 -9999.00 -9999.00 -9999.00 360.00 0.97 0.00
0.00 18830.78
62.20 -59.56 -9999.00 -9999.00 -9999.00 105.52 7.26 0.00
0.00 19620.54
54.30 -57.86 -9999.00 -9999.00 -9999.00 66.95 9.93 0.00
0.00 20473.14
46.90 -55.86 -9999.00 -9999.00 -9999.00 76.28 17.19 0.00
0.00 21400.69
40.10 -54.26 -9999.00 -9999.00 -9999.00 79.81 17.56 0.00
0.00 22400.66
33.80 -52.66 -9999.00 -9999.00 -9999.00 72.32 18.55 0.00
0.00 23499.75
27.80 -49.66 -9999.00 -9999.00 -9999.00 75.17 20.49 0.00
0.00 24769.61
22.30 -46.46 -9999.00 -9999.00 -9999.00 79.49 19.17 0.00
0.00 26222.09
17.10 -42.96 -9999.00 -9999.00 -9999.00 69.33 22.01 0.00
0.00 27997.48
12.30 -41.16 -9999.00 -9999.00 -9999.00 73.41 30.61 0.00
0.00 30226.18

STID = KMKE STNM = 726400 TIME = 200809/0600 
SLAT = 42.95 SLON = -87.90 SELV = 212.0
STIM = 5

SHOW = -2.75 LIFT = -3.87 SWET = 237.42 KINX = 31.62
LCLP = 951.75 PWAT = 39.32 TOTL = 51.77 CAPE = 1064.98
LCLT = 294.12 CINS = -231.27 EQLV = 227.42 LFCT = 660.12
BRCH = 25.66

PRES TMPC TMWC DWPC THTE DRCT SKNT OMEG
CFRL HGHT
990.50 24.34 22.43 21.62 347.09 202.52 8.62 0.10
0.00 221.76
987.60 24.54 22.39 21.48 347.36 201.29 16.05 0.20
0.00 247.56
982.10 24.24 22.17 21.29 347.27 202.13 19.08 0.20
0.00 296.68
972.70 23.94 21.74 20.79 346.86 203.96 26.79 0.30
0.00 381.17
958.80 23.44 21.01 19.95 345.94 205.42 30.32 0.30
0.00 507.42
941.00 22.94 19.36 17.68 341.85 207.68 31.37 0.30
1.00 671.40
919.70 22.84 17.36 14.51 337.32 211.04 24.49 0.20
0.00 871.30
896.60 22.14 17.23 14.75 340.45 216.21 13.48 0.00
0.00 1092.97
871.50 20.64 16.55 14.47 341.87 210.96 9.05 -0.10
0.00 1339.53
843.50 19.14 14.47 11.86 338.67 205.87 7.13 -0.20
0.00 1621.54
812.60 17.54 11.64 7.79 333.84 218.23 8.16 -0.30
0.00 1941.76
778.90 15.74 8.83 3.49 330.22 234.58 10.72 -0.20
0.00 2302.63
742.30 13.54 6.84 1.24 330.20 242.49 10.51 -0.20
0.00 2709.54
702.80 10.54 4.98 0.14 331.48 245.56 9.38 -0.20
0.00 3167.56
660.40 6.84 2.70 -1.09 332.57 256.87 11.97 -0.20
0.00 3682.62
615.10 2.04 -1.30 -4.97 330.30 266.05 16.94 -0.10
0.00 4261.71
567.40 -3.36 -6.50 -11.16 326.88 274.00 19.46 0.00
0.00 4906.96
521.10 -8.26 -11.63 -18.80 324.93 279.55 19.89 0.00
0.00 5574.00
479.50 -11.56 -14.68 -22.47 327.44 288.43 14.74 0.00
0.00 6215.66
442.20 -15.26 -17.22 -22.16 330.88 290.97 12.49 0.10
0.00 6831.88
408.60 -18.76 -21.50 -32.73 330.81 289.44 14.01 0.10
0.00 7424.75
378.10 -22.46 -24.43 -33.02 333.42 278.53 19.64 0.10
0.00 7998.44
350.70 -26.36 -27.59 -33.47 335.43 274.68 21.45 0.10
0.00 8546.38
326.00 -30.16 -31.19 -37.47 336.57 273.98 22.40 0.10
0.00 9070.09
303.70 -33.96 -34.76 -41.01 337.63 278.13 21.97 0.00
0.00 9570.25
283.60 -37.76 -38.38 -44.80 338.44 282.13 21.25 0.00
0.00 10045.96
265.60 -41.06 -41.59 -48.85 339.69 287.46 18.12 -0.10
0.00 10494.66
248.80 -43.86 -44.30 -51.75 341.76 282.45 15.33 -0.20
0.00 10935.93
233.60 -46.36 -46.71 -53.69 344.09 260.79 14.57 -0.10
0.00 11356.75
219.60 -49.46 -49.78 -59.12 345.22 260.30 23.06 -0.10
0.00 11764.24
205.70 -51.16 -51.53 -67.88 348.88 255.86 26.24 0.00
0.00 12190.77
191.70 -52.36 -52.73 -73.19 354.00 254.33 28.05 0.00
0.00 12647.56
177.70 -54.36 -54.67 -73.70 358.48 259.11 30.87 0.00
0.00 13135.46
163.80 -57.46 -57.69 -74.24 361.72 263.81 32.44 -0.10
0.00 13653.40
149.80 -60.86 -61.02 -74.84 365.22 266.80 31.33 -0.10
0.00 14213.04
135.90 -64.26 -64.36 -75.48 369.52 265.69 28.44 -0.10
0.00 14813.33
121.90 -66.16 -66.25 -76.19 377.71 266.85 24.71 0.00
0.00 15475.07
108.00 -64.96 -9999.00 -9999.00 -9999.00 260.54 16.55 0.00
0.00 16210.74
94.00 -63.56 -9999.00 -9999.00 -9999.00 231.79 11.62 0.10
0.00 17059.66
81.00 -62.26 -9999.00 -9999.00 -9999.00 262.41 5.89 0.00
0.00 17975.66
70.60 -60.16 -9999.00 -9999.00 -9999.00 90.00 1.94 0.00
0.00 18828.17
62.20 -59.56 -9999.00 -9999.00 -9999.00 108.43 4.29 0.00
0.00 19619.05
54.30 -57.66 -9999.00 -9999.00 -9999.00 75.96 8.00 0.00
0.00 20472.05
46.90 -56.16 -9999.00 -9999.00 -9999.00 84.94 15.40 0.00
0.00 21399.38
40.10 -54.46 -9999.00 -9999.00 -9999.00 81.87 15.11 0.00
0.00 22398.20
33.80 -52.76 -9999.00 -9999.00 -9999.00 69.11 15.79 0.00
0.00 23496.55
27.80 -50.16 -9999.00 -9999.00 -9999.00 67.95 16.55 0.00
0.00 24764.69
22.30 -46.46 -9999.00 -9999.00 -9999.00 69.06 16.84 0.00
0.00 26215.55
17.10 -43.36 -9999.00 -9999.00 -9999.00 74.67 24.98 0.00
0.00 27989.39
12.30 -41.76 -9999.00 -9999.00 -9999.00 77.21 32.46 0.00
0.00 30213.27

STID = KMKE STNM = 726400 TIME = 200809/0700 
SLAT = 42.95 SLON = -87.90 SELV = 212.0
STIM = 6

SHOW = -2.29 LIFT = -3.08 SWET = 225.49 KINX = 31.13
LCLP = 950.61 PWAT = 40.07 TOTL = 50.89 CAPE = 975.95
LCLT = 293.57 CINS = -207.77 EQLV = 230.92 LFCT = 669.59
BRCH = 34.74

PRES TMPC TMWC DWPC THTE DRCT SKNT OMEG
CFRL HGHT
991.10 23.94 21.96 21.10 344.95 216.03 7.93 0.10
0.00 221.74
988.20 24.04 21.89 20.95 345.07 214.32 14.82 0.20
0.00 247.47
982.70 23.84 21.71 20.78 345.16 213.86 17.77 0.30
0.00 296.47
973.30 23.64 21.40 20.42 345.31 213.10 25.97 0.30
0.00 380.80
959.40 23.14 20.80 19.76 344.94 213.69 30.81 0.40
0.00 506.82
941.50 22.54 19.64 18.30 342.93 214.80 33.35 0.40
5.00 671.44
920.30 22.44 17.12 14.32 336.35 216.56 29.02 0.40
0.00 870.04
897.10 22.14 16.08 12.73 335.99 215.33 18.80 0.20
0.00 1092.28
872.00 20.54 15.96 13.54 339.55 208.18 12.33 0.00
0.00 1338.50
844.00 18.64 14.44 12.10 338.50 200.81 10.39 -0.20
0.00 1620.00
813.10 16.84 11.82 8.62 334.38 210.76 9.50 -0.20
0.00 1939.44
779.30 15.14 9.03 4.47 330.83 228.09 10.18 -0.20
0.00 2300.46
742.70 13.04 6.71 1.42 329.78 233.13 10.68 -0.10
0.00 2706.45
703.20 10.04 4.62 -0.21 330.40 232.22 9.83 -0.10
0.00 3163.40
660.80 6.34 2.44 -1.16 331.82 244.92 10.08 -0.10
0.00 3677.21
615.40 1.84 -1.09 -4.22 330.78 257.38 13.34 -0.10
0.00 4256.58
567.60 -3.36 -6.10 -9.95 327.77 268.00 16.72 0.10
0.00 4902.77
521.30 -8.16 -10.40 -14.31 327.49 272.25 19.83 0.10
0.00 5569.91
479.60 -11.26 -14.17 -20.93 328.44 270.00 14.57 0.00
0.00 6213.59
442.30 -14.96 -16.94 -21.85 331.38 272.64 12.65 -0.10
0.00 6830.43
408.70 -18.56 -20.50 -26.58 332.71 276.20 17.97 -0.20
0.00 7423.84
378.20 -22.56 -23.62 -27.22 334.90 278.37 20.03 -0.20
0.00 7997.65
350.80 -26.46 -27.37 -31.32 335.81 273.33 20.05 -0.10
0.00 8545.33
326.00 -30.46 -31.29 -36.09 336.41 274.00 19.46 0.00
0.00 9070.68
303.70 -34.26 -35.04 -41.29 337.17 280.11 19.93 0.00
0.00 9570.23
283.60 -37.96 -38.58 -45.17 338.12 280.65 19.97 0.10
0.00 10045.43
265.60 -41.36 -41.84 -48.35 339.29 272.52 17.70 0.10
0.00 10493.66
248.80 -44.06 -44.46 -51.11 341.50 256.13 16.20 0.10
0.00 10934.45
233.50 -46.86 -47.18 -53.70 343.37 248.65 18.14 0.10
3.00 11357.48
219.60 -49.16 -49.57 -64.44 345.55 258.52 26.36 0.10
0.00 11761.97
205.70 -51.06 -51.43 -67.88 349.04 255.16 30.34 0.00
0.00 12188.88
191.70 -52.96 -53.28 -68.39 353.09 257.03 30.30 0.00
0.00 12645.15
177.70 -55.36 -55.63 -73.70 356.84 263.02 28.77 0.00
0.00 13131.27
163.80 -58.26 -58.46 -74.24 360.38 265.54 27.47 0.00
0.00 13647.06
149.80 -61.46 -61.60 -74.84 364.19 263.85 25.41 0.00
0.00 14204.87
135.90 -64.16 -64.26 -75.48 369.69 255.96 23.23 0.00
0.00 14804.45
121.90 -64.86 -9999.00 -9999.00 -9999.00 249.80 21.93 0.00
0.00 15468.42
108.00 -63.76 -9999.00 -9999.00 -9999.00 241.97 16.94 0.00
0.00 16208.52
94.00 -62.96 -9999.00 -9999.00 -9999.00 233.97 13.21 0.00
0.00 17061.09
81.00 -62.16 -9999.00 -9999.00 -9999.00 259.00 7.13 0.00
0.00 17978.62
70.60 -60.76 -9999.00 -9999.00 -9999.00 209.74 3.13 0.00
0.00 18830.13
62.20 -59.96 -9999.00 -9999.00 -9999.00 194.74 3.81 0.00
0.00 19619.15
54.30 -57.86 -9999.00 -9999.00 -9999.00 112.17 5.67 0.00
0.00 20470.95
46.90 -56.46 -9999.00 -9999.00 -9999.00 95.36 12.49 0.00
0.00 21397.22
40.10 -54.66 -9999.00 -9999.00 -9999.00 80.39 12.80 0.00
0.00 22394.89
33.80 -52.26 -9999.00 -9999.00 -9999.00 70.29 13.83 0.00
0.00 23493.99
27.80 -49.76 -9999.00 -9999.00 -9999.00 63.74 16.24 0.00
0.00 24764.71
22.30 -47.06 -9999.00 -9999.00 -9999.00 72.26 20.40 0.00
0.00 26214.92
17.10 -45.26 -9999.00 -9999.00 -9999.00 84.81 27.89 0.00
0.00 27979.04
12.30 -42.76 -50.56 -89.89 809.61 83.59 33.04 0.00
0.00 30188.95

STID = KMKE STNM = 726400 TIME = 200809/0800 
SLAT = 42.95 SLON = -87.90 SELV = 212.0
STIM = 7

SHOW = -0.17 LIFT = -2.53 SWET = 174.65 KINX = 28.51
LCLP = 957.90 PWAT = 40.16 TOTL = 47.88 CAPE = 926.39
LCLT = 293.53 CINS = -179.02 EQLV = 229.53 LFCT = 673.87
BRCH = 80.49

PRES TMPC TMWC DWPC THTE DRCT SKNT OMEG
CFRL HGHT
991.00 23.24 21.65 20.93 343.61 233.13 5.83 0.10
0.00 220.83
987.90 23.54 21.63 20.79 344.04 228.81 12.39 0.20
0.00 248.29
982.50 23.44 21.48 20.61 344.21 227.49 15.81 0.30
0.00 296.33
973.00 23.34 21.23 20.29 344.61 224.02 24.05 0.30
0.00 381.47
959.10 23.04 20.77 19.76 344.86 222.56 29.00 0.30
0.00 507.44
941.30 22.24 19.76 18.62 343.46 222.27 31.76 0.30
0.00 671.09
920.10 21.34 17.83 16.09 339.12 221.15 30.69 0.20
0.00 869.36
896.90 21.24 15.43 12.10 333.72 220.29 23.43 0.20
0.00 1090.96
871.80 20.44 14.53 11.06 334.38 213.27 14.88 0.00
0.00 1336.66
843.80 18.44 13.57 10.68 335.43 199.98 11.36 -0.10
0.00 1617.86
813.00 16.44 11.59 8.46 333.64 199.44 10.51 -0.20
0.00 1935.89
779.20 14.64 9.06 4.95 330.96 209.48 10.26 -0.10
0.00 2296.41
742.60 12.84 6.72 1.64 329.84 214.82 10.88 0.10
0.00 2702.00
703.10 9.84 4.37 -0.60 329.71 214.76 11.58 0.20
0.00 3158.69
660.70 6.14 2.11 -1.71 330.94 222.34 11.83 0.30
0.00 3672.15
615.40 1.74 -1.30 -4.60 330.26 236.94 14.61 0.30
0.00 4249.91
567.60 -3.36 -5.94 -9.48 328.15 250.82 18.92 0.30
0.00 4895.98
521.30 -7.36 -9.38 -12.57 329.68 263.94 22.07 0.20
0.00 5564.22
479.60 -10.86 -13.08 -17.47 330.68 264.02 20.51 0.10
0.00 6209.54
442.30 -15.06 -16.35 -19.20 332.57 261.69 17.46 0.00
0.00 6826.91
408.70 -19.06 -19.69 -21.27 334.28 271.30 17.09 -0.10
7.00 7419.80
378.20 -22.56 -23.55 -26.83 335.03 280.42 17.19 -0.10
0.00 7993.17
350.70 -26.36 -27.47 -32.57 335.65 276.20 17.97 -0.10
0.00 8543.03
326.00 -30.26 -31.23 -37.06 336.50 279.16 18.30 0.00
0.00 9066.64
303.70 -34.16 -35.00 -41.86 337.23 287.65 17.93 0.10
0.00 9566.49
283.60 -38.06 -38.69 -45.56 337.93 284.68 16.86 0.20
0.00 10041.69
265.60 -41.06 -41.62 -49.39 339.65 262.54 16.45 0.20
0.00 10490.10
248.70 -44.06 -44.51 -52.43 341.46 247.17 20.03 0.20
0.00 10933.89
233.50 -47.16 -47.58 -58.64 342.71 257.38 26.67 0.10
0.00 11353.95
219.60 -49.36 -49.79 -67.41 345.20 262.09 28.24 0.00
0.00 11757.98
205.70 -51.26 -51.62 -67.88 348.72 253.59 29.56 -0.10
0.00 12184.51
191.70 -52.96 -53.28 -68.39 353.09 256.61 29.35 -0.20
0.00 12640.57
177.70 -55.36 -55.63 -73.70 356.84 264.12 26.55 -0.20
0.00 13126.69
163.80 -58.46 -58.66 -74.24 360.04 266.45 25.10 -0.20
0.00 13642.25
149.80 -61.76 -61.90 -74.84 363.68 263.66 24.63 -0.10
0.00 14199.40
135.90 -64.46 -64.56 -75.48 369.16 251.86 23.72 0.00
0.00 14798.13
121.90 -65.26 -9999.00 -9999.00 -9999.00 244.04 24.84 0.10
0.00 15460.98
108.00 -64.36 -9999.00 -9999.00 -9999.00 234.46 20.05 0.10
0.00 16199.31
94.00 -63.46 -9999.00 -9999.00 -9999.00 226.55 15.25 0.10
0.00 17049.65
81.00 -62.36 -9999.00 -9999.00 -9999.00 239.26 8.35 0.00
0.00 17965.65
70.60 -60.76 -9999.00 -9999.00 -9999.00 219.29 5.52 0.00
0.00 18816.76
62.20 -59.06 -9999.00 -9999.00 -9999.00 216.03 2.64 0.00
0.00 19607.44
54.30 -57.26 -9999.00 -9999.00 -9999.00 101.31 5.94 0.00
0.00 20462.23
46.90 -56.16 -9999.00 -9999.00 -9999.00 96.84 9.79 0.00
0.00 21390.43
40.10 -54.66 -9999.00 -9999.00 -9999.00 70.28 10.94 0.00
0.00 22388.79
33.80 -52.36 -9999.00 -9999.00 -9999.00 61.26 13.73 0.00
0.00 23487.63
27.80 -49.76 -9999.00 -9999.00 -9999.00 65.35 18.16 0.00
0.00 24758.07
22.30 -47.56 -9999.00 -9999.00 -9999.00 75.96 22.42 0.00
0.00 26206.67
17.10 -46.46 -9999.00 -9999.00 -9999.00 85.09 24.96 0.00
0.00 27964.18
12.30 -43.26 -9999.00 -9999.00 -9999.00 84.84 28.09 0.00
0.00 30165.88

STID = KMKE STNM = 726400 TIME = 200809/0900 
SLAT = 42.95 SLON = -87.90 SELV = 212.0
STIM = 8

SHOW = 0.58 LIFT = -3.54 SWET = 154.45 KINX = 27.29
LCLP = 964.41 PWAT = 39.96 TOTL = 47.67 CAPE = 952.59
LCLT = 293.53 CINS = -163.84 EQLV = 225.95 LFCT = 674.03
BRCH = 133.37

PRES TMPC TMWC DWPC THTE DRCT SKNT OMEG
CFRL HGHT
990.60 22.64 21.40 20.82 342.63 240.75 5.57 0.10
0.00 220.82
987.60 23.14 21.46 20.71 343.37 238.74 12.72 0.20
0.00 247.35
982.10 23.14 21.37 20.57 343.79 238.07 15.79 0.30
0.00 296.24
972.70 23.14 21.17 20.30 344.44 234.18 23.23 0.30
0.00 380.44
958.80 22.84 20.66 19.69 344.47 231.73 26.96 0.30
0.00 506.36
941.00 21.94 19.84 18.87 343.83 230.29 29.80 0.30
0.00 669.93
919.80 20.54 18.28 17.18 340.91 230.84 31.06 0.20
5.00 867.97
896.60 20.54 15.65 12.93 334.60 226.60 24.59 0.10
0.00 1089.17
871.60 20.34 13.64 9.42 331.33 216.74 17.21 0.00
0.00 1333.60
843.60 18.74 12.54 8.53 331.93 205.82 13.38 -0.20
0.00 1614.77
812.80 16.54 11.10 7.45 332.07 198.43 12.90 -0.40
0.00 1932.91
779.00 14.44 9.04 5.09 330.96 197.88 12.65 -0.50
0.00 2293.41
742.40 12.34 6.73 2.15 329.95 201.63 12.12 -0.50
0.00 2698.64
702.90 9.64 4.13 -0.95 329.10 211.12 12.02 -0.50
0.00 3154.91
660.60 6.14 1.71 -2.67 329.87 222.56 12.92 -0.50
0.00 3667.02
615.30 1.74 -1.57 -5.28 329.58 237.31 15.46 -0.50
0.00 4244.77
567.60 -3.46 -5.81 -8.98 328.44 253.70 21.45 -0.40
0.00 4889.41
521.30 -8.46 -9.31 -10.59 329.85 271.07 20.78 -0.20
0.00 5556.26
479.60 -11.36 -12.22 -13.68 332.50 272.06 21.58 0.00
0.00 6199.87
442.20 -15.26 -16.39 -18.84 332.53 258.92 19.19 0.00
2.00 6818.29
408.60 -19.06 -19.87 -21.96 333.97 262.71 16.84 -0.10
100.00 7411.08
378.10 -22.76 -23.75 -27.13 334.69 268.55 15.35 -0.10
0.00 7984.35
350.70 -26.26 -27.62 -34.29 335.39 263.66 15.83 -0.10
0.00 8532.14
326.00 -30.06 -31.10 -37.47 336.71 273.62 15.38 0.00
0.00 9056.05
303.70 -33.96 -34.89 -42.79 337.40 280.89 15.42 0.00
0.00 9556.31
283.60 -37.76 -38.50 -46.82 338.25 270.00 15.15 0.00
0.00 10032.00
265.60 -41.06 -41.64 -49.95 339.61 250.52 16.90 -0.10
0.00 10480.69
248.70 -44.46 -44.90 -53.17 340.82 248.81 20.42 -0.10
0.00 10924.10
233.50 -47.76 -48.20 -61.80 341.71 269.56 25.25 0.00
0.00 11343.23
219.60 -49.76 -50.14 -64.44 344.63 260.28 28.77 0.00
0.00 11746.36
205.70 -51.86 -52.20 -67.88 347.78 255.88 31.86 0.00
0.00 12171.93
191.70 -53.56 -53.85 -68.39 352.13 257.39 30.26 0.00
0.00 12626.76
177.70 -55.76 -56.02 -73.70 356.19 259.02 26.52 0.10
0.00 13111.77
163.80 -58.66 -58.85 -74.24 359.71 258.51 24.38 0.10
0.00 13626.61
149.80 -61.66 -61.80 -74.84 363.85 253.99 23.23 0.10
0.00 14183.64
135.90 -64.06 -64.17 -75.48 369.87 238.72 24.32 0.10
0.00 14783.07
121.90 -64.26 -9999.00 -9999.00 -9999.00 234.72 25.21 0.10
0.00 15448.15
108.00 -63.36 -9999.00 -9999.00 -9999.00 235.05 19.68 0.10
0.00 16190.03
94.00 -63.36 -9999.00 -9999.00 -9999.00 243.06 13.29 0.00
0.00 17042.60
81.00 -62.76 -9999.00 -9999.00 -9999.00 256.61 8.39 0.00
0.00 17957.95
70.60 -61.06 -9999.00 -9999.00 -9999.00 221.19 6.20 0.00
0.00 18807.65
62.20 -58.26 -9999.00 -9999.00 -9999.00 90.00 0.19 0.00
0.00 19599.26
54.30 -56.56 -9999.00 -9999.00 -9999.00 76.33 7.40 0.00
0.00 20457.03
46.90 -55.86 -9999.00 -9999.00 -9999.00 75.70 10.22 0.00
0.00 21387.37
40.10 -54.46 -9999.00 -9999.00 -9999.00 70.67 11.73 0.00
0.00 22386.88
33.80 -51.46 -9999.00 -9999.00 -9999.00 73.65 15.19 0.00
0.00 23488.47
27.80 -49.66 -9999.00 -9999.00 -9999.00 79.84 20.92 0.00
0.00 24761.77
22.30 -48.06 -9999.00 -9999.00 -9999.00 81.80 23.15 0.00
0.00 26209.08
17.10 -46.06 -9999.00 -9999.00 -9999.00 76.90 23.14 0.00
0.00 27966.21
12.30 -42.66 -9999.00 -9999.00 -9999.00 73.19 28.21 0.00
0.00 30172.73

STID = KMKE STNM = 726400 TIME = 200809/1000 
SLAT = 42.95 SLON = -87.90 SELV = 212.0
STIM = 9

SHOW = 1.93 LIFT = -2.48 SWET = 147.96 KINX = 28.20
LCLP = 968.34 PWAT = 40.18 TOTL = 45.26 CAPE = 868.09
LCLT = 293.44 CINS = -115.24 EQLV = 231.04 LFCT = 736.83
BRCH = 444.01

PRES TMPC TMWC DWPC THTE DRCT SKNT OMEG
CFRL HGHT
991.00 22.24 21.18 20.67 341.65 255.26 3.81 0.00
0.00 221.68
988.10 22.74 21.30 20.64 342.61 250.50 9.89 0.10
0.00 247.28
982.60 22.84 21.27 20.56 343.32 249.86 12.41 0.10
0.00 296.09
973.20 22.74 21.11 20.37 344.08 242.65 19.02 0.00
0.00 380.15
959.30 22.54 20.58 19.70 344.05 240.75 22.26 -0.10
0.00 505.86
941.50 21.54 19.63 18.74 342.91 238.96 24.49 -0.30
0.00 669.14
920.20 20.34 17.89 16.67 339.32 245.26 24.59 -0.40
0.00 867.78
897.00 19.84 15.74 13.48 334.86 247.14 21.50 -0.60
0.00 1088.54
872.00 19.74 13.64 9.84 331.31 236.69 16.28 -0.70
0.00 1332.36
844.00 18.54 12.11 7.80 330.44 225.00 13.46 -0.90
0.00 1613.00
813.10 16.34 10.89 7.18 331.35 217.73 13.01 -1.20
0.00 1931.77
779.40 13.54 9.27 6.25 331.64 211.11 13.15 -1.40
0.00 2290.41
742.70 10.94 7.10 4.16 331.05 202.43 13.25 -1.30
0.00 2695.12
703.20 8.44 4.23 0.52 329.40 203.09 12.88 -1.00
0.00 3149.31
660.70 5.44 1.26 -2.98 328.67 213.23 13.46 -0.60
0.00 3662.02
615.40 1.64 -1.91 -6.01 328.73 231.63 17.83 -0.20
0.00 4238.79
567.70 -3.86 -5.84 -8.47 328.37 246.19 21.66 0.20
0.00 4882.71
521.30 -8.16 -9.30 -11.02 329.87 254.21 19.99 0.40
4.00 5550.83
479.60 -10.06 -12.27 -16.35 332.35 264.99 22.22 0.40
0.00 6196.26
442.30 -14.46 -16.09 -19.70 333.08 263.90 20.12 0.20
0.00 6815.32
408.70 -18.76 -19.94 -23.13 333.80 266.92 18.08 0.00
2.00 7409.19
378.20 -22.76 -23.85 -27.63 334.48 262.88 15.66 -0.20
4.00 7982.62
350.70 -26.66 -28.03 -35.17 334.66 255.62 15.64 -0.30
0.00 8531.88
326.00 -30.46 -31.37 -36.86 336.26 263.48 13.69 -0.30
0.00 9054.93
303.70 -34.26 -35.04 -41.29 337.17 268.32 13.21 -0.30
0.00 9554.47
283.60 -37.86 -38.54 -45.96 338.18 250.88 15.42 -0.20
0.00 10029.77
265.60 -41.36 -41.84 -48.35 339.29 240.55 18.96 -0.10
0.00 10478.09
248.70 -44.86 -45.30 -53.97 340.18 254.74 22.14 -0.10
0.00 10920.82
233.50 -47.46 -47.94 -63.98 342.12 263.71 26.57 0.00
0.00 11339.86
219.60 -49.66 -50.07 -67.41 344.73 259.32 34.60 0.10
0.00 11743.35
205.70 -51.06 -51.43 -67.88 349.04 261.96 34.73 0.10
0.00 12169.78
191.70 -52.66 -53.01 -73.19 353.52 261.22 29.29 0.10
0.00 12626.36
177.70 -55.16 -55.44 -73.70 357.17 258.69 24.77 0.10
0.00 13113.03
163.80 -58.26 -58.46 -74.24 360.38 257.15 22.71 0.10
0.00 13629.07
149.80 -61.26 -61.41 -74.84 364.54 251.08 21.56 0.10
0.00 14187.14
135.90 -63.76 -63.87 -75.48 370.40 238.95 23.35 0.10
0.00 14787.57
121.90 -64.36 -9999.00 -9999.00 -9999.00 237.95 24.51 0.10
0.00 15452.97
108.00 -63.86 -9999.00 -9999.00 -9999.00 240.26 18.78 0.00
0.00 16193.78
94.00 -63.86 -9999.00 -9999.00 -9999.00 238.52 11.17 0.00
0.00 17044.32
81.00 -62.26 -9999.00 -9999.00 -9999.00 226.97 7.96 0.00
0.00 17959.67
70.60 -59.26 -9999.00 -9999.00 -9999.00 219.29 5.52 0.00
0.00 18814.00
62.20 -57.16 -9999.00 -9999.00 -9999.00 15.95 5.65 0.00
0.00 19610.99
54.30 -56.26 -9999.00 -9999.00 -9999.00 60.80 7.56 0.00
0.00 20471.54
46.90 -55.36 -9999.00 -9999.00 -9999.00 73.89 9.09 0.00
0.00 21403.60
40.10 -53.16 -9999.00 -9999.00 -9999.00 74.20 10.70 0.00
0.00 22407.23
33.80 -50.96 -9999.00 -9999.00 -9999.00 81.16 17.70 0.00
0.00 23513.33
27.80 -50.06 -9999.00 -9999.00 -9999.00 87.86 20.80 0.00
0.00 24786.91
22.30 -48.26 -9999.00 -9999.00 -9999.00 90.00 20.59 0.00
0.00 26232.29
17.10 -44.86 -9999.00 -9999.00 -9999.00 83.32 21.72 0.00
0.00 27993.30
12.30 -41.76 -9999.00 -9999.00 -9999.00 77.31 30.07 0.00
0.00 30209.95

STID = KMKE STNM = 726400 TIME = 200809/1100 
SLAT = 42.95 SLON = -87.90 SELV = 212.0
STIM = 10

SHOW = 1.56 LIFT = -3.28 SWET = 154.67 KINX = 27.31
LCLP = 975.16 PWAT = 41.01 TOTL = 45.71 CAPE = 865.10
LCLT = 293.48 CINS = -76.63 EQLV = 236.04 LFCT = 748.02
BRCH = 439.43

PRES TMPC TMWC DWPC THTE DRCT SKNT OMEG
CFRL HGHT
991.70 21.74 20.98 20.60 340.75 251.57 2.45 0.00
0.00 221.66
988.70 22.24 21.14 20.61 341.82 258.37 6.74 0.10
0.00 248.08
983.30 22.44 21.17 20.58 342.79 259.22 8.31 0.10
0.00 295.90
973.80 22.24 21.03 20.46 343.64 249.25 13.71 0.00
0.00 380.66
959.90 22.04 20.58 19.90 343.92 245.10 17.99 0.00
0.00 506.09
942.10 21.04 19.73 19.11 343.23 242.22 20.42 -0.20
0.00 669.02
920.80 19.74 18.38 17.71 341.16 251.57 19.66 -0.40
4.00 867.23
897.60 18.64 16.68 15.66 338.25 263.80 17.97 -0.40
4.00 1087.34
872.50 18.34 14.28 11.92 333.48 259.43 14.82 -0.40
0.00 1331.11
844.50 17.74 11.98 8.15 330.01 235.81 12.45 -0.30
0.00 1610.66
813.60 16.04 10.63 6.89 330.46 217.04 12.90 -0.20
0.00 1928.64
779.80 13.44 9.46 6.70 332.19 210.55 13.75 0.00
0.00 2287.90
743.10 10.74 7.40 4.91 331.89 201.80 14.65 0.40
0.00 2692.25
703.50 8.74 4.13 -0.02 329.04 202.67 16.63 0.70
0.00 3147.48
661.00 6.24 1.05 -4.52 328.00 219.95 20.28 0.80
0.00 3660.86
615.70 2.14 -2.08 -7.17 328.22 240.41 26.36 0.60
0.00 4238.56
567.90 -3.86 -5.87 -8.54 328.27 243.62 26.67 0.30
0.00 4884.08
521.50 -8.06 -9.61 -12.04 329.16 250.86 24.88 0.00
0.00 5552.02
479.80 -10.86 -12.94 -16.95 330.93 264.51 20.30 -0.10
0.00 6196.27
442.40 -14.26 -16.06 -20.09 333.11 274.13 16.16 -0.20
0.00 6816.04
408.70 -18.86 -19.73 -21.95 334.21 265.29 16.57 -0.20
7.00 7411.75
378.20 -23.06 -23.73 -25.90 334.71 264.81 15.02 -0.30
18.00 7984.78
350.80 -27.16 -28.29 -33.96 334.21 252.55 14.26 -0.30
0.00 8531.12
326.00 -31.06 -32.04 -38.57 335.13 247.71 12.80 -0.20
0.00 9055.03
303.70 -34.56 -35.19 -39.98 336.93 243.00 11.56 -0.10
0.00 9553.64
283.60 -38.06 -38.51 -42.80 338.24 230.53 17.11 0.00
3.00 10028.46
265.60 -41.56 -42.02 -48.35 339.00 237.49 20.96 0.00
5.00 10476.40
248.80 -44.56 -45.12 -58.13 340.42 253.43 24.51 0.10
0.00 10916.52
233.50 -47.06 -47.54 -61.80 342.77 259.67 33.57 0.10
0.00 11338.88
219.60 -48.96 -49.38 -64.44 345.86 264.41 35.92 0.00
0.00 11743.35
205.70 -50.56 -50.96 -67.88 349.82 265.13 34.30 0.00
0.00 12170.93
191.70 -52.36 -52.70 -68.39 354.05 262.30 29.00 0.00
0.00 12628.34
177.70 -55.06 -55.34 -73.70 357.33 258.23 23.82 0.00
0.00 13115.46
163.80 -58.26 -58.46 -74.24 360.38 254.56 21.15 0.00
0.00 13631.61
149.80 -61.26 -61.41 -74.84 364.54 247.38 20.20 0.00
0.00 14189.69
135.90 -63.66 -63.77 -75.48 370.58 239.12 23.08 0.00
0.00 14790.26
121.90 -64.16 -9999.00 -9999.00 -9999.00 238.96 24.49 0.00
0.00 15456.14
108.00 -64.06 -9999.00 -9999.00 -9999.00 242.19 19.99 0.00
0.00 16196.95
94.00 -64.46 -9999.00 -9999.00 -9999.00 240.15 13.66 0.00
0.00 17045.86
81.00 -62.66 -9999.00 -9999.00 -9999.00 228.62 10.88 0.00
0.00 17959.03
70.60 -59.16 -9999.00 -9999.00 -9999.00 214.22 5.87 0.00
0.00 18812.75
62.20 -58.06 -9999.00 -9999.00 -9999.00 61.56 5.30 0.00
0.00 19608.26
54.30 -56.76 -9999.00 -9999.00 -9999.00 75.96 6.41 0.00
0.00 20466.03
46.90 -55.46 -9999.00 -9999.00 -9999.00 65.22 8.35 0.00
0.00 21396.80
40.10 -53.46 -9999.00 -9999.00 -9999.00 67.31 11.58 0.00
0.00 22399.52
33.80 -51.96 -9999.00 -9999.00 -9999.00 82.17 15.70 0.00
0.00 23502.37
27.80 -49.86 -9999.00 -9999.00 -9999.00 92.83 15.75 0.00
0.00 24773.66
22.30 -47.66 -9999.00 -9999.00 -9999.00 84.94 15.40 0.00
0.00 26221.62
17.10 -44.96 -9999.00 -9999.00 -9999.00 78.01 22.44 0.00
0.00 27984.57
12.30 -42.56 -9999.00 -9999.00 -9999.00 80.66 29.91 0.00
0.00 30196.88

STID = KMKE STNM = 726400 TIME = 200809/1200 
SLAT = 42.95 SLON = -87.90 SELV = 212.0
STIM = 11

SHOW = 0.93 LIFT = -3.66 SWET = 153.01 KINX = 25.59
LCLP = 975.32 PWAT = 41.55 TOTL = 46.76 CAPE = 875.08
LCLT = 293.56 CINS = -113.26 EQLV = 235.51 LFCT = 653.15
BRCH = 575.05

PRES TMPC TMWC DWPC THTE DRCT SKNT OMEG
CFRL HGHT
992.00 21.84 21.08 20.69 341.08 217.57 3.19 0.00
0.00 221.66
989.00 21.74 20.98 20.59 341.12 226.22 6.45 0.10
0.00 248.05
983.60 22.14 21.11 20.62 342.50 232.00 7.89 0.20
0.00 295.79
974.10 22.04 20.99 20.49 343.44 238.74 12.72 0.30
0.00 380.46
960.20 21.84 20.57 19.98 343.86 238.70 16.82 0.40
0.00 505.77
942.30 20.84 19.66 19.09 342.90 239.74 18.88 0.40
2.00 669.47
921.00 19.64 18.39 17.76 341.14 248.44 16.92 0.40
7.00 867.53
897.80 18.74 16.81 15.81 338.70 263.07 14.47 0.30
10.00 1087.60
872.70 18.24 14.62 12.57 334.65 264.56 12.30 0.30
1.00 1331.36
844.70 17.64 12.10 8.46 330.38 241.23 11.31 0.30
0.00 1610.80
813.80 16.04 10.59 6.80 330.29 218.53 13.40 0.20
0.00 1928.66
779.90 13.64 9.71 7.03 332.96 209.28 14.70 0.20
0.00 2289.05
743.20 11.54 7.44 4.35 331.97 205.13 17.39 0.10
0.00 2694.05
703.60 9.74 3.95 -1.54 328.44 213.25 20.90 0.00
0.00 3150.54
661.20 6.54 1.04 -4.94 327.92 235.42 24.30 -0.20
0.00 3663.68
615.80 1.74 -1.87 -6.04 328.76 248.42 27.99 -0.40
0.00 4242.45
568.00 -3.96 -5.65 -7.83 328.77 262.19 24.32 -0.40
0.00 4887.37
521.60 -8.36 -9.06 -10.09 330.33 271.67 20.01 -0.10
1.00 5554.83
479.80 -11.36 -12.19 -13.59 332.52 274.17 18.71 0.00
3.00 6199.82
442.40 -14.56 -16.11 -19.51 333.03 281.02 15.23 0.00
0.00 6818.78
408.80 -18.76 -20.14 -24.01 333.39 275.04 13.27 -0.10
0.00 7412.39
378.20 -23.46 -23.88 -25.21 334.45 268.41 13.99 0.00
100.00 7986.85
350.80 -27.56 -28.30 -31.72 334.20 255.76 13.42 0.10
15.00 8532.35
326.00 -30.96 -32.34 -43.89 334.59 238.08 13.97 0.10
0.00 9055.93
303.70 -34.46 -35.32 -42.79 336.69 225.00 15.38 0.10
0.00 9554.70
283.70 -37.96 -38.67 -46.82 337.92 226.53 20.61 0.10
2.00 10027.25
265.60 -41.26 -41.98 -55.27 339.03 242.43 24.77 0.10
0.00 10477.96
248.80 -44.66 -45.16 -55.81 340.36 253.27 31.04 0.10
0.00 10918.25
233.50 -47.26 -47.75 -63.98 342.42 257.86 34.17 0.00
0.00 11340.34
219.60 -49.26 -49.69 -67.41 345.35 262.64 34.87 0.00
0.00 11744.36
205.70 -50.76 -51.15 -67.88 349.51 264.19 32.61 0.00
0.00 12171.46
191.70 -52.16 -52.51 -68.39 354.37 261.75 27.08 0.00
0.00 12628.87
177.70 -54.66 -54.96 -73.70 357.99 257.08 21.72 -0.10
0.00 13116.65
163.80 -58.06 -58.27 -74.24 360.72 251.03 19.72 -0.10
0.00 13633.52
149.80 -61.46 -61.60 -74.84 364.19 245.08 21.21 -0.10
0.00 14191.59
135.90 -63.96 -64.07 -75.48 370.05 242.24 25.02 -0.10
0.00 14791.46
121.90 -64.66 -9999.00 -9999.00 -9999.00 243.04 25.27 0.00
0.00 15456.06
108.00 -64.36 -9999.00 -9999.00 -9999.00 245.60 20.69 0.00
0.00 16195.45
94.00 -64.16 -9999.00 -9999.00 -9999.00 245.67 15.56 0.00
0.00 17044.37
81.00 -62.06 -9999.00 -9999.00 -9999.00 242.99 11.11 0.00
0.00 17959.50
70.60 -59.56 -9999.00 -9999.00 -9999.00 243.43 3.48 0.00
0.00 18813.62
62.20 -59.46 -9999.00 -9999.00 -9999.00 72.90 5.28 0.00
0.00 19605.79
54.30 -57.76 -9999.00 -9999.00 -9999.00 96.91 6.45 0.00
0.00 20458.79
46.90 -56.36 -9999.00 -9999.00 -9999.00 77.74 9.15 0.00
0.00 21385.48
40.10 -54.16 -9999.00 -9999.00 -9999.00 76.94 13.75 0.00
0.00 22384.53
33.80 -53.06 -9999.00 -9999.00 -9999.00 81.14 15.13 0.00
0.00 23482.88
27.80 -50.46 -9999.00 -9999.00 -9999.00 86.08 14.22 0.00
0.00 24749.31
22.30 -47.36 -9999.00 -9999.00 -9999.00 76.64 15.97 0.00
0.00 26196.30
17.10 -44.36 -9999.00 -9999.00 -9999.00 77.62 24.46 0.00
0.00 27962.75
12.30 -42.46 -9999.00 -9999.00 -9999.00 77.07 26.90 0.00
0.00 30178.43

STID = KMKE STNM = 726400 TIME = 200809/1300 
SLAT = 42.95 SLON = -87.90 SELV = 212.0
STIM = 12

SHOW = 1.27 LIFT = -2.99 SWET = 147.87 KINX = 25.91
LCLP = 959.24 PWAT = 41.37 TOTL = 46.13 CAPE = 875.05
LCLT = 293.80 CINS = -149.46 EQLV = 233.07 LFCT = 663.00
BRCH = 179.75

PRES TMPC TMWC DWPC THTE DRCT SKNT OMEG
CFRL HGHT
991.50 23.44 21.88 21.19 344.55 207.41 5.91 0.10
0.00 220.84
988.50 23.04 21.66 21.03 344.04 207.22 7.65 0.10
0.00 247.38
983.00 22.54 21.41 20.88 343.83 209.43 8.70 0.20
0.00 296.18
973.60 21.94 20.98 20.52 343.48 220.03 12.68 0.30
3.00 380.06
959.70 21.94 20.38 19.66 343.15 228.54 15.56 0.40
4.00 505.42
941.80 21.14 19.38 18.55 341.86 234.95 15.89 0.50
6.00 669.28
920.60 20.54 18.08 16.87 340.00 245.77 12.78 0.50
7.00 866.83
897.40 20.14 16.55 14.67 337.76 264.29 9.75 0.40
3.00 1087.76
872.30 19.14 14.49 11.80 334.21 264.69 8.39 0.30
0.00 1332.49
844.30 17.94 12.18 8.40 330.69 237.62 9.42 0.20
0.00 1612.58
813.40 16.24 10.67 6.81 330.60 219.05 13.25 0.10
0.00 1930.87
779.60 13.94 9.83 7.04 333.38 211.65 16.67 0.00
0.00 2290.67
742.90 11.84 7.57 4.37 332.40 213.07 19.93 -0.10
0.00 2696.26
703.40 9.74 4.09 -1.18 328.88 220.82 22.59 -0.20
0.00 3152.01
661.00 6.14 1.49 -3.24 329.18 249.39 25.93 -0.20
0.00 3665.04
615.60 1.04 -1.45 -4.13 329.87 265.20 23.19 -0.20
0.00 4243.05
567.80 -3.66 -5.15 -7.00 329.95 271.67 20.01 0.00
0.00 4887.89
521.40 -7.36 -8.71 -10.67 331.14 284.83 20.49 0.10
0.00 5557.24
479.70 -11.46 -12.13 -13.24 332.68 293.20 20.71 -0.10
13.00 6201.96
442.30 -15.06 -16.12 -18.37 333.04 294.62 15.38 -0.10
3.00 6820.39
408.70 -18.56 -20.54 -26.79 332.64 284.24 13.42 -0.10
0.00 7413.77
378.20 -23.26 -24.32 -28.16 333.64 275.57 16.01 0.00
60.00 7986.77
350.70 -27.96 -28.36 -30.09 334.15 263.66 14.06 0.00
42.00 8534.09
326.00 -31.06 -32.64 -48.76 334.06 243.13 16.34 0.10
0.00 9055.11
303.70 -34.36 -35.70 -54.16 336.00 234.25 17.95 0.10
0.00 9553.83
283.60 -37.96 -39.02 -58.54 337.35 239.13 20.82 0.10
0.00 10028.87
265.60 -41.36 -42.08 -55.27 338.89 247.10 24.46 0.10
0.00 10477.05
248.80 -44.56 -45.14 -59.58 340.38 254.05 31.12 0.10
0.00 10917.35
233.60 -47.46 -47.96 -66.97 342.03 258.56 33.29 0.00
0.00 11336.48
219.60 -49.76 -50.17 -67.41 344.58 260.19 31.93 0.00
0.00 11742.69
205.70 -50.86 -51.24 -67.88 349.35 256.49 30.77 -0.10
0.00 12169.22
191.70 -52.46 -52.82 -73.19 353.84 256.80 28.92 -0.10
0.00 12626.21
177.80 -54.86 -55.15 -73.70 357.60 257.68 23.66 -0.20
0.00 13109.82
163.80 -58.16 -58.37 -74.24 360.55 251.01 19.11 -0.20
0.00 13629.90
149.80 -61.86 -61.99 -74.84 363.50 244.40 20.69 -0.10
0.00 14187.32
135.90 -64.76 -64.85 -75.48 368.63 245.31 26.52 0.00
0.00 14785.47
121.90 -65.26 -9999.00 -9999.00 -9999.00 248.12 26.59 0.00
0.00 15447.85
108.00 -64.66 -9999.00 -9999.00 -9999.00 244.46 19.37 0.00
0.00 16185.65
94.00 -64.16 -9999.00 -9999.00 -9999.00 243.08 14.16 0.00
0.00 17033.95
81.00 -61.66 -9999.00 -9999.00 -9999.00 242.93 9.81 0.00
0.00 17949.95
70.60 -59.56 -9999.00 -9999.00 -9999.00 252.65 3.26 0.00
0.00 18804.88
62.20 -58.96 -9999.00 -9999.00 -9999.00 75.96 2.41 0.00
0.00 19597.98
54.30 -57.56 -9999.00 -9999.00 -9999.00 93.69 6.04 0.00
0.00 20452.37
46.90 -57.76 -9999.00 -9999.00 -9999.00 69.57 10.57 0.00
0.00 21376.49
40.10 -55.86 -9999.00 -9999.00 -9999.00 75.62 15.64 0.00
0.00 22368.44
33.80 -53.96 -9999.00 -9999.00 -9999.00 85.87 16.16 0.00
0.00 23460.28
27.80 -49.96 -9999.00 -9999.00 -9999.00 76.84 15.37 0.00
0.00 24725.56
22.30 -46.36 -9999.00 -9999.00 -9999.00 70.84 19.54 0.00
0.00 26177.39
17.10 -44.06 -9999.00 -9999.00 -9999.00 72.70 24.83 0.00
0.00 27948.89
12.30 -42.46 -9999.00 -9999.00 -9999.00 68.60 30.89 0.00
0.00 30166.03

STID = KMKE STNM = 726400 TIME = 200809/1400 
SLAT = 42.95 SLON = -87.90 SELV = 212.0
STIM = 13

SHOW = 0.51 LIFT = -3.59 SWET = 153.16 KINX = 27.03
LCLP = 937.62 PWAT = 40.54 TOTL = 47.36 CAPE = 1000.93
LCLT = 293.56 CINS = -139.32 EQLV = 228.30 LFCT = 680.89
BRCH = 75.65

PRES TMPC TMWC DWPC THTE DRCT SKNT OMEG
CFRL HGHT
991.60 25.14 22.45 21.32 346.99 212.83 7.17 0.10
0.00 220.00
988.50 24.64 22.14 21.07 346.11 212.38 9.42 0.10
0.00 247.58
983.00 24.14 21.86 20.88 345.78 212.55 10.84 0.10
0.00 296.64
973.60 23.24 21.41 20.60 345.30 212.91 11.79 0.10
0.00 380.93
959.70 22.24 20.48 19.68 343.57 217.67 13.99 0.10
2.00 506.64
941.90 21.34 19.46 18.57 342.14 223.36 14.43 0.10
10.00 669.71
920.60 21.04 17.95 16.43 339.51 232.55 11.50 0.10
7.00 868.41
897.40 20.54 16.58 14.52 337.90 242.74 7.21 0.00
0.00 1089.64
872.30 19.34 14.70 12.05 334.95 244.36 5.38 -0.10
0.00 1334.62
844.30 17.84 12.42 8.93 331.47 226.91 8.24 -0.20
0.00 1614.81
813.40 16.24 10.69 6.85 330.66 221.27 12.67 -0.30
0.00 1933.07
779.60 14.24 9.72 6.60 333.00 217.13 17.06 -0.30
0.00 2293.03
742.90 12.24 7.52 3.94 332.24 222.68 20.34 -0.40
0.00 2699.06
703.40 9.94 4.32 -0.83 329.51 234.85 23.29 -0.40
0.00 3155.29
660.90 5.64 1.86 -1.78 330.22 270.53 21.17 -0.20
0.00 3669.39
615.50 1.94 -1.25 -4.72 330.36 288.77 21.13 0.00
0.00 4247.97
567.80 -2.56 -5.46 -9.36 329.19 303.56 24.24 0.10
0.00 4893.70
521.40 -7.86 -9.55 -12.21 329.30 305.70 24.63 0.00
0.00 5563.59
479.70 -11.76 -13.05 -15.42 330.76 300.26 21.58 0.00
0.00 6207.17
442.30 -15.26 -16.57 -19.51 332.14 294.72 13.48 0.00
0.00 6824.88
408.70 -18.36 -20.88 -29.98 331.95 291.64 13.17 0.10
0.00 7418.18
378.20 -23.16 -24.78 -31.64 332.78 277.77 17.25 0.20
0.00 7991.43
350.70 -28.16 -28.60 -30.57 333.73 259.14 14.43 0.20
100.00 8538.58
326.00 -31.16 -32.64 -46.52 334.08 248.09 18.22 0.30
0.00 9059.28
303.70 -34.26 -35.66 -56.53 336.06 243.94 19.89 0.20
0.00 9558.01
283.60 -37.76 -38.77 -54.73 337.76 238.78 22.49 0.20
0.00 10033.35
265.60 -41.26 -42.01 -56.36 338.99 246.37 27.14 0.10
0.00 10481.82
248.70 -44.36 -45.03 -66.51 340.58 252.38 30.17 0.00
0.00 10925.10
233.50 -47.46 -47.91 -61.80 342.17 252.14 30.40 0.00
0.00 11344.60
219.60 -49.36 -49.76 -64.44 345.24 248.53 31.31 0.00
0.00 11748.36
205.70 -50.76 -51.15 -67.88 349.51 248.89 32.91 -0.10
0.00 12175.36
191.70 -52.76 -53.11 -73.19 353.36 253.55 33.62 -0.20
0.00 12632.15
177.70 -55.16 -55.44 -73.70 357.17 259.27 30.24 -0.20
0.00 13118.71
163.80 -58.36 -58.56 -74.24 360.21 260.91 24.59 -0.30
0.00 13634.62
149.80 -62.06 -62.19 -74.84 363.16 252.45 19.97 -0.20
0.00 14191.52
135.90 -65.46 -65.54 -75.48 367.39 244.06 23.97 -0.10
0.00 14788.39
121.90 -65.66 -9999.00 -9999.00 -9999.00 244.96 26.17 0.00
0.00 15449.01
108.00 -63.86 -9999.00 -9999.00 -9999.00 242.43 19.72 0.00
0.00 16187.52
94.00 -63.76 -9999.00 -9999.00 -9999.00 245.88 14.26 0.00
0.00 17038.27
81.00 -61.86 -9999.00 -9999.00 -9999.00 246.95 9.93 0.00
0.00 17954.70
70.60 -60.66 -9999.00 -9999.00 -9999.00 233.97 2.64 0.00
0.00 18807.02
62.20 -59.66 -9999.00 -9999.00 -9999.00 86.99 3.69 0.00
0.00 19596.77
54.30 -57.96 -9999.00 -9999.00 -9999.00 102.80 8.76 0.00
0.00 20448.98
46.90 -57.06 -9999.00 -9999.00 -9999.00 83.54 10.35 0.00
0.00 21373.74
40.10 -54.66 -9999.00 -9999.00 -9999.00 73.16 15.42 0.00
0.00 22370.04
33.80 -53.56 -9999.00 -9999.00 -9999.00 74.05 14.14 0.00
0.00 23465.89
27.80 -50.66 -9999.00 -9999.00 -9999.00 61.84 15.64 0.00
0.00 24730.31
22.30 -47.36 -9999.00 -9999.00 -9999.00 74.88 22.34 0.00
0.00 26176.66
17.10 -44.16 -9999.00 -9999.00 -9999.00 75.78 30.05 0.00
0.00 27943.89
12.30 -42.36 -9999.00 -9999.00 -9999.00 71.97 34.52 0.00
0.00 30161.02

STID = KMKE STNM = 726400 TIME = 200809/1500 
SLAT = 42.95 SLON = -87.90 SELV = 212.0
STIM = 14

SHOW = 0.32 LIFT = -3.80 SWET = 155.87 KINX = 27.34
LCLP = 909.13 PWAT = 38.60 TOTL = 47.68 CAPE = 1060.73
LCLT = 292.60 CINS = -131.68 EQLV = 228.46 LFCT = 648.88
BRCH = 54.70

PRES TMPC TMWC DWPC THTE DRCT SKNT OMEG
CFRL HGHT
992.00 26.84 22.62 20.87 347.65 209.25 5.57 0.10
0.00 220.93
989.00 26.24 22.27 20.61 346.61 208.74 6.88 0.10
0.00 247.75
983.50 25.64 21.96 20.40 346.11 209.20 7.56 0.10
0.00 297.03
974.10 24.74 21.51 20.12 345.65 208.93 8.43 0.10
0.00 381.68
960.20 23.44 20.90 19.78 345.23 210.53 8.80 0.20
0.00 507.88
942.30 22.34 19.42 18.05 341.90 213.69 9.11 0.30
4.00 672.38
921.10 21.04 18.13 16.70 340.10 216.87 8.74 0.40
10.00 870.37
897.80 20.94 16.32 13.85 336.83 220.03 6.33 0.40
3.00 1092.58
872.70 19.54 14.61 11.76 334.55 222.27 5.77 0.30
0.00 1337.65
844.70 17.84 12.53 9.15 331.79 222.44 9.21 0.20
0.00 1617.80
813.80 16.04 10.80 7.23 330.98 220.43 13.77 0.10
0.00 1935.82
779.90 14.04 9.79 6.88 333.18 219.50 18.63 -0.10
0.00 2296.48
743.20 12.54 7.36 3.35 331.70 227.86 22.01 -0.20
0.00 2702.40
703.60 10.04 4.57 -0.33 330.19 263.52 17.21 -0.10
0.00 3159.94
661.10 7.04 1.69 -3.80 329.66 291.69 18.40 0.20
0.00 3675.18
615.70 2.94 -2.22 -8.83 327.79 306.78 25.95 0.30
0.00 4255.75
567.90 -2.86 -6.11 -10.81 327.66 309.39 30.92 0.30
0.00 4903.20
521.60 -8.06 -10.55 -15.02 327.11 310.98 25.47 0.20
0.00 5570.64
479.80 -11.76 -13.70 -17.64 329.40 300.41 20.73 0.00
0.00 6215.13
442.40 -15.16 -17.13 -22.08 331.00 285.83 13.52 -0.20
0.00 6832.68
408.80 -18.46 -21.45 -34.39 330.83 286.44 12.35 -0.20
0.00 7425.72
378.30 -23.26 -25.15 -34.04 332.08 273.99 16.74 0.00
0.00 7998.52
350.80 -28.26 -28.85 -31.59 333.28 254.86 17.11 0.10
49.00 8545.27
326.00 -31.36 -32.70 -44.28 334.00 254.38 18.76 0.10
0.00 9067.67
303.70 -34.36 -35.74 -56.53 335.92 246.25 21.23 0.10
0.00 9566.10
283.70 -37.96 -38.90 -52.86 337.52 242.18 23.72 0.10
0.00 10038.69
265.60 -40.96 -41.78 -59.06 339.34 250.40 27.21 0.00
0.00 10489.68
248.80 -44.16 -44.72 -56.89 341.06 247.91 28.92 0.00
0.00 10930.73
233.60 -46.96 -47.30 -54.49 343.14 247.94 32.07 -0.10
0.00 11350.71
219.60 -49.16 -49.43 -55.86 345.81 250.62 33.35 -0.10
0.00 11757.93
205.70 -51.36 -51.62 -59.64 348.74 251.98 33.92 -0.10
0.00 12184.57
191.70 -53.66 -53.92 -65.45 352.01 255.57 34.30 -0.10
0.00 12639.82
177.80 -55.86 -56.12 -73.70 355.97 259.32 31.43 -0.10
0.00 13121.01
163.80 -58.36 -58.56 -74.24 360.21 257.85 25.84 -0.10
0.00 13639.65
149.80 -61.66 -61.80 -74.84 363.85 245.30 21.39 0.00
0.00 14197.07
135.90 -64.86 -9999.00 -9999.00 -9999.00 236.77 26.94 0.00
0.00 14795.36
121.90 -65.66 -9999.00 -9999.00 -9999.00 243.09 29.20 0.00
0.00 15456.94
108.00 -63.86 -9999.00 -9999.00 -9999.00 243.67 21.46 0.00
0.00 16195.45
94.00 -63.36 -9999.00 -9999.00 -9999.00 235.20 13.95 0.00
0.00 17047.00
81.00 -61.36 -9999.00 -9999.00 -9999.00 234.34 10.99 0.00
0.00 17965.40
70.60 -60.16 -9999.00 -9999.00 -9999.00 216.38 4.58 0.00
0.00 18819.73
62.20 -58.56 -9999.00 -9999.00 -9999.00 107.35 3.26 0.00
0.00 19612.45
54.30 -57.46 -9999.00 -9999.00 -9999.00 105.52 7.26 0.00
0.00 20467.84
46.90 -56.26 -9999.00 -9999.00 -9999.00 73.54 8.92 0.00
0.00 21395.39
40.10 -55.16 -9999.00 -9999.00 -9999.00 73.95 14.76 0.00
0.00 22392.37
33.80 -53.06 -9999.00 -9999.00 -9999.00 81.33 11.60 0.00
0.00 23488.22
27.80 -50.16 -9999.00 -9999.00 -9999.00 70.82 14.20 0.00
0.00 24755.50
22.30 -47.86 -9999.00 -9999.00 -9999.00 83.90 20.12 0.00
0.00 26201.85
17.10 -45.26 -9999.00 -9999.00 -9999.00 79.85 26.44 0.00
0.00 27962.86
12.30 -42.56 -9999.00 -9999.00 -9999.00 82.74 39.96 0.00
0.00 30173.72

STID = KMKE STNM = 726400 TIME = 200809/1600 
SLAT = 42.95 SLON = -87.90 SELV = 212.0
STIM = 15

SHOW = 0.46 LIFT = -3.79 SWET = 153.90 KINX = 26.41
LCLP = 880.98 PWAT = 38.21 TOTL = 47.57 CAPE = 1068.42
LCLT = 291.40 CINS = -161.14 EQLV = 231.08 LFCT = 631.76
BRCH = 37.67

PRES TMPC TMWC DWPC THTE DRCT SKNT OMEG
CFRL HGHT
991.30 28.24 22.54 20.15 347.35 182.39 4.66 0.00
0.00 221.87
988.30 27.64 22.19 19.87 346.29 181.97 5.63 0.00
0.00 248.83
982.80 27.04 21.87 19.65 345.78 180.00 6.22 -0.10
0.00 298.35
973.40 26.14 21.37 19.29 345.11 180.00 6.80 -0.10
0.00 383.42
959.50 24.74 20.64 18.82 344.24 183.01 7.40 -0.10
0.00 510.23
941.70 23.24 19.80 18.23 343.55 184.40 7.60 -0.10
0.00 674.49
920.40 21.64 18.32 16.71 340.95 191.89 7.54 0.00
8.00 874.07
897.30 21.14 16.11 13.37 336.12 197.45 7.13 0.10
4.00 1094.80
872.10 19.74 14.18 10.86 333.14 207.90 7.48 0.10
0.00 1341.10
844.20 18.14 12.55 8.97 331.90 216.10 11.54 0.00
0.00 1620.60
813.30 16.04 11.32 8.23 332.72 215.54 16.71 0.00
0.00 1939.03
779.50 14.04 10.02 7.32 333.99 223.00 19.66 -0.10
0.00 2298.92
742.80 13.24 7.10 2.14 330.93 244.77 22.34 -0.10
0.00 2705.51
703.20 10.34 4.53 -0.73 330.13 267.03 14.98 0.00
0.00 3164.01
660.80 8.04 1.32 -6.18 328.63 310.17 19.58 0.10
0.00 3679.35
615.50 3.04 -0.93 -5.27 331.13 309.76 28.55 0.20
0.00 4260.06
567.70 -2.96 -5.12 -7.87 330.02 306.03 29.06 0.10
0.00 4908.08
521.30 -8.36 -10.83 -15.35 326.60 313.31 23.23 0.10
0.00 5576.92
479.60 -11.36 -13.99 -19.83 328.81 297.14 17.46 0.00
0.00 6220.23
442.30 -14.96 -17.46 -24.35 330.36 282.53 16.12 0.00
0.00 6836.93
408.70 -18.86 -21.89 -36.11 330.04 272.20 15.17 0.00
0.00 7429.82
378.20 -23.46 -25.46 -35.58 331.55 264.86 17.37 0.00
0.00 8002.05
350.70 -28.36 -28.99 -32.00 333.07 256.72 17.75 0.20
12.00 8548.60
326.00 -31.46 -32.83 -45.12 333.78 258.69 18.82 0.20
0.00 9068.75
303.70 -34.66 -36.01 -56.53 335.50 250.76 21.81 0.10
0.00 9566.76
283.60 -38.06 -38.99 -52.86 337.41 247.94 24.32 0.00
0.00 10041.40
265.60 -41.26 -41.96 -54.30 339.07 248.28 24.67 0.00
0.00 10489.59
248.80 -44.16 -44.60 -52.43 341.27 247.05 28.90 -0.10
0.00 10930.37
233.50 -46.66 -47.02 -54.49 343.63 254.93 31.39 -0.10
0.00 11353.49
219.60 -49.16 -49.50 -59.12 345.68 255.96 32.83 -0.10
0.00 11758.15
205.70 -51.76 -52.10 -67.88 347.93 254.77 34.01 -0.10
0.00 12184.40
191.70 -54.16 -54.43 -68.39 351.16 254.72 34.63 -0.10
0.00 12638.71
177.70 -56.46 -56.62 -63.87 355.18 256.45 33.18 -0.10
0.00 13122.28
163.80 -58.76 -58.92 -69.50 359.59 254.96 26.96 0.00
0.00 13636.17
149.80 -61.56 -61.70 -74.84 364.02 239.21 22.38 0.00
0.00 14193.20
135.90 -64.46 -9999.00 -9999.00 -9999.00 231.22 27.91 0.00
0.00 14792.21
121.90 -64.66 -9999.00 -9999.00 -9999.00 238.64 29.12 0.00
0.00 15456.01
108.00 -62.46 -9999.00 -9999.00 -9999.00 242.74 21.64 0.00
0.00 16198.77
94.00 -62.56 -9999.00 -9999.00 -9999.00 239.04 14.72 0.00
0.00 17054.80
81.00 -61.56 -9999.00 -9999.00 -9999.00 251.90 10.63 0.00
0.00 17974.50
70.60 -60.16 -9999.00 -9999.00 -9999.00 225.00 3.30 0.00
0.00 18828.43
62.20 -58.26 -9999.00 -9999.00 -9999.00 121.76 4.80 0.00
0.00 19621.71
54.30 -57.06 -9999.00 -9999.00 -9999.00 115.64 5.38 0.00
0.00 20478.49
46.90 -55.36 -9999.00 -9999.00 -9999.00 72.00 8.18 0.00
0.00 21408.83
40.10 -55.06 -9999.00 -9999.00 -9999.00 82.76 12.33 0.00
0.00 22408.11
33.80 -52.96 -9999.00 -9999.00 -9999.00 84.81 12.88 0.00
0.00 23504.45
27.80 -50.76 -9999.00 -9999.00 -9999.00 86.92 18.08 0.00
0.00 24770.31
22.30 -47.66 -9999.00 -9999.00 -9999.00 90.97 22.92 0.00
0.00 26215.36
17.10 -43.66 -9999.00 -9999.00 -9999.00 86.94 25.49 0.00
0.00 27983.37
12.30 -41.76 -9999.00 -9999.00 -9999.00 78.69 32.69 0.00
0.00 30205.80

STID = KMKE STNM = 726400 TIME = 200809/1700 
SLAT = 42.95 SLON = -87.90 SELV = 212.0
STIM = 16

SHOW = 0.06 LIFT = -4.12 SWET = 166.10 KINX = 23.92
LCLP = 861.77 PWAT = 38.68 TOTL = 47.82 CAPE = 1155.76
LCLT = 290.62 CINS = -179.76 EQLV = 227.32 LFCT = 634.71
BRCH = 37.90

PRES TMPC TMWC DWPC THTE DRCT SKNT OMEG
CFRL HGHT
990.20 29.24 22.53 19.70 347.45 170.54 5.91 0.00
0.00 221.91
987.30 28.54 22.15 19.42 346.27 169.29 7.32 -0.10
0.00 248.07
981.80 27.94 21.86 19.23 345.85 168.96 8.12 -0.20
0.00 297.79
972.40 27.04 21.41 18.95 345.41 168.44 8.72 -0.30
0.00 383.18
958.50 25.74 20.75 18.53 344.81 169.38 9.48 -0.40
0.00 510.50
940.70 24.14 19.92 18.01 344.20 172.03 9.81 -0.50
0.00 675.45
919.50 22.34 18.69 16.96 342.56 175.60 10.14 -0.50
0.00 874.83
896.30 20.64 17.05 15.23 339.82 183.30 10.12 -0.30
5.00 1096.92
871.30 19.44 14.80 12.17 335.45 190.89 10.30 -0.10
0.00 1341.35
843.30 17.94 12.81 9.61 332.93 201.37 14.39 0.00
0.00 1622.00
812.40 15.94 12.14 9.82 335.63 207.60 19.29 0.10
0.00 1940.75
778.60 14.84 9.93 6.57 333.82 223.83 20.20 0.10
3.00 2301.54
742.10 14.24 6.95 0.79 330.49 259.22 16.61 0.20
0.00 2707.50
702.60 11.64 4.35 -2.68 329.61 282.26 13.71 0.40
0.00 3166.92
660.30 8.14 1.72 -5.12 329.79 311.80 22.14 0.50
0.00 3682.68
615.00 2.84 -1.07 -5.38 330.87 300.23 25.85 0.30
0.00 4263.79
567.30 -3.06 -5.18 -7.88 329.96 306.50 24.16 0.20
0.00 4910.59
521.00 -8.36 -10.45 -14.07 327.46 308.26 17.56 0.10
0.00 5578.34
479.40 -10.96 -13.98 -20.93 328.86 286.70 16.22 0.00
0.00 6220.93
442.10 -14.86 -17.24 -23.55 330.84 285.55 19.56 -0.10
0.00 6838.48
408.50 -19.16 -21.89 -33.63 330.13 278.65 18.08 -0.20
0.00 7431.45
378.10 -23.86 -25.68 -34.60 331.22 259.92 17.75 -0.10
0.00 8001.26
350.70 -28.56 -29.25 -32.71 332.62 258.69 16.84 0.00
0.00 8545.23
326.00 -31.56 -33.02 -47.58 333.45 262.06 16.86 0.10
0.00 9065.05
303.70 -34.96 -36.18 -52.28 335.24 251.57 21.50 0.10
0.00 9562.64
283.60 -38.46 -39.28 -50.62 336.96 250.62 22.24 0.10
0.00 10036.59
265.60 -41.36 -41.94 -50.55 339.13 248.47 22.77 0.00
0.00 10484.31
248.70 -44.16 -44.55 -51.11 341.39 257.42 24.09 0.00
0.00 10927.71
233.50 -46.96 -47.27 -53.70 343.22 255.96 25.62 0.00
5.00 11347.88
219.60 -48.96 -49.41 -67.41 345.81 254.53 35.68 -0.10
0.00 11752.45
205.70 -51.76 -52.10 -67.88 347.93 254.27 35.12 -0.10
0.00 12178.88
191.70 -54.56 -54.81 -68.39 350.52 252.80 34.17 -0.10
0.00 12632.79
177.70 -56.76 -56.91 -63.87 354.69 249.93 32.26 0.00
0.00 13115.58
163.80 -58.66 -58.75 -62.80 359.90 242.90 27.72 0.00
0.00 13629.24
149.80 -61.16 -61.31 -74.84 364.71 230.93 25.27 0.00
0.00 14186.92
135.90 -63.76 -9999.00 -9999.00 -9999.00 233.13 31.08 0.00
0.00 14787.50
121.90 -64.46 -9999.00 -9999.00 -9999.00 244.72 30.92 0.00
0.00 15452.73
108.00 -63.26 -9999.00 -9999.00 -9999.00 252.04 22.05 0.00
0.00 16194.43
94.00 -62.66 -9999.00 -9999.00 -9999.00 239.49 12.63 0.00
0.00 17048.63
81.00 -61.16 -9999.00 -9999.00 -9999.00 251.57 9.83 0.00
0.00 17968.99
70.60 -59.06 -9999.00 -9999.00 -9999.00 201.80 5.23 0.00
0.00 18825.93
62.20 -58.26 -9999.00 -9999.00 -9999.00 154.18 6.68 0.00
0.00 19621.25
54.30 -58.06 -9999.00 -9999.00 -9999.00 120.47 3.83 0.00
0.00 20476.04
46.90 -56.06 -9999.00 -9999.00 -9999.00 83.52 8.61 0.00
0.00 21402.73
40.10 -54.76 -9999.00 -9999.00 -9999.00 97.72 11.56 0.00
0.00 22401.09
33.80 -52.26 -9999.00 -9999.00 -9999.00 81.54 14.53 0.00
0.00 23499.94
27.80 -50.06 -9999.00 -9999.00 -9999.00 85.03 17.93 0.00
0.00 24769.80
22.30 -46.96 -9999.00 -9999.00 -9999.00 85.52 19.87 0.00
0.00 26219.37
17.10 -43.86 -9999.00 -9999.00 -9999.00 84.16 24.81 0.00
0.00 27989.32
12.30 -42.26 -9999.00 -9999.00 -9999.00 86.01 33.49 0.00
0.00 30208.38

STID = KMKE STNM = 726400 TIME = 200809/1800 
SLAT = 42.95 SLON = -87.90 SELV = 212.0
STIM = 17

SHOW = -2.45 LIFT = -4.88 SWET = 388.58 KINX = 24.49
LCLP = 857.90 PWAT = 39.83 TOTL = 50.11 CAPE = 1446.50
LCLT = 290.88 CINS = -175.15 EQLV = 210.41 LFCT = 646.47
BRCH = 42.78

PRES TMPC TMWC DWPC THTE DRCT SKNT OMEG
CFRL HGHT
989.60 29.84 22.89 20.02 349.16 169.22 8.31 0.00
0.00 221.04
986.60 29.14 22.53 19.76 348.03 169.11 10.30 -0.10
0.00 248.18
981.20 28.44 22.21 19.58 347.50 169.08 11.29 -0.30
0.00 297.12
971.70 27.54 21.79 19.33 347.16 168.87 12.08 -0.40
0.00 383.64
957.90 26.24 21.17 18.98 346.73 169.54 12.84 -0.60
0.00 510.37
940.10 24.64 20.39 18.52 346.27 170.81 13.38 -0.70
0.00 675.74
918.90 22.74 19.45 17.96 345.77 173.57 13.87 -0.60
0.00 875.63
895.70 20.84 18.15 16.87 344.23 177.68 14.39 -0.40
0.00 1098.25
870.60 18.94 16.52 15.29 341.93 185.44 16.39 -0.10
5.00 1343.99
842.60 17.14 14.56 13.16 339.22 192.26 18.28 0.10
4.00 1624.64
811.70 16.24 12.33 9.96 336.36 202.44 19.33 0.30
7.00 1943.62
778.00 16.54 9.27 3.80 331.71 234.22 16.28 0.30
2.00 2304.74
741.50 15.54 6.73 -1.22 329.79 273.42 13.03 0.30
0.00 2712.88
702.10 12.44 4.25 -3.98 329.32 291.80 13.60 0.40
0.00 3173.01
659.90 8.04 1.85 -4.61 330.23 304.95 19.68 0.40
0.00 3688.49
614.70 2.74 -1.61 -6.70 329.54 300.05 22.88 0.30
0.00 4268.38
567.00 -2.96 -5.32 -8.38 329.69 312.74 20.90 0.20
0.00 4915.40
520.80 -7.86 -9.96 -13.44 328.54 298.81 17.74 0.10
0.00 5582.76
479.20 -10.96 -14.27 -22.39 328.29 280.95 18.40 -0.10
0.00 6226.21
442.00 -15.26 -17.42 -23.13 330.52 283.92 24.22 -0.20
0.00 6841.80
408.40 -19.86 -21.46 -26.69 331.04 289.78 18.38 -0.20
0.00 7433.74
378.00 -24.26 -26.11 -35.79 330.50 276.24 12.51 -0.10
0.00 8002.53
350.60 -28.56 -29.59 -35.36 332.07 255.34 13.05 0.00
0.00 8546.18
325.90 -31.26 -32.83 -49.41 333.77 258.00 15.89 0.10
0.00 9066.44
303.70 -34.96 -36.02 -47.67 335.52 252.04 22.05 0.00
0.00 9562.19
283.60 -38.46 -39.16 -47.77 337.16 250.53 20.40 -0.10
0.00 10036.15
265.50 -41.46 -42.00 -49.95 339.06 252.74 20.96 -0.10
0.00 10486.36
248.70 -44.36 -44.79 -52.43 341.01 252.86 21.76 -0.10
0.00 10926.94
233.50 -46.56 -47.04 -60.07 343.57 252.92 31.10 -0.10
0.00 11347.28
219.60 -49.56 -49.98 -67.41 344.89 252.19 33.66 -0.10
0.00 11751.66
205.70 -52.36 -52.68 -67.88 346.99 248.96 35.18 -0.10
0.00 12176.94
191.70 -54.56 -54.81 -68.39 350.52 246.72 34.89 0.00
0.00 12630.23
177.70 -56.66 -56.89 -73.70 354.71 243.13 33.10 0.00
0.00 13113.12
163.80 -58.96 -59.07 -64.48 359.35 238.15 30.19 0.00
0.00 13626.54
149.80 -61.46 -61.58 -70.13 364.24 230.65 27.87 0.00
0.00 14183.44
135.90 -63.96 -9999.00 -9999.00 -9999.00 236.31 30.11 0.00
0.00 14783.31
121.90 -64.56 -9999.00 -9999.00 -9999.00 248.99 28.71 0.00
0.00 15448.06
108.00 -62.76 -9999.00 -9999.00 -9999.00 249.75 21.33 0.00
0.00 16190.47
94.00 -61.86 -9999.00 -9999.00 -9999.00 226.08 14.57 0.00
0.00 17047.31
81.00 -60.86 -9999.00 -9999.00 -9999.00 239.04 12.45 0.00
0.00 17970.06
70.60 -59.16 -9999.00 -9999.00 -9999.00 200.73 7.69 0.00
0.00 18827.41
62.20 -58.06 -9999.00 -9999.00 -9999.00 171.87 5.50 0.00
0.00 19622.91
54.30 -57.06 -9999.00 -9999.00 -9999.00 86.99 3.69 0.00
0.00 20480.09
46.90 -55.46 -9999.00 -9999.00 -9999.00 86.42 9.34 0.00
0.00 21410.21
40.10 -54.66 -9999.00 -9999.00 -9999.00 98.30 9.42 0.00
0.00 22410.18
33.80 -52.96 -9999.00 -9999.00 -9999.00 76.17 13.00 0.00
0.00 23507.52
27.80 -50.26 -9999.00 -9999.00 -9999.00 79.70 17.37 0.00
0.00 24774.81
22.30 -47.16 -9999.00 -9999.00 -9999.00 84.94 22.03 0.00
0.00 26223.09
17.10 -44.46 -9999.00 -9999.00 -9999.00 87.01 26.07 0.00
0.00 27989.93
12.30 -41.96 -9999.00 -9999.00 -9999.00 87.36 29.56 0.00
0.00 30207.54

STID = KMKE STNM = 726400 TIME = 200809/1900 
SLAT = 42.95 SLON = -87.90 SELV = 212.0
STIM = 18

SHOW = -4.51 LIFT = -6.26 SWET = 466.30 KINX = 25.87
LCLP = 864.93 PWAT = 41.23 TOTL = 52.49 CAPE = 1905.04
LCLT = 291.73 CINS = -7.47 EQLV = 196.87 LFCT = 845.31
BRCH = 58.50

PRES TMPC TMWC DWPC THTE DRCT SKNT OMEG
CFRL HGHT
989.80 30.04 23.41 20.76 351.53 169.46 8.49 0.00
0.00 221.95
986.80 29.24 23.05 20.54 350.37 170.71 10.82 -0.10
0.00 249.11
981.40 28.64 22.78 20.38 350.00 170.69 12.00 -0.30
0.00 298.08
972.00 27.74 22.38 20.17 349.75 170.39 12.80 -0.50
0.00 383.77
958.10 26.44 21.81 19.88 349.50 171.75 13.54 -0.70
0.00 511.53
940.30 24.84 21.08 19.48 349.20 173.83 14.45 -0.90
0.00 677.06
919.00 23.04 20.20 18.96 348.92 177.83 15.37 -0.90
0.00 878.15
895.80 21.04 19.14 18.27 348.29 180.69 16.12 -0.70
0.00 1101.08
870.70 19.04 17.65 16.97 346.37 191.43 18.63 -0.50
8.00 1347.11
842.70 17.14 15.79 15.09 343.78 196.91 20.71 -0.20
19.00 1628.03
811.80 15.54 13.06 11.64 338.91 205.37 20.86 0.10
23.00 1946.83
778.00 17.74 8.95 1.87 330.56 243.81 13.21 0.20
1.00 2309.35
741.50 16.44 6.61 -2.67 329.33 279.29 10.82 0.20
0.00 2718.81
702.20 12.74 4.24 -4.44 329.22 289.54 12.78 0.20
0.00 3178.61
659.90 8.14 1.68 -5.23 329.75 300.96 17.00 0.20
0.00 3695.59
614.70 2.94 -1.63 -7.02 329.49 310.34 18.61 0.20
0.00 4275.74
567.10 -2.46 -5.29 -9.03 329.72 311.54 20.51 0.10
0.00 4922.13
520.90 -7.76 -9.97 -13.68 328.48 294.20 18.96 0.00
0.00 5590.06
479.30 -11.56 -14.55 -21.80 327.75 280.11 19.93 0.00
0.00 6232.78
442.00 -15.66 -18.24 -26.04 328.94 286.33 20.05 0.00
0.00 6848.73
408.40 -19.86 -21.66 -27.88 330.66 289.98 13.64 0.10
0.00 7440.13
378.00 -24.26 -26.09 -35.58 330.54 266.50 9.54 0.10
0.00 8008.90
350.60 -28.26 -29.59 -37.86 332.03 247.78 14.90 0.00
0.00 8552.86
325.90 -31.46 -32.96 -48.15 333.58 257.20 17.52 0.00
0.00 9073.21
303.70 -35.36 -36.28 -45.76 335.11 261.12 18.88 -0.10
0.00 9568.35
283.60 -38.46 -39.12 -46.82 337.24 256.28 17.19 0.00
0.00 10041.92
265.50 -41.36 -41.91 -49.95 339.21 252.26 20.40 0.00
0.00 10492.23
248.70 -44.66 -45.04 -51.75 340.60 248.84 25.84 0.00
0.00 10932.62
233.50 -47.16 -47.66 -63.98 342.58 252.51 29.74 0.00
0.00 11352.12
219.60 -49.86 -50.24 -64.44 344.47 247.90 34.60 0.00
0.00 11755.70
205.70 -52.36 -52.68 -67.88 346.99 246.44 36.44 0.00
0.00 12180.70
191.70 -54.66 -54.91 -68.39 350.36 242.62 36.75 0.00
0.00 12633.88
177.70 -56.86 -57.08 -73.70 354.38 237.60 35.90 0.00
0.00 13116.44
163.80 -59.16 -59.34 -74.24 358.87 234.90 32.77 0.00
0.00 13629.37
149.80 -61.36 -61.48 -70.13 364.41 227.85 30.40 0.00
0.00 14186.14
135.90 -63.46 -63.58 -75.48 370.93 234.87 32.07 0.00
0.00 14786.86
121.90 -64.16 -9999.00 -9999.00 -9999.00 251.91 30.65 0.00
0.00 15453.05
108.00 -62.86 -9999.00 -9999.00 -9999.00 252.90 23.78 0.00
0.00 16195.99
94.00 -61.56 -9999.00 -9999.00 -9999.00 231.77 16.32 0.00
0.00 17053.24
81.00 -60.86 -9999.00 -9999.00 -9999.00 238.17 13.27 0.00
0.00 17976.65
70.60 -58.96 -9999.00 -9999.00 -9999.00 200.56 8.29 0.00
0.00 18834.39
62.20 -57.86 -9999.00 -9999.00 -9999.00 186.58 5.09 0.00
0.00 19630.64
54.30 -57.36 -9999.00 -9999.00 -9999.00 113.20 4.43 0.00
0.00 20487.62
46.90 -56.76 -9999.00 -9999.00 -9999.00 101.31 9.91 0.00
0.00 21414.31
40.10 -55.36 -9999.00 -9999.00 -9999.00 91.06 10.49 0.00
0.00 22409.69
33.80 -52.86 -9999.00 -9999.00 -9999.00 78.55 15.66 0.00
0.00 23505.53
27.80 -49.56 -9999.00 -9999.00 -9999.00 79.85 18.75 0.00
0.00 24775.11
22.30 -47.36 -9999.00 -9999.00 -9999.00 83.29 19.95 0.00
0.00 26225.00
17.10 -45.06 -9999.00 -9999.00 -9999.00 79.61 23.70 0.00
0.00 27988.73
12.30 -42.46 -9999.00 -9999.00 -9999.00 93.87 28.81 0.00
0.00 30201.04

STID = KMKE STNM = 726400 TIME = 200809/2000 
SLAT = 42.95 SLON = -87.90 SELV = 212.0
STIM = 19

SHOW = -5.46 LIFT = -6.91 SWET = 495.65 KINX = 26.62
LCLP = 862.06 PWAT = 42.30 TOTL = 53.88 CAPE = 2097.57
LCLT = 291.78 CINS = -10.58 EQLV = 193.85 LFCT = 841.98
BRCH = 106.25

PRES TMPC TMWC DWPC THTE DRCT SKNT OMEG
CFRL HGHT
989.30 30.34 23.55 20.86 352.27 176.91 7.21 0.00
0.00 221.97
986.30 29.64 23.24 20.67 351.32 178.78 9.13 -0.10
0.00 249.17
980.90 29.04 22.97 20.51 350.95 178.88 9.91 -0.30
0.00 298.24
971.50 28.14 22.58 20.31 350.73 180.00 10.68 -0.50
0.00 384.09
957.60 26.84 22.02 20.03 350.50 181.94 11.46 -0.80
0.00 512.10
939.80 25.34 21.33 19.65 350.39 186.24 12.51 -1.10
0.00 677.98
918.60 23.54 20.47 19.15 350.15 192.70 14.14 -1.10
0.00 878.58
895.40 21.54 19.46 18.54 349.75 196.90 16.05 -1.00
0.00 1102.02
870.30 19.54 18.11 17.43 348.33 201.91 18.22 -0.60
0.00 1348.63
842.20 17.44 16.24 15.62 345.59 205.82 20.07 -0.20
14.00 1631.16
811.40 15.14 14.07 13.47 342.61 208.48 20.77 0.10
25.00 1949.23
777.60 16.04 9.70 5.18 333.19 234.29 15.31 0.40
7.00 2310.93
741.10 16.54 6.50 -3.16 329.03 271.22 9.13 0.30
0.00 2719.64
701.80 12.74 4.12 -4.79 328.96 280.56 11.65 0.10
0.00 3179.74
659.60 8.14 1.33 -6.28 328.85 292.22 14.90 0.00
0.00 3695.70
614.50 2.94 -1.68 -7.16 329.40 312.66 13.48 0.00
0.00 4274.74
566.90 -2.46 -5.41 -9.38 329.47 307.98 17.99 0.00
0.00 4921.31
520.70 -7.96 -10.12 -13.78 328.21 293.82 16.36 0.00
0.00 5589.22
479.10 -11.86 -14.71 -21.64 327.48 278.04 18.05 0.00
0.00 6231.59
441.90 -15.66 -18.31 -26.47 328.82 284.71 16.06 0.00
0.00 6845.72
408.40 -19.76 -21.79 -29.20 330.40 284.74 11.44 0.00
0.00 7435.52
378.00 -24.16 -26.05 -36.00 330.60 258.91 10.10 0.00
0.00 8004.50
350.60 -28.16 -29.70 -40.20 331.83 256.13 16.20 0.00
0.00 8548.66
325.90 -31.86 -33.14 -44.70 333.30 263.11 17.81 0.00
0.00 9068.68
303.60 -35.56 -36.41 -44.94 334.94 261.47 15.71 0.00
0.00 9565.53
283.60 -38.66 -39.30 -46.82 336.95 251.10 15.00 0.00
0.00 10036.43
265.50 -41.56 -42.12 -50.55 338.88 248.30 19.44 0.00
0.00 10486.35
248.70 -44.66 -45.14 -54.84 340.44 248.87 24.79 0.00
0.00 10926.53
233.50 -47.16 -47.68 -66.97 342.53 244.55 31.20 0.00
0.00 11346.04
219.60 -49.96 -50.33 -64.44 344.32 245.00 34.93 0.00
0.00 11749.52
205.70 -52.26 -52.58 -67.88 347.15 244.67 36.32 0.00
0.00 12174.52
191.70 -54.46 -54.72 -68.39 350.68 242.63 37.18 0.00
0.00 12628.01
177.70 -56.86 -57.08 -73.70 354.38 239.88 36.38 0.00
0.00 13110.79
163.80 -58.76 -58.95 -74.24 359.54 236.22 34.60 0.10
0.00 13624.20
149.80 -60.56 -60.70 -70.13 365.79 231.75 33.90 0.00
0.00 14182.54
135.90 -62.76 -62.89 -75.48 372.17 239.79 35.51 0.00
0.00 14785.40
121.90 -64.56 -9999.00 -9999.00 -9999.00 257.93 34.36 0.00
0.00 15452.07
108.00 -63.96 -9999.00 -9999.00 -9999.00 257.04 25.12 0.00
0.00 16192.35
94.00 -61.76 -9999.00 -9999.00 -9999.00 235.01 16.59 0.00
0.00 17046.95
81.00 -60.96 -9999.00 -9999.00 -9999.00 240.26 12.53 0.00
0.00 17969.71
70.60 -59.76 -9999.00 -9999.00 -9999.00 210.47 7.65 0.00
0.00 18825.64
62.20 -59.16 -9999.00 -9999.00 -9999.00 203.63 3.40 0.00
0.00 19618.00
54.30 -58.16 -9999.00 -9999.00 -9999.00 109.29 4.12 0.00
0.00 20470.80
46.90 -57.06 -9999.00 -9999.00 -9999.00 105.07 10.47 0.00
0.00 21395.13
40.10 -54.86 -9999.00 -9999.00 -9999.00 82.23 12.94 0.00
0.00 22390.97
33.80 -51.66 -9999.00 -9999.00 -9999.00 74.05 16.98 0.00
0.00 23491.07
27.80 -49.16 -9999.00 -9999.00 -9999.00 74.29 19.37 0.00
0.00 24765.22
22.30 -48.06 -9999.00 -9999.00 -9999.00 77.99 18.67 0.00
0.00 26214.15
17.10 -45.36 -9999.00 -9999.00 -9999.00 81.81 24.53 0.00
0.00 27973.99
12.30 -42.06 -9999.00 -9999.00 -9999.00 94.40 27.86 0.00
0.00 30186.79

STID = KMKE STNM = 726400 TIME = 200809/2100 
SLAT = 42.95 SLON = -87.90 SELV = 212.0
STIM = 20

SHOW = -5.59 LIFT = -7.18 SWET = 350.85 KINX = 26.31
LCLP = 853.36 PWAT = 41.97 TOTL = 54.36 CAPE = 2178.96
LCLT = 291.51 CINS = -14.11 EQLV = 192.73 LFCT = 832.12
BRCH = 178.77

PRES TMPC TMWC DWPC THTE DRCT SKNT OMEG
CFRL HGHT
988.20 30.84 23.60 20.73 352.66 194.38 7.83 0.00
0.00 221.09
985.10 30.24 23.31 20.53 351.81 195.15 9.65 -0.10
0.00 249.28
979.70 29.74 23.06 20.37 351.57 195.52 10.88 -0.40
0.00 298.51
970.30 28.84 22.67 20.16 351.32 196.34 11.73 -0.70
0.00 384.66
956.50 27.64 22.13 19.87 351.18 197.61 12.84 -1.10
0.00 512.21
938.70 26.14 21.44 19.48 351.05 200.19 14.06 -1.50
0.00 678.71
917.50 24.34 20.57 18.97 350.79 203.11 15.83 -1.70
0.00 880.07
894.30 22.34 19.66 18.49 350.78 204.82 17.11 -1.70
0.00 1104.37
869.30 20.14 18.18 17.27 348.79 206.02 18.16 -1.40
2.00 1350.87
841.30 17.94 16.21 15.35 345.66 207.62 18.86 -0.80
5.00 1633.21
810.40 15.24 14.34 13.84 343.80 208.66 19.04 -0.20
47.00 1953.02
776.80 15.04 10.19 6.95 334.97 224.51 16.06 0.10
14.00 2312.56
740.30 16.94 6.31 -4.30 328.55 258.44 8.72 0.00
0.00 2721.35
701.10 12.84 3.97 -5.41 328.63 277.99 11.19 -0.30
0.00 3181.09
659.00 8.14 1.15 -6.84 328.46 289.54 12.78 -0.40
0.00 3696.35
613.90 2.94 -1.86 -7.68 329.05 315.83 9.48 -0.30
0.00 4275.89
566.40 -2.36 -5.77 -10.59 328.71 306.87 15.54 -0.10
0.00 4921.74
520.40 -8.06 -10.20 -13.84 328.10 298.30 14.34 0.10
0.00 5587.18
478.90 -11.86 -14.83 -22.23 327.28 279.12 15.93 0.20
0.00 6228.18
441.70 -15.56 -18.17 -26.04 329.13 277.03 14.30 0.30
0.00 6842.70
408.20 -19.76 -21.85 -29.60 330.34 268.06 11.46 0.20
0.00 7432.89
377.90 -24.26 -26.05 -35.18 330.63 249.44 11.62 0.20
0.00 8000.10
350.50 -28.36 -29.82 -39.64 331.67 257.55 15.33 0.10
0.00 8544.09
325.90 -31.96 -33.14 -43.15 333.31 258.96 16.22 0.10
0.00 9061.77
303.60 -35.26 -36.13 -44.55 335.40 249.95 15.31 0.10
0.00 9558.83
283.60 -38.26 -38.99 -47.77 337.45 245.98 19.56 0.10
0.00 10030.43
265.50 -41.56 -42.16 -51.88 338.79 245.29 24.16 0.10
0.00 10480.73
248.70 -44.46 -45.10 -63.51 340.48 245.33 28.87 0.00
0.00 10921.10
233.50 -47.46 -47.91 -61.80 342.17 244.00 35.00 0.00
0.00 11340.50
219.60 -49.86 -50.24 -64.44 344.47 243.15 34.40 0.00
0.00 11743.81
205.70 -52.06 -52.39 -67.88 347.46 241.93 36.32 0.00
0.00 12169.09
191.70 -54.26 -54.52 -68.39 351.00 242.64 37.63 0.00
0.00 12622.99
177.70 -56.26 -56.50 -73.70 355.37 243.57 37.10 0.00
0.00 13106.67
163.80 -58.46 -58.66 -74.24 360.04 244.26 36.23 -0.10
0.00 13621.15
149.80 -60.56 -60.72 -74.84 365.74 241.76 35.72 -0.10
0.00 14179.88
135.90 -63.16 -63.26 -70.80 371.51 244.55 35.70 -0.10
0.00 14782.17
121.90 -65.06 -65.16 -76.19 379.71 254.15 32.71 0.00
0.00 15447.41
108.00 -64.26 -9999.00 -9999.00 -9999.00 254.12 24.84 0.00
0.00 16186.28
94.00 -61.76 -9999.00 -9999.00 -9999.00 231.13 16.72 0.00
0.00 17040.27
81.00 -61.26 -9999.00 -9999.00 -9999.00 229.40 10.74 0.00
0.00 17962.37
70.60 -60.56 -9999.00 -9999.00 -9999.00 206.57 7.81 0.00
0.00 18816.09
62.20 -59.66 -9999.00 -9999.00 -9999.00 183.01 3.69 0.00
0.00 19606.04
54.30 -57.56 -9999.00 -9999.00 -9999.00 95.44 4.10 0.00
0.00 20459.04
46.90 -55.96 -9999.00 -9999.00 -9999.00 82.30 7.25 0.00
0.00 21387.02
40.10 -53.76 -9999.00 -9999.00 -9999.00 63.43 12.16 0.00
0.00 22387.90
33.80 -51.56 -9999.00 -9999.00 -9999.00 79.99 16.76 0.00
0.00 23491.00
27.80 -49.66 -9999.00 -9999.00 -9999.00 89.39 18.26 0.00
0.00 24764.01
22.30 -47.46 -9999.00 -9999.00 -9999.00 83.93 18.36 0.00
0.00 26213.26
17.10 -43.76 -9999.00 -9999.00 -9999.00 75.85 23.04 0.00
0.00 27981.65
12.30 -40.96 -9999.00 -9999.00 -9999.00 82.41 29.39 0.00
0.00 30207.46

STID = KMKE STNM = 726400 TIME = 200809/2200 
SLAT = 42.95 SLON = -87.90 SELV = 212.0
STIM = 21

SHOW = -5.47 LIFT = -7.38 SWET = 344.35 KINX = 26.24
LCLP = 846.95 PWAT = 41.28 TOTL = 54.41 CAPE = 2301.44
LCLT = 291.42 CINS = -10.71 EQLV = 188.32 LFCT = 825.56
BRCH = 298.05

PRES TMPC TMWC DWPC THTE DRCT SKNT OMEG
CFRL HGHT
987.50 31.34 23.75 20.75 353.43 208.30 8.61 0.00
0.00 222.02
984.50 30.94 23.51 20.55 352.81 207.95 10.78 -0.10
0.00 249.37
979.00 30.34 23.24 20.39 352.47 207.80 12.08 -0.40
0.00 299.66
969.70 29.54 22.86 20.16 352.27 206.95 12.86 -0.70
0.00 385.13
955.80 28.34 22.31 19.85 352.09 207.28 13.99 -1.10
0.00 513.99
938.10 26.74 21.58 19.44 351.76 206.57 15.21 -1.40
0.00 680.03
916.90 24.94 20.72 18.94 351.54 206.57 16.06 -1.60
0.00 881.92
893.80 22.74 19.75 18.45 351.24 206.57 16.51 -1.50
0.00 1105.76
868.70 20.54 18.12 17.01 348.67 207.17 16.59 -1.10
0.00 1353.72
840.80 18.34 16.13 15.03 345.42 207.17 16.59 -0.60
0.00 1635.58
809.90 15.74 14.13 13.26 343.10 210.61 16.03 0.00
36.00 1956.01
776.30 15.24 10.26 6.94 335.27 222.84 14.57 0.40
16.00 2316.17
739.90 17.14 6.05 -5.52 327.79 244.92 10.08 0.30
0.00 2724.32
700.80 12.84 3.93 -5.56 328.55 268.98 10.88 0.00
0.00 3183.22
658.70 8.34 1.09 -7.34 328.33 279.29 10.82 -0.20
0.00 3698.86
613.70 2.94 -2.02 -8.17 328.67 298.89 6.43 -0.20
0.00 4277.50
566.20 -2.36 -6.02 -11.36 328.18 292.87 13.50 -0.10
0.00 4923.51
520.20 -7.96 -10.19 -13.99 328.17 287.16 13.83 -0.10
0.00 5589.28
478.80 -11.86 -14.76 -21.90 327.43 276.34 15.83 0.00
0.00 6229.05
441.60 -15.36 -17.91 -25.33 329.65 267.71 14.59 0.00
0.00 6843.96
408.20 -19.66 -21.89 -30.41 330.26 254.29 12.92 0.00
0.00 7432.80
377.80 -24.16 -25.91 -34.61 330.90 250.23 13.21 0.00
0.00 8002.18
350.50 -28.16 -29.62 -39.10 332.01 255.96 15.21 0.00
0.00 8544.59
325.80 -31.76 -32.95 -42.80 333.66 252.38 17.33 0.10
0.00 9064.89
303.60 -34.96 -35.86 -44.55 335.82 251.22 20.51 0.00
0.00 9560.32
283.60 -38.46 -39.19 -48.27 337.12 252.18 22.84 0.00
0.00 10032.01
265.50 -41.86 -42.49 -53.42 338.27 249.34 25.33 0.00
0.00 10481.83
248.70 -44.66 -45.28 -63.51 340.18 251.67 32.13 0.00
0.00 10921.71
233.50 -47.46 -47.91 -61.80 342.17 246.80 32.54 0.00
0.00 11340.93
219.60 -49.76 -50.17 -67.41 344.58 244.73 34.58 0.00
0.00 11744.33
205.70 -52.16 -52.48 -67.88 347.31 244.12 36.48 0.00
0.00 12169.61
191.70 -54.46 -54.72 -68.39 350.68 244.77 37.37 0.00
0.00 12623.20
177.70 -56.66 -56.89 -73.70 354.71 246.37 37.32 0.00
0.00 13106.21
163.80 -58.96 -59.14 -74.24 359.21 246.97 35.26 0.00
0.00 13619.62
149.80 -61.16 -61.31 -74.84 364.71 241.70 34.42 0.00
0.00 14176.91
135.90 -62.96 -63.09 -75.48 371.81 239.86 34.81 0.10
0.00 14778.63
121.90 -64.26 -64.38 -76.19 381.17 250.42 30.71 0.00
0.00 15445.46
108.00 -63.86 -9999.00 -9999.00 -9999.00 253.03 23.97 0.00
0.00 16186.45
94.00 -61.96 -9999.00 -9999.00 -9999.00 238.21 16.22 0.00
0.00 17040.85
81.00 -61.56 -9999.00 -9999.00 -9999.00 236.89 10.66 0.00
0.00 17961.86
70.60 -60.76 -9999.00 -9999.00 -9999.00 227.12 7.42 0.00
0.00 18814.58
62.20 -58.86 -9999.00 -9999.00 -9999.00 192.09 2.78 0.00
0.00 19605.64
54.30 -56.76 -9999.00 -9999.00 -9999.00 92.73 4.08 0.00
0.00 20461.82
46.90 -55.96 -9999.00 -9999.00 -9999.00 76.37 6.60 0.00
0.00 21391.52
40.10 -54.56 -9999.00 -9999.00 -9999.00 71.29 12.72 0.00
0.00 22390.56
33.80 -52.06 -9999.00 -9999.00 -9999.00 96.89 17.81 0.00
0.00 23490.41
27.80 -49.06 -9999.00 -9999.00 -9999.00 95.71 17.56 0.00
0.00 24763.70
22.30 -46.16 -9999.00 -9999.00 -9999.00 84.29 19.52 0.00
0.00 26219.08
17.10 -43.06 -9999.00 -9999.00 -9999.00 72.01 23.89 0.00
0.00 27995.25
12.30 -40.36 -9999.00 -9999.00 -9999.00 82.78 29.37 0.00
0.00 30227.33
STN YYMMDD/HHMM PMSL PRES SKTC STC1 SNFL WTNS
P01M C01M STC2 LCLD MCLD HCLD
SNRA UWND VWND R01M BFGR T2MS
Q2MS WXTS WXTP WXTZ WXTR USTM
VSTM HLCY SLLH WSYM CDBP VSBK
TD2M
726400 200809/0100 1016.60 992.20 25.44 298.60 -9999.00 0.00
-9999.00 -9999.00 299.20 4.00 0.00 0.00
-9999.00 0.10 2.50 -9999.00 -9999.00 26.64
16.56 0.00 0.00 0.00 0.00 0.30
-2.10 70.20 -9999.00 999.00 -9999.00 20.00
21.49
726400 200809/0200 1017.00 992.50 24.44 297.60 0.00 100.00
0.00 0.00 298.10 7.00 0.00 0.00
-9999.00 0.90 2.60 -9999.00 -9999.00 25.34
16.72 0.00 0.00 0.00 0.00 -0.10
-0.80 80.60 -9999.00 999.00 -9999.00 20.00
21.65
726400 200809/0300 1016.40 991.90 24.04 297.20 0.00 100.00
0.00 0.00 297.50 1.00 0.00 0.00
-9999.00 1.50 2.90 -9999.00 -9999.00 24.94
16.90 0.00 0.00 0.00 0.00 -0.80
1.10 84.80 -9999.00 999.00 -9999.00 20.00
21.81
726400 200809/0400 1017.10 992.50 23.74 296.90 0.00 100.00
0.00 0.00 297.10 4.00 0.00 0.00
-9999.00 1.60 3.10 -9999.00 -9999.00 24.54
17.20 0.00 0.00 0.00 0.00 -1.20
1.70 84.40 -9999.00 999.00 -9999.00 20.00
22.10
726400 200809/0500 1016.40 991.80 23.44 296.60 0.00 100.00
0.00 0.00 296.80 2.00 0.00 0.00
-9999.00 1.20 3.30 -9999.00 -9999.00 24.04
17.38 0.00 0.00 0.00 0.00 -1.40
2.60 73.60 -9999.00 999.00 -9999.00 20.00
22.26
726400 200809/0600 1016.20 991.60 23.04 296.20 0.00 100.00
0.00 0.00 296.50 1.00 0.00 0.00
-9999.00 1.40 4.10 -9999.00 -9999.00 23.74
16.79 0.00 0.00 0.00 0.00 -1.60
3.50 53.40 -9999.00 999.00 -9999.00 20.00
21.70
726400 200809/0700 1016.80 992.20 22.54 295.70 0.00 100.00
0.00 0.00 296.00 5.00 3.00 0.00
-9999.00 2.40 3.30 -9999.00 -9999.00 23.34
16.24 0.00 0.00 0.00 0.00 -1.60
5.20 13.50 -9999.00 999.00 -9999.00 20.00
21.18
726400 200809/0800 1016.60 992.00 22.04 295.20 0.00 100.00
0.00 0.00 295.50 0.00 7.00 0.00
-9999.00 2.30 1.90 -9999.00 -9999.00 22.64
16.05 0.00 0.00 0.00 0.00 -1.50
5.60 -35.10 -9999.00 999.00 -9999.00 20.00
20.99
726400 200809/0900 1016.30 991.60 21.54 294.70 0.00 100.00
0.00 0.00 295.00 5.00 100.00 0.00
-9999.00 2.20 1.40 -9999.00 -9999.00 21.94
15.92 0.00 0.00 0.00 0.00 -0.60
3.80 -57.80 -9999.00 999.00 -9999.00 20.00
20.86
726400 200809/1000 1016.80 992.10 20.64 293.80 0.00 100.00
0.00 0.00 294.30 0.00 4.00 0.00
-9999.00 1.40 0.10 -9999.00 -9999.00 20.94
15.47 0.00 0.00 0.00 0.00 0.70
0.70 -38.50 -9999.00 999.00 -9999.00 20.00
20.41
726400 200809/1100 1017.50 992.80 20.04 293.20 0.00 100.00
0.00 0.00 293.60 4.00 18.00 0.00
-9999.00 0.40 0.70 -9999.00 -9999.00 20.34
14.97 0.00 0.00 0.00 0.00 3.20
-1.10 -16.70 -9999.00 999.00 -9999.00 20.00
19.90
726400 200809/1200 1017.80 993.10 21.94 295.10 0.00 100.00
0.00 0.00 294.90 10.00 100.00 0.00
-9999.00 0.70 1.50 -9999.00 -9999.00 21.54
15.80 0.00 0.00 0.00 0.00 1.80
-0.40 29.70 -9999.00 999.00 -9999.00 20.00
20.76
726400 200809/1300 1017.10 992.50 24.94 298.10 0.00 100.00
0.00 0.00 297.40 7.00 60.00 0.00
-9999.00 1.10 3.00 -9999.00 -9999.00 23.34
16.45 0.00 0.00 0.00 0.00 1.00
-0.70 65.90 -9999.00 999.00 -9999.00 20.00
21.39
726400 200809/1400 1017.10 992.50 27.64 300.80 0.00 100.00
0.00 0.00 299.80 10.00 100.00 0.00
-9999.00 1.60 3.20 -9999.00 -9999.00 25.24
16.72 0.00 0.00 0.00 0.00 -0.10
-0.60 79.10 -9999.00 999.00 -9999.00 20.00
21.65
726400 200809/1500 1017.50 993.00 30.54 303.70 0.00 100.00
0.00 0.00 302.50 10.00 49.00 0.00
-9999.00 1.30 2.60 -9999.00 -9999.00 27.04
16.39 0.00 0.00 0.00 0.00 1.00
-4.90 94.30 -9999.00 999.00 -9999.00 20.00
21.34
726400 200809/1600 1016.80 992.40 33.54 306.70 0.00 100.00
0.00 0.00 305.30 8.00 12.00 0.00
-9999.00 -0.50 2.50 -9999.00 -9999.00 28.64
15.71 0.00 0.00 0.00 0.00 2.20
-6.60 121.40 -9999.00 999.00 -9999.00 20.00
20.66
726400 200809/1700 1015.70 991.30 35.74 308.90 0.00 100.00
0.00 0.00 307.50 5.00 5.00 0.00
-9999.00 -1.60 3.00 -9999.00 -9999.00 29.84
15.24 0.00 0.00 0.00 0.00 1.30
-5.90 147.80 -9999.00 999.00 -9999.00 20.00
20.16
726400 200809/1800 1015.00 990.60 36.94 310.10 0.00 100.00
0.00 0.00 308.80 7.00 0.00 0.00
-9999.00 -2.30 4.20 -9999.00 -9999.00 30.54
15.47 0.00 0.00 0.00 0.00 0.70
-5.20 143.50 -9999.00 999.00 -9999.00 20.00
20.39
726400 200809/1900 1015.20 990.90 36.94 310.10 0.00 100.00
0.00 0.00 309.00 23.00 0.00 0.00
-9999.00 -2.40 4.60 -9999.00 -9999.00 30.64
16.15 0.00 0.00 0.00 0.00 -0.20
-4.30 130.50 -9999.00 999.00 -9999.00 20.00
21.07
726400 200809/2000 1014.70 990.40 37.14 310.30 0.00 100.00
0.00 0.00 309.20 25.00 0.00 0.00
-9999.00 -2.10 4.10 -9999.00 -9999.00 30.94
16.26 0.00 0.00 0.00 0.00 -0.50
-3.50 100.60 -9999.00 999.00 -9999.00 20.00
21.17
726400 200809/2100 1013.50 989.20 35.44 308.60 0.00 100.00
0.00 0.00 308.00 47.00 0.00 0.00
-9999.00 -1.40 4.00 -9999.00 -9999.00 31.14
16.11 0.00 0.00 0.00 0.00 -1.30
-2.40 70.50 -9999.00 999.00 -9999.00 20.00
21.01
726400 200809/2200 1012.80 988.60 34.64 307.80 0.00 100.00
0.00 0.00 307.30 36.00 0.00 0.00
-9999.00 -0.50 3.80 -9999.00 -9999.00 31.54
16.14 0.00 0.00 0.00 0.00 -1.40
-1.70 45.70 -9999.00 999.00 -9999.00 20.00
21.03


