
SNPARM = PRES;TMPC;TMWC;DWPC;THTE;DRCT;SKNT;OMEG;CFRL;HGHT 
STNPRM = SHOW;LIFT;SWET;KINX;LCLP;PWAT;TOTL;CAPE;LCLT;CINS;EQLV;LFCT;BRCH 

STID = KMKE STNM = 726400 TIME = 200808/1800 
SLAT = 42.95 SLON = -87.90 SELV = 212.0
STIM = 0

SHOW = -3.43 LIFT = -4.44 SWET = 410.18 KINX = 39.05
LCLP = 877.62 PWAT = 44.17 TOTL = 51.53 CAPE = 792.30
LCLT = 290.72 CINS = -47.04 EQLV = 257.81 LFCT = 744.55
BRCH = 54.34

PRES TMPC TMWC DWPC THTE DRCT SKNT OMEG
CFRL HGHT
992.10 27.94 22.07 19.54 345.17 205.51 9.48 0.00
0.00 222.75
989.20 27.24 21.73 19.33 344.19 203.68 12.08 0.00
0.00 248.74
983.70 26.64 21.47 19.20 343.93 202.75 13.05 -0.10
0.00 298.14
974.30 25.74 20.95 18.82 343.22 202.56 13.68 -0.30
0.00 383.00
960.40 24.44 20.15 18.19 342.07 202.68 14.10 -0.40
0.00 509.50
942.60 22.84 19.35 17.72 341.60 203.81 14.43 -0.60
0.00 673.37
921.40 20.94 18.47 17.28 341.40 208.44 15.91 -0.70
0.00 871.44
898.10 19.74 17.63 16.59 341.80 221.35 19.41 -0.60
0.00 1093.26
872.90 17.74 16.66 16.09 342.10 227.17 21.72 -0.50
16.00 1338.37
844.80 15.94 14.63 13.90 339.10 231.20 24.18 -0.40
27.00 1618.23
813.90 15.14 12.10 10.25 335.26 234.63 23.82 -0.30
6.00 1935.17
780.00 13.74 10.69 8.75 336.11 241.96 20.24 -0.40
0.00 2295.34
743.20 10.64 9.39 8.58 338.15 239.74 18.88 -0.40
0.00 2701.27
703.50 7.64 6.79 6.17 336.88 239.96 18.63 -0.40
8.00 3157.35
661.00 6.04 1.87 -2.19 330.21 246.89 15.83 -0.40
0.00 3670.13
615.60 2.14 -2.07 -7.14 328.27 263.00 11.15 -0.50
0.00 4249.08
567.80 -3.46 -5.32 -7.70 329.54 289.00 12.53 -0.40
0.00 4895.23
521.40 -8.76 -10.14 -12.39 328.04 284.60 19.27 -0.20
0.00 5562.96
479.70 -12.16 -14.95 -21.87 326.88 275.28 23.21 -0.20
0.00 6204.74
442.30 -15.16 -18.52 -30.60 328.26 265.38 19.29 -0.10
0.00 6821.68
408.70 -19.36 -22.03 -33.62 329.82 251.20 19.29 -0.10
0.00 7413.69
378.20 -23.56 -26.13 -44.68 330.29 244.60 21.29 -0.10
0.00 7985.21
350.80 -26.96 -29.34 -60.89 332.22 255.07 21.11 -0.20
0.00 8530.96
326.00 -30.26 -32.25 -69.54 334.62 260.02 21.31 -0.20
0.00 9055.78
303.70 -33.86 -35.42 -70.03 336.40 256.46 21.58 -0.10
0.00 9555.83
283.60 -37.36 -38.57 -70.51 338.03 254.66 22.77 0.00
0.00 10031.95
265.60 -40.36 -41.29 -63.02 340.13 252.43 24.46 0.00
0.00 10481.65
248.80 -43.16 -43.85 -59.58 342.46 247.86 24.75 0.10
0.00 10924.23
233.50 -46.06 -46.60 -61.80 344.29 247.71 25.60 0.10
0.00 11348.82
219.60 -48.96 -49.38 -64.44 345.86 249.24 25.76 0.10
0.00 11754.20
205.70 -51.46 -51.81 -67.88 348.41 250.40 27.21 0.10
0.00 12180.91
191.70 -53.26 -53.59 -73.19 352.56 258.47 29.14 0.10
0.00 12636.47
177.70 -55.46 -55.73 -73.70 356.68 270.38 29.33 0.10
0.00 13122.14
163.80 -58.56 -58.75 -74.24 359.88 280.48 28.85 0.10
0.00 13637.46
149.80 -62.06 -62.19 -74.84 363.16 288.04 26.96 0.10
0.00 14194.09
135.90 -64.26 -64.36 -75.48 369.52 289.95 25.62 0.00
0.00 14792.67
121.90 -64.46 -9999.00 -9999.00 -9999.00 290.83 23.48 0.00
0.00 15457.11
108.00 -63.26 -9999.00 -9999.00 -9999.00 288.66 15.79 0.00
0.00 16198.81
94.00 -62.76 -9999.00 -9999.00 -9999.00 264.05 9.38 0.00
0.00 17052.81
81.00 -61.76 -9999.00 -9999.00 -9999.00 270.00 5.63 0.00
0.00 17971.64
70.60 -59.66 -9999.00 -9999.00 -9999.00 69.44 1.65 0.00
0.00 18826.17
62.20 -58.46 -9999.00 -9999.00 -9999.00 118.81 4.43 0.00
0.00 19620.00
54.30 -56.76 -9999.00 -9999.00 -9999.00 102.53 5.38 0.00
0.00 20476.98
46.90 -56.06 -9999.00 -9999.00 -9999.00 88.92 10.30 0.00
0.00 21406.46
40.10 -54.96 -9999.00 -9999.00 -9999.00 91.01 11.07 0.00
0.00 22404.37
33.80 -52.76 -9999.00 -9999.00 -9999.00 72.35 13.46 0.00
0.00 23501.46
27.80 -50.56 -9999.00 -9999.00 -9999.00 73.97 17.58 0.00
0.00 24768.46
22.30 -48.16 -9999.00 -9999.00 -9999.00 80.37 22.07 0.00
0.00 26212.55
17.10 -45.06 -9999.00 -9999.00 -9999.00 85.86 26.88 0.00
0.00 27973.17
12.30 -41.86 -9999.00 -9999.00 -9999.00 94.53 31.95 0.00
0.00 30188.37

STID = KMKE STNM = 726400 TIME = 200808/1900 
SLAT = 42.95 SLON = -87.90 SELV = 212.0
STIM = 1

SHOW = -3.89 LIFT = -5.54 SWET = 416.28 KINX = 40.26
LCLP = 862.70 PWAT = 44.86 TOTL = 52.47 CAPE = 1118.94
LCLT = 290.35 CINS = -17.74 EQLV = 247.50 LFCT = 757.27
BRCH = 67.00

PRES TMPC TMWC DWPC THTE DRCT SKNT OMEG
CFRL HGHT
992.20 29.04 22.32 19.44 346.19 202.83 8.00 0.00
0.00 221.89
989.20 28.34 21.97 19.21 345.18 202.62 10.10 -0.10
0.00 248.87
983.70 27.74 21.69 19.05 344.84 201.99 10.90 -0.20
0.00 298.45
974.30 26.84 21.29 18.84 344.59 201.45 11.69 -0.40
0.00 383.61
960.40 25.54 20.71 18.56 344.36 202.14 12.37 -0.70
0.00 510.60
942.60 23.94 20.00 18.21 344.20 203.09 12.88 -0.80
0.00 675.11
921.30 21.94 19.11 17.80 343.99 204.30 13.21 -0.90
0.00 874.88
898.10 20.04 18.10 17.17 343.67 215.29 15.46 -0.70
0.00 1096.32
872.90 18.04 16.89 16.30 343.01 228.32 18.98 -0.40
12.00 1341.74
844.80 16.34 14.71 13.82 339.40 236.17 21.99 -0.10
25.00 1621.94
813.80 14.84 11.92 10.13 334.69 238.05 23.12 0.10
8.00 1939.96
779.90 13.64 10.35 8.22 335.03 245.87 20.44 0.30
0.00 2299.89
743.20 10.84 9.73 9.01 339.24 249.44 18.26 0.50
0.00 2704.80
703.50 7.64 7.11 6.72 337.88 248.63 19.19 0.50
32.00 3161.13
660.90 5.94 2.06 -1.63 330.76 249.15 17.46 0.50
0.00 3675.15
615.50 2.24 -2.02 -7.14 328.40 260.22 11.44 0.40
0.00 4254.23
567.70 -3.56 -5.28 -7.46 329.66 279.31 12.00 0.20
0.00 4900.51
521.40 -8.96 -10.05 -11.79 328.24 279.54 22.26 0.10
2.00 5566.52
479.60 -12.56 -14.99 -20.78 326.87 274.24 26.30 -0.10
0.00 6209.22
442.30 -15.66 -18.85 -30.44 327.66 260.02 21.31 -0.20
0.00 6823.55
408.70 -19.76 -22.69 -37.87 328.61 247.77 19.52 -0.20
0.00 7414.48
378.20 -23.76 -26.49 -51.31 329.64 246.09 20.61 -0.10
0.00 7985.27
350.70 -27.46 -29.79 -69.02 331.49 252.42 20.57 -0.10
0.00 8532.29
326.00 -30.86 -32.71 -61.45 333.88 252.58 20.77 0.00
0.00 9053.90
303.70 -34.36 -35.79 -59.77 335.83 249.38 20.96 0.10
0.00 9552.81
283.60 -37.56 -38.68 -60.30 337.88 250.71 24.69 0.20
0.00 10028.24
265.60 -40.06 -40.99 -60.81 340.62 251.05 27.53 0.20
0.00 10478.05
248.80 -42.76 -43.53 -63.51 342.97 254.46 30.44 0.20
0.00 10921.29
233.50 -45.46 -46.09 -66.97 345.11 254.40 31.06 0.10
0.00 11346.81
219.60 -48.16 -48.65 -67.41 347.05 252.84 30.28 0.10
0.00 11753.43
205.70 -50.56 -50.96 -67.88 349.82 253.65 30.36 0.10
0.00 12181.78
191.70 -52.56 -52.92 -73.19 353.68 260.48 30.54 0.10
0.00 12638.98
177.70 -54.96 -55.25 -73.70 357.50 271.13 29.53 0.00
0.00 13125.98
163.80 -58.16 -58.37 -74.24 360.55 280.59 27.47 0.00
0.00 13642.37
149.80 -61.36 -61.50 -74.84 364.36 284.77 25.91 0.00
0.00 14200.45
135.90 -63.36 -63.48 -75.48 371.11 284.99 25.54 -0.10
0.00 14801.31
121.90 -63.86 -9999.00 -9999.00 -9999.00 284.26 23.66 -0.10
0.00 15468.14
108.00 -63.36 -9999.00 -9999.00 -9999.00 274.65 16.76 0.00
0.00 16210.72
94.00 -62.66 -9999.00 -9999.00 -9999.00 248.03 11.95 0.00
0.00 17064.72
81.00 -61.56 -9999.00 -9999.00 -9999.00 241.11 6.43 0.00
0.00 17984.20
70.60 -59.96 -9999.00 -9999.00 -9999.00 176.82 3.50 0.10
0.00 18838.53
62.20 -58.86 -9999.00 -9999.00 -9999.00 160.71 4.12 0.00
0.00 19631.07
54.30 -57.46 -9999.00 -9999.00 -9999.00 92.49 4.47 0.00
0.00 20485.86
46.90 -56.86 -9999.00 -9999.00 -9999.00 88.73 8.74 0.00
0.00 21412.13
40.10 -55.26 -9999.00 -9999.00 -9999.00 88.88 9.91 0.00
0.00 22407.51
33.80 -52.96 -9999.00 -9999.00 -9999.00 73.23 14.80 0.00
0.00 23503.35
27.80 -50.36 -9999.00 -9999.00 -9999.00 74.13 19.19 0.00
0.00 24770.35
22.30 -47.26 -9999.00 -9999.00 -9999.00 80.02 21.31 0.00
0.00 26217.99
17.10 -43.96 -9999.00 -9999.00 -9999.00 89.53 23.70 0.00
0.00 27986.38
12.30 -41.46 -9999.00 -9999.00 -9999.00 92.92 26.65 0.00
0.00 30208.82

STID = KMKE STNM = 726400 TIME = 200808/2000 
SLAT = 42.95 SLON = -87.90 SELV = 212.0
STIM = 2

SHOW = -4.22 LIFT = -6.06 SWET = 422.32 KINX = 37.97
LCLP = 857.19 PWAT = 43.84 TOTL = 53.12 CAPE = 1247.81
LCLT = 290.38 CINS = -20.95 EQLV = 242.64 LFCT = 752.11
BRCH = 68.28

PRES TMPC TMWC DWPC THTE DRCT SKNT OMEG
CFRL HGHT
991.20 29.54 22.53 19.56 347.27 204.86 8.78 0.00
0.00 221.91
988.20 28.94 22.22 19.35 346.42 204.70 10.68 -0.10
0.00 248.98
982.80 28.34 21.94 19.18 346.04 204.84 11.56 -0.20
0.00 297.80
973.40 27.44 21.54 18.98 345.82 204.96 12.43 -0.50
0.00 383.22
959.50 26.14 20.98 18.71 345.62 204.66 13.03 -0.70
0.00 510.59
941.70 24.54 20.27 18.36 345.47 205.46 13.56 -0.90
0.00 675.60
920.40 22.64 19.40 17.92 345.30 207.61 14.26 -0.80
0.00 876.02
897.20 20.54 18.39 17.38 344.98 210.31 14.63 -0.60
0.00 1098.15
872.10 18.54 17.03 16.28 343.70 225.91 17.31 -0.20
13.00 1343.26
844.00 16.84 14.85 13.78 340.04 239.13 19.70 0.30
17.00 1624.21
813.00 15.04 12.28 10.62 336.01 243.19 20.67 0.70
13.00 1942.96
779.30 14.14 10.40 7.96 335.26 250.53 20.40 0.90
0.00 2301.53
742.50 11.24 9.25 7.95 337.79 256.10 19.41 1.00
0.00 2708.43
702.90 8.54 6.28 4.61 335.42 257.71 20.09 0.80
15.00 3164.81
660.50 6.74 1.65 -3.54 329.67 260.96 17.31 0.50
0.00 3678.05
615.20 2.34 -1.92 -7.01 328.69 275.71 11.71 0.10
0.00 4257.00
567.40 -3.56 -5.29 -7.47 329.71 283.43 13.38 -0.10
0.00 4903.73
521.10 -9.16 -10.01 -11.34 328.40 281.89 22.63 0.00
3.00 5569.89
479.40 -12.46 -15.15 -21.88 326.56 272.12 26.24 0.10
0.00 6211.24
442.10 -15.56 -19.12 -33.79 327.15 258.50 22.40 0.10
0.00 6826.01
408.60 -19.66 -22.84 -41.78 328.31 247.71 21.00 0.00
0.00 7415.56
378.10 -23.56 -26.41 -56.23 329.76 252.40 21.19 0.00
0.00 7986.81
350.70 -27.36 -29.67 -60.89 331.71 256.09 21.02 0.10
0.00 8532.24
326.00 -30.96 -32.71 -54.68 333.91 254.42 20.98 0.10
0.00 9053.86
303.70 -34.56 -35.87 -54.16 335.72 251.89 21.87 0.20
0.00 9552.47
283.60 -37.66 -38.75 -58.54 337.78 253.47 25.93 0.20
0.00 10027.61
265.60 -40.16 -41.13 -66.03 340.38 256.15 29.22 0.10
0.00 10477.22
248.70 -42.46 -43.30 -71.42 343.36 257.91 33.37 0.10
0.00 10923.39
233.50 -44.96 -45.65 -71.85 345.82 256.96 35.30 0.10
0.00 11346.94
219.60 -47.66 -48.21 -72.27 347.77 256.59 34.34 0.10
0.00 11754.46
205.70 -50.36 -50.79 -72.71 350.09 255.63 32.09 0.10
0.00 12183.47
191.70 -52.56 -52.92 -73.19 353.68 257.91 30.59 0.10
0.00 12640.88
177.70 -54.96 -55.25 -73.70 357.50 266.57 29.20 0.00
0.00 13127.88
163.80 -57.96 -58.17 -74.24 360.88 275.75 27.14 0.00
0.00 13644.51
149.80 -61.26 -61.41 -74.84 364.54 279.90 24.84 -0.10
0.00 14202.98
135.90 -63.36 -63.48 -75.48 371.11 278.60 23.39 -0.10
0.00 14803.98
121.90 -63.96 -9999.00 -9999.00 -9999.00 276.12 21.87 -0.10
0.00 15470.65
108.00 -63.66 -9999.00 -9999.00 -9999.00 266.78 17.31 -0.10
0.00 16212.53
94.00 -62.96 -9999.00 -9999.00 -9999.00 248.50 13.77 0.00
0.00 17065.30
81.00 -62.16 -9999.00 -9999.00 -9999.00 251.08 7.19 0.00
0.00 17982.83
70.60 -60.96 -9999.00 -9999.00 -9999.00 227.49 3.17 0.00
0.00 18833.93
62.20 -59.86 -9999.00 -9999.00 -9999.00 206.57 1.30 0.00
0.00 19622.77
54.30 -58.36 -9999.00 -9999.00 -9999.00 80.54 3.54 0.00
0.00 20473.78
46.90 -57.66 -9999.00 -9999.00 -9999.00 98.37 6.68 0.00
0.00 21396.40
40.10 -55.86 -9999.00 -9999.00 -9999.00 77.59 9.95 0.00
0.00 22388.57
33.80 -53.56 -9999.00 -9999.00 -9999.00 74.33 16.55 0.00
0.00 23481.41
27.80 -50.26 -9999.00 -9999.00 -9999.00 77.53 20.69 0.00
0.00 24746.98
22.30 -46.66 -9999.00 -9999.00 -9999.00 81.59 22.57 0.00
0.00 26196.88
17.10 -43.46 -9999.00 -9999.00 -9999.00 88.59 23.70 0.00
0.00 27969.54
12.30 -41.56 -9999.00 -9999.00 -9999.00 82.93 25.25 0.00
0.00 30193.91

STID = KMKE STNM = 726400 TIME = 200808/2100 
SLAT = 42.95 SLON = -87.90 SELV = 212.0
STIM = 3

SHOW = -3.60 LIFT = -5.64 SWET = 409.44 KINX = 32.76
LCLP = 852.69 PWAT = 41.12 TOTL = 51.97 CAPE = 1324.13
LCLT = 290.42 CINS = -62.32 EQLV = 236.99 LFCT = 685.72
BRCH = 56.47

PRES TMPC TMWC DWPC THTE DRCT SKNT OMEG
CFRL HGHT
990.20 29.94 22.70 19.66 348.17 203.05 9.93 0.00
0.00 221.94
987.20 29.34 22.39 19.44 347.29 202.96 12.45 0.00
0.00 249.07
981.80 28.74 22.11 19.28 346.94 203.30 13.75 -0.20
0.00 298.01
972.30 27.84 21.71 19.07 346.71 203.50 14.61 -0.40
0.00 384.55
958.50 26.64 21.18 18.81 346.65 203.01 15.40 -0.60
0.00 511.33
940.70 25.04 20.46 18.44 346.45 204.10 16.18 -0.70
0.00 676.81
919.40 23.14 19.59 17.99 346.25 205.67 16.59 -0.50
0.00 877.79
896.30 21.04 18.54 17.38 345.74 208.03 16.94 -0.20
0.00 1099.57
871.10 19.04 17.11 16.16 344.16 221.58 18.43 0.30
10.00 1346.35
843.10 17.24 14.86 13.58 340.21 238.17 19.89 0.70
16.00 1627.02
812.20 16.74 11.61 8.31 333.85 243.19 20.24 1.00
5.00 1946.06
778.50 14.84 9.70 6.12 333.10 253.58 19.23 1.20
0.00 2306.23
741.90 12.44 7.43 3.58 332.11 262.13 18.43 1.10
0.00 2712.23
702.40 9.94 5.01 0.82 331.69 271.95 17.11 0.90
0.00 3169.31
660.10 6.84 1.74 -3.43 329.97 280.71 14.63 0.60
0.00 3682.78
614.80 2.04 -1.62 -5.77 329.55 288.74 11.48 0.60
0.00 4261.96
567.10 -3.46 -5.56 -8.30 329.13 276.19 16.22 0.40
0.00 4907.50
520.90 -8.06 -10.57 -15.09 327.21 277.28 27.60 0.20
0.00 5573.81
479.30 -12.06 -14.68 -20.86 327.52 282.06 26.03 -0.10
0.00 6215.51
442.00 -15.66 -18.70 -29.15 328.04 274.20 21.23 -0.20
0.00 6830.84
408.50 -19.56 -23.00 -48.13 328.01 261.95 20.80 -0.20
0.00 7420.56
378.00 -23.36 -26.20 -52.32 330.17 265.56 20.07 -0.20
0.00 7992.29
350.60 -27.26 -29.40 -49.48 332.24 264.40 19.91 0.00
0.00 8538.22
326.00 -30.96 -32.62 -50.86 334.08 258.58 20.61 0.10
0.00 9057.93
303.70 -34.76 -36.07 -55.27 335.40 255.96 23.23 0.10
0.00 9556.34
283.60 -37.96 -39.06 -62.52 337.26 255.96 26.44 0.10
0.00 10030.97
265.60 -40.26 -41.24 -70.97 340.19 259.14 28.88 0.10
0.00 10480.19
248.70 -42.46 -43.30 -71.42 343.36 258.44 34.89 0.00
0.00 10926.26
233.50 -44.86 -45.53 -66.97 346.02 257.03 38.07 0.00
0.00 11349.90
219.60 -47.56 -48.11 -72.27 347.93 256.91 36.89 0.00
0.00 11757.61
205.70 -50.16 -50.60 -72.71 350.40 256.80 32.32 0.00
0.00 12186.91
191.70 -52.66 -53.01 -73.19 353.52 255.49 28.69 0.00
0.00 12644.41
177.70 -55.16 -55.44 -73.70 357.17 260.88 26.96 0.00
0.00 13131.09
163.80 -58.16 -58.37 -74.24 360.55 270.00 24.86 0.00
0.00 13647.24
149.80 -61.16 -61.31 -74.84 364.71 274.05 22.01 0.00
0.00 14205.57
135.90 -63.36 -63.48 -75.48 371.11 267.82 20.42 0.00
0.00 14806.72
121.90 -64.26 -9999.00 -9999.00 -9999.00 261.50 21.02 0.00
0.00 15472.91
108.00 -64.46 -9999.00 -9999.00 -9999.00 259.59 19.35 0.00
0.00 16212.84
94.00 -63.96 -9999.00 -9999.00 -9999.00 254.36 15.13 0.00
0.00 17061.96
81.00 -62.76 -9999.00 -9999.00 -9999.00 263.29 6.64 0.00
0.00 17976.00
70.60 -61.06 -9999.00 -9999.00 -9999.00 228.01 2.62 0.00
0.00 18825.70
62.20 -58.86 -9999.00 -9999.00 -9999.00 116.57 1.73 0.00
0.00 19616.20
54.30 -57.26 -9999.00 -9999.00 -9999.00 93.27 6.82 0.00
0.00 20471.38
46.90 -56.86 -9999.00 -9999.00 -9999.00 104.04 8.00 0.00
0.00 21398.08
40.10 -55.16 -9999.00 -9999.00 -9999.00 71.57 11.05 0.00
0.00 22393.69
33.80 -52.66 -9999.00 -9999.00 -9999.00 72.65 16.28 0.00
0.00 23490.53
27.80 -50.06 -9999.00 -9999.00 -9999.00 77.41 18.71 0.00
0.00 24759.25
22.30 -47.86 -9999.00 -9999.00 -9999.00 85.38 19.29 0.00
0.00 26205.92
17.10 -44.36 -9999.00 -9999.00 -9999.00 89.36 17.29 0.00
0.00 27970.42
12.30 -41.16 -9999.00 -9999.00 -9999.00 73.26 24.94 0.00
0.00 30192.38

STID = KMKE STNM = 726400 TIME = 200808/2200 
SLAT = 42.95 SLON = -87.90 SELV = 212.0
STIM = 4

SHOW = -3.34 LIFT = -6.46 SWET = 435.24 KINX = 30.47
LCLP = 846.93 PWAT = 39.45 TOTL = 52.65 CAPE = 1481.01
LCLT = 290.42 CINS = -124.29 EQLV = 227.82 LFCT = 675.59
BRCH = 46.91

PRES TMPC TMWC DWPC THTE DRCT SKNT OMEG
CFRL HGHT
989.10 30.44 22.89 19.76 349.22 206.13 11.46 0.10
0.00 221.97
986.10 29.94 22.61 19.54 348.45 206.23 14.94 0.00
0.00 249.18
980.70 29.34 22.33 19.36 348.04 206.27 17.11 -0.10
0.00 298.27
971.30 28.44 21.92 19.14 347.77 206.29 18.41 -0.20
0.00 384.17
957.40 27.14 21.34 18.84 347.50 206.05 19.46 -0.40
0.00 512.25
939.70 25.54 20.62 18.46 347.26 206.08 20.34 -0.40
0.00 677.26
918.40 23.64 19.72 17.97 346.97 207.04 20.94 -0.20
0.00 878.80
895.30 21.54 18.63 17.28 346.24 209.36 21.39 0.10
0.00 1101.20
870.20 19.64 16.84 15.46 343.26 220.55 23.00 0.40
0.00 1347.67
842.20 18.34 14.16 11.80 337.79 235.24 23.17 0.70
12.00 1629.30
811.40 17.94 10.84 5.83 331.36 240.75 22.26 0.80
0.00 1948.65
777.80 16.24 8.76 2.87 330.13 255.69 19.64 0.70
0.00 2309.39
741.30 13.84 6.71 0.62 329.94 274.13 16.16 0.40
0.00 2716.26
701.90 10.84 4.69 -0.86 330.78 297.32 13.11 0.10
0.00 3174.11
659.70 6.94 1.90 -3.12 330.48 297.80 12.08 -0.10
0.00 3687.53
614.50 2.14 -1.53 -5.68 329.81 284.78 14.47 -0.10
0.00 4265.97
566.90 -3.16 -5.90 -9.69 328.35 286.89 22.73 -0.20
0.00 4910.85
520.70 -8.36 -10.73 -14.99 326.93 293.55 24.79 -0.30
0.00 5577.32
479.20 -12.86 -14.64 -18.51 327.66 297.38 24.49 -0.20
0.00 6216.41
441.90 -16.36 -17.30 -19.46 330.84 291.39 20.24 0.10
2.00 6830.36
408.40 -19.56 -21.98 -31.75 330.03 275.77 19.33 0.20
0.00 7419.70
378.00 -23.06 -25.51 -40.08 331.46 270.57 19.62 0.30
0.00 7990.09
350.60 -26.96 -28.72 -40.20 333.46 267.17 19.64 0.30
0.00 8536.75
325.90 -30.96 -32.62 -50.87 334.11 261.44 22.20 0.20
0.00 9059.01
303.60 -34.76 -36.14 -59.77 335.30 261.87 26.11 0.10
0.00 9557.57
283.60 -37.76 -38.91 -65.55 337.50 266.37 27.64 0.00
0.00 10030.11
265.50 -40.46 -41.42 -70.97 339.93 267.72 29.35 -0.10
0.00 10481.92
248.70 -42.96 -43.71 -63.51 342.71 263.03 35.22 -0.10
0.00 10924.76
233.50 -45.16 -45.81 -66.97 345.56 260.73 38.58 -0.10
0.00 11347.67
219.60 -47.56 -48.11 -72.27 347.93 258.63 37.45 -0.10
0.00 11755.11
205.70 -49.96 -50.41 -72.71 350.72 257.21 32.46 -0.10
0.00 12184.60
191.70 -52.36 -52.73 -73.19 354.00 254.28 27.23 -0.10
0.00 12642.62
177.70 -55.06 -55.34 -73.70 357.33 256.07 25.02 0.00
0.00 13129.74
163.80 -58.06 -58.27 -74.24 360.72 263.35 23.47 0.00
0.00 13646.13
149.80 -60.96 -61.11 -74.84 365.05 265.28 21.25 0.00
0.00 14204.85
135.90 -63.16 -9999.00 -9999.00 -9999.00 256.09 21.02 0.00
0.00 14806.57
121.90 -64.46 -9999.00 -9999.00 -9999.00 253.21 23.54 0.00
0.00 15472.76
108.00 -64.86 -9999.00 -9999.00 -9999.00 261.10 22.61 0.00
0.00 16211.62
94.00 -64.16 -9999.00 -9999.00 -9999.00 264.22 15.42 0.00
0.00 17059.52
81.00 -62.56 -9999.00 -9999.00 -9999.00 255.07 6.02 0.00
0.00 17973.56
70.60 -60.16 -9999.00 -9999.00 -9999.00 218.66 3.73 0.00
0.00 18825.47
62.20 -57.66 -9999.00 -9999.00 -9999.00 84.81 2.14 0.00
0.00 19619.87
54.30 -56.36 -9999.00 -9999.00 -9999.00 81.25 5.11 0.00
0.00 20479.23
46.90 -56.16 -9999.00 -9999.00 -9999.00 73.50 5.48 0.00
0.00 21409.35
40.10 -55.56 -9999.00 -9999.00 -9999.00 55.01 11.85 0.00
0.00 22405.65
33.80 -53.26 -9999.00 -9999.00 -9999.00 71.05 13.75 0.00
0.00 23499.99
27.80 -50.26 -9999.00 -9999.00 -9999.00 86.59 16.34 0.00
0.00 24766.42
22.30 -47.76 -9999.00 -9999.00 -9999.00 90.63 17.68 0.00
0.00 26212.77
17.10 -44.16 -9999.00 -9999.00 -9999.00 73.58 19.23 0.00
0.00 27978.44
12.30 -41.06 -9999.00 -9999.00 -9999.00 73.63 28.94 0.00
0.00 30201.84

STID = KMKE STNM = 726400 TIME = 200808/2300 
SLAT = 42.95 SLON = -87.90 SELV = 212.0
STIM = 5

SHOW = -3.82 LIFT = -6.45 SWET = 448.26 KINX = 31.50
LCLP = 843.33 PWAT = 40.39 TOTL = 52.90 CAPE = 1580.74
LCLT = 290.33 CINS = -80.72 EQLV = 225.63 LFCT = 687.48
BRCH = 71.54

PRES TMPC TMWC DWPC THTE DRCT SKNT OMEG
CFRL HGHT
989.40 30.74 22.96 19.74 349.47 219.29 11.05 0.10
0.00 221.07
986.40 30.34 22.72 19.53 348.86 218.07 14.80 0.10
0.00 248.30
981.00 29.74 22.43 19.34 348.42 217.53 16.90 0.10
0.00 297.45
971.60 28.84 22.01 19.11 348.12 217.23 18.30 -0.10
0.00 383.43
957.70 27.64 21.46 18.80 347.95 217.10 19.00 -0.20
0.00 511.66
939.90 25.94 20.71 18.43 347.63 216.98 19.70 -0.30
0.00 677.80
918.70 24.04 19.84 17.98 347.43 217.53 20.09 -0.30
0.00 878.61
895.50 21.84 18.81 17.42 346.95 218.83 20.45 -0.40
0.00 1102.18
870.40 19.64 17.31 16.19 345.08 225.36 21.83 -0.40
0.00 1348.77
842.40 18.04 14.61 12.74 339.40 243.21 22.42 -0.40
0.00 1630.30
811.60 16.74 11.71 8.49 334.26 246.29 22.71 -0.30
0.00 1948.96
778.00 16.04 8.33 2.04 328.81 255.45 20.86 -0.20
0.00 2308.85
741.40 13.44 6.38 0.21 328.98 270.65 17.09 -0.20
0.00 2716.27
702.10 10.44 4.59 -0.67 330.50 297.05 10.26 -0.10
0.00 3172.21
659.80 6.84 2.02 -2.71 330.79 288.03 8.78 0.00
0.00 3686.31
614.60 2.24 -1.46 -5.61 329.99 278.02 13.93 0.10
0.00 4264.69
567.00 -3.06 -6.16 -10.62 327.73 301.53 20.05 0.00
0.00 4909.65
520.80 -8.36 -10.92 -15.69 326.49 308.16 20.75 -0.10
0.00 5576.05
479.20 -12.46 -14.67 -19.70 327.57 304.86 21.08 -0.10
0.00 6217.05
442.00 -15.76 -17.01 -19.90 331.36 298.26 20.51 -0.10
1.00 6830.42
408.40 -19.56 -20.80 -24.44 332.26 290.17 20.28 -0.10
0.00 7422.25
378.00 -23.16 -24.77 -31.50 332.87 285.30 21.35 0.00
0.00 7992.71
350.60 -27.46 -28.61 -34.64 333.71 279.64 20.88 0.10
0.00 8538.82
325.90 -31.56 -33.02 -47.58 333.48 268.56 23.12 0.10
0.00 9059.95
303.60 -35.06 -36.42 -62.00 334.84 272.06 27.02 0.10
0.00 9557.59
283.60 -38.26 -39.35 -65.55 336.79 277.38 27.23 0.10
0.00 10029.33
265.50 -41.26 -42.10 -63.02 338.85 270.80 27.97 0.10
0.00 10479.88
248.70 -43.46 -44.17 -63.51 341.97 265.45 34.30 0.10
0.00 10921.48
233.50 -45.36 -46.00 -66.97 345.26 261.50 38.11 0.10
0.00 11343.75
219.60 -47.36 -47.93 -72.27 348.23 257.54 37.80 0.00
0.00 11751.18
205.70 -49.66 -50.13 -72.71 351.19 254.83 33.41 0.00
0.00 12181.15
191.70 -51.86 -52.25 -73.19 354.80 251.19 28.32 0.00
0.00 12640.00
177.70 -54.66 -54.96 -73.70 357.99 251.29 25.43 -0.10
0.00 13128.11
163.80 -57.66 -57.88 -74.24 361.39 257.18 24.49 -0.10
0.00 13645.46
149.80 -60.56 -60.72 -74.84 365.74 260.02 24.65 -0.10
0.00 14205.23
135.90 -63.16 -9999.00 -9999.00 -9999.00 256.61 25.16 -0.10
0.00 14807.51
121.90 -65.16 -9999.00 -9999.00 -9999.00 256.76 27.14 0.00
0.00 15472.59
108.00 -65.66 -9999.00 -9999.00 -9999.00 266.99 25.87 0.00
0.00 16208.80
94.00 -64.16 -9999.00 -9999.00 -9999.00 272.79 15.95 0.00
0.00 17055.07
81.00 -62.26 -9999.00 -9999.00 -9999.00 250.02 6.82 0.00
0.00 17969.76
70.60 -59.06 -9999.00 -9999.00 -9999.00 246.50 4.88 0.00
0.00 18824.49
62.20 -56.86 -9999.00 -9999.00 -9999.00 48.01 2.62 0.00
0.00 19622.41
54.30 -56.46 -9999.00 -9999.00 -9999.00 77.74 4.56 0.00
0.00 20483.16
46.90 -56.46 -9999.00 -9999.00 -9999.00 67.07 5.48 0.00
0.00 21412.43
40.10 -54.86 -9999.00 -9999.00 -9999.00 66.80 10.35 0.00
0.00 22409.64
33.80 -51.66 -9999.00 -9999.00 -9999.00 79.00 14.24 0.00
0.00 23509.74
27.80 -49.56 -9999.00 -9999.00 -9999.00 87.24 16.14 0.00
0.00 24782.75
22.30 -47.66 -9999.00 -9999.00 -9999.00 87.31 16.53 0.00
0.00 26231.67
17.10 -44.76 -9999.00 -9999.00 -9999.00 66.74 22.63 0.00
0.00 27995.40
12.30 -41.36 -9999.00 -9999.00 -9999.00 69.21 32.83 0.00
0.00 30214.46

STID = KMKE STNM = 726400 TIME = 200809/0000 
SLAT = 42.95 SLON = -87.90 SELV = 212.0
STIM = 6

SHOW = -3.60 LIFT = -6.32 SWET = 293.35 KINX = 31.10
LCLP = 851.41 PWAT = 40.28 TOTL = 52.67 CAPE = 1568.40
LCLT = 290.58 CINS = -69.38 EQLV = 224.51 LFCT = 696.92
BRCH = 85.66

PRES TMPC TMWC DWPC THTE DRCT SKNT OMEG
CFRL HGHT
990.20 30.24 22.90 19.85 349.06 218.85 8.97 0.10
0.00 221.95
987.20 30.04 22.70 19.63 348.66 218.11 12.59 0.20
0.00 249.13
981.80 29.64 22.45 19.43 348.43 217.02 14.84 0.20
0.00 298.20
972.40 28.74 22.02 19.17 348.05 217.41 16.63 0.20
0.00 384.09
958.50 27.54 21.46 18.84 347.81 217.87 17.72 0.20
0.00 512.17
940.70 25.94 20.73 18.45 347.56 218.66 18.65 0.20
0.00 678.15
919.40 23.94 19.82 17.98 347.20 220.48 19.15 0.10
0.00 879.71
896.30 21.84 18.80 17.41 346.79 222.16 19.39 0.00
0.00 1102.09
871.10 19.84 17.13 15.81 344.24 230.40 20.42 -0.10
3.00 1349.51
843.10 18.24 14.64 12.67 339.38 248.81 20.42 -0.20
0.00 1630.97
812.20 16.04 12.46 10.32 336.74 252.94 20.53 -0.30
0.00 1950.24
778.50 15.84 8.51 2.65 329.28 255.96 20.03 -0.30
0.00 2310.54
741.90 13.24 6.12 -0.26 328.13 265.24 18.71 -0.20
0.00 2717.41
702.50 10.14 4.24 -1.23 329.43 278.43 10.61 -0.10
0.00 3173.78
660.20 6.84 1.91 -2.99 330.42 267.14 7.77 0.00
0.00 3687.25
614.90 2.44 -1.57 -6.19 329.62 277.13 12.53 0.10
0.00 4266.76
567.20 -3.06 -6.33 -11.12 327.31 311.01 17.75 0.10
0.00 4912.98
521.00 -8.36 -10.92 -15.68 326.46 314.56 17.99 0.00
0.00 5579.11
479.40 -12.26 -14.61 -19.98 327.65 308.95 18.24 0.10
0.00 6220.09
442.10 -15.36 -17.16 -21.63 331.01 302.30 19.99 0.20
0.00 6835.56
408.50 -18.96 -20.66 -25.89 332.48 290.62 20.96 0.30
0.00 7428.34
378.10 -23.26 -24.78 -31.08 332.81 283.92 22.61 0.30
0.00 7999.20
350.60 -27.66 -29.15 -38.34 332.77 277.01 23.87 0.40
0.00 8546.88
325.90 -31.56 -33.13 -50.87 333.28 282.58 25.87 0.30
0.00 9067.75
303.70 -34.86 -36.13 -54.16 335.30 288.03 26.36 0.30
0.00 9563.28
283.60 -38.36 -39.28 -53.75 336.94 280.52 27.66 0.20
0.00 10037.42
265.50 -41.86 -42.60 -59.07 338.06 273.34 29.97 0.10
0.00 10487.31
248.70 -43.96 -44.63 -63.51 341.22 269.36 34.97 0.00
0.00 10927.87
233.50 -45.56 -46.18 -66.97 344.96 264.38 37.67 0.00
0.00 11349.48
219.60 -47.56 -48.09 -67.41 347.97 259.20 38.36 -0.10
0.00 11756.56
205.70 -49.86 -50.32 -72.71 350.87 256.35 35.37 -0.10
0.00 12186.15
191.70 -52.26 -52.63 -73.19 354.16 252.84 30.28 -0.10
0.00 12644.38
177.70 -54.96 -55.25 -73.70 357.50 250.49 26.17 -0.10
0.00 13131.72
163.80 -57.96 -58.17 -74.24 360.88 252.86 24.40 -0.10
0.00 13648.34
149.80 -60.86 -61.02 -74.84 365.22 257.47 25.08 -0.10
0.00 14207.33
135.90 -63.66 -9999.00 -9999.00 -9999.00 257.10 26.11 0.00
0.00 14808.48
121.90 -65.76 -9999.00 -9999.00 -9999.00 255.47 27.10 0.00
0.00 15471.80
108.00 -65.76 -9999.00 -9999.00 -9999.00 268.14 23.91 0.10
0.00 16206.77
94.00 -63.06 -9999.00 -9999.00 -9999.00 281.13 12.08 0.00
0.00 17055.08
81.00 -61.06 -9999.00 -9999.00 -9999.00 254.93 5.23 0.00
0.00 17974.78
70.60 -57.56 -9999.00 -9999.00 -9999.00 276.58 5.09 0.00
0.00 18834.94
62.20 -57.06 -9999.00 -9999.00 -9999.00 56.31 2.10 0.00
0.00 19635.26
54.30 -57.36 -9999.00 -9999.00 -9999.00 108.43 1.22 0.00
0.00 20493.83
46.90 -56.96 -9999.00 -9999.00 -9999.00 20.32 5.59 0.00
0.00 21420.10
40.10 -55.36 -9999.00 -9999.00 -9999.00 44.33 11.67 0.00
0.00 22415.02
33.80 -53.26 -9999.00 -9999.00 -9999.00 70.56 14.01 0.00
0.00 23509.86
27.80 -51.16 -9999.00 -9999.00 -9999.00 84.21 13.48 0.00
0.00 24773.72
22.30 -47.86 -9999.00 -9999.00 -9999.00 74.62 16.12 0.00
0.00 26216.84
17.10 -43.86 -9999.00 -9999.00 -9999.00 68.27 27.82 0.00
0.00 27983.29
12.30 -40.76 -9999.00 -9999.00 -9999.00 76.28 34.40 0.00
0.00 30209.58

STID = KMKE STNM = 726400 TIME = 200809/0100 
SLAT = 42.95 SLON = -87.90 SELV = 212.0
STIM = 7

SHOW = -3.97 LIFT = -6.25 SWET = 301.95 KINX = 30.93
LCLP = 876.12 PWAT = 40.45 TOTL = 53.08 CAPE = 1537.18
LCLT = 291.46 CINS = -69.07 EQLV = 226.82 LFCT = 703.44
BRCH = 76.60

PRES TMPC TMWC DWPC THTE DRCT SKNT OMEG
CFRL HGHT
990.90 28.74 22.76 20.29 348.41 213.69 5.59 0.10
0.00 222.79
988.10 29.04 22.69 20.06 348.54 211.53 10.02 0.20
0.00 248.04
982.60 28.84 22.45 19.78 348.33 212.28 13.09 0.20
0.00 297.84
973.10 28.34 22.03 19.36 347.99 213.50 16.53 0.30
0.00 384.42
959.20 27.24 21.39 18.87 347.43 215.68 18.65 0.30
0.00 512.27
941.40 25.74 20.62 18.37 346.99 218.22 19.77 0.30
0.00 677.98
920.20 23.84 19.71 17.86 346.62 221.08 20.10 0.30
0.00 878.32
896.90 21.74 18.60 17.15 345.88 224.22 20.05 0.20
0.00 1102.35
871.80 19.84 16.97 15.56 343.49 236.31 19.62 0.10
0.00 1348.54
843.70 18.04 14.96 13.32 340.49 258.02 19.66 0.00
0.00 1630.71
812.80 15.74 12.86 11.19 338.04 260.91 19.68 -0.10
0.00 1949.57
779.00 15.44 8.81 3.73 330.18 261.30 19.25 -0.20
0.00 2310.38
742.40 13.14 6.07 -0.28 327.91 265.38 19.29 -0.30
0.00 2716.68
702.90 9.94 3.88 -1.94 328.35 272.49 13.42 -0.20
0.00 3173.65
660.50 6.74 1.76 -3.25 329.97 260.13 9.07 -0.10
0.00 3687.74
615.20 2.34 -1.61 -6.15 329.48 272.91 11.48 0.00
0.00 4266.75
567.50 -3.26 -6.20 -10.40 327.56 310.99 15.70 0.00
0.00 4912.32
521.20 -8.56 -10.97 -15.41 326.33 314.03 16.22 0.00
0.00 5579.14
479.50 -12.26 -14.30 -18.70 328.26 309.71 14.90 0.10
0.00 6221.26
442.20 -15.16 -17.34 -23.04 330.64 297.35 19.02 0.20
0.00 6836.85
408.60 -18.76 -21.17 -29.99 331.45 290.49 20.53 0.30
0.00 7429.85
378.10 -23.06 -25.31 -37.35 331.81 284.77 22.11 0.30
0.00 8002.85
350.70 -27.36 -29.17 -42.11 332.66 294.64 23.29 0.30
0.00 8548.93
326.00 -31.06 -32.64 -48.76 334.06 299.01 26.44 0.30
0.00 9070.49
303.70 -35.06 -36.24 -51.47 335.14 292.81 26.55 0.30
0.00 9568.49
283.60 -38.96 -39.80 -52.86 336.12 284.66 26.11 0.20
0.00 10041.84
265.60 -42.16 -42.93 -63.02 337.50 280.92 27.70 0.20
0.00 10488.29
248.70 -44.26 -44.93 -66.51 340.73 270.67 33.22 0.10
0.00 10930.80
233.50 -45.46 -46.09 -66.97 345.11 262.76 37.00 0.10
0.00 11352.23
219.60 -47.46 -48.00 -67.41 348.13 258.01 38.33 0.00
0.00 11759.49
205.70 -49.66 -50.10 -67.88 351.24 256.47 37.35 0.00
0.00 12189.37
191.70 -51.96 -52.34 -73.19 354.64 255.72 33.08 -0.10
0.00 12648.12
177.70 -54.56 -54.86 -73.70 358.15 253.89 28.71 -0.10
0.00 13136.23
163.80 -57.56 -57.78 -74.24 361.55 255.07 27.14 -0.10
0.00 13653.81
149.80 -60.46 -60.62 -74.84 365.91 259.00 28.50 -0.10
0.00 14213.85
135.90 -63.36 -9999.00 -9999.00 -9999.00 261.12 31.45 0.00
0.00 14815.99
121.90 -65.56 -9999.00 -9999.00 -9999.00 263.31 31.68 0.00
0.00 15480.11
108.00 -65.36 -9999.00 -9999.00 -9999.00 275.36 24.98 0.00
0.00 16216.14
94.00 -62.66 -9999.00 -9999.00 -9999.00 288.43 10.45 0.00
0.00 17066.07
81.00 -61.26 -9999.00 -9999.00 -9999.00 254.05 5.65 0.00
0.00 17986.21
70.60 -58.16 -9999.00 -9999.00 -9999.00 276.12 5.48 0.00
0.00 18844.76
62.20 -57.86 -9999.00 -9999.00 -9999.00 124.99 2.37 0.00
0.00 19642.49
54.30 -57.86 -9999.00 -9999.00 -9999.00 135.00 0.82 0.00
0.00 20498.47
46.90 -57.16 -9999.00 -9999.00 -9999.00 27.70 8.78 0.00
0.00 21423.24
40.10 -55.46 -9999.00 -9999.00 -9999.00 55.36 13.00 0.00
0.00 22417.47
33.80 -53.76 -9999.00 -9999.00 -9999.00 86.73 13.62 0.00
0.00 23510.81
27.80 -51.76 -9999.00 -9999.00 -9999.00 77.47 14.34 0.00
0.00 24771.52
22.30 -47.36 -9999.00 -9999.00 -9999.00 62.22 20.42 0.00
0.00 26214.32
17.10 -41.86 -9999.00 -9999.00 -9999.00 73.52 28.77 0.00
0.00 27990.48
12.30 -40.26 -9999.00 -9999.00 -9999.00 80.75 25.39 0.00
0.00 30228.83

STID = KMKE STNM = 726400 TIME = 200809/0200 
SLAT = 42.95 SLON = -87.90 SELV = 212.0
STIM = 8

SHOW = -3.32 LIFT = -5.07 SWET = 270.97 KINX = 29.94
LCLP = 903.92 PWAT = 40.12 TOTL = 51.84 CAPE = 1354.55
LCLT = 292.35 CINS = -92.70 EQLV = 234.46 LFCT = 689.05
BRCH = 49.84

PRES TMPC TMWC DWPC THTE DRCT SKNT OMEG
CFRL HGHT
990.50 26.94 22.52 20.68 347.44 194.53 5.42 0.10
0.00 221.84
987.50 27.74 22.50 20.32 347.81 197.04 12.59 0.10
0.00 248.77
982.10 28.14 22.30 19.84 347.74 199.75 16.10 0.20
0.00 297.54
972.60 27.94 21.75 19.08 346.81 205.56 19.81 0.30
0.00 383.99
958.70 27.04 21.09 18.48 346.20 208.69 21.04 0.40
0.00 511.76
941.00 25.54 20.30 17.96 345.71 211.95 21.29 0.50
0.00 676.47
919.70 23.64 19.37 17.41 345.26 215.91 20.86 0.60
0.00 877.67
896.50 21.74 18.22 16.55 344.37 222.97 19.39 0.60
0.00 1100.72
871.40 20.14 16.72 15.01 342.57 242.27 17.11 0.60
0.00 1347.08
843.40 18.24 15.05 13.36 340.87 264.81 17.17 0.50
0.00 1628.57
812.40 16.04 12.94 11.14 338.36 265.35 16.76 0.30
0.00 1948.87
778.70 14.94 9.28 5.18 331.73 265.87 16.16 0.10
0.00 2308.71
742.10 12.74 6.18 0.43 328.31 260.54 16.55 0.00
0.00 2714.66
702.60 9.94 3.70 -2.39 327.92 265.46 12.28 0.00
0.00 3171.51
660.30 6.54 1.50 -3.67 329.33 253.07 9.34 0.20
0.00 3684.35
615.00 2.24 -1.70 -6.25 329.30 260.87 11.01 0.30
0.00 4263.20
567.30 -3.36 -6.28 -10.48 327.41 296.94 13.29 0.30
0.00 4908.74
521.10 -7.96 -11.07 -17.21 326.09 303.06 14.61 0.20
0.00 5574.86
479.40 -11.46 -14.01 -19.63 328.83 298.72 16.16 0.10
0.00 6218.73
442.10 -14.86 -17.15 -23.13 331.01 296.78 22.84 0.00
0.00 6835.73
408.50 -18.86 -20.90 -27.65 332.01 294.44 23.47 0.10
0.00 7429.13
378.10 -23.26 -25.17 -34.23 332.09 294.02 21.48 0.10
0.00 8000.04
350.70 -27.66 -29.08 -37.63 332.86 298.57 22.34 0.20
0.00 8545.62
326.00 -31.36 -32.68 -43.89 334.04 295.76 24.59 0.30
0.00 9066.58
303.70 -35.36 -36.53 -52.28 334.68 292.08 22.22 0.30
0.00 9563.98
283.60 -39.16 -40.12 -60.30 335.58 288.09 20.65 0.20
0.00 10036.81
265.60 -41.96 -42.77 -66.03 337.75 275.03 24.38 0.20
0.00 10483.26
248.70 -43.66 -44.38 -66.51 341.62 264.72 33.74 0.10
0.00 10926.54
233.50 -45.16 -45.81 -66.97 345.56 261.57 42.42 0.00
0.00 11348.80
219.60 -47.46 -48.00 -67.41 348.13 262.23 43.12 -0.10
0.00 11756.32
205.70 -50.06 -50.48 -67.88 350.61 264.02 41.01 -0.10
0.00 12185.82
191.70 -52.26 -52.63 -73.19 354.16 264.07 35.74 -0.20
0.00 12643.84
177.70 -54.66 -54.96 -73.70 357.99 261.14 30.28 -0.10
0.00 13131.51
163.80 -57.76 -57.98 -74.24 361.22 259.01 27.51 -0.10
0.00 13648.74
149.80 -61.06 -61.21 -74.84 364.88 258.61 27.54 0.00
0.00 14207.73
135.90 -63.96 -9999.00 -9999.00 -9999.00 261.01 31.08 0.00
0.00 14808.16
121.90 -65.56 -9999.00 -9999.00 -9999.00 267.06 30.34 0.10
0.00 15471.33
108.00 -64.06 -9999.00 -9999.00 -9999.00 273.78 20.63 0.10
0.00 16209.66
94.00 -62.06 -9999.00 -9999.00 -9999.00 261.67 8.04 0.00
0.00 17063.45
81.00 -61.56 -9999.00 -9999.00 -9999.00 239.24 9.50 0.00
0.00 17984.24
70.60 -59.36 -9999.00 -9999.00 -9999.00 271.64 6.80 0.00
0.00 18839.78
62.20 -58.86 -9999.00 -9999.00 -9999.00 113.96 1.90 0.00
0.00 19633.43
54.30 -58.56 -9999.00 -9999.00 -9999.00 31.61 2.97 0.00
0.00 20486.03
46.90 -57.46 -9999.00 -9999.00 -9999.00 39.92 12.41 0.00
0.00 21408.65
40.10 -54.66 -9999.00 -9999.00 -9999.00 62.39 14.26 0.00
0.00 22404.03
33.80 -52.86 -9999.00 -9999.00 -9999.00 78.34 12.49 0.00
0.00 23501.62
27.80 -50.66 -9999.00 -9999.00 -9999.00 62.45 15.11 0.00
0.00 24768.05
22.30 -46.36 -9999.00 -9999.00 -9999.00 56.58 23.27 0.00
0.00 26217.62
17.10 -42.76 -9999.00 -9999.00 -9999.00 74.60 27.80 0.00
0.00 27994.18
12.30 -41.16 -9999.00 -9999.00 -9999.00 77.04 25.12 0.00
0.00 30223.85

STID = KMKE STNM = 726400 TIME = 200809/0300 
SLAT = 42.95 SLON = -87.90 SELV = 212.0
STIM = 9

SHOW = -3.19 LIFT = -4.44 SWET = 262.17 KINX = 29.26
LCLP = 913.64 PWAT = 38.11 TOTL = 51.95 CAPE = 1160.79
LCLT = 292.46 CINS = -167.50 EQLV = 235.71 LFCT = 658.92
BRCH = 27.43

PRES TMPC TMWC DWPC THTE DRCT SKNT OMEG
CFRL HGHT
990.50 26.14 22.26 20.62 346.29 192.72 6.18 0.10
0.00 221.82
987.60 26.94 22.22 20.23 346.57 193.16 15.37 0.20
0.00 247.78
982.10 27.54 22.01 19.66 346.51 194.74 19.08 0.20
0.00 297.33
972.70 27.84 21.46 18.66 345.54 199.36 22.86 0.40
0.00 382.75
958.80 26.84 20.77 18.06 344.83 201.54 23.82 0.50
0.00 510.41
941.00 25.34 19.89 17.39 343.98 203.82 23.56 0.60
0.00 675.89
919.80 23.74 18.77 16.41 342.81 207.73 21.29 0.60
0.00 876.02
896.60 22.24 17.72 15.50 342.34 219.29 16.57 0.60
0.00 1099.16
871.50 20.74 16.57 14.45 341.94 241.03 12.43 0.60
0.00 1345.85
843.40 18.64 14.95 12.97 340.47 259.08 11.29 0.50
0.00 1628.75
812.50 16.84 12.54 9.95 336.93 261.18 11.40 0.40
0.00 1948.56
778.80 15.44 9.06 4.27 330.97 258.86 13.07 0.20
0.00 2309.03
742.20 13.14 6.11 -0.18 328.06 254.36 15.13 0.10
0.00 2715.48
702.70 10.24 3.68 -2.83 327.80 266.48 12.65 0.00
0.00 3172.77
660.40 6.84 1.44 -4.22 329.11 258.31 11.50 0.00
0.00 3686.03
615.10 2.34 -1.83 -6.76 328.93 266.08 14.22 0.10
0.00 4265.15
567.40 -2.96 -6.58 -12.11 326.70 290.56 16.59 0.10
0.00 4911.08
521.10 -7.56 -11.56 -20.52 325.03 306.65 19.85 0.00
0.00 5579.40
479.50 -11.96 -14.20 -19.09 328.44 303.99 20.84 -0.10
0.00 6221.47
442.20 -15.36 -17.10 -21.34 331.12 299.89 19.48 0.00
0.00 6837.20
408.60 -19.06 -21.13 -28.22 331.55 299.74 18.78 0.10
0.00 7429.69
378.10 -23.26 -25.43 -36.88 331.62 305.33 18.80 0.30
0.00 8002.15
350.70 -27.36 -29.17 -42.11 332.66 300.33 21.15 0.30
0.00 8548.01
326.00 -31.26 -32.85 -50.11 333.70 292.74 22.11 0.30
0.00 9069.36
303.70 -35.26 -36.55 -58.00 334.61 290.30 20.71 0.20
0.00 9566.93
283.60 -38.96 -39.94 -60.30 335.87 279.55 21.08 0.10
0.00 10040.06
265.60 -42.06 -42.86 -66.03 337.60 268.29 26.05 0.10
0.00 10486.60
248.70 -44.16 -44.84 -66.51 340.88 265.87 35.06 0.00
0.00 10929.30
233.50 -45.86 -46.44 -63.98 344.55 265.21 41.92 0.00
0.00 11350.46
219.60 -47.86 -48.37 -67.41 347.51 265.54 42.48 0.00
0.00 11757.00
205.70 -50.26 -50.67 -67.88 350.29 265.12 38.79 -0.10
0.00 12185.91
191.70 -52.26 -52.63 -73.19 354.16 262.60 34.67 -0.10
0.00 12643.73
177.70 -54.46 -54.77 -73.70 358.32 257.74 32.01 -0.10
0.00 13131.63
163.80 -57.46 -57.69 -74.24 361.72 255.44 30.91 0.00
0.00 13649.45
149.80 -60.96 -61.11 -74.84 365.05 255.43 30.11 0.00
0.00 14208.96
135.90 -63.96 -64.07 -75.48 370.05 259.53 31.02 0.10
0.00 14809.53
121.90 -64.76 -9999.00 -9999.00 -9999.00 269.62 29.53 0.10
0.00 15473.98
108.00 -62.96 -9999.00 -9999.00 -9999.00 275.60 19.91 0.00
0.00 16215.67
94.00 -62.26 -9999.00 -9999.00 -9999.00 247.75 9.23 0.00
0.00 17071.30
81.00 -62.06 -9999.00 -9999.00 -9999.00 242.20 12.08 0.00
0.00 17990.56
70.60 -59.86 -9999.00 -9999.00 -9999.00 266.42 6.24 0.00
0.00 18844.09
62.20 -59.46 -9999.00 -9999.00 -9999.00 113.96 1.90 0.00
0.00 19635.70
54.30 -58.66 -9999.00 -9999.00 -9999.00 2.12 5.24 0.00
0.00 20486.91
46.90 -56.66 -9999.00 -9999.00 -9999.00 38.53 13.40 0.00
0.00 21411.03
40.10 -54.46 -9999.00 -9999.00 -9999.00 59.17 14.02 0.00
0.00 22408.70
33.80 -53.16 -9999.00 -9999.00 -9999.00 63.43 10.86 0.00
0.00 23506.05
27.80 -51.06 -9999.00 -9999.00 -9999.00 61.70 17.21 0.00
0.00 24770.47
22.30 -47.96 -9999.00 -9999.00 -9999.00 67.31 25.68 0.00
0.00 26213.59
17.10 -43.76 -9999.00 -9999.00 -9999.00 79.23 28.07 0.00
0.00 27980.04
12.30 -40.86 -9999.00 -9999.00 -9999.00 68.06 30.15 0.00
0.00 30206.34

STID = KMKE STNM = 726400 TIME = 200809/0400 
SLAT = 42.95 SLON = -87.90 SELV = 212.0
STIM = 10

SHOW = -3.19 LIFT = -4.18 SWET = 258.41 KINX = 28.35
LCLP = 925.20 PWAT = 38.35 TOTL = 51.96 CAPE = 1111.20
LCLT = 292.62 CINS = -193.00 EQLV = 236.11 LFCT = 649.22
BRCH = 24.11

PRES TMPC TMWC DWPC THTE DRCT SKNT OMEG
CFRL HGHT
990.60 25.24 21.98 20.58 345.08 202.48 6.10 0.10
0.00 221.78
987.70 26.04 21.98 20.25 345.53 199.12 15.42 0.10
0.00 247.66
982.20 26.54 21.84 19.83 345.77 199.34 19.35 0.20
0.00 297.05
972.80 27.34 21.43 18.84 345.41 202.66 24.20 0.20
0.00 382.27
958.90 26.54 20.73 18.13 344.64 204.81 25.47 0.20
0.00 509.75
941.10 25.14 19.81 17.36 343.65 205.78 25.45 0.20
0.00 675.08
919.90 23.64 18.46 15.94 341.52 207.65 23.02 0.20
0.00 875.06
896.70 22.24 17.35 14.89 340.88 216.08 16.82 0.00
0.00 1098.08
871.60 20.64 16.45 14.31 341.48 229.82 11.44 -0.20
0.00 1344.66
843.60 18.54 14.95 13.03 340.45 245.77 8.53 -0.40
0.00 1626.40
812.60 16.64 12.72 10.40 337.56 254.62 8.06 -0.50
0.00 1947.05
778.90 15.14 9.35 5.16 331.91 253.07 9.34 -0.50
0.00 2307.24
742.20 13.34 6.14 -0.31 328.14 260.38 11.62 -0.30
0.00 2714.75
702.80 10.74 3.77 -3.20 328.00 280.95 12.28 0.00
0.00 3171.39
660.40 7.14 1.42 -4.66 329.03 273.47 12.84 0.30
0.00 3686.52
615.10 2.34 -1.83 -6.76 328.93 275.84 17.19 0.50
0.00 4265.93
567.40 -3.36 -6.26 -10.40 327.45 284.18 19.04 0.40
0.00 4911.45
521.20 -7.76 -11.38 -19.08 325.40 306.76 21.10 0.20
0.00 5577.64
479.50 -11.86 -13.55 -16.90 329.76 301.50 21.19 0.10
0.00 6221.17
442.20 -15.06 -17.17 -22.56 330.97 301.49 18.22 0.10
0.00 6837.42
408.60 -19.16 -21.67 -31.58 330.54 304.82 16.34 0.20
0.00 7430.07
378.10 -23.16 -25.55 -39.48 331.38 308.26 17.56 0.40
0.00 8002.46
350.70 -27.16 -28.97 -41.43 333.01 295.75 18.34 0.40
0.00 8548.65
326.00 -31.36 -32.74 -45.12 333.92 287.35 19.54 0.40
0.00 9070.11
303.70 -35.36 -36.44 -49.38 334.84 281.43 18.63 0.30
0.00 9567.51
283.60 -39.06 -40.00 -58.54 335.77 265.68 20.65 0.20
0.00 10040.45
265.60 -41.86 -42.63 -60.81 337.98 262.88 29.76 0.10
0.00 10487.09
248.70 -44.26 -44.91 -63.51 340.78 266.15 37.57 0.00
0.00 10929.89
233.50 -46.06 -46.63 -63.98 344.24 268.90 40.40 0.00
0.00 11350.77
219.60 -48.06 -48.56 -67.41 347.20 266.02 39.14 -0.10
0.00 11756.95
205.70 -50.16 -50.58 -67.88 350.45 261.48 36.73 -0.10
0.00 12185.77
191.70 -52.16 -52.53 -73.19 354.32 258.01 35.55 -0.10
0.00 12643.80
177.70 -54.36 -54.67 -73.70 358.48 257.03 35.49 -0.10
0.00 13131.91
163.80 -57.26 -57.49 -74.24 362.06 259.50 35.16 -0.10
0.00 13650.09
149.80 -60.66 -60.82 -74.84 365.57 262.92 33.08 -0.10
0.00 14210.26
135.90 -63.76 -63.87 -75.48 370.40 265.99 30.57 -0.10
0.00 14811.55
121.90 -64.96 -9999.00 -9999.00 -9999.00 277.13 29.76 0.00
0.00 15475.99
108.00 -63.26 -9999.00 -9999.00 -9999.00 279.37 20.28 0.00
0.00 16216.80
94.00 -62.86 -9999.00 -9999.00 -9999.00 236.98 9.27 0.00
0.00 17070.59
81.00 -62.66 -9999.00 -9999.00 -9999.00 249.86 12.41 0.00
0.00 17987.25
70.60 -60.46 -9999.00 -9999.00 -9999.00 277.43 4.51 0.00
0.00 18838.36
62.20 -60.16 -9999.00 -9999.00 -9999.00 113.20 2.95 0.00
0.00 19627.56
54.30 -57.86 -9999.00 -9999.00 -9999.00 24.90 6.00 0.00
0.00 20478.97
46.90 -55.46 -9999.00 -9999.00 -9999.00 55.53 15.79 0.00
0.00 21407.38
40.10 -54.26 -9999.00 -9999.00 -9999.00 73.07 14.01 0.00
0.00 22408.26
33.80 -52.96 -9999.00 -9999.00 -9999.00 57.09 11.79 0.00
0.00 23506.61
27.80 -51.06 -9999.00 -9999.00 -9999.00 55.98 18.75 0.00
0.00 24771.61
22.30 -48.16 -9999.00 -9999.00 -9999.00 74.12 24.84 0.00
0.00 26214.08
17.10 -44.66 -9999.00 -9999.00 -9999.00 83.13 27.58 0.00
0.00 27976.25
12.30 -41.56 -9999.00 -9999.00 -9999.00 79.00 35.63 0.00
0.00 30194.83

STID = KMKE STNM = 726400 TIME = 200809/0500 
SLAT = 42.95 SLON = -87.90 SELV = 212.0
STIM = 11

SHOW = -2.79 LIFT = -3.64 SWET = 240.90 KINX = 28.14
LCLP = 935.97 PWAT = 38.82 TOTL = 51.15 CAPE = 997.65
LCLT = 292.86 CINS = -188.68 EQLV = 234.49 LFCT = 641.31
BRCH = 22.86

PRES TMPC TMWC DWPC THTE DRCT SKNT OMEG
CFRL HGHT
991.10 24.54 21.82 20.64 344.33 207.35 6.33 0.10
0.00 220.87
988.10 25.24 21.81 20.34 344.76 204.68 15.81 0.20
0.00 247.56
982.60 25.54 21.68 20.01 345.01 205.29 19.54 0.20
0.00 296.79
973.20 26.64 21.23 18.85 344.54 209.43 26.09 0.30
0.00 381.73
959.30 26.14 20.50 17.95 343.64 211.45 27.54 0.30
0.00 508.92
941.50 24.74 19.72 17.40 343.21 212.41 26.46 0.30
0.00 673.95
920.30 23.24 18.44 16.12 341.42 211.76 23.99 0.30
0.00 873.59
897.10 22.04 17.11 14.60 339.91 216.75 18.18 0.20
0.00 1096.28
872.00 20.34 16.29 14.21 340.83 229.50 12.26 0.10
0.00 1342.51
843.90 18.34 14.93 13.10 340.32 239.26 8.35 -0.10
0.00 1624.90
813.00 16.14 13.05 11.27 338.66 252.65 6.51 -0.20
0.00 1944.06
779.10 14.24 9.95 7.05 333.83 249.27 7.69 -0.30
0.00 2305.55
742.50 12.74 6.48 1.17 329.15 252.98 9.95 -0.40
0.00 2710.94
703.00 10.64 3.81 -2.95 328.10 272.08 10.68 -0.30
0.00 3168.11
660.60 7.34 1.45 -4.85 329.05 269.05 11.65 -0.20
0.00 3683.19
615.30 2.34 -1.74 -6.52 329.12 275.44 16.39 0.00
0.00 4262.62
567.50 -3.26 -6.50 -11.33 326.86 295.29 19.54 0.00
0.00 4909.43
521.30 -7.76 -11.74 -20.84 324.62 308.22 19.77 0.00
0.00 5575.53
479.60 -11.26 -13.77 -19.15 329.27 300.96 19.25 0.00
0.00 6219.55
442.20 -14.96 -17.24 -23.21 330.83 301.56 15.97 0.00
0.00 6838.13
408.60 -18.96 -21.91 -35.44 330.04 307.88 13.29 0.10
0.00 7431.07
378.20 -22.86 -25.12 -36.88 332.13 301.76 14.39 0.20
0.00 8002.06
350.70 -27.06 -28.66 -38.34 333.56 282.67 17.72 0.30
0.00 8550.64
326.00 -31.46 -32.55 -40.61 334.28 272.89 19.25 0.20
0.00 9072.14
303.70 -35.46 -36.46 -47.67 334.81 262.37 19.02 0.10
0.00 9569.36
283.60 -38.96 -39.87 -55.83 336.00 259.46 25.49 0.00
0.00 10042.30
265.60 -42.16 -42.88 -59.06 337.59 265.89 32.52 -0.10
0.00 10488.76
248.70 -44.86 -45.44 -61.32 339.93 273.22 34.63 -0.20
0.00 10930.69
233.50 -46.76 -47.28 -63.98 343.18 271.83 36.54 -0.10
0.00 11350.37
219.60 -48.56 -49.03 -67.41 346.43 267.67 38.31 -0.10
0.00 11755.48
205.70 -50.86 -51.24 -67.88 349.35 264.59 37.08 -0.10
0.00 12183.15
191.70 -53.06 -53.40 -73.19 352.88 262.45 35.47 -0.10
0.00 12639.53
177.80 -55.26 -55.54 -73.70 356.95 260.80 35.22 0.00
0.00 13122.04
163.80 -57.76 -57.98 -74.24 361.22 261.37 34.97 0.00
0.00 13642.12
149.80 -60.56 -60.72 -74.84 365.74 262.79 30.94 0.00
0.00 14201.76
135.90 -63.56 -63.68 -75.48 370.75 263.43 27.18 0.10
0.00 14803.47
121.90 -64.76 -64.87 -76.19 380.26 272.17 25.66 0.00
0.00 15468.55
108.00 -63.26 -9999.00 -9999.00 -9999.00 271.93 17.31 0.00
0.00 16209.72
94.00 -63.36 -9999.00 -9999.00 -9999.00 226.68 9.34 0.00
0.00 17062.50
81.00 -62.76 -9999.00 -9999.00 -9999.00 259.70 10.86 0.00
0.00 17977.85
70.60 -59.76 -9999.00 -9999.00 -9999.00 275.19 2.14 0.00
0.00 18830.16
62.20 -59.46 -9999.00 -9999.00 -9999.00 140.19 1.52 0.00
0.00 19621.96
54.30 -57.36 -9999.00 -9999.00 -9999.00 16.82 8.72 0.00
0.00 20475.76
46.90 -56.46 -9999.00 -9999.00 -9999.00 63.76 15.38 0.00
0.00 21403.09
40.10 -55.06 -9999.00 -9999.00 -9999.00 85.36 14.41 0.00
0.00 22399.85
33.80 -53.46 -9999.00 -9999.00 -9999.00 67.78 14.90 0.00
0.00 23494.94
27.80 -50.26 -9999.00 -9999.00 -9999.00 65.56 21.11 0.00
0.00 24760.80
22.30 -46.86 -9999.00 -9999.00 -9999.00 87.57 22.94 0.00
0.00 26210.05
17.10 -43.86 -9999.00 -9999.00 -9999.00 89.51 22.53 0.00
0.00 27980.38
12.30 -41.46 -49.89 -89.89 814.18 79.58 34.36 0.00
0.00 30203.31

STID = KMKE STNM = 726400 TIME = 200809/0600 
SLAT = 42.95 SLON = -87.90 SELV = 212.0
STIM = 12

SHOW = -2.45 LIFT = -3.37 SWET = 223.07 KINX = 28.46
LCLP = 940.89 PWAT = 39.58 TOTL = 50.53 CAPE = 1000.53
LCLT = 292.76 CINS = -164.90 EQLV = 232.00 LFCT = 644.35
BRCH = 30.51

PRES TMPC TMWC DWPC THTE DRCT SKNT OMEG
CFRL HGHT
991.70 24.04 21.56 20.46 343.12 217.23 6.10 0.10
0.00 221.73
988.70 24.64 21.51 20.14 343.38 216.29 15.42 0.20
0.00 248.36
983.20 25.04 21.39 19.79 343.71 216.29 19.04 0.20
0.00 297.46
973.80 26.34 21.03 18.66 343.59 218.33 25.99 0.30
0.00 382.22
960.00 25.84 20.57 18.19 343.80 219.04 27.76 0.30
0.00 508.29
942.10 24.44 19.82 17.71 343.56 222.99 27.35 0.30
0.00 673.99
920.90 22.94 18.54 16.43 341.73 225.62 25.54 0.30
0.00 873.33
897.70 21.64 16.86 14.38 338.85 224.61 20.18 0.20
0.00 1095.61
872.50 20.14 16.18 14.12 340.30 236.55 13.03 0.10
0.00 1342.40
844.40 18.14 14.82 13.03 339.85 248.20 8.37 0.10
0.00 1624.42
813.50 15.84 13.16 11.64 339.00 263.88 5.48 0.10
0.00 1943.13
779.60 13.84 10.32 8.03 334.97 255.53 6.22 0.10
0.00 2304.04
742.90 12.14 6.78 2.44 330.02 248.88 9.17 0.20
0.00 2709.73
703.30 10.24 3.79 -2.52 328.03 260.91 9.83 0.40
0.00 3167.13
660.90 7.04 1.28 -4.91 328.59 258.89 11.09 0.50
0.00 3681.35
615.50 2.24 -1.54 -5.85 329.60 264.87 15.21 0.40
0.00 4261.45
567.70 -3.46 -6.45 -10.81 326.96 289.56 15.68 0.20
0.00 4907.75
521.40 -7.76 -11.88 -21.60 324.30 303.06 14.61 0.00
0.00 5574.86
479.70 -10.96 -13.99 -21.00 328.76 296.57 15.21 -0.10
0.00 6219.05
442.30 -14.66 -17.00 -23.04 331.26 298.02 13.64 -0.20
0.00 6838.17
408.70 -18.76 -21.47 -32.39 330.86 298.24 11.91 -0.20
0.00 7431.58
378.20 -22.96 -24.84 -33.35 332.65 287.16 13.83 -0.10
0.00 8004.55
350.80 -27.26 -28.55 -35.54 333.74 277.28 18.41 0.00
0.00 8550.78
326.00 -31.66 -32.67 -40.06 334.08 267.54 18.08 0.00
0.00 9073.91
303.70 -35.66 -36.59 -46.67 334.61 262.03 19.62 -0.10
0.00 9570.72
283.60 -39.36 -40.18 -53.75 335.51 265.16 25.35 -0.10
0.00 10043.07
265.60 -42.96 -43.59 -57.61 336.46 270.84 26.61 -0.10
0.00 10488.38
248.80 -45.86 -46.35 -59.58 338.44 273.60 27.84 0.00
0.00 10925.89
233.50 -47.36 -47.84 -63.98 342.27 270.35 31.66 0.10
0.00 11346.76
219.60 -48.76 -49.22 -67.41 346.12 265.43 34.11 0.10
0.00 11751.15
205.70 -50.56 -50.96 -67.88 349.82 262.64 34.87 0.20
0.00 12178.92
191.70 -52.46 -52.82 -73.19 353.84 262.80 35.63 0.10
0.00 12636.22
177.70 -54.76 -55.05 -73.70 357.82 263.56 36.36 0.10
0.00 13123.56
163.80 -57.46 -57.69 -74.24 361.72 266.50 35.02 0.00
0.00 13641.02
149.80 -60.16 -60.33 -74.84 366.43 265.49 29.62 0.00
0.00 14201.58
135.90 -63.26 -63.38 -75.48 371.28 260.89 25.78 0.00
0.00 14804.29
121.90 -65.16 -65.26 -76.19 379.53 266.74 23.93 0.00
0.00 15469.22
108.00 -64.26 -9999.00 -9999.00 -9999.00 269.35 17.09 0.00
0.00 16207.90
94.00 -64.16 -9999.00 -9999.00 -9999.00 238.20 11.42 0.00
0.00 17057.02
81.00 -63.36 -9999.00 -9999.00 -9999.00 262.65 12.14 0.00
0.00 17969.32
70.60 -60.16 -9999.00 -9999.00 -9999.00 230.19 1.52 0.00
0.00 18819.62
62.20 -60.26 -9999.00 -9999.00 -9999.00 139.40 1.79 0.00
0.00 19609.19
54.30 -57.86 -9999.00 -9999.00 -9999.00 57.34 8.99 0.00
0.00 20460.41
46.90 -55.96 -9999.00 -9999.00 -9999.00 85.91 16.36 0.00
0.00 21387.74
40.10 -53.66 -9999.00 -9999.00 -9999.00 86.33 15.19 0.00
0.00 22388.86
33.80 -52.26 -9999.00 -9999.00 -9999.00 58.78 15.00 0.00
0.00 23490.45
27.80 -49.56 -9999.00 -9999.00 -9999.00 61.44 17.46 0.00
0.00 24761.74
22.30 -47.16 -9999.00 -9999.00 -9999.00 92.02 16.53 0.00
0.00 26212.28
17.10 -44.76 -9999.00 -9999.00 -9999.00 93.61 21.60 0.00
0.00 27977.96
12.30 -42.06 -50.20 -89.89 812.07 78.42 31.92 0.00
0.00 30193.65

STID = KMKE STNM = 726400 TIME = 200809/0700 
SLAT = 42.95 SLON = -87.90 SELV = 212.0
STIM = 13

SHOW = -2.32 LIFT = -4.33 SWET = 214.63 KINX = 26.87
LCLP = 944.31 PWAT = 40.05 TOTL = 50.47 CAPE = 1279.15
LCLT = 292.69 CINS = -140.55 EQLV = 226.42 LFCT = 652.38
BRCH = 36.50

PRES TMPC TMWC DWPC THTE DRCT SKNT OMEG
CFRL HGHT
991.40 23.64 21.35 20.33 342.32 218.16 6.92 0.10
0.00 221.72
988.50 24.14 21.35 20.12 342.76 215.93 16.55 0.20
0.00 247.43
983.00 24.34 21.29 19.95 343.34 216.31 20.01 0.30
0.00 296.44
973.60 24.84 21.47 20.01 345.53 222.02 29.02 0.40
0.00 380.95
959.60 24.74 21.28 19.79 346.93 223.19 30.36 0.40
0.00 508.43
941.80 23.74 20.52 19.10 346.53 223.26 27.21 0.40
0.00 672.90
920.60 22.34 19.23 17.80 344.58 228.22 24.49 0.30
0.00 872.01
897.30 21.24 17.17 15.12 340.13 232.47 20.09 0.20
0.00 1095.08
872.20 19.84 16.05 14.07 339.88 231.63 11.89 0.10
0.00 1340.73
844.10 18.04 14.61 12.73 339.11 235.41 6.84 -0.10
0.00 1622.63
813.20 15.84 12.93 11.25 338.22 237.99 3.67 -0.20
0.00 1941.35
779.30 14.14 9.91 7.04 333.66 231.34 6.22 -0.20
0.00 2302.50
742.70 12.64 6.43 1.15 328.98 235.38 9.91 -0.20
0.00 2707.65
703.10 10.64 3.60 -3.57 327.47 244.92 10.08 -0.10
0.00 3165.77
660.70 7.34 1.35 -5.11 328.79 254.83 11.87 0.00
0.00 3680.72
615.40 2.34 -1.42 -5.66 329.92 272.94 15.17 0.00
0.00 4260.10
567.60 -3.36 -6.63 -11.55 326.56 289.36 15.23 -0.10
0.00 4906.72
521.30 -7.76 -11.93 -21.87 324.22 296.57 13.03 -0.10
0.00 5574.04
479.70 -11.26 -14.30 -21.55 328.15 296.57 13.46 0.00
0.00 6216.36
442.30 -14.96 -16.94 -21.85 331.38 292.96 12.45 0.00
0.00 6834.78
408.70 -18.96 -20.86 -27.00 332.04 283.57 11.60 0.10
0.00 7427.71
378.20 -23.26 -24.67 -30.27 333.00 276.91 12.92 0.20
0.00 8000.22
350.70 -27.56 -28.61 -33.96 333.69 272.20 15.17 0.30
0.00 8547.91
326.00 -31.66 -32.69 -40.34 334.04 264.03 16.80 0.30
0.00 9068.70
303.70 -35.56 -36.59 -48.78 334.59 264.35 19.72 0.20
0.00 9565.60
283.60 -39.46 -40.32 -55.83 335.28 266.05 22.59 0.10
0.00 10037.95
265.60 -42.66 -43.34 -59.06 336.86 272.89 23.15 0.00
0.00 10483.44
248.70 -45.06 -45.63 -61.32 339.63 270.78 28.36 0.00
0.00 10924.70
233.50 -46.66 -47.21 -66.97 343.29 269.68 34.38 0.00
0.00 11344.29
219.60 -48.86 -49.31 -67.41 345.97 264.75 36.09 0.00
0.00 11749.21
205.70 -50.86 -51.24 -67.88 349.35 263.80 35.96 0.00
0.00 12176.60
191.70 -52.86 -53.20 -73.19 353.20 264.57 34.93 0.00
0.00 12633.18
177.70 -55.36 -55.63 -73.70 356.84 265.43 34.11 0.00
0.00 13119.41
163.80 -58.06 -58.27 -74.24 360.72 267.92 32.07 0.00
0.00 13635.44
149.80 -60.36 -60.53 -74.84 366.09 261.81 27.27 0.00
0.00 14194.95
135.90 -63.16 -63.28 -75.48 371.46 251.28 24.83 0.00
0.00 14797.52
121.90 -65.26 -65.36 -76.19 379.35 256.65 23.56 0.00
0.00 15462.45
108.00 -64.56 -9999.00 -9999.00 -9999.00 258.44 17.44 0.00
0.00 16200.43
94.00 -64.06 -9999.00 -9999.00 -9999.00 236.31 13.31 0.00
0.00 17049.14
81.00 -62.66 -9999.00 -9999.00 -9999.00 256.22 10.61 0.00
0.00 17963.18
70.60 -59.66 -9999.00 -9999.00 -9999.00 180.00 1.36 0.00
0.00 18815.90
62.20 -58.96 -9999.00 -9999.00 -9999.00 360.00 1.17 0.00
0.00 19608.81
54.30 -56.56 -9999.00 -9999.00 -9999.00 72.30 9.58 0.00
0.00 20465.19
46.90 -56.06 -9999.00 -9999.00 -9999.00 96.71 13.31 0.00
0.00 21395.10
40.10 -54.66 -9999.00 -9999.00 -9999.00 90.91 12.24 0.00
0.00 22393.69
33.80 -52.36 -9999.00 -9999.00 -9999.00 70.46 12.78 0.00
0.00 23492.53
27.80 -49.56 -9999.00 -9999.00 -9999.00 74.86 17.11 0.00
0.00 24763.54
22.30 -47.56 -9999.00 -9999.00 -9999.00 80.79 14.57 0.00
0.00 26212.79
17.10 -44.76 -9999.00 -9999.00 -9999.00 76.69 18.57 0.00
0.00 27976.91
12.30 -42.36 -9999.00 -9999.00 -9999.00 74.31 29.45 0.00
0.00 30191.14

STID = KMKE STNM = 726400 TIME = 200809/0800 
SLAT = 42.95 SLON = -87.90 SELV = 212.0
STIM = 14

SHOW = -2.11 LIFT = -4.71 SWET = 206.93 KINX = 26.16
LCLP = 951.90 PWAT = 39.82 TOTL = 50.42 CAPE = 1233.57
LCLT = 293.11 CINS = -154.78 EQLV = 226.42 LFCT = 649.23
BRCH = 47.31

PRES TMPC TMWC DWPC THTE DRCT SKNT OMEG
CFRL HGHT
990.90 23.34 21.46 20.61 342.82 223.92 7.28 0.10
0.00 220.84
987.90 23.74 21.48 20.48 343.38 222.59 16.36 0.20
0.00 247.42
982.40 23.74 21.37 20.33 343.78 223.39 19.50 0.30
0.00 296.39
973.00 24.44 21.36 20.03 345.20 228.70 27.66 0.50
0.00 380.81
959.10 24.84 20.89 19.16 345.35 229.14 28.52 0.50
0.00 507.37
941.30 23.54 20.40 19.02 346.14 226.48 26.52 0.50
0.00 671.87
920.00 21.94 19.55 18.46 345.99 226.33 23.64 0.50
0.00 871.87
896.80 20.84 17.59 16.00 341.85 228.37 18.71 0.50
0.00 1093.90
871.70 19.74 15.71 13.57 338.71 218.05 11.34 0.40
0.00 1339.50
843.70 17.94 14.29 12.26 338.05 211.83 6.62 0.30
0.00 1620.40
812.70 15.84 12.59 10.66 337.10 203.20 4.43 0.30
0.00 1940.20
778.90 14.34 9.42 5.93 332.15 218.66 7.46 0.20
0.00 2300.50
742.30 12.84 6.18 0.33 328.28 228.45 11.42 0.20
0.00 2706.03
702.90 10.64 3.45 -4.00 327.09 240.02 11.65 0.20
0.00 3162.13
660.50 7.34 1.32 -5.22 328.72 258.34 12.49 0.10
0.00 3677.21
615.20 2.24 -1.35 -5.34 330.15 278.13 15.11 0.00
0.00 4256.67
567.50 -3.46 -6.46 -10.86 326.96 287.99 15.73 -0.10
0.00 4901.91
521.20 -7.96 -11.68 -19.89 324.79 288.71 12.72 -0.10
0.00 5569.07
479.60 -11.56 -14.31 -20.70 328.16 287.85 12.04 -0.10
0.00 6210.98
442.20 -15.06 -17.08 -22.16 331.14 283.82 12.20 -0.10
0.00 6829.06
408.60 -18.96 -20.60 -25.60 332.56 276.34 12.32 0.00
0.00 7422.04
378.10 -23.26 -24.53 -29.41 333.28 274.27 13.05 0.10
0.00 7994.73
350.70 -27.56 -28.78 -35.36 333.40 267.93 16.14 0.10
0.00 8540.50
326.00 -31.76 -32.89 -41.80 333.71 266.39 18.49 0.10
0.00 9061.17
303.70 -35.86 -36.94 -51.47 334.01 267.27 20.42 0.10
0.00 9557.64
283.60 -39.46 -40.36 -58.54 335.20 268.92 20.59 0.00
0.00 10029.67
265.60 -42.66 -43.34 -59.06 336.86 273.24 20.63 0.10
0.00 10475.17
248.70 -44.86 -45.47 -63.51 339.88 270.00 26.81 0.10
0.00 10916.62
233.50 -46.86 -47.37 -63.98 343.03 265.50 34.67 0.10
0.00 11336.21
219.60 -49.26 -49.69 -67.41 345.35 263.10 37.18 0.10
0.00 11740.59
205.70 -51.06 -51.43 -67.88 349.04 263.73 35.57 0.00
0.00 12167.40
191.70 -53.06 -53.40 -73.19 352.88 264.06 33.78 -0.10
0.00 12623.57
177.70 -55.66 -55.92 -73.70 356.35 264.77 31.99 -0.10
0.00 13109.25
163.80 -58.46 -58.66 -74.24 360.04 265.83 29.41 -0.10
0.00 13624.44
149.80 -60.66 -60.82 -74.84 365.57 258.35 25.99 0.00
0.00 14183.04
135.90 -63.26 -63.38 -75.48 371.28 247.08 25.93 0.00
0.00 14785.04
121.90 -64.76 -9999.00 -9999.00 -9999.00 251.28 24.83 0.10
0.00 15450.60
108.00 -64.06 -9999.00 -9999.00 -9999.00 252.85 19.11 0.00
0.00 16190.34
94.00 -63.96 -9999.00 -9999.00 -9999.00 245.12 14.78 0.00
0.00 17040.28
81.00 -62.96 -9999.00 -9999.00 -9999.00 270.99 11.27 0.00
0.00 17953.88
70.60 -60.06 -9999.00 -9999.00 -9999.00 306.87 1.94 0.00
0.00 18805.19
62.20 -58.56 -9999.00 -9999.00 -9999.00 12.09 2.78 0.00
0.00 19598.10
54.30 -56.36 -9999.00 -9999.00 -9999.00 96.46 10.35 0.00
0.00 20455.67
46.90 -55.76 -9999.00 -9999.00 -9999.00 116.11 11.03 0.00
0.00 21386.65
40.10 -54.46 -9999.00 -9999.00 -9999.00 81.53 9.23 0.00
0.00 22386.39
33.80 -51.86 -9999.00 -9999.00 -9999.00 56.31 11.91 0.00
0.00 23486.99
27.80 -50.16 -9999.00 -9999.00 -9999.00 67.93 15.50 0.00
0.00 24757.71
22.30 -47.66 -9999.00 -9999.00 -9999.00 62.76 14.86 0.00
0.00 26204.70
17.10 -45.16 -9999.00 -9999.00 -9999.00 69.04 19.56 0.00
0.00 27966.87
12.30 -42.66 -9999.00 -9999.00 -9999.00 79.13 29.88 0.00
0.00 30177.74

STID = KMKE STNM = 726400 TIME = 200809/0900 
SLAT = 42.95 SLON = -87.90 SELV = 212.0
STIM = 15

SHOW = -1.56 LIFT = -4.31 SWET = 191.79 KINX = 26.33
LCLP = 961.77 PWAT = 37.87 TOTL = 50.28 CAPE = 1153.18
LCLT = 293.39 CINS = -210.41 EQLV = 225.84 LFCT = 649.67
BRCH = 81.23

PRES TMPC TMWC DWPC THTE DRCT SKNT OMEG
CFRL HGHT
990.80 22.74 21.36 20.72 342.43 217.57 6.37 0.10
0.00 221.70
987.80 23.04 21.38 20.63 342.98 217.33 14.41 0.20
0.00 248.23
982.40 23.04 21.30 20.51 343.45 218.26 17.56 0.30
0.00 296.20
973.00 23.84 21.35 20.26 345.13 224.33 23.62 0.40
0.00 380.45
959.10 24.44 20.76 19.14 344.81 227.32 23.78 0.40
0.00 506.80
941.20 23.54 19.93 18.30 344.18 222.83 21.72 0.50
0.00 672.09
919.90 22.34 18.91 17.31 343.40 220.34 18.61 0.50
0.00 872.15
896.80 21.54 16.73 14.23 338.53 213.48 14.43 0.50
0.00 1093.48
871.70 20.34 15.08 12.12 336.35 201.19 10.22 0.50
0.00 1339.46
843.70 18.44 13.77 11.05 336.17 193.39 8.39 0.50
0.00 1620.73
812.80 16.64 11.58 8.32 333.66 199.18 9.46 0.30
0.00 1939.97
779.00 15.24 8.59 3.40 329.50 212.09 13.52 0.10
0.00 2301.00
742.40 13.04 5.99 -0.36 327.71 218.77 15.19 0.00
0.00 2707.07
703.00 10.24 3.34 -3.77 326.82 232.82 14.14 -0.10
0.00 3162.92
660.60 7.04 1.14 -5.32 328.25 261.25 12.78 -0.20
0.00 3677.29
615.30 2.14 -1.36 -5.25 330.10 282.99 15.54 -0.20
0.00 4256.24
567.50 -3.76 -5.88 -8.73 328.31 289.44 17.50 -0.20
0.00 4902.42
521.20 -8.36 -11.29 -17.08 325.64 289.71 13.83 -0.10
0.00 5568.90
479.60 -11.76 -14.30 -20.04 328.21 288.43 12.28 0.00
0.00 6210.17
442.20 -15.06 -17.30 -23.21 330.70 283.19 12.76 0.10
0.00 6828.01
408.60 -18.86 -20.62 -26.08 332.52 272.91 11.48 0.10
0.00 7421.07
378.10 -23.26 -24.78 -31.08 332.81 264.12 13.29 0.10
0.00 7993.85
350.70 -27.56 -29.27 -41.11 332.51 261.60 17.29 0.10
0.00 8539.55
326.00 -31.96 -33.38 -48.15 332.86 259.24 19.77 0.10
0.00 9059.94
303.70 -36.16 -37.25 -53.18 333.51 257.29 20.32 0.00
0.00 9555.87
283.60 -39.36 -40.25 -57.08 335.38 264.17 19.13 -0.10
0.00 10027.71
265.60 -42.26 -42.99 -60.81 337.40 267.88 21.00 -0.10
0.00 10473.68
248.80 -44.66 -45.23 -59.58 340.23 268.01 27.99 -0.10
0.00 10913.01
233.50 -47.56 -47.98 -60.07 342.06 267.35 33.64 0.00
0.00 11334.81
219.60 -49.66 -50.07 -67.41 344.73 263.73 35.57 0.00
0.00 11738.21
205.70 -51.56 -51.91 -67.88 348.25 263.07 35.41 0.00
0.00 12164.16
191.70 -53.56 -53.88 -73.19 352.08 262.01 33.55 0.00
0.00 12619.30
177.70 -55.76 -56.02 -73.70 356.19 261.12 31.45 0.10
0.00 13104.30
163.80 -58.26 -58.46 -74.24 360.38 261.49 28.87 0.00
0.00 13619.62
149.80 -60.56 -60.72 -74.84 365.74 256.37 26.38 0.00
0.00 14178.61
135.90 -63.16 -63.28 -75.48 371.46 249.91 27.72 0.00
0.00 14780.90
121.90 -64.86 -9999.00 -9999.00 -9999.00 250.02 25.02 0.00
0.00 15446.45
108.00 -64.86 -9999.00 -9999.00 -9999.00 244.74 19.11 0.00
0.00 16184.61
94.00 -64.56 -9999.00 -9999.00 -9999.00 242.50 15.99 0.00
0.00 17031.69
81.00 -62.76 -9999.00 -9999.00 -9999.00 263.12 11.34 0.00
0.00 17944.42
70.60 -59.16 -9999.00 -9999.00 -9999.00 306.03 2.64 0.00
0.00 18797.95
62.20 -58.36 -9999.00 -9999.00 -9999.00 17.24 5.91 -0.10
0.00 19592.90
54.30 -57.66 -9999.00 -9999.00 -9999.00 81.35 9.03 -0.10
0.00 20448.28
46.90 -57.26 -9999.00 -9999.00 -9999.00 96.79 8.22 0.00
0.00 21373.26
40.10 -55.66 -9999.00 -9999.00 -9999.00 72.53 10.99 0.00
0.00 22366.81
33.80 -52.06 -9999.00 -9999.00 -9999.00 74.15 16.36 0.00
0.00 23463.90
27.80 -49.86 -9999.00 -9999.00 -9999.00 82.95 18.98 0.00
0.00 24734.91
22.30 -47.56 -9999.00 -9999.00 -9999.00 72.85 19.11 0.00
0.00 26183.19
17.10 -45.16 -9999.00 -9999.00 -9999.00 70.06 21.08 0.00
0.00 27945.75
12.30 -42.26 -9999.00 -9999.00 -9999.00 84.61 31.02 0.00
0.00 30158.54

STID = KMKE STNM = 726400 TIME = 200809/1000 
SLAT = 42.95 SLON = -87.90 SELV = 212.0
STIM = 16

SHOW = -0.50 LIFT = -3.81 SWET = 151.46 KINX = 25.75
LCLP = 970.87 PWAT = 37.02 TOTL = 49.04 CAPE = 1071.06
LCLT = 293.53 CINS = -231.91 EQLV = 228.45 LFCT = 646.11
BRCH = 131.05

PRES TMPC TMWC DWPC THTE DRCT SKNT OMEG
CFRL HGHT
991.40 22.14 21.18 20.72 341.62 223.53 5.36 0.10
0.00 221.68
988.50 22.44 21.24 20.68 342.30 221.42 13.21 0.20
0.00 247.25
983.00 22.44 21.20 20.62 342.95 222.09 16.22 0.30
0.00 295.98
973.50 22.94 21.27 20.52 344.72 226.80 21.85 0.40
3.00 380.88
959.70 23.44 20.78 19.60 344.80 232.82 21.21 0.40
3.00 505.87
941.80 23.44 19.53 17.71 342.41 226.29 18.28 0.30
0.00 670.74
920.50 22.44 18.53 16.65 341.74 217.57 15.93 0.30
0.00 870.60
897.30 21.54 16.56 13.93 337.79 212.74 12.94 0.20
0.00 1092.75
872.20 20.44 14.61 11.21 334.61 204.54 9.83 0.10
0.00 1338.56
844.20 18.74 13.14 9.69 333.88 196.46 8.92 0.00
0.00 1619.73
813.30 16.94 11.00 6.94 331.64 204.70 10.68 -0.10
0.00 1938.96
779.50 15.14 8.45 3.18 329.01 211.24 13.85 -0.10
0.00 2299.79
742.90 12.84 5.99 -0.16 327.63 215.11 15.19 0.00
0.00 2705.38
703.40 10.04 3.39 -3.38 326.91 231.22 13.95 0.10
0.00 3161.80
660.90 6.94 1.11 -5.28 328.12 263.45 11.93 0.20
0.00 3676.87
615.60 2.24 -1.36 -5.37 330.05 284.98 14.28 0.20
0.00 4255.55
567.80 -3.86 -5.61 -7.87 328.89 287.20 17.07 0.20
0.00 4901.44
521.40 -8.46 -11.07 -16.01 326.07 281.98 13.11 0.20
0.00 5568.88
479.70 -11.46 -14.33 -21.08 328.10 270.95 11.65 0.10
0.00 6211.76
442.30 -14.86 -17.32 -23.99 330.62 266.42 12.45 -0.10
0.00 6830.02
408.70 -19.06 -20.87 -26.68 332.02 256.70 10.98 -0.20
0.00 7422.91
378.20 -23.46 -25.31 -34.05 331.84 255.12 12.86 -0.30
0.00 7995.04
350.70 -27.76 -29.81 -49.47 331.54 262.17 15.70 -0.30
0.00 8542.16
326.00 -32.36 -33.90 -54.68 331.98 255.80 16.63 -0.20
0.00 9061.87
303.70 -36.56 -37.56 -51.47 333.03 253.69 16.59 -0.10
0.00 9556.96
283.60 -39.36 -40.23 -55.83 335.42 262.41 17.64 -0.10
0.00 10028.40
265.60 -41.76 -42.51 -59.06 338.17 265.16 23.00 0.00
0.00 10474.85
248.80 -44.96 -45.46 -56.89 339.87 270.78 28.36 0.00
0.00 10914.38
233.50 -47.66 -48.15 -66.97 341.77 267.17 31.51 0.10
0.00 11335.81
219.60 -49.86 -50.26 -67.41 344.43 263.85 32.63 0.10
0.00 11738.93
205.70 -51.46 -51.81 -67.88 348.41 260.92 33.24 0.10
0.00 12164.79
191.70 -53.06 -53.40 -73.19 352.88 258.22 32.34 0.10
0.00 12620.54
177.70 -55.26 -55.54 -73.70 357.01 257.01 31.10 0.10
0.00 13106.66
163.80 -57.86 -58.07 -74.24 361.05 256.98 29.31 0.00
0.00 13623.05
149.80 -60.36 -60.53 -74.84 366.09 252.35 26.90 0.00
0.00 14182.82
135.90 -62.96 -63.09 -75.48 371.81 250.32 28.26 0.00
0.00 14785.68
121.90 -64.26 -9999.00 -9999.00 -9999.00 246.86 24.71 0.00
0.00 15452.51
108.00 -64.36 -9999.00 -9999.00 -9999.00 241.56 21.21 0.00
0.00 16192.61
94.00 -63.96 -9999.00 -9999.00 -9999.00 254.22 18.57 0.00
0.00 17041.93
81.00 -62.56 -9999.00 -9999.00 -9999.00 272.12 10.49 0.00
0.00 17956.41
70.60 -59.86 -9999.00 -9999.00 -9999.00 150.26 1.57 0.00
0.00 18808.93
62.20 -59.26 -9999.00 -9999.00 -9999.00 81.25 5.11 0.00
0.00 19600.91
54.30 -57.96 -9999.00 -9999.00 -9999.00 104.93 9.05 0.00
0.00 20453.91
46.90 -56.36 -9999.00 -9999.00 -9999.00 84.47 6.04 0.00
0.00 21380.18
40.10 -53.86 -9999.00 -9999.00 -9999.00 54.04 12.24 0.00
0.00 22379.91
33.80 -51.66 -9999.00 -9999.00 -9999.00 66.89 17.33 0.00
0.00 23482.51
27.80 -50.06 -9999.00 -9999.00 -9999.00 77.54 17.11 0.00
0.00 24754.09
22.30 -48.16 -9999.00 -9999.00 -9999.00 79.27 18.78 0.00
0.00 26199.79
17.10 -44.86 -9999.00 -9999.00 -9999.00 76.25 18.80 0.00
0.00 27961.19
12.30 -42.26 -9999.00 -9999.00 -9999.00 80.04 25.84 0.00
0.00 30175.43

STID = KMKE STNM = 726400 TIME = 200809/1100 
SLAT = 42.95 SLON = -87.90 SELV = 212.0
STIM = 17

SHOW = 0.17 LIFT = -3.50 SWET = 144.70 KINX = 24.69
LCLP = 974.07 PWAT = 37.03 TOTL = 47.94 CAPE = 1015.23
LCLT = 293.47 CINS = -223.24 EQLV = 231.17 LFCT = 644.48
BRCH = 119.39

PRES TMPC TMWC DWPC THTE DRCT SKNT OMEG
CFRL HGHT
991.90 21.84 21.02 20.61 340.87 233.84 6.25 0.10
0.00 221.66
989.00 22.04 21.08 20.61 341.54 232.33 13.99 0.20
0.00 247.19
983.40 21.94 21.01 20.56 342.11 233.00 16.78 0.30
0.00 296.71
974.00 22.24 21.00 20.42 343.50 236.45 22.84 0.30
0.00 380.49
960.10 22.24 20.72 20.02 344.48 241.70 22.94 0.20
11.00 505.94
942.30 22.74 19.66 18.24 342.88 240.64 17.83 0.10
0.00 669.33
921.00 22.04 18.35 16.56 340.96 228.12 15.13 0.00
0.00 868.74
897.80 20.94 16.85 14.74 338.82 223.78 12.92 -0.10
0.00 1090.42
872.60 20.04 14.76 11.73 335.09 220.36 10.20 -0.20
0.00 1336.74
844.60 18.54 12.79 9.15 332.62 209.43 8.70 -0.40
0.00 1617.49
813.70 16.74 10.73 6.54 330.71 207.05 10.26 -0.50
0.00 1936.29
779.90 14.84 8.50 3.55 329.10 211.11 13.15 -0.60
0.00 2296.62
743.20 12.64 6.03 0.16 327.72 217.81 14.26 -0.50
0.00 2702.81
703.60 10.14 3.40 -3.50 326.88 233.47 13.05 -0.20
0.00 3160.17
661.20 6.94 1.12 -5.24 328.11 262.61 10.59 0.00
0.00 3673.92
615.80 2.14 -1.34 -5.20 330.06 281.69 11.50 0.10
0.00 4253.55
567.90 -3.86 -5.92 -8.68 328.15 284.62 13.85 0.20
0.00 4900.48
521.50 -8.26 -11.24 -17.14 325.68 271.91 11.65 0.20
0.00 5567.96
479.80 -11.16 -14.46 -22.72 327.78 255.96 10.41 0.10
0.00 6211.25
442.40 -15.06 -17.44 -23.90 330.38 253.50 10.94 0.00
0.00 6829.46
408.70 -19.56 -21.24 -26.68 331.37 241.48 10.18 0.00
0.00 7423.23
378.20 -23.96 -25.93 -36.43 330.74 252.82 11.19 0.00
0.00 7994.21
350.80 -27.96 -30.10 -55.35 331.00 260.68 13.19 0.10
0.00 8538.46
326.00 -32.66 -34.09 -51.68 331.69 248.63 14.39 0.10
0.00 9059.66
303.70 -36.06 -37.14 -52.28 333.69 251.57 17.19 0.10
0.00 9554.96
283.70 -38.66 -39.62 -57.08 336.35 258.19 21.83 0.10
0.00 10025.16
265.60 -41.66 -42.35 -55.27 338.45 262.38 24.88 0.10
0.00 10474.79
248.80 -44.86 -45.49 -66.51 339.80 266.03 28.03 0.10
0.00 10914.50
233.50 -47.66 -48.15 -66.97 341.77 261.67 30.83 0.00
0.00 11336.02
219.60 -49.56 -49.98 -67.41 344.89 259.10 31.86 0.00
0.00 11739.41
205.70 -51.16 -51.53 -67.88 348.88 258.00 31.78 0.00
0.00 12165.85
191.70 -53.06 -53.40 -73.19 352.88 256.13 31.60 0.10
0.00 12621.91
177.70 -55.26 -55.54 -73.70 357.01 254.44 31.86 0.10
0.00 13108.03
163.80 -57.76 -57.98 -74.24 361.22 252.82 30.91 0.00
0.00 13624.54
149.80 -60.46 -60.62 -74.84 365.91 250.24 29.31 0.00
0.00 14184.31
135.90 -62.96 -63.09 -75.48 371.81 253.44 29.99 0.00
0.00 14787.02
121.90 -64.16 -9999.00 -9999.00 -9999.00 252.57 24.63 -0.10
0.00 15454.01
108.00 -64.66 -9999.00 -9999.00 -9999.00 244.16 20.51 0.00
0.00 16193.76
94.00 -64.26 -9999.00 -9999.00 -9999.00 251.16 17.44 0.00
0.00 17041.86
81.00 -62.16 -9999.00 -9999.00 -9999.00 247.62 7.15 0.00
0.00 17956.56
70.60 -59.56 -9999.00 -9999.00 -9999.00 177.71 4.86 0.00
0.00 18810.48
62.20 -59.46 -9999.00 -9999.00 -9999.00 99.46 2.37 0.00
0.00 19602.65
54.30 -58.56 -9999.00 -9999.00 -9999.00 82.87 4.70 0.00
0.00 20454.06
46.90 -57.16 -9999.00 -9999.00 -9999.00 45.00 6.31 0.00
0.00 21377.32
40.10 -55.16 -9999.00 -9999.00 -9999.00 56.09 14.28 0.00
0.00 22372.25
33.80 -52.86 -9999.00 -9999.00 -9999.00 75.07 18.08 0.00
0.00 23468.59
27.80 -50.16 -9999.00 -9999.00 -9999.00 81.87 16.49 0.00
0.00 24736.45
22.30 -47.56 -9999.00 -9999.00 -9999.00 79.75 18.55 0.00
0.00 26183.76
17.10 -45.06 -9999.00 -9999.00 -9999.00 74.13 20.59 0.00
0.00 27946.72
12.30 -42.76 -9999.00 -9999.00 -9999.00 77.65 27.23 0.00
0.00 30157.58

STID = KMKE STNM = 726400 TIME = 200809/1200 
SLAT = 42.95 SLON = -87.90 SELV = 212.0
STIM = 18

SHOW = 0.73 LIFT = -2.84 SWET = 141.10 KINX = 23.68
LCLP = 968.88 PWAT = 35.92 TOTL = 46.98 CAPE = 862.57
LCLT = 293.43 CINS = -256.80 EQLV = 238.76 LFCT = 636.71
BRCH = 254.41

PRES TMPC TMWC DWPC THTE DRCT SKNT OMEG
CFRL HGHT
991.70 22.24 21.17 20.66 341.52 230.19 6.06 0.10
0.00 221.68
988.70 22.04 20.99 20.48 341.21 230.91 12.00 0.20
0.00 248.11
983.30 21.74 20.80 20.34 341.26 231.98 13.56 0.30
0.00 295.85
973.80 21.84 20.59 20.00 341.85 238.24 19.19 0.40
2.00 380.44
959.90 21.94 20.31 19.55 342.81 243.18 19.37 0.40
0.00 505.73
942.10 22.44 19.75 18.52 343.31 249.54 13.89 0.40
0.00 668.98
920.80 21.94 18.21 16.39 340.45 235.75 11.05 0.40
0.00 868.30
897.60 21.04 16.67 14.39 338.17 226.68 9.34 0.40
0.00 1090.01
872.40 20.14 14.71 11.57 334.92 223.09 8.24 0.30
0.00 1336.44
844.40 18.64 12.66 8.83 332.21 212.15 8.02 0.20
0.00 1617.33
813.50 16.94 10.55 6.01 330.16 206.57 9.98 0.20
0.00 1936.32
779.70 14.84 8.25 2.98 328.37 210.38 13.05 0.20
0.00 2296.81
743.10 12.54 5.89 -0.08 327.34 219.40 14.08 0.20
0.00 2701.87
703.50 10.34 3.39 -3.79 326.84 232.28 13.01 0.30
0.00 3159.34
661.10 7.04 1.18 -5.21 328.28 255.14 9.85 0.30
0.00 3673.43
615.70 2.14 -1.49 -5.59 329.69 268.88 9.91 0.30
0.00 4253.24
567.80 -3.46 -6.50 -10.98 326.82 270.94 11.85 0.30
0.00 4900.61
521.50 -7.66 -11.21 -18.58 325.70 256.17 13.00 0.10
0.00 5567.80
479.80 -10.96 -14.48 -23.54 327.73 245.94 11.91 -0.10
0.00 6212.00
442.40 -15.06 -17.53 -24.35 330.21 248.39 11.07 -0.20
0.00 6830.42
408.70 -19.76 -21.64 -28.22 330.61 242.53 10.96 -0.20
0.00 7423.93
378.20 -23.96 -26.23 -40.39 330.18 263.12 11.34 -0.10
0.00 7994.63
350.80 -28.16 -30.24 -54.07 330.77 259.61 11.85 0.00
0.00 8538.64
326.00 -32.66 -34.02 -49.41 331.81 246.90 14.36 0.00
0.00 9059.63
303.70 -35.56 -36.75 -54.16 334.31 253.12 18.07 0.10
0.00 9555.45
283.70 -38.46 -39.39 -54.73 336.72 253.86 23.06 0.10
0.00 10026.35
265.60 -41.76 -42.46 -56.36 338.26 257.97 24.22 0.10
0.00 10476.07
248.80 -44.76 -45.40 -66.51 339.95 257.04 27.70 0.00
0.00 10915.79
233.50 -47.46 -47.94 -63.98 342.12 256.31 31.20 0.00
0.00 11337.58
219.60 -49.26 -49.69 -67.41 345.35 257.47 34.03 -0.10
0.00 11741.43
205.70 -51.26 -51.62 -67.88 348.72 259.25 35.39 -0.10
0.00 12168.05
191.70 -53.76 -54.04 -68.39 351.81 259.46 33.99 -0.10
0.00 12623.29
177.70 -56.16 -56.41 -73.70 355.53 257.59 31.62 -0.10
0.00 13107.63
163.80 -58.56 -58.75 -74.24 359.88 255.51 29.49 0.00
0.00 13622.12
149.80 -61.36 -9999.00 -9999.00 -9999.00 251.82 28.01 0.00
0.00 14179.67
135.90 -63.66 -63.77 -75.48 370.58 253.07 28.01 0.00
0.00 14780.10
121.90 -64.36 -9999.00 -9999.00 -9999.00 246.09 22.53 0.00
0.00 15445.65
108.00 -64.36 -9999.00 -9999.00 -9999.00 234.78 20.20 0.00
0.00 16185.58
94.00 -63.66 -9999.00 -9999.00 -9999.00 246.97 16.88 0.00
0.00 17035.51
81.00 -61.66 -9999.00 -9999.00 -9999.00 253.14 6.70 0.00
0.00 17952.60
70.60 -60.26 -9999.00 -9999.00 -9999.00 203.20 4.43 0.00
0.00 18806.12
62.20 -60.26 -9999.00 -9999.00 -9999.00 116.57 2.18 0.00
0.00 19595.51
54.30 -58.66 -9999.00 -9999.00 -9999.00 86.99 3.69 0.00
0.00 20445.13
46.90 -57.06 -9999.00 -9999.00 -9999.00 64.80 7.30 0.00
0.00 21368.39
40.10 -56.26 -9999.00 -9999.00 -9999.00 64.41 15.29 0.00
0.00 22361.03
33.80 -53.76 -9999.00 -9999.00 -9999.00 75.19 17.48 0.00
0.00 23452.37
27.80 -50.56 -9999.00 -9999.00 -9999.00 91.27 17.48 0.00
0.00 24716.51
22.30 -47.26 -9999.00 -9999.00 -9999.00 84.75 19.11 0.00
0.00 26163.50
17.10 -43.96 -9999.00 -9999.00 -9999.00 77.15 22.71 0.00
0.00 27931.89
12.30 -42.16 -9999.00 -9999.00 -9999.00 71.44 27.47 0.00
0.00 30150.95

STID = KMKE STNM = 726400 TIME = 200809/1300 
SLAT = 42.95 SLON = -87.90 SELV = 212.0
STIM = 19

SHOW = 0.39 LIFT = -3.04 SWET = 143.12 KINX = 22.43
LCLP = 951.50 PWAT = 35.00 TOTL = 47.68 CAPE = 866.30
LCLT = 293.27 CINS = -314.73 EQLV = 231.67 LFCT = 631.88
BRCH = 857.01

PRES TMPC TMWC DWPC THTE DRCT SKNT OMEG
CFRL HGHT
990.90 23.54 21.63 20.78 343.56 220.03 6.33 0.10
0.00 221.73
988.00 23.14 21.39 20.60 342.99 219.29 8.28 0.10
0.00 247.40
982.50 22.64 21.13 20.43 342.72 220.10 9.65 0.20
0.00 296.23
973.10 22.24 20.60 19.84 341.99 226.15 13.73 0.20
0.00 380.18
959.20 21.34 20.04 19.42 341.83 227.20 14.30 0.20
9.00 505.51
941.30 22.04 19.59 18.46 342.78 229.51 10.47 0.10
9.00 669.52
920.10 21.84 18.08 16.24 340.07 216.61 8.47 0.00
0.00 867.89
896.90 21.14 16.52 14.09 337.73 200.92 7.07 -0.10
0.00 1089.74
871.80 20.14 14.65 11.47 334.81 193.63 6.60 -0.10
0.00 1335.40
843.80 18.84 12.67 8.71 332.33 190.44 7.50 -0.10
0.00 1616.57
812.90 17.24 10.42 5.49 329.83 199.13 10.08 0.00
0.00 1936.04
779.20 15.64 7.91 1.36 327.34 210.96 12.45 0.20
0.00 2296.30
742.60 13.74 5.70 -1.97 326.76 225.59 13.33 0.30
0.00 2702.87
703.10 11.34 3.58 -4.56 327.35 241.88 12.78 0.40
0.00 3161.11
660.70 7.34 1.42 -4.92 328.97 259.88 11.05 0.50
0.00 3676.66
615.40 2.24 -1.84 -6.65 328.86 266.42 12.45 0.40
0.00 4255.89
567.60 -3.16 -6.64 -11.96 326.52 267.06 15.17 0.30
0.00 4902.55
521.30 -7.66 -10.77 -16.72 326.68 262.15 17.06 0.00
0.00 5570.38
479.60 -11.56 -14.77 -22.99 327.22 250.48 16.28 -0.30
0.00 6214.17
442.30 -15.76 -18.15 -25.11 329.06 242.15 11.64 -0.40
0.00 6829.59
408.60 -20.36 -22.06 -28.11 329.89 237.62 9.42 -0.30
0.00 7421.72
378.20 -24.36 -26.38 -38.10 329.95 251.08 7.19 -0.10
0.00 7989.50
350.70 -28.36 -30.32 -50.23 330.69 241.39 7.30 0.00
0.00 8534.93
326.00 -32.16 -33.60 -49.41 332.50 241.82 12.33 0.10
0.00 9054.22
303.70 -34.66 -35.94 -53.18 335.62 247.65 18.90 0.00
0.00 9551.49
283.60 -37.96 -38.90 -52.86 337.56 249.55 24.46 0.00
0.00 10026.24
265.60 -41.36 -42.19 -63.02 338.67 253.15 28.83 -0.10
0.00 10474.42
248.70 -44.86 -45.49 -66.51 339.84 259.02 32.65 -0.10
0.00 10917.12
233.50 -48.06 -48.50 -63.98 341.21 260.43 32.69 -0.10
0.00 11335.60
219.60 -50.36 -50.71 -64.44 343.70 259.70 32.58 -0.10
0.00 11737.92
205.70 -52.46 -52.77 -67.88 346.83 258.22 32.34 -0.10
0.00 12162.34
191.70 -54.46 -54.72 -68.39 350.68 256.05 31.43 0.00
0.00 12615.62
177.70 -56.46 -56.70 -73.70 355.04 256.31 31.20 0.00
0.00 13098.86
163.80 -59.06 -59.24 -74.24 359.04 257.80 29.41 0.00
0.00 13612.38
149.80 -61.66 -61.80 -74.84 363.85 252.74 26.85 0.10
0.00 14168.89
135.90 -63.66 -9999.00 -9999.00 -9999.00 247.29 27.16 0.10
0.00 14768.89
121.90 -64.06 -9999.00 -9999.00 -9999.00 237.64 23.23 0.10
0.00 15434.92
108.00 -64.06 -9999.00 -9999.00 -9999.00 235.10 20.38 0.00
0.00 16175.91
94.00 -63.36 -9999.00 -9999.00 -9999.00 256.89 14.57 0.00
0.00 17027.07
81.00 -61.46 -9999.00 -9999.00 -9999.00 272.39 4.66 0.00
0.00 17945.24
70.60 -60.26 -9999.00 -9999.00 -9999.00 201.04 2.70 0.00
0.00 18799.17
62.20 -59.06 -9999.00 -9999.00 -9999.00 111.80 3.15 0.00
0.00 19590.78
54.30 -57.46 -9999.00 -9999.00 -9999.00 102.09 5.56 0.00
0.00 20445.17
46.90 -56.76 -9999.00 -9999.00 -9999.00 82.41 8.82 0.00
0.00 21371.65
40.10 -56.06 -9999.00 -9999.00 -9999.00 75.96 13.62 0.00
0.00 22365.43
33.80 -52.66 -9999.00 -9999.00 -9999.00 77.91 13.91 0.00
0.00 23460.02
27.80 -50.36 -9999.00 -9999.00 -9999.00 91.61 13.79 0.00
0.00 24727.88
22.30 -47.96 -9999.00 -9999.00 -9999.00 69.02 15.19 0.00
0.00 26173.26
17.10 -44.66 -9999.00 -9999.00 -9999.00 70.71 24.69 0.00
0.00 27936.21
12.30 -42.56 -9999.00 -9999.00 -9999.00 76.14 30.01 0.00
0.00 30149.96

STID = KMKE STNM = 726400 TIME = 200809/1400 
SLAT = 42.95 SLON = -87.90 SELV = 212.0
STIM = 20

SHOW = -0.54 LIFT = -3.74 SWET = 156.20 KINX = 22.96
LCLP = 934.96 PWAT = 35.12 TOTL = 49.08 CAPE = 1080.13
LCLT = 293.17 CINS = -308.55 EQLV = 224.50 LFCT = 636.05
BRCH = 191.23

PRES TMPC TMWC DWPC THTE DRCT SKNT OMEG
CFRL HGHT
991.00 24.94 22.15 20.97 345.79 201.16 6.45 0.10
0.00 221.77
988.00 24.44 21.86 20.74 344.97 200.56 8.29 0.10
0.00 248.46
982.60 23.84 21.55 20.55 344.51 201.37 9.60 0.10
0.00 296.60
973.10 22.94 21.11 20.29 344.11 201.41 10.64 0.10
0.00 381.72
959.20 22.04 20.28 19.46 342.79 202.69 11.58 0.10
2.00 507.37
941.40 21.14 19.49 18.71 342.36 202.33 11.75 0.10
13.00 670.42
920.10 20.94 18.25 16.95 340.76 196.39 10.33 0.10
8.00 869.15
896.90 20.74 16.70 14.61 338.42 181.27 8.74 0.00
1.00 1090.58
871.80 19.84 15.01 12.30 336.12 171.67 8.04 0.00
0.00 1336.01
843.80 18.84 13.05 9.45 333.62 178.73 8.74 0.10
0.00 1617.12
812.90 17.74 10.54 5.33 330.17 195.95 11.31 0.20
0.00 1936.90
779.20 16.44 7.71 -0.03 326.68 209.85 13.66 0.20
0.00 2297.90
742.60 14.64 5.68 -3.20 326.59 227.20 14.30 0.20
0.00 2705.56
703.10 11.84 3.79 -4.60 327.89 245.28 13.48 0.20
0.00 3164.87
660.70 7.54 1.50 -4.95 329.18 259.54 12.84 0.10
0.00 3681.05
615.40 2.34 -2.17 -7.72 328.04 265.76 15.77 0.00
0.00 4260.54
567.60 -3.26 -6.52 -11.38 326.81 268.11 17.68 -0.10
0.00 4907.17
521.30 -7.96 -11.00 -16.90 326.21 271.93 17.31 -0.10
0.00 5574.51
479.60 -11.96 -15.10 -23.35 326.58 259.38 15.81 -0.10
0.00 6217.44
442.30 -16.06 -18.37 -25.21 328.64 235.75 11.05 0.00
0.00 6832.02
408.70 -20.46 -22.34 -29.45 329.35 234.32 9.32 0.10
0.00 7421.84
378.20 -24.26 -26.49 -40.72 329.75 240.80 7.56 0.10
0.00 7991.38
350.70 -28.16 -30.12 -48.77 331.04 238.84 9.75 0.00
0.00 8537.13
326.00 -31.56 -33.11 -50.11 333.29 246.99 15.40 -0.20
0.00 9057.27
303.70 -34.86 -36.07 -51.47 335.42 250.76 21.81 -0.30
0.00 9554.97
283.60 -38.86 -39.64 -50.62 336.39 250.41 24.34 -0.30
0.00 10028.61
265.60 -42.26 -42.92 -56.36 337.53 253.64 25.51 -0.20
0.00 10475.08
248.80 -45.36 -45.96 -66.51 339.05 256.57 26.77 -0.10
0.00 10913.74
233.50 -48.26 -48.69 -63.98 340.91 252.81 28.26 0.00
0.00 11334.23
219.60 -50.36 -50.71 -64.44 343.70 251.57 30.11 0.00
0.00 11736.37
205.70 -52.26 -52.58 -67.88 347.15 251.90 31.27 0.00
0.00 12160.99
191.70 -54.36 -54.62 -68.39 350.84 254.80 32.61 0.00
0.00 12614.58
177.70 -56.76 -56.99 -73.70 354.55 256.90 31.70 0.00
0.00 13097.59
163.80 -59.06 -59.24 -74.24 359.04 254.16 29.88 0.10
0.00 13610.76
149.80 -61.16 -61.31 -74.84 364.71 246.64 27.93 0.10
0.00 14167.92
135.90 -63.06 -9999.00 -9999.00 -9999.00 242.06 29.02 0.10
0.00 14769.49
121.90 -63.96 -9999.00 -9999.00 -9999.00 240.77 24.26 0.00
0.00 15436.64
108.00 -63.66 -9999.00 -9999.00 -9999.00 247.98 18.65 0.00
0.00 16178.51
94.00 -62.86 -9999.00 -9999.00 -9999.00 269.17 13.40 0.00
0.00 17031.49
81.00 -61.26 -9999.00 -9999.00 -9999.00 262.23 4.31 0.00
0.00 17951.20
70.60 -60.56 -9999.00 -9999.00 -9999.00 218.16 3.46 0.00
0.00 18804.92
62.20 -58.26 -9999.00 -9999.00 -9999.00 108.43 3.07 0.00
0.00 19597.46
54.30 -56.86 -9999.00 -9999.00 -9999.00 113.20 8.88 0.00
0.00 20454.64
46.90 -56.96 -9999.00 -9999.00 -9999.00 101.31 9.91 0.00
0.00 21381.97
40.10 -55.16 -9999.00 -9999.00 -9999.00 89.16 13.21 0.00
0.00 22377.35
33.80 -52.36 -9999.00 -9999.00 -9999.00 96.91 12.92 0.00
0.00 23474.95
27.80 -50.36 -9999.00 -9999.00 -9999.00 88.18 12.24 0.00
0.00 24743.66
22.30 -47.76 -9999.00 -9999.00 -9999.00 64.33 16.59 0.00
0.00 26189.69
17.10 -44.16 -9999.00 -9999.00 -9999.00 65.10 23.99 0.00
0.00 27955.36
12.30 -42.26 -9999.00 -9999.00 -9999.00 71.79 31.70 0.00
0.00 30172.97

STID = KMKE STNM = 726400 TIME = 200809/1500 
SLAT = 42.95 SLON = -87.90 SELV = 212.0
STIM = 21

SHOW = -0.85 LIFT = -4.18 SWET = 174.54 KINX = 23.34
LCLP = 917.66 PWAT = 35.15 TOTL = 49.47 CAPE = 1309.90
LCLT = 292.87 CINS = -285.09 EQLV = 218.19 LFCT = 642.67
BRCH = 130.62

PRES TMPC TMWC DWPC THTE DRCT SKNT OMEG
CFRL HGHT
991.20 26.24 22.52 20.97 347.34 191.00 7.13 0.10
0.00 221.81
988.20 25.54 22.16 20.73 346.24 190.08 8.88 0.10
0.00 248.60
982.80 24.94 21.86 20.55 345.81 190.01 10.06 0.10
0.00 296.91
973.30 24.04 21.43 20.30 345.44 190.12 11.05 0.10
0.00 382.33
959.40 22.74 20.83 19.98 345.08 190.39 11.85 0.10
0.00 508.36
941.60 21.54 19.66 18.78 343.00 190.78 12.45 0.10
0.00 671.70
920.30 20.04 18.65 17.97 342.29 191.48 12.68 0.10
22.00 870.27
897.10 19.94 16.93 15.40 339.27 182.05 10.88 0.10
12.00 1091.11
871.90 19.74 15.32 12.90 337.23 168.47 9.71 0.00
4.00 1337.18
843.90 19.24 13.32 9.69 334.51 178.96 10.68 0.00
2.00 1618.45
813.00 18.54 10.50 4.54 329.96 196.39 13.77 0.00
0.00 1938.83
779.30 17.04 7.59 -1.10 326.22 208.50 15.46 0.00
0.00 2300.57
742.70 15.14 5.67 -3.94 326.47 229.24 14.88 -0.10
0.00 2708.88
703.20 12.04 3.92 -4.49 328.21 249.44 13.29 -0.10
0.00 3168.66
660.80 7.74 1.49 -5.25 329.12 265.79 13.25 -0.10
0.00 3685.13
615.40 2.34 -2.21 -7.84 327.94 270.70 15.93 -0.10
0.00 4266.03
567.70 -3.36 -6.39 -10.81 327.09 264.59 18.53 0.00
0.00 4911.15
521.30 -7.86 -11.30 -18.44 325.55 266.70 20.24 0.00
0.00 5579.86
479.60 -11.86 -15.59 -26.85 325.58 260.44 18.71 -0.10
0.00 6222.92
442.30 -16.06 -18.37 -25.21 328.64 233.97 13.21 -0.10
0.00 6837.55
408.70 -20.46 -22.55 -30.97 328.96 229.94 11.17 -0.10
0.00 7427.35
378.20 -24.36 -26.60 -41.40 329.54 229.40 8.95 -0.10
0.00 7996.76
350.70 -28.46 -30.34 -48.11 330.67 231.91 9.13 -0.10
0.00 8542.06
326.00 -32.16 -33.62 -50.11 332.46 239.89 11.23 -0.10
0.00 9061.25
303.70 -35.46 -36.57 -50.72 334.62 242.18 15.81 0.00
0.00 9557.70
283.60 -39.06 -39.79 -49.98 336.14 242.51 21.46 0.00
0.00 10030.55
265.60 -41.86 -42.63 -60.81 337.98 249.03 24.96 0.00
0.00 10477.20
248.80 -45.06 -45.65 -63.51 339.55 250.12 26.85 0.00
0.00 10916.53
233.50 -48.06 -48.50 -63.98 341.21 246.90 28.73 0.00
0.00 11337.49
219.60 -50.26 -50.62 -64.44 343.85 247.66 30.65 0.00
0.00 11739.90
205.70 -52.26 -52.58 -67.88 347.15 252.00 32.67 0.00
0.00 12164.61
191.70 -54.56 -54.84 -73.19 350.48 253.23 31.64 0.10
0.00 12617.99
177.70 -56.36 -56.60 -73.70 355.20 249.99 31.22 0.10
0.00 13101.22
163.80 -58.26 -58.46 -74.24 360.38 247.87 31.45 0.10
0.00 13615.82
149.80 -60.66 -60.82 -74.84 365.57 244.92 30.24 0.10
0.00 14174.68
135.90 -62.86 -9999.00 -9999.00 -9999.00 243.94 29.62 0.00
0.00 14777.25
121.90 -63.96 -9999.00 -9999.00 -9999.00 247.59 23.95 0.00
0.00 15444.71
108.00 -63.76 -9999.00 -9999.00 -9999.00 250.39 17.95 0.00
0.00 16186.41
94.00 -63.36 -9999.00 -9999.00 -9999.00 260.84 12.20 0.00
0.00 17038.17
81.00 -61.86 -9999.00 -9999.00 -9999.00 223.53 5.36 0.00
0.00 17955.48
70.60 -60.66 -9999.00 -9999.00 -9999.00 203.75 5.30 0.00
0.00 18807.79
62.20 -57.36 -9999.00 -9999.00 -9999.00 152.24 4.18 0.00
0.00 19601.82
54.30 -56.56 -9999.00 -9999.00 -9999.00 138.01 7.85 0.00
0.00 20461.38
46.90 -56.66 -9999.00 -9999.00 -9999.00 95.91 5.67 0.00
0.00 21390.00
40.10 -54.36 -9999.00 -9999.00 -9999.00 84.64 12.49 0.00
0.00 22387.90
33.80 -52.96 -9999.00 -9999.00 -9999.00 96.05 12.90 0.00
0.00 23486.00
27.80 -50.16 -9999.00 -9999.00 -9999.00 72.35 13.46 0.00
0.00 24753.57
22.30 -47.16 -9999.00 -9999.00 -9999.00 67.09 20.45 0.00
0.00 26202.17
17.10 -43.66 -9999.00 -9999.00 -9999.00 67.59 23.95 0.00
0.00 27972.12
12.30 -41.46 -9999.00 -9999.00 -9999.00 69.15 30.56 0.00
0.00 30196.01
STN YYMMDD/HHMM PMSL PRES SKTC STC1 SNFL WTNS
P01M C01M STC2 LCLD MCLD HCLD
SNRA UWND VWND R01M BFGR T2MS
Q2MS WXTS WXTP WXTZ WXTR USTM
VSTM HLCY SLLH WSYM CDBP VSBK
TD2M
726400 200808/1800 1017.70 993.30 35.04 308.20 -9999.00 0.00
-9999.00 -9999.00 306.60 27.00 0.00 0.00
-9999.00 0.20 4.90 -9999.00 -9999.00 28.54
14.96 0.00 0.00 0.00 0.00 2.50
-2.00 69.80 -9999.00 999.00 -9999.00 20.00
19.90
726400 200808/1900 1017.70 993.30 35.44 308.60 0.00 100.00
0.00 0.00 307.40 32.00 2.00 0.00
-9999.00 -0.30 4.10 -9999.00 -9999.00 29.54
14.85 0.00 0.00 0.00 0.00 4.20
-3.40 71.20 -9999.00 999.00 -9999.00 20.00
19.79
726400 200808/2000 1016.70 992.30 35.54 308.70 0.00 100.00
0.00 0.00 307.70 17.00 3.00 0.00
-9999.00 -0.30 4.40 -9999.00 -9999.00 30.04
14.98 0.00 0.00 0.00 0.00 4.60
-4.30 81.10 -9999.00 999.00 -9999.00 20.00
19.91
726400 200808/2100 1015.70 991.30 34.94 308.10 0.00 100.00
0.00 0.00 307.30 16.00 0.00 0.00
-9999.00 -0.10 5.10 -9999.00 -9999.00 30.34
15.06 0.00 0.00 0.00 0.00 2.30
-3.00 114.90 -9999.00 999.00 -9999.00 20.00
19.98
726400 200808/2200 1014.50 990.20 33.64 306.80 0.00 100.00
0.00 0.00 306.20 12.00 2.00 0.00
-9999.00 1.00 5.60 -9999.00 -9999.00 30.54
15.14 0.00 0.00 0.00 0.00 1.00
-1.10 159.50 -9999.00 999.00 -9999.00 20.00
20.04
726400 200808/2300 1014.70 990.40 32.14 305.30 0.00 100.00
0.00 0.00 305.00 0.00 1.00 0.00
-9999.00 2.60 4.40 -9999.00 -9999.00 30.64
15.11 0.00 0.00 0.00 0.00 0.30
-0.70 125.50 -9999.00 999.00 -9999.00 20.00
20.01
726400 200809/0000 1015.60 991.30 29.84 303.00 0.00 100.00
0.00 0.00 303.10 3.00 0.00 0.00
-9999.00 2.50 3.60 -9999.00 -9999.00 29.84
15.16 0.00 0.00 0.00 0.00 -0.10
-0.70 96.40 -9999.00 999.00 -9999.00 20.00
20.08
726400 200809/0100 1016.50 992.10 27.04 300.20 0.00 100.00
0.00 0.00 300.70 0.00 0.00 0.00
-9999.00 1.40 2.50 -9999.00 -9999.00 27.94
15.51 0.00 0.00 0.00 0.00 0.00
-0.90 98.00 -9999.00 999.00 -9999.00 20.00
20.45
726400 200809/0200 1016.00 991.60 25.44 298.60 0.00 100.00
0.00 0.00 299.00 0.00 0.00 0.00
-9999.00 0.50 2.80 -9999.00 -9999.00 26.14
15.89 0.00 0.00 0.00 0.00 -0.30
-1.00 101.60 -9999.00 999.00 -9999.00 20.00
20.83
726400 200809/0300 1016.10 991.60 24.44 297.60 0.00 100.00
0.00 0.00 298.00 0.00 0.00 0.00
-9999.00 0.50 3.20 -9999.00 -9999.00 25.34
15.81 0.00 0.00 0.00 0.00 -0.80
-0.20 87.20 -9999.00 999.00 -9999.00 20.00
20.75
726400 200809/0400 1016.20 991.70 23.64 296.80 0.00 100.00
0.00 0.00 297.20 0.00 0.00 0.00
-9999.00 0.90 3.00 -9999.00 -9999.00 24.54
15.77 0.00 0.00 0.00 0.00 -1.10
0.20 71.70 -9999.00 999.00 -9999.00 20.00
20.71
726400 200809/0500 1016.70 992.10 23.04 296.20 0.00 100.00
0.00 0.00 296.60 0.00 0.00 0.00
-9999.00 1.30 2.90 -9999.00 -9999.00 23.84
15.80 0.00 0.00 0.00 0.00 -1.40
1.40 58.20 -9999.00 999.00 -9999.00 20.00
20.75
726400 200809/0600 1017.40 992.80 22.54 295.70 0.00 100.00
0.00 0.00 296.00 0.00 0.00 0.00
-9999.00 1.80 2.60 -9999.00 -9999.00 23.34
15.62 0.00 0.00 0.00 0.00 -1.40
3.20 52.20 -9999.00 999.00 -9999.00 20.00
20.58
726400 200809/0700 1017.10 992.50 22.14 295.30 0.00 100.00
0.00 0.00 295.60 0.00 0.00 0.00
-9999.00 1.90 2.80 -9999.00 -9999.00 22.94
15.48 0.00 0.00 0.00 0.00 -1.40
4.30 53.80 -9999.00 999.00 -9999.00 20.00
20.43
726400 200809/0800 1016.50 991.90 22.04 295.20 0.00 100.00
0.00 0.00 295.40 0.00 0.00 0.00
-9999.00 2.40 2.80 -9999.00 -9999.00 22.74
15.72 0.00 0.00 0.00 0.00 -1.30
5.00 15.50 -9999.00 999.00 -9999.00 20.00
20.66
726400 200809/0900 1016.50 991.90 21.64 294.80 0.00 100.00
0.00 0.00 295.10 0.00 0.00 0.00
-9999.00 1.90 2.60 -9999.00 -9999.00 22.24
15.82 0.00 0.00 0.00 0.00 -1.90
3.90 26.10 -9999.00 999.00 -9999.00 20.00
20.76
726400 200809/1000 1017.20 992.50 21.14 294.30 0.00 100.00
0.00 0.00 294.60 3.00 0.00 0.00
-9999.00 1.80 2.10 -9999.00 -9999.00 21.54
15.78 0.00 0.00 0.00 0.00 -2.10
3.80 23.40 -9999.00 999.00 -9999.00 20.00
20.73
726400 200809/1100 1017.60 993.00 20.94 294.10 0.00 100.00
0.00 0.00 294.40 11.00 0.00 0.00
-9999.00 2.40 1.90 -9999.00 -9999.00 21.34
15.66 0.00 0.00 0.00 0.00 -0.30
7.80 20.80 -9999.00 999.00 -9999.00 20.00
20.62
726400 200809/1200 1017.50 992.80 22.34 295.50 0.00 100.00
0.00 0.00 295.30 2.00 0.00 0.00
-9999.00 2.20 2.00 -9999.00 -9999.00 21.94
15.80 0.00 0.00 0.00 0.00 -0.30
8.40 31.70 -9999.00 999.00 -9999.00 20.00
20.76
726400 200809/1300 1016.60 992.00 25.14 298.30 0.00 100.00
0.00 0.00 297.60 9.00 0.00 0.00
-9999.00 1.90 2.50 -9999.00 -9999.00 23.54
16.06 0.00 0.00 0.00 0.00 -1.60
-1.40 33.10 -9999.00 999.00 -9999.00 20.00
21.00
726400 200809/1400 1016.60 992.10 28.04 301.20 0.00 100.00
0.00 0.00 300.20 13.00 0.00 0.00
-9999.00 1.10 3.10 -9999.00 -9999.00 25.14
16.35 0.00 0.00 0.00 0.00 0.20
-2.90 44.90 -9999.00 999.00 -9999.00 20.00
21.29
726400 200809/1500 1016.80 992.30 30.34 303.50 0.00 100.00
0.00 0.00 302.40 22.00 0.00 0.00
-9999.00 0.40 3.70 -9999.00 -9999.00 26.54
16.38 0.00 0.00 0.00 0.00 2.00
-3.40 62.40 -9999.00 999.00 -9999.00 20.00
21.32


