
SNPARM = PRES;TMPC;TMWC;DWPC;THTE;DRCT;SKNT;OMEG;CFRL;HGHT 
STNPRM = SHOW;LIFT;SWET;KINX;LCLP;PWAT;TOTL;CAPE;LCLT;CINS;EQLV;LFCT;BRCH 

STID = KMKE STNM = 726400 TIME = 200808/1600 
SLAT = 42.95 SLON = -87.90 SELV = 212.0
STIM = 0

SHOW = -3.23 LIFT = -1.88 SWET = 403.24 KINX = 37.90
LCLP = 879.16 PWAT = 44.24 TOTL = 50.42 CAPE = 112.11
LCLT = 288.83 CINS = -222.11 EQLV = 343.27 LFCT = 581.24
BRCH = 6.06

PRES TMPC TMWC DWPC THTE DRCT SKNT OMEG
CFRL HGHT
993.40 25.94 20.30 17.61 337.66 194.30 10.22 0.10
0.00 221.76
990.40 25.34 19.97 17.37 336.80 193.19 12.76 0.00
0.00 248.42
985.00 24.84 19.77 17.32 336.85 193.47 14.18 0.00
0.00 296.51
975.60 24.04 19.41 17.15 336.82 193.32 15.17 -0.10
0.00 380.68
961.70 22.74 18.65 16.61 335.97 194.53 16.26 -0.10
0.00 506.19
943.90 21.14 17.82 16.13 335.50 200.49 18.86 -0.10
0.00 668.77
922.50 20.04 17.99 16.97 339.36 208.61 21.91 -0.10
0.00 867.47
899.30 19.04 18.04 17.53 343.21 216.36 21.95 0.00
6.00 1087.49
874.10 17.54 16.87 16.50 342.72 222.36 17.87 0.10
12.00 1331.99
845.90 15.94 15.21 14.79 341.04 228.21 17.19 0.10
23.00 1612.45
814.80 14.84 13.60 12.90 340.35 232.24 17.44 0.10
12.00 1931.13
780.80 13.24 11.93 11.16 340.22 230.66 15.33 0.10
0.00 2291.86
744.00 10.54 9.83 9.36 339.44 234.46 13.36 0.10
16.00 2697.19
704.20 8.04 6.57 5.50 336.07 249.55 12.24 0.10
7.00 3154.20
661.50 5.74 2.34 -0.79 331.43 254.65 10.28 0.10
0.00 3669.06
616.00 1.74 -1.94 -6.23 328.54 280.71 7.32 0.10
0.00 4248.28
568.10 -2.86 -7.14 -14.36 325.26 303.18 12.06 0.10
0.00 4895.39
521.80 -7.66 -12.32 -24.75 323.27 301.69 18.49 0.10
0.00 5562.68
480.00 -11.46 -15.39 -27.34 325.86 290.14 18.63 0.00
0.00 6207.28
442.60 -14.96 -18.17 -28.87 328.87 267.08 19.06 -0.10
0.00 6824.81
408.90 -19.26 -20.60 -24.51 332.51 254.70 21.35 -0.10
20.00 7418.73
378.30 -23.96 -24.75 -27.63 332.85 241.23 22.61 0.00
82.00 7991.85
350.80 -27.66 -29.10 -37.85 332.79 237.30 21.93 0.10
44.00 8538.51
326.10 -30.16 -32.16 -69.54 334.73 243.43 19.99 0.10
0.00 9060.56
303.80 -32.96 -9999.00 -9999.00 -9999.00 248.10 20.30 0.10
0.00 9561.48
283.70 -36.26 -9999.00 -9999.00 -9999.00 251.08 21.56 0.00
0.00 10039.44
265.60 -39.36 -9999.00 -9999.00 -9999.00 250.66 19.35 0.00
0.00 10493.59
248.80 -42.46 -43.30 -71.42 343.32 233.43 15.00 -0.10
0.00 10937.78
233.60 -45.66 -46.30 -71.85 344.72 207.61 14.26 -0.10
0.00 11360.51
219.60 -48.76 -49.24 -72.27 346.08 212.47 17.74 -0.10
0.00 11769.25
205.70 -51.66 -52.03 -72.71 348.05 233.38 26.38 -0.10
0.00 12195.97
191.70 -53.76 -54.07 -73.19 351.76 246.94 32.73 0.00
0.00 12650.79
177.70 -55.66 -55.92 -73.70 356.35 259.22 33.22 0.00
0.00 13135.69
163.80 -58.36 -58.56 -74.24 360.21 272.03 32.85 -0.10
0.00 13651.00
149.80 -61.56 -61.70 -74.84 364.02 283.54 32.36 -0.10
0.00 14208.55
135.90 -64.56 -64.66 -75.48 368.98 291.21 31.66 -0.10
0.00 14807.42
121.90 -65.86 -9999.00 -9999.00 -9999.00 289.89 29.12 0.00
0.00 15469.16
108.00 -64.16 -9999.00 -9999.00 -9999.00 288.97 19.72 0.00
0.00 16206.78
94.00 -62.36 -9999.00 -9999.00 -9999.00 281.51 10.70 0.00
0.00 17059.76
81.00 -61.66 -9999.00 -9999.00 -9999.00 263.21 8.22 0.00
0.00 17979.68
70.60 -59.66 -9999.00 -9999.00 -9999.00 276.01 3.71 0.00
0.00 18834.41
62.20 -58.16 -9999.00 -9999.00 -9999.00 59.42 4.97 0.00
0.00 19628.80
54.30 -56.96 -9999.00 -9999.00 -9999.00 87.14 7.77 0.00
0.00 20485.98
46.90 -55.46 -9999.00 -9999.00 -9999.00 79.85 13.23 0.00
0.00 21416.32
40.10 -54.96 -9999.00 -9999.00 -9999.00 72.44 16.10 0.00
0.00 22415.60
33.80 -53.46 -9999.00 -9999.00 -9999.00 68.55 17.52 0.00
0.00 23510.94
27.80 -51.76 -9999.00 -9999.00 -9999.00 69.01 17.89 0.00
0.00 24772.51
22.30 -49.16 -9999.00 -9999.00 -9999.00 70.20 20.65 0.00
0.00 26209.50
17.10 -45.56 -9999.00 -9999.00 -9999.00 81.09 26.34 0.00
0.00 27964.29
12.30 -42.26 -9999.00 -9999.00 -9999.00 82.01 34.91 0.00
0.00 30175.15

STID = KMKE STNM = 726400 TIME = 200808/1700 
SLAT = 42.95 SLON = -87.90 SELV = 212.0
STIM = 1

SHOW = -3.61 LIFT = -3.56 SWET = 432.87 KINX = 37.74
LCLP = 873.75 PWAT = 43.97 TOTL = 51.53 CAPE = 484.38
LCLT = 289.73 CINS = -120.61 EQLV = 307.31 LFCT = 634.69
BRCH = 22.85

PRES TMPC TMWC DWPC THTE DRCT SKNT OMEG
CFRL HGHT
992.70 27.34 21.32 18.61 341.90 192.17 10.14 0.10
0.00 220.93
989.60 26.74 20.98 18.35 340.97 191.80 13.29 0.00
0.00 248.64
984.20 26.04 20.65 18.16 340.43 191.89 15.09 0.00
0.00 297.00
974.80 25.14 20.24 17.96 340.21 191.58 16.45 -0.10
0.00 381.60
960.90 23.84 19.67 17.70 340.03 192.80 17.52 -0.20
0.00 507.74
943.00 22.24 18.95 17.38 339.95 195.20 18.51 -0.20
0.00 672.08
921.80 20.54 18.20 17.05 340.27 209.68 22.36 -0.10
0.00 869.70
898.50 19.64 18.00 17.20 343.20 216.59 23.47 0.00
0.00 1091.25
873.30 17.54 16.98 16.67 343.30 221.92 22.98 0.10
38.00 1336.21
845.20 16.24 14.98 14.29 340.32 226.43 21.99 0.20
35.00 1616.05
814.10 15.54 13.18 11.83 338.94 232.59 20.78 0.20
7.00 1935.44
780.20 13.74 11.70 10.49 339.51 234.61 18.10 0.20
0.00 2296.02
743.40 10.84 9.78 9.09 339.37 234.38 16.01 0.20
13.00 2702.16
703.70 8.34 6.50 5.16 335.95 247.44 13.68 0.20
9.00 3158.80
661.10 6.14 1.97 -2.05 330.48 257.83 10.14 0.10
0.00 3673.33
615.70 1.74 -2.08 -6.61 328.24 282.20 7.36 0.00
0.00 4251.92
567.80 -3.36 -6.57 -11.37 326.66 303.42 11.64 -0.10
0.00 4898.86
521.50 -8.26 -11.57 -18.51 324.99 302.81 17.56 -0.10
0.00 5565.41
479.80 -12.06 -15.29 -24.01 326.18 291.80 18.82 -0.10
0.00 6207.52
442.40 -15.46 -18.91 -32.26 327.50 278.94 17.50 0.00
0.00 6824.03
408.70 -19.76 -22.03 -30.97 329.88 257.62 16.32 0.00
0.00 7416.93
378.20 -24.06 -25.93 -35.58 330.75 237.48 18.43 0.10
17.00 7987.51
350.80 -27.16 -29.46 -56.84 332.04 242.10 18.69 0.10
0.00 8532.54
326.00 -29.66 -9999.00 -9999.00 -9999.00 255.11 18.90 0.00
0.00 9057.79
303.70 -33.16 -9999.00 -9999.00 -9999.00 255.00 19.50 -0.10
0.00 9559.18
283.70 -36.66 -9999.00 -9999.00 -9999.00 255.96 20.82 -0.20
0.00 10034.25
265.60 -39.76 -40.79 -70.97 340.92 254.84 21.54 -0.20
0.00 10487.62
248.80 -42.66 -43.48 -71.42 343.03 247.73 22.05 -0.20
0.00 10931.25
233.60 -45.66 -46.28 -66.97 344.76 239.64 22.28 -0.20
0.00 11353.79
219.60 -48.76 -49.22 -67.41 346.12 236.82 24.15 -0.10
0.00 11762.54
205.70 -51.66 -52.01 -67.88 348.09 243.26 28.50 -0.10
0.00 12189.25
191.70 -53.86 -54.16 -73.19 351.60 252.33 32.01 0.00
0.00 12643.98
177.70 -55.76 -56.02 -73.70 356.19 262.92 31.51 0.00
0.00 13128.65
163.80 -58.46 -58.66 -74.24 360.04 274.03 30.38 0.00
0.00 13643.73
149.80 -61.66 -61.80 -74.84 363.85 285.89 29.08 0.00
0.00 14201.02
135.90 -64.46 -64.56 -75.48 369.16 290.60 27.60 0.00
0.00 14799.88
121.90 -64.96 -9999.00 -9999.00 -9999.00 289.68 25.37 0.00
0.00 15463.21
108.00 -63.26 -9999.00 -9999.00 -9999.00 290.32 16.78 0.00
0.00 16204.03
94.00 -62.36 -9999.00 -9999.00 -9999.00 274.57 9.75 0.00
0.00 17058.83
81.00 -61.96 -9999.00 -9999.00 -9999.00 270.00 7.77 0.00
0.00 17978.10
70.60 -60.16 -9999.00 -9999.00 -9999.00 335.56 2.35 0.00
0.00 18831.22
62.20 -58.86 -9999.00 -9999.00 -9999.00 77.47 5.38 0.00
0.00 19623.39
54.30 -56.96 -9999.00 -9999.00 -9999.00 97.91 7.05 0.00
0.00 20479.17
46.90 -55.66 -9999.00 -9999.00 -9999.00 85.39 12.08 0.00
0.00 21409.08
40.10 -54.66 -9999.00 -9999.00 -9999.00 79.85 13.23 0.00
0.00 22408.59
33.80 -52.66 -9999.00 -9999.00 -9999.00 68.63 14.39 0.00
0.00 23506.68
27.80 -50.76 -9999.00 -9999.00 -9999.00 67.07 16.45 0.00
0.00 24773.40
22.30 -48.66 -9999.00 -9999.00 -9999.00 70.42 21.45 0.00
0.00 26215.23
17.10 -45.36 -9999.00 -9999.00 -9999.00 80.80 27.95 0.00
0.00 27972.74
12.30 -41.96 -9999.00 -9999.00 -9999.00 89.41 37.49 0.00
0.00 30186.02

STID = KMKE STNM = 726400 TIME = 200808/1800 
SLAT = 42.95 SLON = -87.90 SELV = 212.0
STIM = 2

SHOW = -3.66 LIFT = -4.32 SWET = 430.40 KINX = 38.95
LCLP = 861.49 PWAT = 43.69 TOTL = 51.76 CAPE = 754.59
LCLT = 289.84 CINS = -55.90 EQLV = 265.20 LFCT = 733.09
BRCH = 48.02

PRES TMPC TMWC DWPC THTE DRCT SKNT OMEG
CFRL HGHT
992.40 28.64 21.90 18.94 344.34 201.37 9.60 0.10
0.00 221.87
989.40 27.84 21.51 18.70 343.20 201.30 12.30 0.00
0.00 248.80
984.00 27.24 21.23 18.53 342.83 200.75 13.71 -0.10
0.00 297.37
974.60 26.24 20.79 18.33 342.49 199.86 14.88 -0.20
0.00 382.33
960.70 25.04 20.25 18.06 342.40 201.14 15.62 -0.40
0.00 509.00
942.90 23.34 19.50 17.72 342.15 202.93 16.45 -0.60
0.00 673.12
921.60 21.44 18.60 17.24 341.87 210.26 18.88 -0.60
0.00 872.40
898.30 20.24 17.70 16.46 342.04 221.84 22.42 -0.70
0.00 1094.54
873.10 18.04 16.71 16.03 342.28 227.63 23.93 -0.60
14.00 1339.93
845.00 16.24 14.94 14.23 340.21 232.28 26.03 -0.60
31.00 1620.03
814.00 15.34 12.57 10.94 336.86 236.94 24.57 -0.60
4.00 1938.27
780.10 13.74 11.25 9.73 337.98 243.68 20.16 -0.60
0.00 2298.64
743.30 10.84 9.82 9.17 339.55 242.00 17.39 -0.70
0.00 2704.78
703.60 7.94 6.77 5.93 336.80 248.91 14.57 -0.60
8.00 3161.23
661.00 6.04 2.05 -1.76 330.71 262.18 10.00 -0.50
0.00 3675.46
615.60 1.84 -2.04 -6.65 328.34 287.35 6.51 -0.40
0.00 4254.16
567.80 -3.86 -6.06 -9.05 327.86 308.83 10.22 -0.10
0.00 4899.43
521.40 -8.66 -11.33 -16.54 325.52 296.27 16.69 0.10
0.00 5566.54
479.70 -11.96 -15.83 -28.14 325.09 285.09 17.91 0.20
0.00 6208.41
442.30 -15.16 -19.07 -36.82 327.14 270.00 13.79 0.20
0.00 6825.42
408.70 -19.56 -22.54 -37.87 328.87 247.09 14.98 0.20
0.00 7417.11
378.20 -23.56 -26.27 -48.81 330.02 239.66 18.45 0.10
0.00 7988.36
350.80 -26.76 -29.22 -69.02 332.41 250.22 18.38 -0.10
0.00 8534.31
326.00 -30.16 -9999.00 -9999.00 -9999.00 252.90 18.49 -0.10
0.00 9059.45
303.70 -33.66 -35.25 -70.03 336.68 247.56 19.33 -0.10
0.00 9559.80
283.70 -36.96 -38.20 -65.55 338.62 247.07 21.93 0.00
0.00 10034.07
265.60 -39.96 -40.92 -63.02 340.72 248.28 25.72 0.00
0.00 10486.97
248.80 -42.66 -43.41 -61.32 343.16 248.57 28.17 0.00
0.00 10930.41
233.60 -45.56 -46.13 -61.80 345.00 250.76 30.65 0.00
0.00 11353.06
219.60 -48.46 -48.91 -64.44 346.63 250.42 30.71 0.00
0.00 11762.16
205.70 -50.96 -51.34 -67.88 349.19 250.02 31.84 0.00
0.00 12189.84
191.70 -52.96 -53.30 -73.19 353.04 256.93 33.51 0.00
0.00 12646.21
177.80 -55.26 -55.54 -73.70 356.95 267.63 32.85 0.00
0.00 13128.83
163.80 -58.36 -58.56 -74.24 360.21 277.52 31.16 0.00
0.00 13648.19
149.80 -61.76 -61.90 -74.84 363.68 285.57 28.22 0.00
0.00 14205.48
135.90 -64.16 -64.26 -75.48 369.69 287.76 26.11 0.00
0.00 14804.63
121.90 -64.46 -9999.00 -9999.00 -9999.00 289.03 23.83 0.00
0.00 15469.23
108.00 -63.46 -9999.00 -9999.00 -9999.00 286.23 15.99 0.00
0.00 16210.58
94.00 -62.96 -9999.00 -9999.00 -9999.00 260.91 9.83 0.00
0.00 17063.76
81.00 -62.06 -9999.00 -9999.00 -9999.00 268.15 6.02 0.00
0.00 17981.50
70.60 -59.96 -9999.00 -9999.00 -9999.00 60.26 1.57 0.00
0.00 18834.82
62.20 -58.76 -9999.00 -9999.00 -9999.00 116.57 4.35 0.00
0.00 19627.55
54.30 -57.06 -9999.00 -9999.00 -9999.00 100.89 5.15 0.00
0.00 20483.33
46.90 -56.36 -9999.00 -9999.00 -9999.00 85.76 10.51 0.00
0.00 21411.53
40.10 -55.26 -9999.00 -9999.00 -9999.00 87.09 11.48 0.00
0.00 22408.05
33.80 -52.86 -9999.00 -9999.00 -9999.00 69.35 14.32 0.00
0.00 23504.15
27.80 -50.46 -9999.00 -9999.00 -9999.00 71.75 18.61 0.00
0.00 24771.15
22.30 -47.76 -9999.00 -9999.00 -9999.00 78.11 22.63 0.00
0.00 26216.85
17.10 -44.56 -9999.00 -9999.00 -9999.00 82.10 26.86 0.00
0.00 27980.97
12.30 -41.66 -9999.00 -9999.00 -9999.00 91.42 31.27 0.00
0.00 30199.55

STID = KMKE STNM = 726400 TIME = 200808/1900 
SLAT = 42.95 SLON = -87.90 SELV = 212.0
STIM = 3

SHOW = -3.15 LIFT = -4.50 SWET = 404.52 KINX = 37.51
LCLP = 848.37 PWAT = 42.59 TOTL = 51.24 CAPE = 905.63
LCLT = 289.55 CINS = -43.10 EQLV = 257.48 LFCT = 731.89
BRCH = 65.67

PRES TMPC TMWC DWPC THTE DRCT SKNT OMEG
CFRL HGHT
992.10 29.64 22.15 18.89 345.44 208.14 9.48 0.10
0.00 222.80
989.10 28.94 21.79 18.64 344.39 206.57 11.73 0.00
0.00 249.84
983.70 28.24 21.48 18.47 343.90 206.18 12.76 -0.10
0.00 298.59
974.30 27.34 21.08 18.27 343.68 206.20 13.64 -0.30
0.00 383.87
960.40 26.04 20.49 17.98 343.43 206.22 14.51 -0.40
0.00 511.03
942.60 24.44 19.78 17.63 343.28 206.90 15.03 -0.50
0.00 675.76
921.30 22.44 18.87 17.20 343.02 208.16 15.64 -0.50
0.00 875.81
898.10 20.44 17.78 16.49 342.39 219.04 18.51 -0.40
0.00 1097.51
872.90 18.54 16.47 15.42 341.39 229.01 21.62 -0.20
4.00 1343.21
844.80 16.64 14.74 13.70 339.49 235.39 23.60 0.10
14.00 1623.74
813.80 15.44 12.22 10.27 335.68 238.24 23.99 0.30
0.00 1942.25
780.00 13.94 11.25 9.61 338.00 247.38 20.20 0.50
0.00 2301.76
743.10 11.14 10.20 9.61 340.85 249.96 17.58 0.80
7.00 2709.46
703.40 8.34 6.54 5.23 336.12 250.44 15.68 0.90
23.00 3166.60
660.90 6.44 1.65 -3.18 329.62 253.91 10.51 0.80
0.00 3680.32
615.50 2.04 -2.11 -7.11 328.19 270.00 6.80 0.60
0.00 4259.62
567.70 -3.56 -6.13 -9.71 327.70 289.90 11.99 0.40
0.00 4905.54
521.30 -8.26 -11.32 -17.46 325.55 288.60 21.93 0.10
0.00 5573.58
479.60 -11.96 -15.98 -29.44 324.80 284.04 20.82 -0.20
0.00 6216.02
442.30 -15.46 -19.41 -38.88 326.51 263.75 14.26 -0.30
0.00 6831.06
408.70 -19.76 -22.97 -43.03 328.05 247.66 15.33 -0.20
0.00 7422.13
378.20 -23.66 -26.47 -54.73 329.65 246.16 18.26 0.00
0.00 7993.00
350.80 -27.26 -29.61 -63.98 331.78 248.84 19.37 0.10
0.00 8538.28
326.00 -30.56 -32.46 -61.45 334.30 245.60 20.69 0.20
0.00 9062.47
303.70 -34.06 -35.53 -59.77 336.25 242.31 22.16 0.20
0.00 9562.00
283.70 -37.16 -38.31 -58.54 338.46 247.02 26.38 0.10
0.00 10035.68
265.60 -39.86 -40.81 -60.81 340.91 249.85 28.77 0.10
0.00 10488.49
248.80 -42.56 -43.37 -66.51 343.22 256.70 32.93 0.00
0.00 10932.12
233.60 -45.26 -45.90 -66.97 345.37 257.22 34.27 0.00
0.00 11355.13
219.60 -47.96 -48.47 -67.41 347.36 255.88 33.45 0.00
0.00 11764.95
205.70 -50.66 -51.05 -67.88 349.66 255.07 33.18 0.00
0.00 12193.39
191.70 -52.96 -53.30 -73.19 353.04 258.69 32.69 0.00
0.00 12650.08
177.70 -55.26 -55.54 -73.70 357.01 267.16 31.31 0.00
0.00 13136.31
163.80 -58.26 -58.46 -74.24 360.38 276.78 27.97 0.00
0.00 13652.22
149.80 -61.56 -61.70 -74.84 364.02 282.38 24.46 0.00
0.00 14209.90
135.90 -63.66 -63.77 -75.48 370.58 283.46 23.37 0.00
0.00 14810.05
121.90 -64.16 -9999.00 -9999.00 -9999.00 283.18 22.14 0.00
0.00 15475.92
108.00 -63.46 -9999.00 -9999.00 -9999.00 273.41 16.34 0.00
0.00 16217.80
94.00 -62.66 -9999.00 -9999.00 -9999.00 249.23 12.04 0.00
0.00 17071.59
81.00 -61.56 -9999.00 -9999.00 -9999.00 247.25 6.53 0.00
0.00 17991.08
70.60 -60.16 -9999.00 -9999.00 -9999.00 180.00 2.91 0.00
0.00 18845.00
62.20 -59.26 -9999.00 -9999.00 -9999.00 171.47 3.92 0.00
0.00 19636.43
54.30 -57.86 -9999.00 -9999.00 -9999.00 98.97 3.73 0.00
0.00 20489.63
46.90 -57.26 -9999.00 -9999.00 -9999.00 92.60 8.55 0.00
0.00 21414.18
40.10 -55.56 -9999.00 -9999.00 -9999.00 96.58 10.16 0.00
0.00 22407.95
33.80 -52.76 -9999.00 -9999.00 -9999.00 79.29 14.63 0.00
0.00 23503.55
27.80 -49.66 -9999.00 -9999.00 -9999.00 77.35 19.50 0.00
0.00 24773.12
22.30 -46.56 -9999.00 -9999.00 -9999.00 77.69 21.87 0.00
0.00 26225.28
17.10 -43.46 -9999.00 -9999.00 -9999.00 81.00 23.60 0.00
0.00 27998.33
12.30 -41.36 -9999.00 -9999.00 -9999.00 87.53 27.02 0.00
0.00 30223.66

STID = KMKE STNM = 726400 TIME = 200808/2000 
SLAT = 42.95 SLON = -87.90 SELV = 212.0
STIM = 4

SHOW = -4.11 LIFT = -5.13 SWET = 442.61 KINX = 33.50
LCLP = 838.88 PWAT = 41.42 TOTL = 52.66 CAPE = 1054.18
LCLT = 289.34 CINS = -85.34 EQLV = 249.90 LFCT = 647.97
BRCH = 56.38

PRES TMPC TMWC DWPC THTE DRCT SKNT OMEG
CFRL HGHT
990.30 30.24 22.28 18.83 346.25 206.57 10.43 0.00
0.00 221.94
987.30 29.64 21.95 18.58 345.32 205.80 12.94 0.00
0.00 249.08
981.90 28.94 21.63 18.40 344.81 205.53 14.41 -0.20
0.00 298.04
972.50 28.04 21.23 18.20 344.60 204.93 15.21 -0.40
0.00 383.67
958.60 26.84 20.69 17.92 344.50 205.02 16.08 -0.70
0.00 511.38
940.80 25.14 19.94 17.56 344.21 204.78 16.69 -0.80
0.00 676.84
919.60 23.24 19.06 17.12 344.03 205.99 17.29 -0.80
0.00 876.83
896.40 21.14 18.05 16.58 343.73 211.17 18.40 -0.70
0.00 1099.51
871.30 19.24 16.73 15.47 342.62 224.63 21.02 -0.50
0.00 1345.29
843.30 16.84 15.17 14.28 341.33 234.81 22.57 -0.20
20.00 1625.80
812.40 16.34 12.38 9.99 336.43 239.78 23.15 0.10
0.00 1944.48
778.60 14.44 11.40 9.56 338.73 246.95 19.85 0.40
0.00 2305.48
741.90 11.94 9.60 8.10 339.03 252.38 17.33 0.50
0.00 2712.47
702.40 9.94 5.25 1.36 332.40 257.91 13.91 0.40
0.00 3169.53
660.00 7.24 1.08 -5.77 328.18 276.20 8.99 0.20
0.00 3684.53
614.80 1.94 -2.04 -6.77 328.49 302.15 8.02 0.00
0.00 4262.61
567.10 -3.86 -6.05 -9.03 328.00 299.28 14.70 0.00
0.00 4907.46
520.90 -8.66 -10.97 -15.20 326.39 290.06 23.78 0.10
0.00 5572.48
479.30 -12.06 -15.74 -26.98 325.35 284.39 22.67 0.10
0.00 6213.32
442.00 -15.66 -19.57 -39.22 326.28 260.54 16.55 0.00
0.00 6828.44
408.50 -19.86 -23.09 -43.97 327.89 249.68 16.78 0.00
0.00 7417.74
378.00 -23.76 -26.51 -52.32 329.64 252.94 17.87 0.10
0.00 7988.68
350.60 -27.26 -29.55 -56.84 331.96 252.65 19.54 0.20
0.00 8534.16
325.90 -30.76 -32.54 -54.69 334.22 249.00 20.59 0.20
0.00 9056.26
303.70 -34.36 -35.72 -55.27 335.96 248.93 22.69 0.10
0.00 9553.12
283.60 -37.46 -38.57 -58.54 338.06 251.98 25.74 0.00
0.00 10028.65
265.50 -40.06 -41.04 -66.04 340.56 258.23 28.57 -0.10
0.00 10481.14
248.70 -42.56 -43.39 -71.42 343.22 261.15 32.83 -0.10
0.00 10924.75
233.50 -45.06 -45.74 -71.85 345.67 260.17 35.30 -0.10
0.00 11348.12
219.60 -47.86 -48.40 -72.27 347.46 260.17 35.30 -0.10
0.00 11755.37
205.70 -50.76 -51.17 -72.71 349.46 259.93 33.33 -0.10
0.00 12183.81
191.70 -53.26 -53.59 -73.19 352.56 259.89 30.98 -0.10
0.00 12640.08
177.70 -55.56 -55.83 -73.70 356.51 264.29 29.27 0.00
0.00 13125.64
163.80 -58.36 -58.56 -74.24 360.21 272.90 26.85 0.00
0.00 13641.08
149.80 -61.56 -61.70 -74.84 364.02 278.00 23.74 0.00
0.00 14198.63
135.90 -63.86 -63.97 -75.48 370.22 275.61 21.85 0.00
0.00 14798.49
121.90 -64.26 -9999.00 -9999.00 -9999.00 270.52 21.37 0.00
0.00 15463.89
108.00 -63.66 -9999.00 -9999.00 -9999.00 259.30 17.79 0.00
0.00 16205.23
94.00 -62.86 -9999.00 -9999.00 -9999.00 243.77 14.94 0.00
0.00 17058.21
81.00 -61.86 -9999.00 -9999.00 -9999.00 248.20 8.37 0.00
0.00 17976.60
70.60 -60.56 -9999.00 -9999.00 -9999.00 236.31 4.90 0.00
0.00 18829.12
62.20 -59.46 -9999.00 -9999.00 -9999.00 247.38 2.53 0.00
0.00 19619.44
54.30 -58.06 -9999.00 -9999.00 -9999.00 61.70 2.87 0.00
0.00 20471.84
46.90 -57.56 -9999.00 -9999.00 -9999.00 97.59 5.89 0.00
0.00 21395.32
40.10 -55.56 -9999.00 -9999.00 -9999.00 76.24 9.79 0.00
0.00 22388.41
33.80 -53.26 -9999.00 -9999.00 -9999.00 72.41 16.71 0.00
0.00 23482.75
27.80 -49.86 -9999.00 -9999.00 -9999.00 73.67 20.05 0.00
0.00 24750.32
22.30 -46.46 -9999.00 -9999.00 -9999.00 76.82 22.14 0.00
0.00 26202.15
17.10 -43.56 -9999.00 -9999.00 -9999.00 87.51 22.36 0.00
0.00 27975.21
12.30 -41.66 -9999.00 -9999.00 -9999.00 84.09 22.65 0.00
0.00 30198.61

STID = KMKE STNM = 726400 TIME = 200808/2100 
SLAT = 42.95 SLON = -87.90 SELV = 212.0
STIM = 5

SHOW = -4.28 LIFT = -5.48 SWET = 456.16 KINX = 32.74
LCLP = 832.98 PWAT = 40.93 TOTL = 53.03 CAPE = 1213.59
LCLT = 289.39 CINS = -81.38 EQLV = 245.43 LFCT = 654.99
BRCH = 63.24

PRES TMPC TMWC DWPC THTE DRCT SKNT OMEG
CFRL HGHT
989.60 30.84 22.53 18.98 347.47 210.26 10.80 0.10
0.00 221.97
986.70 30.24 22.22 18.74 346.54 209.85 13.66 0.00
0.00 248.28
981.20 29.64 21.93 18.57 346.19 209.84 15.23 -0.20
0.00 298.28
971.80 28.74 21.53 18.36 345.95 209.32 16.26 -0.50
0.00 384.18
958.00 27.44 20.96 18.08 345.72 209.18 17.13 -0.80
0.00 511.34
940.20 25.84 20.24 17.72 345.56 208.51 17.91 -1.00
0.00 677.29
919.00 23.94 19.38 17.30 345.44 209.29 18.26 -1.00
0.00 877.89
895.80 21.74 18.38 16.80 345.13 211.07 18.82 -0.90
0.00 1101.24
870.70 19.54 17.13 15.95 344.29 221.54 20.51 -0.60
0.00 1347.61
842.70 17.64 15.29 14.06 341.88 237.84 22.26 -0.30
11.00 1628.86
811.80 16.24 12.66 10.55 337.50 241.90 22.69 0.10
6.00 1948.18
778.10 14.84 10.50 7.68 335.79 248.39 21.10 0.30
0.00 2308.46
741.50 12.44 8.38 5.51 335.13 255.35 17.68 0.50
0.00 2714.89
702.00 10.44 5.06 0.44 331.86 265.46 12.28 0.50
0.00 3172.75
659.80 7.24 1.16 -5.54 328.42 302.35 6.90 0.40
0.00 3685.96
614.60 1.94 -1.93 -6.47 328.80 304.99 7.11 0.40
0.00 4264.24
566.90 -3.46 -6.03 -9.57 328.08 294.55 17.31 0.30
0.00 4909.78
520.70 -8.36 -10.51 -14.27 327.39 297.42 23.19 0.10
0.00 5575.92
479.20 -12.06 -14.84 -21.64 327.21 293.96 21.04 0.00
0.00 6215.92
441.90 -15.76 -19.45 -36.05 326.58 272.10 15.95 -0.20
0.00 6831.18
408.40 -19.96 -23.15 -43.49 327.82 260.88 15.93 -0.10
0.00 7420.41
378.00 -23.86 -26.49 -48.11 329.71 262.45 16.26 0.00
0.00 7989.33
350.60 -27.36 -29.54 -51.96 331.99 257.86 18.47 0.20
0.00 8534.60
325.90 -30.86 -32.58 -52.58 334.16 252.94 20.53 0.30
0.00 9056.49
303.60 -34.66 -36.01 -56.53 335.53 252.76 23.60 0.30
0.00 9555.26
283.60 -37.66 -38.80 -62.52 337.69 253.76 25.70 0.20
0.00 10028.01
265.50 -39.86 -9999.00 -9999.00 -9999.00 258.01 29.00 0.10
0.00 10480.49
248.70 -42.16 -43.03 -71.42 343.81 259.00 35.63 0.00
0.00 10924.67
233.50 -44.66 -45.37 -71.85 346.27 258.97 38.60 -0.10
0.00 11348.77
219.60 -47.56 -48.11 -72.27 347.93 259.15 38.17 -0.10
0.00 11756.66
205.70 -50.46 -50.89 -72.71 349.93 259.95 34.52 -0.10
0.00 12185.67
191.70 -53.06 -53.40 -73.19 352.88 259.27 30.24 -0.10
0.00 12642.45
177.70 -55.46 -55.73 -73.70 356.68 260.54 28.36 0.00
0.00 13128.35
163.80 -58.36 -58.56 -74.24 360.21 266.27 26.86 0.00
0.00 13643.90
149.80 -61.26 -61.41 -74.84 364.54 268.14 23.91 0.00
0.00 14201.85
135.90 -63.36 -63.48 -75.48 371.11 260.87 22.03 0.00
0.00 14802.85
121.90 -64.16 -9999.00 -9999.00 -9999.00 256.20 22.80 0.00
0.00 15469.20
108.00 -64.16 -9999.00 -9999.00 -9999.00 256.36 20.59 0.00
0.00 16209.84
94.00 -63.76 -9999.00 -9999.00 -9999.00 253.50 16.41 0.00
0.00 17059.97
81.00 -62.36 -9999.00 -9999.00 -9999.00 259.46 8.49 0.00
0.00 17975.32
70.60 -60.66 -9999.00 -9999.00 -9999.00 243.43 4.35 0.00
0.00 18826.63
62.20 -58.86 -9999.00 -9999.00 -9999.00 135.00 0.27 0.00
0.00 19617.87
54.30 -57.36 -9999.00 -9999.00 -9999.00 83.88 5.48 0.00
0.00 20472.86
46.90 -57.06 -9999.00 -9999.00 -9999.00 91.55 7.19 0.00
0.00 21398.91
40.10 -55.56 -9999.00 -9999.00 -9999.00 63.02 11.99 0.00
0.00 22393.15
33.80 -52.86 -9999.00 -9999.00 -9999.00 69.84 16.36 0.00
0.00 23488.49
27.80 -50.06 -9999.00 -9999.00 -9999.00 73.97 19.00 0.00
0.00 24756.64
22.30 -47.66 -9999.00 -9999.00 -9999.00 80.54 20.09 0.00
0.00 26203.95
17.10 -44.36 -9999.00 -9999.00 -9999.00 83.02 19.17 0.00
0.00 27969.23
12.30 -41.36 -9999.00 -9999.00 -9999.00 70.46 25.56 0.00
0.00 30190.22

STID = KMKE STNM = 726400 TIME = 200808/2200 
SLAT = 42.95 SLON = -87.90 SELV = 212.0
STIM = 6

SHOW = -4.79 LIFT = -6.17 SWET = 483.88 KINX = 31.68
LCLP = 828.34 PWAT = 41.17 TOTL = 54.10 CAPE = 1351.48
LCLT = 289.41 CINS = -81.68 EQLV = 238.23 LFCT = 656.78
BRCH = 72.95

PRES TMPC TMWC DWPC THTE DRCT SKNT OMEG
CFRL HGHT
989.50 31.34 22.74 19.09 348.38 215.42 10.72 0.10
0.00 221.99
986.60 30.74 22.43 18.86 347.47 215.26 13.79 0.00
0.00 248.34
981.10 30.24 22.17 18.68 347.21 214.70 15.37 -0.10
0.00 298.45
971.70 29.34 21.77 18.47 346.97 214.44 16.49 -0.40
0.00 384.53
957.90 28.04 21.19 18.18 346.72 213.51 17.25 -0.60
0.00 511.97
940.10 26.44 20.47 17.81 346.53 212.66 17.99 -0.70
0.00 678.27
918.90 24.44 19.58 17.38 346.27 213.35 18.38 -0.80
0.00 879.27
895.70 22.24 18.56 16.86 345.91 214.99 18.98 -0.70
0.00 1103.03
870.60 19.94 17.39 16.17 345.37 219.45 19.87 -0.60
0.00 1349.82
842.60 18.04 15.33 13.92 342.05 238.52 22.32 -0.50
11.00 1631.50
811.80 16.14 13.03 11.25 338.81 242.56 22.77 -0.30
7.00 1950.00
778.00 15.04 10.06 6.68 334.33 249.57 21.13 -0.10
0.00 2311.43
741.50 13.04 7.43 3.06 332.14 259.81 17.56 0.20
0.00 2717.13
702.00 10.94 4.71 -0.91 330.82 269.03 11.46 0.40
0.00 3175.63
659.80 7.44 1.18 -5.74 328.47 298.30 5.73 0.40
0.00 3689.38
614.60 2.14 -1.80 -6.40 329.11 292.01 9.85 0.30
0.00 4268.07
567.00 -3.06 -5.67 -9.19 328.87 297.51 21.02 0.20
0.00 4912.94
520.80 -8.46 -10.16 -12.98 328.11 304.95 22.05 0.00
0.00 5579.40
479.20 -12.66 -14.01 -16.69 328.93 305.67 20.32 -0.10
0.00 6220.23
441.90 -16.06 -17.85 -22.56 329.75 292.09 14.47 0.00
0.00 6834.74
408.40 -19.96 -22.92 -39.03 328.27 268.60 15.93 0.00
0.00 7423.83
378.00 -23.66 -26.23 -45.18 330.17 268.03 16.92 0.00
0.00 7993.01
350.60 -27.16 -29.30 -48.77 332.42 264.40 19.91 0.10
0.00 8538.74
325.90 -30.96 -32.69 -53.57 333.98 260.70 22.82 0.10
0.00 9060.74
303.60 -34.76 -36.14 -59.77 335.30 262.29 26.07 0.10
0.00 9559.30
283.60 -37.56 -38.75 -70.51 337.74 264.99 26.71 0.10
0.00 10032.04
265.50 -40.06 -41.06 -70.97 340.52 265.01 29.06 0.10
0.00 10484.42
248.70 -42.26 -43.12 -71.42 343.66 261.83 36.89 0.00
0.00 10928.31
233.50 -44.66 -45.35 -66.97 346.32 260.36 40.60 0.00
0.00 11352.33
219.60 -47.36 -47.93 -72.27 348.23 259.02 39.76 0.00
0.00 11760.39
205.70 -50.06 -50.51 -72.71 350.56 259.30 35.59 0.00
0.00 12189.98
191.70 -52.56 -52.92 -73.19 353.68 258.84 30.09 0.00
0.00 12647.69
177.70 -55.16 -55.44 -73.70 357.17 257.51 27.86 0.00
0.00 13134.47
163.80 -58.06 -58.27 -74.24 360.72 260.60 27.37 0.00
0.00 13650.75
149.80 -60.86 -61.02 -74.84 365.22 260.89 25.78 0.10
0.00 14209.60
135.90 -62.86 -9999.00 -9999.00 -9999.00 252.41 25.06 0.00
0.00 14811.89
121.90 -64.16 -9999.00 -9999.00 -9999.00 250.91 26.73 0.00
0.00 15479.03
108.00 -64.76 -9999.00 -9999.00 -9999.00 259.66 24.88 0.00
0.00 16218.61
94.00 -64.26 -9999.00 -9999.00 -9999.00 263.44 17.02 0.00
0.00 17066.50
81.00 -62.56 -9999.00 -9999.00 -9999.00 249.78 7.87 0.00
0.00 17980.33
70.60 -60.16 -9999.00 -9999.00 -9999.00 215.84 4.31 0.00
0.00 18832.24
62.20 -57.66 -9999.00 -9999.00 -9999.00 90.00 2.53 0.00
0.00 19626.63
54.30 -56.16 -9999.00 -9999.00 -9999.00 82.41 5.89 0.00
0.00 20486.39
46.90 -56.16 -9999.00 -9999.00 -9999.00 75.07 6.02 0.00
0.00 21416.94
40.10 -55.16 -9999.00 -9999.00 -9999.00 53.70 11.81 0.00
0.00 22414.16
33.80 -52.86 -9999.00 -9999.00 -9999.00 67.78 14.90 0.00
0.00 23510.50
27.80 -50.16 -9999.00 -9999.00 -9999.00 81.50 17.09 0.00
0.00 24778.36
22.30 -47.76 -9999.00 -9999.00 -9999.00 86.96 18.28 0.00
0.00 26225.03
17.10 -43.96 -9999.00 -9999.00 -9999.00 74.05 18.38 0.00
0.00 27991.48
12.30 -40.96 -9999.00 -9999.00 -9999.00 71.69 29.06 0.00
0.00 30216.33

STID = KMKE STNM = 726400 TIME = 200808/2300 
SLAT = 42.95 SLON = -87.90 SELV = 212.0
STIM = 7

SHOW = -4.67 LIFT = -6.27 SWET = 472.01 KINX = 31.00
LCLP = 830.11 PWAT = 41.76 TOTL = 53.93 CAPE = 1495.70
LCLT = 289.60 CINS = -10.48 EQLV = 230.95 LFCT = 813.22
BRCH = 100.76

PRES TMPC TMWC DWPC THTE DRCT SKNT OMEG
CFRL HGHT
989.30 31.34 22.83 19.25 348.84 220.36 10.20 0.10
0.00 221.99
986.40 30.94 22.59 19.04 348.22 218.53 13.40 0.00
0.00 248.36
980.90 30.44 22.33 18.86 347.96 218.20 15.07 -0.10
0.00 298.52
971.50 29.54 21.92 18.64 347.70 217.15 16.08 -0.30
0.00 384.68
957.70 28.34 21.37 18.34 347.54 217.00 16.78 -0.50
0.00 512.26
939.90 26.64 20.64 17.99 347.28 216.74 17.21 -0.70
0.00 678.75
918.70 24.74 19.79 17.57 347.17 217.38 17.60 -0.80
0.00 879.98
895.50 22.54 18.78 17.06 346.84 218.85 17.97 -0.80
0.00 1104.04
870.40 20.14 17.65 16.47 346.43 220.27 18.34 -0.80
0.00 1351.13
842.40 18.34 15.30 13.71 341.95 240.95 20.01 -0.80
0.00 1633.13
811.60 15.24 13.69 12.82 341.18 246.80 20.71 -0.70
17.00 1951.47
777.80 14.64 10.18 7.20 334.76 249.57 21.13 -0.50
0.00 2312.33
741.30 13.04 7.21 2.57 331.50 258.57 18.63 -0.30
0.00 2717.86
701.90 10.94 4.42 -1.65 330.00 261.87 12.35 -0.10
0.00 3175.23
659.60 7.44 1.20 -5.68 328.56 266.42 6.24 0.00
0.00 3690.28
614.50 2.24 -1.68 -6.20 329.44 284.50 11.64 0.10
0.00 4267.94
566.90 -3.06 -6.09 -10.41 327.90 302.56 19.13 0.10
0.00 4912.98
520.70 -8.26 -10.89 -15.80 326.57 305.47 19.08 0.10
0.00 5579.64
479.20 -12.46 -14.15 -17.66 328.63 307.00 17.75 0.00
0.00 6219.33
441.90 -16.16 -16.75 -18.04 331.89 300.61 16.03 0.00
13.00 6834.06
408.40 -20.06 -22.03 -29.33 329.98 286.03 17.58 0.00
0.00 7423.13
377.90 -23.66 -25.86 -38.37 330.92 283.21 19.56 0.00
0.00 7994.27
350.60 -27.66 -29.21 -39.10 332.66 278.86 21.43 0.10
0.00 8537.60
325.90 -31.66 -33.26 -52.58 333.06 270.87 25.64 0.10
0.00 9058.36
303.60 -34.86 -36.27 -65.05 335.07 274.73 28.26 0.10
0.00 9556.09
283.60 -37.86 -39.02 -70.51 337.31 274.86 27.49 0.10
0.00 10028.42
265.50 -40.56 -41.49 -66.04 339.83 268.51 29.93 0.00
0.00 10480.04
248.70 -42.66 -43.46 -66.51 343.11 266.74 37.55 0.00
0.00 10923.07
233.50 -44.86 -45.53 -66.97 346.02 264.02 41.01 0.00
0.00 11346.53
219.60 -47.46 -48.02 -72.27 348.08 260.77 39.96 -0.10
0.00 11754.33
205.70 -50.06 -50.51 -72.71 350.56 259.72 35.94 -0.10
0.00 12183.82
191.70 -52.46 -52.82 -73.19 353.84 257.75 30.21 -0.10
0.00 12641.63
177.70 -55.06 -55.34 -73.70 357.33 255.96 26.44 -0.20
0.00 13128.64
163.80 -57.96 -58.17 -74.24 360.88 256.37 26.38 -0.10
0.00 13645.15
149.80 -60.86 -61.02 -74.84 365.22 257.04 27.70 -0.10
0.00 14204.14
135.90 -63.26 -9999.00 -9999.00 -9999.00 253.22 27.58 -0.10
0.00 14805.85
121.90 -65.26 -9999.00 -9999.00 -9999.00 251.82 28.01 0.00
0.00 15470.61
108.00 -65.66 -9999.00 -9999.00 -9999.00 262.76 24.67 0.00
0.00 16206.64
94.00 -64.06 -9999.00 -9999.00 -9999.00 267.68 14.39 0.00
0.00 17053.12
81.00 -61.96 -9999.00 -9999.00 -9999.00 237.99 7.32 0.00
0.00 17968.68
70.60 -58.56 -9999.00 -9999.00 -9999.00 249.78 3.92 0.00
0.00 18825.02
62.20 -56.76 -9999.00 -9999.00 -9999.00 26.57 3.05 0.00
0.00 19624.04
54.30 -56.16 -9999.00 -9999.00 -9999.00 59.53 3.83 0.00
0.00 20485.59
46.90 -56.46 -9999.00 -9999.00 -9999.00 46.74 4.53 0.00
0.00 21415.50
40.10 -55.06 -9999.00 -9999.00 -9999.00 57.26 9.69 0.00
0.00 22412.26
33.80 -51.76 -9999.00 -9999.00 -9999.00 77.97 12.12 0.00
0.00 23511.61
27.80 -49.36 -9999.00 -9999.00 -9999.00 92.29 14.59 0.00
0.00 24784.90
22.30 -47.76 -9999.00 -9999.00 -9999.00 87.85 15.56 0.00
0.00 26234.15
17.10 -45.06 -9999.00 -9999.00 -9999.00 63.00 23.12 0.00
0.00 27996.33
12.30 -41.46 -9999.00 -9999.00 -9999.00 66.27 33.31 0.00
0.00 30213.46

STID = KMKE STNM = 726400 TIME = 200809/0000 
SLAT = 42.95 SLON = -87.90 SELV = 212.0
STIM = 8

SHOW = -4.40 LIFT = -6.24 SWET = 317.47 KINX = 31.84
LCLP = 839.40 PWAT = 42.10 TOTL = 53.46 CAPE = 1568.24
LCLT = 290.07 CINS = -12.08 EQLV = 226.06 LFCT = 816.30
BRCH = 125.67

PRES TMPC TMWC DWPC THTE DRCT SKNT OMEG
CFRL HGHT
990.20 30.94 22.91 19.56 349.09 221.42 8.80 0.10
0.00 221.97
987.30 30.74 22.72 19.34 348.67 220.40 11.99 0.10
0.00 248.30
981.80 30.34 22.46 19.12 348.41 219.40 14.08 0.00
0.00 298.39
972.40 29.54 22.06 18.86 348.16 218.88 15.46 0.00
0.00 384.47
958.60 28.24 21.48 18.56 347.87 219.19 16.30 0.00
0.00 511.92
940.80 26.64 20.77 18.20 347.71 219.89 16.96 -0.10
0.00 678.24
919.50 24.74 19.90 17.75 347.53 221.85 17.46 -0.10
0.00 880.26
896.30 22.54 18.88 17.21 347.11 224.13 18.12 -0.10
0.00 1104.14
871.20 20.24 17.55 16.27 345.90 226.71 18.41 -0.10
0.00 1351.04
843.20 18.34 15.33 13.76 341.94 245.92 20.01 -0.20
0.00 1632.81
812.30 15.24 13.88 13.13 341.78 249.83 20.28 -0.20
8.00 1951.92
778.50 14.44 10.44 7.84 335.53 251.40 21.31 -0.20
0.00 2312.40
741.80 12.64 7.31 3.15 331.75 257.47 21.48 -0.20
0.00 2719.49
702.40 10.44 4.47 -0.98 330.09 260.04 14.59 -0.20
0.00 3175.88
660.10 7.34 1.29 -5.29 328.72 252.80 8.55 -0.20
0.00 3690.06
614.80 2.24 -1.60 -5.99 329.58 274.16 10.70 -0.10
0.00 4269.85
567.20 -3.16 -6.42 -11.25 327.10 305.29 15.46 -0.10
0.00 4914.42
521.00 -8.16 -11.49 -18.45 325.24 312.71 17.19 0.00
0.00 5580.58
479.40 -12.16 -15.04 -22.30 326.77 312.63 16.63 0.10
0.00 6221.77
442.10 -15.76 -16.74 -18.90 331.87 299.91 16.36 0.10
4.00 6836.92
408.50 -19.76 -21.00 -24.70 331.87 289.57 18.55 0.20
3.00 7428.40
378.00 -23.56 -25.17 -32.24 332.15 287.47 21.99 0.30
0.00 7999.97
350.60 -28.06 -29.39 -37.40 332.38 282.78 23.70 0.40
0.00 8544.95
325.90 -31.86 -33.41 -51.68 332.82 289.74 27.04 0.40
0.00 9065.08
303.70 -34.86 -36.22 -59.77 335.13 287.53 27.10 0.40
0.00 9560.30
283.60 -38.16 -39.15 -55.83 337.14 275.63 27.72 0.30
0.00 10034.63
265.50 -40.96 -41.85 -66.04 339.25 272.51 31.12 0.20
0.00 10485.57
248.70 -42.96 -43.73 -66.51 342.67 270.30 36.71 0.20
0.00 10927.94
233.50 -45.06 -45.72 -66.97 345.71 264.67 37.65 0.10
0.00 11350.94
219.60 -47.56 -48.09 -67.41 347.97 259.75 37.10 0.00
0.00 11758.46
205.70 -50.06 -50.51 -72.71 350.56 256.91 34.30 -0.10
0.00 12187.86
191.70 -52.36 -52.73 -73.19 354.00 254.46 30.44 -0.10
0.00 12645.78
177.70 -54.96 -55.25 -73.70 357.50 252.08 27.16 -0.10
0.00 13133.01
163.80 -57.76 -57.98 -74.24 361.22 252.35 26.90 -0.10
0.00 13649.87
149.80 -60.66 -60.82 -74.84 365.57 254.68 29.41 -0.10
0.00 14209.39
135.90 -63.46 -9999.00 -9999.00 -9999.00 255.20 31.95 0.00
0.00 14811.10
121.90 -65.46 -9999.00 -9999.00 -9999.00 254.96 32.19 0.00
0.00 15475.22
108.00 -65.66 -9999.00 -9999.00 -9999.00 268.33 26.63 0.00
0.00 16210.90
94.00 -63.46 -9999.00 -9999.00 -9999.00 283.63 13.19 0.00
0.00 17058.59
81.00 -61.46 -9999.00 -9999.00 -9999.00 270.00 6.41 0.00
0.00 17976.55
70.60 -58.06 -9999.00 -9999.00 -9999.00 289.09 5.34 0.00
0.00 18834.90
62.20 -57.46 -9999.00 -9999.00 -9999.00 30.96 1.13 0.00
0.00 19633.56
54.30 -57.46 -9999.00 -9999.00 -9999.00 139.40 1.79 0.00
0.00 20491.13
46.90 -57.16 -9999.00 -9999.00 -9999.00 19.29 4.12 0.00
0.00 21416.75
40.10 -55.36 -9999.00 -9999.00 -9999.00 45.00 11.27 0.00
0.00 22411.22
33.80 -53.06 -9999.00 -9999.00 -9999.00 65.88 14.26 0.00
0.00 23506.56
27.80 -51.26 -9999.00 -9999.00 -9999.00 75.02 14.28 0.00
0.00 24770.70
22.30 -47.96 -9999.00 -9999.00 -9999.00 69.44 16.59 0.00
0.00 26213.18
17.10 -43.86 -9999.00 -9999.00 -9999.00 67.47 28.40 0.00
0.00 27979.24
12.30 -40.96 -9999.00 -9999.00 -9999.00 76.59 34.34 0.00
0.00 30204.57

STID = KMKE STNM = 726400 TIME = 200809/0100 
SLAT = 42.95 SLON = -87.90 SELV = 212.0
STIM = 9

SHOW = -4.18 LIFT = -5.82 SWET = 306.84 KINX = 33.53
LCLP = 864.39 PWAT = 42.61 TOTL = 52.97 CAPE = 1513.23
LCLT = 290.93 CINS = -23.06 EQLV = 228.03 LFCT = 816.91
BRCH = 89.83

PRES TMPC TMWC DWPC THTE DRCT SKNT OMEG
CFRL HGHT
990.70 29.34 22.72 19.97 348.25 213.69 6.29 0.10
0.00 221.01
987.70 29.64 22.66 19.75 348.44 211.68 10.72 0.10
0.00 248.12
982.20 29.54 22.45 19.46 348.33 211.66 13.69 0.20
0.00 298.04
972.80 29.04 22.04 19.05 348.02 213.33 16.98 0.20
0.00 383.92
958.90 27.94 21.43 18.61 347.60 216.16 18.76 0.30
0.00 512.08
941.10 26.34 20.66 18.16 347.19 219.01 19.76 0.30
0.00 678.19
919.90 24.44 19.77 17.67 346.89 222.65 20.07 0.30
0.00 878.97
896.70 22.34 18.74 17.08 346.45 226.95 20.20 0.20
0.00 1102.55
871.50 20.14 17.46 16.17 345.46 230.83 20.30 0.10
0.00 1350.20
843.50 18.34 15.41 13.89 342.20 252.74 20.96 0.00
0.00 1631.82
812.50 15.14 14.03 13.41 342.28 258.38 21.21 -0.20
4.00 1951.84
778.70 14.14 10.78 8.65 336.61 259.60 21.52 -0.30
0.00 2312.06
742.10 12.14 7.41 3.80 332.04 262.30 21.76 -0.40
0.00 2717.43
702.60 9.64 4.61 0.18 330.49 265.06 15.79 -0.30
0.00 3173.89
660.20 6.84 1.46 -4.16 329.20 255.96 8.82 -0.20
0.00 3688.10
615.00 2.14 -1.56 -5.76 329.65 271.47 7.58 0.00
0.00 4265.92
567.30 -3.36 -6.46 -11.03 327.00 313.57 10.99 0.30
0.00 4911.35
521.00 -8.16 -11.43 -18.18 325.37 320.95 13.25 0.50
0.00 5578.67
479.40 -11.66 -14.78 -22.64 327.27 313.23 13.33 0.50
0.00 6220.47
442.10 -15.26 -17.08 -21.56 331.17 297.50 15.99 0.30
0.00 6836.72
408.50 -18.96 -21.04 -28.11 331.74 284.72 19.89 0.20
0.00 7429.57
378.10 -23.56 -25.44 -34.60 331.62 288.11 21.87 0.20
0.00 8000.02
350.70 -27.76 -29.50 -42.11 332.12 300.51 25.25 0.20
0.00 8545.13
326.00 -31.16 -32.81 -51.68 333.76 299.36 28.54 0.30
0.00 9066.15
303.70 -34.96 -36.20 -53.18 335.20 290.70 28.03 0.20
0.00 9564.14
283.60 -38.66 -39.62 -57.08 336.39 285.83 27.06 0.20
0.00 10037.88
265.50 -41.36 -42.24 -70.97 338.62 282.49 27.86 0.20
0.00 10487.95
248.70 -43.16 -43.92 -66.51 342.37 267.40 34.23 0.10
0.00 10929.74
233.50 -45.06 -45.72 -66.97 345.71 259.59 38.71 0.10
0.00 11352.56
219.60 -47.56 -48.09 -67.41 347.97 256.94 38.69 0.00
0.00 11760.08
205.70 -50.06 -50.48 -67.88 350.61 257.25 37.84 0.00
0.00 12189.48
191.70 -52.36 -52.73 -73.19 354.00 258.63 34.48 -0.10
0.00 12647.41
177.70 -54.86 -55.15 -73.70 357.66 258.98 30.48 -0.10
0.00 13134.74
163.80 -57.76 -57.98 -74.24 361.22 258.69 28.73 -0.10
0.00 13651.73
149.80 -60.76 -60.92 -74.84 365.40 259.06 29.68 -0.10
0.00 14211.11
135.90 -63.56 -63.68 -75.48 370.75 260.59 33.28 0.00
0.00 14812.54
121.90 -65.46 -9999.00 -9999.00 -9999.00 262.88 31.31 0.10
0.00 15476.51
108.00 -64.66 -9999.00 -9999.00 -9999.00 273.85 23.17 0.00
0.00 16213.95
94.00 -62.36 -9999.00 -9999.00 -9999.00 282.76 10.55 0.00
0.00 17065.92
81.00 -61.16 -9999.00 -9999.00 -9999.00 262.73 9.21 0.00
0.00 17986.92
70.60 -58.76 -9999.00 -9999.00 -9999.00 277.94 8.43 0.00
0.00 18844.47
62.20 -58.36 -9999.00 -9999.00 -9999.00 232.13 2.21 0.00
0.00 19640.16
54.30 -58.56 -9999.00 -9999.00 -9999.00 225.00 1.65 0.00
0.00 20493.76
46.90 -57.66 -9999.00 -9999.00 -9999.00 16.46 8.92 0.00
0.00 21415.95
40.10 -55.86 -9999.00 -9999.00 -9999.00 48.12 15.13 0.00
0.00 22408.12
33.80 -53.86 -9999.00 -9999.00 -9999.00 78.54 14.67 0.00
0.00 23500.21
27.80 -51.66 -9999.00 -9999.00 -9999.00 71.80 14.92 0.00
0.00 24760.92
22.30 -47.06 -9999.00 -9999.00 -9999.00 59.86 20.88 0.00
0.00 26205.01
17.10 -42.06 -9999.00 -9999.00 -9999.00 71.94 28.21 0.00
0.00 27981.56
12.30 -40.46 -9999.00 -9999.00 -9999.00 80.94 27.14 0.00
0.00 30217.98

STID = KMKE STNM = 726400 TIME = 200809/0200 
SLAT = 42.95 SLON = -87.90 SELV = 212.0
STIM = 10

SHOW = -4.01 LIFT = -4.93 SWET = 297.94 KINX = 31.81
LCLP = 887.40 PWAT = 41.60 TOTL = 52.41 CAPE = 1338.65
LCLT = 291.61 CINS = -83.62 EQLV = 233.54 LFCT = 659.69
BRCH = 43.78

PRES TMPC TMWC DWPC THTE DRCT SKNT OMEG
CFRL HGHT
990.20 27.74 22.45 20.23 347.14 192.72 6.18 0.10
0.00 221.87
987.30 28.44 22.43 19.91 347.51 193.43 13.38 0.10
0.00 247.97
981.80 28.84 22.26 19.47 347.58 196.13 16.78 0.30
0.00 297.76
972.40 28.64 21.77 18.80 346.92 202.32 19.95 0.40
0.00 383.51
958.50 27.64 21.13 18.26 346.36 206.57 21.29 0.50
0.00 511.56
940.70 26.14 20.35 17.76 345.95 210.26 21.58 0.60
0.00 677.56
919.50 24.24 19.45 17.27 345.65 214.13 21.11 0.70
0.00 878.25
896.30 22.34 18.44 16.61 345.28 219.52 20.14 0.70
0.00 1101.80
871.20 20.44 17.16 15.56 344.32 234.61 18.10 0.70
0.00 1348.62
843.20 18.34 15.73 14.40 343.46 258.31 17.25 0.60
0.00 1630.48
812.20 15.74 13.92 12.93 341.95 261.25 17.89 0.60
0.00 1950.95
778.40 14.44 10.52 7.99 335.81 260.74 18.10 0.40
0.00 2311.78
741.80 12.54 7.22 3.06 331.51 255.49 17.06 0.30
0.00 2717.72
702.40 10.34 4.50 -0.80 330.18 255.76 13.42 0.20
0.00 3173.96
660.10 7.24 1.55 -4.41 329.44 250.87 10.08 0.10
0.00 3688.01
614.80 2.34 -1.99 -7.19 328.60 275.83 9.58 0.00
0.00 4267.78
567.20 -2.76 -6.88 -13.58 326.01 306.21 13.48 0.00
0.00 4912.78
521.00 -7.16 -10.51 -16.90 327.26 312.88 18.55 -0.10
0.00 5580.64
479.40 -11.76 -13.21 -15.93 330.50 303.07 19.93 -0.10
0.00 6223.77
442.10 -15.46 -17.47 -22.72 330.41 300.14 20.88 0.00
0.00 6839.82
408.50 -19.26 -21.50 -29.72 330.89 292.13 19.08 0.10
0.00 7432.05
378.10 -23.86 -25.76 -35.38 331.08 291.91 18.22 0.20
0.00 8001.79
350.60 -28.26 -29.72 -39.36 331.81 302.80 20.80 0.30
0.00 8548.09
325.90 -31.66 -33.06 -46.52 333.42 295.48 23.02 0.40
0.00 9068.22
303.70 -35.16 -36.42 -55.27 334.83 287.94 21.45 0.30
0.00 9563.35
283.60 -38.46 -39.51 -62.52 336.54 281.51 21.41 0.20
0.00 10037.07
265.50 -40.96 -41.85 -66.04 339.25 268.08 28.96 0.10
0.00 10487.72
248.70 -43.46 -44.17 -63.51 341.97 265.85 37.59 0.00
0.00 10929.61
233.50 -45.26 -45.90 -66.97 345.41 262.78 41.71 0.00
0.00 11351.96
219.60 -47.66 -48.18 -67.41 347.82 263.31 41.67 -0.10
0.00 11759.22
205.70 -50.36 -50.77 -67.88 350.14 265.98 38.75 -0.20
0.00 12188.24
191.70 -52.66 -53.01 -73.19 353.52 266.42 34.25 -0.20
0.00 12645.54
177.70 -54.86 -55.15 -73.70 357.66 263.78 30.48 -0.30
0.00 13132.54
163.80 -57.56 -57.78 -74.24 361.55 260.17 29.56 -0.20
0.00 13649.77
149.80 -60.76 -60.92 -74.84 365.40 258.26 30.56 -0.10
0.00 14209.41
135.90 -63.76 -63.87 -75.48 370.40 260.81 34.05 0.00
0.00 14810.56
121.90 -65.16 -9999.00 -9999.00 -9999.00 266.97 33.06 0.10
0.00 15474.68
108.00 -64.06 -9999.00 -9999.00 -9999.00 271.79 24.88 0.10
0.00 16213.72
94.00 -62.36 -9999.00 -9999.00 -9999.00 263.45 11.93 0.00
0.00 17066.91
81.00 -61.86 -9999.00 -9999.00 -9999.00 250.20 10.31 0.00
0.00 17986.39
70.60 -59.46 -9999.00 -9999.00 -9999.00 280.01 6.70 0.00
0.00 18841.12
62.20 -58.76 -9999.00 -9999.00 -9999.00 90.00 0.58 0.00
0.00 19634.77
54.30 -58.76 -9999.00 -9999.00 -9999.00 14.62 4.62 0.00
0.00 20487.18
46.90 -57.96 -9999.00 -9999.00 -9999.00 29.65 14.53 0.00
0.00 21408.29
40.10 -55.26 -9999.00 -9999.00 -9999.00 59.04 15.85 0.00
0.00 22401.15
33.80 -53.16 -9999.00 -9999.00 -9999.00 79.29 14.63 0.00
0.00 23496.50
27.80 -50.96 -9999.00 -9999.00 -9999.00 64.29 17.46 0.00
0.00 24761.21
22.30 -46.16 -9999.00 -9999.00 -9999.00 57.16 25.43 0.00
0.00 26210.46
17.10 -41.76 -9999.00 -9999.00 -9999.00 71.05 27.53 0.00
0.00 27991.68
12.30 -40.66 -9999.00 -9999.00 -9999.00 71.14 24.63 0.00
0.00 30228.58

STID = KMKE STNM = 726400 TIME = 200809/0300 
SLAT = 42.95 SLON = -87.90 SELV = 212.0
STIM = 11

SHOW = -4.52 LIFT = -5.03 SWET = 311.80 KINX = 31.14
LCLP = 900.10 PWAT = 40.64 TOTL = 53.35 CAPE = 1277.49
LCLT = 291.91 CINS = -136.97 EQLV = 233.88 LFCT = 656.21
BRCH = 33.68

PRES TMPC TMWC DWPC THTE DRCT SKNT OMEG
CFRL HGHT
990.40 26.84 22.24 20.30 346.23 197.24 5.91 0.10
0.00 220.94
987.30 27.54 22.23 19.99 346.66 195.52 14.51 0.10
0.00 248.76
981.90 28.14 22.11 19.54 346.92 196.70 18.26 0.20
0.00 297.51
972.50 28.44 21.68 18.74 346.50 201.61 22.14 0.30
0.00 383.12
958.70 27.54 21.03 18.15 345.92 204.64 23.29 0.40
0.00 510.16
940.90 25.94 20.22 17.64 345.36 206.35 23.62 0.40
0.00 676.04
919.60 24.14 19.21 16.92 344.60 208.30 22.94 0.40
0.00 877.52
896.40 22.44 18.11 16.04 343.94 215.67 20.32 0.30
0.00 1100.99
871.30 20.64 17.10 15.37 344.07 233.82 16.12 0.20
0.00 1347.86
843.30 18.34 15.85 14.58 343.88 252.05 14.49 0.00
0.00 1629.78
812.40 16.24 13.68 12.27 341.03 259.00 14.24 -0.20
0.00 1949.41
778.60 14.94 10.17 6.97 334.60 256.72 14.37 -0.20
0.00 2310.65
742.00 13.44 6.93 1.55 330.52 259.77 14.22 -0.20
0.00 2717.32
702.50 10.74 4.33 -1.67 329.65 270.86 13.01 -0.10
0.00 3175.54
660.20 7.24 1.54 -4.44 329.40 267.99 11.07 0.00
0.00 3689.82
614.90 2.34 -2.12 -7.59 328.23 282.63 11.54 0.10
0.00 4269.48
567.30 -2.96 -6.91 -13.27 325.95 297.24 14.86 0.10
0.00 4914.12
521.10 -7.56 -11.17 -18.66 325.86 308.37 17.83 0.00
0.00 5581.07
479.40 -12.16 -13.71 -16.79 329.46 302.52 18.43 0.00
0.00 6224.62
442.10 -15.46 -17.30 -21.94 330.75 297.60 19.29 0.00
0.00 6840.19
408.50 -19.06 -21.28 -29.20 331.29 293.55 16.53 0.10
0.00 7432.67
378.10 -23.96 -25.22 -30.41 332.06 299.25 16.71 0.20
0.00 8002.58
350.70 -27.96 -29.10 -35.36 332.86 300.75 17.85 0.30
0.00 8547.12
326.00 -31.36 -32.59 -42.45 334.19 288.26 19.83 0.40
0.00 9067.79
303.70 -35.16 -36.19 -47.67 335.24 282.65 19.50 0.40
0.00 9565.41
283.60 -38.46 -39.40 -54.73 336.76 268.57 23.31 0.30
0.00 10039.15
265.50 -41.16 -41.96 -59.07 339.09 265.26 32.94 0.10
0.00 10489.62
248.70 -43.36 -44.10 -66.51 342.07 267.59 41.61 0.00
0.00 10931.42
233.50 -45.56 -46.18 -66.97 344.96 267.52 44.91 0.00
0.00 11353.59
219.60 -48.26 -48.75 -67.41 346.89 269.22 42.54 -0.10
0.00 11760.04
205.70 -50.76 -51.15 -67.88 349.51 268.83 38.07 -0.10
0.00 12188.09
191.70 -52.86 -53.20 -73.19 353.20 264.75 33.94 -0.10
0.00 12644.78
177.70 -54.86 -55.15 -73.70 357.66 258.82 33.06 -0.10
0.00 13131.56
163.80 -57.46 -57.69 -74.24 361.72 256.59 34.34 -0.10
0.00 13648.90
149.80 -60.76 -60.92 -74.84 365.40 258.50 35.08 -0.10
0.00 14208.68
135.90 -63.76 -63.87 -75.48 370.40 260.96 34.62 0.00
0.00 14809.82
121.90 -65.16 -9999.00 -9999.00 -9999.00 269.36 34.58 0.00
0.00 15473.95
108.00 -63.66 -9999.00 -9999.00 -9999.00 275.40 24.79 0.00
0.00 16213.70
94.00 -62.46 -9999.00 -9999.00 -9999.00 261.09 10.02 0.00
0.00 17067.49
81.00 -62.46 -9999.00 -9999.00 -9999.00 248.20 9.42 0.00
0.00 17985.45
70.60 -60.36 -9999.00 -9999.00 -9999.00 273.95 5.65 0.00
0.00 18837.16
62.20 -59.26 -9999.00 -9999.00 -9999.00 81.87 1.38 0.00
0.00 19628.22
54.30 -58.36 -9999.00 -9999.00 -9999.00 16.56 7.50 0.00
0.00 20480.42
46.90 -56.66 -9999.00 -9999.00 -9999.00 40.76 14.88 0.00
0.00 21405.19
40.10 -54.26 -9999.00 -9999.00 -9999.00 66.25 15.91 0.00
0.00 22403.32
33.80 -52.86 -9999.00 -9999.00 -9999.00 71.83 13.09 0.00
0.00 23501.91
27.80 -50.56 -9999.00 -9999.00 -9999.00 65.35 18.16 0.00
0.00 24768.63
22.30 -47.06 -9999.00 -9999.00 -9999.00 66.91 25.76 0.00
0.00 26216.26
17.10 -42.66 -9999.00 -9999.00 -9999.00 77.47 25.08 0.00
0.00 27990.48
12.30 -40.46 -9999.00 -9999.00 -9999.00 66.35 29.06 0.00
0.00 30224.01

STID = KMKE STNM = 726400 TIME = 200809/0400 
SLAT = 42.95 SLON = -87.90 SELV = 212.0
STIM = 12

SHOW = -4.48 LIFT = -4.86 SWET = 305.33 KINX = 30.42
LCLP = 915.99 PWAT = 41.13 TOTL = 53.10 CAPE = 1275.04
LCLT = 292.45 CINS = -130.14 EQLV = 226.17 LFCT = 654.34
BRCH = 34.26

PRES TMPC TMWC DWPC THTE DRCT SKNT OMEG
CFRL HGHT
990.90 25.94 22.17 20.57 345.85 201.45 5.85 0.10
0.00 221.81
988.00 26.64 22.19 20.31 346.38 198.67 15.17 0.10
0.00 247.73
982.50 27.04 22.09 20.00 346.81 199.73 18.98 0.20
0.00 297.20
973.10 27.74 21.75 19.18 346.77 204.01 23.39 0.20
0.00 382.53
959.20 27.14 21.06 18.39 346.01 209.01 24.44 0.20
0.00 510.21
941.40 25.74 20.19 17.69 345.18 211.52 24.15 0.30
0.00 675.84
920.10 23.94 19.15 16.92 344.29 211.21 23.62 0.30
0.00 877.08
896.90 22.24 17.98 15.92 343.32 214.86 21.08 0.20
0.00 1100.27
871.80 20.44 17.13 15.51 344.10 231.45 15.89 0.10
0.00 1346.84
843.70 18.14 15.90 14.77 344.04 249.94 13.03 -0.10
0.00 1629.44
812.80 15.74 13.93 12.94 341.87 263.35 11.73 -0.20
0.00 1948.59
778.90 14.34 10.50 8.02 335.67 261.47 11.79 -0.20
0.00 2310.17
742.30 13.24 6.94 1.77 330.52 264.29 11.71 -0.20
0.00 2716.20
702.80 10.84 4.20 -2.15 329.20 277.00 11.15 -0.10
0.00 3174.13
660.40 7.34 1.46 -4.82 329.11 271.12 9.91 0.10
0.00 3689.58
615.10 2.44 -2.29 -8.22 327.79 279.78 11.44 0.10
0.00 4269.22
567.40 -3.16 -6.98 -13.12 325.78 294.78 13.91 0.20
0.00 4914.91
521.20 -7.86 -11.60 -19.81 324.95 307.69 16.20 0.10
0.00 5581.08
479.50 -11.66 -13.84 -18.44 329.15 299.67 17.66 0.00
0.00 6224.66
442.20 -15.16 -16.84 -20.84 331.62 295.97 16.86 0.10
0.00 6841.02
408.60 -19.16 -20.75 -25.60 332.29 298.35 13.91 0.20
0.00 7433.68
378.10 -23.56 -24.74 -29.29 332.91 295.28 15.46 0.30
2.00 8005.81
350.70 -27.16 -28.47 -35.55 333.91 285.00 19.50 0.20
0.00 8551.69
326.00 -31.16 -32.29 -40.61 334.70 279.63 22.07 0.20
0.00 9073.43
303.70 -35.26 -36.15 -44.93 335.33 272.03 21.97 0.10
0.00 9571.17
283.60 -38.66 -39.51 -52.06 336.59 268.05 28.57 0.00
0.00 10044.63
265.60 -41.56 -42.31 -57.61 338.51 270.95 35.16 0.00
0.00 10491.96
248.70 -43.96 -44.63 -63.51 341.22 271.90 41.01 0.00
0.00 10935.34
233.50 -46.36 -46.91 -63.98 343.79 269.45 40.60 0.00
0.00 11356.21
219.60 -48.66 -49.13 -67.41 346.28 265.04 38.21 0.00
0.00 11761.59
205.70 -50.76 -51.15 -67.88 349.51 261.56 35.74 0.00
0.00 12189.26
191.70 -52.76 -53.11 -73.19 353.36 259.90 34.32 0.00
0.00 12646.05
177.70 -55.06 -55.34 -73.70 357.33 260.07 34.91 -0.10
0.00 13132.72
163.80 -57.76 -57.98 -74.24 361.22 261.14 36.56 0.00
0.00 13649.47
149.80 -60.76 -60.92 -74.84 365.40 261.56 35.74 0.00
0.00 14208.85
135.90 -63.76 -63.87 -75.48 370.40 260.59 32.09 0.10
0.00 14810.00
121.90 -64.86 -64.97 -76.19 380.08 270.00 30.50 0.10
0.00 15474.60
108.00 -62.96 -9999.00 -9999.00 -9999.00 279.46 21.27 0.00
0.00 16216.12
94.00 -62.46 -9999.00 -9999.00 -9999.00 251.97 8.78 0.00
0.00 17071.34
81.00 -62.66 -9999.00 -9999.00 -9999.00 254.36 10.08 0.00
0.00 17988.86
70.60 -60.46 -9999.00 -9999.00 -9999.00 285.42 5.85 0.00
0.00 18839.97
62.20 -59.86 -9999.00 -9999.00 -9999.00 48.37 2.33 0.00
0.00 19629.73
54.30 -58.56 -9999.00 -9999.00 -9999.00 20.92 7.07 0.00
0.00 20480.34
46.90 -55.96 -9999.00 -9999.00 -9999.00 58.61 13.42 0.00
0.00 21406.18
40.10 -54.36 -9999.00 -9999.00 -9999.00 76.33 14.80 0.00
0.00 22405.69
33.80 -52.86 -9999.00 -9999.00 -9999.00 60.95 12.00 0.00
0.00 23504.03
27.80 -50.56 -9999.00 -9999.00 -9999.00 62.10 18.69 0.00
0.00 24770.74
22.30 -47.46 -9999.00 -9999.00 -9999.00 78.60 24.57 0.00
0.00 26217.09
17.10 -43.96 -9999.00 -9999.00 -9999.00 84.73 25.37 0.00
0.00 27984.71
12.30 -41.36 -9999.00 -9999.00 -9999.00 70.20 30.96 0.00
0.00 30207.62

STID = KMKE STNM = 726400 TIME = 200809/0500 
SLAT = 42.95 SLON = -87.90 SELV = 212.0
STIM = 13

SHOW = -4.25 LIFT = -4.57 SWET = 293.50 KINX = 30.05
LCLP = 925.81 PWAT = 40.34 TOTL = 52.86 CAPE = 1206.69
LCLT = 292.76 CINS = -158.57 EQLV = 229.81 LFCT = 649.35
BRCH = 28.41

PRES TMPC TMWC DWPC THTE DRCT SKNT OMEG
CFRL HGHT
990.80 25.34 22.09 20.71 345.54 202.99 6.95 0.10
0.00 221.79
987.90 25.84 22.08 20.48 345.92 200.79 16.41 0.20
0.00 247.66
982.40 26.04 21.95 20.21 346.22 201.80 19.87 0.20
0.00 296.99
973.00 27.14 21.58 19.18 346.07 206.18 25.97 0.30
0.00 382.10
959.10 26.84 20.85 18.19 345.13 210.82 26.92 0.30
0.00 509.60
941.30 25.44 20.01 17.53 344.42 214.29 25.85 0.40
0.00 675.06
920.10 23.74 18.96 16.72 343.54 214.58 24.30 0.40
0.00 875.19
896.90 22.14 17.78 15.65 342.54 215.91 20.86 0.50
0.00 1098.24
871.70 20.34 17.04 15.42 343.77 230.87 14.78 0.40
0.00 1345.69
843.70 18.14 15.73 14.50 343.38 243.87 11.46 0.20
0.00 1627.24
812.70 15.84 13.60 12.35 340.67 258.23 9.52 0.10
0.00 1947.42
778.90 14.54 10.23 7.38 334.78 261.25 10.22 0.00
0.00 2308.07
742.30 13.24 6.91 1.70 330.43 268.98 10.88 -0.10
0.00 2714.19
702.80 10.84 4.16 -2.24 329.10 280.68 10.47 -0.10
0.00 3172.11
660.40 7.34 1.30 -5.25 328.71 273.50 9.54 0.10
0.00 3687.53
615.10 2.44 -2.30 -8.26 327.76 279.31 12.00 0.20
0.00 4267.15
567.40 -3.26 -6.84 -12.43 326.11 294.12 14.26 0.20
0.00 4912.74
521.20 -7.86 -11.77 -20.68 324.58 308.44 15.62 0.10
0.00 5578.79
479.50 -11.66 -14.25 -20.12 328.32 298.16 15.64 0.00
0.00 6222.31
442.20 -15.06 -16.95 -21.56 331.41 289.98 13.64 0.10
0.00 6838.72
408.60 -18.96 -20.95 -27.54 331.89 296.57 12.59 0.10
0.00 7431.68
378.10 -23.06 -24.73 -31.79 332.90 290.73 15.37 0.20
0.00 8004.53
350.70 -27.06 -28.33 -34.99 334.15 280.01 20.12 0.30
0.00 8551.04
326.00 -31.46 -32.37 -38.57 334.58 276.29 23.06 0.20
0.00 9072.59
303.70 -35.66 -36.38 -43.12 334.96 274.40 22.79 0.10
0.00 9569.62
283.60 -39.26 -39.97 -49.98 335.85 268.78 27.39 0.00
0.00 10042.09
265.60 -42.26 -42.97 -59.06 337.44 270.35 31.47 0.00
0.00 10488.17
248.70 -44.66 -45.28 -63.51 340.18 270.00 35.16 -0.10
0.00 10930.21
233.50 -46.46 -47.00 -63.98 343.64 265.79 37.00 -0.10
0.00 11350.35
219.60 -48.66 -49.13 -67.41 346.28 262.95 36.40 -0.10
0.00 11755.63
205.70 -50.96 -51.34 -67.88 349.19 263.31 35.00 -0.10
0.00 12183.11
191.70 -53.16 -53.49 -73.19 352.72 265.02 33.55 0.00
0.00 12639.28
177.70 -55.46 -55.73 -73.70 356.68 264.62 33.18 0.00
0.00 13125.06
163.80 -57.86 -58.07 -74.24 361.05 263.87 34.58 0.00
0.00 13641.22
149.80 -60.56 -60.72 -74.84 365.74 262.15 34.11 0.00
0.00 14200.73
135.90 -63.36 -63.48 -75.48 371.11 258.98 30.48 0.00
0.00 14802.73
121.90 -64.56 -64.67 -76.19 380.63 268.42 28.19 0.00
0.00 15468.44
108.00 -63.56 -9999.00 -9999.00 -9999.00 282.09 19.46 0.00
0.00 16209.44
94.00 -63.76 -9999.00 -9999.00 -9999.00 251.18 9.03 0.00
0.00 17060.79
81.00 -63.36 -9999.00 -9999.00 -9999.00 251.57 9.83 0.00
0.00 17973.96
70.60 -60.16 -9999.00 -9999.00 -9999.00 257.91 2.78 0.00
0.00 18824.26
62.20 -59.66 -9999.00 -9999.00 -9999.00 115.35 4.08 0.00
0.00 19614.95
54.30 -57.46 -9999.00 -9999.00 -9999.00 47.29 6.88 0.00
0.00 20468.15
46.90 -55.56 -9999.00 -9999.00 -9999.00 69.11 15.79 0.00
0.00 21397.20
40.10 -54.46 -9999.00 -9999.00 -9999.00 81.38 12.98 0.00
0.00 22397.39
33.80 -52.86 -9999.00 -9999.00 -9999.00 51.89 12.59 0.00
0.00 23495.49
27.80 -50.86 -9999.00 -9999.00 -9999.00 59.04 19.25 0.00
0.00 24761.35
22.30 -47.76 -9999.00 -9999.00 -9999.00 90.00 20.59 0.00
0.00 26205.75
17.10 -44.66 -9999.00 -9999.00 -9999.00 88.20 24.69 0.00
0.00 27969.48
12.30 -41.86 -50.09 -89.89 812.77 75.15 36.38 0.00
0.00 30186.62

STID = KMKE STNM = 726400 TIME = 200809/0600 
SLAT = 42.95 SLON = -87.90 SELV = 212.0
STIM = 14

SHOW = -3.96 LIFT = -4.92 SWET = 277.15 KINX = 29.87
LCLP = 933.17 PWAT = 40.98 TOTL = 52.44 CAPE = 1362.26
LCLT = 292.89 CINS = -150.34 EQLV = 222.69 LFCT = 655.74
BRCH = 33.32

PRES TMPC TMWC DWPC THTE DRCT SKNT OMEG
CFRL HGHT
991.30 24.84 21.96 20.72 344.89 214.44 8.24 0.10
0.00 221.76
988.30 25.24 21.94 20.53 345.28 214.05 17.35 0.20
0.00 248.47
982.90 25.14 21.79 20.36 345.48 214.45 20.26 0.30
0.00 296.76
973.50 25.34 21.60 20.00 346.12 219.61 29.25 0.40
0.00 381.47
959.60 25.24 21.22 19.49 346.68 221.46 31.10 0.40
0.00 508.25
941.70 24.54 20.47 18.68 346.34 224.44 28.03 0.50
0.00 673.98
920.40 23.14 19.39 17.68 345.26 223.68 23.91 0.40
0.00 874.58
897.20 21.74 17.92 16.07 343.04 222.55 19.25 0.40
0.00 1097.26
872.10 20.14 16.92 15.32 343.21 232.28 13.01 0.30
0.00 1343.40
844.00 18.04 15.57 14.30 342.72 246.04 9.56 0.20
0.00 1625.67
813.00 16.04 13.39 11.90 339.88 254.05 7.07 0.10
0.00 1945.75
779.20 14.64 10.17 7.18 334.51 257.32 7.96 0.00
0.00 2306.39
742.50 13.14 6.99 1.97 330.63 261.53 9.23 -0.20
0.00 2713.49
703.00 10.74 4.16 -2.12 329.08 266.57 9.73 -0.20
0.00 3171.14
660.60 7.34 1.24 -5.45 328.49 259.11 10.30 -0.10
0.00 3686.32
615.30 2.34 -2.08 -7.47 328.27 267.44 13.03 0.00
0.00 4265.67
567.60 -3.46 -6.52 -11.03 326.82 289.92 14.26 -0.10
0.00 4910.80
521.30 -7.96 -11.87 -20.84 324.37 305.73 13.64 -0.10
0.00 5577.80
479.60 -11.46 -14.63 -22.55 327.51 298.74 13.73 -0.10
0.00 6221.24
442.30 -14.96 -17.29 -23.46 330.70 295.77 12.51 0.00
0.00 6837.77
408.70 -19.06 -21.08 -27.87 331.64 294.15 12.35 0.10
0.00 7430.54
378.20 -23.06 -24.71 -31.64 332.91 286.26 14.57 0.10
0.00 8003.13
350.70 -26.96 -28.29 -35.36 334.21 282.22 19.27 0.20
0.00 8551.67
326.00 -31.56 -32.37 -37.68 334.59 282.31 21.87 0.20
0.00 9073.22
303.70 -35.86 -36.54 -42.79 334.72 275.19 21.46 0.10
0.00 9569.95
283.60 -39.56 -40.29 -51.31 335.34 264.92 26.32 0.00
0.00 10041.92
265.60 -42.76 -43.43 -59.06 336.71 268.45 28.77 -0.10
0.00 10487.23
248.70 -44.96 -45.56 -63.51 339.73 269.65 32.25 -0.10
0.00 10928.49
233.50 -46.66 -47.21 -66.97 343.29 267.23 36.17 -0.10
0.00 11348.17
219.60 -48.96 -49.41 -67.41 345.81 265.67 36.03 -0.10
0.00 11753.00
205.70 -51.16 -51.53 -67.88 348.88 265.53 34.87 0.00
0.00 12180.00
191.70 -53.16 -53.49 -73.19 352.72 266.40 34.05 0.00
0.00 12635.97
177.70 -55.46 -55.73 -73.70 356.68 265.70 33.70 0.00
0.00 13121.75
163.80 -58.06 -58.27 -74.24 360.72 264.81 34.32 0.00
0.00 13637.66
149.80 -60.66 -60.82 -74.84 365.57 263.21 32.87 0.00
0.00 14196.78
135.90 -63.26 -63.38 -75.48 371.28 257.18 28.88 0.00
0.00 14798.78
121.90 -65.06 -65.16 -76.19 379.71 264.46 26.15 0.00
0.00 15463.86
108.00 -64.66 -9999.00 -9999.00 -9999.00 275.84 17.19 0.00
0.00 16202.02
94.00 -64.36 -9999.00 -9999.00 -9999.00 237.53 10.14 0.00
0.00 17049.92
81.00 -62.46 -9999.00 -9999.00 -9999.00 242.99 11.11 0.00
0.00 17963.74
70.60 -59.36 -9999.00 -9999.00 -9999.00 253.30 2.02 0.00
0.00 18817.46
62.20 -59.56 -9999.00 -9999.00 -9999.00 51.34 1.24 0.00
0.00 19609.82
54.30 -56.86 -9999.00 -9999.00 -9999.00 29.58 8.26 0.00
0.00 20464.41
46.90 -55.66 -9999.00 -9999.00 -9999.00 74.68 14.70 0.00
0.00 21394.53
40.10 -54.46 -9999.00 -9999.00 -9999.00 88.18 12.24 0.00
0.00 22394.50
33.80 -53.56 -9999.00 -9999.00 -9999.00 63.43 12.59 0.00
0.00 23490.84
27.80 -50.46 -9999.00 -9999.00 -9999.00 64.31 17.04 0.00
0.00 24755.84
22.30 -47.46 -9999.00 -9999.00 -9999.00 85.45 17.15 0.00
0.00 26202.51
17.10 -44.56 -9999.00 -9999.00 -9999.00 88.47 21.76 0.00
0.00 27967.79
12.30 -41.96 -50.15 -89.89 812.42 82.19 34.30 0.00
0.00 30184.93

STID = KMKE STNM = 726400 TIME = 200809/0700 
SLAT = 42.95 SLON = -87.90 SELV = 212.0
STIM = 15

SHOW = -3.63 LIFT = -4.79 SWET = 262.07 KINX = 30.89
LCLP = 943.37 PWAT = 41.45 TOTL = 52.03 CAPE = 1320.12
LCLT = 293.29 CINS = -140.70 EQLV = 223.66 LFCT = 665.01
BRCH = 41.75

PRES TMPC TMWC DWPC THTE DRCT SKNT OMEG
CFRL HGHT
991.50 24.34 21.97 20.95 344.93 226.68 9.34 0.20
0.00 220.86
988.50 24.44 21.92 20.83 345.15 225.46 17.17 0.30
0.00 247.51
983.00 24.24 21.77 20.70 345.37 225.78 20.05 0.40
0.00 296.56
973.60 23.94 21.49 20.43 345.65 226.70 27.76 0.50
0.00 380.95
959.70 24.44 21.05 19.58 345.95 227.63 29.97 0.50
0.00 507.26
941.90 24.04 20.48 18.91 346.35 229.35 27.14 0.40
0.00 671.70
920.60 22.84 19.37 17.78 345.13 223.65 23.35 0.30
0.00 872.00
897.40 21.44 17.96 16.28 343.18 221.73 19.27 0.20
0.00 1094.42
872.20 20.04 16.77 15.14 342.64 226.27 12.37 0.10
0.00 1341.34
844.10 18.04 15.38 14.00 341.99 233.39 8.47 0.10
0.00 1623.49
813.10 16.14 13.08 11.32 338.75 225.00 6.59 0.00
0.00 1943.53
779.30 14.54 10.13 7.18 334.37 222.09 8.12 -0.10
0.00 2304.08
742.60 12.64 7.10 2.68 330.98 227.49 9.48 -0.20
0.00 2710.73
703.10 10.14 4.22 -1.30 329.26 243.97 9.30 -0.20
0.00 3167.53
660.70 6.94 1.19 -5.05 328.37 257.83 10.14 -0.20
0.00 3681.78
615.40 2.24 -1.88 -6.76 328.76 270.92 12.04 0.00
0.00 4260.58
567.60 -3.66 -6.16 -9.63 327.66 294.38 13.66 0.10
0.00 4906.75
521.30 -8.06 -11.84 -20.36 324.45 305.22 12.12 0.20
0.00 5573.46
479.60 -11.26 -14.66 -23.45 327.42 304.99 11.85 0.20
0.00 6217.01
442.30 -14.86 -17.49 -24.92 330.28 298.95 10.43 0.20
0.00 6833.85
408.70 -18.76 -20.84 -27.76 332.06 282.23 11.93 0.20
0.00 7427.05
378.20 -22.76 -24.50 -31.78 333.28 276.42 15.64 0.10
0.00 8000.33
350.70 -27.16 -28.39 -34.81 334.05 281.07 18.20 0.10
0.00 8548.98
326.00 -31.76 -32.52 -37.47 334.35 280.86 19.58 0.00
0.00 9070.11
303.70 -36.06 -36.76 -43.45 334.36 271.08 20.59 0.00
0.00 9566.42
283.60 -39.76 -40.52 -52.86 334.97 265.43 24.36 0.00
0.00 10037.99
265.60 -42.76 -43.45 -60.81 336.67 267.03 26.26 0.10
0.00 10483.10
248.70 -44.66 -45.28 -63.51 340.18 268.59 31.66 0.10
0.00 10924.65
233.50 -46.76 -47.28 -63.98 343.18 267.84 36.15 0.10
0.00 11344.51
219.60 -49.06 -49.50 -67.41 345.66 264.89 37.06 0.10
0.00 11749.17
205.70 -51.06 -51.43 -67.88 349.04 264.78 36.29 0.10
0.00 12176.17
191.70 -52.96 -53.30 -73.19 353.04 264.69 35.70 0.10
0.00 12632.45
177.70 -55.46 -55.73 -73.70 356.68 263.87 34.58 0.00
0.00 13118.45
163.80 -58.26 -58.46 -74.24 360.38 263.00 33.47 0.00
0.00 13634.12
149.80 -60.66 -60.82 -74.84 365.57 260.78 30.30 -0.10
0.00 14192.98
135.90 -63.26 -63.38 -75.48 371.28 251.57 27.64 0.00
0.00 14794.98
121.90 -65.06 -65.16 -76.19 379.71 255.23 25.91 0.00
0.00 15460.06
108.00 -64.36 -9999.00 -9999.00 -9999.00 261.35 18.08 0.00
0.00 16198.75
94.00 -63.86 -9999.00 -9999.00 -9999.00 232.96 12.90 0.00
0.00 17048.28
81.00 -61.96 -9999.00 -9999.00 -9999.00 253.11 11.36 0.00
0.00 17964.27
70.60 -59.56 -9999.00 -9999.00 -9999.00 277.13 1.57 0.00
0.00 18818.60
62.20 -58.46 -9999.00 -9999.00 -9999.00 153.43 1.73 0.00
0.00 19612.62
54.30 -56.36 -9999.00 -9999.00 -9999.00 80.96 8.66 0.00
0.00 20470.40
46.90 -56.46 -9999.00 -9999.00 -9999.00 102.44 13.52 0.00
0.00 21399.88
40.10 -54.76 -9999.00 -9999.00 -9999.00 86.76 10.31 0.00
0.00 22397.32
33.80 -52.26 -9999.00 -9999.00 -9999.00 56.55 13.03 0.00
0.00 23496.17
27.80 -49.56 -9999.00 -9999.00 -9999.00 62.30 17.56 0.00
0.00 24767.46
22.30 -47.86 -9999.00 -9999.00 -9999.00 73.86 15.37 0.00
0.00 26215.74
17.10 -45.36 -9999.00 -9999.00 -9999.00 82.11 19.81 0.00
0.00 27976.36
12.30 -42.16 -9999.00 -9999.00 -9999.00 79.40 30.63 0.00
0.00 30188.67

STID = KMKE STNM = 726400 TIME = 200809/0800 
SLAT = 42.95 SLON = -87.90 SELV = 212.0
STIM = 16

SHOW = -3.11 LIFT = -3.87 SWET = 239.84 KINX = 30.50
LCLP = 948.86 PWAT = 40.67 TOTL = 51.16 CAPE = 1005.52
LCLT = 293.24 CINS = -189.54 EQLV = 234.89 LFCT = 646.55
BRCH = 42.50

PRES TMPC TMWC DWPC THTE DRCT SKNT OMEG
CFRL HGHT
990.90 23.74 21.69 20.79 343.83 226.91 8.24 0.10
0.00 220.85
987.90 23.84 21.62 20.65 343.99 225.52 15.25 0.30
0.00 247.45
982.50 23.64 21.45 20.48 344.08 225.88 17.85 0.40
0.00 295.53
973.00 23.44 21.06 20.01 343.93 226.85 25.56 0.50
0.00 380.70
959.10 24.04 20.21 18.46 342.49 227.54 27.91 0.50
0.00 506.85
941.30 23.54 19.84 18.16 343.79 227.73 25.99 0.50
0.00 671.06
920.10 22.44 19.04 17.46 343.88 222.17 22.28 0.40
0.00 870.18
896.90 20.84 17.69 16.16 342.23 216.98 20.67 0.30
0.00 1092.32
871.70 19.54 16.42 14.84 341.39 217.03 13.87 0.20
0.00 1338.89
843.70 17.84 15.19 13.79 341.32 220.91 7.71 0.10
0.00 1619.81
812.80 16.24 12.81 10.80 337.85 212.35 6.90 0.10
0.00 1938.85
778.90 14.64 9.84 6.55 333.50 213.02 9.27 0.00
0.00 2300.68
742.30 12.64 6.95 2.36 330.59 217.69 10.80 0.00
0.00 2706.42
702.80 9.94 4.16 -1.22 329.16 233.13 9.71 0.00
0.00 3163.23
660.40 6.84 1.13 -5.09 328.27 258.27 10.51 0.00
0.00 3677.44
615.20 2.14 -1.75 -6.25 329.15 275.81 11.52 0.10
0.00 4255.00
567.40 -3.76 -6.14 -9.44 327.73 294.23 12.78 0.10
0.00 4901.19
521.20 -7.86 -11.77 -20.68 324.58 294.18 10.43 0.10
0.00 5566.76
479.50 -11.06 -14.40 -22.73 327.97 296.57 9.56 0.00
0.00 6210.95
442.20 -14.66 -17.31 -24.63 330.66 289.89 9.71 -0.10
0.00 6828.41
408.60 -18.76 -20.84 -27.76 332.09 282.80 13.15 -0.20
0.00 7421.99
378.10 -23.16 -24.71 -31.08 332.95 282.45 15.33 -0.20
0.00 7994.97
350.70 -27.56 -28.61 -33.96 333.69 285.26 15.50 -0.20
0.00 8540.84
326.00 -32.06 -32.75 -37.26 333.97 284.35 17.25 -0.10
1.00 9061.22
303.70 -36.36 -37.11 -44.93 333.78 275.98 20.51 0.00
0.00 9556.91
283.60 -39.96 -40.75 -54.73 334.60 269.51 22.53 0.00
0.00 10027.96
265.60 -42.56 -43.27 -60.81 336.96 268.24 25.27 0.10
0.00 10473.08
248.70 -44.46 -45.10 -63.51 340.48 268.94 31.47 0.10
0.00 10915.01
233.50 -47.06 -47.56 -63.98 342.73 266.29 36.01 0.10
0.00 11334.78
219.60 -49.06 -49.50 -67.41 345.66 261.70 36.32 0.10
0.00 11739.16
205.70 -50.86 -51.24 -67.88 349.35 259.92 35.51 0.00
0.00 12166.36
191.70 -52.96 -53.30 -73.19 353.04 258.63 34.48 -0.10
0.00 12622.84
177.70 -55.76 -56.02 -73.70 356.19 258.56 33.29 -0.20
0.00 13108.51
163.80 -58.66 -58.85 -74.24 359.71 259.79 31.78 -0.10
0.00 13623.35
149.80 -61.06 -61.21 -74.84 364.88 258.09 29.18 0.00
0.00 14181.17
135.90 -63.06 -63.18 -75.48 371.64 249.44 28.21 0.00
0.00 14782.88
121.90 -64.26 -9999.00 -9999.00 -9999.00 250.63 26.36 0.00
0.00 15449.55
108.00 -63.76 -9999.00 -9999.00 -9999.00 254.29 19.37 0.00
0.00 16190.72
94.00 -63.76 -9999.00 -9999.00 -9999.00 239.53 15.33 0.00
0.00 17041.67
81.00 -62.16 -9999.00 -9999.00 -9999.00 263.19 13.11 0.00
0.00 17957.45
70.60 -59.36 -9999.00 -9999.00 -9999.00 293.20 2.95 0.00
0.00 18811.78
62.20 -58.16 -9999.00 -9999.00 -9999.00 324.46 1.67 0.00
0.00 19606.73
54.30 -56.56 -9999.00 -9999.00 -9999.00 72.07 6.93 0.00
0.00 20464.70
46.90 -56.36 -9999.00 -9999.00 -9999.00 109.29 8.24 0.00
0.00 21393.96
40.10 -54.56 -9999.00 -9999.00 -9999.00 67.69 8.20 0.00
0.00 22392.10
33.80 -51.76 -9999.00 -9999.00 -9999.00 59.62 13.05 0.00
0.00 23492.69
27.80 -49.86 -9999.00 -9999.00 -9999.00 74.14 17.77 0.00
0.00 24764.55
22.30 -47.76 -9999.00 -9999.00 -9999.00 68.20 15.70 0.00
0.00 26212.19
17.10 -45.26 -9999.00 -9999.00 -9999.00 70.66 19.35 0.00
0.00 27973.59
12.30 -42.76 -9999.00 -9999.00 -9999.00 71.92 30.03 0.00
0.00 30183.49

STID = KMKE STNM = 726400 TIME = 200809/0900 
SLAT = 42.95 SLON = -87.90 SELV = 212.0
STIM = 17

SHOW = -2.36 LIFT = -2.99 SWET = 215.59 KINX = 30.20
LCLP = 954.46 PWAT = 38.90 TOTL = 50.66 CAPE = 805.92
LCLT = 293.14 CINS = -263.82 EQLV = 247.57 LFCT = 635.45
BRCH = 43.43

PRES TMPC TMWC DWPC THTE DRCT SKNT OMEG
CFRL HGHT
990.80 23.14 21.39 20.60 342.57 220.43 6.90 0.10
0.00 220.83
987.80 23.24 21.32 20.46 342.74 219.40 14.08 0.20
0.00 247.38
982.30 23.04 21.15 20.30 342.87 219.89 16.96 0.30
0.00 296.26
972.90 23.04 20.81 19.80 342.87 222.06 24.07 0.40
1.00 380.39
959.00 23.64 19.87 18.12 341.14 221.92 25.58 0.50
0.00 506.36
941.20 23.44 19.13 17.08 340.90 219.26 23.33 0.50
0.00 670.39
919.90 22.44 18.21 16.15 340.60 216.07 19.46 0.50
0.00 870.32
896.80 21.24 17.00 14.83 339.53 212.07 17.19 0.50
0.00 1091.55
871.70 19.94 16.04 14.00 339.91 205.68 11.21 0.50
0.00 1337.36
843.60 18.44 14.62 12.53 339.24 196.14 7.69 0.40
0.00 1619.66
812.70 16.94 12.08 9.05 335.33 202.20 10.28 0.30
0.00 1939.25
779.00 15.24 9.38 5.13 331.96 206.57 13.46 0.10
0.00 2299.55
742.40 12.64 6.82 2.06 330.18 214.14 13.85 0.00
0.00 2705.56
702.90 9.74 4.09 -1.16 328.98 229.82 11.44 0.00
0.00 3162.13
660.50 6.74 1.10 -5.02 328.20 265.16 11.50 0.00
0.00 3675.99
615.20 2.04 -1.65 -5.85 329.41 286.78 12.78 0.10
0.00 4254.60
567.40 -3.86 -6.12 -9.21 327.80 295.89 14.69 0.10
0.00 4900.59
521.20 -7.86 -11.60 -19.81 324.95 288.14 11.85 0.10
0.00 5566.08
479.50 -11.16 -14.11 -20.93 328.58 289.13 10.08 0.10
0.00 6210.20
442.20 -14.86 -17.37 -24.26 330.54 289.13 10.08 0.00
0.00 6827.36
408.60 -18.96 -21.10 -28.46 331.61 292.83 12.00 0.00
0.00 7420.48
378.10 -23.56 -24.99 -30.94 332.45 289.00 12.53 0.00
0.00 7992.76
350.70 -27.86 -28.79 -33.47 333.39 283.35 11.77 0.00
0.00 8537.87
326.00 -32.36 -33.20 -39.29 333.22 280.10 14.39 0.00
0.00 9057.60
303.70 -36.56 -37.49 -49.38 333.15 271.85 18.07 0.00
0.00 9552.74
283.60 -39.86 -40.68 -55.83 334.71 264.35 19.72 0.00
0.00 10023.68
265.60 -42.06 -42.81 -60.81 337.69 261.87 24.73 0.00
0.00 10469.37
248.70 -44.46 -45.07 -61.32 340.52 264.81 32.19 0.00
0.00 10911.78
233.50 -47.16 -47.68 -66.97 342.53 263.90 36.54 -0.10
0.00 11331.46
219.60 -49.76 -50.14 -64.44 344.63 262.09 35.30 -0.10
0.00 11735.13
205.70 -51.76 -52.10 -67.88 347.93 260.16 34.11 -0.10
0.00 12160.80
191.70 -53.76 -54.04 -68.39 351.81 257.65 33.61 0.00
0.00 12615.52
177.70 -56.06 -56.31 -73.70 355.69 256.61 33.55 0.00
0.00 13099.98
163.80 -58.56 -58.75 -74.24 359.88 257.76 33.00 0.00
0.00 13614.58
149.80 -60.86 -61.02 -74.84 365.22 257.01 31.10 0.10
0.00 14172.78
135.90 -62.76 -62.89 -75.48 372.17 249.32 31.35 0.00
0.00 14775.21
121.90 -64.36 -9999.00 -9999.00 -9999.00 249.88 27.10 0.00
0.00 15442.20
108.00 -64.76 -9999.00 -9999.00 -9999.00 254.69 19.13 0.00
0.00 16181.42
94.00 -64.46 -9999.00 -9999.00 -9999.00 245.67 15.56 0.00
0.00 17028.91
81.00 -62.46 -9999.00 -9999.00 -9999.00 263.56 12.12 0.00
0.00 17942.51
70.60 -59.96 -9999.00 -9999.00 -9999.00 331.70 2.87 0.00
0.00 18795.03
62.20 -58.96 -9999.00 -9999.00 -9999.00 5.71 3.90 0.00
0.00 19587.38
54.30 -57.56 -9999.00 -9999.00 -9999.00 84.29 7.81 0.00
0.00 20441.78
46.90 -57.36 -9999.00 -9999.00 -9999.00 101.31 7.93 0.00
0.00 21366.75
40.10 -54.86 -9999.00 -9999.00 -9999.00 58.32 10.72 0.00
0.00 22361.91
33.80 -51.86 -9999.00 -9999.00 -9999.00 66.89 15.83 0.00
0.00 23461.50
27.80 -50.26 -9999.00 -9999.00 -9999.00 79.53 18.18 0.00
0.00 24731.94
22.30 -48.16 -9999.00 -9999.00 -9999.00 77.47 17.91 0.00
0.00 26176.99
17.10 -45.06 -9999.00 -9999.00 -9999.00 77.47 21.48 0.00
0.00 27937.61
12.30 -42.26 -9999.00 -9999.00 -9999.00 83.86 30.87 0.00
0.00 30150.88

STID = KMKE STNM = 726400 TIME = 200809/1000 
SLAT = 42.95 SLON = -87.90 SELV = 212.0
STIM = 18

SHOW = -1.58 LIFT = -2.69 SWET = 186.04 KINX = 29.52
LCLP = 965.59 PWAT = 38.46 TOTL = 49.84 CAPE = 825.21
LCLT = 293.30 CINS = -267.43 EQLV = 243.59 LFCT = 637.49
BRCH = 53.88

PRES TMPC TMWC DWPC THTE DRCT SKNT OMEG
CFRL HGHT
991.10 22.34 21.14 20.57 341.47 228.99 5.92 0.10
0.00 220.80
988.10 22.54 21.13 20.48 341.91 225.59 13.33 0.20
0.00 247.28
982.60 22.34 20.98 20.35 342.12 225.48 16.34 0.30
0.00 296.02
973.20 22.44 20.74 19.96 342.55 226.74 22.67 0.40
0.00 379.95
959.30 22.74 20.11 18.90 342.08 225.00 23.89 0.40
3.00 505.60
941.50 22.84 19.17 17.43 341.02 218.81 22.94 0.30
0.00 669.21
920.30 22.24 17.90 15.73 339.30 218.09 18.26 0.20
0.00 867.86
897.10 21.44 16.56 13.99 337.83 216.55 14.02 0.10
0.00 1089.89
872.00 20.24 15.53 12.98 337.98 205.08 10.08 0.00
0.00 1335.73
843.90 18.64 14.17 11.63 337.54 191.04 8.12 -0.20
0.00 1618.05
813.00 17.04 11.92 8.67 334.72 202.38 10.72 -0.30
0.00 1937.60
779.30 15.24 9.35 5.07 331.83 213.02 13.91 -0.40
0.00 2297.80
742.60 12.54 6.90 2.34 330.40 222.75 14.02 -0.20
0.00 2704.73
703.10 9.64 4.05 -1.16 328.83 235.24 11.58 0.00
0.00 3161.02
660.70 6.64 1.07 -4.98 328.08 267.95 10.88 0.20
0.00 3674.56
615.30 2.04 -1.60 -5.72 329.51 289.33 11.73 0.30
0.00 4254.22
567.60 -3.86 -6.10 -9.17 327.79 292.11 13.42 0.30
0.00 4898.70
521.30 -7.66 -11.35 -19.22 325.44 280.01 10.06 0.10
0.00 5565.71
479.60 -11.26 -13.91 -19.76 328.97 272.73 8.16 0.00
0.00 6209.87
442.30 -15.06 -17.60 -24.73 330.09 275.71 7.81 -0.20
0.00 6826.56
408.60 -19.26 -21.44 -29.33 330.97 291.04 8.12 -0.10
0.00 7420.77
378.20 -23.76 -25.19 -31.21 332.09 282.53 8.95 0.00
0.00 7990.53
350.70 -28.16 -29.05 -33.63 332.95 271.19 9.32 0.10
0.00 8536.99
326.00 -32.46 -33.61 -43.89 332.52 270.88 12.63 0.20
0.00 9056.27
303.70 -36.56 -37.63 -54.16 332.90 266.38 15.38 0.20
0.00 9551.28
283.60 -39.56 -40.41 -55.83 335.14 257.86 18.47 0.20
0.00 10022.51
265.60 -41.66 -42.42 -59.06 338.32 259.85 26.44 0.10
0.00 10468.87
248.70 -44.66 -45.26 -61.32 340.22 264.68 31.41 0.10
0.00 10911.48
233.50 -47.56 -48.03 -63.98 341.97 260.75 35.02 0.10
0.00 11330.60
219.60 -49.86 -50.24 -64.44 344.47 258.94 35.43 0.10
0.00 11733.82
205.70 -51.56 -51.91 -67.88 348.25 257.30 36.25 0.00
0.00 12159.58
191.70 -53.46 -53.75 -68.39 352.29 255.74 36.29 0.00
0.00 12614.83
177.70 -55.66 -55.92 -73.70 356.35 254.01 35.98 0.00
0.00 13100.05
163.80 -58.36 -58.56 -74.24 360.21 254.36 35.30 0.00
0.00 13615.37
149.80 -60.86 -61.02 -74.84 365.22 254.96 32.19 0.00
0.00 14173.84
135.90 -63.06 -63.18 -75.48 371.64 252.79 31.53 0.00
0.00 14775.84
121.90 -64.36 -9999.00 -9999.00 -9999.00 254.63 26.40 0.00
0.00 15442.35
108.00 -64.56 -9999.00 -9999.00 -9999.00 252.30 19.17 0.00
0.00 16181.92
94.00 -64.36 -9999.00 -9999.00 -9999.00 244.62 16.76 0.00
0.00 17030.02
81.00 -62.86 -9999.00 -9999.00 -9999.00 260.87 11.01 0.00
0.00 17942.97
70.60 -61.06 -9999.00 -9999.00 -9999.00 63.43 0.87 0.00
0.00 18792.47
62.20 -59.66 -9999.00 -9999.00 -9999.00 96.01 3.71 0.00
0.00 19581.49
54.30 -58.16 -9999.00 -9999.00 -9999.00 101.07 9.11 0.00
0.00 20433.30
46.90 -56.96 -9999.00 -9999.00 -9999.00 76.33 7.40 0.00
0.00 21357.85
40.10 -54.26 -9999.00 -9999.00 -9999.00 61.65 13.91 0.00
0.00 22355.29
33.80 -52.66 -9999.00 -9999.00 -9999.00 74.05 18.38 0.00
0.00 23454.39
27.80 -50.46 -9999.00 -9999.00 -9999.00 84.53 18.34 0.00
0.00 24721.96
22.30 -48.06 -9999.00 -9999.00 -9999.00 78.35 19.23 0.00
0.00 26166.69
17.10 -45.46 -9999.00 -9999.00 -9999.00 70.89 20.77 0.00
0.00 27926.15
12.30 -42.76 -9999.00 -9999.00 -9999.00 82.30 29.00 0.00
0.00 30135.08

STID = KMKE STNM = 726400 TIME = 200809/1100 
SLAT = 42.95 SLON = -87.90 SELV = 212.0
STIM = 19

SHOW = -0.79 LIFT = -2.56 SWET = 159.33 KINX = 27.58
LCLP = 973.48 PWAT = 38.12 TOTL = 48.69 CAPE = 794.46
LCLT = 293.34 CINS = -256.35 EQLV = 239.65 LFCT = 635.58
BRCH = 90.13

PRES TMPC TMWC DWPC THTE DRCT SKNT OMEG
CFRL HGHT
991.60 21.74 20.91 20.49 340.45 238.67 5.23 0.10
0.00 221.66
988.70 21.94 20.94 20.45 341.01 239.35 12.20 0.20
0.00 247.18
983.10 21.84 20.85 20.37 341.50 239.80 15.05 0.30
0.00 296.70
973.70 21.94 20.72 20.14 342.38 240.73 20.26 0.40
0.00 380.44
959.80 21.94 20.15 19.31 342.16 239.04 20.40 0.40
7.00 505.77
942.00 22.44 19.32 17.86 341.57 229.59 18.88 0.40
0.00 668.99
920.70 21.84 18.13 16.31 340.15 223.58 16.63 0.30
0.00 868.26
897.50 21.14 16.49 14.04 337.53 222.93 11.40 0.10
0.00 1089.97
872.40 20.14 15.14 12.35 336.48 212.57 8.29 0.00
0.00 1335.50
844.40 18.44 13.81 11.11 336.18 188.97 7.48 -0.20
0.00 1616.45
813.40 16.54 11.96 9.09 334.82 190.62 9.48 -0.30
0.00 1936.47
779.60 14.84 9.40 5.50 331.96 212.62 11.54 -0.30
0.00 2297.07
742.90 12.44 6.81 2.23 330.09 228.22 12.24 -0.10
0.00 2703.50
703.40 9.94 3.90 -1.88 328.34 234.34 10.99 0.20
0.00 3159.73
660.90 6.84 1.07 -5.24 328.04 261.16 8.84 0.30
0.00 3674.69
615.60 2.04 -1.68 -5.94 329.25 279.04 8.66 0.30
0.00 4253.03
567.70 -3.56 -6.28 -10.15 327.35 275.49 10.14 0.30
0.00 4900.29
521.40 -7.26 -11.20 -19.66 325.71 250.71 8.24 0.20
0.00 5567.99
479.70 -11.26 -14.01 -20.19 328.75 242.78 7.65 0.10
0.00 6212.49
442.30 -15.26 -17.92 -25.82 329.46 259.29 7.32 0.00
0.00 6830.50
408.70 -19.36 -21.64 -30.26 330.57 281.63 6.74 0.10
0.00 7422.49
378.20 -23.66 -25.17 -31.64 332.11 273.90 8.57 0.20
0.00 7994.03
350.70 -27.96 -29.47 -39.36 332.19 274.01 11.09 0.30
0.00 8540.77
326.00 -32.16 -33.77 -57.43 332.18 279.46 14.18 0.20
0.00 9060.52
303.70 -36.26 -37.34 -53.18 333.37 272.26 14.78 0.10
0.00 9556.12
283.60 -39.06 -39.98 -57.08 335.81 257.17 20.12 0.10
0.00 10028.15
265.60 -41.96 -42.67 -57.61 337.92 255.32 25.29 0.00
0.00 10474.70
248.70 -44.86 -45.47 -63.51 339.88 256.32 30.38 0.00
0.00 10916.83
233.50 -47.86 -48.32 -63.98 341.51 254.10 33.33 0.00
0.00 11335.50
219.60 -49.76 -50.14 -64.44 344.63 252.74 35.99 0.00
0.00 11738.53
205.70 -51.26 -51.62 -67.88 348.72 254.85 38.64 0.00
0.00 12164.68
191.70 -53.36 -53.66 -68.39 352.45 256.94 38.69 -0.10
0.00 12620.33
177.70 -55.76 -56.02 -73.70 356.19 256.61 37.74 -0.10
0.00 13105.56
163.80 -58.36 -58.56 -74.24 360.21 256.04 36.23 0.00
0.00 13620.76
149.80 -60.96 -61.11 -74.84 365.05 255.64 32.89 0.00
0.00 14179.09
135.90 -63.06 -63.18 -75.48 371.64 253.96 30.92 0.00
0.00 14780.95
121.90 -63.96 -9999.00 -9999.00 -9999.00 252.70 24.83 0.00
0.00 15448.10
108.00 -64.06 -9999.00 -9999.00 -9999.00 240.89 19.56 0.00
0.00 16189.27
94.00 -64.06 -9999.00 -9999.00 -9999.00 245.50 16.86 0.00
0.00 17039.00
81.00 -62.26 -9999.00 -9999.00 -9999.00 266.57 9.73 0.00
0.00 17953.91
70.60 -60.46 -9999.00 -9999.00 -9999.00 150.64 3.57 0.00
0.00 18805.82
62.20 -59.46 -9999.00 -9999.00 -9999.00 139.90 4.82 0.00
0.00 19596.32
54.30 -58.16 -9999.00 -9999.00 -9999.00 85.91 5.46 0.00
0.00 20448.53
46.90 -56.66 -9999.00 -9999.00 -9999.00 44.03 8.10 0.00
0.00 21373.72
40.10 -54.76 -9999.00 -9999.00 -9999.00 59.86 13.93 0.00
0.00 22370.71
33.80 -53.16 -9999.00 -9999.00 -9999.00 73.24 16.84 0.00
0.00 23467.30
27.80 -50.46 -9999.00 -9999.00 -9999.00 84.29 15.62 0.00
0.00 24733.45
22.30 -47.46 -9999.00 -9999.00 -9999.00 80.13 18.14 0.00
0.00 26180.11
17.10 -45.26 -9999.00 -9999.00 -9999.00 74.20 21.41 0.00
0.00 27942.68
12.30 -42.56 -9999.00 -9999.00 -9999.00 78.02 26.20 0.00
0.00 30153.54

STID = KMKE STNM = 726400 TIME = 200809/1200 
SLAT = 42.95 SLON = -87.90 SELV = 212.0
STIM = 20

SHOW = -0.29 LIFT = -2.45 SWET = 152.39 KINX = 24.40
LCLP = 970.15 PWAT = 36.00 TOTL = 48.27 CAPE = 737.68
LCLT = 293.47 CINS = -322.51 EQLV = 244.33 LFCT = 627.08
BRCH = 418.57

PRES TMPC TMWC DWPC THTE DRCT SKNT OMEG
CFRL HGHT
991.40 22.14 21.15 20.67 341.47 225.00 5.23 0.10
0.00 220.80
988.40 21.94 20.98 20.51 341.22 225.74 10.59 0.20
0.00 247.23
982.90 21.54 20.78 20.40 341.25 227.60 12.10 0.20
0.00 295.84
973.40 21.74 20.66 20.14 342.18 232.13 15.50 0.30
7.00 380.43
959.60 21.84 19.95 19.07 341.41 232.19 14.26 0.30
12.00 504.82
941.70 22.74 19.16 17.47 340.97 221.86 12.51 0.40
0.00 669.03
920.50 22.14 17.98 15.92 339.60 212.11 11.69 0.30
0.00 867.58
897.30 21.54 16.34 13.55 336.97 202.83 8.00 0.30
0.00 1089.56
872.20 20.34 14.87 11.74 335.52 186.71 6.64 0.30
0.00 1335.33
844.10 18.64 13.38 10.20 334.71 174.56 8.20 0.20
0.00 1617.48
813.20 16.84 11.45 7.91 333.13 187.39 10.59 0.20
0.00 1936.72
779.40 15.14 8.88 4.13 330.33 213.15 11.36 0.30
0.00 2297.64
742.80 13.04 6.50 0.90 329.12 231.19 11.46 0.40
0.00 2703.53
703.20 10.94 3.70 -3.67 327.71 241.14 10.86 0.50
0.00 3162.13
660.80 7.34 1.15 -5.72 328.21 262.33 10.20 0.50
0.00 3677.25
615.50 2.14 -1.94 -6.79 328.60 267.99 11.07 0.30
0.00 4256.23
567.70 -3.26 -6.64 -11.78 326.51 264.04 13.09 0.20
0.00 4902.55
521.40 -7.26 -11.38 -20.59 325.31 245.30 10.68 0.00
0.00 5570.52
479.70 -11.46 -14.61 -22.46 327.53 239.98 10.10 -0.20
0.00 6214.69
442.30 -15.56 -18.36 -27.25 328.62 254.22 9.29 -0.20
0.00 6832.03
408.70 -19.66 -21.94 -30.83 330.04 262.09 7.05 -0.20
0.00 7423.30
378.20 -23.86 -25.38 -32.08 331.74 259.00 7.13 -0.10
0.00 7994.26
350.80 -27.96 -29.74 -43.61 331.67 275.31 8.39 0.00
0.00 8538.69
326.00 -32.26 -33.75 -51.68 332.24 293.03 8.45 0.00
0.00 9060.34
303.70 -36.16 -37.25 -53.18 333.51 265.33 9.56 0.00
0.00 9555.95
283.60 -38.66 -39.60 -55.83 336.43 246.04 21.04 0.00
0.00 10028.48
265.60 -41.66 -42.40 -57.61 338.36 246.00 27.21 -0.10
0.00 10475.71
248.70 -44.86 -45.47 -63.51 339.88 249.37 33.62 0.00
0.00 10918.12
233.50 -47.86 -48.32 -63.98 341.51 251.57 36.85 0.00
0.00 11336.79
219.60 -49.96 -50.33 -64.44 344.32 253.02 38.60 0.00
0.00 11739.65
205.70 -51.76 -52.10 -67.88 347.93 254.52 39.30 0.00
0.00 12165.12
191.70 -53.56 -53.85 -68.39 352.13 256.73 38.93 0.00
0.00 12620.06
177.70 -55.86 -56.12 -73.70 356.02 258.52 38.05 0.00
0.00 13104.95
163.80 -58.46 -58.66 -74.24 360.04 258.57 36.27 0.00
0.00 13619.91
149.80 -61.16 -61.31 -74.84 364.71 257.21 32.46 0.00
0.00 14177.85
135.90 -63.36 -9999.00 -9999.00 -9999.00 252.76 29.49 0.00
0.00 14779.00
121.90 -64.16 -9999.00 -9999.00 -9999.00 248.20 21.97 0.00
0.00 15445.35
108.00 -63.96 -9999.00 -9999.00 -9999.00 235.99 19.44 0.00
0.00 16186.34
94.00 -63.56 -9999.00 -9999.00 -9999.00 249.44 16.59 0.00
0.00 17037.29
81.00 -61.66 -9999.00 -9999.00 -9999.00 268.85 9.71 0.00
0.00 17954.59
70.60 -60.66 -9999.00 -9999.00 -9999.00 184.40 5.07 0.00
0.00 18807.31
62.20 -60.26 -9999.00 -9999.00 -9999.00 198.43 1.85 0.00
0.00 19595.96
54.30 -58.96 -9999.00 -9999.00 -9999.00 45.00 3.85 0.00
0.00 20444.98
46.90 -57.06 -9999.00 -9999.00 -9999.00 64.65 8.16 0.00
0.00 21367.60
40.10 -55.66 -9999.00 -9999.00 -9999.00 68.20 13.60 0.00
0.00 22361.61
33.80 -52.96 -9999.00 -9999.00 -9999.00 73.77 15.99 0.00
0.00 23456.45
27.80 -50.36 -9999.00 -9999.00 -9999.00 86.63 16.53 0.00
0.00 24723.45
22.30 -47.16 -9999.00 -9999.00 -9999.00 82.13 18.43 0.00
0.00 26171.41
17.10 -43.96 -9999.00 -9999.00 -9999.00 79.96 22.30 0.00
0.00 27940.19
12.30 -42.06 -9999.00 -9999.00 -9999.00 74.39 27.43 0.00
0.00 30159.73

STID = KMKE STNM = 726400 TIME = 200809/1300 
SLAT = 42.95 SLON = -87.90 SELV = 212.0
STIM = 21

SHOW = 0.02 LIFT = -2.89 SWET = 149.00 KINX = 21.73
LCLP = 954.72 PWAT = 34.03 TOTL = 48.23 CAPE = 816.54
LCLT = 293.45 CINS = -374.37 EQLV = 233.27 LFCT = 624.83
BRCH = 214.87

PRES TMPC TMWC DWPC THTE DRCT SKNT OMEG
CFRL HGHT
990.90 23.44 21.69 20.91 343.81 205.02 6.43 0.10
0.00 221.72
987.90 22.94 21.41 20.72 343.11 204.86 8.78 0.10
0.00 248.28
982.50 22.44 21.15 20.55 342.83 205.56 9.91 0.10
0.00 296.19
973.10 21.84 20.58 19.98 341.89 206.95 12.86 0.10
0.00 380.06
959.20 21.14 19.91 19.32 341.31 207.68 13.38 0.10
17.00 505.27
941.40 22.14 19.19 17.79 341.12 200.14 12.41 0.10
7.00 668.29
920.10 22.14 18.10 16.11 340.12 189.31 12.00 0.00
0.00 867.68
896.90 21.54 16.43 13.70 337.35 175.60 10.14 0.00
0.00 1089.77
871.80 20.34 14.71 11.45 335.01 162.72 9.15 -0.10
0.00 1335.65
843.80 18.94 12.92 9.13 333.17 167.47 10.74 0.00
0.00 1616.99
812.90 17.74 10.53 5.31 330.14 190.22 12.04 0.10
0.00 1936.80
779.20 16.14 8.26 1.74 328.38 211.61 11.87 0.20
0.00 2297.69
742.60 14.14 6.17 -1.14 328.09 228.45 11.42 0.20
0.00 2704.95
703.10 11.84 3.59 -5.23 327.33 248.39 11.07 0.30
0.00 3163.92
660.70 7.64 1.14 -6.15 328.20 267.18 11.87 0.20
0.00 3680.12
615.30 2.34 -2.34 -8.22 327.63 267.71 14.59 0.20
0.00 4260.95
567.60 -3.06 -6.98 -13.32 325.74 268.00 16.72 0.10
0.00 4906.41
521.30 -7.56 -11.59 -20.68 324.93 255.34 13.05 0.00
0.00 5574.31
479.60 -11.76 -15.21 -24.72 326.36 248.90 11.87 -0.10
0.00 6217.84
442.30 -15.96 -18.74 -27.97 327.91 254.93 10.47 -0.20
0.00 6832.70
408.70 -19.96 -22.16 -30.83 329.65 247.01 6.95 -0.20
0.00 7423.15
378.20 -24.16 -25.71 -32.86 331.16 221.50 6.74 -0.20
0.00 7993.42
350.70 -27.96 -29.81 -44.90 331.58 232.70 5.13 -0.10
0.00 8539.57
326.00 -32.36 -33.77 -49.41 332.23 239.04 2.27 -0.10
0.00 9059.08
303.70 -35.96 -37.08 -53.18 333.79 228.09 10.18 -0.10
0.00 9554.80
283.60 -38.66 -39.57 -54.73 336.47 238.14 23.56 -0.10
0.00 10027.54
265.60 -41.46 -42.26 -60.81 338.57 247.30 32.21 -0.10
0.00 10474.95
248.70 -45.06 -45.65 -63.51 339.58 252.76 35.39 -0.10
0.00 10917.37
233.50 -48.26 -48.69 -63.98 340.91 252.65 35.82 -0.10
0.00 11335.48
219.60 -50.36 -50.71 -64.44 343.70 251.94 37.59 0.00
0.00 11737.61
205.70 -52.16 -52.48 -67.88 347.31 254.41 38.33 0.00
0.00 12162.32
191.70 -54.16 -54.43 -68.39 351.16 256.04 37.84 0.00
0.00 12616.22
177.70 -56.16 -56.41 -73.70 355.53 256.32 37.78 0.00
0.00 13100.12
163.80 -58.46 -58.66 -74.24 360.04 257.54 36.01 0.00
0.00 13614.72
149.80 -60.96 -61.11 -74.84 365.05 257.16 31.47 0.00
0.00 14172.93
135.90 -63.16 -9999.00 -9999.00 -9999.00 250.19 28.09 0.00
0.00 14774.64
121.90 -64.06 -9999.00 -9999.00 -9999.00 249.03 22.26 0.00
0.00 15441.47
108.00 -63.96 -9999.00 -9999.00 -9999.00 244.98 19.29 0.00
0.00 16182.64
94.00 -63.56 -9999.00 -9999.00 -9999.00 256.95 16.36 0.00
0.00 17033.58
81.00 -61.96 -9999.00 -9999.00 -9999.00 265.60 7.60 0.00
0.00 17950.24
70.60 -60.66 -9999.00 -9999.00 -9999.00 181.97 5.63 0.00
0.00 18802.35
62.20 -59.06 -9999.00 -9999.00 -9999.00 141.34 1.24 0.00
0.00 19593.22
54.30 -57.86 -9999.00 -9999.00 -9999.00 91.74 6.41 0.00
0.00 20446.82
46.90 -56.56 -9999.00 -9999.00 -9999.00 88.85 9.71 0.00
0.00 21372.87
40.10 -55.46 -9999.00 -9999.00 -9999.00 75.76 13.42 0.00
0.00 22368.48
33.80 -52.46 -9999.00 -9999.00 -9999.00 78.85 14.06 0.00
0.00 23465.08
27.80 -49.96 -9999.00 -9999.00 -9999.00 88.32 13.21 0.00
0.00 24734.65
22.30 -47.56 -9999.00 -9999.00 -9999.00 63.76 15.38 0.00
0.00 26182.61
17.10 -44.16 -9999.00 -9999.00 -9999.00 72.33 23.04 0.00
0.00 27949.06
12.30 -42.46 -9999.00 -9999.00 -9999.00 78.76 29.91 0.00
0.00 30165.71
STN YYMMDD/HHMM PMSL PRES SKTC STC1 SNFL WTNS
P01M C01M STC2 LCLD MCLD HCLD
SNRA UWND VWND R01M BFGR T2MS
Q2MS WXTS WXTP WXTZ WXTR USTM
VSTM HLCY SLLH WSYM CDBP VSBK
TD2M
726400 200808/1600 1019.10 994.50 30.74 303.90 -9999.00 0.00
-9999.00 -9999.00 302.40 23.00 82.00 0.00
-9999.00 0.10 4.60 -9999.00 -9999.00 26.14
13.26 0.00 0.00 0.00 0.00 0.10
-2.20 81.00 -9999.00 999.00 -9999.00 20.00
18.03
726400 200808/1700 1018.20 993.70 32.04 305.20 0.00 100.00
0.00 0.00 303.90 38.00 17.00 0.00
-9999.00 0.20 5.30 -9999.00 -9999.00 27.64
14.09 0.00 0.00 0.00 0.00 -0.20
-0.80 105.40 -9999.00 999.00 -9999.00 20.00
18.97
726400 200808/1800 1018.00 993.50 34.84 308.00 0.00 100.00
0.00 0.00 306.40 31.00 0.00 0.00
-9999.00 0.70 4.70 -9999.00 -9999.00 29.14
14.41 0.00 0.00 0.00 0.00 0.00
-0.60 102.00 -9999.00 999.00 -9999.00 20.00
19.32
726400 200808/1900 1017.70 993.30 36.04 309.20 0.00 100.00
0.00 0.00 307.80 23.00 0.00 0.00
-9999.00 0.60 4.60 -9999.00 -9999.00 30.14
14.36 0.00 0.00 0.00 0.00 0.80
-1.30 83.70 -9999.00 999.00 -9999.00 20.00
19.26
726400 200808/2000 1015.70 991.40 36.14 309.30 0.00 100.00
0.00 0.00 308.20 20.00 0.00 0.00
-9999.00 0.30 5.10 -9999.00 -9999.00 30.74
14.32 0.00 0.00 0.00 0.00 1.10
-2.40 101.20 -9999.00 999.00 -9999.00 20.00
19.18
726400 200808/2100 1015.00 990.70 35.84 309.00 0.00 100.00
0.00 0.00 308.00 11.00 0.00 0.00
-9999.00 0.60 5.00 -9999.00 -9999.00 31.24
14.45 0.00 0.00 0.00 0.00 0.20
-1.40 106.80 -9999.00 999.00 -9999.00 20.00
19.32
726400 200808/2200 1014.90 990.60 34.54 307.70 0.00 100.00
0.00 0.00 307.20 11.00 0.00 0.00
-9999.00 1.30 4.60 -9999.00 -9999.00 31.44
14.53 0.00 0.00 0.00 0.00 -0.20
0.20 101.80 -9999.00 999.00 -9999.00 20.00
19.40
726400 200808/2300 1014.70 990.40 32.94 306.10 0.00 100.00
0.00 0.00 305.80 17.00 13.00 0.00
-9999.00 1.80 4.00 -9999.00 -9999.00 31.24
14.66 0.00 0.00 0.00 0.00 -0.30
0.40 74.70 -9999.00 999.00 -9999.00 20.00
19.54
726400 200809/0000 1015.60 991.30 30.44 303.60 0.00 100.00
0.00 0.00 303.80 8.00 4.00 0.00
-9999.00 1.90 3.40 -9999.00 -9999.00 30.44
14.90 0.00 0.00 0.00 0.00 -0.20
0.30 67.10 -9999.00 999.00 -9999.00 20.00
19.81
726400 200809/0100 1016.10 991.70 27.74 300.90 0.00 100.00
0.00 0.00 301.30 4.00 0.00 0.00
-9999.00 1.30 2.80 -9999.00 -9999.00 28.64
15.18 0.00 0.00 0.00 0.00 -0.40
0.40 96.20 -9999.00 999.00 -9999.00 20.00
20.11
726400 200809/0200 1015.70 991.30 26.14 299.30 0.00 100.00
0.00 0.00 299.70 0.00 0.00 0.00
-9999.00 0.60 3.20 -9999.00 -9999.00 27.04
15.43 0.00 0.00 0.00 0.00 -0.50
-0.50 101.00 -9999.00 999.00 -9999.00 20.00
20.36
726400 200809/0300 1015.90 991.40 25.24 298.40 0.00 100.00
0.00 0.00 298.70 0.00 0.00 0.00
-9999.00 0.80 3.10 -9999.00 -9999.00 26.14
15.48 0.00 0.00 0.00 0.00 -0.80
-0.30 105.50 -9999.00 999.00 -9999.00 20.00
20.41
726400 200809/0400 1016.50 992.00 24.34 297.50 0.00 100.00
0.00 0.00 297.90 0.00 2.00 0.00
-9999.00 1.00 2.90 -9999.00 -9999.00 25.14
15.73 0.00 0.00 0.00 0.00 -1.40
0.50 97.00 -9999.00 999.00 -9999.00 20.00
20.67
726400 200809/0500 1016.40 991.90 23.84 297.00 0.00 100.00
0.00 0.00 297.30 0.00 0.00 0.00
-9999.00 1.30 3.40 -9999.00 -9999.00 24.64
15.86 0.00 0.00 0.00 0.00 -1.70
1.60 90.50 -9999.00 999.00 -9999.00 20.00
20.80
726400 200809/0600 1016.90 992.40 23.34 296.50 0.00 100.00
0.00 0.00 296.80 0.00 0.00 0.00
-9999.00 2.20 3.50 -9999.00 -9999.00 24.24
15.85 0.00 0.00 0.00 0.00 -1.30
3.90 54.40 -9999.00 999.00 -9999.00 20.00
20.80
726400 200809/0700 1017.10 992.50 23.04 296.20 0.00 100.00
0.00 0.00 296.50 0.00 0.00 0.00
-9999.00 3.40 3.40 -9999.00 -9999.00 23.84
16.07 0.00 0.00 0.00 0.00 -1.30
5.60 9.20 -9999.00 999.00 -9999.00 20.00
21.02
726400 200809/0800 1016.50 991.90 22.54 295.70 0.00 100.00
0.00 0.00 296.00 0.00 1.00 0.00
-9999.00 3.10 3.00 -9999.00 -9999.00 23.24
15.92 0.00 0.00 0.00 0.00 -1.70
6.00 -6.30 -9999.00 999.00 -9999.00 20.00
20.86
726400 200809/0900 1016.40 991.80 22.04 295.20 0.00 100.00
0.00 0.00 295.50 1.00 0.00 0.00
-9999.00 2.50 2.80 -9999.00 -9999.00 22.64
15.72 0.00 0.00 0.00 0.00 -2.30
5.00 5.40 -9999.00 999.00 -9999.00 20.00
20.66
726400 200809/1000 1016.80 992.10 21.44 294.60 0.00 100.00
0.00 0.00 294.90 3.00 0.00 0.00
-9999.00 2.30 2.10 -9999.00 -9999.00 21.84
15.66 0.00 0.00 0.00 0.00 -2.00
5.90 3.80 -9999.00 999.00 -9999.00 20.00
20.60
726400 200809/1100 1017.30 992.70 20.94 294.10 0.00 100.00
0.00 0.00 294.40 7.00 0.00 0.00
-9999.00 2.20 1.40 -9999.00 -9999.00 21.24
15.56 0.00 0.00 0.00 0.00 -1.20
7.90 -7.50 -9999.00 999.00 -9999.00 20.00
20.51
726400 200809/1200 1017.10 992.40 22.44 295.60 0.00 100.00
0.00 0.00 295.40 12.00 0.00 0.00
-9999.00 1.50 2.00 -9999.00 -9999.00 21.84
15.80 0.00 0.00 0.00 0.00 -3.40
4.00 20.00 -9999.00 999.00 -9999.00 20.00
20.75
726400 200809/1300 1016.60 992.00 25.24 298.40 0.00 100.00
0.00 0.00 297.70 17.00 0.00 0.00
-9999.00 1.10 3.10 -9999.00 -9999.00 23.44
16.17 0.00 0.00 0.00 0.00 -2.40
-0.70 31.90 -9999.00 999.00 -9999.00 20.00
21.11


