
SNPARM = PRES;TMPC;TMWC;DWPC;THTE;DRCT;SKNT;OMEG;CFRL;HGHT 
STNPRM = SHOW;LIFT;SWET;KINX;LCLP;PWAT;TOTL;CAPE;LCLT;CINS;EQLV;LFCT;BRCH 

STID = KMKE STNM = 726400 TIME = 200808/2000 
SLAT = 42.95 SLON = -87.90 SELV = 212.0
STIM = 0

SHOW = -4.08 LIFT = -5.79 SWET = 395.25 KINX = 39.19
LCLP = 872.27 PWAT = 45.28 TOTL = 52.28 CAPE = 1329.06
LCLT = 291.72 CINS = -0.69 EQLV = 235.37 LFCT = 850.38
BRCH = 94.91

PRES TMPC TMWC DWPC THTE DRCT SKNT OMEG
CFRL HGHT
991.40 29.44 23.18 20.64 350.20 212.28 8.72 0.00
0.00 221.91
988.40 28.84 22.86 20.41 349.26 211.33 10.47 -0.10
0.00 248.98
982.90 28.24 22.51 20.14 348.59 212.01 10.99 -0.30
0.00 298.71
973.50 27.44 21.92 19.58 347.46 212.86 11.09 -0.50
0.00 384.15
959.60 26.14 20.98 18.72 345.63 213.69 11.21 -0.80
0.00 511.52
941.80 24.54 20.18 18.22 345.08 216.10 11.54 -1.00
0.00 676.51
920.50 22.34 19.45 18.13 345.49 217.63 11.77 -1.00
0.00 876.81
897.30 20.04 18.50 17.77 345.41 216.10 11.54 -0.80
0.00 1098.65
872.20 18.04 17.13 16.66 344.06 230.98 14.51 -0.50
10.00 1343.37
844.10 16.44 15.12 14.41 341.02 243.17 18.51 0.00
17.00 1623.92
813.10 15.14 12.47 10.89 336.66 246.95 19.85 0.40
9.00 1942.52
779.30 13.94 10.64 8.54 336.07 253.58 19.23 0.60
0.00 2302.13
742.60 10.84 9.52 8.66 338.65 255.26 19.08 0.70
0.00 2707.58
703.00 7.94 6.55 5.55 336.25 251.22 20.51 0.60
15.00 3163.21
660.50 6.24 2.08 -1.90 330.87 252.90 18.49 0.30
0.00 3676.79
615.20 2.14 -1.18 -4.79 330.59 267.44 13.03 0.00
0.00 4255.23
567.50 -3.56 -4.99 -6.75 330.38 275.26 14.82 -0.10
0.00 4900.49
521.20 -8.76 -9.90 -11.71 328.60 277.18 23.29 -0.10
2.00 5567.05
479.50 -11.86 -15.37 -25.35 326.05 268.79 27.58 0.00
0.00 6209.41
442.20 -14.96 -19.13 -40.27 327.01 258.78 23.97 0.00
0.00 6825.35
408.60 -18.86 -22.66 -62.83 328.48 254.28 20.78 0.00
0.00 7418.14
378.10 -22.76 -9999.00 -9999.00 -9999.00 263.16 19.56 0.00
0.00 7991.16
350.70 -26.76 -9999.00 -9999.00 -9999.00 270.00 18.84 0.00
0.00 8538.12
326.00 -30.66 -32.56 -64.52 334.11 268.09 17.48 0.10
0.00 9060.68
303.70 -34.56 -35.94 -58.00 335.59 260.33 17.35 0.10
0.00 9559.60
283.60 -37.76 -38.84 -58.54 337.63 256.85 21.35 0.10
0.00 10034.63
265.60 -40.26 -41.22 -66.03 340.23 256.84 24.73 0.00
0.00 10484.05
248.70 -42.56 -43.39 -71.42 343.22 258.07 28.19 0.00
0.00 10930.02
233.50 -45.06 -45.74 -71.85 345.67 256.05 29.82 -0.10
0.00 11353.39
219.60 -47.86 -48.40 -72.27 347.46 254.36 30.26 -0.10
0.00 11760.64
205.70 -50.86 -51.27 -72.71 349.30 253.61 30.98 -0.10
0.00 12188.98
191.70 -53.36 -53.68 -73.19 352.40 256.98 31.90 -0.10
0.00 12645.05
177.70 -55.66 -55.92 -73.70 356.35 265.79 31.74 -0.10
0.00 13130.39
163.80 -58.46 -58.66 -74.24 360.04 274.83 30.01 -0.10
0.00 13645.58
149.80 -61.46 -61.60 -74.84 364.19 279.46 27.18 -0.10
0.00 14203.13
135.90 -63.46 -63.58 -75.48 370.93 278.07 24.92 0.00
0.00 14803.71
121.90 -63.86 -9999.00 -9999.00 -9999.00 274.40 22.79 0.00
0.00 15470.38
108.00 -63.46 -9999.00 -9999.00 -9999.00 263.40 18.57 0.00
0.00 16212.79
94.00 -62.56 -9999.00 -9999.00 -9999.00 246.41 15.05 0.00
0.00 17066.78
81.00 -61.56 -9999.00 -9999.00 -9999.00 247.69 8.20 0.00
0.00 17986.49
70.60 -60.46 -9999.00 -9999.00 -9999.00 231.34 3.73 0.00
0.00 18839.81
62.20 -59.36 -9999.00 -9999.00 -9999.00 216.87 0.97 0.00
0.00 19630.49
54.30 -58.06 -9999.00 -9999.00 -9999.00 73.30 4.06 0.00
0.00 20483.10
46.90 -57.46 -9999.00 -9999.00 -9999.00 94.64 7.21 0.00
0.00 21406.79
40.10 -55.76 -9999.00 -9999.00 -9999.00 78.27 10.51 0.00
0.00 22399.65
33.80 -53.46 -9999.00 -9999.00 -9999.00 76.45 16.59 0.00
0.00 23492.99
27.80 -50.16 -9999.00 -9999.00 -9999.00 80.45 19.89 0.00
0.00 24759.13
22.30 -46.66 -9999.00 -9999.00 -9999.00 84.81 21.46 0.00
0.00 26209.35
17.10 -43.56 -9999.00 -9999.00 -9999.00 93.51 22.18 0.00
0.00 27981.63
12.30 -41.56 -9999.00 -9999.00 -9999.00 87.27 24.49 0.00
0.00 30205.51

STID = KMKE STNM = 726400 TIME = 200808/2100 
SLAT = 42.95 SLON = -87.90 SELV = 212.0
STIM = 1

SHOW = -4.04 LIFT = -5.88 SWET = 417.19 KINX = 35.53
LCLP = 863.94 PWAT = 44.01 TOTL = 52.22 CAPE = 1397.78
LCLT = 291.08 CINS = -27.49 EQLV = 232.91 LFCT = 751.01
BRCH = 50.57

PRES TMPC TMWC DWPC THTE DRCT SKNT OMEG
CFRL HGHT
990.70 29.54 22.88 20.13 348.95 192.53 8.95 0.00
0.00 222.82
987.70 28.94 22.58 19.92 348.08 193.07 11.17 -0.10
0.00 249.91
982.30 28.34 22.30 19.76 347.72 192.93 12.16 -0.30
0.00 298.77
972.90 27.44 21.90 19.55 347.47 192.99 12.96 -0.50
0.00 384.26
959.00 26.24 21.36 19.27 347.37 193.24 13.58 -0.80
0.00 511.76
941.20 24.74 20.68 18.91 347.31 195.19 14.08 -0.90
0.00 676.99
919.90 22.94 19.84 18.47 347.26 198.92 14.37 -0.80
0.00 877.75
896.70 20.84 18.83 17.90 346.85 200.65 14.32 -0.40
0.00 1100.29
871.60 18.84 17.43 16.73 345.33 217.87 15.50 0.10
21.00 1345.86
843.50 17.04 15.27 14.33 341.66 235.62 17.89 0.70
17.00 1627.29
812.60 15.84 12.43 10.40 336.60 247.43 18.73 1.00
12.00 1945.75
778.80 14.54 10.17 7.26 334.59 255.82 18.24 1.20
0.00 2306.29
742.20 11.74 8.04 5.39 333.99 259.38 18.98 1.20
0.00 2711.60
702.60 9.14 5.44 2.47 332.94 261.30 19.25 0.90
3.00 3168.71
660.30 6.44 2.27 -1.66 331.42 266.78 17.31 0.50
0.00 3681.14
615.00 1.84 -0.79 -3.51 331.64 279.87 13.60 0.40
0.00 4259.75
567.20 -3.56 -5.04 -6.85 330.34 273.33 16.72 0.30
0.00 4906.36
521.00 -8.16 -10.27 -13.87 327.84 273.68 27.25 0.10
0.00 5572.43
479.30 -11.76 -14.83 -22.56 327.19 278.35 28.07 -0.10
0.00 6215.87
442.10 -15.36 -18.64 -30.45 328.08 275.96 22.46 -0.20
0.00 6830.13
408.50 -18.86 -22.64 -59.70 328.54 267.27 20.42 -0.20
0.00 7422.67
378.10 -22.56 -25.71 -68.49 330.91 272.41 18.47 -0.10
0.00 7994.11
350.70 -26.76 -29.16 -58.63 332.56 271.97 16.92 0.00
0.00 8541.30
326.00 -30.66 -32.50 -57.43 334.24 263.59 17.40 0.10
0.00 9063.88
303.70 -34.56 -35.94 -58.00 335.59 257.35 19.50 0.10
0.00 9562.80
283.60 -37.86 -38.97 -62.52 337.40 254.83 23.76 0.10
0.00 10037.72
265.60 -40.26 -41.24 -70.97 340.19 256.46 27.37 0.00
0.00 10487.05
248.70 -42.46 -43.30 -71.42 343.36 256.76 33.92 0.00
0.00 10933.11
233.50 -44.76 -45.46 -71.85 346.12 255.75 37.88 -0.10
0.00 11356.85
219.60 -47.56 -48.11 -72.27 347.93 255.89 38.25 -0.10
0.00 11764.64
205.70 -50.66 -51.08 -72.71 349.62 256.35 35.37 -0.10
0.00 12193.46
191.70 -53.56 -53.88 -73.19 352.08 257.29 32.65 -0.10
0.00 12649.53
177.70 -56.06 -56.31 -73.70 355.69 262.96 31.70 0.00
0.00 13134.20
163.80 -58.56 -58.75 -74.24 359.88 271.85 30.13 0.00
0.00 13648.80
149.80 -61.26 -61.41 -74.84 364.54 276.71 26.59 0.00
0.00 14206.48
135.90 -63.16 -63.28 -75.48 371.46 271.44 23.12 0.00
0.00 14807.77
121.90 -63.86 -9999.00 -9999.00 -9999.00 263.49 22.28 0.00
0.00 15474.92
108.00 -63.96 -9999.00 -9999.00 -9999.00 259.89 19.93 0.00
0.00 16216.44
94.00 -63.56 -9999.00 -9999.00 -9999.00 254.68 14.70 0.00
0.00 17067.39
81.00 -62.66 -9999.00 -9999.00 -9999.00 262.65 6.08 0.00
0.00 17982.51
70.60 -61.36 -9999.00 -9999.00 -9999.00 228.81 2.06 0.00
0.00 18831.81
62.20 -59.36 -9999.00 -9999.00 -9999.00 104.04 1.59 0.00
0.00 19620.83
54.30 -57.76 -9999.00 -9999.00 -9999.00 91.85 6.02 0.00
0.00 20474.03
46.90 -57.06 -9999.00 -9999.00 -9999.00 105.52 7.26 0.00
0.00 21399.22
40.10 -55.16 -9999.00 -9999.00 -9999.00 71.92 10.00 0.00
0.00 22394.38
33.80 -52.66 -9999.00 -9999.00 -9999.00 73.23 14.80 0.00
0.00 23491.22
27.80 -49.96 -9999.00 -9999.00 -9999.00 78.18 17.07 0.00
0.00 24760.22
22.30 -47.76 -9999.00 -9999.00 -9999.00 85.55 17.54 0.00
0.00 26207.54
17.10 -44.26 -9999.00 -9999.00 -9999.00 90.00 16.32 0.00
0.00 27972.82
12.30 -41.16 -9999.00 -9999.00 -9999.00 77.01 23.33 0.00
0.00 30195.26

STID = KMKE STNM = 726400 TIME = 200808/2200 
SLAT = 42.95 SLON = -87.90 SELV = 212.0
STIM = 2

SHOW = -3.82 LIFT = -6.42 SWET = 444.77 KINX = 32.01
LCLP = 863.74 PWAT = 42.37 TOTL = 52.72 CAPE = 1502.26
LCLT = 291.15 CINS = -93.00 EQLV = 223.95 LFCT = 685.16
BRCH = 37.12

PRES TMPC TMWC DWPC THTE DRCT SKNT OMEG
CFRL HGHT
989.60 29.54 22.92 20.19 349.28 190.49 10.66 0.00
0.00 221.93
986.60 29.04 22.64 19.98 348.54 190.38 14.02 0.00
0.00 249.06
981.20 28.44 22.36 19.81 348.15 191.31 15.85 -0.10
0.00 297.99
971.80 27.54 21.96 19.61 347.93 192.46 17.11 -0.30
0.00 383.61
957.90 26.34 21.43 19.34 347.85 192.53 17.91 -0.50
0.00 511.30
940.10 24.94 20.78 18.98 347.92 195.31 19.13 -0.50
0.00 676.82
918.90 23.14 19.90 18.47 347.66 199.32 19.97 -0.30
0.00 877.00
895.70 21.14 18.86 17.81 347.13 202.62 20.20 0.10
0.00 1099.97
870.60 19.24 17.21 16.22 344.64 215.79 20.59 0.60
12.00 1346.08
842.60 17.84 14.71 13.02 339.75 233.86 21.41 1.00
17.00 1627.27
811.80 17.24 11.73 8.18 334.28 243.19 20.67 1.10
0.00 1946.01
778.10 15.74 9.34 4.64 331.96 254.74 19.93 1.00
0.00 2307.14
741.60 13.24 7.04 2.00 330.93 264.70 18.92 0.70
0.00 2713.24
702.20 10.54 4.93 0.03 331.44 276.79 16.43 0.40
0.00 3170.31
659.90 6.84 2.56 -1.41 332.27 281.16 15.05 0.20
0.00 3684.54
614.60 1.94 -0.63 -3.25 332.12 282.00 15.89 0.10
0.00 4264.07
567.00 -3.26 -5.27 -7.82 329.83 280.94 23.54 -0.10
0.00 4908.74
520.80 -8.26 -10.45 -14.27 327.49 287.50 26.48 -0.30
0.00 5575.22
479.20 -12.46 -14.72 -19.91 327.47 295.80 25.89 -0.40
0.00 6216.38
441.90 -16.06 -17.20 -19.84 331.03 296.33 21.46 -0.20
0.00 6831.11
408.40 -19.26 -21.48 -29.59 330.95 284.74 19.08 0.10
0.00 7421.16
378.00 -22.56 -25.24 -42.13 331.90 278.75 17.89 0.20
0.00 7992.47
350.60 -26.76 -28.73 -42.83 333.43 272.63 16.92 0.30
0.00 8539.89
325.90 -30.66 -32.41 -52.58 334.44 262.95 18.98 0.30
0.00 9062.66
303.60 -34.66 -36.07 -62.00 335.40 259.53 23.50 0.20
0.00 9561.63
283.60 -37.96 -39.09 -65.55 337.22 259.92 26.63 0.10
0.00 10034.07
265.50 -40.66 -41.60 -70.97 339.64 261.98 29.23 0.00
0.00 10485.49
248.70 -43.06 -43.83 -66.51 342.52 260.12 35.10 0.00
0.00 10928.05
233.50 -45.26 -45.90 -66.97 345.41 258.19 38.89 0.00
0.00 11350.77
219.60 -47.76 -48.28 -67.41 347.66 257.13 39.26 -0.10
0.00 11757.94
205.70 -50.66 -51.08 -72.71 349.62 257.77 35.78 -0.10
0.00 12186.57
191.70 -53.26 -53.59 -73.19 352.56 257.91 30.59 -0.10
0.00 12642.94
177.70 -55.86 -56.12 -73.70 356.02 261.53 27.70 0.00
0.00 13128.17
163.80 -58.46 -58.66 -74.24 360.04 269.57 25.84 0.00
0.00 13643.13
149.80 -60.96 -61.11 -74.84 365.05 272.43 22.94 0.00
0.00 14201.33
135.90 -62.76 -9999.00 -9999.00 -9999.00 263.07 20.94 0.00
0.00 14803.62
121.90 -63.96 -9999.00 -9999.00 -9999.00 254.74 22.14 0.00
0.00 15471.24
108.00 -64.66 -9999.00 -9999.00 -9999.00 260.54 21.27 0.00
0.00 16211.35
94.00 -64.06 -9999.00 -9999.00 -9999.00 264.45 14.04 0.00
0.00 17059.85
81.00 -62.66 -9999.00 -9999.00 -9999.00 257.01 5.19 0.00
0.00 17973.89
70.60 -60.26 -9999.00 -9999.00 -9999.00 227.49 3.17 0.00
0.00 18825.41
62.20 -57.66 -9999.00 -9999.00 -9999.00 60.95 2.00 0.00
0.00 19619.61
54.30 -56.56 -9999.00 -9999.00 -9999.00 74.36 5.05 0.00
0.00 20478.58
46.90 -56.36 -9999.00 -9999.00 -9999.00 70.02 4.55 0.00
0.00 21407.84
40.10 -55.46 -9999.00 -9999.00 -9999.00 51.34 9.95 0.00
0.00 22403.91
33.80 -52.96 -9999.00 -9999.00 -9999.00 66.80 11.83 0.00
0.00 23499.26
27.80 -50.16 -9999.00 -9999.00 -9999.00 83.07 14.47 0.00
0.00 24766.83
22.30 -48.06 -9999.00 -9999.00 -9999.00 88.64 16.32 0.00
0.00 26212.53
17.10 -44.56 -9999.00 -9999.00 -9999.00 74.95 18.71 0.00
0.00 27975.48
12.30 -41.06 -9999.00 -9999.00 -9999.00 75.33 29.91 0.00
0.00 30196.96

STID = KMKE STNM = 726400 TIME = 200808/2300 
SLAT = 42.95 SLON = -87.90 SELV = 212.0
STIM = 3

SHOW = -4.11 LIFT = -6.47 SWET = 455.14 KINX = 32.67
LCLP = 860.70 PWAT = 43.58 TOTL = 52.76 CAPE = 1661.39
LCLT = 291.22 CINS = -42.17 EQLV = 218.01 LFCT = 704.94
BRCH = 72.66

PRES TMPC TMWC DWPC THTE DRCT SKNT OMEG
CFRL HGHT
989.90 29.94 23.11 20.32 350.10 208.14 9.48 0.10
0.00 221.04
986.90 29.54 22.87 20.12 349.49 208.97 12.43 0.00
0.00 248.20
981.40 28.94 22.59 19.96 349.15 209.36 14.26 -0.10
0.00 298.12
972.10 28.14 22.22 19.75 349.00 209.48 15.40 -0.30
0.00 382.96
958.20 26.84 21.66 19.47 348.78 209.91 16.36 -0.60
0.00 510.85
940.40 25.34 20.95 19.07 348.61 210.21 17.75 -0.70
0.00 676.58
919.20 23.54 20.08 18.56 348.36 211.88 18.76 -0.80
0.00 876.97
895.90 21.44 19.01 17.90 347.72 214.01 19.44 -0.70
0.00 1101.12
870.90 19.24 17.68 16.92 346.45 217.87 19.93 -0.40
0.00 1346.35
842.80 17.74 15.05 13.62 340.95 239.13 20.82 -0.20
0.00 1628.51
812.00 15.84 12.56 10.62 337.13 246.94 21.33 0.00
4.00 1946.54
778.20 15.44 9.03 4.22 330.99 256.22 21.19 0.10
0.00 2307.75
741.70 12.84 6.87 2.00 330.44 265.01 20.09 0.10
0.00 2713.28
702.30 10.24 4.83 0.10 331.15 278.24 14.92 0.00
0.00 3169.72
660.00 6.64 2.61 -1.07 332.42 275.27 12.68 0.10
0.00 3683.44
614.70 1.94 -0.41 -2.74 332.70 274.64 14.41 0.20
0.00 4262.73
567.00 -3.06 -5.74 -9.38 328.71 291.19 20.42 0.10
0.00 4908.89
520.90 -8.06 -10.62 -15.25 327.11 306.36 21.95 0.00
0.00 5574.24
479.30 -12.16 -14.10 -18.20 328.69 304.82 21.78 0.00
0.00 6215.90
442.00 -15.36 -16.66 -19.58 332.05 300.14 20.88 0.00
0.00 6831.74
408.40 -19.06 -20.48 -24.61 332.85 291.60 20.05 0.10
0.00 7424.62
378.00 -22.56 -24.45 -32.55 333.41 286.17 20.22 0.30
0.00 7996.31
350.60 -26.96 -28.29 -35.36 334.24 279.66 18.53 0.30
0.00 8543.62
325.90 -31.06 -32.64 -48.76 334.09 265.76 21.04 0.30
0.00 9065.80
303.60 -34.76 -36.18 -65.05 335.21 265.07 27.10 0.20
0.00 9564.26
283.60 -38.16 -9999.00 -9999.00 -9999.00 271.55 28.77 0.10
0.00 10036.40
265.50 -41.46 -42.31 -66.04 338.52 268.83 28.55 0.10
0.00 10486.85
248.70 -43.86 -44.54 -63.51 341.37 263.33 33.45 0.00
0.00 10927.88
233.50 -45.66 -46.28 -66.97 344.80 261.03 37.37 0.00
0.00 11349.50
219.60 -47.76 -48.28 -67.41 347.66 258.40 37.68 0.00
0.00 11756.30
205.70 -50.36 -50.79 -72.71 350.09 257.68 34.60 -0.10
0.00 12185.22
191.70 -52.86 -53.20 -73.19 353.20 257.35 29.27 -0.10
0.00 12642.32
177.70 -55.36 -55.63 -73.70 356.84 258.78 24.96 -0.10
0.00 13128.54
163.80 -57.96 -58.17 -74.24 360.88 263.77 23.25 -0.10
0.00 13644.70
149.80 -60.56 -60.72 -74.84 365.74 264.72 23.21 -0.10
0.00 14204.08
135.90 -62.66 -9999.00 -9999.00 -9999.00 258.60 23.58 -0.10
0.00 14807.07
121.90 -64.56 -9999.00 -9999.00 -9999.00 255.75 25.25 0.00
0.00 15473.90
108.00 -65.36 -9999.00 -9999.00 -9999.00 266.77 24.13 0.00
0.00 16211.70
94.00 -64.26 -9999.00 -9999.00 -9999.00 275.86 15.23 0.00
0.00 17058.38
81.00 -62.56 -9999.00 -9999.00 -9999.00 256.33 7.40 0.00
0.00 17972.20
70.60 -59.16 -9999.00 -9999.00 -9999.00 255.07 6.02 0.00
0.00 18826.13
62.20 -57.16 -9999.00 -9999.00 -9999.00 16.70 2.02 0.00
0.00 19623.30
54.30 -56.76 -9999.00 -9999.00 -9999.00 69.44 3.32 0.00
0.00 20482.86
46.90 -56.56 -9999.00 -9999.00 -9999.00 50.19 4.55 0.00
0.00 21411.27
40.10 -55.16 -9999.00 -9999.00 -9999.00 56.89 10.66 0.00
0.00 22407.57
33.80 -52.06 -9999.00 -9999.00 -9999.00 73.23 14.80 0.00
0.00 23505.91
27.80 -49.66 -9999.00 -9999.00 -9999.00 85.96 16.55 0.00
0.00 24777.49
22.30 -47.56 -9999.00 -9999.00 -9999.00 87.31 16.53 0.00
0.00 26226.42
17.10 -44.66 -9999.00 -9999.00 -9999.00 70.38 20.82 0.00
0.00 27990.93
12.30 -41.16 -9999.00 -9999.00 -9999.00 74.26 30.07 0.00
0.00 30211.43

STID = KMKE STNM = 726400 TIME = 200809/0000 
SLAT = 42.95 SLON = -87.90 SELV = 212.0
STIM = 4

SHOW = -3.88 LIFT = -6.27 SWET = 294.16 KINX = 32.40
LCLP = 864.53 PWAT = 43.39 TOTL = 52.27 CAPE = 1718.89
LCLT = 291.42 CINS = -9.36 EQLV = 216.51 LFCT = 827.98
BRCH = 108.41

PRES TMPC TMWC DWPC THTE DRCT SKNT OMEG
CFRL HGHT
990.70 29.84 23.18 20.47 350.29 219.81 9.11 0.10
0.00 221.03
987.70 29.64 22.98 20.26 349.90 219.23 12.30 0.10
0.00 248.17
982.30 29.24 22.74 20.06 349.66 219.02 14.51 0.00
0.00 297.17
972.80 28.44 22.32 19.77 349.32 218.66 16.16 -0.10
0.00 383.86
959.00 27.24 21.74 19.43 349.03 218.56 17.13 -0.30
0.00 510.88
941.10 25.64 21.01 19.03 348.75 218.26 17.56 -0.30
0.00 677.59
919.90 23.74 20.13 18.55 348.46 218.85 17.97 -0.30
0.00 878.00
896.70 21.54 19.08 17.96 347.88 220.20 18.07 -0.30
0.00 1101.12
871.50 19.24 17.92 17.28 347.34 223.73 18.55 -0.20
0.00 1348.18
843.40 17.84 15.10 13.65 341.05 246.34 18.88 -0.20
8.00 1630.22
812.50 15.04 13.19 12.14 339.27 252.85 19.11 -0.10
22.00 1948.78
778.70 14.94 9.12 4.83 331.21 258.14 19.85 0.00
0.00 2309.10
742.20 12.64 6.59 1.53 329.53 259.99 20.12 0.10
0.00 2713.88
702.70 10.04 4.63 -0.17 330.52 271.47 15.15 0.10
0.00 3170.84
660.30 6.84 2.63 -1.25 332.39 264.38 11.91 0.10
0.00 3685.48
615.00 2.24 -0.57 -3.43 332.21 269.13 12.82 0.10
0.00 4264.96
567.30 -2.96 -6.26 -11.08 327.45 302.47 17.74 0.00
0.00 4911.13
521.10 -7.96 -10.87 -16.42 326.52 317.29 17.19 -0.10
0.00 5577.74
479.40 -11.66 -13.99 -19.02 328.88 311.01 17.75 0.00
0.00 6221.42
442.10 -14.86 -16.85 -21.71 331.62 304.14 20.42 0.10
0.00 6838.23
408.50 -18.56 -20.45 -26.28 332.86 294.30 19.81 0.20
0.00 7432.03
378.10 -22.66 -24.39 -31.50 333.51 286.17 20.22 0.20
0.00 8004.01
350.70 -27.06 -28.60 -37.63 333.67 276.40 20.92 0.30
0.00 8550.95
326.00 -31.26 -32.94 -53.57 333.54 272.31 24.11 0.20
0.00 9072.63
303.70 -34.86 -36.25 -62.00 335.09 283.09 25.72 0.20
0.00 9570.61
283.60 -38.46 -39.44 -57.08 336.67 278.53 27.51 0.10
0.00 10044.64
265.60 -42.16 -42.85 -57.61 337.63 271.96 28.38 0.10
0.00 10491.58
248.70 -44.66 -45.26 -61.32 340.22 267.24 32.28 0.10
0.00 10933.71
233.50 -46.16 -46.74 -66.97 344.05 262.49 35.66 0.00
0.00 11354.12
219.60 -47.76 -48.28 -67.41 347.66 256.98 37.08 0.00
0.00 11760.48
205.70 -50.26 -50.70 -72.71 350.25 255.03 34.58 -0.10
0.00 12189.50
191.70 -52.76 -53.11 -73.19 353.36 254.16 29.88 -0.10
0.00 12646.80
177.70 -55.16 -55.44 -73.70 357.17 254.05 25.45 -0.10
0.00 13133.36
163.80 -57.86 -58.07 -74.24 361.05 257.77 23.85 -0.10
0.00 13649.87
149.80 -60.56 -60.72 -74.84 365.74 261.62 25.33 -0.10
0.00 14209.38
135.90 -63.06 -9999.00 -9999.00 -9999.00 259.99 26.83 0.00
0.00 14811.81
121.90 -65.16 -9999.00 -9999.00 -9999.00 257.51 27.86 0.00
0.00 15477.04
108.00 -65.76 -9999.00 -9999.00 -9999.00 269.13 25.64 0.00
0.00 16213.07
94.00 -63.76 -9999.00 -9999.00 -9999.00 282.36 14.51 0.00
0.00 17059.95
81.00 -61.66 -9999.00 -9999.00 -9999.00 259.99 6.70 0.00
0.00 17976.83
70.60 -58.06 -9999.00 -9999.00 -9999.00 274.24 5.26 0.00
0.00 18834.77
62.20 -57.36 -9999.00 -9999.00 -9999.00 70.35 2.89 0.00
0.00 19633.61
54.30 -57.46 -9999.00 -9999.00 -9999.00 102.09 2.78 0.00
0.00 20491.39
46.90 -57.06 -9999.00 -9999.00 -9999.00 41.35 6.47 0.00
0.00 21417.22
40.10 -55.46 -9999.00 -9999.00 -9999.00 55.81 12.45 0.00
0.00 22411.69
33.80 -53.16 -9999.00 -9999.00 -9999.00 79.29 14.63 0.00
0.00 23506.53
27.80 -50.86 -9999.00 -9999.00 -9999.00 89.17 13.40 0.00
0.00 24771.53
22.30 -47.26 -9999.00 -9999.00 -9999.00 76.15 14.61 0.00
0.00 26217.55
17.10 -43.06 -9999.00 -9999.00 -9999.00 68.36 25.29 0.00
0.00 27989.44
12.30 -40.56 -9999.00 -9999.00 -9999.00 77.43 31.25 0.00
0.00 30220.56

STID = KMKE STNM = 726400 TIME = 200809/0100 
SLAT = 42.95 SLON = -87.90 SELV = 212.0
STIM = 5

SHOW = -3.14 LIFT = -5.70 SWET = 260.98 KINX = 30.79
LCLP = 886.64 PWAT = 42.26 TOTL = 51.28 CAPE = 1668.67
LCLT = 292.14 CINS = -22.66 EQLV = 218.67 LFCT = 817.53
BRCH = 80.28

PRES TMPC TMWC DWPC THTE DRCT SKNT OMEG
CFRL HGHT
991.20 28.44 23.00 20.79 349.47 212.74 6.47 0.10
0.00 221.89
988.30 28.74 22.95 20.59 349.68 209.36 10.70 0.10
0.00 248.01
982.80 28.54 22.72 20.34 349.55 209.13 13.56 0.20
0.00 297.77
973.30 27.94 22.29 19.94 349.12 209.25 16.71 0.30
0.00 384.25
959.40 26.84 21.67 19.49 348.65 210.86 18.55 0.30
0.00 511.94
941.60 25.24 20.89 19.01 348.13 212.56 19.13 0.40
0.00 677.43
920.30 23.34 19.94 18.44 347.60 214.33 19.29 0.50
0.00 878.41
897.10 21.34 18.68 17.45 346.16 217.57 19.11 0.40
0.00 1101.16
871.90 19.54 17.06 15.84 343.82 231.24 17.68 0.40
0.00 1348.03
843.90 17.94 15.01 13.45 340.63 257.91 16.69 0.30
0.00 1628.99
812.90 15.54 13.14 11.77 339.01 265.65 17.93 0.10
2.00 1948.70
779.10 14.44 9.71 6.43 333.04 268.15 18.07 0.00
0.00 2308.90
742.50 12.54 6.47 1.34 329.13 258.57 17.64 0.00
0.00 2714.26
703.00 10.04 4.24 -1.13 329.35 266.99 14.78 0.10
0.00 3170.89
660.60 6.94 2.54 -1.55 332.10 260.69 12.00 0.10
0.00 3685.32
615.20 2.34 -0.81 -4.11 331.55 265.53 12.47 0.20
0.00 4266.00
567.50 -2.96 -6.23 -10.99 327.48 301.61 14.82 0.10
0.00 4912.03
521.20 -7.86 -10.92 -16.84 326.39 315.00 12.35 0.00
0.00 5580.01
479.50 -11.16 -13.82 -19.63 329.18 313.12 16.76 0.00
0.00 6224.26
442.20 -14.76 -17.32 -24.36 330.64 300.22 20.45 0.10
0.00 6841.57
408.60 -18.26 -21.23 -33.62 331.28 292.83 20.03 0.10
0.00 7435.55
378.10 -22.66 -25.24 -40.72 331.89 283.15 21.35 0.10
0.00 8009.51
350.70 -27.26 -29.30 -46.38 332.41 281.31 21.79 0.20
0.00 8556.10
326.00 -31.36 -32.98 -51.68 333.48 291.07 22.69 0.20
0.00 9077.42
303.70 -35.16 -36.35 -52.28 334.96 288.85 25.25 0.20
0.00 9575.01
283.60 -39.06 -39.86 -52.06 336.02 277.65 26.26 0.20
0.00 10048.15
265.60 -42.56 -43.22 -57.61 337.05 270.81 27.39 0.20
0.00 10494.13
248.70 -44.86 -45.47 -63.51 339.88 266.21 32.32 0.10
0.00 10935.68
233.50 -46.06 -46.65 -66.97 344.20 261.53 36.93 0.10
0.00 11356.01
219.60 -47.76 -48.28 -67.41 347.66 257.03 38.07 0.00
0.00 11762.46
205.70 -50.16 -50.58 -67.88 350.45 255.21 35.76 0.00
0.00 12191.57
191.70 -52.56 -52.92 -73.19 353.68 255.36 31.53 -0.10
0.00 12649.18
177.70 -54.96 -55.25 -73.70 357.50 255.76 26.85 -0.10
0.00 13136.18
163.80 -57.66 -57.88 -74.24 361.39 259.05 24.53 -0.10
0.00 13653.17
149.80 -60.46 -60.62 -74.84 365.91 263.09 25.84 0.00
0.00 14213.07
135.90 -63.06 -9999.00 -9999.00 -9999.00 262.25 28.83 0.00
0.00 14815.64
121.90 -65.26 -9999.00 -9999.00 -9999.00 261.40 29.86 0.00
0.00 15480.72
108.00 -65.36 -9999.00 -9999.00 -9999.00 274.12 24.34 0.00
0.00 16217.28
94.00 -62.76 -9999.00 -9999.00 -9999.00 286.09 10.51 0.00
0.00 17067.01
81.00 -60.96 -9999.00 -9999.00 -9999.00 247.52 6.10 0.00
0.00 17987.58
70.60 -57.96 -9999.00 -9999.00 -9999.00 272.12 5.24 0.00
0.00 18847.14
62.20 -57.76 -9999.00 -9999.00 -9999.00 131.99 2.62 0.00
0.00 19645.42
54.30 -57.66 -9999.00 -9999.00 -9999.00 153.43 0.43 0.00
0.00 20502.00
46.90 -57.06 -9999.00 -9999.00 -9999.00 24.86 8.78 0.00
0.00 21427.41
40.10 -55.36 -9999.00 -9999.00 -9999.00 50.65 12.57 0.00
0.00 22422.10
33.80 -53.76 -9999.00 -9999.00 -9999.00 81.74 12.16 0.00
0.00 23515.70
27.80 -51.56 -9999.00 -9999.00 -9999.00 79.38 12.65 0.00
0.00 24776.98
22.30 -47.26 -9999.00 -9999.00 -9999.00 61.62 19.21 0.00
0.00 26220.74
17.10 -42.16 -9999.00 -9999.00 -9999.00 73.34 27.78 0.00
0.00 27996.13
12.30 -40.36 -9999.00 -9999.00 -9999.00 85.91 27.27 0.00
0.00 30232.55

STID = KMKE STNM = 726400 TIME = 200809/0200 
SLAT = 42.95 SLON = -87.90 SELV = 212.0
STIM = 6

SHOW = -3.31 LIFT = -5.13 SWET = 264.84 KINX = 30.47
LCLP = 908.39 PWAT = 42.39 TOTL = 51.60 CAPE = 1464.95
LCLT = 292.75 CINS = -51.28 EQLV = 226.10 LFCT = 728.18
BRCH = 50.15

PRES TMPC TMWC DWPC THTE DRCT SKNT OMEG
CFRL HGHT
990.60 26.94 22.73 21.01 348.40 205.77 6.25 0.10
0.00 221.84
987.60 27.44 22.68 20.72 348.60 204.72 13.48 0.20
0.00 248.76
982.20 27.54 22.45 20.34 348.43 204.82 17.11 0.20
0.00 297.47
972.70 27.44 21.95 19.63 347.73 208.19 21.39 0.30
0.00 383.78
958.90 26.44 21.26 19.03 346.95 210.47 22.98 0.40
0.00 510.41
941.10 24.94 20.46 18.48 346.37 211.45 23.45 0.40
0.00 675.74
919.80 23.14 19.44 17.76 345.57 213.83 22.69 0.40
0.00 876.60
896.60 21.34 18.10 16.56 343.89 221.45 19.95 0.40
0.00 1099.31
871.50 19.94 16.64 14.99 342.26 242.84 16.59 0.30
0.00 1345.38
843.50 17.94 15.16 13.70 341.27 264.43 16.01 0.20
0.00 1626.61
812.60 15.84 13.24 11.76 339.40 275.84 17.19 0.00
0.00 1945.62
778.80 13.84 10.30 7.99 335.03 273.90 17.13 -0.20
0.00 2305.86
742.10 12.04 6.72 2.40 329.97 257.40 16.92 -0.40
0.00 2711.90
702.70 9.64 3.70 -2.06 327.90 264.07 15.03 -0.50
0.00 3166.89
660.30 6.64 2.07 -2.37 330.85 261.33 11.60 -0.40
0.00 3680.81
615.00 2.14 -0.95 -4.23 331.21 259.05 12.28 -0.30
0.00 4259.85
567.30 -3.26 -5.91 -9.56 328.26 282.15 12.92 -0.10
0.00 4905.56
521.10 -7.76 -10.57 -15.74 327.15 309.29 11.05 0.00
0.00 5572.15
479.40 -11.46 -13.26 -16.74 330.38 300.58 14.90 0.10
0.00 6216.41
442.10 -14.66 -16.78 -22.01 331.74 292.41 20.38 0.20
0.00 6833.76
408.50 -18.56 -21.03 -29.99 331.73 296.57 21.29 0.30
0.00 7427.73
378.10 -22.86 -25.49 -42.51 331.44 292.41 20.38 0.40
0.00 7999.35
350.70 -27.36 -29.32 -44.90 332.40 294.35 20.26 0.50
0.00 8545.61
326.00 -31.36 -32.72 -44.69 333.96 292.25 23.08 0.50
0.00 9066.85
303.70 -35.26 -36.39 -50.72 334.90 283.27 24.55 0.40
0.00 9564.35
283.60 -39.16 -40.07 -57.08 335.67 275.15 23.80 0.30
0.00 10037.29
265.60 -42.36 -43.11 -63.02 337.21 270.42 26.42 0.20
0.00 10483.36
248.70 -44.46 -45.10 -63.51 340.48 264.74 31.80 0.10
0.00 10925.48
233.50 -45.86 -46.46 -66.97 344.50 260.54 37.80 0.00
0.00 11346.36
219.60 -47.66 -48.18 -67.41 347.82 258.19 38.89 0.00
0.00 11753.08
205.70 -50.06 -50.48 -67.88 350.61 257.50 36.81 -0.10
0.00 12182.38
191.70 -52.56 -52.92 -73.19 353.68 258.62 32.50 -0.10
0.00 12640.09
177.70 -54.86 -55.15 -73.70 357.66 259.16 27.89 -0.10
0.00 13127.21
163.80 -57.66 -57.88 -74.24 361.39 260.25 25.23 -0.10
0.00 13644.31
149.80 -60.66 -60.82 -74.84 365.57 261.38 25.93 -0.10
0.00 14203.96
135.90 -63.46 -9999.00 -9999.00 -9999.00 261.31 30.85 0.00
0.00 14805.67
121.90 -65.46 -9999.00 -9999.00 -9999.00 265.41 31.57 0.00
0.00 15469.79
108.00 -64.36 -9999.00 -9999.00 -9999.00 273.51 22.18 0.00
0.00 16207.77
94.00 -62.06 -9999.00 -9999.00 -9999.00 264.43 8.00 0.00
0.00 17060.95
81.00 -61.66 -9999.00 -9999.00 -9999.00 242.88 8.95 0.00
0.00 17981.53
70.60 -59.46 -9999.00 -9999.00 -9999.00 280.44 7.50 0.00
0.00 18836.66
62.20 -58.86 -9999.00 -9999.00 -9999.00 360.00 0.39 0.00
0.00 19630.13
54.30 -58.36 -9999.00 -9999.00 -9999.00 354.81 4.29 0.00
0.00 20483.13
46.90 -57.46 -9999.00 -9999.00 -9999.00 31.26 12.72 0.00
0.00 21406.18
40.10 -55.16 -9999.00 -9999.00 -9999.00 60.95 14.01 0.00
0.00 22400.41
33.80 -53.16 -9999.00 -9999.00 -9999.00 87.36 12.65 0.00
0.00 23496.01
27.80 -51.16 -9999.00 -9999.00 -9999.00 74.44 15.93 0.00
0.00 24760.15
22.30 -46.46 -9999.00 -9999.00 -9999.00 62.78 22.94 0.00
0.00 26207.79
17.10 -41.96 -9999.00 -9999.00 -9999.00 73.42 26.55 0.00
0.00 27987.06
12.30 -40.66 -9999.00 -9999.00 -9999.00 71.57 21.50 0.00
0.00 30223.00

STID = KMKE STNM = 726400 TIME = 200809/0300 
SLAT = 42.95 SLON = -87.90 SELV = 212.0
STIM = 7

SHOW = -3.64 LIFT = -4.32 SWET = 274.15 KINX = 30.82
LCLP = 918.74 PWAT = 42.44 TOTL = 52.06 CAPE = 1216.90
LCLT = 292.80 CINS = -91.18 EQLV = 236.28 LFCT = 690.12
BRCH = 33.86

PRES TMPC TMWC DWPC THTE DRCT SKNT OMEG
CFRL HGHT
990.80 26.04 22.40 20.88 346.89 201.80 6.27 0.10
0.00 221.81
987.80 26.64 22.35 20.55 347.10 202.62 15.15 0.20
0.00 248.65
982.30 26.84 22.13 20.15 347.02 203.66 18.88 0.30
0.00 298.11
972.90 27.14 21.59 19.20 346.14 206.77 23.72 0.40
0.00 383.35
959.10 26.24 20.91 18.55 345.37 207.97 24.84 0.50
0.00 509.82
941.30 24.74 19.97 17.80 344.28 209.19 24.69 0.60
0.00 674.95
920.00 23.34 18.78 16.61 342.80 213.98 21.54 0.70
0.00 875.67
896.80 21.94 17.62 15.49 341.92 229.69 16.82 0.70
0.00 1098.50
871.70 20.34 16.68 14.85 342.38 251.31 13.95 0.80
0.00 1344.86
843.70 18.24 15.49 14.06 342.44 271.64 13.60 0.70
0.00 1626.39
812.80 15.84 13.53 12.24 340.41 281.89 15.09 0.70
0.00 1945.54
778.90 13.54 10.71 8.93 336.38 273.09 14.39 0.60
0.00 2306.69
742.30 11.94 6.86 2.79 330.35 254.05 15.56 0.40
0.00 2711.35
702.80 9.54 3.56 -2.29 327.52 261.14 15.13 0.20
0.00 3167.25
660.40 6.54 1.73 -3.10 329.91 258.52 12.68 0.10
0.00 3680.86
615.10 2.14 -1.12 -4.64 330.76 256.53 14.18 0.00
0.00 4259.63
567.40 -3.26 -5.82 -9.29 328.47 270.75 14.76 -0.10
0.00 4905.23
521.20 -7.26 -10.33 -15.96 327.62 300.51 12.63 -0.10
0.00 5572.32
479.50 -11.86 -12.89 -14.74 331.13 295.71 17.46 0.00
0.00 6216.64
442.20 -14.96 -16.31 -19.27 332.68 297.05 20.49 0.10
0.00 6833.17
408.60 -18.96 -20.79 -26.58 332.21 302.60 19.83 0.20
0.00 7426.32
378.10 -23.06 -25.06 -34.60 332.29 302.62 17.29 0.40
0.00 7999.17
350.70 -27.36 -29.05 -40.20 332.89 297.41 17.72 0.50
0.00 8545.28
326.00 -31.36 -32.74 -45.12 333.92 288.77 21.13 0.50
0.00 9066.54
303.70 -35.46 -36.59 -51.47 334.58 277.59 20.57 0.40
0.00 9563.83
283.60 -39.06 -40.00 -58.54 335.77 266.93 21.79 0.30
0.00 10036.66
265.60 -41.86 -42.65 -63.02 337.94 260.04 25.84 0.20
0.00 10483.31
248.70 -43.86 -44.54 -63.51 341.37 258.42 32.91 0.10
0.00 10926.49
233.50 -45.46 -46.07 -63.98 345.15 259.14 39.16 -0.10
0.00 11348.29
219.60 -47.46 -48.00 -67.41 348.13 260.09 40.62 -0.20
0.00 11755.55
205.70 -50.26 -50.67 -67.88 350.29 261.66 37.49 -0.20
0.00 12184.85
191.70 -52.76 -53.11 -73.19 353.36 263.88 32.83 -0.20
0.00 12642.16
177.70 -55.16 -55.44 -73.70 357.17 263.40 28.75 -0.20
0.00 13128.71
163.80 -57.86 -58.07 -74.24 361.05 260.06 27.02 -0.10
0.00 13645.22
149.80 -60.96 -61.11 -74.84 365.05 257.82 27.62 0.00
0.00 14204.21
135.90 -63.86 -63.97 -75.48 370.22 258.97 31.47 0.10
0.00 14804.93
121.90 -64.76 -9999.00 -9999.00 -9999.00 267.49 31.12 0.10
0.00 15469.53
108.00 -62.96 -9999.00 -9999.00 -9999.00 276.28 21.31 0.00
0.00 16211.23
94.00 -62.56 -9999.00 -9999.00 -9999.00 263.52 8.61 -0.10
0.00 17066.24
81.00 -62.86 -9999.00 -9999.00 -9999.00 254.48 10.88 0.00
0.00 17983.11
70.60 -60.66 -9999.00 -9999.00 -9999.00 280.71 7.32 0.00
0.00 18833.42
62.20 -59.36 -9999.00 -9999.00 -9999.00 90.00 2.33 0.00
0.00 19623.73
54.30 -58.26 -9999.00 -9999.00 -9999.00 30.65 6.10 0.00
0.00 20475.94
46.90 -56.36 -9999.00 -9999.00 -9999.00 52.33 13.99 0.00
0.00 21401.56
40.10 -53.86 -9999.00 -9999.00 -9999.00 70.51 13.38 0.00
0.00 22401.30
33.80 -52.56 -9999.00 -9999.00 -9999.00 66.80 10.35 0.00
0.00 23501.64
27.80 -50.76 -9999.00 -9999.00 -9999.00 59.90 15.50 0.00
0.00 24768.65
22.30 -47.56 -9999.00 -9999.00 -9999.00 67.94 24.32 0.00
0.00 26214.02
17.10 -44.06 -9999.00 -9999.00 -9999.00 82.62 27.23 0.00
0.00 27980.86
12.30 -41.16 -9999.00 -9999.00 -9999.00 70.56 28.01 0.00
0.00 30204.26

STID = KMKE STNM = 726400 TIME = 200809/0400 
SLAT = 42.95 SLON = -87.90 SELV = 212.0
STIM = 8

SHOW = -4.18 LIFT = -4.18 SWET = 287.36 KINX = 29.08
LCLP = 927.37 PWAT = 41.53 TOTL = 52.89 CAPE = 1111.25
LCLT = 292.83 CINS = -183.84 EQLV = 236.78 LFCT = 648.07
BRCH = 23.19

PRES TMPC TMWC DWPC THTE DRCT SKNT OMEG
CFRL HGHT
991.60 25.34 22.13 20.77 345.60 205.82 6.68 0.10
0.00 221.78
988.70 25.94 22.11 20.49 345.95 202.57 16.20 0.20
0.00 247.63
983.20 26.14 21.95 20.17 346.10 202.32 19.95 0.20
0.00 296.94
973.80 26.74 21.52 19.26 345.69 204.81 25.47 0.30
0.00 381.94
959.90 25.94 20.81 18.54 344.86 206.38 26.67 0.30
0.00 509.07
942.10 24.64 19.78 17.55 343.39 206.76 25.89 0.30
0.00 673.94
920.80 23.54 18.33 15.78 340.89 210.78 21.25 0.30
0.00 874.46
897.60 22.34 17.44 14.99 341.09 226.10 14.30 0.30
0.00 1097.25
872.50 20.54 16.89 15.08 343.05 245.92 10.00 0.20
0.00 1343.62
844.40 18.24 15.69 14.39 343.12 270.00 8.35 0.10
0.00 1626.04
813.40 16.14 13.31 11.71 339.52 270.00 8.55 0.10
0.00 1946.12
779.50 14.54 9.90 6.73 333.59 251.22 10.26 0.00
0.00 2307.63
742.90 13.34 6.18 -0.22 328.14 259.18 13.44 0.10
0.00 2713.36
703.40 10.84 3.75 -3.38 327.84 276.67 15.05 0.10
0.00 3170.83
660.90 7.34 1.84 -3.78 330.07 275.38 16.59 0.20
0.00 3687.06
615.60 2.34 -1.22 -5.15 330.39 279.76 18.34 0.10
0.00 4266.36
567.80 -3.46 -5.84 -9.05 328.35 280.70 17.79 0.10
0.00 4912.79
521.50 -7.66 -10.21 -14.66 327.85 293.29 16.71 0.00
0.00 5580.21
479.70 -11.96 -12.65 -13.86 331.58 286.65 19.66 0.00
2.00 6225.23
442.30 -15.16 -15.67 -16.69 333.94 295.79 19.19 0.10
0.00 6842.98
408.70 -19.06 -20.08 -22.83 333.53 304.70 18.43 0.30
0.00 7435.80
378.20 -22.96 -24.65 -31.78 333.01 299.40 15.83 0.40
0.00 8008.60
350.70 -27.06 -28.44 -35.93 333.97 291.94 15.07 0.50
0.00 8557.14
326.00 -31.16 -32.38 -41.80 334.54 287.20 17.07 0.50
0.00 9078.97
303.70 -35.26 -36.35 -49.38 334.98 272.25 19.83 0.30
0.00 9576.70
283.60 -38.76 -39.66 -54.73 336.33 260.04 25.84 0.10
0.00 10050.04
265.60 -41.66 -42.42 -59.06 338.32 259.32 31.43 0.00
0.00 10497.17
248.70 -44.16 -44.82 -63.51 340.92 263.76 35.76 -0.20
0.00 10940.26
233.50 -45.86 -46.46 -66.97 344.50 266.24 38.54 -0.20
0.00 11361.41
219.60 -47.86 -48.37 -67.41 347.51 265.82 39.92 -0.20
0.00 11767.95
205.70 -50.46 -50.86 -67.88 349.98 265.81 37.20 -0.20
0.00 12196.68
191.70 -52.96 -53.30 -73.19 353.04 265.68 33.51 -0.20
0.00 12653.57
177.70 -55.16 -55.44 -73.70 357.17 263.58 31.27 -0.10
0.00 13139.91
163.80 -57.76 -57.98 -74.24 361.22 260.30 31.14 0.00
0.00 13656.54
149.80 -60.96 -61.11 -74.84 365.05 259.23 32.23 0.10
0.00 14215.66
135.90 -63.66 -63.77 -75.48 370.58 261.38 32.42 0.10
0.00 14816.66
121.90 -64.26 -9999.00 -9999.00 -9999.00 274.06 30.19 0.10
0.00 15482.38
108.00 -62.86 -9999.00 -9999.00 -9999.00 285.40 19.76 0.00
0.00 16225.14
94.00 -63.26 -9999.00 -9999.00 -9999.00 257.80 7.36 0.00
0.00 17078.93
81.00 -62.86 -9999.00 -9999.00 -9999.00 257.77 11.93 0.00
0.00 17994.28
70.60 -59.96 -9999.00 -9999.00 -9999.00 281.69 5.75 0.00
0.00 18845.99
62.20 -59.36 -9999.00 -9999.00 -9999.00 104.93 3.01 0.00
0.00 19637.60
54.30 -57.56 -9999.00 -9999.00 -9999.00 29.98 5.83 0.00
0.00 20491.20
46.90 -55.56 -9999.00 -9999.00 -9999.00 60.26 14.10 0.00
0.00 21420.03
40.10 -54.46 -9999.00 -9999.00 -9999.00 73.07 14.01 0.00
0.00 22420.23
33.80 -53.66 -9999.00 -9999.00 -9999.00 61.19 13.31 0.00
0.00 23516.32
27.80 -50.96 -9999.00 -9999.00 -9999.00 62.13 19.11 0.00
0.00 24779.61
22.30 -47.56 -9999.00 -9999.00 -9999.00 80.04 25.84 0.00
0.00 26224.34
17.10 -43.66 -9999.00 -9999.00 -9999.00 83.26 24.84 0.00
0.00 27992.73
12.30 -40.86 -9999.00 -9999.00 -9999.00 72.11 32.25 0.00
0.00 30219.51

STID = KMKE STNM = 726400 TIME = 200809/0500 
SLAT = 42.95 SLON = -87.90 SELV = 212.0
STIM = 9

SHOW = -3.98 LIFT = -3.75 SWET = 273.40 KINX = 29.27
LCLP = 935.38 PWAT = 40.50 TOTL = 52.57 CAPE = 990.79
LCLT = 292.92 CINS = -226.24 EQLV = 236.01 LFCT = 638.04
BRCH = 19.00

PRES TMPC TMWC DWPC THTE DRCT SKNT OMEG
CFRL HGHT
990.90 24.64 21.89 20.71 344.68 206.57 7.38 0.10
0.00 221.76
988.00 25.04 21.84 20.46 344.88 203.63 16.96 0.20
0.00 247.57
982.40 25.04 21.65 20.19 344.95 203.85 20.18 0.30
0.00 297.64
973.00 25.74 21.17 19.16 344.33 206.74 28.07 0.30
0.00 382.41
959.10 25.34 20.44 18.23 343.44 207.92 29.45 0.40
0.00 509.29
941.30 24.04 19.64 17.61 342.95 208.00 27.72 0.40
0.00 673.96
920.10 23.04 18.17 15.77 340.37 208.10 22.69 0.30
0.00 873.34
896.90 22.24 17.11 14.48 339.90 217.67 13.99 0.30
0.00 1096.05
871.80 20.34 16.80 15.03 342.80 227.82 8.39 0.20
0.00 1342.46
843.80 18.14 15.57 14.24 342.73 237.53 5.07 0.20
0.00 1623.92
812.80 16.24 12.94 11.03 338.31 235.18 5.44 0.10
0.00 1944.18
779.00 14.74 9.57 5.93 332.61 230.19 9.11 0.00
0.00 2304.97
742.40 13.34 6.20 -0.15 328.29 254.83 11.87 -0.10
0.00 2711.06
702.90 10.84 3.95 -2.83 328.47 275.55 14.04 -0.10
0.00 3168.87
660.60 7.54 1.74 -4.28 329.85 282.53 16.12 0.00
0.00 3683.16
615.30 2.34 -1.41 -5.63 329.96 285.14 17.11 0.20
0.00 4262.88
567.50 -3.36 -6.27 -10.44 327.40 287.24 17.70 0.20
0.00 4909.67
521.30 -7.96 -10.78 -16.07 326.67 296.57 16.51 0.00
0.00 5575.58
479.60 -11.56 -13.22 -16.41 330.41 293.28 18.18 0.00
0.00 6219.21
442.20 -15.16 -15.86 -17.27 333.59 295.44 17.64 0.10
100.00 6837.45
408.60 -19.16 -20.03 -22.31 333.67 299.84 15.23 0.10
18.00 7430.29
378.10 -22.86 -24.38 -30.41 333.53 288.18 13.69 0.20
0.00 8003.27
350.70 -26.86 -28.17 -34.99 334.42 275.88 13.29 0.20
0.00 8550.24
326.00 -31.16 -32.36 -41.49 334.58 278.34 14.72 0.10
0.00 9072.30
303.70 -35.26 -36.28 -47.67 335.10 269.38 18.07 0.10
0.00 9570.03
283.60 -39.16 -39.93 -51.31 335.91 258.34 25.00 0.00
0.00 10042.98
265.60 -42.46 -43.11 -56.36 337.24 261.03 29.90 -0.10
0.00 10488.96
248.70 -44.76 -45.37 -63.51 340.03 266.28 32.91 -0.10
0.00 10930.71
233.50 -46.66 -47.19 -63.98 343.33 270.62 35.94 -0.10
0.00 11350.57
219.60 -48.26 -48.75 -67.41 346.89 268.18 36.73 -0.10
0.00 11756.03
205.70 -50.46 -50.86 -67.88 349.98 265.94 35.64 -0.10
0.00 12184.38
191.70 -52.76 -53.11 -73.19 353.36 266.71 33.86 -0.10
0.00 12641.48
177.70 -55.16 -55.44 -73.70 357.17 267.61 32.65 -0.10
0.00 13128.04
163.80 -58.06 -58.27 -74.24 360.72 266.55 32.30 0.00
0.00 13644.31
149.80 -61.16 -61.31 -74.84 364.71 264.32 31.43 0.00
0.00 14202.77
135.90 -63.86 -63.97 -75.48 370.22 260.60 29.74 0.10
0.00 14803.21
121.90 -64.46 -64.57 -76.19 380.81 270.85 26.22 0.10
0.00 15468.29
108.00 -63.16 -9999.00 -9999.00 -9999.00 282.89 16.53 0.00
0.00 16210.17
94.00 -63.66 -9999.00 -9999.00 -9999.00 244.06 7.98 0.00
0.00 17062.54
81.00 -62.36 -9999.00 -9999.00 -9999.00 259.94 12.24 0.00
0.00 17978.10
70.60 -58.96 -9999.00 -9999.00 -9999.00 280.30 2.18 0.00
0.00 18832.83
62.20 -59.36 -9999.00 -9999.00 -9999.00 122.91 3.92 0.00
0.00 19626.30
54.30 -57.76 -9999.00 -9999.00 -9999.00 37.18 7.07 0.00
0.00 20479.50
46.90 -56.96 -9999.00 -9999.00 -9999.00 68.05 14.02 0.00
0.00 21404.90
40.10 -55.36 -9999.00 -9999.00 -9999.00 91.55 14.37 0.00
0.00 22399.83
33.80 -53.86 -9999.00 -9999.00 -9999.00 69.44 13.29 0.00
0.00 23493.17
27.80 -50.56 -9999.00 -9999.00 -9999.00 64.23 18.76 0.00
0.00 24757.02
22.30 -47.36 -9999.00 -9999.00 -9999.00 84.29 21.46 0.00
0.00 26203.69
17.10 -43.66 -9999.00 -9999.00 -9999.00 86.61 22.96 0.00
0.00 27972.86
12.30 -40.96 -49.64 -89.89 815.93 79.48 33.00 0.00
0.00 30199.16

STID = KMKE STNM = 726400 TIME = 200809/0600 
SLAT = 42.95 SLON = -87.90 SELV = 212.0
STIM = 10

SHOW = -3.43 LIFT = -2.52 SWET = 251.43 KINX = 29.17
LCLP = 938.53 PWAT = 38.84 TOTL = 51.70 CAPE = 707.59
LCLT = 292.57 CINS = -270.48 EQLV = 242.24 LFCT = 624.87
BRCH = 15.97

PRES TMPC TMWC DWPC THTE DRCT SKNT OMEG
CFRL HGHT
991.40 24.04 21.45 20.31 342.74 218.16 6.92 0.10
0.00 221.74
988.50 24.54 21.40 20.02 342.96 213.89 15.68 0.20
0.00 247.47
983.00 24.54 21.20 19.72 342.94 212.88 18.96 0.30
0.00 296.53
973.60 25.34 20.77 18.71 342.56 214.03 27.43 0.30
0.00 381.10
959.70 25.04 20.06 17.75 341.76 214.84 29.58 0.30
0.00 507.72
941.90 23.94 18.93 16.50 339.97 216.03 29.06 0.30
0.00 672.11
920.70 22.84 17.50 14.75 337.70 212.84 25.43 0.20
0.00 871.15
897.50 21.94 16.43 13.47 337.24 212.28 17.46 0.00
0.00 1093.43
872.40 20.24 16.34 14.34 340.95 220.73 9.23 -0.10
0.00 1339.41
844.30 18.04 15.46 14.12 342.24 213.69 4.90 -0.20
0.00 1621.54
813.30 16.04 13.10 11.42 338.80 208.61 4.88 -0.20
0.00 1941.46
779.50 14.54 9.58 6.10 332.56 219.47 8.55 -0.20
0.00 2301.80
742.80 12.94 6.31 0.55 328.58 249.72 9.52 -0.10
0.00 2708.38
703.30 10.74 4.07 -2.37 328.77 272.91 11.48 0.00
0.00 3165.60
660.80 7.54 1.79 -4.15 329.95 285.33 12.49 0.20
0.00 3682.03
615.50 2.34 -1.46 -5.75 329.81 287.72 14.69 0.30
0.00 4261.57
567.70 -3.26 -6.64 -11.78 326.51 296.26 16.24 0.20
0.00 4908.19
521.40 -7.86 -11.79 -20.76 324.51 300.84 15.15 0.10
0.00 5575.40
479.70 -11.16 -14.17 -21.23 328.41 293.03 16.88 0.10
0.00 6219.24
442.30 -15.06 -16.52 -19.83 332.23 298.91 14.86 0.10
0.00 6837.72
408.70 -18.96 -20.33 -24.26 333.05 293.68 12.08 0.10
0.00 7430.64
378.20 -22.66 -24.36 -31.35 333.52 270.87 12.82 0.10
0.00 8003.87
350.70 -26.66 -28.12 -35.93 334.51 259.51 16.01 0.10
0.00 8553.18
326.00 -31.16 -32.27 -40.34 334.73 260.11 16.96 0.00
0.00 9075.45
303.70 -35.46 -36.43 -47.16 334.85 261.70 18.84 -0.10
0.00 9572.98
283.60 -39.46 -40.27 -53.75 335.36 260.06 27.02 -0.10
0.00 10045.43
265.60 -42.96 -43.59 -57.61 336.46 263.49 29.14 -0.10
0.00 10490.65
248.80 -45.56 -46.10 -61.32 338.84 270.38 29.14 -0.10
0.00 10928.45
233.50 -46.76 -47.28 -63.98 343.18 270.98 33.99 0.00
0.00 11350.15
219.60 -48.46 -48.94 -67.41 346.59 273.00 37.16 0.00
0.00 11755.34
205.70 -50.86 -51.24 -67.88 349.35 270.64 34.77 0.00
0.00 12183.11
191.70 -53.16 -53.49 -73.19 352.72 269.65 32.25 0.00
0.00 12639.39
177.70 -55.46 -55.73 -73.70 356.68 267.16 31.31 0.10
0.00 13125.17
163.80 -58.06 -58.27 -74.24 360.72 264.71 31.60 0.10
0.00 13641.08
149.80 -60.96 -61.11 -74.84 365.05 261.45 30.05 0.10
0.00 14199.81
135.90 -63.66 -63.77 -75.48 370.58 257.04 27.70 0.00
0.00 14800.81
121.90 -64.76 -64.87 -76.19 380.26 266.79 24.32 0.00
0.00 15465.73
108.00 -64.26 -9999.00 -9999.00 -9999.00 280.86 14.43 0.00
0.00 16205.13
94.00 -64.56 -9999.00 -9999.00 -9999.00 229.40 8.95 0.00
0.00 17053.44
81.00 -62.36 -9999.00 -9999.00 -9999.00 251.57 11.05 0.00
0.00 17967.04
70.60 -58.96 -9999.00 -9999.00 -9999.00 128.66 1.24 0.00
0.00 18821.77
62.20 -59.56 -9999.00 -9999.00 -9999.00 139.40 1.79 0.00
0.00 19614.87
54.30 -57.56 -9999.00 -9999.00 -9999.00 45.00 6.59 0.00
0.00 20468.07
46.90 -56.36 -9999.00 -9999.00 -9999.00 77.47 12.53 0.00
0.00 21395.19
40.10 -54.86 -9999.00 -9999.00 -9999.00 89.01 11.27 0.00
0.00 22392.63
33.80 -53.46 -9999.00 -9999.00 -9999.00 58.20 11.42 0.00
0.00 23488.23
27.80 -50.76 -9999.00 -9999.00 -9999.00 62.18 15.81 0.00
0.00 24752.66
22.30 -47.76 -9999.00 -9999.00 -9999.00 91.43 15.54 0.00
0.00 26197.39
17.10 -45.06 -9999.00 -9999.00 -9999.00 93.81 23.37 0.00
0.00 27959.56
12.30 -42.36 -9999.00 -9999.00 -9999.00 79.76 32.77 0.00
0.00 30172.35

STID = KMKE STNM = 726400 TIME = 200809/0700 
SLAT = 42.95 SLON = -87.90 SELV = 212.0
STIM = 11

SHOW = -2.84 LIFT = -3.29 SWET = 228.67 KINX = 28.67
LCLP = 947.43 PWAT = 39.47 TOTL = 50.98 CAPE = 988.91
LCLT = 292.56 CINS = -195.91 EQLV = 235.57 LFCT = 638.83
BRCH = 28.42

PRES TMPC TMWC DWPC THTE DRCT SKNT OMEG
CFRL HGHT
991.50 23.24 21.11 20.15 341.32 226.33 5.91 0.10
0.00 221.71
988.60 23.84 21.09 19.86 341.66 219.61 14.63 0.20
0.00 247.38
983.10 24.04 20.97 19.59 341.97 218.85 17.97 0.20
0.00 296.32
973.70 25.24 20.90 18.96 343.09 218.66 26.13 0.20
0.00 380.80
959.80 24.74 20.66 18.85 344.27 219.26 28.85 0.10
0.00 507.37
942.00 23.34 20.09 18.63 344.71 222.86 29.41 0.10
0.00 671.63
920.80 22.14 18.49 16.74 341.56 226.47 26.79 0.10
0.00 870.42
897.50 21.44 16.14 13.25 336.19 221.35 19.41 0.00
0.00 1093.28
872.40 20.14 15.62 13.19 338.25 221.82 9.91 -0.10
0.00 1338.93
844.30 17.84 15.16 13.74 341.11 211.76 4.80 -0.30
0.00 1620.83
813.40 15.54 13.24 11.93 339.27 199.29 4.12 -0.40
0.00 1939.32
779.50 14.24 9.56 6.29 332.51 219.09 8.00 -0.40
0.00 2300.25
742.80 12.74 6.32 0.78 328.63 241.78 9.03 -0.30
0.00 2706.50
703.30 10.64 4.07 -2.26 328.77 262.57 9.01 -0.20
0.00 3163.49
660.90 7.44 1.82 -3.96 330.00 279.25 8.47 -0.10
0.00 3678.51
615.50 2.24 -1.24 -5.06 330.38 285.68 11.50 -0.10
0.00 4259.12
567.70 -3.36 -6.61 -11.51 326.57 290.27 13.46 0.00
0.00 4905.55
521.40 -7.76 -11.94 -21.95 324.17 286.53 12.98 0.10
0.00 5572.76
479.70 -11.26 -14.54 -22.81 327.64 281.31 14.86 0.10
0.00 6216.53
442.30 -15.16 -16.81 -20.70 331.67 286.53 12.98 0.10
0.00 6834.71
408.70 -19.06 -20.57 -25.05 332.61 277.72 11.56 0.00
0.00 7427.36
378.20 -22.86 -24.59 -31.93 333.11 258.07 14.10 0.00
0.00 8000.23
350.70 -26.96 -28.58 -38.34 333.70 255.68 18.84 0.00
0.00 8548.96
326.00 -31.46 -32.59 -41.19 334.20 256.96 18.94 0.00
0.00 9070.57
303.70 -35.76 -36.81 -50.03 334.23 258.19 21.83 0.00
0.00 9567.46
283.60 -39.76 -40.61 -57.08 334.81 258.41 23.19 0.00
0.00 10039.30
265.60 -42.86 -43.52 -59.06 336.57 263.05 24.07 0.10
0.00 10484.31
248.70 -45.16 -45.72 -61.32 339.48 269.22 28.36 0.10
0.00 10925.29
233.50 -46.86 -47.37 -63.98 343.03 276.04 33.22 0.20
0.00 11344.60
219.60 -48.46 -48.94 -67.41 346.59 269.02 34.19 0.20
0.00 11749.70
205.70 -50.56 -50.96 -67.88 349.82 264.81 34.32 0.10
0.00 12177.76
191.70 -52.66 -53.01 -73.19 353.52 264.22 32.81 0.10
0.00 12634.86
177.70 -55.16 -55.44 -73.70 357.17 263.74 32.05 0.00
0.00 13121.53
163.80 -57.96 -58.17 -74.24 360.88 264.51 30.44 0.00
0.00 13637.92
149.80 -60.66 -60.82 -74.84 365.57 260.88 26.96 0.00
0.00 14197.17
135.90 -63.26 -63.38 -75.48 371.28 254.78 25.16 0.00
0.00 14799.17
121.90 -64.66 -64.77 -76.19 380.44 264.72 23.21 0.00
0.00 15464.89
108.00 -64.56 -9999.00 -9999.00 -9999.00 271.43 15.54 0.00
0.00 16203.93
94.00 -64.56 -9999.00 -9999.00 -9999.00 233.84 12.51 0.00
0.00 17051.63
81.00 -62.36 -9999.00 -9999.00 -9999.00 253.66 11.73 0.00
0.00 17965.23
70.60 -59.86 -9999.00 -9999.00 -9999.00 111.80 3.15 0.00
0.00 18818.15
62.20 -59.76 -9999.00 -9999.00 -9999.00 119.74 1.57 0.00
0.00 19609.21
54.30 -57.56 -9999.00 -9999.00 -9999.00 81.87 8.24 0.00
0.00 20462.01
46.90 -56.16 -9999.00 -9999.00 -9999.00 99.75 12.61 0.00
0.00 21389.56
40.10 -53.96 -9999.00 -9999.00 -9999.00 82.33 10.20 0.00
0.00 22389.53
33.80 -51.66 -9999.00 -9999.00 -9999.00 53.84 12.51 0.00
0.00 23491.87
27.80 -49.86 -9999.00 -9999.00 -9999.00 67.43 16.20 0.00
0.00 24764.03
22.30 -47.56 -9999.00 -9999.00 -9999.00 87.21 15.95 0.00
0.00 26212.30
17.10 -44.96 -9999.00 -9999.00 -9999.00 91.46 22.92 0.00
0.00 27975.65
12.30 -42.16 -9999.00 -9999.00 -9999.00 75.96 28.83 0.00
0.00 30189.88

STID = KMKE STNM = 726400 TIME = 200809/0800 
SLAT = 42.95 SLON = -87.90 SELV = 212.0
STIM = 12

SHOW = -1.90 LIFT = -3.79 SWET = 195.67 KINX = 28.25
LCLP = 953.96 PWAT = 40.45 TOTL = 49.78 CAPE = 1148.43
LCLT = 292.67 CINS = -122.89 EQLV = 230.62 LFCT = 652.77
BRCH = 48.70

PRES TMPC TMWC DWPC THTE DRCT SKNT OMEG
CFRL HGHT
991.20 22.74 20.96 20.14 340.73 227.86 5.50 0.10
0.00 220.81
988.20 23.44 21.00 19.90 341.35 225.00 14.28 0.20
0.00 247.34
982.70 23.74 20.95 19.69 341.94 225.00 17.58 0.20
0.00 296.25
973.30 24.64 21.27 19.80 344.74 227.44 25.85 0.30
0.00 380.66
959.40 24.34 21.12 19.73 346.31 228.13 27.64 0.30
0.00 507.12
941.50 23.04 20.33 19.12 345.78 227.86 27.51 0.30
0.00 672.25
920.30 21.44 19.09 17.99 344.05 229.92 25.64 0.20
0.00 870.91
897.10 20.74 16.72 14.64 338.45 231.61 19.08 0.10
0.00 1092.54
872.00 19.94 14.99 12.21 336.02 223.49 10.45 0.10
0.00 1337.95
844.00 17.74 14.68 13.01 339.38 201.80 5.23 0.00
0.00 1618.71
813.00 15.14 13.19 12.08 339.18 184.40 5.07 -0.10
0.00 1938.04
779.20 13.74 9.64 6.83 332.85 208.81 8.88 -0.20
0.00 2297.56
742.50 12.14 6.27 1.27 328.57 223.53 10.72 -0.20
0.00 2703.24
703.00 10.14 3.90 -2.12 328.38 240.26 9.40 -0.20
0.00 3159.58
660.60 7.04 1.69 -3.81 329.73 257.66 6.37 -0.20
0.00 3674.01
615.30 2.04 -1.05 -4.34 330.92 271.15 9.71 -0.20
0.00 4253.00
567.50 -3.56 -6.37 -10.40 327.19 275.62 11.91 -0.10
0.00 4899.27
521.30 -7.66 -11.69 -20.92 324.71 271.76 12.63 0.10
0.00 5565.17
479.60 -11.06 -13.98 -20.63 328.82 271.53 14.57 0.20
0.00 6209.51
442.20 -14.86 -16.59 -20.63 332.11 280.38 14.02 0.20
0.00 6828.47
408.60 -18.96 -20.80 -26.69 332.17 274.97 13.46 0.10
0.00 7421.70
378.10 -23.06 -24.92 -33.36 332.54 259.14 14.43 0.00
0.00 7994.55
350.70 -27.26 -29.17 -43.61 332.65 263.93 18.36 0.00
0.00 8540.77
326.00 -31.66 -33.23 -51.68 333.07 259.88 22.11 0.00
0.00 9061.78
303.70 -35.86 -37.01 -54.16 333.89 256.32 23.00 0.00
0.00 9558.33
283.60 -39.46 -40.34 -57.08 335.24 259.82 23.10 -0.10
0.00 10030.36
265.60 -42.56 -43.27 -60.81 336.96 266.69 23.54 -0.10
0.00 10475.94
248.70 -44.96 -45.56 -63.51 339.73 274.46 27.47 0.00
0.00 10917.40
233.50 -46.76 -47.28 -63.98 343.18 271.41 31.66 0.10
0.00 11336.98
219.60 -48.86 -49.31 -67.41 345.97 264.75 36.09 0.10
0.00 11741.82
205.70 -50.66 -51.05 -67.88 349.66 264.19 34.56 0.00
0.00 12169.40
191.70 -52.66 -53.01 -73.19 353.52 265.26 32.94 0.00
0.00 12626.39
177.70 -55.36 -55.63 -73.70 356.84 266.80 31.33 -0.10
0.00 13112.84
163.80 -58.26 -58.46 -74.24 360.38 268.05 28.57 -0.10
0.00 13628.63
149.80 -60.86 -61.02 -74.84 365.22 261.93 24.92 -0.10
0.00 14187.23
135.90 -63.56 -63.68 -75.48 370.75 249.29 24.71 0.00
0.00 14788.52
121.90 -65.36 -65.46 -76.19 379.17 255.07 24.13 0.00
0.00 15452.64
108.00 -64.76 -9999.00 -9999.00 -9999.00 258.69 16.84 0.00
0.00 16190.09
94.00 -64.06 -9999.00 -9999.00 -9999.00 232.97 13.87 0.00
0.00 17038.40
81.00 -61.46 -9999.00 -9999.00 -9999.00 258.06 10.33 0.00
0.00 17955.05
70.60 -59.76 -9999.00 -9999.00 -9999.00 122.01 1.83 0.00
0.00 18809.98
62.20 -58.86 -9999.00 -9999.00 -9999.00 311.99 2.62 0.00
0.00 19602.89
54.30 -57.16 -9999.00 -9999.00 -9999.00 77.80 7.36 0.00
0.00 20458.28
46.90 -56.16 -9999.00 -9999.00 -9999.00 99.46 9.46 0.00
0.00 21386.69
40.10 -54.56 -9999.00 -9999.00 -9999.00 71.20 9.63 0.00
0.00 22385.28
33.80 -51.76 -9999.00 -9999.00 -9999.00 60.15 13.66 0.00
0.00 23485.87
27.80 -49.26 -9999.00 -9999.00 -9999.00 74.51 16.72 0.00
0.00 24759.45
22.30 -46.96 -9999.00 -9999.00 -9999.00 76.14 15.40 0.00
0.00 26211.61
17.10 -44.96 -9999.00 -9999.00 -9999.00 78.45 18.43 0.00
0.00 27977.28
12.30 -42.56 -9999.00 -9999.00 -9999.00 82.83 27.99 0.00
0.00 30189.59

STID = KMKE STNM = 726400 TIME = 200809/0900 
SLAT = 42.95 SLON = -87.90 SELV = 212.0
STIM = 13

SHOW = -1.48 LIFT = -3.01 SWET = 187.05 KINX = 27.42
LCLP = 962.07 PWAT = 37.96 TOTL = 49.59 CAPE = 919.64
LCLT = 292.90 CINS = -214.00 EQLV = 242.36 LFCT = 641.21
BRCH = 56.69

PRES TMPC TMWC DWPC THTE DRCT SKNT OMEG
CFRL HGHT
991.00 22.24 20.88 20.23 340.41 215.31 5.71 0.10
0.00 221.68
988.00 22.84 20.97 20.11 341.24 216.71 14.30 0.20
0.00 248.16
982.60 23.24 21.01 20.00 342.22 218.76 17.68 0.30
0.00 296.11
973.10 24.14 21.21 19.92 344.51 226.30 24.18 0.40
0.00 381.30
959.20 24.14 20.44 18.77 343.43 226.27 24.73 0.40
0.00 507.61
941.40 23.04 19.41 17.72 342.02 223.09 24.73 0.50
0.00 671.69
920.20 21.84 18.15 16.34 340.30 222.85 21.99 0.50
0.00 870.33
897.00 21.14 16.15 13.45 336.33 219.24 15.05 0.50
0.00 1092.13
871.90 20.24 14.74 11.58 335.13 196.46 8.92 0.50
0.00 1337.77
843.90 17.94 14.23 12.15 337.78 173.83 7.23 0.50
0.00 1618.72
812.90 15.94 11.94 9.45 334.85 189.27 9.63 0.50
0.00 1938.41
779.20 14.64 8.56 3.87 329.41 206.57 13.46 0.30
0.00 2297.59
742.60 12.64 5.93 -0.09 327.52 215.63 14.34 0.20
0.00 2702.89
703.10 10.14 3.71 -2.61 327.85 234.12 11.27 0.00
0.00 3159.46
660.70 7.04 1.70 -3.78 329.74 262.88 7.83 0.00
0.00 3673.80
615.30 1.94 -1.09 -4.34 330.80 276.71 13.31 -0.10
0.00 4253.92
567.60 -3.66 -6.32 -10.11 327.28 280.18 15.38 -0.10
0.00 4898.56
521.30 -7.96 -11.63 -19.66 324.87 276.34 15.83 0.00
0.00 5565.38
479.60 -11.16 -13.93 -20.12 328.93 274.88 15.99 0.00
0.00 6209.28
442.30 -15.06 -16.72 -20.63 331.83 283.20 16.16 0.00
0.00 6826.18
408.60 -19.46 -20.82 -24.87 332.18 279.02 12.39 0.00
0.00 7420.32
378.20 -23.66 -25.40 -33.52 331.68 254.74 11.07 0.00
0.00 7990.01
350.70 -27.46 -29.63 -51.96 331.83 256.45 16.59 0.00
0.00 8537.24
326.00 -31.96 -33.56 -54.68 332.53 247.38 20.20 0.10
0.00 9057.69
303.70 -36.26 -37.32 -52.28 333.41 244.38 21.11 0.10
0.00 9553.51
283.60 -39.26 -40.16 -57.08 335.52 255.34 21.48 0.20
0.00 10025.34
265.60 -41.76 -42.54 -60.81 338.13 265.78 23.76 0.10
0.00 10471.89
248.80 -44.06 -44.70 -61.32 341.08 268.46 28.96 0.10
0.00 10912.27
233.50 -47.06 -47.51 -60.07 342.82 265.60 35.45 0.10
0.00 11335.09
219.60 -49.36 -49.79 -67.41 345.20 261.96 36.09 0.00
0.00 11739.21
205.70 -51.16 -51.53 -67.88 348.88 261.64 34.75 0.00
0.00 12165.83
191.70 -53.06 -53.40 -73.19 352.88 262.45 32.54 0.00
0.00 12621.89
177.70 -55.56 -55.83 -73.70 356.51 264.14 30.46 0.00
0.00 13107.68
163.80 -58.36 -58.56 -74.24 360.21 266.71 27.04 0.00
0.00 13623.11
149.80 -60.96 -61.11 -74.84 365.05 262.00 23.74 0.00
0.00 14181.45
135.90 -63.56 -63.68 -75.48 370.75 250.17 25.19 0.00
0.00 14782.59
121.90 -65.26 -9999.00 -9999.00 -9999.00 253.64 25.51 0.00
0.00 15446.88
108.00 -64.66 -9999.00 -9999.00 -9999.00 252.47 19.35 0.00
0.00 16184.68
94.00 -64.06 -9999.00 -9999.00 -9999.00 237.31 15.46 0.00
0.00 17033.19
81.00 -62.36 -9999.00 -9999.00 -9999.00 265.68 10.33 0.00
0.00 17947.88
70.60 -60.76 -9999.00 -9999.00 -9999.00 123.69 0.70 0.00
0.00 18798.99
62.20 -59.06 -9999.00 -9999.00 -9999.00 343.30 2.02 0.00
0.00 19589.67
54.30 -57.36 -9999.00 -9999.00 -9999.00 92.86 7.77 0.00
0.00 20444.26
46.90 -56.16 -9999.00 -9999.00 -9999.00 105.75 7.87 0.00
0.00 21372.24
40.10 -54.76 -9999.00 -9999.00 -9999.00 66.14 11.05 0.00
0.00 22370.38
33.80 -52.06 -9999.00 -9999.00 -9999.00 72.61 16.90 0.00
0.00 23469.72
27.80 -49.36 -9999.00 -9999.00 -9999.00 84.81 19.31 0.00
0.00 24742.16
22.30 -46.76 -9999.00 -9999.00 -9999.00 78.82 17.04 0.00
0.00 26194.63
17.10 -44.26 -9999.00 -9999.00 -9999.00 68.82 16.67 0.00
0.00 27963.80
12.30 -42.26 -9999.00 -9999.00 -9999.00 79.33 27.27 0.00
0.00 30180.94

STID = KMKE STNM = 726400 TIME = 200809/1000 
SLAT = 42.95 SLON = -87.90 SELV = 212.0
STIM = 14

SHOW = -0.13 LIFT = -2.45 SWET = 156.77 KINX = 26.29
LCLP = 970.14 PWAT = 36.39 TOTL = 48.08 CAPE = 736.18
LCLT = 293.04 CINS = -244.38 EQLV = 247.14 LFCT = 635.46
BRCH = 82.06

PRES TMPC TMWC DWPC THTE DRCT SKNT OMEG
CFRL HGHT
991.70 21.74 20.74 20.25 339.76 223.45 5.09 0.10
0.00 221.66
988.80 22.34 20.87 20.18 340.72 220.24 13.23 0.20
0.00 247.19
983.20 22.74 20.94 20.11 341.83 220.67 16.39 0.20
0.00 296.80
973.80 23.74 20.88 19.61 343.05 228.37 21.06 0.30
0.00 380.90
959.90 23.84 20.13 18.44 342.08 229.51 20.94 0.30
0.00 506.95
942.10 22.84 19.05 17.24 340.45 224.64 21.56 0.30
0.00 670.73
920.80 21.94 17.83 15.78 338.99 223.05 20.20 0.20
0.00 870.09
897.60 21.34 15.88 12.86 335.25 218.78 13.95 0.10
0.00 1091.80
872.50 20.34 14.18 10.47 333.06 198.03 8.78 0.10
0.00 1337.31
844.50 18.24 13.32 10.35 334.46 178.67 8.35 0.00
0.00 1618.09
813.60 16.34 11.01 7.41 331.65 197.18 11.19 -0.10
0.00 1936.66
779.80 14.64 8.39 3.48 328.79 207.55 15.11 -0.10
0.00 2296.71
743.10 12.44 5.84 -0.11 327.19 214.65 16.06 -0.10
0.00 2702.66
703.50 9.64 3.42 -2.79 327.02 230.53 12.84 0.00
0.00 3159.53
661.10 6.74 1.59 -3.71 329.39 257.47 7.17 0.00
0.00 3672.83
615.70 2.04 -1.18 -4.66 330.51 278.88 12.59 0.10
0.00 4252.36
567.90 -3.56 -6.35 -10.35 327.16 286.63 15.62 0.10
0.00 4898.18
521.50 -7.96 -11.49 -19.00 325.13 279.81 15.97 0.20
0.00 5566.26
479.80 -11.06 -13.75 -19.62 329.25 267.10 15.37 0.20
0.00 6210.06
442.40 -15.06 -16.83 -21.05 331.60 263.66 12.32 0.20
0.00 6828.53
408.70 -19.46 -21.09 -26.28 331.63 243.43 9.56 0.10
0.00 7422.50
378.20 -23.46 -25.84 -40.39 330.84 241.88 12.78 0.10
0.00 7994.14
350.80 -27.56 -29.85 -63.98 331.37 247.29 18.10 0.00
0.00 8539.35
326.00 -32.26 -33.75 -51.68 332.24 240.83 19.13 0.00
0.00 9061.39
303.70 -35.86 -36.99 -53.18 333.93 248.81 20.42 0.00
0.00 9557.31
283.70 -38.66 -39.64 -58.54 336.31 262.15 22.75 0.00
0.00 10027.71
265.60 -41.26 -42.03 -57.61 338.95 266.99 25.87 0.00
0.00 10477.73
248.80 -44.56 -45.04 -54.84 340.55 269.26 29.91 0.10
0.00 10918.12
233.50 -47.46 -47.91 -61.80 342.17 264.16 34.36 0.00
0.00 11340.11
219.60 -49.46 -49.88 -67.41 345.04 262.91 36.21 0.00
0.00 11743.77
205.70 -51.06 -51.43 -67.88 349.04 262.01 34.91 0.00
0.00 12170.39
191.70 -52.96 -53.30 -73.19 353.04 261.44 32.61 0.00
0.00 12626.67
177.70 -55.46 -55.73 -73.70 356.68 262.79 30.94 0.00
0.00 13112.67
163.80 -58.26 -58.46 -74.24 360.38 264.41 27.91 -0.10
0.00 13628.35
149.80 -60.86 -61.02 -74.84 365.22 258.06 24.42 -0.10
0.00 14186.94
135.90 -63.56 -63.68 -75.48 370.75 248.84 25.84 -0.10
0.00 14788.23
121.90 -65.26 -9999.00 -9999.00 -9999.00 248.52 25.47 0.00
0.00 15452.52
108.00 -64.86 -9999.00 -9999.00 -9999.00 243.68 20.59 0.00
0.00 16189.96
94.00 -64.06 -9999.00 -9999.00 -9999.00 241.01 16.43 0.00
0.00 17038.07
81.00 -62.46 -9999.00 -9999.00 -9999.00 253.44 7.50 0.10
0.00 17952.54
70.60 -60.56 -9999.00 -9999.00 -9999.00 148.67 5.23 0.00
0.00 18803.85
62.20 -58.56 -9999.00 -9999.00 -9999.00 75.96 2.41 0.00
0.00 19595.83
54.30 -57.16 -9999.00 -9999.00 -9999.00 79.00 7.13 0.00
0.00 20451.82
46.90 -55.76 -9999.00 -9999.00 -9999.00 53.13 5.83 0.00
0.00 21381.08
40.10 -54.36 -9999.00 -9999.00 -9999.00 50.31 11.87 0.00
0.00 22381.05
33.80 -51.96 -9999.00 -9999.00 -9999.00 72.23 15.91 0.00
0.00 23481.65
27.80 -49.96 -9999.00 -9999.00 -9999.00 88.60 15.93 0.00
0.00 24752.65
22.30 -48.66 -9999.00 -9999.00 -9999.00 87.17 15.75 0.00
0.00 26197.06
17.10 -45.36 -9999.00 -9999.00 -9999.00 77.01 18.14 0.00
0.00 27954.57
12.30 -42.06 -9999.00 -9999.00 -9999.00 80.08 28.21 0.00
0.00 30167.37

STID = KMKE STNM = 726400 TIME = 200809/1100 
SLAT = 42.95 SLON = -87.90 SELV = 212.0
STIM = 15

SHOW = 0.73 LIFT = -2.89 SWET = 139.00 KINX = 24.47
LCLP = 972.72 PWAT = 36.93 TOTL = 47.07 CAPE = 802.27
LCLT = 292.92 CINS = -227.43 EQLV = 240.59 LFCT = 636.51
BRCH = 106.94

PRES TMPC TMWC DWPC THTE DRCT SKNT OMEG
CFRL HGHT
992.30 21.44 20.54 20.09 338.87 225.00 5.77 0.10
0.00 221.64
989.30 21.94 20.67 20.06 339.83 225.57 13.87 0.20
0.00 248.01
983.80 22.14 20.70 20.02 340.77 225.92 17.04 0.30
0.00 296.62
974.40 22.74 20.62 19.65 341.87 233.03 22.61 0.30
0.00 380.44
960.50 22.74 20.37 19.30 342.99 238.78 22.49 0.20
0.00 506.00
942.70 22.04 19.58 18.44 342.51 239.04 19.25 0.20
0.00 669.24
921.40 20.94 18.14 16.77 340.11 237.67 18.16 0.20
0.00 867.97
898.10 20.44 16.38 14.23 337.03 235.45 14.39 0.30
0.00 1089.90
873.00 19.94 14.18 10.72 332.98 219.81 7.60 0.30
0.00 1334.82
844.90 18.34 12.61 8.94 331.98 187.35 6.08 0.30
0.00 1616.25
814.00 16.44 10.53 6.37 330.06 198.03 8.78 0.40
0.00 1934.64
780.20 14.54 8.24 3.24 328.29 208.47 13.03 0.40
0.00 2294.44
743.50 12.44 5.80 -0.21 327.02 217.33 14.41 0.50
0.00 2700.08
703.90 9.94 3.38 -3.30 326.79 231.34 12.43 0.60
0.00 3156.91
661.40 6.84 1.58 -3.86 329.31 245.14 8.78 0.50
0.00 3671.49
615.90 2.14 -1.38 -5.30 329.94 266.73 13.62 0.30
0.00 4252.23
568.10 -3.66 -5.89 -8.90 328.17 278.33 16.10 0.10
0.00 4897.86
521.70 -8.06 -10.69 -15.50 326.80 267.21 15.95 -0.10
0.00 5565.64
479.90 -11.06 -13.70 -19.41 329.33 250.64 15.23 -0.10
0.00 6210.78
442.50 -15.16 -17.01 -21.55 331.22 240.85 11.56 -0.20
0.00 6828.99
408.80 -19.86 -21.49 -26.89 330.88 225.76 10.30 -0.20
0.00 7422.22
378.30 -23.66 -26.03 -41.05 330.48 249.44 11.62 -0.20
0.00 7993.02
350.80 -27.96 -30.10 -55.35 331.00 252.78 14.43 -0.10
0.00 8539.48
326.10 -32.36 -33.81 -50.86 332.12 247.69 16.38 0.00
0.00 9058.82
303.70 -35.56 -36.75 -54.16 334.31 257.05 19.93 0.10
0.00 9557.10
283.70 -38.16 -39.15 -55.83 337.11 258.33 24.01 0.20
0.00 10028.30
265.60 -41.16 -41.87 -54.30 339.22 263.14 26.03 0.10
0.00 10478.89
248.80 -44.86 -45.37 -56.89 340.02 264.87 30.42 0.10
0.00 10919.09
233.50 -47.56 -48.01 -61.80 342.01 264.09 33.97 0.10
0.00 11340.71
219.60 -49.36 -49.76 -64.44 345.24 262.76 35.45 0.10
0.00 11744.38
205.70 -50.86 -51.24 -67.88 349.35 262.79 34.07 0.00
0.00 12171.29
191.70 -52.86 -53.20 -73.19 353.20 261.17 31.64 0.00
0.00 12627.87
177.70 -55.36 -55.63 -73.70 356.84 260.17 29.56 -0.10
0.00 13114.10
163.80 -58.16 -58.37 -74.24 360.55 259.18 26.90 -0.10
0.00 13630.01
149.80 -61.06 -61.21 -74.84 364.88 250.82 23.66 -0.10
0.00 14188.48
135.90 -63.86 -63.97 -75.48 370.22 247.02 26.38 0.00
0.00 14789.05
121.90 -64.86 -9999.00 -9999.00 -9999.00 245.56 25.82 0.00
0.00 15453.49
108.00 -63.96 -9999.00 -9999.00 -9999.00 241.35 21.46 0.00
0.00 16193.24
94.00 -63.26 -9999.00 -9999.00 -9999.00 246.10 16.78 0.00
0.00 17044.80
81.00 -62.46 -9999.00 -9999.00 -9999.00 254.05 7.07 0.00
0.00 17961.02
70.60 -61.06 -9999.00 -9999.00 -9999.00 182.05 5.44 0.00
0.00 18811.32
62.20 -59.06 -9999.00 -9999.00 -9999.00 56.31 0.70 0.00
0.00 19601.45
54.30 -57.46 -9999.00 -9999.00 -9999.00 67.07 5.48 0.00
0.00 20455.84
46.90 -56.06 -9999.00 -9999.00 -9999.00 45.00 7.69 0.00
0.00 21383.82
40.10 -54.86 -9999.00 -9999.00 -9999.00 52.97 13.87 0.00
0.00 22381.95
33.80 -52.76 -9999.00 -9999.00 -9999.00 70.35 17.33 0.00
0.00 23479.30
27.80 -50.46 -9999.00 -9999.00 -9999.00 88.55 15.35 0.00
0.00 24746.59
22.30 -48.46 -9999.00 -9999.00 -9999.00 84.36 15.81 0.00
0.00 26190.03
17.10 -44.76 -9999.00 -9999.00 -9999.00 70.99 18.49 0.00
0.00 27950.65
12.30 -41.86 -9999.00 -9999.00 -9999.00 81.51 26.32 0.00
0.00 30167.30

STID = KMKE STNM = 726400 TIME = 200809/1200 
SLAT = 42.95 SLON = -87.90 SELV = 212.0
STIM = 16

SHOW = 0.99 LIFT = -2.94 SWET = 131.07 KINX = 23.28
LCLP = 964.40 PWAT = 36.07 TOTL = 47.03 CAPE = 604.98
LCLT = 292.84 CINS = -299.36 EQLV = 252.95 LFCT = 616.67
BRCH = 131.66

PRES TMPC TMWC DWPC THTE DRCT SKNT OMEG
CFRL HGHT
991.80 22.04 20.76 20.14 339.80 229.18 5.65 0.10
0.00 220.79
988.80 21.94 20.57 19.92 339.52 230.77 12.30 0.20
0.00 247.20
983.30 21.74 20.38 19.73 339.56 232.19 14.26 0.30
0.00 295.79
973.90 22.54 20.12 18.99 339.91 241.52 20.77 0.30
0.00 379.55
960.00 22.74 19.52 18.00 339.61 244.12 21.81 0.30
0.00 505.06
942.10 21.74 19.41 18.31 341.90 247.20 18.55 0.20
0.00 669.17
920.90 20.44 18.54 17.62 341.76 243.43 15.21 0.20
4.00 866.85
897.60 20.34 16.36 14.26 337.05 236.59 10.94 0.20
1.00 1088.73
872.50 20.04 14.06 10.43 332.64 205.11 6.86 0.20
0.00 1333.77
844.50 18.54 12.18 7.95 330.61 187.31 7.63 0.20
0.00 1614.43
813.60 16.84 10.12 5.15 328.77 198.74 11.48 0.10
0.00 1933.20
779.80 14.74 8.00 2.49 327.61 208.84 15.31 0.10
0.00 2293.45
743.20 12.54 5.64 -0.73 326.60 217.87 15.50 0.20
0.00 2698.32
703.60 10.24 3.32 -3.85 326.66 230.41 13.11 0.10
0.00 3155.61
661.20 6.94 1.39 -4.49 328.83 244.44 9.91 0.10
0.00 3669.47
615.80 2.34 -1.72 -6.47 329.08 270.00 13.40 0.00
0.00 4249.29
567.90 -3.76 -5.70 -8.25 328.65 278.79 19.08 0.00
0.00 4896.52
521.50 -8.66 -10.10 -12.43 328.12 266.51 15.97 0.00
0.00 5563.83
479.80 -11.06 -13.97 -20.62 328.78 248.34 14.22 0.00
0.00 6206.98
442.40 -15.26 -17.34 -22.71 330.60 240.75 11.13 0.00
0.00 6825.14
408.70 -20.06 -21.88 -28.34 330.19 239.59 10.35 0.00
0.00 7418.11
378.20 -23.96 -26.21 -40.08 330.22 257.47 10.74 0.00
0.00 7988.47
350.80 -28.06 -30.16 -54.07 330.91 249.86 12.41 0.10
0.00 8532.59
326.00 -32.16 -33.64 -50.86 332.42 248.20 15.70 0.10
0.00 9054.22
303.70 -35.06 -36.31 -54.16 335.02 255.20 21.29 0.10
0.00 9551.07
283.70 -38.16 -39.03 -51.31 337.32 259.13 24.73 0.00
0.00 10022.77
265.60 -41.66 -42.26 -51.87 338.61 263.48 27.37 0.10
0.00 10472.90
248.80 -45.16 -45.65 -56.89 339.57 265.46 29.43 0.10
0.00 10912.34
233.50 -47.86 -48.32 -63.98 341.51 263.66 31.66 0.10
0.00 11333.40
219.60 -49.66 -50.05 -64.44 344.78 260.21 33.12 0.00
0.00 11736.52
205.70 -51.16 -51.53 -67.88 348.88 258.36 32.73 0.00
0.00 12162.86
191.70 -53.06 -53.40 -73.19 352.88 257.09 31.29 -0.10
0.00 12618.93
177.70 -55.56 -55.83 -73.70 356.51 256.33 29.58 -0.10
0.00 13104.71
163.80 -58.46 -58.66 -74.24 360.04 255.47 27.10 -0.10
0.00 13620.03
149.80 -61.66 -61.80 -74.84 363.85 250.41 24.34 -0.10
0.00 14177.31
135.90 -64.36 -64.46 -75.48 369.34 248.51 26.52 0.00
0.00 14776.32
121.90 -64.96 -9999.00 -9999.00 -9999.00 244.22 25.45 0.00
0.00 15439.81
108.00 -64.06 -9999.00 -9999.00 -9999.00 238.67 20.92 0.00
0.00 16179.21
94.00 -63.76 -9999.00 -9999.00 -9999.00 248.75 15.02 0.00
0.00 17029.54
81.00 -62.76 -9999.00 -9999.00 -9999.00 255.96 6.41 0.00
0.00 17944.02
70.60 -60.66 -9999.00 -9999.00 -9999.00 195.42 5.85 0.00
0.00 18794.52
62.20 -59.46 -9999.00 -9999.00 -9999.00 59.04 1.13 0.00
0.00 19584.65
54.30 -58.96 -9999.00 -9999.00 -9999.00 67.83 5.67 0.00
0.00 20435.27
46.90 -57.56 -9999.00 -9999.00 -9999.00 66.97 8.45 0.00
0.00 21356.81
40.10 -56.26 -9999.00 -9999.00 -9999.00 65.12 14.78 0.00
0.00 22348.30
33.80 -53.56 -9999.00 -9999.00 -9999.00 78.08 17.87 0.00
0.00 23440.14
27.80 -50.56 -9999.00 -9999.00 -9999.00 97.46 16.45 0.00
0.00 24704.85
22.30 -47.36 -9999.00 -9999.00 -9999.00 83.96 16.61 0.00
0.00 26151.52
17.10 -44.06 -9999.00 -9999.00 -9999.00 75.00 22.51 0.00
0.00 27919.13
12.30 -42.56 -9999.00 -9999.00 -9999.00 82.04 28.05 0.00
0.00 30135.79

STID = KMKE STNM = 726400 TIME = 200809/1300 
SLAT = 42.95 SLON = -87.90 SELV = 212.0
STIM = 17

SHOW = 0.87 LIFT = -2.75 SWET = 138.66 KINX = 22.18
LCLP = 942.86 PWAT = 35.46 TOTL = 47.21 CAPE = 598.74
LCLT = 292.46 CINS = -342.67 EQLV = 259.10 LFCT = 615.26
BRCH = 253.44

PRES TMPC TMWC DWPC THTE DRCT SKNT OMEG
CFRL HGHT
991.50 23.54 21.18 20.12 341.59 218.16 6.92 0.10
0.00 222.60
988.60 23.14 20.92 19.90 340.93 216.19 9.87 0.10
0.00 248.25
983.10 22.64 20.64 19.72 340.65 218.05 11.34 0.20
0.00 297.03
973.70 21.94 20.13 19.28 340.00 222.55 16.08 0.20
0.00 380.85
959.80 22.44 19.58 18.23 339.88 223.60 16.90 0.20
0.00 506.22
942.00 21.94 18.88 17.41 339.82 224.52 16.34 0.20
0.00 669.38
920.70 20.44 18.36 17.35 341.08 222.51 12.65 0.10
0.00 868.03
897.50 20.14 16.35 14.35 337.03 210.17 9.65 0.00
4.00 1088.91
872.40 20.14 14.20 10.64 333.15 183.99 8.37 0.00
0.00 1333.96
844.40 18.74 12.28 8.01 330.96 183.50 9.54 0.00
0.00 1614.80
813.50 17.04 10.34 5.46 329.46 198.43 12.28 0.10
0.00 1933.84
779.70 15.14 8.23 2.65 328.29 213.69 14.01 0.20
0.00 2294.54
743.00 13.34 5.55 -1.93 326.29 225.00 14.01 0.30
0.00 2701.40
703.50 10.94 3.41 -4.52 326.86 237.91 13.52 0.30
0.00 3158.75
661.10 7.24 1.32 -5.07 328.64 251.82 13.69 0.10
0.00 3673.54
615.70 2.34 -1.88 -6.89 328.71 270.00 15.93 0.00
0.00 4253.71
567.90 -3.76 -5.70 -8.25 328.65 275.08 17.56 0.00
0.00 4899.62
521.50 -8.56 -10.13 -12.69 328.06 254.86 17.11 0.00
0.00 5567.05
479.70 -11.06 -14.48 -23.17 327.76 247.85 18.03 -0.10
0.00 6211.85
442.40 -15.46 -17.84 -24.54 329.63 246.47 13.13 -0.20
0.00 6828.09
408.70 -20.36 -21.97 -27.54 330.04 254.20 10.70 -0.20
0.00 7420.45
378.20 -24.36 -26.34 -37.60 330.02 262.23 8.62 -0.10
0.00 7990.04
350.80 -27.96 -30.12 -56.84 330.96 253.91 10.51 0.00
0.00 8533.85
326.00 -31.96 -33.51 -52.58 332.62 256.53 14.18 0.10
0.00 9055.79
303.70 -34.96 -36.13 -50.72 335.32 255.40 19.27 0.10
0.00 9552.96
283.70 -38.26 -39.05 -49.37 337.29 253.70 21.45 0.10
0.00 10024.67
265.60 -41.76 -42.39 -53.42 338.38 255.96 24.83 0.10
0.00 10474.60
248.80 -44.76 -45.40 -66.51 339.95 258.07 28.19 0.00
0.00 10914.32
233.50 -47.76 -48.22 -63.98 341.67 257.51 29.64 0.00
0.00 11335.84
219.60 -49.66 -50.05 -64.44 344.78 257.35 31.06 0.00
0.00 11739.05
205.70 -51.26 -51.62 -67.88 348.72 257.55 32.42 0.00
0.00 12165.30
191.70 -53.46 -53.75 -68.39 352.29 258.16 33.14 -0.10
0.00 12620.85
177.70 -56.26 -56.50 -73.70 355.37 258.55 31.31 -0.10
0.00 13105.41
163.80 -59.16 -59.34 -74.24 358.87 256.85 27.33 0.00
0.00 13619.06
149.80 -62.06 -62.19 -74.84 363.16 248.55 23.37 0.00
0.00 14174.91
135.90 -64.36 -9999.00 -9999.00 -9999.00 243.83 25.10 0.10
0.00 14773.35
121.90 -64.36 -9999.00 -9999.00 -9999.00 239.19 24.65 0.00
0.00 15437.79
108.00 -63.46 -9999.00 -9999.00 -9999.00 239.42 19.85 0.00
0.00 16179.31
94.00 -63.26 -9999.00 -9999.00 -9999.00 259.70 13.03 0.00
0.00 17031.88
81.00 -62.16 -9999.00 -9999.00 -9999.00 265.76 5.26 0.00
0.00 17948.75
70.60 -59.76 -9999.00 -9999.00 -9999.00 196.70 4.06 0.00
0.00 18802.28
62.20 -58.56 -9999.00 -9999.00 -9999.00 72.65 3.26 0.00
0.00 19595.74
54.30 -57.66 -9999.00 -9999.00 -9999.00 90.00 6.80 0.00
0.00 20450.73
46.90 -56.56 -9999.00 -9999.00 -9999.00 86.35 9.15 0.00
0.00 21377.21
40.10 -55.46 -9999.00 -9999.00 -9999.00 76.81 12.76 0.00
0.00 22372.82
33.80 -52.26 -9999.00 -9999.00 -9999.00 86.53 12.84 0.00
0.00 23469.92
27.80 -49.96 -9999.00 -9999.00 -9999.00 87.75 9.91 0.00
0.00 24740.06
22.30 -47.16 -9999.00 -9999.00 -9999.00 58.64 14.55 0.00
0.00 26189.31
17.10 -43.76 -9999.00 -9999.00 -9999.00 73.25 22.92 0.00
0.00 27958.87
12.30 -42.56 -9999.00 -9999.00 -9999.00 75.04 26.34 0.00
0.00 30176.97

STID = KMKE STNM = 726400 TIME = 200809/1400 
SLAT = 42.95 SLON = -87.90 SELV = 212.0
STIM = 18

SHOW = -0.81 LIFT = -3.77 SWET = 175.01 KINX = 23.36
LCLP = 929.60 PWAT = 37.33 TOTL = 49.41 CAPE = 906.98
LCLT = 292.73 CINS = -264.49 EQLV = 237.53 LFCT = 633.44
BRCH = 215.47

PRES TMPC TMWC DWPC THTE DRCT SKNT OMEG
CFRL HGHT
991.70 25.04 21.95 20.63 344.81 210.65 6.10 0.10
0.00 221.77
988.70 24.54 21.65 20.39 343.97 210.96 7.93 0.10
0.00 248.44
983.30 23.94 21.34 20.20 343.52 210.96 9.05 0.10
0.00 296.55
973.80 23.04 20.86 19.87 342.93 210.96 11.32 0.10
0.00 381.62
959.90 21.84 20.21 19.45 342.41 211.11 13.15 0.10
7.00 507.14
942.10 21.64 19.17 18.00 340.96 210.14 13.93 0.10
0.00 670.12
920.80 20.74 18.09 16.79 340.01 207.65 13.81 0.00
0.00 868.76
897.60 19.54 16.73 15.28 338.43 200.85 13.09 -0.20
7.00 1089.51
872.40 19.14 14.91 12.54 335.69 191.31 11.89 -0.30
0.00 1334.99
844.40 18.24 13.08 9.91 333.66 187.47 11.95 -0.30
0.00 1615.32
813.50 16.84 11.40 7.82 332.94 196.62 13.58 -0.20
0.00 1934.19
779.70 15.24 8.83 3.94 330.13 210.70 14.45 -0.10
0.00 2295.02
743.00 13.94 5.55 -2.67 326.24 222.92 15.11 0.00
0.00 2702.43
703.50 11.34 3.53 -4.73 327.13 238.67 15.70 0.00
0.00 3160.54
661.10 7.34 1.36 -5.11 328.72 260.07 15.77 -0.10
0.00 3675.77
615.70 2.24 -1.80 -6.54 328.91 268.78 18.26 -0.10
0.00 4255.95
567.90 -3.46 -5.54 -8.25 329.02 268.82 18.84 0.00
0.00 4902.12
521.50 -8.56 -9.81 -11.79 328.72 263.66 17.60 0.10
0.00 5569.97
479.70 -11.96 -14.49 -20.33 327.80 255.35 17.68 0.20
0.00 6213.78
442.40 -15.56 -18.27 -26.68 328.78 241.59 13.48 0.20
0.00 6828.86
408.70 -20.36 -21.99 -27.65 330.00 251.20 9.63 0.20
0.00 7421.07
378.20 -24.26 -26.37 -38.90 329.97 257.32 7.96 0.10
0.00 7990.76
350.80 -27.86 -30.08 -60.89 331.01 252.26 10.20 0.00
0.00 8534.77
326.00 -31.56 -33.19 -53.57 333.13 253.44 15.00 0.00
0.00 9057.25
303.70 -34.76 -35.85 -47.67 335.80 249.44 21.58 0.00
0.00 9555.04
283.60 -38.46 -39.19 -48.27 337.12 246.74 22.63 0.00
0.00 10029.21
265.60 -41.66 -42.42 -59.06 338.32 251.57 25.80 0.00
0.00 10476.64
248.80 -44.86 -45.49 -66.51 339.80 252.08 27.16 0.00
0.00 10916.35
233.50 -47.46 -47.94 -63.98 342.12 250.74 30.05 0.00
0.00 11338.05
219.60 -49.26 -49.69 -67.41 345.35 253.69 33.20 0.00
0.00 11741.89
205.70 -51.56 -51.91 -67.88 348.25 257.44 34.83 -0.10
0.00 12168.23
191.70 -54.26 -54.52 -68.39 351.00 257.18 33.28 0.00
0.00 12622.65
177.70 -56.66 -56.89 -73.70 354.71 253.06 30.67 0.00
0.00 13105.88
163.80 -58.96 -59.14 -74.24 359.21 250.56 28.01 0.00
0.00 13619.29
149.80 -61.56 -61.70 -74.84 364.02 244.63 24.94 0.00
0.00 14176.05
135.90 -63.86 -9999.00 -9999.00 -9999.00 242.89 27.27 0.00
0.00 14775.92
121.90 -64.46 -9999.00 -9999.00 -9999.00 243.04 25.27 0.00
0.00 15440.99
108.00 -63.66 -9999.00 -9999.00 -9999.00 247.65 18.90 0.00
0.00 16181.98
94.00 -63.26 -9999.00 -9999.00 -9999.00 266.37 12.26 0.00
0.00 17034.15
81.00 -61.86 -9999.00 -9999.00 -9999.00 253.30 6.08 0.00
0.00 17951.67
70.60 -59.46 -9999.00 -9999.00 -9999.00 225.00 4.12 0.00
0.00 18806.40
62.20 -57.96 -9999.00 -9999.00 -9999.00 59.74 2.70 0.00
0.00 19601.54
54.30 -56.86 -9999.00 -9999.00 -9999.00 111.54 7.94 0.00
0.00 20459.31
46.90 -56.76 -9999.00 -9999.00 -9999.00 101.07 9.11 0.00
0.00 21387.07
40.10 -55.36 -9999.00 -9999.00 -9999.00 84.81 12.88 0.00
0.00 22382.45
33.80 -52.96 -9999.00 -9999.00 -9999.00 90.00 13.40 0.00
0.00 23478.05
27.80 -50.06 -9999.00 -9999.00 -9999.00 72.47 11.62 0.00
0.00 24745.91
22.30 -46.16 -9999.00 -9999.00 -9999.00 67.96 17.60 0.00
0.00 26198.06
17.10 -43.26 -9999.00 -9999.00 -9999.00 74.25 23.62 0.00
0.00 27973.45
12.30 -42.26 -9999.00 -9999.00 -9999.00 66.50 29.23 0.00
0.00 30195.40

STID = KMKE STNM = 726400 TIME = 200809/1500 
SLAT = 42.95 SLON = -87.90 SELV = 212.0
STIM = 19

SHOW = -1.81 LIFT = -4.70 SWET = 214.81 KINX = 24.36
LCLP = 913.34 PWAT = 39.14 TOTL = 50.43 CAPE = 1292.28
LCLT = 292.72 CINS = -200.02 EQLV = 223.92 LFCT = 648.12
BRCH = 147.81

PRES TMPC TMWC DWPC THTE DRCT SKNT OMEG
CFRL HGHT
991.70 26.54 22.56 20.91 347.45 199.03 5.96 0.00
0.00 220.93
988.70 25.94 22.24 20.69 346.53 198.43 7.36 0.00
0.00 247.73
983.20 25.34 21.94 20.50 346.09 198.00 8.18 0.00
0.00 296.98
973.80 24.34 21.47 20.23 345.53 198.43 9.21 0.00
0.00 381.56
959.90 23.04 20.86 19.89 345.11 198.08 10.00 -0.10
0.00 507.64
942.10 21.64 19.78 18.91 343.40 199.90 11.99 -0.10
1.00 671.00
920.80 20.24 18.64 17.86 342.16 199.21 13.58 -0.20
10.00 869.58
897.50 19.34 17.13 16.02 339.98 197.22 14.43 -0.20
11.00 1091.13
872.40 18.64 15.41 13.66 337.49 192.94 14.74 -0.30
6.00 1335.46
844.30 17.94 13.75 11.31 336.00 190.57 14.82 -0.30
0.00 1616.56
813.40 16.94 12.17 9.21 335.52 195.45 15.31 -0.20
0.00 1935.53
779.50 15.84 9.28 4.41 331.53 207.20 15.73 -0.10
0.00 2298.05
742.90 14.64 5.45 -3.94 325.87 222.14 16.51 0.10
0.00 2705.32
703.40 11.74 3.85 -4.29 328.02 249.27 15.37 0.20
0.00 3164.34
661.00 7.44 1.27 -5.51 328.49 278.84 17.70 0.10
0.00 3680.11
615.70 2.34 -1.97 -7.14 328.49 286.81 19.48 0.00
0.00 4259.22
567.80 -3.56 -5.66 -8.43 328.76 288.02 16.96 -0.10
0.00 4906.74
521.50 -8.26 -9.12 -10.40 330.22 289.65 14.43 0.00
0.00 5573.52
479.70 -12.26 -13.49 -15.82 329.87 268.64 16.32 0.10
0.00 6217.55
442.30 -15.66 -18.16 -25.61 329.02 249.08 14.14 0.10
0.00 6834.03
408.70 -20.36 -22.06 -28.10 329.87 251.57 10.45 0.10
0.00 7424.44
378.20 -24.46 -26.36 -36.88 330.00 255.62 7.83 0.10
0.00 7993.91
350.80 -27.96 -30.10 -55.35 331.00 244.44 9.91 0.00
0.00 8537.61
326.00 -31.56 -33.15 -51.68 333.21 247.95 16.55 0.00
0.00 9059.99
303.70 -35.06 -36.09 -47.16 335.42 248.39 21.10 -0.10
0.00 9557.48
283.60 -38.86 -39.57 -48.81 336.51 245.39 22.86 -0.10
0.00 10030.94
265.60 -41.66 -42.44 -60.81 338.28 248.80 24.16 -0.10
0.00 10477.98
248.80 -44.76 -45.35 -61.32 340.04 244.34 27.37 -0.10
0.00 10917.79
233.50 -47.26 -47.75 -63.98 342.42 247.27 31.18 -0.10
0.00 11339.77
219.60 -49.46 -49.88 -67.41 345.04 253.27 33.06 -0.10
0.00 11743.62
205.70 -51.96 -52.29 -67.88 347.62 255.39 33.12 0.00
0.00 12169.38
191.70 -54.26 -54.55 -73.19 350.96 252.97 32.50 0.00
0.00 12623.38
177.70 -56.36 -56.60 -73.70 355.20 250.14 32.01 0.00
0.00 13106.94
163.80 -58.66 -58.85 -74.24 359.71 249.02 30.38 0.00
0.00 13621.07
149.80 -61.36 -61.50 -74.84 364.36 241.76 26.69 0.00
0.00 14178.49
135.90 -63.86 -9999.00 -9999.00 -9999.00 237.91 28.88 0.00
0.00 14778.63
121.90 -64.66 -9999.00 -9999.00 -9999.00 239.89 26.73 0.00
0.00 15443.39
108.00 -63.46 -9999.00 -9999.00 -9999.00 247.25 19.58 0.00
0.00 16184.38
94.00 -63.26 -9999.00 -9999.00 -9999.00 262.65 12.14 0.00
0.00 17036.96
81.00 -61.96 -9999.00 -9999.00 -9999.00 241.26 6.88 0.00
0.00 17954.26
70.60 -59.86 -9999.00 -9999.00 -9999.00 217.41 4.16 0.00
0.00 18807.99
62.20 -58.16 -9999.00 -9999.00 -9999.00 110.56 3.32 0.00
0.00 19602.01
54.30 -56.76 -9999.00 -9999.00 -9999.00 129.67 10.35 0.00
0.00 20459.59
46.90 -56.76 -9999.00 -9999.00 -9999.00 116.57 9.56 0.00
0.00 21387.56
40.10 -54.66 -9999.00 -9999.00 -9999.00 93.27 13.62 0.00
0.00 22384.55
33.80 -52.86 -9999.00 -9999.00 -9999.00 89.06 11.85 0.00
0.00 23482.14
27.80 -49.46 -9999.00 -9999.00 -9999.00 63.07 13.73 0.00
0.00 24752.01
22.30 -46.86 -9999.00 -9999.00 -9999.00 72.94 20.53 0.00
0.00 26203.83
17.10 -43.76 -9999.00 -9999.00 -9999.00 69.39 22.63 0.00
0.00 27974.56
12.30 -41.26 -9999.00 -9999.00 -9999.00 67.99 29.55 0.00
0.00 30198.93

STID = KMKE STNM = 726400 TIME = 200809/1600 
SLAT = 42.95 SLON = -87.90 SELV = 212.0
STIM = 20

SHOW = -2.84 LIFT = -5.77 SWET = 248.26 KINX = 24.23
LCLP = 902.67 PWAT = 41.29 TOTL = 50.97 CAPE = 1649.35
LCLT = 292.66 CINS = -2.11 EQLV = 208.70 LFCT = 890.24
BRCH = 130.73

PRES TMPC TMWC DWPC THTE DRCT SKNT OMEG
CFRL HGHT
991.20 27.44 22.89 21.03 348.97 194.47 6.22 0.00
0.00 221.85
988.30 26.84 22.58 20.82 348.06 193.32 7.60 0.00
0.00 247.86
982.80 26.24 22.31 20.67 347.74 190.78 8.31 0.00
0.00 297.28
973.40 25.34 21.89 20.43 347.38 191.07 9.11 -0.10
0.00 382.17
959.50 24.04 21.30 20.12 347.06 190.20 9.87 -0.20
0.00 508.74
941.60 22.44 20.56 19.72 346.76 190.68 10.47 -0.20
0.00 673.66
920.30 20.64 19.41 18.83 345.39 192.34 12.72 -0.20
6.00 872.84
897.10 19.04 18.06 17.56 343.65 194.22 15.03 -0.10
28.00 1093.74
871.90 17.44 16.44 15.91 341.44 194.04 16.03 -0.10
29.00 1338.77
843.90 16.64 14.29 12.99 338.03 191.85 16.08 0.00
12.00 1618.06
812.90 16.74 12.36 9.70 336.27 196.31 16.59 0.00
6.00 1937.56
779.10 15.94 9.56 4.94 332.48 208.03 16.94 0.00
2.00 2299.21
742.50 15.04 5.57 -4.12 326.22 220.75 16.67 0.00
0.00 2707.07
703.10 12.24 4.01 -4.46 328.49 266.70 10.12 0.10
0.00 3165.86
660.70 7.74 1.28 -5.87 328.56 304.65 16.06 0.10
0.00 3682.56
615.40 2.64 -1.51 -6.28 329.69 302.16 22.26 0.10
0.00 4262.59
567.70 -3.46 -5.53 -8.22 329.09 307.63 23.54 0.10
0.00 4908.16
521.30 -8.46 -9.29 -10.52 329.91 302.28 13.09 0.10
2.00 5576.45
479.60 -12.06 -12.81 -14.13 331.28 285.26 13.29 0.10
12.00 6219.18
442.20 -15.66 -17.59 -22.64 330.16 255.75 12.63 0.10
0.00 6836.17
408.60 -20.06 -21.88 -28.34 330.21 255.74 11.83 0.10
0.00 7427.12
378.10 -24.46 -26.24 -35.58 330.24 265.14 9.17 0.00
0.00 7997.09
350.70 -28.16 -30.14 -49.47 331.00 248.81 10.22 -0.10
0.00 8540.73
326.00 -31.86 -33.32 -48.76 332.95 257.32 15.93 -0.10
0.00 9060.56
303.70 -35.66 -36.61 -47.16 334.57 248.20 18.82 -0.10
0.00 9557.12
283.60 -38.96 -39.77 -52.06 336.16 241.77 20.94 -0.10
0.00 10029.88
265.60 -41.66 -42.47 -63.02 338.23 239.97 24.46 -0.10
0.00 10476.81
248.70 -44.86 -45.44 -61.32 339.93 241.77 29.99 -0.10
0.00 10919.23
233.50 -47.66 -48.13 -63.98 341.82 246.80 31.06 -0.10
0.00 11338.08
219.60 -50.06 -50.45 -67.41 344.12 251.45 30.54 -0.10
0.00 11741.02
205.70 -52.16 -52.48 -67.88 347.31 251.34 30.96 -0.10
0.00 12166.02
191.70 -54.36 -54.65 -73.19 350.80 249.04 32.03 0.00
0.00 12619.71
177.70 -56.56 -56.79 -73.70 354.88 248.07 32.25 0.00
0.00 13102.94
163.80 -58.76 -58.95 -74.24 359.54 247.52 30.48 0.00
0.00 13616.71
149.80 -61.06 -61.21 -74.84 364.88 240.51 27.23 0.00
0.00 14174.39
135.90 -63.46 -9999.00 -9999.00 -9999.00 235.68 29.64 0.00
0.00 14775.54
121.90 -64.26 -9999.00 -9999.00 -9999.00 245.62 27.29 0.00
0.00 15441.57
108.00 -63.66 -9999.00 -9999.00 -9999.00 255.70 20.45 0.00
0.00 16182.91
94.00 -63.96 -9999.00 -9999.00 -9999.00 254.20 10.70 0.00
0.00 17033.66
81.00 -62.16 -9999.00 -9999.00 -9999.00 222.09 8.12 0.00
0.00 17949.00
70.60 -59.16 -9999.00 -9999.00 -9999.00 196.50 5.48 0.00
0.00 18803.73
62.20 -57.36 -9999.00 -9999.00 -9999.00 136.55 5.09 0.00
0.00 19600.53
54.30 -56.76 -9999.00 -9999.00 -9999.00 141.58 7.19 0.00
0.00 20459.70
46.90 -56.56 -9999.00 -9999.00 -9999.00 93.01 3.69 0.00
0.00 21388.11
40.10 -54.26 -9999.00 -9999.00 -9999.00 77.91 11.13 0.00
0.00 22386.47
33.80 -53.26 -9999.00 -9999.00 -9999.00 86.93 10.90 0.00
0.00 23484.06
27.80 -50.26 -9999.00 -9999.00 -9999.00 67.66 15.33 0.00
0.00 24750.49
22.30 -47.26 -9999.00 -9999.00 -9999.00 75.96 22.42 0.00
0.00 26198.45
17.10 -43.46 -9999.00 -9999.00 -9999.00 73.25 22.92 0.00
0.00 27968.79
12.30 -40.66 -9999.00 -9999.00 -9999.00 67.35 29.25 0.00
0.00 30197.49

STID = KMKE STNM = 726400 TIME = 200809/1700 
SLAT = 42.95 SLON = -87.90 SELV = 212.0
STIM = 21

SHOW = -3.80 LIFT = -6.36 SWET = 279.99 KINX = 24.92
LCLP = 895.99 PWAT = 42.25 TOTL = 51.77 CAPE = 1940.82
LCLT = 292.78 CINS = -2.67 EQLV = 199.76 LFCT = 881.89
BRCH = 122.59

PRES TMPC TMWC DWPC THTE DRCT SKNT OMEG
CFRL HGHT
990.50 28.14 23.23 21.26 350.63 182.94 7.60 0.00
0.00 221.88
987.50 27.54 22.93 21.06 349.75 181.17 9.52 -0.10
0.00 248.87
982.10 26.84 22.62 20.90 349.26 181.06 10.49 -0.10
0.00 297.54
972.70 25.94 22.23 20.69 349.00 180.00 11.46 -0.20
0.00 382.68
958.80 24.64 21.64 20.38 348.67 180.00 12.43 -0.40
0.00 509.62
940.90 23.04 20.93 20.01 348.46 180.00 13.01 -0.40
0.00 675.01
919.70 21.14 20.04 19.52 348.11 180.00 13.60 -0.40
6.00 873.83
896.40 19.64 18.50 17.94 345.54 187.94 16.86 -0.40
31.00 1096.33
871.30 17.94 16.87 16.32 343.20 189.46 17.72 -0.20
28.00 1341.08
843.20 16.24 15.01 14.34 340.76 190.19 17.56 0.00
26.00 1621.75
812.30 15.94 12.49 10.44 336.84 199.70 16.71 0.20
17.00 1939.95
778.60 17.04 9.09 2.91 330.99 215.84 17.25 0.30
2.00 2300.92
742.10 15.64 5.47 -5.32 325.93 223.99 15.66 0.20
0.00 2708.95
702.70 12.34 4.01 -4.60 328.53 278.13 5.50 0.20
0.00 3168.50
660.40 7.94 1.60 -5.22 329.45 287.22 14.43 0.10
0.00 3684.54
615.10 2.74 -1.24 -5.69 330.43 295.26 19.11 0.00
0.00 4265.22
567.40 -3.36 -4.92 -6.84 330.56 303.54 20.05 -0.10
0.00 4911.48
521.10 -8.56 -9.82 -11.80 328.80 299.51 11.83 0.00
0.00 5578.64
479.40 -11.76 -12.91 -14.98 331.12 289.38 11.11 0.00
4.00 6221.79
442.10 -15.76 -17.01 -19.90 331.34 262.98 12.72 0.10
0.00 6837.59
408.50 -20.06 -21.45 -25.89 331.03 262.35 13.13 0.00
0.00 7428.68
378.10 -24.56 -26.00 -32.70 330.69 270.00 10.30 0.00
0.00 7996.80
350.70 -28.56 -30.17 -42.46 331.00 256.55 9.19 0.00
0.00 8539.95
326.00 -32.36 -33.57 -44.69 332.58 264.73 12.68 0.00
0.00 9058.84
303.70 -35.96 -36.78 -45.34 334.31 244.80 18.24 0.00
0.00 9554.60
283.60 -38.96 -39.80 -52.86 336.12 236.74 21.60 0.00
0.00 10027.05
265.60 -41.76 -42.51 -59.06 338.17 238.90 28.57 0.00
0.00 10473.90
248.70 -45.16 -45.72 -61.32 339.48 242.94 30.32 0.00
0.00 10915.93
233.50 -47.86 -48.32 -63.98 341.51 245.77 29.82 0.00
0.00 11334.32
219.60 -49.96 -50.36 -67.41 344.27 247.86 30.40 0.00
0.00 11737.17
205.70 -52.36 -52.68 -67.88 346.99 247.17 32.03 0.00
0.00 12162.07
191.70 -54.76 -55.03 -73.19 350.16 245.56 32.87 0.00
0.00 12615.15
177.70 -56.96 -57.18 -73.70 354.22 244.52 32.07 0.00
0.00 13097.49
163.80 -58.86 -59.05 -74.24 359.37 242.26 29.62 0.00
0.00 13610.66
149.80 -60.86 -61.02 -74.84 365.22 236.86 28.07 0.00
0.00 14168.47
135.90 -63.26 -9999.00 -9999.00 -9999.00 234.46 30.07 0.00
0.00 14770.19
121.90 -64.16 -9999.00 -9999.00 -9999.00 249.59 26.73 0.00
0.00 15436.70
108.00 -63.46 -9999.00 -9999.00 -9999.00 257.41 20.49 0.00
0.00 16178.57
94.00 -63.76 -9999.00 -9999.00 -9999.00 239.04 11.32 0.00
0.00 17030.13
81.00 -61.96 -9999.00 -9999.00 -9999.00 221.55 11.42 0.00
0.00 17946.35
70.60 -58.86 -9999.00 -9999.00 -9999.00 204.15 6.18 0.00
0.00 18802.08
62.20 -57.66 -9999.00 -9999.00 -9999.00 146.82 6.04 0.00
0.00 19598.89
54.30 -57.56 -9999.00 -9999.00 -9999.00 150.02 5.83 0.00
0.00 20455.86
46.90 -56.36 -9999.00 -9999.00 -9999.00 82.87 3.13 0.00
0.00 21382.99
40.10 -53.76 -9999.00 -9999.00 -9999.00 85.91 10.90 0.00
0.00 22382.95
33.80 -52.86 -9999.00 -9999.00 -9999.00 84.29 11.71 0.00
0.00 23482.80
27.80 -50.86 -9999.00 -9999.00 -9999.00 64.65 16.34 0.00
0.00 24748.66
22.30 -46.96 -9999.00 -9999.00 -9999.00 77.83 20.26 0.00
0.00 26195.65
17.10 -43.56 -9999.00 -9999.00 -9999.00 78.11 22.63 0.00
0.00 27966.76
12.30 -41.06 -9999.00 -9999.00 -9999.00 73.37 31.22 0.00
0.00 30193.05
STN YYMMDD/HHMM PMSL PRES SKTC STC1 SNFL WTNS
P01M C01M STC2 LCLD MCLD HCLD
SNRA UWND VWND R01M BFGR T2MS
Q2MS WXTS WXTP WXTZ WXTR USTM
VSTM HLCY SLLH WSYM CDBP VSBK
TD2M
726400 200808/2000 1016.90 992.50 36.14 309.30 -9999.00 0.00
-9999.00 -9999.00 308.10 17.00 2.00 0.00
-9999.00 -0.50 4.00 -9999.00 -9999.00 30.14
16.01 0.00 0.00 0.00 0.00 5.80
-4.70 43.90 -9999.00 999.00 -9999.00 20.00
20.96
726400 200808/2100 1016.30 991.90 34.64 307.80 0.00 100.00
0.00 0.00 307.10 21.00 0.00 0.00
-9999.00 -1.20 4.80 -9999.00 -9999.00 29.94
15.49 0.00 0.00 0.00 0.00 2.90
-3.30 91.70 -9999.00 999.00 -9999.00 0.12
20.43
726400 200808/2200 1015.10 990.70 33.24 306.40 0.00 100.00
0.00 0.00 305.90 17.00 0.00 0.00
-9999.00 -0.60 5.80 -9999.00 -9999.00 29.74
15.53 0.00 0.00 0.00 0.00 1.50
-1.30 160.10 -9999.00 999.00 -9999.00 20.00
20.45
726400 200808/2300 1015.30 990.90 31.74 304.90 0.00 100.00
0.00 0.00 304.70 4.00 0.00 0.00
-9999.00 0.80 4.40 -9999.00 -9999.00 29.84
15.63 0.00 0.00 0.00 0.00 0.90
-1.10 124.50 -9999.00 999.00 -9999.00 20.00
20.55
726400 200809/0000 1016.10 991.70 29.54 302.70 0.00 100.00
0.00 0.00 302.90 22.00 0.00 0.00
-9999.00 1.70 3.50 -9999.00 -9999.00 29.44
15.75 0.00 0.00 0.00 0.00 0.10
-0.50 78.80 -9999.00 999.00 -9999.00 20.00
20.69
726400 200809/0100 1016.70 992.30 26.94 300.10 0.00 100.00
0.00 0.00 300.60 2.00 0.00 0.00
-9999.00 1.30 2.80 -9999.00 -9999.00 27.74
15.98 0.00 0.00 0.00 0.00 -0.30
-0.90 77.20 -9999.00 999.00 -9999.00 20.00
20.93
726400 200809/0200 1016.10 991.70 25.44 298.60 0.00 100.00
0.00 0.00 299.00 0.00 0.00 0.00
-9999.00 1.30 2.80 -9999.00 -9999.00 26.24
16.20 0.00 0.00 0.00 0.00 -0.30
-0.30 90.60 -9999.00 999.00 -9999.00 20.00
21.14
726400 200809/0300 1016.40 991.90 24.54 297.70 0.00 100.00
0.00 0.00 298.10 0.00 0.00 0.00
-9999.00 1.40 2.90 -9999.00 -9999.00 25.34
16.07 0.00 0.00 0.00 0.00 -0.50
0.30 80.40 -9999.00 999.00 -9999.00 20.00
21.01
726400 200809/0400 1017.30 992.70 23.74 296.90 0.00 100.00
0.00 0.00 297.30 0.00 2.00 0.00
-9999.00 1.30 3.10 -9999.00 -9999.00 24.64
15.94 0.00 0.00 0.00 0.00 -0.60
-0.10 77.20 -9999.00 999.00 -9999.00 20.00
20.89
726400 200809/0500 1016.50 992.00 23.14 296.30 0.00 100.00
0.00 0.00 296.70 0.00 100.00 0.00
-9999.00 1.50 3.50 -9999.00 -9999.00 23.94
15.88 0.00 0.00 0.00 0.00 -1.40
0.90 63.20 -9999.00 999.00 -9999.00 20.00
20.82
726400 200809/0600 1017.10 992.50 22.64 295.80 0.00 100.00
0.00 0.00 296.10 0.00 0.00 0.00
-9999.00 2.00 2.90 -9999.00 -9999.00 23.44
15.47 0.00 0.00 0.00 0.00 -2.00
2.40 27.80 -9999.00 999.00 -9999.00 20.00
20.42
726400 200809/0700 1017.20 992.60 21.94 295.10 0.00 100.00
0.00 0.00 295.50 0.00 0.00 0.00
-9999.00 1.80 2.10 -9999.00 -9999.00 22.54
15.31 0.00 0.00 0.00 0.00 -2.20
3.60 31.80 -9999.00 999.00 -9999.00 20.00
20.26
726400 200809/0800 1016.90 992.20 21.44 294.60 0.00 100.00
0.00 0.00 295.00 0.00 0.00 0.00
-9999.00 1.70 1.80 -9999.00 -9999.00 21.94
15.28 0.00 0.00 0.00 0.00 -2.30
4.70 22.60 -9999.00 999.00 -9999.00 20.00
20.22
726400 200809/0900 1016.70 992.10 21.14 294.30 0.00 100.00
0.00 0.00 294.60 0.00 0.00 0.00
-9999.00 1.30 2.40 -9999.00 -9999.00 21.64
15.34 0.00 0.00 0.00 0.00 -2.40
3.40 24.70 -9999.00 999.00 -9999.00 20.00
20.28
726400 200809/1000 1017.40 992.80 20.64 293.80 0.00 100.00
0.00 0.00 294.20 0.00 0.00 0.00
-9999.00 1.50 2.00 -9999.00 -9999.00 21.14
15.31 0.00 0.00 0.00 0.00 -2.30
4.50 21.80 -9999.00 999.00 -9999.00 20.00
20.26
726400 200809/1100 1018.10 993.40 20.44 293.60 0.00 100.00
0.00 0.00 293.90 0.00 0.00 0.00
-9999.00 1.90 2.10 -9999.00 -9999.00 20.94
15.14 0.00 0.00 0.00 0.00 0.60
8.80 38.60 -9999.00 999.00 -9999.00 20.00
20.09
726400 200809/1200 1017.50 992.80 22.04 295.20 0.00 100.00
0.00 0.00 294.90 4.00 0.00 0.00
-9999.00 2.00 1.90 -9999.00 -9999.00 21.74
15.30 0.00 0.00 0.00 0.00 2.50
9.80 39.10 -9999.00 999.00 -9999.00 20.00
20.25
726400 200809/1300 1017.30 992.70 24.94 298.10 0.00 100.00
0.00 0.00 297.40 4.00 0.00 0.00
-9999.00 2.00 2.80 -9999.00 -9999.00 23.44
15.42 0.00 0.00 0.00 0.00 -1.90
1.40 35.10 -9999.00 999.00 -9999.00 20.00
20.37
726400 200809/1400 1017.30 992.80 28.04 301.20 0.00 100.00
0.00 0.00 300.10 7.00 0.00 0.00
-9999.00 1.50 2.70 -9999.00 -9999.00 25.24
16.00 0.00 0.00 0.00 0.00 1.20
-2.30 42.00 -9999.00 999.00 -9999.00 20.00
20.96
726400 200809/1500 1017.20 992.70 31.14 304.30 0.00 100.00
0.00 0.00 303.00 11.00 0.00 0.00
-9999.00 0.60 2.90 -9999.00 -9999.00 26.84
16.34 0.00 0.00 0.00 0.00 2.10
-3.90 73.50 -9999.00 999.00 -9999.00 20.00
21.29
726400 200809/1600 1016.80 992.30 32.94 306.10 0.00 100.00
0.00 0.00 304.90 29.00 12.00 0.00
-9999.00 0.00 3.20 -9999.00 -9999.00 27.84
16.43 0.00 0.00 0.00 0.00 1.00
-4.70 80.00 -9999.00 999.00 -9999.00 20.00
21.37
726400 200809/1700 1016.00 991.60 34.14 307.30 0.00 100.00
0.00 0.00 306.10 31.00 4.00 0.00
-9999.00 -1.00 4.10 -9999.00 -9999.00 28.64
16.65 0.00 0.00 0.00 0.00 -0.50
-3.30 75.30 -9999.00 999.00 -9999.00 20.00
21.57


